0 0 0 0 0 0
-3064 -2000 1142 17133 -2009 -23835
-3393 -2233 1316 17024 -411 -24890
-3715 -2346 1352 17227 1908 -26780
-4142 -2288 1399 18209 2703 -28666
-4094 -2101 1301 19399 1631 -29148
-3718 -1939 1208 21804 -1560 -28040
-3453 -1801 1090 23824 -4357 -26326
-3315 -1549 975 26984 -8623 -23346
-3406 -1321 1025 28890 -10144 -21716
-3567 -1145 1008 31329 -10560 -20382
-3846 -940 1053 32767 -9974 -20583
-4299 -670 1213 32767 -9932 -21333
-4439 -455 1264 32767 -11816 -22261
-4376 -113 1201 32646 -14422 -22205
-4212 67 1118 31895 -18554 -20714
-4014 288 908 31563 -20385 -19030
-3948 489 710 31690 -21079 -16042
-3967 932 280 32195 -20588 -14013
-4036 1279 29 32767 -19508 -11402
-4063 2015 -344 32767 -18498 -10128
-3972 2462 -658 32767 -16848 -8186
-3943 3008 -1218 32767 -16198 -5675
-4059 3443 -1943 32767 -16598 -2317
-4298 3633 -2669 32767 -15089 564
-4510 3795 -3334 32767 -5441 7097
-6538 -451 88 -32768 32767 32767
-6207 -1407 646 -32768 32767 32767
-6030 -1893 3003 -32768 32767 32767
-5618 -2023 2798 -32768 32767 32767
-5089 -2700 2111 -32768 32767 32767
-5088 -2727 1915 -32768 32767 32767
-4729 -2888 2089 -32768 32767 32767
-3984 -2770 2893 -28215 32767 32767
-3574 -2560 3412 -23330 32767 32767
-2910 -2412 3703 -21239 32767 32592
-2231 -2374 3498 -20329 32767 26466
-1870 -2479 3173 -18629 23543 18531
-1400 -2554 2405 -15227 17684 12575
-1159 -2590 1642 -11863 15953 9752
-1264 -2615 1254 -5784 14056 6650
-1560 -2634 927 -147 12907 4432
-1812 -2479 1000 2592 12376 2873
-2006 -2216 1121 4657 10252 468
-1962 -1817 1413 4206 7037 -694
-1622 -1397 1731 2801 5004 -369
-1291 -1134 1972 -197 3014 1581
-1167 -519 2258 -3065 1852 3224
-1325 -208 2428 -4609 1739 3161
-1552 79 2553 -6346 2365 1149
-1679 520 2613 -6921 2413 -875
-1624 863 2659 -7044 2600 -3915
-1467 1088 2797 -6847 3534 -5593
-1414 1153 2792 -5819 4595 -7114
-1488 1350 2801 -4706 4917 -7824
-1638 1481 2739 -2562 5618 -9099
-1807 1657 2613 -812 6322 -10133
-1889 1847 2517 1631 7788 -11612
-1842 1941 2504 3165 9681 -12383
-1824 2036 2520 3348 11764 -12791
-2043 2056 2466 2887 12978 -13105
-2195 1907 2309 1809 14288 -13582
-2425 1793 1931 1221 14274 -14015
-2504 1731 1837 845 11696 -15381
-2798 1763 1313 1252 3530 -17598
-2601 1778 939 2008 -7348 -19534
-2270 1668 801 2444 -12671 -20063
-1928 1619 662 2825 -15805 -19737
-1406 1418 407 3092 -14854 -19053
-1346 1350 410 3291 -9924 -18088
-1175 1123 517 3258 -3416 -17693
-1212 970 422 3591 -134 -18037
-1366 790 334 4770 1774 -19865
-1649 655 235 5841 710 -21899
-1718 660 143 7718 -3556 -25145
-1353 471 57 8970 -6655 -26663
-1213 391 64 10423 -9722 -27433
-875 150 154 11388 -10848 -26683
-754 23 160 11947 -11174 -25852
-722 -18 101 12934 -11245 -24492
-696 -92 35 13943 -10189 -23251
-611 -101 49 14766 -7896 -22094
-508 -133 176 15109 -6015 -21323
-464 -217 292 15440 -4088 -20301
-853 -306 303 15947 -5729 -20287
-1227 -361 374 16087 -8557 -21184
-1609 -331 573 15541 -13003 -23448
-1908 -273 686 14128 -15911 -25935
-1805 -316 817 12958 -16298 -26988
-1596 -313 885 11104 -14297 -26945
-1297 -274 828 10094 -10832 -24466
-710 -353 731 10119 -8512 -21611
-519 -420 754 11161 -5756 -16326
-354 -723 741 13478 -4800 -10856
-399 -891 859 16250 -5501 -7088
-1115 -1146 1123 17930 -6483 -6796
-1828 -1253 1257 19932 -8348 -10324
-2522 -1043 1482 20667 -9403 -14612
-2793 -774 1693 20549 -10005 -22219
-2631 -455 1948 19354 -9717 -28164
-2027 -465 2102 18422 -9501 -29943
-1319 -489 2226 17270 -9285 -29140
-1368 -448 2267 16867 -9032 -26431
-2009 -406 2383 16824 -8842 -25468
-2904 -227 2598 16601 -9567 -26133
-3618 51 2640 16287 -11798 -28696
-3839 251 2668 15936 -13156 -30547
-3698 475 2670 15532 -13826 -31823
-3683 596 2620 15675 -13143 -30982
-3780 713 2531 16262 -12039 -29444
-4398 563 2355 18005 -11407 -26733
-5216 471 2012 19741 -12660 -25395
-5368 573 1787 22491 -15330 -23513
-5252 1289 1457 24135 -16491 -21969
-5210 1558 1363 25742 -16041 -18978
-5122 1940 706 27293 -13078 -14610
-5298 1867 160 29024 -10188 -11105
-5696 1837 -893 32767 -5195 -5693
-6555 1599 -2377 32767 1683 -1248
-7592 1358 -3252 32767 7470 -283
-9677 329 -4685 32767 17005 -1311
-10412 -819 -5139 32767 25751 -596
-10087 -2019 -5115 32767 32767 10462
-10960 -2798 -4331 32767 32767 22653
-11857 -3486 -2838 1423 32767 32767
-11426 -5034 -2595 -26580 32767 32767
-9971 -5375 -3187 -32768 32767 32767
-9340 -5145 -3569 -32768 32767 32767
-9230 -5397 -4381 -32768 32767 32767
-9551 -5981 -5076 -32768 32767 32767
-10641 -2287 -5178 -32768 5090 4390
-10977 -8401 -2659 -32768 32767 32767
-9834 -8653 2582 -32768 32767 32767
-10184 -8672 3533 -32768 19150 32767
-8316 -8056 3813 -32768 -9421 32767
-6652 -7792 2802 -32768 -14752 32767
-4773 -7481 1577 -32768 -4938 32767
-4052 -7487 983 -19911 5463 32767
-3545 -7317 1080 -1837 17982 32767
-3241 -7076 1827 7663 25571 32767
-2354 -6995 2248 10264 27819 32767
-1495 -6689 2447 10787 30100 32767
-349 -6089 2390 10482 31260 32767
111 -5647 2171 10853 31249 32767
576 -4954 1850 12282 29271 26673
861 -4121 1642 13288 27409 20026
988 -3633 1590 14003 25461 10393
1190 -2949 1653 13671 24878 4754
1254 -2676 1783 12224 24123 -2081
1062 -2162 1695 10852 20907 -8333
313 -1460 1576 10045 17908 -13164
-260 -970 1578 8173 12831 -20732
-738 -99 1729 6155 10238 -24938
-983 712 1901 2429 8658 -28762
-1491 1338 1938 -1006 9078 -29925
-2674 1935 2000 -2684 9521 -30617
-3118 2077 2098 -4685 9364 -32135
-4197 2251 2320 -6036 6300 -32768
-4622 2208 2385 -6492 3489 -31912
-4502 1894 2321 -5813 -706 -27245
-4152 1717 1926 -4148 -3272 -23037
-4202 1738 1564 -245 -4121 -18370
-4664 1846 1298 3087 -2524 -17636
-4767 1978 1280 8078 1073 -19752
-4530 2443 1544 11454 3871 -22998
-3938 2300 1963 12333 4526 -24362
-3578 2246 2204 11622 2699 -24866
-3242 2159 2350 9421 -978 -24142
-2849 1975 2655 7528 -3153 -23522
-2832 1951 2634 4997 -7002 -23340
-2807 1826 2412 3751 -11469 -24151
-2469 1700 1877 3739 -14209 -24858
-2156 1609 1523 4819 -17618 -25407
-1827 1474 1156 7113 -19008 -25022
-1251 1177 515 9071 -18336 -24393
-1171 1103 384 12387 -15350 -23409
-1096 940 73 15474 -10778 -22983
-1041 777 179 16691 -7051 -22821
-963 588 380 17189 -1600 -22754
-1164 370 642 16681 633 -23193
-1594 288 923 14820 1351 -24910
-1733 267 1039 12140 -336 -27066
-1653 205 923 10479 -2953 -28017
-1454 92 725 8689 -8269 -27994
-1055 -195 439 7998 -11189 -27004
-888 -309 284 7792 -12959 -24665
-709 -359 13 8734 -12081 -21978
-619 -405 -273 9970 -10307 -20333
-637 -369 -353 12398 -6729 -18398
-726 -355 -389 15065 -3702 -17462
-1060 -370 -349 16738 -2668 -17489
-1129 -369 -313 18662 -2739 -18121
-1208 -466 -149 19579 -3678 -18847
-1267 -588 -38 19716 -4666 -19207
-1198 -670 58 19304 -5728 -19153
-1089 -924 122 18732 -6066 -18297
-1134 -1148 38 18544 -6208 -17628
-1347 -1273 -18 18653 -6553 -17225
-1722 -1481 -7 19022 -6716 -17722
-1966 -1603 39 19372 -6478 -18399
-2517 -1898 83 20099 -6239 -20067
-2790 -1917 113 20665 -6084 -21576
-2905 -1886 170 21343 -4843 -23862
-3104 -1798 377 21643 -2482 -26143
-3487 -1817 620 21617 -770 -27620
-3674 -1897 756 21726 1141 -29144
-3983 -1970 778 22322 1392 -29807
-4046 -1891 856 22659 649 -29816
-3947 -1798 919 22797 -1118 -28739
-3404 -1520 1007 22618 -2221 -27126
-3258 -1454 1026 22158 -3516 -23643
-2937 -1270 977 21944 -4856 -20128
-3016 -1015 1012 21837 -5492 -18636
-3158 -802 1017 21873 -6332 -17933
-3343 -619 1017 22049 -7176 -18299
-3590 -389 968 22292 -9445 -19629
-3786 -102 1058 22141 -11157 -20521
-3707 52 1118 21440 -13273 -20610
-3541 248 1185 20844 -13697 -19700
-3442 432 1203 20004 -12589 -17371
-3382 615 1198 19679 -11097 -15569
-3506 1039 1167 19538 -9351 -13856
-3554 1138 1159 19609 -7297 -11731
-3676 1439 1057 19988 -6678 -10072
-3670 1717 1057 20040 -6862 -8903
-3468 2046 1083 19831 -7288 -6582
-3353 2180 1066 19652 -7581 -4717
-4094 3356 -3064 29275 23079 26974
-4989 2972 -3615 23594 32600 32194
-5485 2605 -3867 14775 32767 32767
-6122 2035 -4185 6995 32767 32767
-6424 1542 -3979 -7536 32767 32767
-7098 634 -3758 -22348 32767 32767
-7350 -46 -3225 -31178 32767 32767
-7332 -305 -2954 -32768 32767 32767
-6979 -1141 -1755 -32768 32767 32767
-6772 -1772 94 -32768 32767 -12295
-6435 -906 2137 -32768 32767 32767
-5873 -1555 3893 -32768 32767 32767
-5679 -1317 3396 -32768 32767 32767
-5059 -1574 3017 -32768 32767 32767
-4547 -1672 2564 -32768 32767 32767
-4316 -1885 1871 -32768 32767 32767
-3871 -1923 2015 -32768 32767 32767
-3354 -2021 2117 -31276 32767 32767
-2934 -2204 2175 -21956 32767 32767
-2364 -2392 2225 -16856 32767 32767
-1915 -2455 2259 -11054 30765 32767
-1569 -2484 2281 -7094 25136 27913
-1368 -2497 2345 -4893 19412 22645
-1109 -2510 2436 -4057 16009 18899
-1039 -2177 2034 -2772 12068 12772
-998 -1949 1830 -987 11587 6505
-879 -1717 1690 359 13137 2891
-758 -1340 1647 2320 16818 -1395
-649 -1034 1664 3495 19015 -3371
-624 -924 1714 4707 19929 -5135
-866 -447 2066 4729 17881 -6753
-1212 -3 2350 4022 15083 -8122
-1316 142 2420 2017 9604 -10352
-1695 657 2646 196 6742 -11766
-1746 763 2644 -2816 4786 -13270
-1897 1193 2638 -5643 3951 -13730
-1891 1326 2651 -7174 2562 -13350
-1898 1332 2681 -9106 -625 -11870
-1901 1351 2586 -9735 -2894 -10412
-1905 1359 2524 -9109 -5565 -7977
-2065 1345 2348 -6684 -5334 -5841
-1754 1449 2334 -4572 -1428 -4473
-2195 1716 2251 -792 6444 -4107
-2067 1817 2116 3690 13324 -4950
-2134 1750 2102 6353 16605 -5871
-2386 1508 2030 9661 18917 -6875
-2276 2294 1193 11826 16885 -7740
-2523 2393 1001 13402 9398 -10462
-2434 1788 1437 12325 4312 -12614
-2326 1759 1611 7984 1461 -16423
-1997 1563 1825 3698 65 -18946
-2081 1519 1408 -747 -5152 -22700
-2045 1451 688 -2415 -11325 -26282
-1953 1352 144 -2072 -14207 -28331
-1829 1274 -149 203 -16046 -30238
-1677 1097 -210 2144 -15785 -30666
-1760 857 83 4804 -14306 -30519
-1769 733 159 7058 -12822 -29492
-1581 539 387 8267 -12507 -28228
-1466 365 311 10023 -14136 -26041
-1026 351 23 11372 -15637 -23661
-962 280 661 10929 -18539 -22136
-898 229 644 10501 -19960 -21743
-1159 90 560 9725 -20914 -22463
-1327 159 623 8596 -21028 -24299
-1500 213 676 7805 -21044 -25806
-1441 253 563 7260 -21472 -27401
-1219 263 434 7205 -21305 -27615
-1020 269 422 7244 -20508 -26211
-565 231 421 7994 -18157 -22238
-184 -47 241 9289 -15766 -18728
-258 -149 284 12079 -11129 -13860
-535 -391 341 15517 -5428 -10716
-703 -487 434 17831 -984 -10117
-1162 -704 726 21159 5079 -11045
-1377 -853 1246 24083 6956 -12994
-1348 -910 1698 25589 5504 -14245
-1326 -904 1879 26599 667 -15879
-1173 -719 2435 25607 -4835 -16819
-1004 -644 2840 24060 -7390 -16991
-873 -595 3057 21159 -8335 -16687
-909 -515 3112 19548 -7951 -16512
-1081 -450 3051 18280 -9144 -17919
-1814 -63 2821 18315 -14334 -21910
-2468 396 2689 18510 -18766 -25428
-2776 756 2764 18286 -22870 -30391
-2845 1088 2676 18014 -22764 -32768
-2824 1160 2548 18512 -20493 -32768
-2964 1494 2150 20428 -14468 -32768
-3658 2115 1558 22307 -9834 -32768
-3862 2301 1408 25443 -4362 -31711
-4355 2806 956 28430 -2574 -29687
-4606 2893 20 30648 -4983 -27489
-4794 2842 -725 32767 -11436 -23123
-5099 2795 -1187 32767 -13321 -19580
-5422 2467 -1938 32767 -10906 -13426
-5705 2147 -2555 32767 -2054 -6446
-6333 1304 -3606 32767 8039 -1901
-7318 831 -4631 32767 24376 2858
-8672 -17 -5686 32767 32767 6241
-9153 -891 -5796 32212 32767 9113
-9379 -1373 -5478 14525 32767 14379
-9698 -2791 -4388 -13420 32767 20644
-10332 -3781 -3093 -32768 32767 24365
-10215 -4119 -2020 -32768 24178 32468
-9329 -3827 -1701 -32768 -1768 32767
-8838 -4283 -4010 -32768 -15106 32767
-8985 -4877 -5231 -32768 15163 32767
-7806 -5404 -6820 -32768 16509 32767
-7003 -6922 -1469 -32768 30992 32767
-7960 -6085 -1001 -32027 32767 32767
-8737 -6484 195 -22937 32767 32767
-7807 -6136 2028 -18392 32767 32767
-6517 -6174 3510 -19715 32767 32767
-4394 -5934 4348 -23953 26302 32767
-2809 -5534 3633 -24829 18355 32767
-2491 -5387 3255 -20764 11508 32767
-1349 -4944 2322 -13086 11277 32767
-1161 -4689 1948 -7790 12086 32767
-906 -4527 1974 -2221 13955 31683
-583 -4232 2128 180 15065 20524
-448 -3802 1977 753 15434 13239
-323 -3498 1893 832 16577 3652
-45 -2974 1610 969 17127 -1411
159 -2394 1243 1852 17668 -6562
210 -1928 893 2894 18424 -8459
44 -1685 762 4672 21270 -10015
-291 -1417 760 5716 23524 -11558
-765 -1085 930 5547 23235 -12794
-1177 -700 1207 3944 21791 -14858
-1374 -345 1326 2173 21011 -16210
-1399 119 1344 -455 18512 -17280
-1545 537 1160 -1789 15224 -17353
-1860 710 1096 -3166 10416 -17587
-2350 753 1114 -4097 9249 -18998
-3160 876 1178 -4360 8793 -20209
-3457 1016 1085 -3801 6784 -20811
-3521 1122 957 -2097 5109 -19376
-3709 1248 937 -572 5089 -17890
-4112 1244 1027 1847 4902 -16022
-4409 1242 1099 4260 3297 -15189
-4512 1452 1207 5526 2528 -15580
-4485 1582 1211 6966 769 -17287
-4419 1716 1248 7461 -1105 -18994
-4133 2021 1409 7181 -3642 -21820
-4072 2132 1718 5567 -3751 -24749
-4047 2236 2033 4389 -3752 -26641
-3947 2574 2207 3155 -5228 -29276
-3923 2863 2361 2343 -8861 -31759
-3897 3092 2319 2046 -12780 -32768
-3710 3148 2143 1958 -18628 -32768
-2814 2794 1736 2455 -21707 -31964
-2529 2674 1597 3358 -21776 -29045
-1751 2307 1268 5530 -19199 -23526
-1361 2003 970 7373 -16603 -20133
-1252 1855 813 10537 -13408 -16465
-1117 1592 587 12388 -11330 -15059
-1105 1419 494 14747 -9868 -14417
-1080 1253 554 15494 -9477 -14974
-897 975 919 14743 -9165 -15536
-808 762 1036 12599 -8421 -16380
-786 542 1087 10842 -8120 -17074
-912 417 830 8499 -7461 -18402
-1052 274 643 7185 -7209 -19289
-940 219 356 6399 -6752 -20695
-515 -32 583 5676 -5522 -20078
-463 -377 281 5926 -5147 -19277
-417 -470 68 7521 -3916 -17855
-359 -485 -21 9021 -2631 -16908
-402 -509 78 11248 -1287 -15798
-531 -462 200 12801 -2628 -15308
-607 -540 210 13671 -4226 -15424
-597 -646 271 14242 -5920 -15109
-733 -1175 275 14485 -6993 -14639
-742 -1471 346 14557 -6908 -14100
-996 -1794 458 14501 -5661 -13567
-1212 -1873 425 14730 -4649 -13904
-4970 -2635 1491 31650 -611 -32768
-5067 -2479 1617 32767 -4197 -32768
-4973 -2377 1647 32767 -10313 -32297
-4860 -2251 1718 32767 -13232 -30097
-4854 -1929 1799 32767 -14006 -26450
-4983 -1442 1504 32767 -13883 -24221
-5269 -847 1057 32767 -14537 -22012
-5290 -411 880 32767 -17129 -20230
-4881 273 467 32767 -20459 -18573
-4958 883 -4 32767 -26078 -15946
-4985 1108 -240 32767 -29030 -13724
-5028 1825 -1505 32767 -26916 -11750
-5159 2840 -3535 32767 -17318 -9375
-5471 4290 -6749 32767 -7151 -7005
-5475 5402 -8820 32767 20884 143
-5650 6584 -8740 32767 32767 7263
-7652 5466 -9018 32767 32767 14308
-6555 5367 -8087 16533 32767 19887
-4469 4001 -7186 -20527 32767 29290
-4359 3381 -7317 -32768 32767 32767
-4387 2628 -6763 -32768 32767 32767
-4507 1292 -4417 -32768 32767 32767
-4565 928 -3755 -32768 32767 32767
-3582 31 3520 -32768 32767 -9191
-3514 -1387 1699 -32768 32767 32767
-3838 -1474 2560 -32768 32767 32767
-4713 -1408 1662 -32768 32767 32767
-3967 -1753 1503 -32768 32767 32767
-3619 -1805 1217 -32768 32767 32767
-3699 -1644 1217 -32768 32767 32767
-3808 -1495 1560 -32768 32767 32767
-3367 -1314 1916 -31621 32767 31773
-2403 -1213 2034 -28450 32767 29819
-2007 -1169 1932 -24740 29019 28390
-1654 -1149 1790 -20911 18648 28260
-1205 -1181 1338 -17542 13806 28319
-1230 -1191 795 -11075 10051 26765
-1374 -1219 590 -4144 9721 22914
-1412 -1275 551 -390 10779 19643
-1392 -1190 1125 4060 13641 9117
-1382 -1127 1195 3878 11910 4814
-1244 -1099 1309 3398 9409 2417
-1037 -997 1243 3445 7965 2006
-1093 -898 1150 4431 6873 2250
-1363 -757 1159 5417 7208 2298
-1526 -611 1313 6395 8579 1567
-1621 -499 1511 6319 8926 66
-1689 -342 1763 5737 8381 -1259
-1793 -188 1971 3919 6267 -3725
-1827 102 2260 1346 2932 -5867
-1707 471 2498 -568 1430 -6749
-1562 685 2656 -3292 1105 -6857
-1349 850 2721 -4584 1590 -6261
-1430 945 2765 -5640 2395 -5598
-1618 1115 2739 -5483 2149 -5816
-1811 1334 2716 -4812 696 -6509
-1863 1542 2639 -3337 -2597 -8147
-1726 1737 2380 -1947 -4513 -9120
-1698 1767 2209 740 -5326 -10365
-1734 1815 2030 3648 -3461 -11424
-1973 1843 1969 5250 -1097 -12218
-2065 1871 1953 6995 2015 -13680
-2440 1988 1799 7868 2480 -15623
-2645 1992 1652 7827 1308 -17016
-2689 1941 1608 6762 -1696 -19113
-2709 1635 1557 4520 -5664 -20709
-2534 1428 1544 2526 -8098 -21252
-2334 1245 1398 -167 -11036 -21496
-2083 1030 1076 -1472 -11812 -21775
-1898 833 563 -1152 -11179 -22215
-1797 732 241 894 -9096 -23487
-1692 580 -58 2768 -7172 -24584
-1572 429 -220 5640 -4441 -26271
-1572 323 -198 7569 -3612 -27860
-1566 150 84 7577 -4638 -29107
-1550 -2 401 6699 -5786 -29739
-1520 -118 504 4743 -7758 -30339
-1446 -253 495 3536 -8817 -30511
-1385 -271 435 2497 -9577 -30577
-1132 -330 246 2611 -9224 -30040
-866 -393 309 3125 -8332 -29315
-812 -435 246 4679 -7498 -27615
-673 -497 212 6835 -8319 -25830
-676 -776 367 8355 -8833 -24834
-650 -870 354 11077 -9242 -23461
-629 -1206 234 14509 -8739 -22511
-740 -1392 334 16794 -7472 -22489
-972 -1406 503 19836 -4102 -23655
-1291 -1410 599 22412 148 -26289
-1693 -1411 784 23895 3242 -28388
-1764 -1290 913 25903 6184 -30719
-1795 -1151 1071 27042 6117 -31253
-1760 -1048 1426 27931 3810 -30573
-1777 -845 1704 27474 -1152 -28504
-1827 -656 2135 26694 -5109 -26695
-1883 -456 2295 25238 -8608 -24126
-2125 -197 2368 24371 -7518 -22922
-2604 407 2618 24289 -4946 -23099
-3015 979 2910 24141 -2167 -25185
-3566 1984 3454 23462 -2604 -27484
-3639 2285 3472 22249 -7961 -30344
-3818 2828 3229 21915 -15179 -30991
-3527 2925 2881 22310 -17805 -29496
-3335 2924 2307 24552 -17446 -25060
-3625 2839 1722 29356 -12242 -20554
-4434 2877 1051 32767 -6390 -18511
-5184 2877 433 32767 3044 -16423
-5470 2944 -270 32767 9352 -14411
-5618 2842 -1047 32767 10129 -12766
-5979 2487 -2008 32767 8179 -9617
-5932 1576 -3479 32767 10170 -5615
-5424 1190 -3404 32767 23636 5273
-5480 215 -3399 32767 32767 18298
-6000 -626 -3944 32767 32767 24295
-7082 -1761 -5712 25005 32767 26642
-7552 -2342 -6650 15094 32767 23655
-7715 -3178 -6308 4484 32767 22158
-8539 -3874 -4512 -22188 32767 22485
-9263 -3978 -4227 -32768 32767 23797
-8810 -4316 -4288 -32768 32767 30098
-8078 -4947 -3883 -32768 26078 32767
-8792 -5531 -3465 -32768 384 32767
-10074 -6398 -2825 -32768 -31223 32767
-7104 -6658 -2092 -32768 -32768 32767
-4606 -7621 -2410 -32768 -30839 32767
-4515 -7559 -2744 -32768 -23505 32767
-5206 -7163 -2441 -32768 -21374 32767
-4625 -7040 -1555 -22325 -17794 32767
-2840 -6908 -275 -12408 -11388 32767
-1854 -6501 508 -4445 3006 32767
-1273 -5795 1272 -1615 13880 32767
-1120 -4942 1391 -285 17590 32767
-895 -4571 1424 2119 22935 32767
-708 -4075 1340 5462 30228 32191
-633 -3420 1258 7777 32767 29404
-846 -2945 1290 10446 32767 23598
-1242 -2344 1581 11201 32767 16508
-1450 -1699 1920 10559 32767 11997
-1402 -1530 2013 8317 28404 6629
-1340 -1367 1933 6078 26626 3070
-1326 -1045 1647 5369 28147 1302
-1391 -790 1354 5780 31886 -776
-1639 -261 1034 7000 32767 -2755
-1842 114 947 7560 32767 -3808
-1970 282 945 7504 32007 -5153
-2252 354 1274 6610 29700 -6097
-2256 412 1382 4281 27632 -7306
-2266 799 1508 1855 26591 -8240
-2203 1096 1504 485 24846 -8350
-1976 1131 1374 -808 19239 -7189
-1816 1183 1155 -1249 15175 -6050
-1809 1148 1128 -1674 12032 -4644
-2042 1037 1126 -1621 11497 -4486
-2498 890 1117 -1250 11317 -5150
-2742 782 1161 -238 10511 -6963
-3038 801 1129 1375 7454 -9753
-3567 914 886 2768 3969 -12558
-3964 954 753 4834 -1341 -17857
-4314 815 716 5816 -3588 -21292
-4487 739 684 6728 -4370 -25465
-4602 847 640 7349 -3518 -28615
-4881 1056 602 7745 -3524 -30272
-5196 1156 431 8575 -6842 -32263
-5202 1237 296 9332 -13276 -32768
-4992 1283 346 9157 -18403 -32322
-4366 1291 617 8441 -19255 -30677
-3734 1408 847 7115 -17466 -27352
-3473 1547 886 6389 -15198 -24552
-3094 1790 921 6461 -14273 -23407
-2908 1929 887 7260 -14173 -22670
-2494 2154 824 8514 -15813 -22567
-2109 2214 715 9468 -17214 -22312
-1342 2143 592 10905 -18286 -20988
-886 2015 578 11652 -17563 -19373
-343 1768 662 12426 -14093 -15430
27 1453 706 12447 -11731 -13578
55 1396 688 12474 -8461 -11563
27 1190 623 12509 -6550 -10796
-249 964 504 12641 -6594 -11183
-566 810 468 12789 -8303 -13153
-956 521 490 12821 -9948 -15054
-1015 407 454 12865 -12107 -18134
-965 328 443 12962 -13206 -20346
-541 -81 309 13297 -12153 -20818
-466 -332 344 13429 -10933 -20543
-440 -523 -141 14207 -11138 -18752
182 -739 441 13623 -9451 -16092
-576 -1015 597 13004 -8134 -15386
-1015 -1082 592 11570 -7822 -14767
-760 -1169 746 10208 -6040 -13849
-920 -1596 517 9927 -5040 -12876
-791 -2010 620 9870 -3248 -10834
-1261 -2408 813 10055 -1446 -9985
-1636 -2570 735 11388 -2755 -11421
-2180 -2865 437 13261 -5464 -13494
-2463 -3004 321 16967 -9972 -17301
-2399 -3094 344 20978 -12886 -20014
-2243 -3410 565 24569 -12587 -21198
-2500 -3547 909 26296 -10232 -21759
-2964 -3569 1238 28333 -5256 -23574
-5476 1056 387 32767 -11974 -1424
-5195 1553 -466 32767 -15958 4260
-5375 2163 -1869 32767 -17940 13172
-5334 2840 -4027 32767 -11781 23018
-5338 3111 -4929 32767 -1561 29925
-4798 4081 -6920 32767 22303 32767
-3329 4318 -8219 32767 32767 32767
-2941 4349 -8208 32767 32767 32767
-1672 3737 -7264 11868 32767 32767
-749 3302 -6264 -12671 32767 32767
-41 3101 -5807 -24638 32767 32767
259 2722 -4970 -32768 32767 32767
57 1825 -1914 -32768 32767 32767
1786 -1609 780 -32768 32767 -32768
-409 938 -9 -32768 32767 15665
-411 1184 2226 -32768 32767 32069
-1766 1858 1769 -32768 32767 32767
-3138 2553 1395 -32768 32767 31708
-3397 2532 1204 -32768 32767 28995
-3478 2186 1054 -32768 32767 26940
-3475 1925 970 -28823 32767 23373
-3107 1206 1106 -23072 32767 20892
-2882 1016 1183 -17040 32767 18474
-1964 389 1521 -14637 32767 17730
-1698 234 1631 -14836 32767 17247
-1466 136 1780 -17220 32767 15688
-1230 14 1896 -19538 30901 13945
-1081 -69 1787 -22710 25538 10741
-733 -254 1370 -24134 21956 8647
-660 -302 1250 -24796 15879 6503
-403 -441 917 -23611 9524 6466
-252 -514 836 -21509 4906 7450
-413 -554 847 -19867 2849 7847
-570 -516 730 -16832 848 7470
-833 -486 596 -13061 101 5468
-1048 -437 585 -10523 390 3546
-1158 -412 658 -7034 1760 100
-1416 -367 795 -5046 3524 -2357
-1393 -355 947 -2386 6999 -4799
-1052 -447 1111 179 9260 -4916
-1002 -474 1214 1920 9351 -4338
-1221 -337 1403 4346 8179 -3725
-1452 -239 1644 5766 6309 -4327
-1955 -137 2087 6096 3555 -6029
-2002 -63 2330 5936 1505 -7058
-1875 -26 2396 5933 -1614 -7268
-1705 -137 2435 6493 -5144 -6200
-1696 -57 2450 7116 -7121 -5383
-1840 63 2598 7643 -8041 -5201
-2157 59 2886 7381 -6621 -6671
-2258 74 2942 6718 -5201 -8401
-2266 78 2999 5159 -3334 -11587
-1980 266 2935 3104 -2538 -14679
-1501 346 2659 2032 -3417 -16112
-1457 303 2437 1212 -7616 -17688
-1562 189 1977 1462 -11384 -18848
-1665 184 1638 2910 -16004 -21359
-1902 185 1430 4654 -17802 -25295
-2447 -94 1354 5314 -17079 -28744
-2702 -274 1370 5333 -13183 -32768
-2624 -392 1457 4679 -6525 -32768
-2789 -355 1734 2961 1821 -32768
-2220 -770 1236 2826 7212 -32768
-2078 -1017 896 4620 7883 -32768
-1935 -1110 545 6315 6358 -32768
-1889 -1163 455 8666 2641 -32768
-1994 -1311 548 9739 310 -32768
-2079 -1319 559 10600 -2485 -32768
-2245 -1294 534 10922 -4440 -32768
-2229 -1257 371 11145 -5328 -32768
-2213 -1164 187 11927 -6449 -32768
-1995 -989 -58 13431 -6339 -32768
-1686 -943 -352 15161 -5256 -32768
-1569 -873 -625 19050 -2919 -32768
-1682 -703 -750 23391 100 -32768
-1991 -783 -511 25702 2826 -32768
-2135 -857 109 27696 8067 -32768
-2147 -896 481 28189 11815 -32768
-2164 -901 743 28642 15604 -30576
-2128 -811 790 29380 15594 -27671
-2213 -479 1043 29866 10443 -24981
-2132 -389 1208 29744 4468 -23160
-2209 -281 1415 28563 -5559 -20900
-2205 -221 1909 26282 -12659 -18932
-2186 -188 2004 24476 -14372 -17837
-2277 -29 2199 21959 -13405 -16846
-2580 61 2314 20616 -12119 -16839
-2868 143 2247 19602 -11926 -17952
-3291 468 2151 19484 -14591 -20127
-3660 881 2188 19517 -17132 -21841
-3978 1331 2205 19557 -20063 -24201
-4170 1546 2134 19820 -20443 -25104
-4583 1559 1573 21670 -19206 -25254
-5053 1434 1011 24034 -17352 -24484
-5107 1397 950 27961 -11323 -21761
-5231 1463 590 31948 -3796 -17471
-5792 1486 -36 32767 533 -14254
-6117 1033 -684 32767 6318 -8796
-7079 782 -1315 32767 11707 -4422
-7462 609 -1673 32767 15594 -2134
-7471 339 -2142 32767 23133 3116
-7217 -518 -3603 32767 28391 8800
-7413 -1071 -4407 32767 32767 19360
-8150 -1612 -5029 32767 32767 28445
-10209 -3069 -4524 22989 32767 32236
-10405 -3670 -3827 -1693 32767 32767
-10108 -4067 -3519 -30560 32767 32767
-9950 -5037 -3194 -32768 32767 32767
-10107 -5354 -2822 -32768 32767 32767
-10293 -5651 -2680 -32768 31447 32767
-10375 -6476 -2853 -32768 31041 32767
-9876 -8834 -3301 -32768 13153 32767
-8322 -6220 197 -32768 32767 32767
-7612 -7265 -9 -32768 32767 32767
-10107 -7342 -86 -32768 32767 32767
-10794 -6796 1166 -32768 32767 32767
-9672 -6935 2372 -31694 31789 32767
-8144 -7334 3801 -25543 25170 32767
-6239 -7564 4908 -24887 23450 32767
-4699 -7068 4395 -23180 18109 32767
-4270 -6891 3654 -16703 7923 32767
-2756 -6539 2908 -11405 5328 32767
-1993 -6485 2602 -5608 9321 32767
-1393 -6327 2616 -2920 15385 28383
-871 -5779 2472 -2264 18091 19637
-271 -5166 2240 -1926 19610 7641
158 -4710 2053 -1607 19547 -1725
616 -3504 1777 -1239 19513 -6507
739 -3209 1740 -386 19798 -10996
867 -2381 1805 545 19165 -13373
369 -1052 1705 1279 17131 -14825
178 -716 1620 2751 12738 -17526
-360 171 1387 3843 10711 -19647
-989 994 1280 5227 9865 -22976
-1441 1508 1272 5849 9273 -25736
-2303 1997 1459 5644 8959 -27187
-3059 2247 1596 4554 8616 -29047
-4310 2632 1953 2848 7600 -29589
-4548 2611 1912 2052 4763 -28260
-4748 2429 1806 1907 -908 -24283
-4597 2204 1462 3158 -5246 -19440
-4517 2292 1265 4654 -6718 -16980
-4584 2378 1078 7222 -7623 -15984
-4425 2364 1066 9448 -7769 -17343
-4068 2531 1315 10200 -7207 -19052
-3962 2544 1422 10027 -6437 -22106
-3632 2529 1692 9097 -7638 -24285
-3355 2881 1608 6988 -14213 -27672
-2920 2952 1639 3720 -21074 -29657
-1969 2790 1711 1144 -23204 -29415
-1421 2594 1716 -2283 -22629 -27284
-828 2157 1508 -3980 -20849 -24531
-762 1671 1176 -4004 -20262 -23395
-1083 1469 1237 -3378 -20160 -23668
-1246 1383 1376 -2705 -19535 -25532
-1382 1126 1139 -1904 -19153 -27074
-1365 1059 1024 69 -18040 -29112
-1061 806 499 2885 -15367 -30109
-861 625 290 5020 -12694 -29943
-606 383 79 8144 -8035 -28807
-554 281 -41 10881 -3255 -27237
-505 147 -65 12219 20 -26148
-487 -83 26 13297 4520 -24544
-621 -268 153 13109 7415 -23656
-1085 -546 352 12294 8066 -23822
-1311 -637 434 10375 7462 -24837
-1367 -673 480 8835 6629 -25582
-1264 -684 507 6412 5380 -26150
-970 -728 420 4934 4413 -26015
-902 -729 407 3015 2701 -25177
-752 -744 320 1772 943 -23899
-837 -947 116 1639 -194 -23020
-1044 -1313 -113 2448 -1553 -21735
-1166 -1517 -189 4180 -2585 -20454
-1342 -1735 -189 5563 -3094 -19729
-1461 -1824 -124 7885 -2843 -19019
-1359 -2025 -107 10577 -463 -18250
-1269 -2197 -195 12868 1618 -17626
-1281 -2320 -278 17174 4064 -16859
-1601 -2617 -453 22318 5066 -17179
-2201 -2867 -405 25646 4956 -18333
-2692 -2912 -159 29236 4473 -21640
-3426 -3029 646 30494 4700 -25667
-3618 -3168 1010 30444 5483 -27979
-3793 -3319 1152 30602 6035 -30213
-4119 -3184 1054 31916 4069 -31423
-4339 -2965 1036 32767 1557 -31844
-4393 -2777 1004 32767 -2362 -31551
-4378 -2402 1157 32767 -3969 -30793
-4409 -2038 1295 32767 -5282 -29255
-4539 -1528 1430 32767 -5596 -28262
-4867 -931 1475 32767 -6627 -27267
-5106 -472 1402 32767 -10277 -26515
-5245 60 1338 32767 -13141 -25523
-5398 462 1150 32767 -16450 -23057
-5457 912 957 32767 -17652 -20810
-5476 1075 873 32767 -18556 -16664
-5428 1591 554 32767 -18682 -13447
-5249 2153 185 32767 -17398 -8160
-5169 2793 -384 32767 -14721 -2952
-5127 3299 -804 32767 -11706 1616
-5073 3927 -1541 32767 -10304 4415
-5050 4206 -2143 32767 -9766 8465
-5166 4511 -3180 32767 -9611 11280
-4962 4584 -4275 32767 -4324 17253
-4943 4502 -4886 32767 11489 25714
-5841 3887 -5474 32767 28014 32123
-7158 3180 -5844 32767 32767 32767
-8606 2245 -6036 18547 32767 32767
-9528 856 -5844 4436 32767 32767
-9257 -153 -5530 -19044 32767 32767
-9555 -1245 -4970 -32768 32767 32767
-10366 -2557 -3673 -32768 32767 32767
-10300 -2973 -2243 -32768 32767 32767
-9867 -3304 -676 -32768 32767 -32768
-9101 -2409 1184 -32768 32767 17364
-9007 -3744 3163 -32768 32767 32767
-8833 -2618 3937 -32768 32767 32767
-7868 -2729 4062 -32768 32767 32767
-7339 -2829 3732 -32768 32767 32767
-6638 -3211 3358 -32768 32767 32767
-6272 -3339 3670 -32768 32767 32767
-5665 -3540 3973 -27260 32767 32767
-4486 -3999 4031 -23498 31223 32767
-3416 -4766 3435 -18574 20689 32767
-2748 -5021 2609 -13030 12416 32767
-2312 -4964 2083 -9141 10248 28017
-1860 -4805 1750 -4162 12182 18816
-838 -4338 1611 -890 17007 12303
-496 -4108 1847 333 20436 7798
-267 -3627 2246 305 20555 5074
-353 -3206 2439 -183 17344 212
-574 -2176 2655 -427 13774 -3399
-602 -1918 2686 -695 8590 -8700
-531 -1213 2851 -946 5014 -12491
-325 -498 2898 -902 2878 -14168
-378 -152 3050 -898 2059 -14578
-719 341 3221 -940 1531 -15422
-1675 1063 3310 -762 1823 -16968
-2366 1436 3479 -585 2961 -20979
-2884 1683 3610 -802 3325 -25017
-3138 1951 3564 -859 2336 -26456
-2874 2061 3373 -356 -1026 -25116
-2238 2175 3068 418 -5589 -19984
-1875 2346 2925 767 -7724 -15877
-1805 2468 2922 884 -8264 -10464
-1914 2462 2875 889 -6877 -8082
-1931 2417 2679 1451 -3701 -6462
-1942 2404 2359 2737 -1344 -6677
-1808 2185 2215 3716 -1104 -7493
-1769 1904 2030 5270 -3796 -9724
-1753 1706 1792 6666 -8525 -12848
-1533 1240 1258 7718 -12217 -16068
-1476 1008 942 8224 -12540 -17969
-1043 1426 584 8595 -12582 -21011
-1617 1449 197 8417 -11402 -24108
-1360 847 615 6261 -6897 -28125
-1174 687 658 3077 -1835 -31308
-925 471 906 547 484 -32466
-793 213 727 -2410 -269 -32768
-593 28 615 -3801 -2859 -32768
-766 -17 99 -3938 -9125 -32768
-537 -111 37 -3046 -13608 -32150
-351 -230 48 -2104 -14634 -31457
-344 -326 5 167 -15038 -30613
-596 -700 -288 3882 -14223 -30429
-595 -984 -443 6724 -12457 -30505
-707 -1103 -420 10913 -7921 -31368
-766 -1174 -207 14312 -1558 -32470
-777 -1146 169 15964 3219 -32768
-962 -1167 424 17477 8632 -32768
-1403 -1108 774 17883 9329 -32768
-1675 -1058 916 17690 5965 -32768
-1962 -1047 1028 16638 -72 -32768
-1826 -1054 953 15840 -3820 -32768
-1257 -1035 768 15036 -7549 -32768
-727 -1056 563 15322 -8399 -29518
-582 -970 459 16183 -7285 -25353
-612 -857 494 17783 -4230 -20242
-1203 -734 847 18799 -2084 -18194
-1475 -723 994 19498 279 -17880
-2125 -779 1435 19034 1243 -19494
-2494 -940 1764 18432 793 -21002
-2439 -776 1952 17117 -2197 -23040
-2314 -524 2108 15327 -5648 -24396
-2210 -189 2414 14044 -6672 -24730
-2125 -249 2414 13274 -6491 -24365
-2596 -424 2348 14077 -5851 -24741
-3372 -261 2565 14757 -6220 -25965
-3778 -48 2683 15455 -7474 -28437
-3851 118 2894 15491 -7734 -29515
-3641 312 2982 15249 -7329 -28995
-3388 468 2845 15797 -7982 -26341
-3698 318 2418 17008 -9446 -24217
-4458 166 1996 19995 -11439 -21602
-4826 118 1715 23593 -11830 -19250
-5473 272 1763 25403 -10584 -17749
-5754 478 1911 26106 -6618 -15697
-5888 644 1839 25455 -3442 -13459
-6045 1287 1202 24877 -3468 -11947
-6034 1539 1065 23715 -4931 -9792
-6205 2376 139 23119 -4816 -8446
-6256 2466 -198 23539 -3354 -6024
-6424 2437 -1391 25748 358 -1631
-6366 1694 -3108 28196 4784 3058
-6497 1472 -3696 32767 12758 11117
-7455 276 -5923 32767 19784 16318
-7857 -61 -6584 32767 32767 22849
-9938 -1514 -7334 32767 32767 27433
-12153 -3524 -5991 26818 32767 29574
-13217 -4810 -4571 -6689 32767 31101
-13276 -6688 -1838 -32768 32767 32767
-11253 -6691 -1274 -32768 32767 32767
-10154 -6082 -1811 -32768 22495 32767
-10212 -6389 -5448 -32768 27857 32767
-10790 -6711 -6316 -32768 32767 -32768
-11322 -7558 -1464 -32768 32767 32767
-13132 -8909 795 -32768 32767 32767
-14609 -9141 2553 -32768 32767 32767
-11798 -9214 4495 -32768 -71 32767
-8859 -9624 4270 -32768 -8654 32767
-6742 -9987 3714 -32768 -4554 32767
-5199 -10472 2135 -32768 -3431 32767
-4907 -10776 820 -18844 -3252 32767
-4058 -10673 1079 -1720 6806 32767
-1935 -10309 1948 7299 22275 32767
-479 -9655 2311 10302 29049 32767
-50 -9370 2453 12678 32606 32767
1510 -7932 2603 14039 31850 30578
1927 -7016 2549 16309 27441 17495
2061 -5920 2475 18056 20679 3566
1794 -4319 2479 18112 17262 -5887
1738 -3361 2445 16777 14836 -18120
1307 -2069 2215 14492 13830 -28001
-584 -187 2401 12226 14203 -32768
-2009 837 2576 7983 15136 -32768
-3238 1933 2714 4028 13946 -32768
-4618 2899 2882 1675 11483 -32768
-5217 3248 2991 -1665 4993 -32768
-5292 3247 2938 -3386 142 -32768
-5390 2740 2317 -3553 -7000 -32768
-5443 2597 1759 -277 -11553 -23351
-5597 3038 1206 4464 -10225 -19269
-5515 3279 1220 7005 -6844 -18840
-5104 3149 1406 8882 -1438 -19195
-4085 3043 1874 8840 763 -19620
-3864 3025 2003 7211 294 -20563
-3385 3379 2265 4514 -5414 -22622
-3130 3218 1983 2231 -12547 -25114
-2814 2978 1682 1304 -15258 -26454
-2360 2693 1232 1547 -14391 -26464
-2052 2480 831 3427 -11665 -25271
-1570 2171 623 4938 -9267 -24068
-1478 2155 731 5787 -6088 -22208
-1185 1994 966 5018 -5469 -20417
-854 1727 1191 3906 -5960 -19271
-330 62 257 3946 1844 -18783
-361 -114 331 4440 1494 -17743
-597 -313 364 4811 -489 -17506
-671 -318 378 5161 -5009 -17929
-809 -389 383 4970 -8320 -18971
-778 -374 423 4541 -8596 -19727
-707 -398 417 3647 -5679 -20537
-643 -481 360 3133 -729 -20800
-642 -617 328 3153 1774 -20683
-675 -738 301 3841 2029 -20102
-720 -1024 149 5340 -696 -19054
-851 -1216 134 6556 -2824 -18399
-1127 -1520 53 8779 -5014 -17846
-4695 -3225 1168 26915 174 -31807
-5038 -3160 1416 26443 4735 -32768
-5060 -2981 1506 25886 9675 -32768
-4560 -2700 1426 26126 10295 -32768
-4087 -2430 1324 27606 7649 -31214
-4088 -2249 1299 29951 2775 -26487
-4334 -2047 1259 31757 -1120 -24347
-4824 -1647 1195 32767 -8645 -23178
-5177 -1290 1170 32767 -13993 -23399
-5155 -941 1197 32767 -18811 -24012
-4911 -290 992 32767 -19067 -23994
-4916 32 851 32767 -17479 -23631
-4887 325 699 32767 -14052 -22395
-4802 742 416 32767 -12387 -21081
-4676 1141 272 32767 -11787 -18328
-4334 2153 -200 32767 -13032 -14779
-4314 2403 -337 32767 -14268 -12442
-4571 3209 -920 32767 -16392 -9560
-4936 3809 -1745 32767 -17676 -7786
-5027 4087 -2511 32767 -16382 -4083
-5060 4497 -3647 32767 -5776 2281
-5181 4853 -5077 32767 5549 8543
-5616 4888 -6111 32767 25020 20044
-6354 4635 -6888 32767 32767 28164
-8185 3394 -7042 26728 32767 32767
-9638 2318 -6756 4942 32767 32767
-10843 681 -6748 -20261 32767 32767
-9987 -785 -6129 -32768 32767 32767
-9525 -1679 -5253 -32768 32767 32767
-9698 -2607 -3217 -32768 32767 32767
-9554 -3096 -858 -32768 32767 32767
-10546 -3082 -6336 -32768 32767 32767
-8340 -4715 2781 -32768 32767 32767
-7977 -4013 2398 -32768 32767 32767
-6806 -4729 2029 -32768 32767 32767
-6602 -4819 1722 -32768 32767 32767
-6379 -4785 2664 -32768 32767 32767
-5828 -4394 4227 -32768 32767 32767
-4611 -3601 4670 -31364 32767 32767
-3482 -3329 4503 -24962 27001 32767
-2345 -3150 3492 -15827 17534 32767
-2034 -3212 2427 -8982 15193 32767
-1945 -3317 1994 -288 13985 25048
-1474 -3377 1910 4284 12642 15736
-1234 -3306 2017 5010 10498 7987
-1026 -3039 1971 4424 8540 4016
-880 -2880 1818 3402 5265 26
-945 -2351 1376 3058 3403 -1993
-1020 -2144 1258 3071 1850 -4947
-1083 -1610 1167 2968 3127 -7235
-1250 -1046 1463 1860 7021 -8982
-1484 -551 1806 716 9623 -9953
-1601 -181 2007 -1340 11521 -11185
-1747 442 2402 -4194 10870 -12026
-1906 965 2841 -6509 9176 -12365
-2077 1286 3070 -10222 5286 -12519
-2127 1562 3408 -12739 2055 -11849
-2109 1677 3440 -15671 -4012 -9782
-1983 1673 3397 -17018 -10129 -6920
-1779 1769 3463 -17103 -14513 -4410
-1748 1830 3402 -16179 -15557 -3501
-1799 1607 2782 -12224 -12327 -4055
-1989 1780 2260 -6009 -5243 -7233
-2142 2080 1936 -1528 632 -10481
-2222 2070 1803 3997 9459 -15512
-2071 1815 1961 6207 14069 -18037
-1937 1492 2069 7275 17686 -20347
-2017 1340 2002 6547 17427 -21348
-1993 1466 1891 5498 15446 -21961
-2006 1005 1596 3860 10323 -22799
-2059 809 1449 2583 3948 -24218
-2556 864 518 2684 -923 -26373
-2539 922 396 3712 -5434 -30609
-2212 983 558 3952 -4743 -32768
-1734 730 527 4031 -3740 -32768
-1420 636 456 4256 -3896 -32768
-1119 521 516 4336 -4834 -32768
-802 373 436 4733 -7012 -32768
-741 309 369 6236 -10183 -31330
-537 -82 141 8948 -13156 -28488
-602 -269 29 12420 -14844 -26179
-725 -300 -88 14795 -14914 -25201
-1057 -335 -68 18050 -14029 -24951
-998 -265 -98 20396 -12192 -25485
-989 -304 214 21130 -10933 -25901
-1612 -364 256 21236 -10296 -27367
-773 -319 470 19576 -11259 -27116
-937 -517 714 17209 -10405 -27099
-999 -644 846 15614 -9287 -27096
-1119 -786 781 13747 -8181 -27079
-1153 -714 643 12886 -7185 -26747
-1005 -625 710 12764 -5782 -25336
-707 -679 713 13366 -4450 -22256
-653 -776 643 14354 -3958 -19908
-980 -943 576 16608 -4029 -17501
-1317 -964 723 19021 -4582 -17157
-1544 -912 920 20281 -4602 -18023
-1751 -827 1235 21410 -4132 -20105
-1579 -828 1469 21765 -3365 -21556
-1447 -876 1682 21717 -2624 -21917
-1431 -798 1754 21486 -2191 -21956
-1581 -462 2030 20804 -1733 -22356
-1956 -219 2289 20120 -1704 -23122
-2430 57 2608 18572 -1895 -25140
-2674 178 2843 16240 -2505 -27510
-2898 334 3204 14345 -2977 -28756
-3022 376 3273 12008 -3628 -29767
-3382 369 3138 11110 -3696 -29756
-3617 363 2780 11512 -4010 -28907
-3720 328 2606 13701 -7716 -26564
-4158 314 2367 15583 -11129 -24613
-4242 8 2002 19000 -14430 -20791
-4762 -18 1801 22089 -14472 -17648
-5228 40 1906 23135 -12233 -16619
-5664 46 1922 23240 -7866 -16324
-5960 527 1700 22437 -6656 -16489
-5808 1181 1525 19996 -7446 -16296
-5527 1691 1322 16574 -8058 -14622
-5244 1893 1015 14640 -7237 -12252
-5101 2034 335 14289 -6028 -7091
-4956 2072 -1511 18086 -5163 -663
-5330 1863 -2399 22523 -3563 3163
-7083 997 -3826 31345 486 5859
-7730 465 -4468 32767 8273 7472
-8702 -431 -6381 32767 24945 12626
-8686 -622 -6590 32767 32767 25216
-10032 -1368 -5892 32767 32767 32767
-11951 -2933 -4823 10233 32767 32767
-15231 -6607 -2362 -30076 32767 32767
-13886 -7052 -1102 -32768 32767 32767
-11602 -6482 -769 -32768 29041 32767
-10211 -5811 -2376 -32768 24602 32767
-11779 -8285 -5845 -32768 32767 10642
-10841 -7047 -387 -32768 32767 32767
-12172 -8771 -1204 -32768 32767 32767
-13911 -9013 1264 -32768 32767 32767
-13299 -9011 2408 -32768 20582 32767
-9028 -9449 3391 -32768 5411 32767
-6612 -9931 3438 -32768 6398 32767
-6139 -10118 3281 -32768 9415 32767
-4781 -9874 2225 -26697 7614 32767
-4335 -9984 1769 -13154 4442 32767
-3484 -10087 1755 -1652 9743 32767
-1849 -9469 2060 3680 16699 32767
-871 -8653 2180 9562 24939 32767
-491 -7955 2331 13548 30445 27539
236 -6912 2477 16580 32266 13886
959 -5494 2489 18294 31470 5606
1459 -4110 2493 20120 27218 -5076
1617 -3224 2457 20639 22842 -11159
1625 -2191 2411 19825 17344 -19503
1176 -350 2276 17448 15719 -27428
182 723 1823 15746 14835 -32762
-729 1417 1711 13082 12833 -32768
-1701 2226 1643 9958 11948 -32768
-3031 3162 1782 7499 11948 -32768
-4254 3622 2009 3289 9751 -32768
-4831 3632 2063 383 6646 -32768
-5390 3348 2105 -3705 2092 -32768
-5535 2724 1913 -6148 -1401 -30831
-5485 2386 1274 -5855 -3712 -23680
-5546 2298 863 -2611 -6086 -16161
-5474 2262 604 2326 -6229 -13449
-4993 2197 623 5370 -5696 -13586
-4711 2056 791 8442 -4874 -15302
-4167 1912 1030 9470 -3996 -17390
-3807 1817 1055 9453 -3070 -19090
-3352 1777 939 9387 -2532 -20031
-3003 2047 941 9063 -2665 -21435
-2743 2246 946 8373 -4085 -22360
-2193 2350 874 7809 -5024 -22346
-1944 2302 814 6931 -6536 -21688
-1737 2038 816 6287 -7389 -21235
-1669 1992 886 4967 -6850 -20584
-1517 1791 997 3864 -4815 -20117
-1291 1589 923 3552 -2910 -19843
-1221 1366 630 4089 -2894 -19726
-1242 1288 369 6256 -4384 -20000
-1306 1160 124 8154 -5251 -20506
-1274 1050 104 10793 -5321 -21392
-1139 922 184 12413 -4787 -21641
-779 735 193 13343 -4600 -20726
-535 570 219 13560 -4220 -19707
-495 449 229 13512 -3035 -18210
-552 221 234 13264 -1875 -17046
-773 -21 152 13046 -2508 -16597
-859 -73 148 12500 -5320 -16651
-1049 -198 274 11291 -7764 -17388
-1137 -215 303 10321 -8561 -18010
-1037 -121 245 8860 -8464 -18646
-907 -122 194 7805 -7246 -18328
-697 -145 -53 7602 -6454 -17567
-650 -161 -86 8038 -5088 -15782
-548 -429 -318 9555 -4078 -13296
-574 -609 -369 11653 -3084 -10779
-753 -826 -231 12851 -2433 -9485
-1072 -964 -98 14216 -2261 -8626
-1352 -1044 -6 15109 -2180 -9365
-1731 -1192 132 15517 -2066 -10521
-1783 -1365 127 16210 -2347 -12363
-2001 -1686 65 17305 -3419 -14095
-2177 -1844 32 18310 -4350 -15178
-2564 -2068 -21 20180 -5551 -16966
-2916 -2088 74 21384 -5757 -18439
-3408 -2277 322 22913 -4028 -21028
-3576 -2388 359 24683 -1259 -23414
-3904 -2422 228 26310 -257 -24822
-4293 -2236 214 28901 -560 -26757
-4205 -2111 311 30806 -2209 -27058
-3847 -1937 562 31352 -3705 -26034
-3485 -1847 881 31209 -5560 -22945
-3552 -1786 929 30956 -7064 -20682
-3683 -1654 955 30727 -9738 -18340
-3834 -1467 953 30914 -12345 -17756
-3998 -1182 848 31290 -14216 -18081
-4003 -874 810 31935 -16818 -18820
-4060 -679 766 32366 -19167 -19469
-4030 -163 982 32064 -20058 -19558
-4103 -43 1042 30708 -20406 -19522
-4289 205 1194 29329 -20058 -19296
-4264 377 1223 27229 -19157 -18305
-4145 838 1107 26007 -18530 -17295
-3964 1318 1030 24377 -16992 -15442
-3873 1596 936 23248 -14638 -13290
-5367 4925 -6471 32767 32767 25547
-7036 4456 -7327 32767 32767 32767
-8480 3552 -7282 26327 32767 32767
-10018 1768 -5851 8151 32767 32767
-9984 461 -5072 -23838 32767 32767
-9008 -868 -3872 -32768 32767 32767
-8562 -1616 -3475 -32768 32767 32767
-8503 -2791 -2329 -32768 32767 32767
-8321 -3436 -1274 -32768 32767 -12655
-7356 -2680 -1267 -32768 32767 32767
-7114 -4910 616 -32768 32767 32767
-7113 -4151 1743 -32768 32767 32767
-6396 -4249 2264 -32768 32767 32767
-5799 -3760 3076 -32768 32767 32767
-5251 -3081 4269 -32768 32767 32767
-4779 -2395 4493 -32768 32767 32767
-4172 -2153 4286 -26462 25997 32767
-2837 -2244 3588 -18427 19202 32767
-2471 -2413 3091 -13033 16318 32767
-2160 -2773 2263 -4693 12486 32767
-1975 -2964 1808 2661 11346 25468
-1691 -3065 1678 6775 13977 17135
-1700 -3049 1718 7681 15726 11341
-1645 -2930 1720 7470 15331 2881
-1373 -2724 1645 7005 13426 -1643
-1051 -2426 1510 6533 10828 -5545
-538 -1953 1292 6441 9835 -6164
-572 -1188 1452 6095 10157 -5991
-784 -870 1684 4590 11680 -6332
-1171 -552 1818 2517 13108 -8584
-1901 292 2377 694 14044 -11207
-2086 675 2647 -2825 13900 -15539
-2084 1193 3218 -7303 12950 -18590
-2007 1466 3509 -10356 11727 -19145
-1786 1621 3532 -13372 7792 -17188
-1851 1695 3303 -13164 2548 -13522
-2120 1836 2953 -11469 569 -11329
-2485 1972 2747 -7590 1171 -9392
-2688 2023 2711 -4887 3523 -8976
-2694 2003 2706 -1243 8420 -9110
-2633 2015 2675 1360 11617 -9826
-2550 2066 2432 2571 10767 -10529
-2523 2003 2299 3467 6149 -11878
-2471 1892 2198 3428 2008 -13004
-2376 1715 2150 2573 -2876 -14514
-2287 1567 1982 1804 -5320 -16105
-2232 1455 1449 1904 -6377 -17362
-2130 1339 806 3293 -7383 -19443
-1957 1260 461 5750 -7567 -21259
-1757 1145 4 7770 -7479 -22341
-1614 1090 -146 10591 -7291 -23897
-1601 1082 -123 11901 -7499 -25030
-1585 1119 0 12604 -8174 -26863
-1510 1072 218 11840 -9283 -28339
-1230 920 313 10989 -10110 -28744
-990 751 272 9683 -11081 -28308
-946 435 155 8918 -11290 -27727
-1296 162 100 8604 -10558 -27878
-1444 99 156 8229 -8221 -28744
-1527 53 196 8112 -6554 -29423
-1398 0 114 8283 -5193 -29933
-1236 -5 55 8811 -5226 -29495
-979 -26 33 9249 -5692 -28654
-691 -57 25 10047 -6536 -26603
-479 -99 32 10965 -6947 -23844
-437 -175 -17 11918 -7156 -21836
-528 -276 -48 13691 -8146 -19282
-1099 -445 -8 15403 -9732 -18189
-1325 -469 120 16118 -10182 -18246
-1393 -461 282 16404 -8999 -18754
-1217 -470 473 16013 -5971 -18556
-958 -425 677 15674 -3335 -17914
-922 -383 757 15170 495 -16509
-868 -285 695 15504 2644 -14697
-894 -310 626 16750 1996 -12706
-1146 -580 662 17832 -300 -11593
-1216 -619 762 18917 -4840 -10829
-1396 -639 1130 18814 -8364 -11578
-1601 -518 1497 18084 -9797 -12976
-1674 -480 1629 16666 -10525 -15871
-1696 -491 1612 15549 -9719 -19122
-1707 -491 1559 15231 -8477 -21169
-1660 -488 1628 15487 -5821 -23473
-1967 -597 1803 16491 -4521 -25275
-2501 -615 2169 17335 -5551 -26262
-2634 -549 2276 18358 -9028 -27650
-2886 -302 2470 19057 -12302 -28825
-3133 -296 2604 19379 -12911 -29406
-3406 -429 2623 19976 -11968 -30103
-3974 -592 2411 20954 -11424 -30892
-4640 -563 2562 21179 -11609 -31344
-5027 -632 2274 21539 -14489 -31122
-5226 -496 2133 21574 -17554 -30264
-5395 -341 2121 20761 -19867 -28024
-5321 -440 1921 19622 -18098 -24262
-5253 -296 1737 18945 -15723 -21171
-5288 190 1581 17773 -11696 -16835
-5420 444 1517 16787 -9372 -14584
-5565 722 1163 15491 -8378 -12076
-5474 1000 583 15107 -9757 -10699
-5399 1088 372 15709 -13814 -8272
-5122 1176 -553 18640 -18934 -4909
-5080 1126 -1470 21913 -20189 -2489
-5472 1016 -2359 29310 -16938 419
-5960 615 -3938 32767 -10276 2558
-6988 264 -5535 32767 8930 6669
-7818 -126 -6072 32767 32767 14781
-9982 -1194 -5608 32767 32767 22724
-12080 -1975 -4277 27088 32767 32767
-12849 -2880 -2936 4079 32767 32767
-12101 -3584 -2967 -32768 32767 32767
-11683 -4642 -2171 -32768 32767 32767
-11808 -4939 -2462 -32768 32767 32767
-11561 -5576 -3058 -32768 32767 32767
-13673 -8346 -3712 -32768 32767 32767
-10738 -7433 -1021 -32768 32767 32767
-10864 -7558 1668 -32768 32767 32767
-12615 -7991 2304 -32768 30880 32767
-10853 -8310 3216 -32768 9573 32767
-8575 -8479 3323 -32768 1362 32767
-6722 -8669 3248 -28435 13294 32767
-5293 -8719 2868 -20166 19672 32767
-4257 -8105 2681 -9674 20278 32767
-3747 -7926 2501 -1335 15785 32767
-2733 -7761 2652 2502 15681 32767
-1208 -7202 2618 6234 18312 32767
-354 -6345 2283 9078 20920 32767
310 -5458 2078 11562 21521 24297
919 -4734 2130 12534 21849 16767
1150 -4039 2079 13162 21688 5974
1247 -3292 2102 12853 20126 -4326
1436 -2262 1956 12371 17337 -10214
1452 -1204 1857 11104 11634 -17233
1272 -669 1724 9704 8079 -22307
552 56 1554 8982 7429 -25116
-47 644 1457 8382 4983 -28542
-936 1558 1417 7868 2188 -30314
-2142 2251 1697 6182 590 -32768
-3181 2706 2127 3242 2222 -32768
-3771 2870 2208 191 1123 -32768
-3981 2857 2208 -1662 -1789 -32768
-3686 2633 2134 -3811 -7447 -30622
-3389 2515 1873 -4118 -12926 -24092
-3263 2393 1582 -3267 -14172 -20418
-3547 2482 1531 -1263 -12128 -18321
-3800 2557 1569 513 -9251 -20277
-3740 2783 2044 673 -8082 -22602
-3218 2788 2297 -286 -9563 -25141
-2785 2558 2307 -1571 -13389 -25421
-2342 2189 2214 -2254 -15334 -24816
-2164 2054 2051 -2192 -16443 -23679
-1916 1906 1649 -373 -16385 -22791
-1796 1722 1230 1535 -16284 -22653
-1675 1601 983 4533 -15373 -22769
-1137 1495 1034 5852 -13657 -22691
-846 1447 1179 6356 -9525 -22143
-658 1330 1244 5599 -6062 -21526
-703 1090 1233 4415 -4981 -22045
-1020 915 1166 3620 -5650 -23233
-1243 795 1113 2467 -8014 -25745
-1543 679 1076 1701 -9919 -27602
-1503 579 932 727 -11464 -29378
-1372 506 791 448 -10246 -29498
-1083 405 546 826 -7990 -28626
-930 339 365 2303 -3776 -26363
-704 205 142 3706 -1026 -24517
-691 155 101 6083 2069 -21869
-743 65 144 8088 2536 -19921
-918 -38 259 8998 1372 -19115
-960 -112 412 9337 -700 -18457
-1066 -163 562 8733 -2776 -18634
-1155 -97 633 7923 -4062 -19047
-1176 -120 615 6719 -5156 -19694
-1148 -250 489 6173 -5069 -19829
-1172 -526 393 5925 -3772 -19484
-1149 -795 257 6785 -2195 -18089
-1166 -1072 228 7764 -1202 -16812
-1241 -1164 291 9509 -988 -14989
-1331 -1235 419 11294 -2485 -13697
-1420 -1244 471 12439 -3711 -13404
-1596 -1410 470 14390 -4939 -13894
-1799 -1589 385 16685 -4916 -15752
-2184 -1825 368 18139 -3604 -17737
-2347 -1983 450 19979 -490 -20902
-2507 -2133 553 20991 1209 -22920
-2970 -2125 898 21699 3094 -26300
-3244 -2184 1163 21424 3917 -29731
-3785 -2362 1378 21055 3097 -31895
-3869 -2434 1465 20452 636 -32768
-3817 -2480 1431 20367 -2978 -32768
-3691 -2450 1331 20702 -5185 -32768
-3699 -2425 1337 21691 -6397 -32525
-3865 -2283 1265 23366 -5473 -31455
-4197 -2051 1141 24885 -4647 -31242
-4388 -1850 1101 27278 -4163 -31399
-4650 -1298 1172 29117 -5476 -31473
-4639 -934 1311 29759 -6863 -31001
-4635 -802 1322 30105 -9569 -29374
-4719 -355 1263 30163 -11529 -27752
-4769 -245 1246 30159 -13913 -24936
-4808 174 1139 30183 -15291 -21715
-4771 588 910 30356 -15631 -19419
-4664 860 787 30738 -15249 -15636
-4544 1503 568 30928 -14751 -13218
-4546 1648 487 31322 -14650 -10129
-4715 2374 -104 32366 -14937 -8125
-4905 2827 -527 5330 32767 32767
-9823 35 -5454 -24383 32767 32767
-9639 -777 -5058 -32768 32767 32767
-10073 -1777 -3760 -32768 32767 32767
-10226 -2304 -2532 -32768 32767 32767
-8353 -4553 -391 -32768 32767 32767
-13759 -1390 -1893 -32768 32767 32767
-9376 -4007 3672 -32768 32767 32767
-8926 -3304 3438 -32768 32767 32767
-8368 -3899 3068 -32768 32767 32767
-7847 -4406 2102 -32768 32767 32767
-7370 -4637 2382 -32768 32767 32767
-6513 -4761 3196 -32768 32767 32767
-5202 -5081 4008 -26928 32767 32767
-4194 -5167 3974 -24327 31914 32767
-3288 -5274 3664 -20435 19549 32767
-2445 -5400 3149 -15956 13049 32767
-1912 -5528 2556 -12518 12344 32767
-1608 -5437 2075 -6771 13279 26581
-1045 -5099 1905 -1963 16577 14837
-363 -4536 1837 745 18114 7965
-193 -4365 1882 3914 18035 4
-120 -3725 2133 5236 15113 -6366
-491 -2840 2732 4796 13015 -10458
-803 -2260 3032 3071 10209 -16043
-1020 -1424 3180 1537 7623 -19738
-850 -610 3069 1103 6317 -20586
-609 -9 3032 1279 5659 -19547
-974 600 3012 2234 5846 -17902
-1808 1135 3136 3015 6508 -17691
-2386 1387 3301 3763 7955 -18911
-2368 2321 2260 4127 3357 -10899
-2619 2248 1890 4009 1261 -14109
-2576 2182 1529 4336 -4721 -18493
-2167 1936 1123 4476 -8274 -20278
-1714 1727 716 4541 -11265 -21111
-1455 1543 514 4495 -10855 -20224
-1480 1094 318 4524 -7199 -19350
-1839 1040 208 4725 -4235 -19643
-1970 1024 189 5315 -687 -21517
-2275 908 196 5664 324 -23361
-2389 800 309 5613 -646 -26288
-2265 577 388 5047 -3873 -28609
-2002 386 298 4640 -6400 -29479
-1915 327 280 4099 -9548 -29802
-1677 241 157 3985 -10960 -29439
-1337 144 33 4324 -11585 -27996
-1098 70 -37 5427 -10437 -25690
-838 -70 -136 6591 -8680 -23975
-698 -260 -143 8778 -4729 -21751
-642 -365 -116 11272 -573 -20240
-702 -375 -151 12797 1994 -19914
-791 -314 -151 15348 2953 -20232
-871 -241 -48 17452 504 -21270
-931 -266 53 18449 -4329 -22546
-1092 -385 346 18272 -7919 -23364
-1143 -406 401 16978 -12063 -24514
-1261 -527 511 14986 -13742 -25075
-1232 -625 631 13502 -13491 -24915
-1204 -643 666 11789 -11668 -23914
-1227 -625 528 11415 -9480 -22269
-1659 108 1677 23531 -8857 -17440
-1630 140 1823 20815 -5515 -19422
-1667 293 1778 18987 -4768 -21284
-2152 466 1820 18126 -5732 -22892
-2523 632 1974 16656 -8677 -25794
-3264 781 2283 15378 -10823 -27777
-3404 667 2431 12962 -12075 -29773
-3260 523 2539 10868 -9823 -28815
-3003 299 2522 10265 -7139 -26457
-3189 263 2418 10976 -4414 -21866
-3674 279 2381 13018 -6678 -18167
-4405 197 2244 14873 -10335 -16491
-4582 131 2091 17997 -15404 -14290
-4756 320 2003 19663 -17002 -13061
-4971 491 1963 21077 -16735 -11817
-5103 852 1726 21468 -14851 -10690
-5133 1031 1657 21248 -13455 -10044
-5055 1740 1533 20189 -11565 -9033
-5004 2119 1273 19592 -11009 -8398
-5077 2441 389 19857 -10915 -7576
-5203 2794 -847 21478 -9216 -6276
-5086 2850 -1593 23529 -6474 -4224
-5102 2734 -2427 28389 1443 747
-5485 2151 -3663 32505 9280 5080
-6094 1143 -4791 32767 24342 12708
-6687 340 -5235 32767 32767 19820
-8039 -691 -5795 32767 32767 23300
-8804 -1858 -5172 27801 32767 26534
-11198 -3839 -3500 10878 32767 24586
-12409 -4927 -2034 -24310 32767 18391
-11988 -5514 -1048 -32768 32767 21135
-10028 -5620 -1872 -32768 32767 31232
-9241 -6085 -3182 -32768 32767 32767
-10386 -6959 -4311 -32768 15158 32767
-12318 -10619 -4398 -32768 -22480 -32768
-11287 -7639 148 -32768 -3813 32767
-9351 -10068 1147 -32768 3244 32767
-8930 -10335 -131 -32768 -10358 32767
-6627 -10713 664 -32768 -23869 32767
-5106 -10597 558 -32768 -21518 32767
-4219 -10274 225 -15788 -3885 32767
-3623 -9599 114 5053 14544 32767
-2497 -8678 1519 13030 24736 32767
-1708 -8568 2529 15547 32767 32767
1021 -6806 3491 9866 31118 32767
1606 -5932 2867 11514 27082 31907
1904 -4787 2439 13383 25705 23587
1939 -4149 2266 15441 25461 11330
1960 -3552 2161 15755 25365 869
1657 -2427 1887 15006 23852 -4906
1513 -2176 1804 12653 20463 -12035
887 -1463 1564 9164 18045 -17852
62 -718 1378 5199 16470 -22735
-858 107 1310 2427 15561 -25375
-1489 452 1387 -1834 15333 -28059
-2268 1004 1450 -4267 15019 -28456
-2560 1122 1386 -6493 13519 -27997
-3522 1462 1291 -6935 12892 -27090
-4151 1788 1338 -6425 12631 -25696
-4409 1737 1324 -4583 10813 -22039
-4523 1670 1299 -2074 7379 -17713
-4560 1537 1308 -367 5401 -15394
-4648 1444 1329 1975 4412 -13919
-4747 1427 1313 3473 4712 -14429
-4721 1479 1351 5457 5948 -16804
-4663 1694 1481 6942 6382 -20384
-4624 1974 1568 7554 5116 -23101
-4377 2399 1724 7650 2537 -26703
-4108 2464 1781 7099 1149 -28684
-3754 2475 1881 6511 814 -28998
-3285 2693 2295 4948 255 -28123
-3076 2806 2576 2768 -1747 -26738
-3058 3035 2649 1514 -4170 -26190
-2919 2979 2453 674 -10129 -25398
-2692 2717 1836 1238 -15822 -24512
-2553 2630 1661 3420 -22243 -22487
-1897 2313 1270 6465 -23091 -19065
-1206 1990 994 8651 -20954 -16240
-843 1813 956 11919 -15685 -11995
-515 1480 947 13986 -10059 -8880
-614 1204 744 15581 -9213 -8101
-831 1126 611 17393 -10688 -8896
-852 988 667 17869 -12519 -10915
-842 698 802 17292 -12988 -12460
-840 551 849 15524 -12647 -14827
-997 367 825 13914 -12975 -16531
-1278 228 717 11094 -14337 -19577
-1315 220 612 8387 -14343 -22217
-1058 31 389 7006 -13179 -23066
-805 -120 228 5982 -10925 -22737
-398 -156 -58 6010 -9677 -21668
-382 -144 -137 6979 -8170 -19673
-353 -18 -277 8654 -7246 -17753
-344 -21 -271 10286 -7046 -15928
-317 -138 -225 11210 -6983 -14671
-392 -298 -195 12202 -6653 -13147
-606 -557 -37 12353 -6128 -12442
-665 -829 279 11671 -4544 -11733
-749 -955 430 10314 -3093 -11436
-996 -1031 628 8845 -2711 -11981
-1119 -1045 688 8021 -3015 -12773
-1291 -1091 699 7364 -4308 -14292
-1459 -1243 633 7721 -5895 -15588
-1808 -1642 514 8569 -6676 -16326
-1898 -1704 488 10377 -6440 -17407
-2106 -1836 658 12103 -3482 -18239
-2131 -2120 938 13234 -382 -18442
-2434 -2209 999 15382 3850 -19117
-2873 -2359 1110 17944 5955 -21207
-3817 -2498 1389 19638 5527 -23475
-4147 -2374 1684 21174 2594 -27614
-4173 -2219 1956 20954 -1191 -30648
-3815 -2117 2172 20361 -3167 -31242
-3348 -1880 2130 19860 -4847 -29979
-3147 -1616 1942 20766 -5980 -27597
-3400 -1192 1722 22116 -6843 -26606
-3826 -624 1675 24452 -8280 -26567
-4001 -287 1636 26749 -9839 -27236
-3974 422 1561 28039 -10569 -27339
-3929 625 1533 29413 -11414 -26570
-4008 1268 1436 29863 -12476 -25153
-4159 1604 1445 29467 -12981 -23981
-4334 1935 1405 28258 -13399 -21675
-4494 2239 1198 27321 -13874 -19781
-4479 2602 779 26166 -15471 -16301
-4686 3080 39 26108 -18886 -12949
-5030 3452 -523 26787 -21348 -11558
-5463 3852 -1106 28734 -23646 -10866
-5746 4568 -2460 30585 -22882 -10099
-5768 4670 -2879 32767 -14914 -6507
-5904 4900 -4269 32767 2464 1714
-6435 4839 -5807 32767 17413 9895
-7872 4453 -6882 32767 32767 23372
-10178 3322 -6494 32767 32767 32767
-11293 2281 -5083 9392 32767 32767
-11211 182 -3094 -13487 32767 32767
-10520 -555 -3049 -32768 32767 32767
-9797 -1046 -2968 -32768 32767 32767
-8971 -1682 -2262 -32768 32767 32767
-8916 -2107 -1859 -32768 32767 32767
-10314 -2009 219 -32768 32767 -32768
-9889 -3293 401 -32768 32767 32767
-9401 -3819 3459 -32768 32767 32767
-8921 -4362 4132 -32768 32767 32767
-8263 -4411 4633 -32768 29683 32767
-7093 -4489 4853 -28997 29577 32767
-6019 -4695 4562 -19197 28287 32767
-5039 -5134 4316 -13131 27890 32767
-4317 -5627 4047 -5435 27806 32767
-3210 -6385 3604 -1574 27834 32767
-2743 -6612 3569 1861 28545 32767
-2058 -6465 3441 3423 28534 32767
-1386 -6141 3380 3995 28105 26219
-212 -5390 3309 3984 25326 19301
210 -4911 3363 3781 22656 14772
509 -4382 3539 2915 18495 7793
837 -3482 3712 2301 14776 3031
942 -2566 3707 1741 8655 -4011
1055 -1935 3635 1796 4270 -10149
1264 -927 3457 2087 3050 -13385
1192 -513 3493 2462 3744 -17209
913 -78 3555 2483 4860 -19634
134 663 3607 2102 5496 -24148
-544 1163 3671 734 5450 -29595
-1433 1897 3910 -896 5502 -32738
-1700 2341 3842 -3471 4565 -32768
-1669 2484 3746 -5493 2999 -31569
-1445 2569 3476 -6297 1959 -27754
-1410 2620 3196 -6222 908 -21107
-1610 2750 2828 -5498 1056 -17419
-1820 2776 2594 -3504 1474 -14062
-2317 2682 1981 -479 1137 -13610
-2523 2564 1611 1439 1270 -14202
-2305 2395 1400 3383 1391 -15041
-1939 2350 1475 3370 1396 -14652
-1422 2137 1657 2321 1293 -13816
-1337 1972 1567 394 -396 -12959
-1522 1729 1283 -716 -1823 -13271
-1870 1606 1003 -1850 -3630 -15280
-2120 1538 817 -2297 -4698 -18730
-2371 1340 562 -2223 -4465 -21201
-2377 1148 447 -1660 -2776 -24418
-2226 900 374 -1121 -1896 -25882
-2115 785 342 -203 -2399 -26938
-1968 669 324 797 -3398 -26796
-1755 480 308 1868 -3741 -25901
-1647 378 389 2569 -3442 -25133
-1415 234 437 3791 -2523 -23741
-1196 233 297 5748 -2609 -22325
-1080 235 240 7388 -3460 -21579
-994 237 196 9947 -5278 -20785
-868 224 144 11524 -6193 -20441
-752 176 196 13397 -6532 -19863
-620 11 276 14598 -6229 -19177
-552 -71 368 15188 -5797 -18563
-530 -43 435 15332 -5717 -18343
-567 -70 536 15190 -5874 -18302
-694 -153 587 14695 -6401 -18974
-1002 -255 715 14043 -6875 -19817
-1227 -303 898 12458 -7126 -21541
-1342 -327 1071 10837 -6945 -22835
-1182 -357 1175 9937 -6698 -22947
-948 -403 1377 8849 -6011 -22001
-780 -412 1416 8667 -5910 -19766
-652 -524 1275 10051 -7879 -17078
-704 -612 1116 11720 -10698 -15571
-1024 -679 1096 14479 -15198 -15006
-1666 -743 1347 15885 -17112 -15793
-1797 -685 1496 16958 -17366 -17941
-1824 -579 1588 16856 -15487 -20430
-1812 -369 1646 16407 -13871 -22010
-1814 -306 1630 15686 -11832 -23980
-1874 -250 1557 15248 -10595 -25528
-2095 -52 1547 15057 -10259 -26471
-2517 286 1620 14667 -10080 -28008
-2981 445 1866 14049 -9770 -29086
-3084 474 1950 12367 -9104 -30128
-3157 504 2173 10382 -8823 -29409
-2974 399 2073 9452 -9551 -27639
-2855 319 1957 9013 -11184 -23570
-3216 330 1748 9742 -12238 -19343
-3706 376 1585 10795 -13253 -17349
-4469 1501 -259 11350 -14742 1663
-4409 1773 -986 16686 -14851 4702
-4648 1953 -1843 25846 -11872 8015
-5270 1748 -2705 32767 -4402 9607
-6561 1225 -3329 32767 3121 8611
-7865 501 -3905 32767 20172 5147
-9378 -894 -4564 32767 32767 4488
-9042 -1693 -3650 32767 32767 12815
-9319 -2118 -2543 19506 32767 29767
-9319 -2626 -2183 -11703 32767 32767
-9580 -3572 -2822 -32768 32767 32767
-10603 -4490 -2768 -32768 32767 32767
-10898 -4865 -2477 -32768 32767 32767
-10394 -5221 -2558 -32768 32767 -32768
-10123 -5097 -2656 -32768 32767 -4175
-10485 -6684 1888 -32768 32767 32767
-11144 -6285 2735 -32768 3342 32767
-9379 -6537 3248 -32768 -11338 32767
-7787 -6600 2607 -32768 -14802 32767
-6355 -6696 2090 -32768 -6626 32767
-4866 -6802 1640 -20656 4019 32767
-3856 -6598 1827 -9609 10884 32767
-2920 -6353 2308 839 19083 32767
-1608 -5964 2879 5414 23256 32767
-922 -5749 2834 6856 24161 32767
-726 -5584 2765 7940 25569 32767
-125 -4889 2238 8656 26923 32637
-44 -4715 2109 9886 29499 21664
287 -4165 1982 10705 31228 12121
501 -3601 2010 11005 28290 4163
481 -2593 1809 11069 23896 -383
492 -2334 1752 10632 17707 -5784
416 -1567 1640 9878 15243 -8552
283 -1102 1524 8479 13523 -11757
-295 -218 1330 7086 14208 -14621
-757 199 1463 6099 15729 -16794
-1541 950 1782 4119 13981 -20434
-2136 1351 2103 2220 10119 -23093
-2824 1695 2507 -1100 4442 -26476
-3005 1833 2577 -3733 -508 -27595
-3095 1873 2342 -4434 -3451 -26916
-3047 2020 2027 -3786 -6018 -24554
-3146 2280 1879 -1687 -6055 -22346
-3247 2285 1812 202 -5369 -21707
-3449 2435 1765 3169 -4358 -22857
-3752 2796 2032 4557 -4152 -24886
-3524 2806 2112 5405 -5703 -27824
-3216 2759 2268 4638 -7123 -29267
-2755 2696 2583 3398 -7239 -29444
-2567 2583 2719 1345 -7156 -29205
-2431 2391 2731 210 -9407 -28919
-2255 2108 2184 459 -12826 -28781
-2146 2016 2008 2194 -19042 -28365
-1708 1811 1467 4782 -23496 -27442
-1455 1793 1235 6278 -23334 -26836
-1298 1723 1260 7666 -18430 -25830
-1177 1482 1185 8462 -12120 -25122
-1373 1268 1151 8607 -8520 -25192
-1467 1048 1338 7832 -4618 -25896
-1665 869 1414 6757 -4096 -26810
-1652 848 1356 5192 -7296 -28090
-1398 682 1125 4170 -11984 -27986
-912 395 666 4038 -14543 -27003
-749 275 413 4811 -16757 -24653
-687 138 210 5785 -16709 -23033
-747 38 44 7454 -14508 -21315
-835 -28 -65 8418 -11863 -20650
-849 -179 8 9179 -6505 -20104
-1002 -490 309 9191 -2560 -20086
-1095 -515 355 8859 1972 -20865
-1328 -427 431 8505 2812 -22353
-1371 -337 288 8539 1252 -23320
-1230 -282 205 8799 -3121 -24032
-1021 -337 161 8923 -6170 -23603
-700 -680 44 9341 -8888 -21585
-548 -1010 -37 10182 -8646 -18644
-787 -1297 91 11091 -5282 -16312
-1015 -1390 182 11636 -2127 -15663
-1308 -1468 210 12805 1378 -15959
-1742 -1479 337 14173 1739 -17866
-1828 -1617 465 15058 526 -19433
-1831 -1702 505 16440 -2053 -21339
-1987 -2084 730 17643 -3902 -22859
-2134 -2153 806 18365 -4168 -23893
-2330 -2216 896 19197 -2643 -25801
-2822 -2243 1182 19545 1313 -28623
-3772 -2262 1408 19972 5680 -32437
-4386 -2135 1489 20468 7576 -32768
-4466 -2055 1502 21669 7362 -32768
-4049 -1769 1397 22710 5448 -32768
-3615 -1625 1361 24326 589 -32768
-3297 -1453 1340 25461 -4899 -30661
-3219 -1176 1406 25830 -7552 -27063
-3719 -824 1484 25962 -9135 -23589
-4127 -576 1468 26106 -9464 -22677
-4469 -130 1290 26407 -10071 -22842
-4561 191 1206 26743 -12001 -23286
-4445 656 1192 26672 -13514 -23023
-4249 880 1160 26166 -15250 -21172
-3943 1221 1000 25494 -15898 -17930
-3910 1335 950 25080 -15606 -15479
-3918 1772 760 24491 -14583 -12082
-4006 1986 661 24059 -13967 -10258
-4081 2239 542 23393 -13243 -8433
-4332 2844 320 22813 -12765 -7887
-4335 3022 245 21945 -12244 -7472
-4466 3728 -356 21670 -12765 -7189
-4538 3996 -787 22085 -13417 -6839
-4556 4158 -1388 24299 -14156 -5055
-4633 4196 -2661 29219 -12806 -1133
-5084 4067 -4127 32767 -7936 2579
-5884 3579 -5105 32767 10847 10320
-6443 3034 -5413 32767 32767 21974
-8681 2078 -5674 32767 32767 30224
-9276 1795 -5621 20084 32767 32767
-10375 171 -4677 -4097 32767 32767
-9746 -1264 -2829 -24054 32767 32767
-9509 -1516 -2282 -32768 32767 32767
-9046 -1904 -1026 -32768 32767 32767
-8191 -2263 -780 -32768 32767 32767
-8455 -2550 -1317 -32768 32767 32767
-7180 -3259 -906 -32768 32767 32767
-8867 -3411 156 -32768 32767 32767
-9836 -3500 645 -32768 32767 32767
-9045 -4075 3061 -32768 32767 32767
-7215 -4231 4407 -32768 32767 32767
-5836 -4093 4464 -32768 32767 32767
-5050 -4059 4302 -28022 27640 32767
-3828 -4178 3765 -23659 22910 32767
-3088 -4394 3524 -17538 18269 32767
-2119 -4666 2828 -12181 14489 32767
-1862 -4708 2429 -9261 12990 32767
-1732 -4681 2282 -5953 12234 29374
-1125 -4473 2110 -4556 13330 21690
-668 -4105 1945 -3141 15553 11030
-477 -3782 1945 -2040 17324 2211
-368 -3155 2088 -1012 18403 -4298
-383 -2961 2168 -332 18746 -7492
-567 -2230 2391 587 18497 -11072
-970 -1279 2769 1028 18237 -12849
-1125 -793 2969 1244 16814 -14611
-1685 2404 3139 1557 3389 -13148
-1725 2317 2742 1834 -142 -13443
-1857 2130 2429 2082 -1286 -14100
-2016 1906 2321 2042 -36 -14876
-2210 1851 2187 1773 2015 -16831
-2378 1774 1935 1610 2441 -18377
-2335 1603 1638 1554 956 -20365
-2321 1499 1425 1673 -3571 -22001
-2217 1397 1275 1581 -7218 -22866
-2052 1260 1166 1278 -11471 -23628
-2086 1036 874 1101 -12664 -24621
-2221 937 733 1172 -10783 -25763
-2338 836 439 2057 -6073 -27761
-2359 786 288 3636 -2665 -29360
-2270 706 231 4670 -1988 -29876
-2142 599 281 5818 -2963 -29754
-1920 510 358 6402 -5374 -28898
-1668 430 453 6522 -6916 -27978
-1333 276 494 6658 -8411 -26116
-1206 200 412 7509 -9188 -24284
-1074 169 171 8650 -9666 -23333
-968 106 -46 10943 -10126 -22299
-802 34 -57 13293 -9775 -21405
-699 -22 8 14580 -9104 -20902
-683 -61 113 15950 -8539 -20527
-974 -94 283 16400 -8770 -21227
-1313 -167 527 16053 -8715 -22382
-1414 -168 632 14899 -8135 -24355
-1498 -179 666 13593 -7274 -25835
-1409 -337 617 13089 -6496 -26034
-1208 -430 611 12789 -5843 -24918
-1234 -421 649 12932 -6551 -22836
-1092 -352 777 13380 -7553 -20068
-1077 -343 761 14018 -8251 -18120
-1116 -414 772 15436 -9136 -15600
-1154 -541 856 16466 -9281 -14329
-1368 -619 942 17953 -8700 -13730
-1679 -569 1087 19155 -7540 -14394
-1836 -550 1159 19789 -7166 -15298
-2002 -418 1181 20329 -8539 -16922
-1935 -206 1215 20284 -10604 -17788
-1820 -72 1276 19297 -13443 -18429
-1540 74 1418 18288 -14237 -18411
-1488 65 1446 16537 -13173 -17971
-1750 13 1454 15130 -9856 -18395
-2477 83 1545 14357 -7089 -19545
-2582 114 1571 13563 -4392 -21653
-2780 321 1614 13215 -4381 -22836
-2780 450 1730 12723 -5841 -23304
-2580 474 1828 12663 -8808 -21755
-2924 209 1674 13138 -11523 -20477
-3530 70 1746 13721 -14379 -19637
-4285 -33 2069 13672 -14836 -19530
-4523 -256 1866 14043 -15204 -18818
-4562 -246 1684 14843 -15139 -17079
-4568 -45 1556 15236 -13835 -15612
-4651 160 1490 15359 -10495 -13316
-4632 526 1476 14630 -7180 -10814
-4424 825 1526 13616 -5429 -8688
-4263 1116 1506 11667 -3693 -4881
-3967 1625 1225 10459 -3416 -2122
-3958 2011 869 9606 -6150 1736
-4070 2407 351 10664 -12421 4055
-4480 2861 -1046 14356 -17773 4436
-4764 3103 -1839 18219 -18647 3650
-5088 3055 -2706 25715 -14445 1775
-6328 2259 -4423 31750 -7256 119
-7815 1352 -5245 32767 14995 -1809
-8887 -367 -5211 32767 32767 3351
-10666 -1992 -4098 30725 32767 10070
-11820 -2939 -2684 3091 32767 23650
-11624 -4459 -1741 -32416 32767 32767
-9705 -5024 -3623 -32768 32767 32767
-9482 -4950 -4193 -32768 32767 32767
-10153 -5428 -4224 -32768 32767 32767
-12832 -6989 -2748 -32768 32767 32767
-13565 -5781 5452 -32768 10649 32767
-10655 -8458 2987 -32768 22733 32767
-8482 -7784 3783 -32768 17034 32767
-8262 -7835 2241 -32768 2349 32767
-7724 -7430 1369 -32768 -5215 32767
-5757 -7282 1226 -17903 10263 32767
-4890 -7158 1925 -5193 25006 32767
-4323 -6877 2773 3705 32767 32767
-3525 -6365 4217 3440 32767 32767
-2914 -6161 4246 1971 32767 32767
-2457 -5877 3703 2363 28511 32767
-1270 -5494 2723 4692 28197 32767
-595 -5124 2204 9649 31123 32767
148 -4403 1840 14007 32767 31696
411 -3880 2096 15938 32641 24069
447 -3504 2298 15682 30291 18638
359 -3006 2378 13632 24284 9793
255 -2233 2411 11514 20347 3905
225 -2048 2370 7940 15665 -4251
53 -1418 2274 4766 11380 -11721
-480 -748 2130 3066 9565 -16507
-838 -198 2119 988 10113 -22823
-1286 572 2189 -155 11111 -26004
-1564 984 2221 -1537 10539 -28674
-1986 1466 2385 -2582 9571 -28808
-2278 1473 2392 -2801 9390 -28124
-2747 1562 2391 -2266 8486 -27305
-3017 1850 2348 -1371 6294 -27319
-3295 2147 2366 -191 498 -28188
-3371 2416 2675 2 -3517 -28821
-3261 2496 2807 -651 -7393 -29091
-3080 2443 2923 -1594 -7161 -28344
-2961 2191 2731 -1645 -5567 -27658
-2992 2130 2625 -150 -2435 -27253
-3125 1929 2200 3340 569 -27956
-3264 1942 1921 6205 1111 -28996
-3297 1981 1697 9813 -2031 -30436
-3047 1957 1625 10991 -5890 -30563
-2366 1816 1820 10308 -10199 -29038
-1737 1466 2074 8648 -10845 -27308
-1618 1104 2082 5715 -9139 -25149
-1860 909 1733 3912 -6849 -24849
-2143 783 1453 3446 -5834 -25930
-2459 721 1156 4072 -5962 -29164
-2560 753 734 5196 -7287 -31501
-2332 753 448 7524 -10443 -32768
-1449 588 77 9915 -12840 -32658
-996 454 -18 11430 -12953 -30553
-622 337 -52 13399 -10310 -25889
-273 114 32 14445 -7218 -22418
-250 -55 186 15587 -2672 -17927
-380 -159 238 16321 -174 -15448
-929 -329 243 16640 -245 -15400
-1528 -355 345 16619 -2374 -17699
-1822 -198 360 16299 -4616 -20272
-1795 -91 398 15177 -7562 -24251
-1627 -66 389 13661 -8856 -26677
-1233 -130 338 12638 -8943 -26977
-1043 -203 348 11362 -7462 -25443
-699 -312 290 11032 -4780 -21798
-601 -600 75 11636 -3538 -18818
-716 -726 -32 13446 -3687 -14764
-1070 -769 -99 15830 -5208 -12131
-1139 -803 -42 17295 -5905 -11242
-1564 -1017 83 19343 -6419 -11186
-1792 -1147 132 20577 -6401 -11945
-2157 -1535 150 22432 -6240 -14063
-2480 -1810 127 24160 -5992 -17196
-2780 -1994 169 25039 -5378 -19438
-2882 -2024 284 25551 -3522 -22558
-2976 -2074 573 25339 -1831 -24239
-3069 -2115 737 24686 320 -26192
-3331 -2189 877 24272 -152 -27687
-3690 -2302 802 24344 -1877 -28527
-3932 -2332 784 24713 -4759 -29577
-4110 -2274 731 25030 -6244 -30015
-4052 -2116 748 25113 -7218 -29841
-3767 -1844 907 24783 -6624 -29024
-3411 -1579 1017 24106 -4840 -26721
-3291 -1391 994 23996 -3285 -24009
-3309 -931 993 24254 -2420 -22602
-3421 -503 997 25015 -2755 -21509
-3756 151 1111 25352 -5334 -21546
-4079 657 1272 24997 -13028 -22383
-4103 783 1325 24003 -18465 -22885
-4054 1184 1508 21643 -22824 -22842
-3948 1376 1514 19892 -22622 -21984
-3861 1553 1388 18013 -19469 -19700
-3856 1957 993 17509 -16495 -17838
-3824 2212 822 17926 -11399 -13701
-3897 2514 519 18706 -10664 -11613
-4013 2911 269 20170 -11673 -8882
-4150 3303 -125 22113 -14366 -6647
-4201 3391 -330 23979 -16534 -5393
-4505 3565 -991 27564 -18147 -4071
-4871 3812 -1814 30332 -17163 -3448
-5321 3949 -2975 32767 -10921 -1888
-5596 3960 -4117 32767 4255 3201
-5714 3813 -5615 32767 22161 10322
-6307 3604 -5912 32767 32767 24468
-8010 3319 -6092 32767 32767 32733
-9491 2536 -5827 15964 32767 32767
-10683 -29 -3494 -16806 32767 32767
-10050 -951 -2222 -32768 32767 32767
-9129 -1263 -1705 -32768 32767 32767
-8043 -1633 -1897 -32768 32767 32767
-4245 -4493 3217 -12303 23091 32767
-3763 -4758 3147 -4823 24619 32767
-2890 -4998 3215 -2073 25979 32767
-2363 -5252 2972 326 27955 32767
-1623 -5369 2749 1157 29067 32767
-951 -4925 2664 1692 29772 30508
-532 -4608 2671 2356 29950 23451
5 -3832 2555 3359 29649 19041
146 -3475 2715 4933 28927 12797
123 -3062 2931 5418 25770 6379
-43 -2261 3526 4741 22564 2043
-160 -1968 3809 2261 18520 -3713
-351 -1645 3964 -595 15400 -8928
-688 -657 3988 -2101 13472 -12021
-719 -311 4001 -3572 10993 -15295
-772 167 3916 -3918 7466 -16361
-817 457 3831 -3580 4825 -16141
-1017 948 3707 -2590 1775 -15401
-1264 1215 3583 -1259 1447 -15192
-1618 1678 3299 -313 3242 -15436
-1696 1765 3185 1230 7202 -16220
-1735 2046 2816 2808 10330 -16848
-1715 2212 2593 3389 11361 -17133
-1726 2206 2721 2694 10874 -17431
-1842 2053 3051 1199 9023 -17659
-1930 1954 3070 -1346 3967 -18195
-2153 1696 2659 -3023 -1096 -19164
-2219 1593 2247 -2772 -5169 -20750
-2359 1620 1455 -1411 -7880 -22218
-2363 1557 835 1629 -10182 -24393
-2287 1431 566 4643 -10025 -25985
-2280 1264 340 6055 -9154 -26944
-2494 1186 402 6648 -6845 -28679
-2589 1092 492 5529 -4150 -30341
-2557 895 656 4120 -2784 -31015
-2502 733 802 1406 -1795 -31352
-2320 547 782 -138 -2382 -31131
-2209 464 582 -1236 -4846 -30520
-2104 457 263 -804 -6722 -30104
-1984 373 -19 192 -7290 -30017
-1926 361 -88 2427 -7952 -29915
-1614 325 -164 4063 -7772 -29647
-1253 221 -67 6269 -5998 -28656
-1081 164 4 8179 -3347 -27043
-854 101 35 9463 -1822 -25776
-776 53 29 11449 -565 -23885
-769 19 -26 12906 -175 -22887
-821 7 42 14844 -171 -21861
-986 -20 172 15812 -2140 -21827
-1426 -101 392 15756 -4644 -22603
-1674 -2 608 14590 -9024 -24433
-1612 49 714 12413 -12193 -25697
-1315 18 803 10795 -13017 -25664
-902 -53 792 8772 -12320 -23856
-579 -153 693 8222 -9765 -20181
-377 -235 515 9014 -7931 -17161
-415 -252 347 11577 -5383 -13252
-818 -422 384 13788 -4009 -11568
-1221 -585 540 17007 -2620 -10926
-1686 -688 918 19421 -1578 -11940
-1847 -724 1141 20733 -1105 -12996
-1793 -657 1202 22305 -1355 -14716
-1758 -498 1290 23086 -2122 -16362
-1773 -370 1489 22988 -2536 -17397
-1884 -376 1694 21820 -2788 -18977
-2091 -361 1944 20564 -3211 -19982
-2326 -336 2037 18294 -5126 -21507
-2458 -182 2214 15654 -7107 -22490
-2466 29 2353 13982 -7712 -22704
-2512 135 2390 11986 -7576 -22532
-2638 198 2398 11050 -7038 -21797
-2658 161 2250 11344 -7050 -20882
-2956 59 1975 13350 -8393 -19442
-3645 210 2206 14864 -9226 -19111
-3909 376 2307 16325 -10346 -19233
-3979 457 2145 17393 -13173 -18867
-3977 664 2088 17682 -14673 -18065
-3935 685 2170 17034 -14087 -15893
-3939 758 2154 15772 -12082 -13247
-4217 1071 1883 14957 -12052 -11905
-4632 1374 1692 13677 -14207 -11374
-4910 1973 1284 12352 -16448 -11387
-4796 2156 997 11699 -16791 -10968
-4647 2399 224 11950 -16033 -9598
-4772 2634 -392 14026 -14781 -8516
-5499 2634 -1217 16242 -12542 -8212
-5999 2190 -2008 20671 -5212 -6769
-6190 1568 -3050 26747 6111 -2202
-6309 1213 -3681 31201 15539 3018
-6813 698 -4266 32767 32261 12890
-8835 -968 -5191 32767 32767 19486
-10287 -2342 -5213 32767 32767 28196
-12257 -4185 -4078 23390 32767 32767
-12403 -5157 -2353 -7971 32767 32767
-10581 -6070 -417 -32768 32767 32767
-8853 -6052 -827 -32768 32767 32767
-8280 -5952 -2251 -32768 23850 32767
-8267 -6264 -3503 -32768 32767 32767
-8191 -9198 -5661 -32768 32767 32767
-9563 -7059 -2674 -32768 32767 32767
-9704 -7963 -1298 -32768 32767 32767
-10410 -7536 986 -32768 32767 32767
-9640 -6977 2286 -32768 32767 32767
-8372 -6868 2803 -31976 30948 32767
-6295 -6705 3246 -30349 22274 32767
-4713 -6444 3465 -29359 23919 32767
-3683 -5788 3251 -28126 24851 32767
-3440 -5559 3164 -24708 23070 32767
-2612 -5168 2968 -20053 19355 32767
-1923 -4875 2744 -16600 16991 32767
-1244 -4600 2550 -11564 14681 32767
-816 -4311 2433 -8664 14302 32452
-691 -4173 2388 -5121 14959 25043
-445 -3611 2348 -2582 16709 17002
-271 -3088 2177 -1089 17361 11618
-127 -2683 1963 1234 16640 4493
91 -2070 1772 3382 13995 -891
283 -1511 1558 4678 10865 -3321
484 -1237 1461 6294 6032 -5223
52 -662 1273 7087 4164 -6473
-551 -261 1229 7772 4220 -10222
-1122 113 1223 7796 7229 -16278
-1790 739 1205 7504 9702 -20957
-2328 1133 1174 6706 12702 -28020
-3008 1651 1340 5800 14560 -31982
-3373 1851 1744 3789 16602 -32768
-3407 1815 1866 1584 13849 -32768
-3396 1671 1869 187 9514 -32691
-3387 1558 1949 -1646 3290 -27762
-3584 1728 1957 -2414 236 -24624
-3841 1999 1903 -2536 -3609 -21965
-4163 2464 1638 -1759 -6323 -21596
-4301 2738 1556 138 -9100 -22466
-4124 2787 1750 1817 -8138 -23187
-3624 2617 2001 2801 -6265 -23040
-3351 2365 2341 4603 -3519 -22126
-3291 2296 2501 5236 -4122 -21900
-3196 2222 2418 6382 -9372 -21890
-2904 2147 2060 7417 -14666 -21925
-2572 2117 1883 8892 -21176 -21734
-2145 2115 1438 10601 -23752 -21330
-1828 2039 906 11921 -23189 -20899
-1639 1865 622 14059 -19361 -19882
-1254 1583 388 2402 -14694 -17778
-121 150 324 2577 -13304 -14572
-93 42 229 3685 -10743 -12004
-361 -190 -41 5746 -8638 -10789
-497 -167 -89 8118 -7105 -10910
-538 -81 -81 9553 -6446 -11432
-530 -62 6 11009 -5301 -12459
-402 -145 211 11434 -4231 -12972
-1562 -1881 605 12260 -6507 -18161
-1918 -2326 412 14310 -4591 -18150
-2553 -2537 341 18176 -2157 -19342
-3129 -2521 545 21991 391 -22036
-3462 -2450 810 24705 3534 -25551
-3941 -2448 1305 26352 6027 -28728
-4027 -2554 1425 27103 6185 -30156
-3940 -2618 1505 27874 3564 -30792
-3828 -2572 1561 27997 -1203 -29802
-3680 -2342 1673 27670 -4305 -28684
-3695 -2214 1704 27020 -7679 -27299
-4274 -1821 1540 26788 -9531 -27663
-4796 -1386 1413 26940 -10142 -28872
-4951 -1191 1379 27333 -11291 -31466
-5088 -521 1358 27572 -12199 -32747
-4606 -92 1206 28118 -13873 -32197
-4503 35 1134 29322 -16143 -28714
-4280 463 694 30642 -17699 -25467
-4354 611 547 32767 -19922 -20842
-4779 1167 60 32767 -20869 -18876
-5311 1885 -458 32767 -21196 -17831
-5654 2380 -943 32767 -21511 -17949
-5865 2827 -1536 32767 -22868 -17804
-5892 3531 -3483 32767 -23047 -14765
-5842 3879 -4931 32767 -18688 -9861
-5800 4215 -6154 32767 3375 3617
-6260 4494 -6940 32767 28335 15663
-8287 3409 -6773 32767 32767 31537
-9118 2543 -5925 14436 32767 32767
-8799 1995 -5671 -9383 32767 32767
-7502 830 -5741 -32768 32767 32767
-6715 657 -5158 -32768 32767 32767
-6174 205 -4596 -32768 32767 32767
-6262 -649 -3359 -32768 32767 32767
-7694 -3228 -2837 -32768 32767 32767
-7161 -1836 1380 -32768 32767 32767
-7261 -1565 3679 -32768 32767 32767
-6776 -1371 3803 -32768 29130 32767
-6131 -1620 3657 -32768 18340 32767
-5180 -2167 2517 -32768 18276 32767
-4605 -2344 2119 -32768 21389 32767
-4421 -2407 2103 -24652 24143 32767
-3611 -2544 2414 -14592 26104 32767
-3071 -2867 2483 -10713 27436 32767
-2591 -3121 2374 -7424 29030 32767
-2206 -3327 2190 -5325 30892 29634
-1689 -3544 1743 -3597 31356 26414
-1447 -3338 1291 -89 30650 22099
-1380 -3125 1172 3299 29670 17770
-1287 -2761 1433 4517 28325 14809
-1186 -2493 1659 4328 24205 10465
-1087 -2000 2301 1661 20557 6158
-997 -1717 2494 -919 18961 3610
-930 -1407 2703 -4842 17934 470
-948 -1239 2685 -6718 17818 -1343
-1041 -1001 2620 -7628 17644 -4201
-1188 -452 2639 -7030 17348 -7027
-1102 -76 2796 -6238 16344 -8335
-1080 280 3019 -5103 12758 -9336
-1165 491 3049 -3935 7939 -9679
-1220 743 3192 -3408 6158 -9712
-1335 1044 3300 -2755 6009 -9871
-1442 1279 3161 -1489 6067 -10677
-2352 1657 1376 5619 -413 -18740
-2325 1597 1142 5691 -1862 -17886
-2211 1489 774 6359 -4106 -17829
-2148 1395 436 7109 -5793 -18440
-2261 1379 113 8513 -8270 -20462
-2355 1364 -19 9422 -9560 -22448
-2387 1212 -65 10310 -10233 -25708
-2302 1092 -10 10363 -9340 -28478
-2011 884 254 9264 -7414 -30085
-1679 638 519 8131 -6018 -30525
-1499 516 606 6341 -4588 -30399
-1249 456 549 5434 -4333 -29835
-1060 426 326 4938 -4941 -28137
-1039 96 180 5020 -7425 -27070
-1197 54 140 5380 -13213 -26071
-1206 65 84 5867 -18938 -25221
-1071 -75 163 6186 -22353 -24225
-829 -218 189 6553 -22975 -23304
-789 -232 62 7728 -22140 -22078
-734 -141 -91 9692 -18601 -21044
-724 -48 64 10797 -16041 -20594
-1010 -195 -8 12775 -12833 -20497
-1139 -244 86 14535 -10103 -21245
-1235 -380 443 15354 -7693 -21919
-1204 -409 524 16126 -3244 -22497
-1140 -461 985 16142 1257 -22547
-916 -527 1117 16066 3826 -21267
-693 -857 1380 16377 4672 -19534
-431 -1184 1450 17924 4176 -15588
-1084 -1538 1633 20147 714 -13175
-1857 -1241 2037 21254 -2177 -13346
-2157 -1052 2393 21997 -5526 -15335
-1940 -1134 3070 21843 -6980 -16835
-1828 -1145 3490 21417 -7601 -17624
-2226 -403 4032 20961 -9151 -19592
-2669 -67 4171 20747 -11640 -22059
-3256 246 4279 20274 -18100 -27525
-3615 951 4170 19970 -23280 -31235
-3511 1259 3999 19702 -29929 -32768
-3360 1628 3191 20986 -32768 -32768
-3345 1975 2545 23109 -32768 -32768
-3473 2728 1830 27560 -32768 -32768
-4068 3293 1086 32767 -22842 -32768
-4537 3521 470 32767 -14214 -32768
-4850 3554 -213 32767 304 -32768
-5465 3094 -1580 32767 16444 -32768
-6856 2583 -3798 32767 28601 -29473
-7186 1996 -4947 32767 32767 -19471
-7241 71 -4438 32767 32767 5420
-8749 -709 -4487 32767 32767 16395
-9307 -1636 -5138 23318 32767 26576
-10133 -3123 -5789 1738 32767 28954
-10419 -3830 -5731 -32542 32767 29947
-11175 -4346 -5327 -32768 32767 31177
-11266 -4635 -4984 -32768 32767 32767
-10081 -4992 -5751 -32768 24020 32767
-9519 -5626 -6548 -32768 7403 32767
-9647 -6271 -6442 -32768 -19744 32767
-9676 -8440 -4113 -32768 32767 32767
-9879 -7550 -1344 -32768 32767 32767
-11318 -7891 -1024 -32768 23394 32767
-9622 -7780 -179 -32768 -16870 32767
-6950 -8540 808 -32768 -16378 32767
-3064 -8599 2146 -32768 -5063 32767
-2775 -8500 2060 -32120 338 32767
-2526 -8230 884 -19453 -9442 32767
-1626 -7447 804 -10768 -8634 32767
-1144 -7458 356 1523 5219 32767
-58 -7114 -134 11747 23614 32767
304 -6293 115 18757 32767 24762
295 -5605 386 21554 32767 17530
277 -4930 808 22846 32767 8588
163 -4070 1412 21862 32767 1602
-300 -3218 1710 20618 32767 -2689
-641 -2716 1793 18145 32767 -8890
-1028 -1597 1854 14743 30655 -14257
-903 -855 1822 11969 25634 -16680
-986 -283 1787 7495 23816 -18690
-1186 322 1758 3604 27796 -19512
-1714 1070 1635 1781 30173 -19486
-2105 1505 1532 28 28996 -18946
-2753 2473 1536 -912 24765 -18223
-3020 2729 1408 -1865 16995 -16256
-3701 3035 1236 -2248 11605 -14272
-4303 3135 1117 -2377 9730 -13262
-4430 3116 1032 -1881 8281 -11664
-4472 2972 842 -1047 8281 -10171
-4357 2760 528 1257 8558 -7434
-4207 2647 302 4862 8607 -4676
-4179 2485 140 7553 8890 -3385
-4261 2393 152 11277 7626 -2990
-4358 2310 229 14028 3283 -4481
-4088 2232 390 15115 -322 -5980
-3728 2175 509 15741 -5122 -8453
-3543 2088 526 15898 -8350 -10870
-3329 1901 522 16005 -9327 -12358
-3279 1785 471 16528 -9729 -14721
-3309 1988 516 16853 -12607 -17339
-2909 2357 687 16586 -16513 -18775
-2611 2392 898 14962 -21777 -20021
-2398 2328 1079 12008 -24546 -20423
-2145 2058 1174 9803 -25174 -20402
-1959 1867 1170 6536 -24500 -20022
-1604 1543 932 4754 -23372 -19656
-1600 1452 841 2969 -21760 -19473
-1625 1282 596 2058 -20666 -19930
-1501 1235 449 1705 -20296 -20426
-1399 1162 372 1415 -20257 -21068
-1239 1084 375 1188 -19990 -21178
-949 938 448 993 -19313 -20844
-713 805 524 707 -17461 -19586
-424 563 518 758 -16109 -18467
-294 380 390 1452 -14119 -16890
-340 307 261 2843 -12215 -16134
-633 192 98 4022 -10897 -16356
-787 90 90 5782 -8859 -17533
-975 -14 131 7140 -7569 -19497
-1185 -128 283 7690 -7092 -20977
-1117 -164 346 8096 -6235 -22750
-1053 -203 328 8579 -4864 -23419
-887 -374 190 9218 -3537 -23093
-710 -492 88 10824 -1813 -21312
-598 -743 -93 13152 -2327 -18424
-519 -1069 -157 14817 -3741 -16212
-660 -1303 -73 16876 -5948 -13468
-1052 -1773 165 17832 -7133 -12412
-1546 -2391 442 18676 -8487 -12199
-2066 -2669 608 19058 -9257 -14279
-2674 -2782 683 19404 -9181 -16500
-2896 -2702 528 20690 -9136 -20488
-2903 -2772 532 23104 -9660 -23642
-2747 -3147 699 26357 -10293 -24658
-2858 -3538 946 28685 -10292 -24844
-3278 -3682 1211 31610 -9069 -26347
-4253 -3474 1755 32767 -6487 -30843
-5237 -2994 2162 32767 -5099 -32768
-5658 -2563 2026 32767 -24079 -27590
-6681 4161 -6978 32767 -22518 -21936
-6190 4899 -8210 32767 -674 -4880
-7321 4180 -8009 32767 25282 9690
-7664 4495 -8113 32767 32767 32767
-7559 4639 -8518 17188 32767 32767
-6805 3353 -8814 -4676 32767 32767
-6244 3035 -8725 -32768 32767 32767
-5458 2118 -7707 -32768 32767 32767
-5069 1072 -5747 -32768 32767 32767
-4803 -320 -3846 -32768 32767 32767
-5833 -2289 -4799 -32768 32767 -32768
-3842 -2976 1661 -32768 32767 32767
-4662 -2918 2259 -32768 32767 32767
-5648 -2572 2500 -32768 32767 32767
-6992 -2364 2616 -32768 32767 32767
-6733 -2140 2660 -32768 32767 30520
-5237 -1295 3458 -32768 32767 27297
-3818 -397 3623 -32768 32767 26190
-3364 -315 3501 -32768 32767 25909
-2140 -522 2711 -32768 27384 25563
-1917 -674 2417 -32768 17013 22934
-1437 -930 1841 -32768 11726 18653
-980 -1121 1309 -29150 11268 14231
-802 -1227 838 -23367 12102 11502
-768 -1291 524 -14753 13513 7806
-871 -1355 701 -8346 15221 4577
-866 -1360 900 -5568 15565 2624
-1019 -1382 1070 -2893 14255 -167
-1274 -1275 980 -516 11210 -2918
-1432 -1173 1041 1005 9038 -4473
-1582 -1079 1115 3159 6544 -5811
-1519 -937 1041 5500 4540 -5456
-1452 -669 1156 859 -16182 -4364
-2385 980 2184 1057 -18799 -3836
-2366 966 2122 1630 -18222 -3545
-2334 921 2011 2344 -15414 -3821
-2367 1026 1962 3611 -9536 -5222
-2423 1149 1805 4542 -6083 -6752
-2426 1196 1655 6444 -4160 -9547
-2253 1359 1307 8339 -5177 -12429
-2181 1387 1165 9461 -7662 -15435
-2033 1225 980 9584 -10501 -18324
-1954 871 882 9254 -11772 -20025
-1936 771 879 8144 -12811 -22626
-1877 500 825 7132 -13240 -24349
-1800 352 776 5419 -13116 -26958
-1749 138 758 3716 -11870 -29695
-1884 -31 587 2689 -11624 -32768
-1869 -130 284 2424 -12274 -32768
-1823 -153 221 2567 -13527 -32768
-1570 -270 190 3056 -13477 -32768
-1269 -524 252 3625 -12499 -32768
-1198 -702 214 5167 -10492 -32768
-1366 -880 82 7545 -8930 -32521
-1438 -839 57 9328 -8456 -31580
-1429 -727 37 11856 -8463 -30282
-1220 -626 72 14024 -8143 -28639
-998 -573 206 15084 -7500 -27283
-752 -595 318 16295 -6026 -24921
-740 -628 317 17527 -4837 -22911
-1125 -716 351 18363 -4736 -22329
-1359 -729 388 19161 -5802 -23293
-2014 -637 597 18848 -7841 -25975
-2061 -481 864 18031 -8849 -27532
-1769 -501 950 16696 -9110 -28290
-1385 -501 1076 15491 -7046 -26940
-1211 -405 1133 15023 -4994 -25156
-1131 -354 1097 15282 -2780 -21957
-1216 -286 973 16269 -2645 -19824
-1342 -275 953 18306 -5149 -17671
-1729 -207 950 20223 -9457 -16891
-4264 -308 2302 15952 -13833 -25536
-4307 -402 2182 16501 -16083 -26177
-4160 -521 1943 17077 -15321 -25399
-4128 -266 1895 17897 -10997 -22551
-4155 -61 1901 18076 -4378 -18189
-4036 -210 1999 17845 23 -14693
-4274 72 1838 17303 3366 -10214
-4483 562 1808 15896 1674 -7994
-4921 1055 1672 14622 -1816 -7972
-5335 1230 1406 12983 -8420 -9495
-5531 1501 662 12412 -11274 -10545
-5507 1547 392 13238 -12650 -10924
-5391 1655 -473 14931 -12075 -10217
-5275 1687 -1104 18988 -9278 -7494
-5407 1660 -2530 24572 -2781 -2921
-5867 1135 -3185 28763 4347 826
-6375 172 -4026 32767 18687 7998
-6993 -167 -4951 32767 30296 13399
-7814 -538 -5327 32767 32767 20950
-9402 -1363 -4928 32767 32767 24676
-9881 -2127 -3545 13164 32767 29244
-10160 -2973 -2244 -19434 32767 32600
-10279 -4154 -1572 -32768 32767 32767
-9961 -4716 -1768 -32768 32767 32767
-9855 -5139 -1970 -32768 32767 32767
-10268 -5734 -2588 -32768 25533 32767
-12899 -7436 -4103 -32768 -32768 -5448
-10259 -6996 -963 -32768 29609 32767
-10044 -8084 2174 -32768 32767 32767
-10428 -8298 2334 -32768 32674 32767
-9118 -8347 1839 -32768 19115 32767
-7812 -8483 1708 -32768 15449 32767
-6585 -8735 2190 -24102 21161 32767
-4536 -8948 3112 -16648 27947 32767
-3600 -8659 3531 -13633 28429 32767
-3001 -8322 3691 -9938 21712 32767
-1762 -7775 3385 -6925 14380 32767
-1380 -7355 3400 -2691 8985 32767
-651 -6520 3051 735 10293 32767
333 -6127 2605 2681 12566 32767
871 -5714 2471 4752 16249 24172
1438 -5098 2340 5356 18117 16744
1562 -4505 2323 5234 19362 5361
1350 -3399 2435 4520 18920 -2476
1281 -1880 2334 3382 17110 -12896
1083 -1267 2244 2962 16092 -20755
625 -574 2175 3430 14696 -27019
81 546 2109 4003 12033 -30096
-428 1240 2084 4715 7053 -32768
-1424 2108 2209 4893 4561 -32768
-2285 2498 2292 4959 1525 -32768
-2903 2504 2397 4872 -330 -32768
-4034 2517 2431 4883 -1359 -32768
-4188 2517 2387 4875 -4542 -31702
-3921 2393 2191 4958 -10293 -27540
-3448 2504 2010 4853 -13670 -24249
-3145 2499 1988 4175 -15265 -20024
-3015 2068 2072 3146 -14053 -18283
-3102 1994 2103 2300 -13770 -18925
-3315 2181 2207 584 -15447 -22488
-3365 2457 2210 -1080 -17889 -25906
-3014 2554 2198 -4055 -21623 -30585
-2530 2398 2135 -6843 -22664 -32119
-1674 1993 1786 -7775 -21682 -30971
-1369 1671 1517 -7365 -18250 -27396
-923 1280 1468 -5724 -12545 -23176
-880 1122 1565 -4267 -8479 -20855
-1020 1032 1448 -1484 -4319 -19085
-1277 1079 1239 2058 -3446 -19875
-1611 1102 1032 4289 -3856 -21436
-1722 997 1064 6325 -3607 -23982
-1606 646 1153 6777 -1991 -25696
-1439 501 1144 6443 -687 -26224
-1376 459 1186 4973 1163 -26178
-1185 312 1345 3438 2232 -25583
-988 216 1319 1178 2592 -23716
-689 50 1014 -285 917 -21117
-619 -8 841 -700 -1344 -18694
-628 -11 514 -277 -2554 -17527
-599 -15 405 892 -2527 -16589
-596 -63 421 1727 -1311 -16508
-590 -104 380 3165 921 -17187
-690 -87 351 4558 2221 -18694
-796 -61 386 5342 2354 -20030
-817 4 434 6210 1706 -21748
-653 -77 585 6538 1067 -22216
-581 -221 650 6981 -444 -21898
-628 -564 528 7959 -2785 -20854
-723 -770 395 9784 -4473 -19698
-1016 -1047 308 11218 -4486 -19335
-1316 -1343 387 13225 -2616 -19406
-1585 -1640 596 14803 1047 -20047
-1763 -1840 753 16211 4939 -20994
-2100 -2053 859 17376 6287 -21855
-2512 -2194 850 19442 4843 -23677
-2672 -2269 919 21173 926 -25575
-2737 -2328 1176 21790 -1351 -26484
-2925 -2602 1557 21846 -2482 -27404
-3259 -2789 1759 21487 -1272 -28959
-3914 -2772 1920 21446 -282 -30531
-4262 -2491 1801 22239 -338 -32768
-4306 -2062 1664 23300 -1539 -32768
-4178 -1725 1693 25122 -3891 -32768
-3991 -1516 1765 26942 -5264 -32192
-3930 -1347 1764 28423 -5851 -29817
-4058 -1159 1678 31086 -7488 -26204
-4661 -460 1512 32767 -9273 -24540
-4769 -229 1492 32767 -11834 -23192
-5002 429 1386 32767 -13474 -22496
-4981 895 1134 32767 -14011 -21828
-4911 1350 839 32767 -14575 -20224
-4932 1653 538 32767 -15108 -18870
-4970 1961 126 32767 -16005 -16658
-5265 2469 -578 32767 -16994 -15280
-5579 2958 -1476 32767 -18308 -13230
-5734 3156 -2255 32767 -16498 -9974
-5971 3321 -3370 32767 -11041 -6533
-6033 3386 -4113 32767 5245 2241
-6346 3358 -5466 32767 19539 10723
-6935 3226 -6091 32767 32767 25215
-8730 2288 -6108 23103 32767 32767
-9451 1140 -5077 7244 32767 32767
-9321 808 -4676 -22758 32767 32767
-8823 -234 -3850 -32768 32767 32767
-7918 -874 -2938 -32768 32767 32767
-7132 -1230 -2128 -32768 32767 32767
-6502 -4933 -1877 -32768 32767 32767
-7499 -1483 2473 -32768 32767 32767
-8721 -2643 2568 -32768 32767 32767
-8682 -2290 2707 -32768 32767 32767
-7715 -2731 3417 -32768 32767 32767
-7096 -2900 3371 -32768 32767 32767
-6228 -2849 3377 -32768 32767 32767
-5996 -2831 3490 -26289 32767 32767
-5107 -2947 3981 -20945 32767 32767
-4174 -3571 3899 -18669 32767 32767
-3327 -4075 3758 -16508 26407 32767
-2383 -4624 3320 -15085 17396 32767
-1881 -4718 2912 -14094 11682 26234
-1619 -4480 2527 -13549 10570 19187
-1280 -4152 2182 -12533 12320 8335
-1062 -3893 1932 -10538 16358 -1189
-408 -3206 1729 -7513 20357 -7240
-278 -3042 1784 -5391 21921 -9221
-130 -2223 2267 -2934 22047 -10502
-382 -1830 2574 -1962 20907 -11159
-651 -1431 2818 -1215 17077 -12472
-997 -601 3090 -1111 10507 -13496
-1083 -277 3235 -1492 6115 -13775
-1071 209 3388 -2700 1245 -13672
-1055 561 3379 -3746 -1136 -13041
-1227 1046 3286 -3958 -1957 -12559
-1460 1251 3235 -3632 -2644 -12594
-1680 1407 3190 -2684 -4399 -13122
-1914 1662 2971 -1673 -5793 -13477
-1975 1906 2845 56 -7200 -13596
-1825 2014 2808 1655 -6474 -12581
-1661 2097 2699 2681 -4837 -11548
-1682 2178 2501 4558 -2024 -10234
-1631 2210 2336 5784 34 -9542
-1656 2240 2313 6944 3527 -9274
-1818 2114 2289 7271 6010 -10145
-2056 1908 2096 7213 6011 -11304
-2098 1856 2069 6620 3484 -13666
-2211 1577 1995 5910 800 -15457
-2209 1496 1839 4477 -3616 -18258
-2119 1394 1561 3674 -6361 -19935
-2435 944 1062 3150 -8332 -22278
-1643 1081 645 3232 -7523 -22903
-2159 1218 -19 4713 -4762 -25245
-2153 1017 -88 5812 -1434 -27151
-2256 860 -7 6771 4630 -30330
-2102 699 431 6530 7915 -32731
-1899 552 396 6199 6806 -32768
-1673 460 465 5326 1099 -32768
-1305 353 375 4691 -3933 -31782
-1048 150 257 4004 -10841 -29513
-871 56 210 3766 -17178 -26828
-744 -66 59 4007 -20197 -25148
-688 -163 -33 5060 -21720 -23206
-825 -265 -239 6301 -20435 -22742
-1123 -233 -246 8411 -15477 -23694
-1362 -124 -125 10253 -9041 -25779
-1516 58 95 11116 -5098 -27380
-1442 141 316 11973 -738 -29199
-1179 104 398 12747 1195 -29050
-806 -94 439 13337 1175 -27817
-744 -241 479 14190 -139 -25148
-846 -426 633 14855 -2383 -22332
-967 -470 726 15147 -3961 -20745
-1257 -397 884 15405 -6122 -19008
-1362 -289 1034 15469 -7915 -17716
-1327 -257 1174 15450 -8432 -16802
-1204 -248 1397 15384 -8088 -14794
-903 -383 1642 15638 -6671 -11909
-839 -455 1761 16122 -5738 -10067
-1126 -378 1680 17613 -6258 -8653
-1562 -189 1822 18739 -8081 -10077
-2109 401 2235 18485 -8104 -12571
-2480 860 2780 16522 -6187 -17557
-2654 1088 3160 14568 -4994 -20915
-2696 1156 3154 11760 -6715 -24747
-2541 1201 3058 10149 -12487 -25985
-2676 1170 2706 10071 -19423 -25576
-3203 1183 2584 10621 -22962 -25655
-3780 1383 2293 12328 -24322 -26262
-3983 1423 1972 14192 -22743 -26453
-4110 1388 1679 17736 -17272 -25951
-4238 1389 1364 21733 -9333 -24099
-4408 1380 940 24669 -3887 -22136
-5532 1151 376 29504 3202 -19837
-5975 829 -165 32767 8850 -17066
-6078 330 -869 32767 11724 -14062
-6129 240 -1436 32767 13334 -8472
-6571 45 -2207 32767 13115 -4990
-7049 -574 -2852 32767 14665 -10
-7320 -845 -3634 32767 17755 5991
