32767 2288 -7581 0 0 0
-3777 -2694 -371 32767 -2517 -9341
-3889 -2693 -332 32767 -8995 -10680
-4315 -2748 -97 32767 -11921 -9864
-4980 -2618 -57 32767 -11671 -8359
-5406 -2491 -10 32767 -8879 -4664
-5361 -2244 -144 32767 -6643 1726
-5053 -1608 -128 32767 -6682 6902
-4885 -1017 -41 32767 -10975 13730
-4819 -159 105 32767 -17770 17442
-4947 423 76 32767 -21883 18028
-5197 678 47 32767 -27327 17165
-5454 1017 49 31285 -31374 16887
-5480 1315 101 27205 -32768 19036
-5507 1895 -215 24202 -32571 24585
-5582 1991 -468 24236 -25798 28732
-5960 2127 -1553 27620 -16986 32767
-7013 1937 -3171 31212 -13175 32767
-7870 1855 -4360 32767 -3838 32767
-8622 1434 -5962 32767 9422 32767
-9283 898 -6917 32767 32763 32767
-9839 90 -7767 19667 32767 32767
-10270 -971 -7275 2891 32767 32767
-10021 -1819 -5678 -28637 32767 32767
-9062 -3680 -4581 -32768 32767 32767
-8296 -4402 -3096 -32768 32767 32767
-7353 -6063 -1072 -32768 32767 32767
-12804 -6431 -2815 -32768 32767 32767
-6257 -6694 2204 -32768 32767 32767
-6159 -7079 4394 -32768 32767 32767
-5392 -7496 4696 -32768 32767 32767
-4529 -7243 4918 -32768 32767 32767
-3795 -6772 4817 -32768 32767 32767
-3065 -6790 4517 -32768 32767 32767
-2708 -6661 4308 -28184 32767 32767
-2291 -6302 4191 -12126 32767 32767
-1546 -5477 4174 -489 32767 24536
-1014 -4554 4165 4472 32767 18772
-1090 -3840 4235 8169 25360 10213
-1134 -2619 3841 9426 19060 4999
-1196 -2149 3419 11217 11925 -1330
-1419 -1680 2901 13606 8228 -6292
-1565 -956 2235 15345 7689 -8708
-1724 -256 1812 17206 8622 -11466
-1881 258 1629 17623 9767 -14127
-2292 1009 1486 16923 10732 -16297
-2495 1442 1437 14637 12564 -20125
-2847 1989 1387 12425 13852 -22967
-3068 2222 1332 8710 15969 -27535
-3416 2318 1072 5754 17634 -32042
-3745 2271 556 4750 17872 -32768
-3639 2203 157 4865 16763 -32768
-3298 1891 -310 5689 15149 -32768
-3185 1641 -503 7106 11217 -31797
-3079 1264 -752 8328 6173 -27639
-3030 1100 -835 8909 2890 -24942
-2962 939 -872 9317 -1303 -21423
-2744 784 -839 9244 -3262 -19517
-2524 667 -752 8607 -5021 -17430
-2357 542 -708 7916 -5727 -16303
-2037 433 -714 7744 -5937 -15935
-1799 367 -793 8420 -6247 -15819
-1380 202 -882 9490 -6246 -15732
-992 -6 -950 11943 -5726 -15747
-1050 -370 -915 15014 -4763 -15932
-584 -357 -912 18337 -3843 -15927
-643 -400 -832 20411 -3183 -16545
-628 -624 -582 22886 -2224 -18169
-528 -882 -399 23971 -1686 -19553
-513 -965 -360 25332 -1857 -22626
-747 -1347 -168 25949 -2707 -24243
-617 -1347 -151 26762 -5178 -25941
-797 -1804 -306 27535 -6424 -27377
-884 -1668 -423 29136 -9342 -29377
-555 -1645 -556 30574 -10549 -29945
-555 -1669 -547 32767 -10089 -30256
-503 -1698 -588 32767 -6830 -29942
-426 -1579 -506 32767 -3788 -29231
-454 -1586 -404 32767 1024 -27878
-790 -1711 -207 32767 3987 -27347
-1215 -1699 -127 32767 7066 -27396
-1395 -1642 -44 32767 7318 -27662
-1593 -1849 -52 32767 6065 -27544
-1511 -2096 -168 32767 3667 -26221
-1398 -2198 -334 32767 2050 -23521
-1445 -2234 -374 32767 1829 -21845
-1880 -2322 -344 32767 1378 -20721
-2635 -2444 -271 32767 380 -21248
-3383 -2573 -228 32767 -2208 -23315
-3581 -2570 -281 32767 -1854 -25053
-3774 -2430 -460 32767 2079 -25456
-3782 -2186 -429 32767 11871 -24092
-3783 -2077 -240 32767 20617 -20689
-4183 -1778 76 32767 22214 -18393
-4696 -1509 644 32767 15981 -15641
-4990 -1312 1189 32767 8220 -13767
-5183 -1091 1275 28373 -2540 -10204
-5469 -953 1095 22890 -6780 -5439
-5943 -758 846 21379 -6697 -1731
-6189 -520 691 22225 -7598 4756
-6435 -206 529 25249 -12365 12624
-6488 -342 704 26761 -18971 19190
-6571 -305 1234 26132 -27166 29511
-6905 -301 1604 24399 -30226 32767
-7112 -394 1204 23990 -32768 32767
-8100 -530 -451 27420 -32768 32767
-9034 -871 -1388 28555 -20925 32767
-9268 -1093 -1403 25792 -5254 32767
-9594 -1886 -1318 18040 11020 32767
-9491 -2931 -1752 12521 12967 32767
-9644 -3769 -2226 5866 7735 32767
-10375 -5438 -3453 2955 5429 32767
-11462 -7200 -4665 2341 11602 32767
-12438 -9237 -5335 179 32583 32767
-12611 -10509 -5232 -7674 32767 32767
-12024 -12226 -4470 -16769 32767 32767
-11865 -13517 -3774 -32768 32767 32767
-11655 -15207 -2786 -32768 32767 32767
-11466 -15976 -1772 -32768 32767 32767
-13329 -15973 -705 -32768 18737 18704
-10599 -15887 1302 -32768 32767 32767
-8650 -14969 2903 -32768 25196 32767
-8253 -14586 1009 -32768 29040 32767
-7768 -14279 507 -32768 32767 32767
-6685 -13597 2151 -32768 32767 32767
-5750 -12945 3357 -32768 32767 32767
-4650 -11729 3855 -32768 32767 32767
-3991 -10975 3960 -32768 32767 32767
-3252 -9680 3966 -32768 32767 32767
-2726 -8935 4028 -29881 32767 32767
-2136 -7755 4265 -23745 32767 31850
-1912 -6940 4371 -15905 32767 26697
-1625 -5787 4461 -10005 32767 21817
-1366 -4850 4425 -5886 32767 17456
-1274 -4046 4048 -3869 27167 14642
-1192 -3319 3652 -1734 17374 10548
-1254 -2888 3342 -378 11164 6436
-1617 -2189 2723 443 10092 3329
-1702 -1998 2600 1793 12578 -1858
-2105 -1420 2255 2944 15678 -5796
-2246 -1020 1981 5603 20131 -11544
-2389 -515 1508 8280 22319 -15052
-2559 -16 915 13734 23289 -19599
-2488 237 535 17853 21289 -21467
-2437 511 151 23580 14520 -22828
-3013 910 27 26144 5970 -24451
-3724 1027 310 25373 -276 -25775
-4246 985 425 21822 -7435 -27787
-4455 931 324 19353 -8954 -28193
-4548 845 -683 18957 -7449 -27459
-4688 867 -1581 24135 -3393 -26409
-4810 993 -2571 29643 116 -25752
-4801 1107 -2803 32767 5118 -24542
-4453 1222 -2609 32767 7485 -23027
-3810 1217 -2023 32767 9333 -19140
-3298 1168 -1554 32767 10111 -13787
-2673 1080 -1009 32692 10098 -10294
-2378 1023 -808 25626 8901 -6531
-2047 877 -649 21583 7377 -5198
-1812 774 -642 17487 4338 -4490
-1520 616 -636 16087 1863 -4612
-1355 379 -681 15771 -2889 -5587
-1463 103 -837 16708 -6771 -6846
-1557 8 -891 19221 -12957 -9852
-1705 -171 -968 22114 -18062 -13597
-1529 -204 -918 23726 -20094 -15773
-1325 -270 -837 25392 -20653 -17966
-1100 -445 -750 26115 -19605 -18731
-877 -542 -769 27025 -16328 -18855
-725 -588 -816 27904 -11944 -18042
-650 -610 -881 28610 -8575 -17166
-544 -643 -938 29844 -3391 -15473
-404 -679 -1007 31121 1525 -13703
-362 -720 -1035 31857 4493 -12570
-301 -709 -1050 32614 7457 -11250
-309 -833 -823 32350 8758 -10569
-228 -869 -782 31774 8083 -10288
-175 -1043 -719 30521 4703 -10150
-241 -1238 -721 29217 257 -10576
-399 -1677 -800 28610 -2227 -11039
-554 -1924 -883 28442 -4025 -12249
-928 -2216 -1011 28876 -3554 -13370
-1402 -2457 -920 30245 -659 -15403
-1833 -2547 -766 32663 3104 -17290
-2103 -2740 -685 32767 4063 -18167
-3074 -2779 -379 32767 1336 -19561
-3976 -2791 87 32767 -1820 -19651
-7512 635 158 32767 -32768 32767
-8828 930 -1862 32767 -32768 32767
-10193 1406 -3505 32767 -31057 32767
-11052 1733 -4524 30531 -14278 32767
-11367 1680 -5642 22902 -872 32767
-12065 1617 -7065 11978 25473 32767
-12051 884 -8391 5836 32767 32767
-11826 55 -8188 2000 32767 32767
-10442 -1337 -6122 -10203 32767 32767
-9003 -2785 -3429 -29690 32767 32767
-8240 -3744 -1675 -32768 32767 32767
-7586 -4760 -75 -32768 32767 -32768
-6997 -5167 3339 -32768 32767 32767
-5765 -6128 4743 -32768 32767 32767
-5566 -6402 4513 -32768 32767 32767
-4784 -6856 4070 -32768 32767 32767
-4187 -6820 3868 -32768 32767 32767
-3016 -6471 3861 -32768 32767 32767
-2377 -6180 3373 -32768 32767 32767
-2017 -6311 3170 -21829 32767 32767
-1407 -6222 3309 -11182 32767 20418
-1297 -5524 3426 -6399 32767 12012
-1654 -4948 3331 -1560 24835 -172
-1889 -4433 2927 2452 15111 -8951
-2053 -3896 2105 5850 11908 -12511
-2170 -3292 1303 12334 11311 -14750
-2275 -2763 1057 18766 13495 -14436
-2607 -1759 921 22123 15223 -13927
-2867 -1030 1039 24785 17563 -13793
-3389 171 1260 24447 19083 -15018
-4021 1283 1422 22970 19762 -16519
-4357 1752 1429 20066 21089 -18918
-4869 2269 1319 18106 21741 -20262
-5115 2547 1259 15038 21174 -20981
-5050 2793 1509 12388 19542 -20137
-4866 2783 1600 7069 15302 -16279
-3940 2554 1538 1096 7993 -10081
-3565 2426 1307 -2562 1420 -5979
-3241 2303 1049 -7066 -9745 -1309
-2853 2090 672 -9252 -17322 410
-2691 1937 390 -11149 -27381 717
-2550 1709 19 -11527 -31796 -598
-2501 1537 -227 -10770 -32768 -4437
-2308 1273 -456 -8902 -28964 -9640
-1764 910 -629 -7023 -23889 -13143
-1442 515 -831 -2714 -16572 -18336
-1253 60 -957 2520 -10891 -23949
-246 -374 -775 6264 -10098 -27087
-245 -389 -331 11139 -8576 -29729
-151 -554 -494 15296 -5211 -32262
312 -747 -246 17426 -876 -32768
125 -591 -56 19695 5192 -32768
113 -409 -23 22346 8016 -32768
581 -1028 -633 25072 7789 -32768
528 -1105 -665 29137 5602 -32768
341 -909 -413 31955 3514 -32768
317 -814 -263 32767 2815 -32768
254 -798 -171 32767 2544 -32768
161 -851 -186 32767 2762 -32119
116 -938 -154 32767 3349 -30867
-168 -1053 -134 32767 3396 -30043
-409 -1139 -222 32767 2701 -29057
-743 -1246 -288 32767 2231 -28356
-897 -1395 -250 32767 2540 -27130
-1517 -1731 -115 32767 3194 -26834
-1916 -1837 -79 32767 3970 -26864
-2099 -1870 139 32767 6808 -26626
-2144 -1831 436 32767 9827 -26365
-2324 -1903 411 32767 13301 -26464
-2566 -2130 287 32767 14267 -26627
-2585 -2142 199 32767 14106 -26226
-3029 -2480 206 32767 12768 -25724
-3250 -2556 220 32767 8641 -25652
-4203 -2417 231 32767 4419 -26922
-4382 -2370 299 32767 3502 -27735
-5114 -2283 662 32767 4302 -28391
-6074 -2185 1110 32767 4207 -28067
-6487 -2400 1292 32767 1103 -24663
-6977 -2815 1382 32767 -4285 -17216
-8001 -2841 1519 32572 -6754 -11376
-8446 -2334 1540 31927 -7120 -3469
-8784 -1524 1151 32366 -6959 1281
-8742 -969 550 32767 -12466 8802
-8454 -296 129 32767 -25232 16940
-8324 302 60 32767 -32768 21850
-8554 79 47 28215 -32768 27745
-9017 -398 -773 24956 -32768 30266
-9198 -573 -1063 21901 -22348 31282
-9274 -1185 -1584 19527 -13184 31566
-8499 -2406 -2130 17909 -13171 32742
-8460 -2798 -2251 15128 -17742 32767
-8682 -4040 -2737 12336 -16467 32767
-8941 -5525 -3622 10620 -7011 32767
-8900 -6876 -4212 6479 8649 32767
-9367 -9654 -5501 -10 15675 32767
-9640 -10797 -6307 -4551 21827 32767
-9931 -11701 -7094 -11659 32767 32767
-9681 -13080 -7748 -17282 32767 32767
-8620 -14530 -6458 -30960 32767 32767
-8037 -15644 -5058 -32768 32767 32767
-7572 -17098 -3525 -32768 32767 32767
-7536 -17616 -2965 -32768 32767 32767
-6498 -17711 1705 -32768 32767 32767
-5438 -16769 1603 -32768 32767 32767
-5620 -16207 -912 -32768 32767 32767
-5623 -15508 -722 -32768 32767 32767
-4952 -14148 1866 -32768 32767 32767
-4623 -13013 2886 -32768 32767 32767
-3930 -11175 3217 -32768 32767 32767
-3545 -10292 3410 -32768 32767 27801
-3442 -9506 3715 -32768 32767 20611
-3122 -8361 3956 -32768 32767 16049
-2675 -7184 3811 -32768 32767 14503
-2521 -6676 3673 -32768 32767 13023
-2537 -5887 3328 -30537 32767 11522
-2663 -5415 3092 -25384 32767 8225
-2752 -4724 2874 -20992 32767 4859
-2837 -4279 2746 -18439 32767 2532
-2890 -3537 2460 -14524 32767 -1008
-2920 -3121 2308 -11691 32767 -3124
-2999 -2539 2003 -6967 32767 -5861
-3041 -2171 1724 -1574 32767 -7421
-3016 -1732 1451 2038 32767 -7612
-2950 -1300 1134 7286 32767 -7073
-3272 -894 620 10952 32767 -6935
-3410 -758 505 16685 32767 -8019
-3829 -340 -60 23202 31055 -10482
-4361 189 -572 27660 28111 -12690
-4737 446 -768 32767 21111 -16311
-4897 734 -1202 32767 14044 -18079
-4723 1112 -1433 32767 3243 -18973
-4681 1405 -1629 32767 -4022 -18317
-4641 1571 -1977 32767 -8055 -16407
-4508 1714 -2691 32767 -9066 -14636
-4226 1867 -3259 32767 -8439 -11627
-4057 1817 -3409 32767 -6223 -8973
-3885 1697 -3167 32767 -4222 -7389
-3411 1454 -2536 32767 -538 -4734
-2868 1415 -1902 32767 1953 -1905
-2466 1156 -1457 32767 2675 -64
-1684 980 -626 28707 3213 2595
-1507 983 -494 19990 1711 4675
-1102 738 -314 15345 -92 5566
-833 616 -381 11150 -3598 6320
-537 421 -653 10309 -6209 6428
-458 359 -757 11254 -9805 5601
-373 258 -985 14316 -12721 3654
-418 46 -993 16878 -13664 1624
-468 -1259 -173 29452 5071 -18556
-406 -1447 -191 28883 5510 -16890
-485 -1460 -114 27999 5668 -14257
-531 -1611 207 27192 6123 -12513
-615 -1678 263 26177 6469 -10607
-976 -1849 330 26312 5157 -9688
-1363 -2090 291 27268 3469 -9465
-1557 -2203 222 30170 -238 -9146
-2061 -2268 82 32767 -3021 -8870
-2147 -2243 109 32767 -5847 -7499
-2442 -2365 395 32767 -5821 -5857
-3046 -2487 666 32767 -4991 -3646
-4056 -2684 928 32767 -7174 -1677
-4970 -2847 1149 32767 -10182 9
-5254 -2864 1248 32767 -17661 4995
-5490 -3065 1020 32767 -25035 10101
-5433 -2980 932 32767 -32768 19520
-5418 -2407 899 32767 -32768 26982
-5835 -1304 749 32767 -32768 29265
-6244 -656 542 32767 -32768 28726
-6888 519 -240 32767 -32768 25977
-7215 1560 -2192 32767 -28841 26216
-7653 1739 -2966 32767 -13411 29819
-8973 2036 -4951 32767 -1894 32767
-9518 2796 -5960 32767 7168 32767
-9547 1325 -5453 28889 14434 32767
-9094 861 -5593 2766 28946 32767
-8250 323 -5768 -15632 32767 32767
-8213 175 -5941 -32768 32767 32767
-7451 -941 -5698 -32768 32767 32767
-6670 -2084 -4594 -32768 32767 32767
-6022 -3071 -2455 -32768 32767 32767
-5909 -4367 -973 -27466 16327 -29845
-5259 -4346 2123 -24852 32767 32767
-4174 -4790 4038 -31205 32767 32767
-3514 -4799 5534 -32768 32767 32767
-2284 -4968 5919 -32768 32767 32767
-2217 -4835 5863 -32541 32767 32767
-1515 -3933 5056 -25701 32767 32767
-1041 -3045 4274 -19927 32767 32767
-1051 -2793 4066 -11289 32767 32767
-1181 -2104 3639 -4828 32767 31646
-1227 -1337 3188 -2039 30036 22308
-1560 -561 2788 23 27125 8665
-1915 -35 2536 479 25599 -4381
-2545 815 1934 704 24505 -15594
-2618 935 1811 1004 24009 -21137
-2912 1288 1501 1275 23497 -26741
-3085 1357 1494 1235 23501 -29109
-2673 1281 1089 1478 22774 -29329
-2760 1130 843 2616 20391 -27995
-2631 1173 672 3956 19270 -26244
-2774 1280 529 4588 19109 -25816
-2917 1398 395 4936 17957 -26486
-2769 1430 303 4552 15183 -28064
-2704 1344 310 3198 11701 -30618
-3010 1127 333 1838 9033 -32768
-3127 1065 330 -265 4989 -32768
-2999 962 11 -1097 1721 -32768
-2798 842 -324 -733 470 -32768
-2460 724 -505 1208 461 -32768
-1571 224 -734 3228 1504 -32768
-1404 92 -746 6936 4578 -32768
-1043 -209 -713 9618 7412 -32768
-844 -359 -717 13872 11601 -32768
-844 -524 -768 16840 13192 -32768
-950 -677 -783 21051 12967 -32768
-1152 -896 -654 24238 10009 -32768
-1339 -1108 -438 25513 6462 -32768
-1305 -1174 -421 26463 -793 -32768
-994 -1266 -315 26538 -5419 -32768
-823 -1219 -285 26207 -9511 -31106
-768 -1244 -347 26260 -10095 -27363
-700 -1307 -574 27440 -8126 -23407
-752 -1260 -646 28692 -5804 -20946
-967 -1264 -664 30673 -2822 -18284
-1186 -1433 -513 31636 -2819 -17149
-1438 -1386 -798 32767 -8185 -16689
-1698 -1268 -784 32767 -14713 -16979
-1557 -1321 -582 32163 -16705 -16977
-1496 -1342 -557 30736 -16053 -16438
-1736 -1438 -586 29304 -12583 -16385
-1934 -1400 -678 28446 -9956 -17035
-1989 -1323 -734 27320 -5658 -18195
-1894 -1298 -584 25940 -349 -18884
-1806 -1405 -464 25101 3060 -18891
-1609 -1731 -501 24804 7270 -18499
-1651 -1806 -490 25223 9536 -18471
-1700 -1802 -441 26803 12836 -18699
-1727 -1833 -408 29564 16373 -19060
-1776 -1694 -76 31654 19454 -19436
-1893 -1578 328 32767 24085 -20438
-2995 -1778 796 32767 24656 -22511
-3883 -1670 1212 32767 20785 -26300
-4649 -1274 2018 32767 17362 -28135
-4848 -1120 2331 32767 12413 -27808
-5545 -395 3311 32767 9608 -24388
-5625 -308 3551 32767 7317 -13661
-6921 -531 3264 32767 2402 280
-7361 -595 2922 32767 -4903 9695
-7813 -220 2089 32767 -13214 21241
-7922 -49 1823 32767 -15927 26221
-8413 227 826 32767 -19978 29996
-8130 -131 553 32767 -25759 32767
-8008 -538 404 32767 -27469 32767
-8304 -945 -151 32767 -26319 32767
-9337 -2084 -1497 29621 -22540 32767
-10065 -2813 -2507 23100 -11195 32767
-10992 -4363 -3972 18509 3828 32767
-11137 -4866 -4274 15531 14024 32767
-11866 -7282 -5732 12514 23913 32767
-12089 -8645 -6562 7169 32767 32767
-11753 -10512 -6939 -3055 32767 32767
-11515 -11740 -6334 -14287 32767 32767
-11621 -13373 -5171 -32768 32767 32767
-11700 -14157 -4392 -32768 32767 32767
-11049 -14785 -2999 -32768 32767 32767
-10619 -14877 -1536 -32768 32767 32767
-9949 -15026 253 -32768 32767 32767
-8602 -14649 1747 -32768 32767 32767
-7996 -12823 4487 -32768 32767 32767
-8735 -12551 1341 -32768 32767 32767
-8399 -12221 1175 -32768 32767 32767
-7816 -11763 2183 -32768 32767 32767
-6580 -10861 3854 -32768 32767 32767
-5804 -10244 4282 -32768 32767 32767
-4828 -9435 4348 -32768 32767 32767
-3352 -8176 3991 -32768 32767 32767
-2677 -7399 3994 -29625 32767 32767
-1982 -6331 4123 -22793 32767 30434
-1610 -5738 4118 -19085 32767 27482
-1336 -5177 4175 -15103 32584 22885
-1068 -4353 4086 -13276 28770 19649
-1010 -3724 3644 -10712 25066 14554
-991 -3351 3251 -7502 24676 9599
-1087 -2830 2721 -5098 25360 6259
-1289 -2502 2430 -1431 26712 1266
-1451 -2078 2107 666 27461 -1677
-1539 -1783 2039 2759 27783 -5673
-1624 -1232 1893 4000 25352 -9917
-2188 -342 1508 4782 22263 -13335
-2262 -167 1323 6796 15589 -18260
-2443 395 428 10077 9344 -21636
-2463 504 198 12920 7470 -22841
-2736 736 -277 17327 8111 -24321
-3290 975 -494 20069 9883 -25622
-3948 1142 -855 24156 11721 -28419
-4332 1514 -1236 26796 11874 -30526
-4396 1566 -1584 30656 9501 -32731
-4288 1431 -1871 32767 6082 -32650
-4194 1320 -1865 32767 4519 -30488
-4054 1170 -1763 32767 4450 -28205
-3825 1104 -1631 30910 5753 -23829
-3352 1197 -1401 28437 6861 -20670
-2974 888 -1036 24486 7609 -16394
-2515 941 -950 22194 7182 -13906
-2413 977 -930 20008 4700 -11642
-2043 833 -805 19283 1629 -10737
-2019 768 -828 19719 -437 -10901
-2049 551 -896 21364 -3250 -12119
-1996 393 -856 22649 -4526 -13152
-1757 280 -772 24426 -4953 -14327
-1606 186 -718 25444 -4414 -14739
-1418 93 -685 26717 -2539 -14655
-1024 -40 -621 27457 -783 -14237
-935 -75 -626 28642 2131 -13187
-624 -299 -660 30137 4940 -11923
-582 -418 -652 31224 6519 -11260
-561 -506 -661 32729 8163 -10708
-500 -641 -660 32767 8519 -10542
-441 -719 -642 32767 7803 -10561
-351 -808 -618 32767 6652 -10717
-307 -862 -635 32767 4634 -10830
-240 -1132 -737 32767 2841 -10769
-217 -1371 -828 32767 1995 -10605
-227 -1514 -864 32767 492 -10317
-313 -1841 -806 32767 -799 -10198
-456 -2011 -710 32767 -1895 -10238
-710 -2261 -489 32767 -1683 -10397
-1198 -2727 -408 32767 -1521 -10520
-1545 -2944 -275 32767 -1285 -10673
-2172 -3108 35 32767 -1761 -10793
-2793 -3145 197 32767 -4764 -10537
-3463 -3107 728 32767 -7486 -9734
-3984 -3115 986 32767 -11432 -7238
-4357 -3225 1165 32767 -16298 -1712
-5250 -3355 1314 32767 -20760 2864
-5966 -3223 1377 32767 -29647 9358
-7166 -2907 1557 32767 -32768 13022
-7374 -2718 1602 32767 -32768 17629
-7392 -1670 1303 32767 -32768 21312
-7381 -1394 1110 32767 -32768 27009
-7837 -955 -387 32767 -32768 31569
-8608 -381 -2659 32767 -32768 32767
-10304 992 -5488 32767 -32768 32767
-10683 1831 -6283 32767 -19781 32767
-11473 1250 -8256 25174 4978 32767
-11873 1787 -9992 18831 21924 32767
-11859 1215 -10293 9340 32767 32767
-10761 -391 -8764 1821 32767 32767
-9927 -1281 -7241 -12360 32767 32767
-9303 -2005 -5382 -29506 32767 32767
-8723 -3540 -2427 -32768 32767 32767
-8426 -4513 -431 -32768 32767 32767
-8708 -5383 4387 -32768 32767 -32768
-7455 -6945 5116 -32768 32767 32767
-5876 -7139 6050 -32768 32767 32767
-4508 -7481 5899 -32768 32767 32767
-3905 -7237 4936 -32768 32767 32767
-2761 -5982 3678 -32768 32767 32767
-2097 -5830 3448 -32768 32767 32767
-1768 -5937 3384 -25880 32767 29196
-1463 -5476 3421 -15009 32767 22379
-1648 -4759 3760 -4590 32767 11904
-1575 -4027 3669 1077 32767 3675
-1560 -3661 3493 3421 29349 111
-1626 -3210 3088 6591 21723 -2363
-1678 -2656 2234 9607 18182 -2242
-1713 -2299 1674 15464 14351 -128
-1905 -1620 1279 19142 12054 1554
-2245 -673 1070 23030 8073 2994
-2886 325 1008 24189 5639 2582
-3075 688 1059 23575 4236 -158
-3567 1624 1169 20809 6631 -4745
-4189 2338 1154 18527 10602 -8627
-4451 2701 1083 15425 17907 -14377
-4482 2983 851 13433 23226 -18164
-4185 3113 770 12440 24580 -18707
-3751 3024 750 10888 22626 -15901
-3156 2787 689 9487 18331 -12217
-2627 2599 593 6565 7810 -5615
-2412 2444 463 3581 -5148 17
-2206 2117 26 2411 -13256 2725
-2064 1885 -379 2867 -20736 4895
-1857 1368 -1050 5717 -21647 4757
-1756 1130 -1316 8628 -20245 3487
-1645 788 -1440 13434 -16734 -725
-2494 273 -1148 16675 -14475 -9009
-2086 -366 -1076 19093 -12752 -16033
-1066 149 -657 19899 -11155 -18873
-188 696 -739 21162 -8366 -20898
-147 1034 -809 22882 -4835 -23282
315 705 -1617 24436 4252 -24941
-1427 109 1328 19969 12476 -30197
-842 -469 810 16093 16814 -32768
-192 -863 826 14151 17826 -32768
-183 -1096 -434 16395 16449 -32768
-529 -1565 -395 19917 10734 -32768
-689 -1777 -407 22114 5566 -32768
-585 -1719 -485 25461 -2468 -31296
-444 -1642 -282 27437 -7005 -29244
-341 -1726 -184 29673 -11011 -25713
-205 -1765 -192 31680 -10491 -21709
-265 -1526 -69 32742 -8556 -19298
-396 -1449 8 32767 -5796 -16109
-690 -1481 20 32767 -5525 -14436
-1128 -1549 -95 32767 -7353 -13089
-1409 -1494 -225 32767 -9483 -12920
-1703 -1469 -250 32767 -13537 -13358
-1861 -1436 -220 32767 -16719 -13543
-1874 -1356 -20 32767 -20597 -13379
-1775 -1303 407 32767 -22224 -12501
-1794 -1324 531 32767 -21082 -11931
-2138 -1448 426 32767 -15994 -12335
-2766 -1623 113 32767 -10029 -13689
-3199 -1651 183 32767 33 -17290
-4176 -1747 174 32767 2465 -20523
-4523 -1466 62 32767 -2596 -24280
-4478 -881 598 32767 -7532 -24647
-4461 -727 824 32767 -13183 -20952
-4438 -441 1155 32767 -14162 -16155
-5373 -311 1140 32767 -11953 -8825
-6128 -155 1183 32767 -10674 -4503
-6548 -218 1103 32767 -15778 953
-6816 -270 935 30852 -25091 4467
-7081 -262 906 28290 -32768 9797
-7826 -720 898 26830 -32768 13643
-8028 -800 1007 23902 -32768 19590
-8338 -936 856 21118 -32768 25493
-8420 -865 662 20528 -32768 28144
-9113 -859 -499 21393 -32768 29019
-9295 -912 -755 24273 -15378 27526
-10086 -1465 -1662 27114 956 24605
-10018 -1835 -1885 27583 5366 24510
-10021 -2432 -2126 24902 8205 28552
-10480 -3911 -2716 20998 10203 32767
-12167 -5952 -3969 13974 18048 32767
-13188 -7528 -5033 7502 32767 32767
-13074 -9620 -6227 2831 32767 32767
-12543 -10759 -6071 -8782 32767 32767
-12227 -12370 -4587 -20313 32767 32767
-12133 -13858 -2281 -32768 32767 32767
-11581 -14492 -730 -32768 32767 32767
-11088 -14366 372 -32768 32767 32767
-14622 -14139 -435 -32768 32767 32767
-8163 -13454 3910 -32768 32767 32767
-7993 -12904 2977 -32768 32767 32767
-7562 -13021 2226 -32768 32767 32767
-6395 -12500 2685 -32768 32767 32767
-5726 -12055 3445 -32768 32767 32767
-4513 -11424 4326 -32768 32767 32767
-3622 -10435 4647 -32768 32767 32767
-3108 -9665 4742 -32768 32767 32767
-2181 -8082 4745 -29106 32767 32767
-1826 -7268 4884 -21025 32767 26963
-1506 -6434 4929 -14145 32767 21286
-1173 -5258 4914 -8626 32767 16157
-1009 -4338 4471 -5009 32767 12996
-1110 -3521 3899 464 30758 8456
-1140 -3032 3447 5746 23667 4352
-1360 -2361 2801 8929 21139 1580
-1704 -1959 2343 12998 19934 -3137
-1926 -1273 1814 15846 20302 -7740
-2197 -506 1317 17130 20539 -10761
-2557 62 793 18738 20445 -15219
-3079 430 368 19727 19922 -18107
-3580 649 143 20697 17046 -22823
-4214 915 55 20459 12767 -25841
-4467 937 66 18024 3549 -29101
-4511 875 51 13970 -4554 -29625
-4503 965 -240 11662 -7604 -28756
-4643 1209 -862 10788 -8842 -27099
-4687 1325 -1409 12508 -7937 -26162
-4683 1410 -1895 18015 -4171 -25272
-4566 1547 -2278 22552 -450 -24860
-4369 1612 -2316 28468 5979 -23669
-3503 1607 -1800 30852 10703 -21970
-3028 1578 -1409 31276 17236 -18169
-2580 1535 -1033 29676 20104 -15345
-1982 1410 -586 25652 21745 -11417
-1708 1288 -394 21172 19775 -8579
-1439 1119 -308 18880 17057 -7436
-1464 743 -416 17479 13203 -7184
-1479 662 -482 16972 5957 -8114
-1309 467 -552 17601 -1092 -9604
-1283 372 -668 18458 -5536 -10575
-1126 154 -646 19955 -9752 -11676
-975 -9 -626 21224 -10848 -12247
-878 -229 -522 21899 -10433 -12485
-796 -302 -422 22756 -8857 -12544
-801 -339 -300 23201 -7114 -12531
-483 -607 -221 24025 -3911 -12127
-193 -753 249 23886 -1369 -10996
-440 -1018 -214 24085 201 -10104
-726 -1126 -825 26339 -333 -10271
-1101 -943 -686 27643 -1736 -11581
-1455 -742 -810 29840 -4263 -15197
-1316 -732 -745 31866 -5742 -19108
-1291 -853 -524 32584 -5729 -21227
-1342 -1062 -418 32767 -5222 -23539
-1185 -1238 -400 32767 -4728 -23961
-1025 -1488 -401 32767 -3574 -22198
-750 -1862 -427 32767 -1265 -17481
-1061 -2024 -479 32767 1253 -13603
-1353 -2103 -516 32767 5094 -7740
-2087 -2216 -404 32767 6494 -4760
-2625 -2384 -285 32767 3578 -1880
-3501 -2728 85 32767 -6582 -635
-4305 -2876 642 32767 -16193 -422
-5166 -2978 801 32767 -29645 -301
-5635 -2982 666 32767 -32768 585
-6333 -2435 410 32767 -32768 1751
-6539 -1951 258 32767 -32768 5276
-6411 -513 392 32767 -32768 10822
-6385 -185 534 32767 -32768 14719
-6109 543 899 32767 -32768 19513
-6554 1169 180 32767 -32768 20388
-7567 1477 -919 32767 -32768 17690
-9822 1872 -4037 32767 -32768 15228
-9571 -7299 -475 -32768 32767 32767
-8446 -7717 2911 -32768 32767 32767
-6950 -8926 4379 -32768 32767 32767
-6069 -9301 4196 -32768 32767 32767
-5912 -9079 4033 -32768 32767 32767
-4666 -8730 4220 -32768 32767 32767
-3837 -8784 4306 -32768 32767 32767
-3119 -8672 4339 -32768 32767 32767
-2033 -8333 4409 -32768 32767 32767
-1403 -7609 4174 -26816 32767 27149
-1289 -6676 4059 -15585 32767 19985
-1362 -6382 3965 -8327 31180 14470
-1458 -5404 3551 2187 17941 6787
-1309 -4398 3028 8750 11647 2942
-1163 -3775 2701 17261 5637 -701
-1175 -2731 2332 23131 2021 -3254
-1470 -1614 2265 25093 828 -4982
-1960 -711 2200 25388 382 -8281
-2300 -61 2101 23552 1138 -12234
-2756 911 1982 21483 2605 -14813
-3024 1491 1821 18098 5421 -17956
-3409 2130 1534 14725 7798 -19860
-3827 2528 1356 12495 9391 -20346
-4122 2623 1298 9302 11438 -19903
-4341 2496 905 7537 11577 -18529
-4220 2247 524 6132 9660 -14734
-4151 2260 319 5752 6790 -11557
-4014 2174 -69 5880 1344 -7107
-3692 1913 -259 5604 -2607 -3868
-3478 1714 -335 5097 -4455 -2818
-3104 1403 -237 4199 -5804 -2684
-3003 1320 -190 2421 -6774 -4027
-2736 1140 -29 578 -6510 -6609
-2408 911 87 -291 -5754 -8555
-2088 730 60 -336 -4395 -11231
-1551 493 -290 830 -3693 -12815
-1407 434 -342 3731 -2779 -14788
-822 190 -430 7496 -1529 -15944
-420 -18 -443 10086 -222 -16370
-358 -81 -428 13844 2029 -16743
-213 -329 -377 17117 3658 -17148
-163 -725 -329 19067 4123 -17500
-211 -852 -395 21963 3395 -18752
-549 -1099 -307 24643 855 -21241
-704 -1217 -329 26356 -807 -23530
-672 -1224 -213 28680 -2701 -26565
-671 -1567 -8 30667 -3782 -29265
-545 -1779 -251 32276 -4023 -30666
-470 -1871 -387 32767 -4928 -31694
-428 -1849 -319 32767 -5737 -31922
-533 -1827 -252 32767 -6239 -32155
-598 -1703 -221 32767 -5037 -31753
-557 -1689 -165 32767 -3677 -30821
-638 -1805 -164 32767 -1266 -28485
-1189 -1960 2 32767 398 -26705
-1724 -2008 72 32767 1527 -25121
-2218 -1795 159 32767 264 -24543
-2392 -1751 299 32767 -4890 -23734
-2750 -1733 806 32767 -10657 -22021
-2743 -1785 935 32767 -13099 -19698
-3108 -1866 951 32767 -13925 -15713
-3509 -1822 906 32767 -13293 -13072
-4295 -1860 756 32767 -13800 -12501
-4732 -1789 824 32767 -17407 -13056
-5097 -1363 1124 32767 -21043 -13913
-5279 -920 1313 32767 -25075 -15613
-5421 101 1540 32295 -24450 -16546
-5435 300 1475 29465 -18141 -16851
-5492 856 1228 29303 -12162 -15815
-5554 927 1136 31576 -6491 -12577
-6173 1217 952 32767 -7201 -9991
-6278 1218 954 32767 -15630 -5347
-7211 989 761 32767 -31259 -650
-7681 920 701 32767 -32768 2924
-7941 461 375 30391 -32768 8051
-8030 355 198 26455 -32383 17878
-8712 -102 -763 25424 -22207 25545
-9293 -579 -1117 26307 -15753 27215
-9777 -910 -1569 28896 -5684 25595
-9926 -1421 -2112 30243 1586 24604
-9722 -1806 -2280 28935 13961 26540
-9636 -2616 -2806 23236 23345 32064
-10132 -3833 -3605 17661 30002 32767
-10735 -5507 -4216 6655 32767 32767
-11395 -6926 -4127 -8118 32767 32767
-11735 -8872 -3960 -17956 32767 32767
-11987 -10769 -4170 -28469 32767 32767
-12535 -12330 -3766 -32768 32767 32767
-13443 -14815 -2335 -32768 32767 32767
-12966 -16216 -347 -32768 32767 32767
-12623 -16420 293 -32768 32767 32767
-11520 -17314 913 -32768 32709 2743
-9491 -15896 4466 -32768 32767 32767
-9112 -15371 2929 -32768 15729 32767
-6674 -15180 1957 -32768 12577 32767
-5614 -14861 2116 -32768 19389 32767
-4591 -14322 2665 -32768 32767 32767
-3373 -13038 3135 -32768 32767 32767
-2603 -11295 3214 -32768 32767 32767
-2025 -9590 3511 -32768 32767 32767
-1768 -8289 3671 -24682 32767 23371
-1677 -6730 3863 -18875 32767 18672
-1930 -5407 4147 -12679 32767 12615
-2172 -4483 4125 -8547 32767 7753
-2231 -4043 3924 -6354 32767 5561
-2241 -3313 3626 -3943 32767 3683
-2272 -2946 3312 -2308 32767 2788
-2302 -2296 2856 -1598 32767 2523
-2349 -2162 2692 -371 32767 1891
-2516 -1807 2166 1218 31149 959
-2746 -1341 1962 2053 28730 171
-2814 -1234 1858 3584 25452 -1186
-2876 -815 1555 4725 23908 -1957
-2896 -616 1426 6576 22788 -3226
-3094 -220 864 9601 21220 -5351
-3321 154 291 12496 20019 -7365
-3330 335 182 17250 16877 -10229
-3240 930 -226 21452 8377 -12291
-3529 1261 -506 23321 869 -13715
-3589 1354 -450 23695 -8246 -15920
-3978 1531 -220 22480 -11542 -17456
-4168 1519 -304 20142 -12307 -19167
-4279 1530 -517 19182 -10444 -19938
-4358 1532 -1066 20085 -9002 -20043
-4361 1443 -1512 23813 -7786 -19699
-4284 1285 -1971 28689 -7492 -18514
-4037 1252 -2026 31241 -6941 -16783
-3360 1283 -1715 32617 -4389 -12523
-2369 1311 -1104 31855 -2081 -8905
-2162 1324 -949 28704 647 -3409
-1677 1220 -625 25863 1477 -284
-1297 1014 -426 21648 1226 3070
-1074 913 -433 19459 315 4365
-917 786 -382 17180 -1382 5123
-655 414 -453 16530 -2536 5016
-607 226 -604 17017 -4401 3943
-763 -90 -816 19031 -6488 1555
-1016 -299 -969 20980 -8195 -959
-1166 -402 -1114 24376 -11218 -5704
-1251 -411 -1160 26399 -12782 -9023
-1172 -430 -1098 28614 -13447 -13234
-905 -544 -954 29850 -11735 -15723
-566 -642 -918 30709 -8806 -16361
-459 -645 -847 30994 -6364 -16068
-357 -584 -741 30832 -2211 -14847
-221 -543 -528 30095 1747 -12940
-173 -530 -481 29499 3552 -11450
-208 -658 -420 28683 4273 -9404
-304 -891 -430 28376 3903 -8327
-483 -1054 -477 28413 2316 -7678
-842 -1249 -533 28891 -548 -8370
-1054 -1379 -508 29250 -3081 -9378
-1249 -1541 -467 29694 -6646 -11156
-1451 -1773 -339 29835 -8450 -12067
-1536 -1862 -332 30437 -10529 -12627
-1736 -2050 -459 32233 -12184 -11950
-1797 -2108 -429 32767 -12730 -10540
-2460 -2262 -350 32767 -14168 -9981
-3540 -2196 -68 32767 -19356 -11932
-4798 -2310 961 32767 -25255 -13514
-5140 -2303 1156 32767 -32768 -13697
-5345 -2129 1079 32767 -32768 -9381
-5713 -1535 987 32767 -32768 -4956
-6155 -1026 818 32767 -31771 1074
-6272 -215 872 32767 -32768 6718
-5930 292 1117 32767 -32768 10723
-5263 1476 1624 32767 -32768 14561
-5389 1794 1389 32767 -32768 20279
-6524 1934 731 32767 -32768 22662
-7508 -2398 -3404 -25973 32767 32767
-6789 -3384 -1745 -32768 32767 32767
-7543 -5911 4690 -32768 32767 32767
-4530 -2863 3132 -32768 32767 32767
-4967 -5445 4853 -32768 32767 32767
-5039 -5193 5025 -32768 32767 32767
-4565 -4948 5072 -32768 32767 32767
-4396 -4929 5788 -32768 32767 32767
-3438 -5234 6315 -32768 32767 32767
-2892 -4941 5668 -32768 32767 29718
-2773 -4900 4601 -26471 32767 19752
-2649 -4221 3808 -18277 31306 12036
-2689 -3931 3585 -5959 27864 -639
-2442 -3049 2704 5082 25245 -11195
-2049 -2639 2491 10997 24401 -15506
-1596 -1938 2252 17482 23561 -17791
-1447 -1354 2091 21605 20766 -16404
-1415 -421 1894 23054 17232 -14747
-1769 317 1811 23196 11432 -13842
-2683 1615 1689 22103 8604 -14619
-2890 1857 1611 19606 6446 -16993
-3570 2439 1280 17007 6576 -19742
-3902 2858 916 15502 7995 -21004
-3938 3015 757 13536 11430 -21520
-3949 3061 577 12412 13487 -20921
-3854 2989 448 10894 14182 -18963
-3621 2747 204 9911 12828 -17391
-3553 2664 112 8582 8208 -15223
-3171 2184 -177 7750 4272 -14058
-3085 2049 -242 6597 -1372 -13061
-2791 1493 -444 5902 -4290 -12994
-2721 1345 -496 5135 -7288 -13809
-2387 810 -624 4807 -8224 -14726
-2146 594 -617 4543 -7892 -16304
-1858 418 -623 4715 -6170 -17601
-1453 146 -580 5079 -4824 -18183
-1147 -53 -476 5967 -2892 -18581
-865 -329 -394 7401 -1768 -18858
-762 -583 -304 8608 -1618 -19138
-652 -784 -176 10466 -2135 -19747
-693 -960 -153 11884 -2959 -20401
-731 -1024 -153 14158 -4850 -21728
-765 -1264 -60 16494 -7365 -23384
-898 -1541 -142 18368 -9427 -24768
-946 -1640 -211 21513 -11867 -27202
-1051 -1652 -317 23742 -12948 -28878
-1045 -1627 -432 27248 -13805 -30954
-959 -1672 -626 29568 -13606 -31764
-918 -1691 -651 32767 -11777 -31876
-745 -1657 -590 32767 -8226 -30667
-710 -1627 -564 32767 -3990 -28506
-735 -1627 -525 32767 -1454 -26729
-769 -1608 -452 32767 1531 -23856
-1311 -1756 -498 32767 2706 -22328
-1583 -1657 -559 32767 2472 -20862
-2014 -1538 -477 32767 57 -19944
-2186 -1542 -454 32767 -2010 -19311
-2436 -1459 -303 32767 -4093 -17402
-2474 -1321 -98 32767 -4153 -15543
-2529 -1200 181 32767 -3888 -11991
-2716 -1386 345 32767 -4175 -9524
-2943 -1537 313 32767 -6076 -6590
-3452 -1690 159 32154 -8202 -5360
-3695 -1700 113 30169 -11955 -4439
-3909 -1619 104 29380 -14429 -4325
-4035 -1426 110 28738 -16519 -4469
-4285 -1097 22 28805 -15870 -4704
-4241 -816 -60 29784 -11590 -4245
-4006 -189 -127 30877 -6693 -3285
-3976 107 -87 32699 725 -1528
-4003 431 275 32767 1513 231
-4051 529 624 31676 -3347 1226
-4163 688 949 26654 -17957 2588
-4168 753 1416 21697 -28518 4027
-4241 795 1361 15069 -32768 6765
-4784 933 400 13095 -32768 8354
-5021 941 -35 14385 -26377 10424
-5412 845 -387 17564 -31382 12035
-5682 495 85 17811 -32768 13062
-5775 496 251 14102 -32768 13987
-6260 566 -200 10940 -32768 13983
-6298 659 -550 9931 -21065 14572
-6309 696 -1896 12430 -3291 16099
-6369 608 -1917 16540 4243 19607
-6669 -69 -945 16051 473 22480
-6818 -270 -750 10530 -3314 26786
-7773 -938 -1001 4993 3921 29295
-8985 -1953 -2220 4037 11637 30439
-9804 -2822 -2803 5018 24690 32767
-10713 -4305 -3055 5001 32203 32767
-11283 -5430 -3014 2123 32767 32767
-12065 -7197 -3120 -915 32767 32767
-12365 -8312 -3153 -5736 32767 32767
-12480 -9777 -2735 -11883 32767 32767
-12567 -10567 -1928 -17449 32767 32767
-12293 -11513 -536 -27700 32767 32767
-11537 -12285 1118 -32768 32767 32767
-10950 -12506 1789 -32768 32767 32767
-8984 -11931 5726 -32768 32767 32767
-7769 -12891 3718 -32768 32767 32767
-7444 -12397 2255 -32768 32767 32767
-6366 -11824 3496 -32768 32767 32767
-5418 -11126 4471 -32768 32767 32767
-4564 -10249 5004 -32768 32767 32767
-3578 -8799 5087 -32768 32767 32473
-3237 -7925 4873 -32768 32767 26086
-2891 -6793 4649 -30429 32767 20965
-2502 -5835 4891 -25326 32767 18312
-2241 -5118 4905 -19206 32767 15576
-1831 -4225 4715 -15756 32767 14707
-1647 -3670 4416 -11156 32767 14067
-1421 -2809 3880 -7370 32461 13423
-1424 -2474 3660 -5458 28179 12556
-1554 -2226 3374 -2977 20945 10187
-1685 -1912 2901 -1599 17090 8020
-1808 -1425 2526 116 14902 4104
-1989 -1190 2256 1592 14541 -179
-2078 -856 1783 2711 14738 -2947
-2246 -574 1560 4395 15935 -7477
-2576 -164 1196 5683 16445 -10794
-2822 37 932 7999 15338 -15932
-3208 372 533 9707 12703 -19164
-3522 525 370 11418 5629 -23286
-3782 652 208 11299 -3596 -25644
-4053 588 382 9873 -8353 -26431
-4026 617 547 6644 -11112 -25938
-3850 661 297 5413 -10650 -24830
-3867 700 -132 6744 -8672 -23536
-3992 879 -966 9950 -7086 -23610
-4124 1177 -1721 17296 -3656 -25032
-3943 1449 -1946 24995 1517 -26219
-3328 1691 -1843 28838 5490 -25839
-2656 1750 -1358 31150 9975 -23337
-2260 1762 -961 29172 11848 -19625
-1776 1670 -417 26154 11861 -17175
-1543 1553 -191 20953 10927 -14385
-1343 1325 -161 18141 9647 -13354
-1377 1061 -274 15664 6529 -13243
-1509 832 -428 15194 3775 -14027
-1605 764 -475 15850 -650 -16295
-1738 657 -560 17527 -4076 -19058
-1599 636 -544 18795 -5121 -20450
-1446 527 -544 20943 -4769 -21302
-1132 186 -624 22522 -3405 -21023
-1067 116 -656 25210 -107 -19542
-877 -51 -726 28103 3904 -17146
-686 -173 -727 30048 6837 -15301
-601 -250 -750 32767 11539 -12547
-532 -388 -677 32767 15233 -10202
-499 -487 -613 32767 16377 -8916
-568 -598 -511 32767 16047 -7725
-617 -715 -369 32767 13897 -7409
-747 -849 -225 32767 11320 -7668
-935 -973 -82 32767 5703 -8879
-1083 -1051 103 32767 1419 -10026
-1202 -1118 188 29964 -3796 -11881
-1223 -1236 167 27269 -6170 -13041
-1184 -1367 17 26407 -6097 -13076
-1209 -1481 -152 27320 -4106 -12045
-1332 -1588 -351 29394 -2768 -10748
-1609 -1657 -323 32767 -4713 -8510
-2048 -1787 -240 32767 -14392 -7083
-3013 -2066 27 32767 -22585 -6687
-3416 -2231 158 32767 -28557 -5874
-4010 -2323 383 32767 -22029 -4791
-5126 -2049 752 32767 -11285 -3726
-5872 -1850 902 32767 -9163 -2061
-6406 -1788 804 32767 -19420 2737
-5942 -977 357 32767 -29587 8554
-5748 -701 309 32767 -32768 19553
-5532 325 461 32767 -32768 25554
-5516 625 730 32767 -32768 29452
-5201 1651 1019 32767 -32768 29731
-5167 1915 739 32767 -32768 28657
-8544 -1074 -4520 -20303 32767 32767
-8227 -1348 -3485 -30965 32767 32767
-8170 -2135 -1870 -32768 32767 32767
-8274 -2598 -530 -32768 32767 32767
-8478 -2023 3632 -32768 32767 -32768
-7200 -3519 3993 -31472 32767 32767
-6913 -3985 6092 -32768 32767 32767
-5607 -4390 6849 -32768 32767 32767
-3416 -4965 6080 -32768 32767 32767
-3344 -4931 5781 -32768 32767 32767
-3476 -5198 5054 -32768 32767 30645
-3278 -5290 4625 -27925 32767 24769
-2458 -4987 4064 -11920 32767 17942
-2443 -4536 4034 1678 32767 13362
-2272 -3400 4076 7592 32767 10704
-2164 -2632 4451 10989 32767 6843
-1876 -1631 4163 10987 29241 4166
-1712 -933 3882 9928 17152 230
-1582 -374 3483 9361 8234 -2753
-1473 443 2888 9422 4893 -4111
-1548 962 2622 9928 4383 -5815
-1812 1600 2244 10746 7127 -8149
-2218 2240 2183 10936 10145 -10480
-2536 2625 2168 10361 15448 -15237
-2870 2954 1951 9783 18491 -18616
-2896 3042 1659 9157 21317 -22820
-2760 3042 1207 9155 21976 -25162
-2508 2860 748 9551 20939 -25719
-2405 2645 287 10284 17328 -25838
-2392 2432 -53 10636 13964 -25751
-2422 2310 -153 10706 8374 -25978
-2414 1838 -404 10324 3846 -26262
-2187 1445 -525 9784 1818 -26255
-2005 1176 -538 8564 273 -25791
-1785 922 -530 7547 207 -25245
-1345 390 -530 6327 699 -24185
-1252 250 -584 6120 1160 -23381
-936 -14 -682 6930 1551 -22170
-744 -342 -861 8372 1480 -21408
-499 -544 -929 11512 948 -20157
-467 -724 -893 15282 44 -19212
-447 -890 -770 19006 -839 -19070
-624 -1028 -785 21562 -1317 -19571
-773 -1140 -756 25236 -1830 -20957
-980 -1211 -621 27337 -1790 -22376
-1027 -1238 -650 30061 -2683 -24806
-1078 -1309 -570 32503 -4897 -27151
-1257 -1406 -659 32767 -6400 -28590
-1175 -1426 -523 32767 -7840 -29674
-896 -1549 -366 32767 -8216 -29321
-863 -1576 -338 32767 -8003 -27625
-757 -1661 -255 32767 -7375 -24643
-705 -1798 -287 32767 -6915 -22276
-739 -1772 -315 32767 -6589 -18911
-972 -1713 -284 32767 -6328 -16649
-1458 -1798 -236 32767 -6350 -16164
-2213 -1865 -369 32767 -8014 -17102
-2539 -1790 -461 32767 -10575 -18637
-2609 -1674 -387 32767 -10348 -18773
-2424 -1743 -282 32767 -5546 -16329
-2214 -1915 -201 32767 553 -11487
-2454 -1949 -265 32767 2701 -8682
-2959 -1921 -319 32767 1801 -7336
-3600 -1833 -254 32767 -3665 -8741
-3918 -1777 -97 32767 -8459 -10110
-3982 -1725 -118 32767 -14699 -11312
-3697 -1289 -190 32767 -16730 -10910
-3656 -1185 -224 32767 -14915 -8731
-3606 -860 -395 32767 -7562 -5623
-5346 230 -1268 26868 -17556 8366
-5499 177 -222 25448 -32163 11379
-5689 169 -106 19005 -32768 16384
-6092 724 35 11268 -32768 19951
-6921 -505 -1180 7834 -15826 24175
-6926 224 -1757 8349 -11168 27506
-6768 186 -1812 9685 -11335 32253
-7006 134 -1666 9505 -11766 32767
-7276 -251 -1814 7784 -5009 32767
-8054 -1152 -2255 6293 9441 32767
-8656 -2536 -2676 5567 16880 32767
-8736 -3004 -2750 3842 22792 32767
-8884 -4420 -2923 1633 25482 32767
-9092 -5874 -3180 -3053 29925 32767
-9474 -6983 -3459 -6601 32767 32767
-10004 -8106 -3640 -12136 32767 32767
-10447 -10160 -3344 -18994 32767 32767
-10539 -11093 -2855 -24554 32767 32767
-10313 -11751 -2253 -32768 32767 32767
-10161 -12177 -756 -32768 32767 32767
-10353 -12209 140 -32768 32767 32767
-10535 -12712 1124 -32768 32767 -32768
-9615 -11186 3437 -32768 32767 32767
-8845 -11520 4454 -32768 32767 32767
-7425 -11165 3504 -32768 32767 32767
-7077 -10777 3443 -32768 32767 32767
-6007 -9892 4205 -32768 32767 32767
-5035 -9049 4646 -32768 32767 32767
-4378 -8394 4627 -32768 32767 32767
-3128 -6916 4612 -32768 32767 26017
-2573 -5822 4796 -29282 32767 21133
-2421 -5473 4843 -23663 32767 15373
-1956 -4198 4587 -18700 32767 11215
-1878 -3492 4323 -15582 32767 8954
-1874 -3112 4103 -11445 32767 6086
-1899 -2573 3874 -8429 32767 3862
-1934 -2320 3780 -7471 32767 2709
-2123 -1956 3552 -7178 32767 880
-2231 -1742 3314 -7197 27872 -776
-2194 -1412 2950 -7047 23435 -1331
-2217 -1133 2531 -6293 18737 -1759
-2297 -825 2051 -5238 17290 -2093
-2542 -572 1754 -2789 16429 -3785
-2699 -283 1594 133 14163 -7098
-3137 185 1151 2412 11263 -10131
-3359 455 960 5779 7345 -15135
-3571 899 687 7599 5510 -18197
-3645 976 509 9883 4185 -21462
-3373 1177 488 10985 4696 -22487
-3325 1261 443 12406 6196 -22977
-3296 1550 -332 15582 5888 -23000
-3379 1572 -672 19566 5031 -23140
-3419 1685 -1725 27322 4487 -22976
-3396 1699 -1869 32358 4728 -22467
-3293 1745 -1952 32767 5901 -21056
-3020 1704 -1627 32767 7485 -19577
-2666 1656 -1287 32767 11035 -16167
-2064 1608 -825 32767 13132 -13431
-1999 1329 -396 28451 14302 -10364
-1580 1035 -34 24257 14802 -8676
-1571 940 -143 19405 12580 -7286
-1562 835 -226 16676 6877 -7269
-1667 531 -327 15946 1922 -7855
-1697 339 -489 16272 -5974 -9047
-1584 169 -676 17247 -10436 -9653
-1451 106 -692 19007 -14393 -9932
-1142 -79 -632 20232 -15248 -9694
-982 -175 -620 22071 -14360 -8675
-844 -319 -618 24112 -11596 -7406
-770 -510 -597 25620 -9123 -6637
-737 -603 -576 28027 -5301 -5774
-619 -823 -576 30700 -2129 -5267
-591 -956 -567 32519 -496 -5295
-642 -1014 -558 32767 224 -6121
-838 -987 -552 32767 -1393 -7963
-886 -945 -462 32767 -2833 -9548
-869 -909 -322 32767 -4333 -11640
-807 -981 -156 32767 -5010 -12558
-765 -1128 -137 32767 -5975 -13154
-859 -1363 -228 32767 -6665 -13085
-988 -1525 -387 32462 -6596 -12639
-1160 -1732 -492 32474 -5583 -11414
-1334 -1909 -548 32767 -4539 -9780
-1590 -2171 -490 32767 -4019 -8497
-1758 -2261 -340 32767 -4049 -6775
-2181 -2226 -211 32767 -6368 -6285
-2786 -2164 7 32767 -9744 -6511
-3210 -2361 88 32767 -16486 -6759
-3914 -2543 381 32767 -24098 -6473
-4895 -2589 667 32767 -32768 -5069
-5451 -2426 789 32767 -32768 -2598
-5939 -2163 675 32767 -32768 2844
-6979 -1425 434 32767 -32768 8850
-7463 -951 335 32767 -32768 12408
-7817 -415 266 32767 -32768 16846
-7892 408 -74 32767 -32768 19455
-7928 1085 -369 32767 -32768 23147
-8155 1853 -1229 32767 -32768 25599
-8976 2443 -2659 32767 -28591 27965
-9455 2696 -4664 32767 -20961 29390
-9536 2614 -5386 32767 -8536 32767
-9747 2196 -7255 30347 2991 32767
-9710 1954 -7626 18386 23962 32767
-9635 536 -8486 9309 32767 32767
-9276 -360 -8243 -3911 32767 32767
-8959 -1136 -7541 -15723 32767 32767
-8656 -2478 -5658 -26506 32767 32767
-8499 -3735 -2997 -32768 32767 32767
-8151 -5414 -1408 -32768 32767 32767
-6757 -5761 2475 -32768 32767 32767
-6382 -6201 4061 -32768 32767 32767
-6265 -6628 4378 -32768 32767 32767
-5883 -6819 4953 -32768 32767 32767
-5405 -6843 5224 -32768 32767 32767
-4628 -7465 4310 -32768 32767 32372
-4440 -7507 4078 -32768 32767 30943
-3857 -7391 3764 -32768 32767 27926
-3011 -7031 4148 -26380 32767 24803
-2115 -5957 4520 -13661 32767 18629
-1718 -5172 4533 -4174 30461 11147
-1350 -4027 4197 1407 23331 6226
-1014 -3416 3913 8934 13075 507
-807 -2224 3132 15286 4488 -3684
-836 -1514 2746 18460 278 -5865
-905 -506 2250 21388 -2860 -8351
-1075 148 2029 22020 -2130 -10757
-1669 982 1814 21384 -603 -13034
-2231 1495 1589 19821 2423 -17528
-3123 2180 1269 18652 4935 -21176
-3986 2784 898 17222 8660 -26799
-4172 3077 639 16408 12782 -29803
-4111 3016 347 16173 15728 -29277
-4142 2680 138 15723 18537 -25474
-4071 2509 90 14773 18221 -21940
-3984 2437 67 12232 14305 -16053
-3534 2002 -64 8842 7635 -10393
-3151 1629 -133 6417 2698 -7213
-3033 1501 -161 3187 -3975 -3841
-2673 972 -293 1541 -7621 -2711
-2587 828 -332 -27 -12004 -2437
-2217 322 -433 -484 -14097 -3003
-2099 236 -450 -460 -15548 -4577
-1631 -10 -426 182 -14837 -6610
-1423 -191 -345 799 -13626 -8121
-1289 -468 -375 2308 -12168 -10808
-1224 -621 -416 3800 -11706 -12885
-1231 -682 -396 6360 -11234 -16404
-1223 -1022 -266 8107 -10736 -18845
-1216 -1126 -260 10883 -9712 -22463
-1202 -1342 -248 13848 -8454 -25878
-1230 -1465 -251 15877 -7784 -28070
-1338 -1550 -341 19289 -7088 -31405
-1356 -1590 -354 22882 -6305 -32768
-1278 -1569 -262 25129 -5360 -32768
-1195 -1574 -202 28427 -3128 -32768
-1039 -1637 -249 30861 -1602 -32768
-1064 -1666 -245 32767 -267 -32768
-1246 -1667 -264 32767 98 -29995
-1348 -1594 -341 32767 773 -27056
-1572 -1548 -261 32767 2326 -22813
-2278 -1589 -416 32767 2278 -20775
-2738 -1367 -563 32767 -521 -18324
-2869 -1180 -306 32767 -3473 -15457
-2801 -1134 -158 32767 -4075 -12522
-2551 -966 382 32767 -3270 -6991
-2498 -907 655 32767 -2473 -1476
-2485 -955 664 32767 -3311 1682
-2690 -1238 135 32767 -5943 4004
-2801 -1250 7 32767 -13497 5261
-3104 -1143 -89 32767 -22724 4308
-3176 -994 -22 32767 -27441 2906
-3217 -809 39 31666 -30164 386
-3170 -367 -63 29510 -27147 -1624
-3172 -293 -120 28610 -22715 -2670
-3184 -60 -358 28434 -15144 -3994
-3254 294 -412 28690 -10935 -4962
-3222 716 -270 28683 -8813 -6048
-3099 891 -15 27711 -10934 -5860
-2958 1121 359 24495 -16936 -3846
-3032 1298 688 19774 -22804 -259
-3124 1259 701 16736 -24477 2601
-3288 1320 593 13909 -21142 6103
-3521 1261 414 13455 -17953 7452
-3753 1279 227 14105 -17870 7709
-4059 1321 52 16405 -22508 6341
-4391 1463 245 17462 -25982 4931
-4601 1503 436 16365 -26723 4664
-4965 1729 709 12312 -23652 4343
-5800 2128 520 9314 -19213 3005
-6124 2172 299 7213 -10892 -84
-6988 1954 -788 7986 -5981 -1256
-7091 1807 -1031 11174 -1127 1388
-7703 719 -1798 13030 2727 5979
-8457 -135 -2046 12707 8692 13929
-9699 -1279 -2401 8878 14083 19799
-11535 -3095 -3189 5430 19436 23012
-12653 -4639 -3919 -241 31296 29367
-13420 -6953 -4637 -8070 32767 32767
-13242 -9337 -4523 -15237 32767 32767
-12990 -10765 -4223 -27114 32767 32767
-12838 -12722 -2917 -32768 32767 32767
-12880 -14428 -1131 -32768 32767 32767
-12467 -15028 142 -32768 32767 32767
-11575 -15282 1654 -32768 32767 32767
-12203 -12248 2750 -32768 32767 -28437
-8369 -14021 5773 -32768 32767 32767
-7838 -13909 3588 -32768 32767 32767
-7364 -13732 2960 -32768 32767 32767
-5782 -12094 4920 -32768 32767 32767
-4861 -11130 5554 -32768 32767 32767
-4123 -10254 5610 -32768 32767 32767
-3348 -9207 5283 -32768 32767 32767
-2774 -8123 5046 -29175 32767 32767
-2462 -7290 5004 -19254 32767 28024
-2042 -6016 5019 -13778 32767 24003
-1794 -5276 4985 -7070 32767 18276
-1599 -4337 4721 -1748 32767 12617
-1527 -3172 4231 1108 32767 9008
-1485 -2687 3994 4220 32767 4305
-1470 -2094 3528 5534 32767 1868
-1517 -1925 3368 6640 29473 -1248
-1956 -1289 2784 7000 25884 -4084
-2000 -1176 2635 7055 23849 -5348
-2206 -648 2175 6990 22724 -6250
-2251 -548 2067 7044 22880 -7219
-2364 -114 1605 7346 21936 -7757
-2437 50 1563 7652 15879 -9385
-2840 624 851 8122 8550 -11153
-2940 733 644 9672 -3045 -14181
-3528 1052 -255 11236 -7959 -16246
-3681 1038 -473 14281 -11239 -18649
-4214 1112 -995 16251 -11877 -19901
-4367 1210 -917 17819 -9512 -21409
-4490 1468 -681 17766 -4418 -22681
-4418 1612 -733 17652 -1681 -23317
-4182 1698 -958 18619 -521 -23194
-3660 1674 -1326 20026 -792 -22224
-3300 1616 -1438 22301 -792 -19727
-2746 1569 -1337 23217 40 -17571
-2382 1528 -1141 23176 2175 -14080
-1798 1358 -665 21645 3746 -10968
-1671 1220 -480 20073 3231 -9607
-1603 1071 -363 17606 -133 -8854
-1526 854 -219 15983 -3376 -9092
-1535 713 -188 14008 -8594 -10406
-1617 509 -217 13151 -11650 -11739
-1585 418 -262 12480 -15004 -13704
-1344 276 -300 12463 -16050 -14600
-1250 237 -286 12944 -15304 -14889
-1021 161 -283 14225 -12339 -14354
-818 69 -379 15708 -9597 -13655
-695 1 -446 18826 -4889 -12446
-697 -162 -552 21485 -1823 -11890
-778 -278 -633 26023 1869 -11673
-867 -374 -654 29054 3543 -11883
-1058 -475 -638 32767 5032 -12979
-1285 -622 -616 32767 5524 -13978
-1147 -640 -588 32767 5609 -14876
-1054 -658 -596 32767 4486 -14657
-927 -697 -478 32767 3604 -13855
-742 -736 -313 32767 3383 -11229
-638 -994 -129 32767 3676 -8820
-714 -1090 -95 32549 3303 -5480
-1090 -1268 -64 30382 1193 -3548
-1482 -1364 -161 29629 -1519 -2936
-1664 -1525 -159 29439 -6253 -2553
-1931 -1586 -203 29948 -9256 -2438
-1918 -1550 -217 31355 -12022 -1756
-2021 -1478 -378 32767 -6616 -783
-2089 -1431 -409 32767 -129 -177
-2525 -1595 -368 32767 3335 -822
-3340 -1882 -210 32767 -7364 -3054
-3967 -2055 268 32767 -20176 -4366
-5520 501 0 32767 -32768 26906
-5836 1017 -686 32767 -32768 26924
-5840 1236 -860 32767 -29592 26133
-6219 1941 -1608 31353 -17269 25063
-6269 2495 -2298 29871 -11344 25375
-6518 2604 -3238 27612 -7932 27736
-6765 2368 -4743 22510 1181 32767
-6768 2477 -5745 15943 13169 32767
-6675 2400 -6481 2938 24907 32767
-6637 505 -6830 -10923 32767 32767
-6483 390 -6877 -18997 32767 32767
-6106 -676 -5289 -29809 32767 32767
-5554 -1722 -3331 -32768 32767 32767
-5346 -2178 -2582 -32768 32767 32767
-5128 -3473 -330 -31770 32767 32767
-4136 -3307 2768 -30678 32767 32767
-4519 -4263 4567 -32768 32767 32767
-4616 -3848 6719 -32768 32767 32767
-2613 -3789 6840 -32768 32767 32767
-2276 -3695 6744 -32768 32767 32767
-1375 -3275 6259 -32768 32767 31769
-889 -2711 5170 -32768 32767 28880
-609 -2279 4212 -22877 32767 22684
-556 -1759 3672 -14733 32767 17061
-631 -1361 3459 -6121 32767 7434
-615 -878 3178 -1076 32767 -956
-550 -92 2932 626 28714 -4322
-708 495 2363 1792 18252 -5769
-1213 711 1977 1998 11432 -5744
-2160 1063 1613 2021 5083 -6120
-2914 1343 1171 2154 2914 -6664
-3243 1440 948 2906 1446 -7430
-3444 1645 635 4580 1296 -7339
-3373 1705 440 6281 1336 -6552
-3198 1733 306 9217 1481 -4810
-3042 1819 322 11011 1067 -3707
-2888 1848 325 13303 167 -1929
-2410 1991 388 14175 758 -1013
-2239 2023 399 14512 4268 100
-1897 2074 469 13639 8998 694
-1808 2085 406 12762 11184 417
-2002 2030 54 11975 11844 -1451
-2450 1843 -316 12124 10461 -4038
-2592 1708 -353 12966 7428 -10403
-3469 1200 -217 13998 6976 -19979
-3405 1240 -663 15631 8167 -26910
-3051 1204 -1086 19714 10326 -32768
-1947 1480 -762 21840 12618 -32768
-1716 1567 -265 24006 15775 -32768
-749 794 -601 25986 18269 -32768
-744 455 -412 28226 21855 -32768
-761 -904 -938 31357 26919 -32768
-389 -1036 158 31870 24504 -32768
-575 -1017 374 30828 10761 -32768
-460 -1278 -237 30646 -1753 -32768
-486 -1642 -122 30050 -15292 -32768
-447 -1687 73 28206 -21312 -32310
-523 -1783 34 26840 -23436 -30183
-550 -1842 -43 25235 -24354 -26497
-543 -1923 -189 24832 -23202 -23647
-538 -1929 -443 25940 -18488 -19008
-629 -1981 -487 27635 -14309 -15884
-735 -2028 -451 31138 -8899 -11487
-1116 -1995 -439 32767 -6401 -8564
-1401 -1932 -437 32767 -6390 -7596
-1536 -1863 -375 32767 -7951 -6833
-1842 -1844 -280 32767 -10228 -6992
-2198 -1704 -253 32767 -11006 -7560
-2301 -1523 -171 32767 -8425 -8362
-2433 -1266 -9 32767 -4632 -8382
-2224 -1427 -40 32767 1892 -6103
-2103 -1663 134 32767 6780 -1398
-2219 -1802 -67 32767 7394 1622
-2648 -1858 -46 32767 3597 4341
-3114 -1762 118 32767 -1653 4738
-3268 -1665 155 32767 -12025 3500
-3685 -1363 90 32767 -20558 1326
-3801 -1110 -42 32767 -22114 320
-3878 -662 -276 32767 -15768 -358
-4520 -65 -370 32767 -7479 -1064
-4960 387 -90 32767 134 -2119
-5417 942 511 32767 -5116 -2004
-5717 1642 927 32767 -24416 420
-5853 1941 785 29218 -32768 6408
-11015 -3965 -4940 13000 3663 29412
-12268 -6261 -6961 7211 24495 23604
-11987 -7821 -7460 2690 32767 27017
-11556 -9202 -7446 -8462 32767 32767
-10823 -10814 -6370 -19386 32767 32767
-10551 -12225 -5393 -32768 32767 32767
-10584 -13095 -4432 -32768 32767 32767
-10501 -13304 -4030 -32768 32767 32767
-9812 -14204 -2139 -32768 32767 32767
-9346 -14555 -979 -32768 32767 32767
-9021 -14790 -239 -32768 32767 32767
-7635 -14069 3013 -32768 32767 32767
-6946 -13842 2350 -32768 18627 32767
-6728 -13770 932 -32768 16773 32767
-6441 -13157 608 -32768 32544 32767
-5689 -12090 2279 -32768 32767 32767
-4774 -11033 3482 -32768 32767 32767
-4067 -10168 3552 -32768 32767 32767
-3184 -8877 3615 -32768 32767 32660
-2774 -7174 3709 -32768 32767 30702
-2805 -6420 3727 -27876 32767 26222
-2811 -5710 3731 -20481 32767 20424
-2704 -4774 3796 -16264 32767 16682
-2474 -3988 3726 -11124 32767 12298
-2314 -3319 3628 -8615 32767 10183
-2276 -3106 3556 -5830 32767 7694
-2239 -2506 3224 -3601 32767 6095
-2105 -2119 2910 -2312 32767 5612
-2189 -1852 2500 -421 26061 4959
-2416 -1493 2160 1162 19334 3680
-2557 -1331 2023 1766 16370 2596
-2729 -1220 1845 2241 13268 529
-3177 -1005 1436 2816 12614 -1338
-3359 -891 1107 4644 14352 -4547
-3649 -627 711 6452 16691 -7143
-3865 -262 482 9708 18328 -11600
-3838 374 43 13373 12607 -14716
-3837 912 -564 15906 6039 -15925
-3844 1124 -927 19370 -3570 -16678
-3906 1183 -1403 21910 -11055 -16469
-3954 1054 -1591 22747 -13300 -16010
-3888 984 -1622 22744 -12016 -15058
-3822 1099 -1693 22232 -9736 -14581
-3772 1230 -1726 20984 -5717 -14517
-3524 1715 -1647 19684 -1642 -15406
-3603 1838 -1709 19230 -279 -16708
-3559 1864 -1823 19528 -933 -18583
-3210 1811 -1846 20144 -2142 -19068
-2913 1732 -1733 20844 -3566 -18189
-2143 1584 -1350 20892 -3558 -15322
-1692 1480 -998 20078 -2606 -11552
-1490 1322 -781 19229 -1753 -9134
-1198 1195 -601 17834 -326 -5632
-912 1016 -420 17143 466 -3719
-743 748 -280 16611 1375 -1773
-656 468 -176 16721 1722 -978
-622 249 -128 17198 1581 -990
-651 29 -190 18653 744 -1914
-705 -152 -251 19993 -128 -3080
-740 -338 -321 22228 -1181 -5191
-619 -535 -365 23699 -1451 -6504
-561 -702 -349 25627 -1061 -8276
-419 -880 -302 26614 -454 -9211
-289 -972 -232 27617 521 -10126
-273 -1055 -174 28162 1173 -10808
-298 -1216 -223 28540 1015 -11278
-431 -1360 -297 29187 503 -12201
-172 -1566 -53 29137 -502 -12440
-845 -1970 79 28787 -1786 -14261
-1075 -2110 76 28859 -2428 -15847
-1295 -2321 147 29128 -3581 -18477
-1291 -2686 189 29710 -4435 -19826
-1272 -2836 -127 32767 -5588 -20137
-1112 -3134 -393 32767 -5427 -17930
-1965 -3185 -286 32767 -5770 -15317
-2433 -3143 -85 32767 -7385 -13575
-3094 -3247 375 32767 -11461 -11411
-4361 -3564 945 32767 -15607 -10519
-5413 -3595 1364 32767 -23866 -8928
-5929 -3725 1346 32767 -32037 -3856
-6254 -3635 1130 32767 -32768 1251
-6501 -3285 967 32767 -32768 9375
-6893 -2835 886 32767 -32768 13839
-7222 -2427 746 32767 -32768 18434
-7092 -1418 382 32767 -32768 20984
-7060 -1104 153 32767 -32768 23636
-8462 625 -3414 32767 -32768 22318
-9964 1381 -6375 32767 -22136 20645
-10826 1707 -7917 32767 3993 20485
-10826 1316 -9373 32767 19216 23529
-10544 1118 -9819 23089 32767 30008
-9343 -587 -9373 4948 32767 32767
-8780 -1047 -9082 -21969 32767 32767
-7832 -2106 -7029 -32768 32767 32767
-7254 -2909 -5527 -32768 32767 32767
-6368 -4788 -913 -32768 32767 32767
-5994 -5897 1767 -32768 32767 16241
-4580 -5452 6064 -32768 32767 32767
-2952 -7129 6867 -32768 32767 32767
-2685 -6420 7413 -32768 32767 32767
-2048 -6136 6388 -32768 32767 32767
-1749 -5609 5229 -32768 32767 32767
-1347 -4903 3667 -32768 32767 32440
-1267 -4587 3309 -32768 32767 26581
-1205 -4035 3332 -15151 32767 17829
-1240 -3197 3621 -4596 32767 12832
-1376 -2315 3598 4231 32767 6822
-1359 -1531 3381 6418 32767 4088
-1324 -1361 3180 6948 18568 2877
-1147 -1106 2466 7008 6045 5101
-1166 -700 1693 7994 468 8407
-1714 5 1061 9136 -1342 9577
-2270 489 756 10902 -3542 8565
-3251 1279 353 11927 -4626 6268
-3643 1570 246 12943 -4165 1193
-4300 1896 104 13622 -894 -5281
-4688 2044 27 14350 5471 -12042
-4555 2207 -125 15095 10886 -15440
-4266 2142 -154 16438 18702 -17831
-4117 2040 -158 17599 23970 -18155
-3876 1937 -210 18101 25605 -17897
-3572 1873 -244 18196 25187 -17183
-3056 1588 -173 17676 23217 -16686
-2541 1149 22 16003 18490 -16161
-1990 766 150 14522 14724 -15906
-1825 640 180 12310 8760 -15565
-1285 209 190 11106 4691 -15393
-1179 125 145 10115 -1732 -15287
-848 -202 10 9944 -5858 -15287
-761 -285 -24 10196 -11175 -15241
-552 -673 -26 10668 -15223 -15232
-514 -773 -14 10898 -17116 -15347
-514 -1083 52 10986 -18581 -15953
-738 -1439 249 10515 -18584 -17815
-913 -1621 304 10246 -18810 -19757
-1177 -1760 219 10373 -19851 -23896
-1453 -1757 -10 11082 -20519 -27430
-1519 -1727 -143 13157 -21265 -32768
-1509 -1755 -443 15255 -20950 -32768
-1381 -1777 -549 19220 -18385 -32768
-836 -1727 -816 22650 -15871 -32768
-557 -1763 -942 28715 -12495 -32768
-551 -1762 -850 32767 -9025 -32768
-709 -1751 -606 32767 -4958 -32768
-1040 -1643 -436 32767 -2102 -29958
-1198 -1674 -370 32767 1367 -26317
-1847 -1710 -234 32767 2278 -24580
-2490 -1656 -79 32767 1549 -22984
-2775 -1560 204 32767 864 -21930
-2821 -1584 315 32767 1119 -19044
-2956 -1956 306 32767 1946 -14347
-3005 -2025 268 32767 1721 -10710
-3278 -1952 302 32767 -1113 -6581
-3610 -1709 483 32767 -6329 -5810
-4094 -1211 899 32767 -10593 -6918
-4284 -878 1034 32767 -14922 -9412
-4715 -517 1027 32767 -14257 -10951
-5073 36 1030 32767 -7808 -11912
-5271 489 1026 32767 -2967 -10555
-5393 1255 1387 32767 -5258 -7882
-5460 1729 1549 32767 -18188 -1521
-5939 2134 1730 32767 -28021 3429
-6340 2310 1792 31942 -32768 9929
-7164 2607 1702 30598 -32768 12444
-7947 2221 745 32137 -22154 13569
-8348 1859 -99 32767 -13322 13593
-8590 1390 -1108 32767 -7565 15180
-8091 486 -1139 32767 -9368 19153
-8004 215 -1188 32767 -16534 27149
-8378 -1049 -2057 28722 -17892 30713
-8717 -1387 -2480 17496 -4622 30081
-9628 -2368 -4104 9864 16324 23675
-11240 -4256 -5153 6092 25353 19026
-11679 -5706 -5115 -1913 31545 20792
-12052 -8374 -5573 -9135 32767 29166
-12248 -9108 -5911 -20311 32767 32767
-12622 -11249 -6128 -31877 32767 32767
-12426 -12586 -5660 -32768 32767 32767
-12042 -14692 -4577 -32768 32767 32767
-12072 -15985 -3386 -32768 32767 32767
-11642 -16449 -2134 -32768 32767 32767
-10779 -16736 -83 -32768 32767 -32768
-8668 -15415 5648 -32768 32767 32767
-7074 -15691 4637 -32768 14978 32767
-6845 -15421 1653 -32768 10187 32767
-6345 -14029 1042 -32768 21065 32767
-5441 -13194 1736 -32768 32767 32767
-4201 -11591 3547 -32768 32767 32767
-3430 -10618 4244 -32768 32767 30767
-2579 -9043 4323 -32768 32767 25273
-2425 -8094 4199 -32768 32767 23678
-2545 -7174 4115 -30984 32767 20963
-2651 -6106 4125 -26309 32767 17771
-2708 -5334 4018 -23032 32767 15677
-2804 -4594 3823 -17827 32767 12664
-2780 -3791 3584 -14543 32767 10869
-2746 -3559 3576 -10477 32767 8606
-2681 -2982 3395 -7402 32767 6610
-2589 -2381 3098 -5783 32767 5484
-2567 -2061 2863 -3704 32082 3860
-2637 -1607 2536 -1659 27747 2167
-2734 -1308 2261 -74 25338 836
-2924 -911 1851 1583 23651 -430
-2964 -721 1498 4785 20384 -1853
-2863 -481 1257 8428 16591 -2548
-2730 -83 1026 10694 14341 -2956
-2716 171 807 14088 9506 -3832
-2859 691 155 17584 2455 -5823
-3006 867 25 19716 -2689 -8133
-3523 1181 -345 22334 -9208 -12336
-3803 1182 -683 23684 -11859 -15027
-3901 1329 -837 24847 -13033 -18363
-3807 1349 -829 24963 -10393 -20432
-3857 1280 -982 25059 -7960 -21397
-4026 1103 -1433 26287 -6034 -22772
-4007 999 -1632 27603 -5389 -23481
-3885 937 -1675 29300 -4956 -23580
-3545 871 -1548 29679 -5015 -22192
-2902 857 -1262 28665 -5301 -19458
-2685 822 -1143 27334 -5028 -16948
-1906 660 -796 24733 -4178 -12597
-1654 725 -709 22917 -3805 -9989
-1441 769 -629 20622 -3601 -7028
-1137 699 -533 19574 -3543 -5635
-834 607 -589 19217 -3626 -4291
-642 519 -595 20029 -3541 -3646
-499 246 -647 21132 -3251 -3722
-471 -52 -703 23383 -2696 -4698
-583 -236 -738 25946 -2502 -7058
-809 -514 -753 27571 -2749 -9299
-918 -649 -768 29829 -3430 -13187
-961 -767 -779 31075 -3795 -15757
-901 -853 -701 32293 -3520 -18758
-626 -1145 -686 32767 -2841 -19834
-560 -1246 -705 32767 -1265 -20198
-414 -1474 -755 32767 681 -19211
-391 -1585 -710 32767 2299 -18207
-586 -1715 -581 32767 4585 -16721
-813 -1900 -470 32767 4745 -15739
-1172 -2079 -316 32767 3229 -15204
-1506 -2268 -201 32767 -802 -14604
-1849 -2606 139 32767 -3857 -14028
-2088 -2737 121 32767 -8927 -12805
-2725 -2899 43 32767 -12322 -11989
-2938 -2788 281 32767 -17532 -10118
-3895 -2661 690 32767 -26052 -8249
-4480 -2705 1105 32767 -32768 -6950
-4948 -2804 1279 32767 -32768 -4118
-5729 -2399 1608 32767 -32768 -104
-6108 -1761 1500 32767 -32768 3022
-6195 -1469 1362 32767 -30375 8463
-6303 -611 1180 32767 -22539 12079
-5862 108 943 32767 -26512 18326
-5589 616 779 32767 -32768 25832
-5683 1252 -112 32767 -32768 31028
-6638 1511 -1585 32767 -32768 32767
-10693 2226 -4783 32767 -32768 32767
-11471 2507 -5640 32767 -3242 26990
-11787 2429 -7577 27961 28272 25891
-11425 2250 -7701 16875 32767 29742
-9764 507 -8187 5435 32767 32767
-9595 586 -7686 -9591 32767 32767
-8967 25 -6892 -22977 32767 32767
-8526 -961 -5240 -30416 32767 32767
-8185 -1627 -4083 -32768 32767 32767
-7616 -3151 -1793 -32768 32767 32767
-7259 -4334 236 -32768 32767 32767
-7171 -4117 2020 -32768 32767 32767
-5348 -5742 4513 -32768 32767 32767
-5033 -6038 6149 -32768 32767 32767
-4024 -6344 6359 -32768 32767 32767
-3641 -5799 5460 -32768 32767 32767
-3121 -5498 5263 -32768 32767 32767
-2099 -5236 5021 -32768 32767 32767
-1705 -4646 4525 -32183 32767 28156
-1790 -4166 4218 -17249 32767 18502
-1660 -3457 3560 -4734 28562 8431
-1541 -3036 3139 2221 26052 2763
-1425 -2570 2728 10350 23258 -3138
-1239 -1921 2247 14158 21204 -5086
-1285 -1473 2025 17800 17267 -5903
-1170 -770 1765 19322 11158 -4697
-1692 225 1392 19328 3661 -4228
-2308 746 1239 18723 45 -5597
-3325 1345 887 17605 -2557 -9991
-3812 1670 566 17202 -2506 -13627
-4309 2030 149 17345 733 -18657
-4527 2133 -109 18237 6726 -21963
-4436 2144 -141 18811 10988 -22722
-4075 2061 -75 18970 16387 -21638
-3764 1924 -83 18543 18452 -20230
-3540 1869 -155 17295 17712 -18235
-3302 1762 -269 15691 13359 -16989
-2934 1518 -407 14531 9259 -16661
-2543 1165 -566 13068 2908 -16900
-2292 889 -597 11934 -2133 -17601
-1961 466 -558 11301 -4605 -18248
-1696 263 -592 10653 -7177 -19216
-1433 54 -565 10377 -8511 -20333
-1238 -193 -519 10458 -8753 -21126
-1115 -364 -452 11060 -8816 -22299
-966 -727 -506 11893 -8923 -23027
-920 -937 -544 13821 -9024 -24040
-883 -1069 -511 16031 -8807 -24984
-875 -1277 -395 17455 -8304 -25605
-867 -1373 -327 19568 -7826 -26476
-866 -1651 -317 21876 -7944 -26838
-819 -1570 -356 23587 -8253 -26642
-962 -1547 -507 26807 -8669 -26470
-937 -1621 -579 29155 -8676 -26076
-891 -1683 -522 32530 -8416 -24844
-997 -1805 -351 32767 -8334 -23310
-1123 -1682 -350 32767 -8682 -22209
-1208 -1555 -240 32767 -10033 -20482
-1366 -1586 -227 32767 -11789 -19272
-1851 -1690 -164 32767 -12845 -18978
-1959 -1684 -190 32767 -13231 -19183
-2447 -1492 -210 32767 -12960 -19836
-2743 -1346 -32 32767 -11914 -19774
-2690 -1155 383 32767 -8995 -17845
-2599 -1354 639 32767 -5579 -13552
-2537 -1558 538 32767 -4484 -9767
-2832 -1651 291 32767 -6772 -5022
-3240 -1662 211 32767 -10849 -3399
-3409 -1595 203 32767 -17642 -3777
-3849 -1232 299 32767 -20351 -6231
-3893 -956 346 32767 -18703 -7605
-3865 -726 251 32767 -12181 -8494
-3809 -127 143 32767 -6265 -8392
-3798 25 181 32767 -352 -7237
-3803 481 472 32767 -1231 -5668
-3860 546 576 32767 -10484 -2762
-4495 906 1307 30197 -19863 -1074
-4697 1011 1496 23527 -31259 1080
-5350 1271 1394 19794 -32768 3134
-5568 1193 1164 18629 -32768 7455
-6614 928 17 23349 -30778 11987
-7139 583 -339 27657 -30233 15068
-7775 73 -364 31340 -27754 19035
-8038 -181 21 28993 -21867 23531
-8343 -664 194 25051 -18394 26856
-8393 -884 -475 19755 -13201 31941
-8513 -1202 -1166 18136 -8836 32767
-8621 -1535 -1780 17944 1277 32767
-8898 -2449 -2484 17356 12919 32767
-9258 -3091 -2675 15942 21322 32767
-9860 -3808 -3013 12932 32767 32767
-10710 -5009 -3438 8642 32767 32767
-11060 -6284 -3326 4023 32767 32767
-11052 -6997 -3025 -6521 32767 32767
-11039 -7906 -2196 -20123 32767 32767
-11160 -8450 -1457 -28614 32767 32767
-11080 -8831 -963 -32768 32767 32767
-11158 -9368 -90 -32768 32767 32767
-12883 -12601 -1946 -27076 32767 32767
-10092 -10204 4964 -32768 32767 32767
-9717 -10343 4238 -32768 32767 32767
-9351 -10717 2371 -32768 32767 32767
-9171 -10865 2335 -32768 32767 32767
-8243 -10978 3008 -32768 32767 32767
-7246 -10664 3930 -32768 32767 32767
-6516 -10111 4061 -32768 32767 32767
-5079 -8950 4540 -32768 32767 32767
-4170 -8099 4697 -30509 32767 29898
-3207 -6914 4761 -23227 32767 25173
-2593 -5762 4724 -18141 32767 21863
-2212 -4996 4702 -10787 32767 17426
-1443 -3620 4618 -6714 32767 15264
-1343 -3138 4519 -2425 32767 12614
-1283 -2711 4301 288 26054 10012
-1131 -2093 3586 2441 18162 7680
-1252 -1788 3213 3866 14573 5740
-1377 -1475 2801 6048 10958 1885
-1561 -866 2293 7331 9534 -1233
-1740 -214 1971 8600 8708 -6468
-2169 291 1613 9189 8771 -10291
-2283 423 1487 10007 7934 -16036
-2619 952 760 11305 4373 -20813
-2891 1110 377 12489 1329 -23567
-3321 1320 87 13741 -3382 -27033
-3656 1349 53 13715 -6342 -28754
-3871 1296 -12 12740 -8774 -30650
-4004 1230 -210 11955 -7457 -31634
-4071 1173 -458 13095 -3351 -31761
-4059 1153 -830 15397 -148 -31355
-3802 1218 -1389 18572 3001 -30479
-3694 1242 -1458 23822 7661 -28265
-3045 1300 -1287 26741 10957 -26127
-2858 1287 -1181 29358 15030 -21965
-2185 1184 -801 29831 16082 -17379
-1887 1130 -615 29237 15146 -14472
-1517 967 -447 27753 12213 -10789
-1311 767 -371 26313 8133 -8392
-1243 585 -372 25665 5063 -7561
-1279 312 -441 25405 290 -7563
-1277 148 -496 25722 -2410 -8137
-1282 -33 -558 26803 -5000 -9676
-1234 -227 -584 27688 -5540 -10862
-1126 -287 -590 29252 -4931 -12504
-967 -435 -634 31128 -3377 -13706
-806 -590 -653 32482 -2165 -14183
-710 -676 -661 32767 -147 -14444
-569 -786 -558 32767 1092 -14363
-521 -884 -499 32767 1793 -14054
-505 -1095 -352 32767 1058 -13831
-561 -1140 -328 32767 -2118 -13984
-693 -1234 -363 32767 -6634 -14748
-679 -1245 -341 32767 -8966 -15286
-836 -1439 -210 32767 -10361 -16140
-929 -1614 -244 32767 -10321 -16872
-1475 -1869 -321 32767 -10366 -17737
-1797 -2066 -491 32767 -10717 -18537
-2027 -2227 -630 32767 -10799 -17973
-2159 -2546 -779 32767 -10884 -16494
-2419 -2635 -973 32767 -11579 -13231
-2794 -2553 -964 32767 -12117 -10514
-3202 -2399 -604 32767 -12198 -9061
-3606 -2411 -359 32767 -14286 -7729
-4436 -2417 -67 32767 -17529 -7481
-5091 -2414 258 32767 -22891 -7083
-5686 -2393 245 32767 -26197 -6307
-5681 -2276 235 32767 -28901 -2247
-5554 -2106 158 32767 -29963 5280
-5141 -1627 -4 32767 -29093 11043
-4840 -1224 -92 32767 -27520 18389
-4528 -777 -74 32767 -28999 21246
-4381 -229 -4 32767 -32768 21867
-4462 509 -34 32767 -32768 19772
-4590 1016 12 32767 -30732 18113
-4722 1577 22 32767 -20255 17145
-4724 2178 -474 32201 -12120 18410
-4808 2500 -639 30014 -5478 22948
-5324 2488 -1750 29571 -4995 29914
-5818 2930 -2367 29135 -4359 32767
-7035 3263 -3513 28329 -1602 32767
-8100 2165 -4689 26548 7525 32767
-8024 2168 -5261 19358 29539 32767
-8129 1388 -5030 10491 32767 32767
-7187 348 -5059 -5641 32767 32767
-6885 -102 -4908 -21606 32767 32767
-6670 -1045 -3185 -31223 32767 32767
-6733 -1259 -2712 -32768 32767 32767
-6650 -2172 -845 -32768 32767 32767
-5641 -6090 -181 -32768 -17344 -32768
-5796 -3843 4091 -25317 32767 32767
-3581 -4770 5217 -26121 32767 32767
-1882 -4523 6747 -29051 32767 32767
-1215 -4007 6809 -32768 32767 32767
-737 -2961 6152 -32768 32767 32767
-761 -2520 5690 -32768 32767 32767
-533 -1702 5241 -29491 30696 32767
-1315 -1276 4533 -24750 27429 32767
-2105 -946 3843 -14906 29361 21384
-2084 -1007 3208 -4032 32767 7670
-2176 -815 2994 5382 32767 -1523
-2219 -486 2931 10451 32767 -5498
-2259 -24 2751 16088 31081 -8584
-2132 262 2701 19064 22561 -8481
-2054 1024 2322 19839 16290 -7497
-1965 1270 2279 19130 9264 -5106
-1902 1838 2264 16350 5411 -3282
-2228 2453 2132 13815 3185 -3058
-2515 2939 1862 9618 -1417 -3967
-2738 3174 1536 6967 -5062 -5219
-2710 3233 1320 3615 -10275 -7224
-2494 3142 1011 1331 -14865 -8604
-2174 3092 812 240 -17261 -9137
-1910 2919 713 -845 -19314 -9841
-1635 2369 642 -1445 -19100 -10531
-1381 2210 600 -2233 -17460 -12180
-1055 1529 93 -2284 -15147 -14298
-1270 1312 345 -2683 -11774 -16168
-1551 1155 537 -5452 -5739 -21548
-1219 788 748 -7408 -2810 -24259
-1159 789 -153 -8021 4432 -27901
-1041 800 166 -9062 16491 -31796
-604 554 115 -9631 24007 -32768
-980 174 -120 -8684 31886 -32768
-935 -124 -392 -5561 32767 -32768
-772 -719 -811 -425 32767 -32768
-821 -975 -1105 4204 32212 -32768
-982 -1138 -1224 11839 26180 -32768
-877 -1207 -1292 16759 22207 -32768
-703 -1250 -1197 23627 18031 -32768
-446 -1422 -978 27853 16807 -32768
-353 -1481 -907 32767 16531 -32768
-240 -1536 -789 32767 16318 -32768
-232 -1563 -636 32767 15731 -31499
-405 -1659 -366 32767 14063 -26528
-725 -1798 -168 32767 12214 -23862
-999 -1837 -118 32767 7958 -21335
-1285 -1870 -149 32767 1491 -20153
-1677 -1783 -418 32767 -3294 -19868
-1813 -1755 -504 32767 -8966 -19986
-2352 -1407 -615 32767 -8190 -18203
-1632 -1216 -427 32767 -4816 -9981
-3201 -1754 -806 32767 -7393 -10388
-2719 -1498 -313 32767 -9173 -10556
-2751 -1597 -294 32767 -11968 -9491
-2629 -1535 -221 32767 -13838 -6970
-2953 -1456 -132 32767 -13501 -5699
-3428 -1393 -66 32767 -11458 -5388
-3849 -1141 48 32767 -10297 -5770
-4224 -982 58 32767 -10623 -7013
-4526 -652 157 32767 -12194 -7487
-4577 -344 145 32767 -14902 -6393
-4634 107 41 32767 -14686 -4373
-4737 453 -168 32767 -9685 -277
-5217 757 -203 32767 -4848 2542
-5454 802 14 32767 -4850 7515
-5651 728 193 30923 -12415 11248
-5699 693 314 25841 -27807 16999
-5696 586 372 20826 -32768 22563
-6066 279 75 18723 -32768 25055
-6412 270 -174 17850 -32768 25701
-7064 312 -784 19118 -27631 23909
-7334 407 -1167 22084 -17038 19645
-7469 392 -945 22097 -12850 16841
-7261 -73 -493 19694 -15055 17423
-7337 -478 -655 15217 -18481 20214
-8099 -1488 -2064 13886 -12230 21531
-8608 -2242 -2967 15249 4622 22495
-9338 -3371 -3308 15027 16404 23476
-9872 -5189 -3188 11292 19036 25641
-10163 -6377 -3351 2027 21717 31129
-10587 -8139 -4370 -4039 27204 32767
-11013 -10294 -5031 -12350 32767 32767
-10861 -12045 -4438 -18682 32767 32767
-10614 -12518 -4045 -31079 32767 32767
-9839 -14336 -1617 -32768 32767 32767
-9797 -14639 -1177 -32768 32767 32767
-9701 -15226 -50 -32768 32767 32767
-12569 -11436 -2178 -32768 -23366 -32768
-7945 -13767 3451 -32768 32767 32767
-8279 -13831 3391 -32768 32767 32767
-8174 -13891 2836 -32768 32767 32767
-7208 -13004 3138 -32768 32767 32767
-6358 -12481 4579 -32768 32767 32767
-5396 -11276 5917 -32768 32767 32767
-4161 -9779 6290 -32768 32767 32767
-3030 -8954 6358 -32768 32767 32767
-2099 -8154 6155 -32768 32767 32767
-1160 -7082 5958 -32768 32767 32767
-816 -6343 5831 -21877 32767 29993
-415 -4976 5416 -11693 32767 21803
-413 -4389 5024 -5865 32380 15834
-512 -3860 4556 1194 30588 6613
-689 -3200 3929 4637 30999 582
-851 -2720 3578 8076 31998 -7835
-1383 -1878 2853 9896 32064 -15438
-1666 -1481 2590 10315 31314 -19764
-2054 -1010 1984 10739 28511 -24420
-2139 -906 1839 10757 26019 -26062
-2569 -448 1244 10533 21887 -27235
-2689 -203 822 10550 17537 -27151
-3304 160 183 11321 8874 -26588
-3527 364 -139 12518 1014 -25900
-4137 653 -455 13244 -2459 -25767
-4567 740 -714 14282 -5492 -25820
-4943 689 -951 14739 -6342 -25655
-5040 676 -1106 15313 -6242 -24855
-4823 787 -1347 15884 -5137 -23835
-4615 837 -1447 17032 -2738 -21869
-4378 828 -1333 17718 -1508 -20820
-4034 950 -1269 18614 -782 -19684
-3384 1023 -1120 19096 94 -18104
-2905 1039 -954 19040 1466 -16580
-2509 1102 -812 18597 3901 -14202
-2220 1146 -691 18324 5084 -12992
-1972 1164 -611 18374 5573 -12206
-1751 1120 -568 18834 5045 -12293
-1690 1077 -546 19835 4034 -13042
-1437 782 -413 20558 3469 -13604
-1384 691 -397 21704 2663 -14420
-1237 381 -362 22513 2287 -14884
-1220 342 -393 23722 2172 -15350
-900 169 -365 24903 2968 -15103
-702 -134 -361 25799 3926 -14694
-621 -215 -378 27722 6776 -13842
-762 -390 -315 29080 9424 -13765
-927 -726 -488 31651 12418 -14066
-1100 -939 -685 32767 12796 -14511
-1102 -918 -721 32767 11226 -15234
-1037 -896 -781 32767 8639 -15387
-898 -888 -723 32767 7199 -14851
-678 -981 -568 32767 6247 -13083
-476 -1168 -608 32767 5635 -11354
-455 -1431 -622 32767 5417 -8651
-466 -1841 -490 32767 5718 -6485
-699 -1944 -415 32767 4973 -6010
-1056 -2155 -421 32767 1828 -7035
-6294 -1933 107 32767 -32768 -3338
-6341 -1269 173 32767 -26312 6116
-6512 -263 584 32767 -22167 13273
-6642 -107 577 32767 -26442 20829
-7241 533 437 32767 -32768 22591
-7366 673 378 32767 -32768 22820
-7860 1470 -772 32767 -32768 23340
-8258 1637 -1233 32767 -31822 23963
-9459 2098 -2749 32767 -23194 25393
-10007 2408 -4282 30686 -18481 28945
-10322 2340 -4855 22780 -6898 32767
-11172 2420 -6034 15962 2617 32767
-12166 1035 -7887 5299 32057 32767
-12402 158 -8341 1596 32767 32767
-11763 -1606 -6809 -16228 32767 32767
-10421 -3617 -4394 -32663 32767 32767
-9300 -5137 -2086 -32768 32767 32767
-10729 -7842 806 -32768 32767 3004
-9224 -6982 3507 -32768 32767 32767
-8752 -7651 3409 -32768 32767 32767
-7702 -7990 4737 -32768 32767 32767
-7040 -8187 4809 -32768 32767 32767
-5747 -8715 5186 -32768 32767 32767
-3873 -9035 5472 -32768 32767 32767
-3085 -9022 5234 -32768 32767 32767
-2707 -8771 5006 -32768 30344 32767
-2599 -7743 4390 -23630 14135 30609
-2425 -6568 3883 -10026 9272 19855
-2215 -5556 3716 7015 11450 4412
-1743 -4455 3509 18389 16918 -7130
-1555 -3707 3390 23026 19264 -12059
-1409 -2907 3303 26294 20421 -16106
-1466 -1730 3140 26269 18293 -17918
-1523 -459 2843 24901 15127 -18446
-2090 721 2580 20935 8810 -19678
-2443 1329 2403 15251 2870 -21209
-2875 2080 1857 11410 -52 -21696
-3058 2447 1499 6095 -1564 -21085
-3341 2777 914 1840 -114 -19099
-3446 2703 582 -20 1375 -17558
-3554 2561 224 -1217 2952 -15585
-3403 2326 -175 -1293 3905 -14663
-3157 2125 -146 -1639 5277 -14024
-3085 1934 74 -3137 5858 -14940
-3004 1567 398 -4523 5867 -16456
-2861 1309 497 -5971 5377 -19472
-2535 785 241 -5930 4362 -21651
-2428 577 33 -3930 2011 -25222
-2310 398 -100 -241 157 -28795
-2087 45 -410 3027 -205 -30778
-1812 -164 -450 7998 1250 -32559
-1418 -373 -143 11873 5349 -32768
-1019 -587 55 14147 8369 -32768
-945 -664 51 17516 12002 -32048
-916 -966 184 19637 13547 -31462
-933 -1021 230 22413 14066 -30939
-1009 -1111 464 24334 12593 -30713
-877 -1128 645 24939 10864 -30788
-1009 -1154 971 25306 7842 -30644
-1087 -1152 996 25769 5886 -30412
-844 -1417 584 28547 1801 -28269
-755 -1746 164 31667 -1444 -25955
-637 -1809 -134 32767 -5730 -21680
-650 -1568 -226 32767 -6152 -18312
-938 -1361 -83 32767 -4549 -16915
-1160 -1485 -39 32767 -2626 -15577
-1696 -1604 -112 32767 -4242 -15458
-1772 -1606 -64 32767 -5733 -15776
-1813 -1508 156 32767 -5835 -16218
-1749 -1330 219 32767 -4461 -16125
-1832 -1299 225 32767 -840 -15524
-1934 -1341 277 32767 1616 -14907
-2099 -1324 287 32767 2947 -14321
-2470 -1330 269 32767 1773 -14261
-2420 -1435 167 32767 -1886 -13351
-2385 -1603 163 32767 -6714 -11308
-2467 -1722 182 32767 -10238 -9747
-2557 -1782 244 32767 -15493 -7822
-2954 -1862 379 32767 -17484 -7289
-3324 -1807 406 32767 -16347 -8436
-4037 -1677 409 32767 -13513 -10639
-4240 -1642 394 32767 -9356 -14673
-4591 -1509 573 32767 -7749 -17038
-4536 -1476 669 32689 -8212 -16497
-4415 -1385 811 29259 -9316 -12658
-4229 -1159 728 27346 -9606 -8610
-4278 -1216 707 24863 -11443 -2217
-4897 -1550 1036 22718 -15101 1059
-5051 -1536 1205 17954 -22605 3821
-5487 -1397 1284 13377 -27387 4435
-5939 -1089 938 11796 -25351 3856
-6200 -655 354 12452 -17431 2849
-6157 -417 316 13896 -14589 4224
-5766 -64 442 14172 -16924 7372
-5690 13 447 13250 -23833 14846
-5848 -10 162 12350 -28647 20514
-6201 -63 -56 11294 -27517 27771
-7189 -506 -663 10993 -22234 31088
-7435 -701 -758 10777 -11398 32767
-7884 -1420 -857 10998 -1483 32767
-8233 -2281 -1326 11940 4912 32767
-8593 -3281 -2107 15075 15786 32767
-9006 -4098 -2570 18270 26288 32767
-9533 -4912 -2820 18151 32715 32767
-10216 -6249 -2800 12765 32767 32767
-10833 -7508 -2523 5994 32767 32767
-11030 -8292 -2115 -6642 32767 32767
-10769 -9257 -1580 -14448 32767 32767
-10646 -10088 -522 -23862 32767 32767
-10835 -10750 1140 -29547 32767 32767
-10745 -10938 1735 -32768 32767 32767
-13374 -13310 -1870 -25852 32767 32767
-8524 -10114 6372 -32768 32767 32767
-7577 -11119 6853 -32768 32767 32767
-6234 -11781 3913 -32768 32767 32767
-5792 -11586 3607 -32768 32767 32767
-4203 -10680 4757 -32768 32767 32767
-3614 -10061 5406 -32768 32767 32767
-3329 -9238 5291 -32768 32767 32114
-2290 -7858 4957 -30329 32767 21249
-1489 -6664 5414 -24901 32767 16839
-1321 -6294 5616 -19983 32767 12876
-1109 -5010 5516 -17446 32767 11093
-1084 -4738 5335 -12174 32767 9297
-1015 -4034 4398 -4495 32767 7812
-952 -3153 3842 442 32767 6942
-962 -2694 3578 5806 32767 5548
-1140 -1986 3050 7746 28175 4465
-1165 -1832 2918 8533 21068 2667
-1375 -1350 2626 7145 15992 135
-1686 -898 2383 5555 14032 -1969
-1804 -658 2163 3136 12053 -5406
-2185 4 1748 1861 11438 -7972
-2330 155 1622 1149 12160 -12376
-2955 456 1066 1797 12158 -15548
-3160 551 915 4142 9480 -20422
-3670 861 498 7217 4314 -24088
-4003 979 60 9208 619 -25055
-4134 1001 56 10862 -2821 -24804
-4290 1117 139 10961 -3021 -22928
-4241 1221 63 10927 -2823 -21106
-4140 1171 -351 12471 -3641 -18339
-4134 1125 -1148 14531 -4635 -17141
-4145 1115 -1323 18617 -5879 -16636
-4064 1168 -1697 21329 -5703 -16815
-3710 1221 -1557 23819 -2538 -16773
-3366 1171 -1354 23769 2359 -15562
-2813 1117 -1013 22568 5389 -14268
-2429 1074 -731 19602 8404 -12153
-1896 904 -431 17466 8705 -11045
-1734 910 -394 14885 6716 -10022
-1509 684 -265 13337 3135 -9820
-1307 618 -245 12919 202 -9989
-1206 559 -227 13107 -3796 -10759
-1189 356 -286 14269 -6301 -12130
-1046 193 -357 15475 -6885 -13085
-949 75 -433 17973 -6756 -14298
-827 -112 -567 20111 -5960 -14883
-803 -154 -606 23933 -3768 -15497
-762 -306 -681 28052 -706 -15921
-737 -518 -613 30612 1176 -16049
-751 -562 -609 32767 2944 -16000
-746 -718 -534 32767 3218 -15622
-618 -766 -427 32767 2773 -15137
-518 -746 -283 32767 1551 -14153
-470 -801 -175 32767 738 -13508
-426 -902 -69 32767 384 -12388
-504 -1128 -24 32767 161 -11723
-687 -1265 -77 32767 -870 -11269
-884 -1397 -42 32767 -2890 -11374
-1231 -1722 -18 32767 -5038 -11702
-1477 -1812 -81 32767 -9265 -12485
-1635 -1776 -151 32767 -12344 -12584
-1824 -1813 -355 32767 -13857 -12119
-2229 -1825 -393 32767 -15363 -11378
-2734 -1847 -258 32767 -17151 -11416
-3495 -2051 -151 32767 -19396 -11614
-4221 -2245 86 32767 -23766 -12426
-5247 -2372 401 32767 -26314 -12854
-5685 -2247 436 32767 -27180 -12038
-6245 -1627 130 32767 -26990 -10133
-6317 -1415 126 32767 -24783 -5188
-6438 -806 129 32767 -22658 -882
-6429 -131 359 32767 -21579 5796
-6260 622 507 32767 -23303 9656
-6147 825 526 32767 -28391 14379
-5879 1152 181 32767 -32768 17069
-6122 1750 -83 32076 -32768 17028
-6334 2278 -421 29759 -32069 15863
-6300 2724 -916 27828 -25795 15672
-6282 2799 -1149 25493 -16078 17138
-6673 2797 -2280 24707 -11819 18929
-6878 2718 -2676 24890 -6076 22282
-7740 2333 -3976 24612 4373 26182
-9149 1623 -5145 22607 14350 28228
-10167 931 -5761 14819 26367 31109
-10256 -909 -5902 5655 32767 32767
-10044 -1308 -5869 -11313 32767 32767
-9644 -2829 -5684 -21296 32767 32767
-9584 -3256 -5415 -31250 32767 32767
-9457 -4701 -3768 -32768 32767 32767
-9294 -5912 -1110 -32768 32767 32767
-9055 -6479 536 -32768 32767 32767
-7353 -6780 6041 -32768 32767 32767
-6820 -6978 6016 -32768 32767 32767
-5927 -7588 6203 -32768 32767 32767
-4349 -7998 5492 -32768 32767 32767
-3674 -8034 5289 -32768 32767 32767
-3130 -8134 5328 -32768 32767 32767
-2568 -7767 5564 -32768 32767 32767
-1887 -7436 5697 -24122 32767 32767
-927 -6472 6021 -17587 32767 29367
-639 -5549 5997 -9150 32767 18489
-496 -4413 5724 -1101 32767 8740
-422 -3317 4877 4476 28323 3356
-364 -2783 4460 12050 20752 -2630
-594 -1910 3850 16025 17354 -5745
-724 -1630 3605 20451 14454 -9774
-881 -794 2869 22919 13852 -12307
-1072 192 2276 23311 14434 -13439
-1355 688 1974 22423 14363 -15423
-1613 1130 1790 20721 13848 -17160
-1873 1488 1633 16799 13788 -20144
-2548 1653 1161 13850 14358 -22251
-2765 1622 1008 9874 15587 -25631
-3178 1438 482 7651 16331 -27460
-3393 1287 195 5249 15529 -29425
-3556 1186 -105 3922 11648 -30486
-3683 1070 -452 3425 8131 -30523
-3663 947 -695 3246 2903 -29591
-3933 854 -1079 3707 -1187 -28880
-3983 825 -1210 4294 -2939 -28609
-3893 640 -1384 5623 -3820 -28061
-3708 445 -1380 6582 -3456 -27475
-3532 360 -1291 7653 -1888 -26452
-3300 348 -1141 8098 198 -25324
-2976 384 -954 8264 1568 -24662
-2727 362 -839 8685 3048 -23770
-2238 263 -782 9995 3346 -22895
-2010 260 -805 12354 2763 -22025
-1619 181 -771 14332 2375 -21309
-1182 37 -706 17588 1897 -19830
-823 -169 -633 20966 1444 -17881
-707 -248 -587 23141 1216 -16467
-538 -408 -460 26045 762 -14670
-444 -488 -369 27712 344 -13706
-381 -654 -216 29744 -593 -12700
-328 -779 -2 30663 -1589 -12295
-390 -880 116 31508 -3826 -12226
-446 -932 123 31935 -5646 -12480
-467 -980 166 32237 -7743 -12966
-565 -1204 401 31822 -8267 -13580
-2395 -2026 -146 32767 -12439 -15311
-2954 -2039 31 32767 -12387 -13103
-3488 -1849 176 32767 -11826 -11790
-4464 -1364 306 32767 -11596 -12336
-4661 -1207 368 32767 -10493 -14344
-4892 -660 617 32767 -9092 -15274
-4698 -226 855 32767 -7290 -14927
-4473 186 1059 32767 -4423 -11716
-4262 835 1207 32767 -5117 -8280
-4405 968 1358 30686 -12026 -2644
-4763 1188 1401 27123 -19650 736
-4903 1299 1290 23551 -32109 4452
-5271 1732 964 22682 -32768 6084
-5677 2172 481 23828 -32768 7632
-5863 2222 201 27050 -30598 9369
-6670 2234 -297 30146 -24180 11177
-6853 2142 -310 30388 -23362 13189
-7123 1241 -349 28984 -25188 16712
-7231 1137 -346 24786 -25400 22695
-8550 -98 -1265 21757 -20089 26461
-10188 -1548 -2355 21371 -13763 26456
-11305 -2613 -3087 22308 2742 23776
-13071 -4450 -3871 22479 20099 21578
-13724 -5767 -4252 19840 32767 22866
-13877 -7192 -4130 9565 32767 32767
-13544 -9403 -3736 -7109 32767 32767
-13080 -11468 -3929 -17874 32767 32767
-13191 -12547 -3452 -32178 32767 32767
-13356 -13742 -1912 -32768 32767 32767
-12361 -13899 -165 -32768 32767 32767
-11448 -13748 858 -32768 32767 32767
-10438 -11049 -1786 -32768 32767 -18083
-9414 -12063 3192 -32768 32767 32767
-8720 -12233 3652 -32768 32767 32767
-8462 -12318 3373 -32768 32767 32767
-7526 -11186 3267 -32768 32767 32767
-6293 -10041 4362 -32768 32767 32767
-5310 -9041 4888 -32768 32767 32767
-4851 -8554 4862 -32768 32767 32767
-4136 -7636 4787 -32768 32767 32767
-3166 -6546 4714 -28026 32767 29003
-2585 -5814 4505 -18788 32767 25173
-2105 -5171 4403 -13348 32767 22781
-1539 -4323 4160 -6927 32767 19215
-1077 -3816 4004 -3897 32767 16893
-873 -3312 3533 -453 28485 13147
-804 -2975 3204 1951 21175 9023
-855 -2390 2497 3055 17366 6215
-933 -2267 2324 3843 13493 1590
-1326 -1800 1704 3911 12115 -1699
-1447 -1694 1615 3223 11776 -6734
-2081 -1136 1526 2167 12880 -10236
-2173 -977 1471 849 17144 -15260
-2503 -463 877 1224 20800 -18169
-2669 -360 695 4389 23142 -22513
-3194 196 -87 9654 17347 -26302
-3201 363 -290 13505 10267 -27792
-3433 852 -878 16887 3085 -28623
-3589 969 -1021 20511 -5583 -29024
-4006 1112 -1238 21826 -7920 -28486
-4443 973 -896 21079 -6729 -27615
-4454 939 -779 18141 -3276 -25694
-4342 975 -737 15718 -532 -23500
-4111 988 -1147 15792 63 -22315
-4074 1002 -1536 18887 -1294 -21765
-4307 981 -2115 22427 -3952 -22479
-4324 1082 -2316 28060 -7818 -24196
-3879 1274 -2096 30575 -8240 -24627
-3368 1255 -1785 31405 -6247 -23135
-2626 1236 -1216 28793 -3023 -20056
-1980 1203 -562 25671 -1103 -17909
-1846 1154 -437 20215 865 -14986
-1292 824 -319 17063 1635 -13286
-1155 749 -347 14343 2420 -11158
-900 466 -551 14624 2557 -10005
-965 103 -932 16547 1877 -10081
-1170 -228 -1238 21155 -207 -11493
-1249 -449 -1357 24806 -1653 -12972
-1279 -558 -1349 30039 -3125 -15384
-1312 -661 -1248 32767 -3272 -17647
-1179 -827 -991 32767 -2042 -19036
-1037 -908 -840 32767 -666 -19251
-834 -1005 -708 32767 1540 -18287
-548 -1009 -557 32767 2956 -17079
-457 -965 -438 32767 5221 -15108
-460 -1010 -291 32226 6272 -13991
-485 -1108 -268 30970 6200 -12791
-536 -1382 -186 30541 4023 -12106
-629 -1528 -250 30963 1480 -12070
-935 -1649 -491 32767 -3063 -12964
-1156 -1682 -524 32767 -6485 -14572
-1412 -1674 -517 32767 -7376 -15995
-1680 -1622 -547 32767 -6675 -18026
-1712 -1480 -488 32767 -5459 -18422
-1781 -1526 -579 32767 -3997 -17610
-1976 -1417 -501 32767 -3226 -16681
-2376 -1209 -131 32767 -1860 -15402
-3248 -1404 136 32767 -3581 -14969
-4023 -1453 263 32767 -6749 -14944
-4259 -1470 304 32767 -13174 -14070
-4745 -1620 340 32767 -19508 -10469
-5032 -1486 545 32767 -21630 -5988
-5139 -1527 431 32767 -23155 2721
-5438 -1294 305 32767 -23642 7815
-5887 -867 269 32767 -24113 11696
-5950 -499 375 32767 -24342 11631
-5873 304 599 32767 -24424 10173
-5877 774 806 32767 -23475 7423
-5648 1650 963 31998 -21760 6623
-5429 2539 858 26329 -18184 8150
-5448 3034 645 22877 -17233 10935
-5515 3221 478 18707 -19190 17232
-5639 3311 359 15298 -20569 25007
-6107 3418 -146 13773 -20499 29399
-6816 3503 -829 13663 -15945 32586
-8553 3145 -2764 14574 -8413 32713
-9282 2796 -3736 14896 9098 32388
-9725 2230 -4492 13249 22716 32767
-9984 1448 -5110 7339 32767 32767
-10068 -100 -5773 1544 32767 32767
-9840 -1158 -5823 -8995 32767 32767
-9845 -3260 -4872 -19688 32767 32767
-9775 -3807 -4553 -25143 32767 32767
-9322 -5472 -3216 -31495 32767 32767
-8687 -6868 -1233 -30440 32767 32767
-7914 -6621 2638 -32768 32767 32767
-7094 -8400 4496 -32768 32767 32767
-5797 -9195 5382 -32768 32767 32767
-4799 -9123 5764 -32768 32767 32767
-3624 -8667 6040 -32768 32767 32767
-3037 -8319 5610 -32768 32767 32767
