723 -728 -1788 807 2537 2675
700 -608 -1628 634 2420 2917
854 -512 -1391 517 2279 3156
1147 -488 -1284 363 2172 3699
1766 -498 -1238 270 2202 4192
2234 -521 -1221 91 2270 5031
2911 -531 -1208 -178 2217 5849
3172 -509 -1130 -423 2068 6261
3336 -574 -1099 -863 1636 6604
3895 -826 -1151 -1264 985 6701
4114 -1057 -989 -1500 554 6616
4086 -1233 -898 -1797 346 6223
4306 -1402 -760 -2056 415 5871
4426 -1466 -715 -2217 470 5788
4424 -1472 -720 -2436 534 5793
4201 -1402 -635 -2603 598 5786
3973 -1304 -513 -2925 649 5636
3499 -1114 -387 -3164 681 5408
3207 -1037 -324 -3530 674 4889
2885 -963 -238 -3878 507 4312
2728 -907 -260 -4043 422 3965
2661 -875 -320 -4161 353 3557
2589 -857 -440 -4153 317 3357
2580 -890 -403 -4100 180 3180
2624 -887 -376 -4064 139 3116
2645 -857 -315 -4010 277 3033
2572 -777 -271 -3998 476 2946
2517 -757 -245 -4015 763 2736
2332 -775 -239 -4050 876 2529
2188 -745 -252 -4086 929 2125
1943 -776 -331 -4083 869 1828
1847 -760 -382 -4016 657 1418
1812 -748 -472 -3925 431 1219
1809 -779 -492 -3754 35 1056
1962 -888 -418 -3643 -237 1058
2123 -952 -385 -3494 -417 1203
2355 -962 -299 -3366 -330 1451
2409 -912 -261 -3292 -183 1604
2265 -736 -299 -3201 8 1692
2106 -630 -317 -3036 227 1630
1873 -440 -388 -2913 307 1491
1773 -357 -422 -2730 296 1192
1694 -338 -486 -2627 159 971
1764 -312 -513 -2506 -172 687
2039 -386 -568 -2426 -471 503
2248 -466 -628 -2371 -570 421
2458 -634 -687 -2298 -532 294
2594 -757 -632 -2282 -421 180
2735 -817 -525 -2344 -249 5
2796 -914 -396 -2485 -206 -153
2998 -928 -313 -2569 -219 -233
3308 -997 -361 -2563 -147 -236
3686 -1004 -385 -2457 33 -184
3914 -954 -389 -2195 404 -76
4078 -841 -182 -2012 607 -24
4037 -713 -19 -1769 796 -112
3853 -487 219 -1524 721 -490
3804 -342 479 -1319 601 -869
3864 -356 697 -967 498 -1487
4062 -467 1114 -611 433 -2006
4263 -557 1414 -364 423 -2255
4521 -662 1569 34 494 -2458
4890 -923 1707 322 610 -2510
5105 -1230 1766 761 907 -2562
5344 -1838 1852 1005 1134 -2631
5451 -2504 1984 1266 1436 -2850
5488 -2959 2017 1450 1735 -3203
5541 -3437 1993 1598 1915 -3469
5692 -3772 1949 1949 2229 -3809
6029 -4163 1773 2289 2438 -3908
6212 -4473 1635 2925 2753 -3897
6285 -4932 1430 3381 2906 -3849
6391 -5193 1259 4075 2976 -3793
6577 -5552 1209 4486 2978 -3767
6615 -5725 1236 4840 2801 -3849
6108 -5878 1108 4966 2466 -4350
5640 -6110 640 5066 2241 -4929
5720 -6311 156 5386 1800 -5769
6354 -6455 -412 5650 1539 -6053
6636 -6551 -617 5832 1649 -6109
6554 -6502 -936 4698 3764 -7576
5346 -6125 -2469 4408 4011 -5492
4532 -5957 -2810 4868 3017 -6007
4494 -5528 -2597 4926 2330 -6390
4808 -5016 -2365 4489 1915 -6618
4675 -4739 -2321 3733 1725 -6405
4305 -4443 -2441 3244 1829 -6146
3841 -4198 -2576 2623 2008 -5755
3301 -3970 -2701 2278 1993 -5563
2739 -3639 -2764 1795 1799 -5299
2525 -3492 -2745 1487 1702 -5101
2343 -3382 -2619 1060 1765 -4736
2161 -3334 -2557 817 1989 -4440
1717 -3178 -2524 538 2226 -3977
1012 -2975 -2585 429 2233 -3714
643 -2858 -2636 404 2047 -3386
210 -2723 -2692 469 1877 -3180
-8 -2630 -2684 602 1569 -2825
-272 -2505 -2693 688 1365 -2577
-509 -2260 -2670 783 1084 -2165
-640 -2096 -2658 818 954 -1863
-741 -1977 -2672 831 821 -1390
-634 -1900 -2680 817 696 -843
-463 -1876 -2717 808 687 -423
-183 -1778 -2534 732 784 256
46 -1739 -2472 657 929 715
248 -1572 -2478 579 1064 1371
454 -1309 -2776 615 1038 1775
638 -1110 -2982 746 921 2152
867 -899 -3085 1013 634 2644
1282 -532 -3203 1182 479 2918
1634 -361 -3133 1297 394 3266
2110 -140 -2754 1217 502 3455
2230 78 -2479 808 874 3628
2408 269 -2020 399 1144 3682
2432 445 -1868 -261 1413 3692
2436 535 -1953 -689 1581 3643
2506 513 -2061 -795 1615 3640
2530 624 -2444 -673 1429 3717
2531 603 -2466 -507 1197 3795
2567 585 -2155 -407 923 3914
2605 636 -1443 -654 892 4031
2543 733 -844 -975 958 4089
2381 815 -601 -1524 1111 4099
1988 860 -574 -1812 1258 4033
1771 846 -632 -2044 1370 3917
1517 883 -753 -2064 1301 3888
1371 876 -795 -1938 1067 3920
1187 805 -755 -1807 930 3981
1078 712 -722 -1639 796 4079
953 555 -821 -1539 708 4135
929 453 -815 -1474 528 4225
1056 214 -673 -1532 378 4297
1175 24 -581 -1776 148 4411
1317 -170 -461 -2026 75 4475
1438 -518 -328 -2467 266 4483
1756 -875 -327 -2769 526 4479
2003 -1025 -402 -3162 881 4520
2439 -1257 -503 -3373 1036 4586
2656 -1394 -522 -3606 1262 4688
2835 -1540 -562 -3763 1625 4665
2750 -1846 -524 -3864 1889 4520
2622 -2180 -505 -4061 2035 4067
2340 -2641 -635 -4195 1947 3626
2209 -3038 -708 -4335 1651 2866
2269 -3363 -763 -4403 1308 2406
2397 -3632 -761 -4475 605 1925
2796 -3947 -696 -4520 64 1736
3162 -4058 -647 -4535 3 1763
3297 -4007 -630 -4542 242 1926
3354 -3778 -578 -4552 438 2076
3247 -3572 -557 -4582 656 2248
2918 -3228 -528 -4612 686 2258
2699 -2981 -552 -4627 555 2075
2462 -2630 -562 -4608 349 1860
2416 -2406 -533 -4559 -38 1487
2487 -2089 -482 -4504 -257 1268
2575 -1866 -395 -4452 -521 1043
2771 -1572 -275 -4432 -622 946
2849 -1398 -188 -4429 -615 902
2791 -1161 -76 -4435 -576 757
2701 -1094 -46 -4426 -617 592
2597 -1023 -19 -4361 -829 246
2604 -1001 -33 -4267 -986 -23
2842 -957 19 -4001 -1251 -469
3284 -852 167 -3853 -1384 -575
3593 -699 327 -3625 -1434 -562
3926 -395 662 -3496 -1235 -488
3971 -180 882 -3371 -639 -400
3828 95 1261 -3287 1 -409
3716 371 1440 -3224 240 -463
3634 734 1897 -3100 386 -588
3633 970 2187 -2979 466 -692
3506 1298 2546 -2792 608 -834
3400 1400 2768 -2342 965 -1138
3487 1366 2936 -1695 1288 -1435
3618 1286 3156 -1206 1455 -1573
3801 1020 3523 -711 1568 -1677
3811 800 3755 27 1634 -1871
3931 426 4065 710 1719 -2142
4326 16 4250 1160 1990 -2302
4669 -285 4204 1863 2519 -2427
4956 -781 3960 2376 2790 -2465
5186 -1194 3551 3191 3001 -2604
5351 -1443 3281 4003 3267 -2916
5694 -1679 2890 4465 3591 -3204
5962 -1851 2561 4985 4293 -3624
6207 -2093 1752 5426 5020 -3933
6252 -2285 1080 5750 5225 -4100
6032 -2537 -164 6331 5110 -4485
5742 -2630 -1230 6735 4923 -4869
5588 -2549 -1765 6871 6606 -5137
4607 -2651 -3554 6150 5824 -5094
4244 -1816 -3590 6957 3821 -5800
4073 -1669 -3344 6847 2281 -6408
4291 -1442 -2972 6183 1798 -6641
4307 -1439 -2838 4880 1864 -6693
4203 -1626 -3168 4120 2052 -6485
4014 -1818 -3358 3329 2082 -5952
3583 -2057 -3425 2831 2236 -5431
3196 -2136 -3354 2609 2412 -5163
2603 -2300 -3218 2430 2453 -4930
2242 -2442 -3119 2182 2253 -4607
1728 -2665 -3015 2039 2138 -4407
1475 -2871 -2988 1857 1998 -4088
1061 -3079 -2974 1682 1768 -3722
724 -3126 -2950 1547 1572 -3500
355 -3136 -3042 1365 1244 -3139
189 -3107 -3133 1275 1065 -2854
13 -2961 -3154 1211 972 -2511
-172 -2731 -3055 1107 928 -1914
-250 -2567 -3046 993 978 -1304
-320 -2384 -3059 938 1091 -908
-402 -2104 -3087 910 1165 -521
-418 -1919 -3063 868 1246 24
-223 -1658 -2879 806 1359 559
16 -1406 -2619 735 1492 894
139 -1239 -2591 678 1693 1192
282 -1117 -2536 656 1907 1572
435 -986 -2383 661 1926 1867
662 -940 -2154 664 1913 2047
856 -923 -1998 664 1877 2380
987 -908 -1848 662 1875 2648
1171 -851 -1684 665 1904 2944
1524 -844 -1575 673 1950 3478
1890 -812 -1555 676 1971 4187
2260 -761 -1464 628 1926 4734
2428 -718 -1324 411 1853 5493
2688 -738 -1207 173 1840 5899
2986 -761 -1176 -267 1791 6384
3452 -836 -1079 -640 1617 6668
3685 -871 -802 -1074 1480 6843
3654 -1027 -660 -1748 1733 6801
3716 -1189 -542 -2358 2086 6574
3666 -1269 -568 -2668 2113 6400
3460 -1445 -553 -3016 1737 6128
3357 -1588 -470 -3174 1217 5956
3297 -1646 -373 -3320 373 5663
3404 -1710 -70 -3414 36 5455
3539 -1657 182 -3664 2 5181
3484 -1507 478 -3920 307 4989
3299 -1376 575 -4363 1020 4645
3093 -1225 546 -4639 1428 4394
2818 -1074 306 -4932 1719 4048
2630 -1003 138 -5024 1676 3817
2261 -983 -64 -5046 1404 3403
2115 -1032 -116 -5046 1126 3101
2172 -1057 -93 -5061 637 2674
2388 -1115 -33 -5103 368 2411
2655 -1145 -33 -5131 348 2088
2909 -1067 -4 -5043 878 1789
2871 -1062 -99 -4894 1378 1579
2768 -1105 -200 -4546 1962 1251
2448 -1135 -413 -4072 2048 945
2177 -1185 -627 -3723 1756 777
1893 -1353 -770 -3203 868 554
1891 -1506 -660 -2833 -232 383
2058 -1612 -489 -2715 -850 356
2429 -1542 -249 -2673 -1463 460
2798 -1215 -45 -2674 -1529 596
2980 -995 41 -2652 -961 807
2944 -617 45 -2617 -323 898
2788 -443 12 -2559 499 919
2380 -212 -126 -2516 735 828
2201 -91 -240 -2400 674 553
2031 66 -424 -2287 472 313
2046 160 -581 -2058 -3 -72
2260 245 -668 -1895 -287 -321
2454 287 -617 -1753 -481 -646
2642 326 -374 -1793 -329 -944
2897 148 -118 -2007 -25 -1165
3238 -92 -51 -2154 155 -1234
3456 -134 -34 -2251 286 -1236
3643 -87 116 -2219 307 -1249
3759 -123 293 -2035 395 -1330
3923 -332 598 -1831 495 -1424
4006 -444 883 -1473 556 -1597
4276 -610 1388 -1147 327 -1724
4603 -637 1775 -972 122 -1754
4847 -692 2446 -776 172 -1822
4933 -931 2966 -674 448 -1927
4912 -1143 3190 -493 1000 -2199
4766 -1601 3355 -299 1345 -2441
4631 -1957 3370 160 1716 -2856
4519 -2646 3398 562 1837 -3114
4599 -3136 3441 1208 1791 -3335
4982 -3840 3490 1628 1691 -3321
5324 -4307 3501 2224 1646 -3122
5773 -5050 3290 2880 1864 -2866
6058 -5803 2953 3367 2077 -2776
6138 -6367 2663 4120 2214 -2912
6354 -7005 2139 4615 2058 -3176
6481 -7304 1777 5329 1856 -3790
6690 -7513 1323 5772 1891 -4275
6835 -7616 1017 6356 2156 -4899
6982 -7683 469 6645 2381 -5188
6943 -7573 -205 6928 2534 -5473
6735 -7420 -764 7079 2569 -5786
6473 -6986 -1826 7170 2594 -6052
6418 -4795 -3444 6072 3374 -5587
5250 -5889 -3765 6624 2495 -6241
5086 -5741 -3452 6573 886 -6989
5458 -4872 -2690 5968 842 -7277
5309 -4694 -2510 4630 1719 -7193
4637 -4455 -2805 3393 2450 -6661
3591 -4169 -3322 2811 2496 -6245
2909 -4050 -3447 2203 2233 -5785
2256 -4008 -3360 1884 2029 -5594
2018 -3995 -3229 1441 1801 -5308
1797 -4034 -2976 1178 1745 -5037
1607 -3971 -2811 869 1925 -4507
1157 -3767 -2720 750 2088 -4086
760 -3601 -2702 704 2111 -3459
174 -3330 -2656 717 1965 -3084
-145 -3140 -2608 750 1748 -2769
-400 -2923 -2556 789 1398 -2374
-643 -2651 -2475 812 1040 -1982
-678 -2505 -2389 807 786 -1690
-619 -2342 -2292 793 565 -1366
-473 -2222 -2243 771 402 -832
-110 -2097 -2178 774 449 -429
185 -2022 -2116 773 602 280
598 -1828 -2015 760 682 797
813 -1671 -1980 740 706 1523
1147 -1434 -1994 756 640 2118
1388 -1290 -2014 801 562 2439
1798 -1080 -2046 895 516 2852
2219 -849 -2105 950 533 3112
2412 -660 -2115 989 583 3483
2631 -192 -2023 945 609 3710
2818 114 -1900 766 626 4026
3004 562 -1608 567 684 4182
3114 742 -1421 162 897 4267
3167 877 -1374 -111 1141 4207
3024 983 -1474 -343 1445 4049
2928 1052 -1497 -640 1776 3755
2856 1299 -1669 -834 1676 3575
2754 1391 -1629 -925 1393 3509
2544 1511 -1559 -1015 955 3395
2437 1505 -1458 -1059 767 3303
2360 1437 -1167 -1178 623 3167
2288 1341 -898 -1299 610 3098
2133 1273 -773 -1515 793 3011
1809 1166 -634 -1658 947 2959
1528 1023 -625 -1833 1035 2913
1371 947 -745 -1889 928 2960
1069 806 -955 -1832 843 3002
941 700 -1042 -1740 690 3049
824 616 -1084 -1600 396 3148
747 485 -973 -1566 243 3230
785 393 -794 -1655 89 3402
897 229 -504 -1818 93 3542
996 114 -289 -2179 220 3761
1187 -131 -77 -2463 396 3901
1276 -288 2 -2878 843 4052
1375 -537 -69 -3201 1276 4140
1478 -877 -208 -3340 1450 4173
1605 -1091 -247 -3451 1484 4230
1801 -1381 -203 -3495 1340 4275
1963 -1607 -206 -3529 1007 4288
2337 -1802 -172 -3528 816 4257
2592 -1958 -167 -3510 696 4107
2830 -2307 -219 -3525 925 3757
2853 -2826 -351 -3578 1210 3391
2820 -3125 -508 -3700 1727 2729
2865 -3530 -815 -3785 1874 2315
2838 -3653 -1042 -3881 1581 1863
2809 -3929 -1419 -3898 1127 1652
2910 -4074 -1549 -3873 400 1498
3186 -4016 -1640 -3864 12 1510
3380 -3756 -1492 -3973 -372 1682
3516 -3199 -1184 -4153 -444 1833
3450 -2817 -1062 -4506 -110 1969
3090 -2351 -1087 -4727 256 1948
2820 -2100 -1178 -4967 405 1779
2693 -1780 -1217 -5038 205 1670
2690 -1545 -1147 -5037 -320 1582
2835 -1074 -849 -4983 -998 1552
3319 -540 -318 -4961 -1304 1567
3778 -111 106 -4978 -1278 1631
4278 456 723 -5009 -853 1622
4307 780 1058 -5073 -32 1289
4000 1083 1450 -5063 349 766
3819 1180 1754 -4906 598 -371
3893 1272 2398 -4608 306 -1541
4022 1266 2957 -4392 -8 -2214
4462 1108 3895 -4081 -102 -2967
5258 895 4610 -3621 543 -3298
5571 642 4987 -2874 1690 -3410
5256 334 5072 -2209 2296 -3509
4987 93 5186 -1142 2447 -3714
5520 -300 5554 -482 2191 -3745
6391 -593 5721 458 2208 -3450
6896 -1136 5459 1193 2835 -3256
6752 -1582 4881 2577 3876 -3320
6426 -2113 3765 3640 4071 -3558
6378 -2360 3328 5096 3683 -4067
6706 -2585 3102 5932 3618 -4594
7219 -2805 2484 6124 3917 -4827
7310 -3001 1688 6182 4508 -5063
7052 -3209 96 6290 4821 -5233
6728 -3273 -912 6623 4876 -5569
7168 -4402 -1594 6358 4902 -5736
5634 -2777 -3884 5994 5225 -5763
4751 -2527 -3543 6612 3906 -6452
4449 -2697 -3236 6422 2830 -6740
4447 -2490 -2935 5570 2403 -6912
4290 -2487 -2995 4915 2463 -6836
3701 -2710 -3408 4355 2340 -6650
3267 -2800 -3640 3721 1907 -6287
3052 -2847 -3622 3241 1855 -5910
2516 -2920 -3513 2923 1826 -5693
2135 -3016 -3510 2466 1677 -5442
1742 -3244 -3625 2234 1542 -5264
1481 -3410 -3694 1985 1396 -4918
980 -3638 -3659 1809 1278 -4636
681 -3862 -3511 1418 1131 -4152
251 -4154 -3290 1092 1088 -3778
-139 -4242 -3245 645 1002 -3187
-797 -4204 -3249 436 839 -2822
-1099 -4127 -3219 297 571 -2293
-1174 -4056 -3102 278 459 -1863
-1043 -3924 -3019 342 499 -1044
-803 -3604 -2960 449 799 -409
-657 -3292 -2925 637 1404 615
-614 -2658 -2986 772 1735 1259
-628 -2265 -3051 935 1884 1998
-490 -1678 -3139 1013 1888 2327
-323 -1383 -3205 1076 1887 2624
53 -995 -3220 1043 1764 2766
338 -773 -3138 878 1512 2976
932 -514 -2858 700 1509 3157
1631 -363 -2545 399 1810 3586
2066 -354 -2273 96 2240 4191
2591 -298 -1958 -138 2824 4849
2860 -278 -1804 -239 3114 5276
3074 -220 -1818 -257 3136 5822
3286 -177 -1735 -222 2777 6133
3449 -135 -1369 -276 1883 6381
3145 -77 -884 -401 1467 6256
2926 -139 -579 -703 1192 5772
3004 -282 -183 -1133 1024 5440
3313 -496 -17 -1443 901 5446
3600 -611 27 -1907 759 5788
3844 -810 -117 -2167 718 6088
4020 -957 -272 -2422 722 6441
4179 -1112 -452 -2517 694 6539
4006 -1132 -450 -2630 711 6336
3763 -1192 -327 -2748 796 6011
3637 -1187 -132 -3056 894 5406
3442 -1187 -74 -3452 1050 4775
3156 -1030 -111 -3757 1230 4175
2833 -865 -294 -3859 1240 3821
2583 -768 -475 -3834 1050 3340
2322 -695 -619 -3749 749 3070
2196 -686 -670 -3581 154 2735
2176 -715 -706 -3461 -184 2537
2248 -726 -638 -3355 -484 2271
2314 -732 -534 -3371 -306 1984
2400 -694 -514 -3439 -33 1792
2400 -627 -607 -3579 363 1497
2188 -587 -763 -3722 579 1138
2079 -552 -878 -3790 597 893
1921 -588 -993 -3853 475 561
1902 -667 -1018 -3888 360 401
1932 -714 -1015 -3950 206 282
2109 -918 -976 -4002 102 302
2198 -958 -918 -4085 -37 453
2397 -1026 -837 -4158 17 731
2678 -968 -776 -4202 195 981
2780 -822 -866 -4177 484 1392
2659 -374 -783 -4082 642 1634
2476 24 -538 -4029 812 1632
2351 404 -373 -3932 1100 1406
2435 716 -379 -3799 1167 1163
2623 825 -491 -3422 883 769
2803 911 -586 -3066 485 486
3187 928 -450 -2535 -116 29
3751 901 184 -2319 -411 -292
4178 758 696 -2286 -486 -717
4670 496 1387 -2418 -269 -971
4751 345 1736 -2654 252 -1397
4687 286 1973 -2682 582 -1737
4590 -45 1931 -2481 878 -2108
4607 -384 1882 -1777 1087 -2618
4881 -952 2080 -943 731 -2871
5505 -1316 2654 -499 455 -2855
5829 -1496 3035 -90 696 -2738
6053 -1731 3424 83 1208 -2687
5950 -1961 3478 388 2075 -2744
5495 -2340 3359 920 2551 -3014
5204 -2970 3116 1422 2538 -3267
5390 -3450 2940 2279 2060 -3518
6083 -4082 3018 2816 1675 -3504
6549 -4541 3161 3422 1557 -3325
7006 -5261 3217 3694 1810 -3251
7322 -6041 2838 4033 2484 -3278
7420 -6741 2453 4413 2902 -3498
7365 -7665 1603 4806 2904 -3776
7455 -8230 1027 5623 2622 -4307
7946 -8667 227 6491 2409 -4799
8067 -8726 -124 6901 2312 -5163
7791 -8480 -726 7167 2124 -5849
7203 -7939 -1446 7130 1915 -6375
6209 -5797 1256 5825 3314 -6337
1458 -3998 -3317 818 2008 -5089
1183 -3927 -3120 670 1830 -4897
872 -3766 -2934 571 1834 -4495
602 -3632 -2904 587 1909 -4132
176 -3422 -2796 639 1884 -3481
-224 -3135 -2738 682 1847 -3024
-431 -2950 -2709 726 1782 -2377
-716 -2695 -2638 744 1735 -1998
-834 -2523 -2617 738 1529 -1470
-705 -2323 -2593 710 1218 -899
-431 -2131 -2537 670 1050 -486
-144 -2058 -2563 596 855 188
304 -1900 -2641 567 786 650
608 -1777 -2690 558 702 1301
961 -1553 -2633 574 596 1841
1232 -1442 -2484 550 504 2163
1630 -1197 -2348 488 355 2667
1960 -1020 -2272 445 265 3058
2540 -868 -2199 360 136 3716
2818 -691 -2120 274 110 4133
3115 -369 -1986 80 325 4650
3346 -130 -1825 -110 540 4941
3395 207 -1869 -363 895 5232
3285 535 -1841 -502 1053 5314
3094 822 -1515 -751 1143 5305
2920 993 -1118 -957 1271 5238
2828 1078 -931 -1290 1482 5136
2605 1144 -796 -1497 1473 5105
2397 1269 -812 -1711 1142 5086
2058 1322 -756 -1789 821 5047
1915 1255 -667 -1866 550 4943
1863 1144 -511 -1913 558 4885
1888 1033 -394 -2044 872 4888
1957 925 -234 -2204 1157 4978
2004 760 -94 -2426 1525 5122
1914 659 -267 -2742 1974 5326
1690 416 -568 -2901 1998 5394
1526 233 -673 -3049 1357 5306
1379 -102 -620 -3136 327 4978
1606 -527 -326 -3207 -264 4668
1911 -769 -164 -3353 -625 4222
2577 -1118 54 -3527 -342 3992
2951 -1271 93 -3629 188 3992
3132 -1401 75 -3741 1031 4080
2871 -1459 -109 -3758 1509 4101
2629 -1516 -248 -3685 1742 3983
2146 -1708 -442 -3574 1582 3764
1846 -1812 -539 -3342 1185 3224
1596 -2056 -700 -3158 832 2789
1561 -2274 -745 -2919 96 2189
1731 -2586 -657 -2831 -325 1879
1982 -2725 -555 -2841 -531 1646
2460 -2895 -452 -3040 -441 1744
2838 -2987 -459 -3243 -299 1945
3083 -2994 -513 -3579 104 2358
3164 -2975 -650 -3890 678 2696
3014 -2927 -778 -4048 930 2758
2753 -2782 -974 -4205 1043 2615
2601 -2644 -1024 -4254 930 2403
2439 -2293 -1057 -4267 721 2127
2398 -1856 -1057 -4221 354 1650
2471 -1576 -1033 -4133 44 1210
2597 -1310 -949 -4101 -64 979
2831 -978 -794 -4123 -92 708
2989 -795 -681 -4184 -33 536
3022 -678 -646 -4294 13 248
3132 -572 -590 -4347 -131 48
3256 -390 -507 -4329 -332 -304
3463 -320 -225 -4301 -442 -557
3675 -232 -25 -4223 -490 -897
4126 26 322 -4153 -478 -1028
4316 277 589 -3994 -422 -1103
4413 613 1059 -3857 -284 -1156
4296 777 1454 -3628 133 -1360
4231 957 2043 -3386 455 -1619
4402 1079 2433 -3180 551 -1715
4622 1221 3032 -2789 847 -1817
4490 1118 3529 -2441 1221 -1982
4580 971 3691 -1665 1658 -2322
4675 741 4011 -989 1710 -2555
4814 605 4259 110 1539 -2886
5200 315 4683 816 1519 -3090
5499 173 4954 1718 1885 -3370
5883 -175 5055 2204 2412 -3553
4568 -974 -2471 4392 1816 -5348
4866 -2763 -3624 2097 2159 -4974
1612 -3521 -3467 1709 2223 -4508
966 -3613 -3519 1491 2200 -4181
493 -3624 -3584 1242 2118 -3720
-99 -3574 -3682 1146 2047 -3415
-378 -3552 -3727 1087 1886 -2882
-618 -3491 -3817 1095 1697 -2449
-929 -3318 -3748 1073 1408 -1760
-1148 -3056 -3656 1022 1292 -1317
-1200 -2876 -3640 927 1180 -680
-1123 -2570 -3631 890 1137 -266
-978 -2382 -3513 836 1184 322
-683 -2088 -3367 776 1280 681
-452 -1898 -3294 673 1431 1155
-135 -1651 -3227 573 1521 1539
254 -1387 -3101 513 1549 1762
484 -1290 -2949 434 1688 2050
810 -1106 -2599 365 1796 2248
974 -996 -2410 276 1954 2594
1142 -810 -2206 245 2070 2841
1216 -690 -2031 188 2178 3239
1308 -579 -1721 112 2218 3496
1499 -552 -1473 -113 2239 3934
2020 -533 -1219 -314 2234 4331
2328 -503 -1186 -624 2165 5049
2479 -443 -1103 -814 2018 5493
2596 -420 -1029 -1084 1669 6020
3083 -584 -989 -1226 1406 6289
3465 -678 -842 -1440 981 6593
3537 -863 -447 -1771 973 6573
3468 -1016 -360 -2035 1129 6391
3299 -1139 -355 -2463 1253 6036
3350 -1268 -381 -2765 1066 5876
3573 -1456 -418 -3197 404 5803
3663 -1535 -493 -3411 -19 5794
3883 -1567 -545 -3614 -363 5779
4070 -1502 -397 -3724 -334 5749
3971 -1422 -242 -3925 90 5563
3652 -1202 -85 -4162 739 5154
3294 -994 -138 -4304 1081 4803
2995 -885 -213 -4453 1363 4212
2626 -759 -296 -4506 1355 3809
2420 -701 -355 -4513 1144 3247
2271 -670 -418 -4471 927 2920
2317 -645 -473 -4341 576 2556
2540 -674 -460 -4229 362 2412
2699 -650 -342 -4072 167 2291
2662 -669 -319 -3932 289 2116
2571 -648 -329 -3827 451 1919
2329 -626 -369 -3677 521 1492
2063 -727 -419 -3598 365 1148
2061 -757 -441 -3501 -128 672
2221 -851 -417 -3457 -461 456
2359 -886 -396 -3437 -798 305
2665 -972 -300 -3453 -911 325
2916 -955 -211 -3522 -838 526
3177 -840 -53 -3609 -577 739
3306 -686 9 -3753 112 1071
3190 -384 -64 -3806 909 1216
2772 -36 -372 -3729 1332 1116
2441 138 -636 -3395 1565 673
1987 319 -821 -3094 1355 236
1888 367 -801 -2669 672 -458
2103 342 -549 -2417 -70 -984
2794 231 -77 -2391 -482 -1135
3274 317 297 -2510 -633 -1071
3890 505 984 -2719 -149 -789
4196 506 1309 -2799 613 -565
4196 289 1277 -2656 1081 -557
4226 62 1300 -2188 1351 -705
4509 -175 1673 -1630 877 -885
4764 -248 2194 -1265 305 -1047
4845 -311 2501 -683 -207 -1484
5026 -392 3064 -125 13 -2093
5439 -639 3351 232 440 -2444
5595 -841 3458 783 1128 -2744
5713 -1174 3532 1135 1431 -2798
5704 -1585 3535 1471 1557 -2783
5649 -1911 3486 1946 1509 -2771
5760 -2505 3388 2351 1497 -2834
6095 -3218 3316 2555 1589 -2884
6348 -3726 3124 2901 1908 -2899
6549 -4803 2877 3174 2185 -2931
6680 -5817 2634 3613 2322 -3011
6687 -6631 2474 4037 1982 -3252
7165 -7737 1868 4383 1654 -3504
7529 -8409 1469 4981 1435 -3951
7903 -9241 876 5397 1478 -4328
7988 -9634 466 5956 1678 -4999
7613 -9631 92 6196 1769 -5522
7177 -9514 -243 6344 1674 -6447
6614 -9451 -1009 4982 1769 -6182
5892 -8941 -2570 5424 2496 -6827
5435 -8007 -2518 6051 2250 -7458
5101 -7588 -2196 5970 1520 -7423
4927 -6843 -2123 5160 1079 -7174
4334 -6236 -2229 4447 1373 -7037
3825 -5991 -2703 3547 1969 -6861
2946 -5490 -3451 3143 2018 -6735
2389 -5050 -3701 2637 1599 -6506
1737 -4417 -3652 2258 1281 -6326
1466 -4096 -3442 1529 1106 -5961
1113 -3747 -3114 967 1199 -5645
965 -3618 -3007 210 1537 -5038
687 -3413 -2969 -137 1862 -4579
446 -3344 -2992 -374 2261 -3881
178 -3133 -3132 -347 2358 -3367
-95 -2969 -3242 -53 2376 -2614
-591 -2682 -3214 212 2266 -2183
-794 -2501 -3079 524 1885 -1616
-740 -2286 -2783 651 1401 -1037
-593 -2166 -2610 650 1139 -646
-365 -1926 -2340 592 960 -278
12 -1807 -2329 477 844 230
341 -1776 -2397 452 784 581
634 -1705 -2451 518 651 1108
1111 -1569 -2461 615 581 1448
1402 -1414 -2444 773 521 1953
1770 -1127 -2253 824 367 2456
2197 -853 -1964 770 264 2796
2480 -666 -1880 598 321 3295
2799 -464 -1935 474 456 3581
3051 -361 -1929 248 612 3946
3229 15 -2086 105 761 4148
3257 267 -2083 -111 1011 4365
3023 830 -1881 -315 1094 4444
2803 1156 -1715 -680 1149 4413
2444 1610 -1504 -915 1207 4313
2282 1788 -1291 -1227 1350 4144
2066 1792 -867 -1438 1473 4063
1953 1766 -792 -1678 1625 4035
1753 1740 -1134 -1635 1506 4106
1699 1674 -1319 -1472 1253 4200
1556 1490 -1301 -1297 1018 4286
1512 1383 -1153 -1139 867 4400
1503 1139 -750 -1190 900 4453
1501 976 -491 -1480 1147 4532
1468 726 -340 -1762 1318 4581
1407 551 -347 -2192 1406 4645
1352 218 -454 -2433 1359 4653
1412 -61 -635 -2625 1174 4643
1691 -428 -838 -2625 1011 4653
1842 -643 -747 -2578 788 4679
1890 -924 -502 -2594 693 4675
1908 -1072 -306 -2733 752 4605
1946 -1232 -114 -2882 852 4550
1901 -1296 -63 -3107 1051 4437
1986 -1468 -133 -3235 1171 4363
2068 -1636 -189 -3375 1218 4266
2060 -1804 -356 -3421 1188 4176
2033 -1953 -422 -3426 1150 3946
1999 -2110 -463 -3414 1088 3731
2081 -2260 -441 -3462 906 3381
2225 -2535 -394 -3594 752 3053
2321 -2700 -370 -3735 657 2851
2458 -2793 -398 -3995 484 2585
2627 -2833 -491 -4157 377 2437
2787 -2916 -548 -4372 406 2276
3077 -3055 -591 -4511 484 2234
3200 -3067 -644 -4689 617 2222
3218 -3105 -732 -4783 677 2194
3245 -3054 -740 -4892 651 2097
3225 -2849 -679 -4978 446 1925
3196 -2648 -646 -4994 306 1752
3123 -2330 -542 -4965 209 1407
3006 -2104 -478 -4902 190 1120
2839 -1800 -450 -4799 142 818
2811 -1641 -483 -4566 -38 414
2772 -1379 -449 -4275 -380 105
2725 -1266 -416 -4080 -625 -62
2748 -1062 -318 -3830 -942 -281
2745 -901 -209 -3701 -1110 -432
2816 -768 -107 -3596 -1349 -633
3014 -555 134 -3589 -1469 -727
3236 -317 278 -3611 -1454 -742
3591 17 389 -3554 -1149 -636
3699 409 538 -3478 -874 -560
3580 667 639 -3247 -440 -589
3458 956 859 -3033 -392 -691
3434 1175 1085 -2632 -888 -966
3612 1412 1298 -2294 -1329 -1205
4099 1644 1726 -1747 -1389 -1594
4685 1745 2152 -1411 -850 -1831
4897 1746 2439 -1056 308 -2131
4737 1556 2775 -919 1010 -2339
4533 1399 3004 -859 1546 -2716
4487 963 3308 -865 1723 -3078
4856 537 3541 -806 1968 -3247
5200 199 3628 -536 2483 -3315
5707 -212 3606 -194 2825 -3285
5955 -518 3527 558 3442 -3279
6209 -940 3384 1513 4103 -3448
6334 -1170 3221 2209 4447 -3653
6635 -1626 2818 3246 4744 -4012
7028 -2013 2272 3897 4958 -4256
7242 -2270 1776 4773 5473 -4603
7284 -2540 1144 5281 5759 -4831
7076 -2881 111 5916 5777 -5251
6815 -3085 -1013 6279 5641 -5606
6737 -3175 -1664 6695 5414 -6131
213 -3238 -4456 5951 1602 -6157
5467 -2614 -3596 6202 5799 -6645
5536 -2765 -3678 6326 5570 -6924
4801 -2835 -3419 5956 3885 -6868
4514 -2678 -3438 5148 2941 -6838
4309 -2513 -3467 4631 2883 -6802
3652 -2368 -3701 3953 2477 -6621
3248 -2385 -3573 3474 1909 -6413
3271 -2479 -3366 2703 1620 -6019
3220 -2744 -3242 2232 1991 -5701
2914 -2921 -3344 1717 2430 -5170
2232 -3157 -3586 1530 2401 -4837
1760 -3293 -3633 1385 2190 -4422
1160 -3475 -3550 1302 2050 -4184
847 -3581 -3507 1074 1770 -3646
162 -3678 -3571 958 1647 -3331
-165 -3699 -3601 791 1472 -2811
-487 -3628 -3536 675 1376 -2404
-643 -3513 -3528 539 1347 -1714
-809 -3366 -3564 501 1369 -1248
-979 -3033 -3575 495 1348 -791
-932 -2800 -3506 492 1244 -102
-640 -2383 -3224 465 1227 356
-432 -2076 -3088 392 1438 975
-127 -1609 -3016 359 1612 1329
5 -1325 -3005 367 1756 1739
233 -1002 -2810 400 1821 1928
501 -841 -2639 444 1933 2174
941 -565 -2414 508 2085 2485
1239 -392 -2260 533 2173 2769
1509 -86 -2281 565 2282 3236
1591 289 -2264 578 2354 3515
1668 455 -2154 485 2392 3874
1905 535 -1897 321 2385 4104
2157 548 -1629 -69 2320 4513
2445 505 -1180 -408 2263 4824
2553 448 -929 -953 2205 5252
2655 290 -717 -1283 2202 5467
2737 124 -636 -1686 2061 5715
2567 -73 -558 -1962 1753 5783
2371 -362 -498 -2086 1510 5734
2363 -520 -543 -2190 950 5623
2473 -765 -669 -2220 447 5561
2581 -878 -731 -2256 -341 5493
2744 -951 -719 -2317 -768 5433
2966 -1043 -639 -2507 -1080 5344
3398 -1008 -482 -2700 -1010 5328
3476 -923 -305 -3116 -431 5315
3421 -822 -173 -3653 399 5210
3254 -798 -207 -4025 937 5065
2462 -1034 -473 -4332 381 1528
2403 -1051 -647 -4479 808 1116
2301 -1010 -988 -4396 770 860
2182 -1022 -1132 -4239 570 761
2180 -1028 -1115 -3999 11 724
2312 -1000 -943 -3880 -434 788
2656 -892 -696 -3796 -973 1006
2907 -671 -558 -3776 -1102 1313
3106 -279 -337 -3770 -906 1474
3191 -3 -228 -3736 -250 1590
3341 482 -142 -3681 284 1589
3431 858 -249 -3503 1024 1460
3393 947 -312 -3234 1173 1137
3342 954 -275 -2952 690 602
3428 892 -61 -2824 141 171
3863 819 423 -2755 -443 -261
4421 665 1082 -2744 -898 -846
4779 443 1643 -2887 -623 -1303
5152 137 2293 -3018 -139 -1549
5265 -226 2376 -2964 759 -1882
5131 -623 2275 -2391 1314 -2271
5006 -1210 2525 -1819 1265 -2546
5112 -1613 2976 -1007 614 -2863
5566 -2039 3678 -353 273 -3007
6163 -2310 4081 67 483 -2989
6499 -2448 4132 802 1133 -2824
6626 -2801 4077 1343 1545 -2701
6446 -3155 3988 2167 1883 -2749
6225 -3909 3791 2723 1944 -2992
6378 -4676 3660 3477 1759 -3524
7162 -5881 3568 4032 1250 -3990
8214 -7098 3496 4307 1123 -4233
8745 -7942 3266 4673 1797 -4634
8779 -8975 2482 5197 3049 -5206
8407 -9419 1722 5669 3511 -5631
7688 -9455 471 6503 3314 -6212
7075 -9109 -274 6962 2838 -6554
6866 -8733 -728 7349 1968 -6914
6439 -8312 -1170 7340 1422 -7090
4242 -5381 -3938 5654 2612 -6539
4969 -6984 -2860 6077 2603 -7254
4984 -6966 -2557 6208 1513 -7571
4888 -6334 -2211 5617 737 -7453
4987 -5809 -1661 4295 1225 -7008
4602 -5564 -1926 3058 2373 -6392
3962 -5576 -2375 2454 2687 -6048
2894 -5345 -2941 2024 2605 -5813
2491 -5032 -3161 1633 2275 -5548
2015 -4578 -3245 1488 2183 -5347
1648 -4267 -3204 1287 2105 -4968
1117 -3792 -3011 1116 1939 -4656
866 -3555 -2834 808 1718 -4135
681 -3234 -2610 514 1907 -3555
459 -2952 -2615 380 2114 -3116
217 -2728 -2704 317 2214 -2466
-31 -2512 -2808 405 2093 -1929
-39 -2387 -2838 503 1955 -1614
57 -2227 -2800 603 1802 -1328
173 -2117 -2719 682 1540 -937
457 -2000 -2645 684 1365 -662
731 -1907 -2578 630 1071 -186
1017 -1672 -2352 495 815 371
1112 -1437 -2171 377 801 733
1222 -1142 -1852 178 869 1266
1294 -851 -1637 66 891 1617
1420 -700 -1602 -26 879 2177
1559 -467 -1754 6 859 2560
1667 -289 -1852 151 851 3117
1784 -88 -1942 238 881 3469
1934 335 -2036 272 840 3942
1910 822 -1892 179 764 4160
1817 1158 -1537 -252 862 4266
1726 1521 -1058 -693 1095 4222
1749 1610 -870 -1423 1585 4075
1825 1427 -1060 -1824 1885 4013
1758 1319 -1491 -2064 2064 4036
1651 1107 -1977 -1992 1843 4113
1551 942 -2210 -1693 1030 4278
1617 769 -2317 -1453 366 4384
1762 653 -2051 -1270 -321 4480
2036 544 -1491 -1489 -599 4503
2346 355 -923 -1859 -499 4510
2543 249 -593 -2633 142 4533
2622 138 -395 -3186 770 4566
2515 47 -457 -3841 1594 4600
2163 -85 -696 -4145 2074 4560
1789 -243 -890 -4173 2096 4501
1542 -361 -962 -4016 1673 4346
1366 -538 -921 -3842 1207 4228
1193 -839 -752 -3584 447 4021
1229 -1097 -483 -3451 59 3878
1341 -1296 -303 -3345 -295 3693
1502 -1544 -175 -3312 -351 3597
1548 -1689 -183 -3228 -252 3441
1588 -1921 -242 -3164 -182 3322
1621 -2042 -303 -3058 -135 3128
1789 -2329 -367 -2997 -231 2984
2049 -2645 -393 -2989 -371 2933
2244 -2868 -369 -3058 -463 2899
2544 -3234 -377 -3175 -373 2890
2724 -3364 -434 -3437 -81 2903
2954 -3549 -509 -3751 255 2965
3152 -3564 -554 -3975 377 3033
3260 -3597 -675 -4305 544 3114
3282 -3532 -752 -4503 578 3115
3233 -3485 -796 -4726 524 3006
3122 -3320 -784 -4863 343 2766
3061 -3094 -714 -4908 168 2557
3065 -2892 -672 -4908 -43 2248
3144 -2605 -525 -4884 -100 2077
3148 -2382 -406 -4871 -122 1878
3152 -2109 -215 -4887 -135 1729
3064 -1762 -17 -4896 -161 1631
2978 -1612 38 -4886 -150 1429
2902 -1365 172 -4859 -175 1253
2745 -1142 192 -4752 -228 903
2631 -1010 174 -4509 -250 462
2581 -887 216 -4311 -333 164
2490 -763 281 -3995 -525 -256
2452 -641 337 -3793 -764 -498
2474 -558 421 -3506 -1173 -772
2879 -428 615 -3368 -1411 -824
3463 -272 717 -3198 -1538 -688
3795 -73 752 -2986 -1250 -394
3967 264 823 -716 1119 -2267
4196 1680 2466 -473 1580 -2713
4228 1370 2618 -267 1968 -2917
4210 985 2764 -15 2257 -3064
4191 689 2867 421 2404 -3178
4278 297 3060 936 2490 -3208
4448 -164 3319 1273 2641 -3209
4544 -372 3446 1757 2928 -3234
4946 -732 3547 2234 3290 -3233
5422 -999 3513 2566 3683 -3181
6048 -1488 3247 3127 4334 -3038
6425 -1954 2720 3544 4676 -2964
6515 -2197 2251 4254 5048 -3064
6548 -2627 1572 4739 5129 -3299
6683 -2923 1050 5436 5013 -3819
6984 -3309 192 5882 4843 -4208
7248 -3539 -404 6443 4585 -4753
7444 -3672 -1287 6732 4298 -5270
5696 -5794 -1678 6634 4113 -5623
6672 -2560 -3432 5670 4395 -6148
6702 -3118 -3566 5753 5331 -6583
5892 -3530 -3545 5551 3362 -6658
5172 -2977 -3533 4907 2610 -6830
4736 -2888 -3467 4389 2810 -6920
4246 -3028 -3616 3646 2667 -6862
3583 -3227 -3824 3230 2362 -6736
3265 -3385 -3849 2731 2239 -6456
2586 -3687 -3847 2440 2272 -6223
2118 -3898 -3961 2110 2171 -5812
1514 -4096 -4231 1981 2025 -5478
1117 -4144 -4285 1840 1775 -4863
376 -4073 -4217 1689 1657 -4422
-82 -3982 -4079 1301 1509 -3747
-576 -3805 -3808 941 1464 -3265
-806 -3687 -3666 360 1631 -2463
-979 -3620 -3641 45 1873 -1892
-1177 -3473 -3749 -203 2077 -1015
-1192 -3204 -3834 -210 2065 -441
-1096 -2944 -3745 -82 1980 324
-862 -2469 -3640 53 1972 742
-736 -2120 -3599 259 1933 1227
-511 -1578 -3451 361 1801 1456
-313 -1325 -3307 398 1592 1669
27 -1029 -3021 369 1508 1756
425 -854 -2757 304 1523 2024
671 -763 -2452 275 1496 2357
786 -687 -2324 293 1508 2617
1014 -566 -2144 347 1555 2927
1220 -462 -1963 400 1651 3532
1582 -347 -1604 375 1756 4009
1891 -256 -1341 187 1895 4767
2380 -140 -1043 -32 1918 5282
2578 -96 -853 -451 1705 5985
2792 -117 -703 -726 1552 6315
3029 -212 -701 -1044 1388 6584
3654 -392 -787 -1199 1051 6753
3903 -473 -697 -1247 812 6758
4011 -498 -625 -1340 675 6616
4183 -605 -389 -1491 705 6487
4232 -652 -231 -1903 879 6324
4185 -765 -124 -2265 992 6224
4049 -881 -146 -2821 867 5993
3681 -952 -253 -3135 644 5732
3479 -1066 -341 -3452 289 5206
3319 -1113 -485 -3543 95 4841
3178 -1113 -488 -3543 -60 4326
3057 -1045 -473 -3470 -31 3906
2950 -853 -390 -3418 54 3694
2755 -772 -284 -3405 262 3406
2399 -670 -254 -3440 421 3189
2257 -736 -256 -3554 524 2847
2174 -795 -351 -3633 437 2636
2161 -831 -723 -3666 232 2465
2263 -830 -902 -3626 -227 2305
2584 -729 -1097 -3546 -435 2262
2774 -627 -1104 -3377 -384 2224
2729 -569 -972 -3283 92 2051
2491 -576 -799 -3313 437 1834
2361 -602 -755 -3461 689 1440
2247 -644 -837 -3551 656 1188
2180 -680 -874 -3603 298 873
2289 -703 -946 -3561 -72 749
2450 -683 -883 -3416 -622 747
2715 -572 -827 -3208 -814 932
2871 -393 -600 -3085 -786 1075
2854 -291 -458 -2987 -471 1182
2759 -32 -312 -2954 -122 1166
2557 65 -281 -2958 262 968
2269 159 -315 -2985 299 722
2172 223 -446 -2941 193 284
2118 160 -767 -2821 25 -9
2113 130 -963 -2535 -368 -418
2336 -131 -1057 -2349 -573 -631
2554 -316 -995 -2192 -708 -842
2745 -759 -781 -2255 -642 -986
2944 -922 -693 -2376 -562 -1047
3079 -927 -660 -2569 -410 -1060
3252 -1039 -474 -2700 -252 -1042
3294 -1021 -378 -2859 -86 -999
3297 -1176 -333 -2840 104 -1049
3270 -1237 -261 -2711 210 -1133
3314 -1270 -244 -2341 252 -1241
3447 -1299 -266 -1958 227 -1267
3561 -1201 -155 -1289 80 -1295
3504 -1004 340 -899 -4 -1366
3571 -892 756 -517 -80 -1528
3636 -778 1362 -411 -46 -1668
3700 -845 1788 -348 254 -1915
3793 -927 1935 -274 570 -2132
3936 -973 1998 -116 821 -2212
4261 -1040 2077 289 1260 -2209
4392 -1114 2229 635 1587 -2171
4371 -1155 2414 1104 2054 -2166
4336 -1300 2543 1351 2303 -2204
4436 -1408 2507 1689 2381 -2251
4570 -1673 2419 1902 2232 -2291
4824 -1866 2391 2236 2067 -2353
5462 -2190 2394 2458 2152 -2332
5848 -2467 2328 2786 2761 -2223
6171 -3162 2148 3010 3284 -2126
6259 -3743 1959 3370 3431 -2026
6616 -4809 1630 3678 2924 -2060
7093 -5451 1403 4245 2149 -2436
7816 -6515 988 4886 2125 -3336
8303 -6997 673 5288 2351 -4072
8510 -7503 -23 5601 2530 -4816
8261 -7511 -559 5903 2645 -5875
7519 -7180 -1345 6042 2588 -6477
6242 -8376 -955 4549 588 -7772
5872 -6850 -2889 5247 2933 -6892
5632 -5875 -3081 5751 2708 -7200
4876 -5635 -2731 5396 1447 -7155
4585 -4957 -2407 4799 1354 -7029
4381 -4619 -2452 3758 2021 -6658
3666 -4246 -2817 3150 2358 -6341
3262 -3970 -2982 2372 2454 -5857
2975 -3586 -2982 1890 2559 -5538
2826 -3445 -2941 1227 2927 -5096
2531 -3309 -2946 860 3091 -4798
2280 -3227 -2999 493 2987 -4328
1990 -3110 -3067 389 2837 -4054
1444 -2961 -3071 370 2703 -3853
1077 -2802 -3028 434 2419 -3645
651 -2604 -2906 497 2049 -3432
450 -2483 -2800 496 1843 -3237
192 -2338 -2683 454 1602 -2854
107 -2299 -2665 434 1491 -2534
62 -2239 -2733 446 1450 -2177
2 -2162 -2773 501 1398 -1622
-96 -2051 -2883 543 1294 -1252
-97 -1991 -2982 643 1066 -723
-51 -1781 -2991 726 902 -401
-1 -1656 -2942 819 706 -1
237 -1567 -2821 821 564 246
496 -1498 -2785 761 354 698
909 -1416 -2867 729 315 1067
1099 -1253 -2984 709 390 1674
1254 -910 -3022 683 486 2085
1355 -577 -3025 609 526 2707
1383 -248 -2904 508 532 3105
1543 202 -2470 223 647 3652
1517 678 -2235 8 841 3932
1456 816 -2124 -270 1176 4196
1378 885 -2150 -407 1283 4305
1369 867 -2277 -465 1213 4458
1682 689 -2091 -492 1037 4625
2141 636 -1795 -645 783 5037
2201 696 -1569 -961 784 5425
2162 668 -1230 -1294 860 5571
2017 624 -850 -1854 1010 5598
1965 475 -648 -2189 1050 5537
1855 325 -645 -2526 1040 5390
1628 65 -789 -2581 1116 5258
1632 -46 -780 -2522 1208 5138
1764 -253 -739 -2463 1202 5180
1802 -349 -661 -2455 1030 5380
1834 -549 -451 -2560 863 5524
1950 -688 -258 -2888 590 5705
2044 -940 -16 -3318 417 5738
2059 -1129 71 -3596 432 5666
2175 -1383 46 -3886 517 5480
2341 -1566 -54 -3953 594 5359
2553 -1735 -135 -3908 765 5212
2650 -1906 -139 -3840 884 5115
2652 -2026 -146 -3770 702 4890
2622 -2191 -209 -3726 355 4635
2577 -2270 -315 -3590 -36 4074
2587 -2411 -304 -3483 -118 3610
2648 -2523 -260 -3396 34 2969
2793 -2673 -223 -3395 146 2671
2832 -2724 -185 -3494 297 2435
2808 -2772 -298 -3584 446 2384
2794 -2849 -318 -3782 487 2412
2777 -3019 -320 -3969 401 2480
2829 -3120 -300 -4307 297 2595
2778 -3298 -440 -4520 413 2631
2568 -3424 -690 -4743 778 2560
2388 -3473 -808 -4890 1008 2389
2269 -3491 -914 -4958 905 2268
2162 -3348 -958 -5027 445 2147
2283 -3180 -883 -5061 10 2127
2439 -2810 -686 -5081 -282 2099
2459 -2412 -374 -5096 -168 2006
2454 -2136 -172 -5173 119 1776
2550 -1782 -102 -5211 216 1599
2632 -1646 -127 -5144 76 1302
2897 -1460 -194 -4866 -274 955
3229 -1254 -299 -4550 -429 666
3432 -1150 -231 -4002 -454 141
3655 -996 131 -3721 -446 -232
3978 -828 398 -3501 -603 -655
4538 -521 705 -3373 -795 -810
4951 -18 1012 -3273 -768 -817
5004 244 1201 -3101 -353 -895
4822 431 1440 -2987 76 -1088
4602 729 1839 -2868 461 -1344
4675 984 2279 -2674 751 -1653
4763 1173 2542 -2385 931 -1808
4696 1261 2895 -2109 1180 -1920
4525 1240 3021 -1496 1810 -2215
4265 999 3258 -742 2194 -2602
4114 713 3649 -247 2246 -2848
4177 533 3931 414 2194 -3117
4608 172 4290 844 2248 -3208
5260 -382 4429 1542 2625 -3200
5560 -810 4401 2381 3385 -3132
5656 -1305 4159 2971 3839 -3152
5702 -1630 3835 3874 4286 -3371
5865 -2047 3094 4508 4514 -3644
5939 -2290 2524 5481 4767 -4154
6025 -2537 1587 6068 4768 -4482
6123 -2650 935 6804 4778 -4885
6220 -2871 42 7231 4698 -5200
6101 -2927 -853 7302 4602 -5463
5995 -2903 -1337 7093 4633 -5934
2569 -118 -4198 5636 3869 -6028
5463 -2645 -2882 5673 5421 -6503
5236 -2384 -3326 5445 3954 -6626
5030 -2192 -3281 5003 2706 -6600
4938 -2273 -3117 4300 2378 -6700
4412 -2452 -3279 3901 2441 -6745
3905 -2503 -3418 3404 1872 -6668
3329 -2585 -3307 3091 1355 -6550
3157 -2607 -3097 2613 1303 -6273
2893 -2766 -2957 2163 1724 -5770
2360 -3039 -2997 1892 1815 -5350
1964 -3156 -3080 1565 1846 -4773
1414 -3286 -3216 1415 1893 -4428
1084 -3283 -3264 1261 1870 -3917
563 -3144 -3311 1193 1819 -3587
205 -3030 -3341 1151 1683 -3118
-189 -2878 -3284 1120 1508 -2809
-343 -2823 -3236 1039 1237 -2334
-514 -2754 -3198 962 1121 -2016
-585 -2717 -3200 857 1040 -1545
-560 -2634 -3222 812 1053 -1212
-468 -2537 -3104 743 1187 -655
-261 -2339 -2841 635 1611 -15
-162 -2140 -2773 572 1929 450
-94 -1762 -2927 571 2155 905
-81 -1515 -3050 695 2328 1472
-75 -1202 -2911 775 2384 1741
-9 -1068 -2730 834 2514 2037
264 -865 -2393 832 2567 2234
415 -758 -2208 808 2645 2553
607 -610 -1963 801 2730 2768
754 -536 -1708 682 2664 3144
1047 -363 -1399 537 2608 3461
1632 -364 -1054 106 2574 4353
2280 -360 -828 -149 2604 4909
2642 -348 -730 -530 2808 5744
3056 -337 -725 -762 3009 6216
3392 -424 -851 -1039 3065 6773
3657 -488 -1010 -1231 2467 7036
3433 -688 -915 -1340 1882 6916
3399 -876 -832 -1485 893 6385
3588 -1141 -841 -1546 234 5946
3745 -1243 -791 -1600 -633 5380
4152 -1299 -674 -1721 -1058 5083
4511 -1308 -494 -1884 -1016 5041
4550 -1152 -421 -2272 -576 5114
4152 -1001 -336 -2609 -173 5140
3855 -868 -313 -3188 373 5068
3467 -839 -327 -3566 717 4967
3215 -735 -332 -4058 1122 4751
2785 -614 -386 -4383 1306 4438
2486 -553 -472 -4502 1281 4173
2255 -550 -592 -4537 1012 3745
2105 -621 -604 -4488 759 3465
2040 -644 -563 -4372 454 3043
2142 -684 -530 -4291 360 2804
2301 -716 -507 -4185 357 2546
2432 -740 -462 -4146 480 2418
2511 -749 -465 -4088 811 2235
2472 -785 -475 -4035 1059 2089
2334 -799 -531 -3930 1359 1765
2149 -890 -738 -3820 1481 1489
2047 -948 -803 -3599 1327 1064
1939 -1199 -875 -3438 1052 813
1940 -1281 -688 -3273 482 549
2183 -1269 -327 -3246 -206 537
2499 -1116 -103 -3260 -541 666
2667 -961 -44 -3228 -709 1006
2842 -678 8 -3153 -657 1255
2796 -513 -14 -2952 -343 1491
2615 -376 -34 -2791 -5 1508
2489 -306 -27 -2568 407 1332
2237 -250 -8 -2459 506 1100
2154 -214 -32 -2327 433 657
2118 -147 -100 -2189 189 189
2161 -131 -145 -2093 5 -105
2246 -175 -211 -1943 -138 -493
2413 -216 -327 -1838 -156 -690
2523 -302 -470 -1636 -85 -889
2727 -512 -457 -1497 -82 -974
2901 -594 -472 -1450 -151 -986
2989 -586 -411 -1446 -289 -999
3024 -548 -180 -1536 -521 -1096
3073 -510 -59 -1592 -615 -1222
3263 -526 -26 -1582 -579 -1390
3629 -552 -6 -1497 -462 -1427
3848 -491 -11 -1231 -297 -1388
4147 -241 295 -928 -344 -1286
4388 -101 937 -801 -352 -1246
4447 37 1428 -764 -67 -1325
4406 66 1932 -780 257 -1520
4340 -10 2088 -723 815 -1993
4368 -262 2214 -576 1131 -2344
4461 -510 2301 -218 1290 -2749
4695 -850 2545 248 1069 -2953
4931 -1111 2615 604 946 -2968
5487 -1721 2779 1134 953 -2839
5881 -2415 2844 1471 1109 -2719
6016 -2994 2879 1916 1366 -2640
6192 -3751 2762 2187 1454 -2694
6214 -4242 2601 2596 1549 -2987
6347 -4972 2239 3053 1621 -3464
6722 -5739 1850 3386 1613 -3769
7007 -6178 1483 3967 1684 -4144
7213 -6693 1081 4343 1770 -4379
7320 -7026 743 4798 1889 -4763
7382 -7359 52 5057 1959 -5064
7324 -7421 -323 5317 2114 -5605
7068 -7341 -851 5387 2275 -5973
6725 -7163 -1330 5352 2396 -6491
6182 -4752 -2067 3721 6125 -5956
4125 -7441 -4545 4313 2338 -6146
4343 -5527 -3273 4730 -35 -7054
4482 -5361 -2783 4484 156 -7489
5107 -4927 -2076 3454 1065 -7349
4874 -4837 -2160 2673 1730 -6963
4147 -4535 -2542 1997 2131 -6514
3567 -4295 -2799 1299 2441 -5988
2754 -4028 -2982 927 2683 -5700
2408 -3881 -3004 780 2745 -5538
2035 -3745 -2925 665 2726 -5335
1722 -3551 -2838 561 2577 -4898
1446 -3436 -2812 562 2488 -4378
923 -3227 -2723 615 2542 -4047
559 -3094 -2714 751 2591 -3583
75 -2932 -2704 864 2507 -3287
-213 -2826 -2716 1049 2248 -2872
-425 -2724 -2724 1166 2001 -2613
-563 -2588 -2699 1262 1712 -2330
-488 -2522 -2669 1376 1258 -1824
-354 -2422 -2586 1430 1059 -1461
-241 -2361 -2530 1480 1023 -908
2816 -557 -2488 890 1746 4016
2888 -151 -2697 912 1672 4343
2876 318 -2581 890 1554 4566
2813 717 -2476 737 1347 4656
2641 1054 -2247 566 1251 4575
2509 1306 -1949 138 1300 4327
2539 1593 -1541 -455 1572 4137
2735 1701 -1311 -896 1737 4163
2847 1793 -1427 -1262 1777 4273
2764 1671 -1592 -1550 1510 4438
2445 1399 -1781 -1578 1171 4455
2278 1237 -1833 -1442 578 4357
2106 960 -1689 -1326 282 4250
2147 822 -1220 -1284 196 4105
2185 775 -844 -1492 719 4075
2073 762 -379 -1765 1400 4112
1851 742 -244 -2285 2404 4198
1523 611 -199 -2639 2779 4257
1232 508 -250 -3059 3075 4281
1010 325 -354 -3235 3015 4281
890 189 -422 -3330 2606 4282
801 -11 -481 -3285 2184 4285
776 -127 -443 -3144 1425 4264
845 -326 -393 -3019 911 4230
939 -422 -314 -2846 355 4132
1257 -578 -134 -2771 164 4053
1450 -636 -34 -2730 164 3911
1625 -754 155 -2813 536 3671
1750 -914 279 -2942 922 3466
1810 -1101 287 -3224 1463 3123
1792 -1528 243 -3455 1661 2875
1804 -1883 139 -3810 1689 2506
1891 -2453 -48 -4016 1586 2289
2032 -2814 -176 -4235 1314 2095
2304 -3441 -267 -4352 1103 2069
2456 -3805 -274 -4554 827 2150
2701 -4094 -242 -4712 753 2264
2834 -4195 -220 -5001 938 2496
2974 -4150 -205 -5216 1204 2658
3003 -4064 -252 -5510 1642 2856
2869 -3763 -416 -5644 1891 2918
2687 -3500 -592 -5692 2099 2838
2330 -3107 -759 -5625 2038 2664
2158 -2823 -798 -5416 1606 2309
1974 -2441 -791 -5139 878 1878
1917 -2206 -732 -4953 367 1566
2063 -1892 -546 -4790 -85 1266
2256 -1690 -479 -4574 -519 900
2508 -1408 -426 -4355 -705 633
2607 -1260 -448 -4206 -780 478
2673 -1079 -438 -3987 -835 229
2724 -831 -418 -3882 -843 51
2788 -720 -310 -3894 -914 -253
3100 -599 -247 -4087 -974 -454
3644 -406 -206 -4257 -1048 -456
4314 -50 -197 -4406 -1114 -206
4580 172 -85 -4426 -1085 154
4323 414 173 -4363 -826 234
3975 451 424 -4123 -245 -98
3835 613 869 -3703 -61 -690
4255 911 1330 -3304 -174 -982
4359 1078 1640 -2607 -106 -1279
4229 1303 2142 -2141 192 -1490
4091 1395 2393 -1517 701 -1826
3877 1438 2604 -1122 997 -2054
3833 1372 2743 -564 1327 -2345
3938 1218 2903 -116 1658 -2490
4071 1007 2954 123 1937 -2527
4121 840 2945 323 2209 -2552
4164 671 2893 615 2473 -2602
4299 396 2864 969 2627 -2706
4322 147 2864 1258 2708 -2839
4475 -188 2847 1602 2740 -2998
4666 -434 2900 2154 2743 -3208
5255 -851 3034 2660 2836 -3286
5604 -1103 3126 2954 3097 -3301
5992 -1592 3022 3369 3694 -3363
6316 -2094 2663 3663 4018 -3433
6498 -2422 2250 4195 4292 -3580
6738 -2899 1456 4618 4396 -3740
6785 -3134 824 5420 4800 -4128
6637 -3424 -73 6230 4817 -4655
6278 -3432 -921 6825 4383 -5316
5888 -3156 -1754 7003 3942 -5785
4844 257 -3728 5754 3880 -5948
4533 -3189 -3425 6004 3876 -6649
4624 -2332 -3442 5965 3018 -6879
4642 -2150 -3085 5158 2212 -6980
4598 -2261 -2800 4379 2710 -6877
4332 -2372 -2918 3245 3595 -6507
3715 -2625 -3515 2705 3558 -6196
3245 -2758 -3875 2305 3015 -5837
2652 -2979 -4096 2225 2810 -5706
2347 -3124 -4108 2137 2522 -5499
1906 -3274 -4142 2043 2244 -5285
1581 -3280 -4144 1846 1953 -4884
1053 -3244 -4139 1686 1846 -4579
759 -3179 -4106 1411 1741 -4053
387 -3037 -4092 1213 1712 -3639
138 -2948 -4111 956 1756 -2973
-53 -2821 -4126 803 1822 -2498
-372 -2672 -4042 669 1953 -2021
-513 -2530 -3843 459 2101 -1332
-789 -2305 -3638 319 2180 -758
-945 -2132 -3588 329 2199 -454
-958 -1933 -3525 435 2136 -173
-784 -1806 -3350 648 1888 292
-448 -1685 -2881 739 1748 629
-149 -1593 -2536 764 1843 1154
274 -1466 -2124 731 2131 1529
542 -1409 -2028 677 2568 2185
628 -1267 -2088 681 2769 2626
706 -1210 -2087 739 2798 3254
905 -1070 -1997 746 2624 3665
3973 -1122 -135 -2677 1173 7579
3812 -1111 -3 -3176 1282 7435
3611 -1095 5 -3896 1123 6984
3251 -1064 -155 -4398 726 6280
3151 -1120 -248 -4581 460 5770
3245 -1162 -375 -4628 232 5098
3309 -1061 -474 -4536 226 4752
3299 -986 -415 -4380 307 4352
3168 -818 -216 -4374 286 4046
3000 -707 -73 -4492 192 3852
2837 -717 -13 -4674 83 3645
2826 -793 -162 -4866 -131 3340
2941 -720 -482 -4731 -294 3003
3082 -755 -679 -4445 -228 2733
3102 -734 -704 -3883 99 2248
2859 -870 -725 -3511 280 1880
2708 -930 -641 -3106 207 1363
2486 -1001 -513 -2961 -80 1066
2416 -1036 -473 -2893 -558 722
2419 -1144 -441 -2931 -815 562
2448 -1253 -430 -2987 -894 566
2636 -1331 -344 -3094 -900 778
2941 -1277 -318 -3159 -792 1058
3052 -1108 -274 -3232 -481 1597
2978 -811 -224 -3270 -174 1932
2774 -600 -211 -3311 327 2243
2337 -311 -220 -3326 570 2251
2091 -251 -241 -3330 805 1995
1829 -99 -267 -3300 823 1534
1748 -89 -349 -3234 697 1190
1652 -129 -515 -3069 221 682
1794 -20 -628 -2917 -297 395
1942 -47 -598 -2664 -868 51
2125 -230 -464 -2521 -936 -168
2228 -380 -392 -2382 -728 -471
2323 -649 -479 -2305 -528 -647
2499 -709 -594 -2157 -381 -772
2741 -874 -720 -2010 -422 -749
3060 -1054 -661 -1944 -423 -686
3351 -1029 -600 -1921 -253 -514
3690 -1012 -544 -1925 -60 -381
3832 -964 -489 -1937 226 -263
3945 -855 -489 -1871 603 -265
3966 -718 -337 -1731 1061 -384
4009 -611 -58 -1629 1318 -493
3880 -525 202 -1462 1366 -737
3776 -411 561 -1316 1243 -966
3776 -486 837 -1050 1105 -1355
3736 -608 1245 -854 1063 -1640
3799 -719 1531 -511 1008 -2046
4163 -828 1938 -245 1011 -2224
4439 -957 2138 254 1242 -2307
4811 -1385 2410 619 1459 -2283
4901 -1752 2513 1152 1759 -2251
4938 -2349 2634 1489 1890 -2292
5048 -2692 2660 1997 1976 -2429
5236 -3277 2660 2493 2028 -2633
5388 -3687 2650 2805 2047 -2789
5690 -4357 2529 3292 2030 -3001
5986 -5029 2294 3650 2027 -3135
6076 -5411 2089 4251 2145 -3364
6187 -5859 1746 4659 2243 -3543
6194 -6059 1454 5231 2238 -3853
6242 -6379 1068 5662 1966 -4233
6614 -6887 662 5856 1876 -4501
6882 -7081 387 6029 1904 -4875
7114 -7336 -122 6056 1979 -5135
7137 -7408 -606 6004 2162 -5577
7039 -7320 -1130 5949 2230 -5931
6631 -7110 -1822 5867 2203 -6340
578 -3714 -2935 4648 887 -6563
5784 -6602 -2414 5018 2748 -7442
5695 -5842 -3282 5106 2248 -7603
5265 -5492 -3157 4667 664 -7534
5221 -4999 -2901 4148 777 -7392
5054 -4670 -2676 3257 2169 -6979
90 -2870 -2936 208 1894 -3991
-205 -2846 -2978 238 1709 -3667
-321 -2836 -3012 299 1569 -3024
-517 -2747 -3089 348 1475 -2494
-675 -2621 -3127 422 1243 -1622
-780 -2468 -3093 454 1006 -770
-841 -2359 -2947 448 900 -270
-834 -2251 -2902 426 799 355
-420 -2167 -2760 419 772 772
-1 -2130 -2775 448 819 1507
563 -2017 -2854 524 865 2062
757 -1828 -3004 726 884 2840
1202 -1449 -3059 980 753 3563
1656 -807 -2821 1108 692 4027
1925 -486 -2503 1090 662 4606
2228 -11 -2130 947 729 4869
2375 241 -1956 603 982 5054
2460 425 -1824 350 1197 5052
2508 513 -1768 -26 1500 4923
2739 670 -1842 -220 1604 4855
3045 733 -1844 -439 1553 4920
3330 794 -1592 -582 1475 5050
3376 833 -1354 -860 1405 5241
3272 808 -987 -1077 1476 5286
3057 781 -913 -1360 1786 5179
2615 750 -816 -1509 1983 5021
2330 695 -709 -1717 1997 4736
1970 582 -690 -1867 1780 4512
1805 519 -588 -1982 1605 4449
1674 401 -396 -2091 1525 4500
1628 348 -291 -2327 1431 4674
1629 254 -151 -2518 1321 4841
1660 148 -99 -2811 1172 5105
1729 58 -87 -2969 1140 5233
1760 -21 -72 -3129 1100 5285
1849 -188 10 -3209 1055 5223
1934 -305 57 -3292 959 5014
2000 -466 207 -3358 920 4815
2012 -541 265 -3486 930 4435
2068 -691 323 -3583 982 4160
2197 -768 290 -3696 978 3796
2298 -890 170 -3717 924 3590
2291 -996 68 -3658 685 3270
2352 -1251 10 -3571 385 3037
2432 -1534 28 -3400 142 2643
2514 -1852 38 -3315 262 2366
2659 -2234 37 -3302 624 2049
2861 -2649 -64 -3417 883 1934
2844 -3056 -258 -3526 1009 1913
2897 -3238 -363 -3755 1035 1984
2927 -3365 -490 -3916 1030 2076
2918 -3485 -622 -4141 1119 2210
2768 -3349 -779 -4250 1284 2260
2579 -3190 -919 -4320 1589 2218
2238 -2871 -1116 -4311 1730 2105
2059 -2501 -1122 -4301 1682 1865
1928 -2270 -1103 -4347 1549 1571
1798 -1973 -1066 -4412 1464 1343
1732 -1827 -1091 -4544 1238 984
1670 -1702 -1140 -4624 1040 738
1698 -1687 -1176 -4691 671 390
1861 -1640 -1270 -4676 416 209
1967 -1672 -1407 -4555 31 4
2199 -1711 -1375 -4445 -316 -83
2422 -1652 -1273 -4309 -847 -128
2854 -1472 -1046 -4258 -1064 -94
3432 -1147 -820 -4246 -1214 40
3663 -956 -644 -4283 -1207 208
3765 -806 -336 -4329 -1103 248
3842 -640 -58 -4386 -896 199
4091 -315 199 -4352 -720 151
4291 10 380 -4134 -496 72
4378 377 565 -3712 -410 -72
4107 619 824 -3349 -342 -308
3975 744 1045 -2789 -255 -842
3897 872 1403 -2443 -271 -1237
3891 968 1669 -2045 -323 -1788
3992 979 2020 -1878 -188 -2063
4022 953 2284 -1736 267 -2322
3911 856 2416 -1638 990 -2482
3690 666 2623 -1571 1486 -2565
3497 564 2743 -1397 2033 -2701
3098 345 2942 -1214 2276 -2809
2959 159 3111 -801 2447 -2985
2945 -128 3431 -287 2455 -3096
3360 -439 3863 291 2605 -3036
3907 -716 4263 711 2926 -2886
4334 -931 4445 1416 3571 -2537
4835 -1289 4389 2235 4118 -2191
5189 -1538 4006 2880 4273 -2065
5403 -1792 3652 3934 4284 -2156
5890 -2140 3035 4652 4278 -2398
6277 -2391 2694 5578 4163 -2928
6931 -2709 2115 6137 4024 -3534
7476 -3036 1208 6382 4157 -3959
7599 -3252 380 6762 4470 -4536
7511 -3456 -955 7011 4391 -4878
7350 -3460 -1681 7256 3994 -5429
4071 -4096 -3457 6544 3137 -5705
6105 -2452 -3449 6231 4066 -6371
6480 -2797 -3609 6080 4903 -6772
5493 -2948 -3790 5646 3605 -6749
5147 -2649 -3920 4787 2848 -6745
4665 -2593 -3985 4255 3095 -6705
4113 -2625 -4072 3596 3076 -6519
3436 -2612 -4074 3033 2377 -6216
2956 -2677 -3996 2710 2165 -6007
2606 -2778 -3978 2306 2318 -5718
2028 -2957 -4055 2093 2366 -5501
1646 -3074 -4079 1827 2171 -5119
1176 -3229 -3962 1661 2056 -4834
842 -3367 -3873 1402 2073 -4358
297 -3500 -3810 1238 2096 -3983
-110 -3506 -3831 1051 2036 -3373
-656 -3490 -3807 955 1964 -2971
-1008 -3473 -3788 849 1832 -2405
-1385 -3353 -3712 792 1651 -2038
-1499 -3232 -3618 711 1319 -1447
-1415 -3034 -3302 653 1208 -1012
-1148 -2793 -3024 551 1183 -265
-898 -2579 -2928 515 1327 510
-473 -2221 -2853 563 1579 1008
-180 -2001 -2769 655 1963 1667
220 -1702 -2561 685 2151 2040
430 -1494 -2375 672 2310 2449
642 -1207 -2124 627 2346 2614
778 -1078 -2007 555 2284 2766
982 -957 -1840 523 2187 2877
1384 -799 -1645 471 2061 3370
1941 -662 -1372 424 2095 3806
2387 -567 -1213 277 2363 4647
2870 -443 -969 101 2621 5252
3032 -356 -857 -274 2937 6015
3044 -315 -710 -771 3036 6460
3084 -384 -722 -1114 2892 6597
3280 -508 -830 -1548 2268 6703
3556 -698 -850 -1854 1285 6712
3475 -917 -778 -2007 788 6574
3549 -1086 -757 -2166 416 6246
3838 -1276 -658 -2263 286 6067
3981 -1353 -540 -2472 299 5940
4251 -1433 -386 -2683 443 5959
4387 -1426 -317 -3069 678 6113
4249 -1271 -259 -3503 826 6166
3939 -1239 -247 -3776 901 6021
3480 -1222 -311 -4004 893 5729
3094 -1238 -334 -4196 803 5070
2939 -1263 -351 -4228 575 4318
2682 -1283 -381 -4133 257 3617
2513 -1268 -360 -4035 48 3211
2529 -1260 -298 -3895 -171 2771
2668 -1183 -213 -3820 -193 2615
2816 -1123 -150 -3742 -120 2581
2954 -1033 -105 -3703 0 2638
2923 -1041 -99 -3617 206 2671
2692 -1049 -146 -3500 354 2571
2378 -1075 -160 -3224 528 2169
1927 -1122 -189 -2898 393 1523
1724 -1101 -147 -2737 40 1054
1759 -1074 -113 -2625 -671 510
1924 -1101 -44 -2660 -1104 321
2324 -1186 58 -2843 -1351 335
2795 -1251 81 -3009 -1194 533
3054 -1181 23 -3166 -830 851
3140 -985 -53 -3321 20 1422
2989 -735 -235 -3360 636 1767
2649 -449 -333 -3325 1353 2018
2153 -200 -448 -3200 1828 1916
1700 71 -467 -3119 1866 1679
1467 184 -472 -3015 1486 1148
1259 196 -463 -2965 1087 719
1303 180 -484 -2905 475 99
1500 137 -646 -2828 151 -241
1644 40 -757 -2623 -136 -628
1805 -68 -753 -2382 -289 -863
1904 -341 -684 -2280 -356 -954
2211 -539 -676 -2226 -486 -977
2500 -609 -758 -2229 -660 -833
2960 -851 -705 -2258 -721 -664
3348 -908 -626 -2359 -643 -402
3511 -968 -644 -2381 -152 -246
3753 -961 -767 -2238 453 -235
3894 -819 -864 -2025 680 -281
3904 -605 -692 -1674 667 -419
3892 -440 -351 -1381 417 -643
3947 -248 71 -1227 96 -854
4074 -88 327 -981 -377 -1188
4305 4 728 -669 -329 -1535
4475 -23 1353 -473 -20 -1773
4620 -83 1762 -261 569 -2055
4913 -274 2258 -73 1074 -2175
4976 -644 2484 114 1317 -2212
4906 -952 2574 575 1577 -2329
4874 -1625 2669 991 1672 -2446
5051 -2404 2805 1684 1763 -2604
5333 -2953 2981 2231 1449 -2701
5566 -3750 3206 2438 1227 -2846
5834 -4229 3224 2657 1374 -3241
6326 -4968 3046 2923 2005 -3660
6627 -5405 2845 3168 2563 -3850
7055 -5999 2504 3624 3137 -3922
7134 -6547 1893 4005 3305 -3914
6976 -6875 1353 4716 3169 -4031
6867 -7027 619 5235 2819 -4252
7033 -7112 237 5863 2239 -4719
7405 -7353 -54 6052 2078 -5056
7537 -7651 -362 6071 2267 -5554
7630 -7986 -985 5995 2268 -5855
7493 -8036 -1559 3576 2930 -5613
6508 -8277 -3422 4927 3526 -6202
5697 -7220 -3211 5574 2492 -6981
5691 -7390 -2564 5412 1094 -7458
5904 -6791 -1985 4751 1132 -7404
5754 -6605 -2040 3599 2266 -6980
4899 -6501 -2844 2838 3039 -6431
3595 -6056 -3481 2549 2948 -6177
2872 -5679 -3635 2244 2522 -6040
2157 -5135 -3558 2036 2294 -6014
1821 -4742 -3431 1653 2110 -5853
1349 -4283 -3344 1406 2063 -5623
1008 -4034 -3323 1133 2087 -5146
471 -3726 -3319 1024 2156 -4767
36 -3520 -3342 957 2124 -4165
-635 -3274 -3360 960 2037 -3780
-1041 -3067 -3344 987 1763 -3229
-1402 -2868 -3249 984 1314 -2639
-1395 -2756 -3135 948 985 -2182
-1206 -2712 -3054 853 576 -1353
-784 -2610 -2992 788 469 -740
-489 -2498 -2971 744 581 175
93 -2335 -3029 750 725 777
452 -2288 -3072 784 876 1612
739 -2156 -3067 786 874 2062
943 -1883 -2912 722 820 2488
1001 -1635 -2909 687 820 2617
1260 -1347 -2854 664 773 2711
1655 -1096 -2872 686 593 2995
2272 -702 -2864 739 499 3303
2650 -448 -2826 827 537 3844
2917 2 -2475 783 713 4158
2898 291 -2209 459 1192 4427
2705 799 -1752 68 1552 4460
2703 1106 -1382 -720 1818 4469
2718 1464 -1095 -1275 1822 4495
2759 1460 -1132 -1849 1864 4502
2910 1367 -1342 -2019 1904 4540
2910 1222 -1372 -1990 1820 4569
2731 1085 -1261 -1903 1702 4563
2489 1051 -1074 -1901 1595 4514
2109 1036 -740 -2026 1411 4401
1939 978 -535 -2176 1323 4338
1743 903 -281 -2468 1326 4320
1572 691 -128 -2681 1376 4350
1512 577 -136 -2935 1434 4486
1455 336 -137 -3053 1438 4616
1398 204 -158 -3156 1309 4804
1442 -77 -292 -3152 1054 4893
1519 -198 -316 -3025 561 4917
1583 -393 -191 -2913 292 4831
1727 -571 -28 -2797 148 4578
2094 -776 210 -2842 317 4324
2375 -880 275 -2948 542 4203
2677 -971 309 -3158 867 4066
2754 -1077 179 -3342 1039 3852
2589 -1183 57 -3395 1031 3604
2448 -1251 0 -3367 1000 3083
2334 -1374 18 -3319 976 2701
2293 -1581 51 -3290 947 2363
2292 -1816 111 -3326 855 2005
2252 -2034 88 -3470 803 1779
2166 -2445 15 -3615 789 1677
2168 -2660 -94 -3864 794 1595
2130 -2927 -224 -4020 819 1599
2245 -3283 -365 -4258 711 1729
2329 -3383 -501 -4384 584 1902
2565 -3434 -589 -4531 381 2260
2660 -3272 -697 -4575 410 2483
2660 -3092 -699 -4634 603 2673
2658 -2740 -616 -4718 715 2677
2658 -2490 -637 -4892 931 2521
2661 -2102 -663 -5010 1065 2313
2642 -1891 -728 -5148 1167 1888
2399 -1640 -922 -5162 1141 1499
2265 -1518 -1086 -5025 815 818
2240 -1330 -1227 -4841 414 376
2425 -1225 -1241 -4518 -338 -113
2868 -1118 -1029 -4267 -875 -353
3291 -901 -548 -4223 -936 -409
3642 -690 -220 -4331 -679 -348
3987 -341 31 -4447 -504 -257
4050 -76 165 -4533 -430 -253
3886 239 499 -4514 -524 -412
3920 457 750 -4340 -559 -808
4418 880 1320 -4143 -381 -1009
4907 1218 1722 -3755 -108 -1003
5083 1588 2239 -3432 112 -921
4789 1700 2612 -2864 446 -1057
4335 1822 3079 -2456 557 -1378
4281 1810 3446 -1880 552 -2013
4394 1598 3991 -1569 628 -2412
4525 1412 4289 -1183 987 -2848
4683 1097 4603 -939 1350 -3023
4661 738 4791 -492 2074 -3179
4675 414 4816 72 2677 -3245
4671 -181 4825 700 2918 -3271
4885 -833 4740 1160 3003 -3291
5093 -1251 4630 1929 3082 -3328
5537 -1931 4534 2462 3122 -3334
5965 -2423 4462 3239 3357 -3260
6643 -3243 4222 3745 3652 -3176
7008 -3778 3868 4582 4276 -3096
7400 -4519 2951 5596 4618 -3191
7604 -5055 1807 6379 4674 -3424
7591 -5296 1111 7491 4301 -4080
7687 -5348 78 8216 3751 -5000
7844 -5284 -882 8386 3539 -5646
7895 -5218 -1598 8109 3014 -6084
7840 -4783 -3207 6996 3189 -6434
7453 -4992 -3695 7296 4594 -7054
6363 -4757 -3755 7028 3032 -7017
5915 -4208 -3769 5967 2124 -7172
5575 -4094 -3847 4861 3038 -7238
5007 -4084 -4298 4291 3023 -7117
4043 -4095 -4767 3645 2411 -6929
3122 -4102 -4788 3257 2198 -6913
2657 -4252 -4641 2588 2031 -6871
2300 -4455 -4582 2100 1951 -6671
1665 -4589 -4547 1468 1797 -6083
889 -4649 -4475 1148 1811 -5585
387 -4692 -4388 791 1984 -4793
-107 -4688 -4280 602 2036 -4254
-761 -4587 -4166 392 2073 -3442
-1072 -4486 -4132 312 2060 -2891
-1495 -4242 -4034 261 1986 -2336
-1701 -4050 -3988 247 1831 -1563
-1776 -3653 -3804 256 1663 -1068
-1711 -3356 -3648 274 1448 -362
-1513 -2902 -3501 304 1340 54
-1245 -2565 -3442 407 1195 595
-702 -2161 -3381 508 1187 923
-335 -1929 -3257 629 1169 1370
166 -1611 -2954 655 1183 1607
408 -1412 -2731 627 1338 1851
765 -1182 -2516 621 1481 2071
954 -933 -2347 645 1522 2254
1084 -758 -2207 689 1421 2621
1475 -522 -1879 690 1454 2965
1843 -407 -1650 598 1780 3635
2375 -241 -1373 478 2074 4143
2769 -176 -1204 -2065 1475 5727
3355 -231 -197 -2565 1794 5547
2888 -266 -182 -2916 1799 5441
2624 -314 -172 -3435 1604 5306
2485 -432 -283 -3853 1325 5203
2673 -565 -324 -4046 1053 5201
2801 -659 -302 -4180 776 5196
2788 -699 -301 -4251 648 5007
2734 -704 -204 -4266 866 4583
2644 -716 -75 -4310 1073 4219
2574 -655 -21 -4437 1351 3666
2535 -652 12 -4556 1426 3349
2526 -632 -51 -4715 1389 2972
2564 -692 -167 -4743 1323 2796
2725 -757 -312 -4616 1191 2624
2664 -789 -355 -4436 1128 2494
2573 -818 -296 -4140 1166 2166
2411 -808 -164 -3920 1207 1689
2167 -805 -188 -3816 1171 1325
2086 -826 -213 -3692 923 813
2017 -886 -282 -3617 621 555
2028 -921 -281 -3526 116 342
2069 -938 -296 -3472 -200 314
2133 -912 -320 -3419 -539 413
2168 -893 -246 -3416 -617 533
2216 -772 -250 -3452 -559 785
2338 -589 -420 -3443 -381 1099
2422 -197 -536 -3376 -200 1388
2386 231 -639 -3320 -122 1502
2335 568 -637 -3242 9 1471
2353 931 -615 -3209 27 1313
2521 1139 -681 -3119 -74 941
3020 1270 -793 -3011 -133 667
3417 1223 -736 -2846 -374 288
3936 1009 -439 -2800 -601 21
4513 740 -16 -2906 -722 -348
5385 584 831 -3232 -495 -625
5756 618 1446 -3435 -117 -836
5753 370 1651 -3390 602 -1341
5515 -127 1568 -2986 1081 -1836
5507 -503 1684 -1956 1283 -2562
5893 -1145 2378 -1291 877 -2846
6259 -1518 2993 -663 43 -2925
6731 -2005 3737 -431 -99 -2887
6937 -2356 4181 -205 514 -2897
7043 -2985 4459 117 1573 -3060
6800 -3581 4472 510 2249 -3329
6473 -4731 4173 1355 2705 -3867
6387 -5840 3897 2000 2574 -4203
6448 -6423 3775 2946 2028 -4555
6759 -7516 3391 3546 1651 -4703
7327 -8355 3247 4299 1437 -4730
8208 -9447 2975 4853 2105 -4566
8331 -10226 2208 5194 2855 -4514
7962 -10381 1420 5898 3671 -4773
7146 -10343 159 6500 3557 -5202
6695 -9873 -935 7431 2477 -6098
6726 -9290 -1531 8092 1217 -7016
6773 -8442 -2018 8183 758 -7531
5070 -4845 -3932 6757 483 -7351
5446 -8006 -3182 6681 2039 -7837
5610 -6770 -3294 6462 1831 -7988
5328 -6469 -3082 5501 1383 -7884
5086 -5960 -2849 4619 1686 -7642
4760 -5712 -2935 3302 2664 -7204
3870 -5431 -3404 2623 3176 -6913
3220 -5158 -3684 1896 3212 -6514
2435 -4874 -3895 1545 2932 -6263
2061 -4675 -3891 1148 2557 -5822
1474 -4418 -3656 926 2388 -5468
1016 -4268 -3419 573 2142 -4934
387 -4034 -3094 347 1983 -4604
41 -3822 -2969 136 1703 -4102
-381 -3543 -2781 94 1513 -3763
-566 -3364 -2725 192 1449 -3213
-769 -3141 -2610 364 1466 -2550
-921 -2861 -2509 464 1348 -2063
-992 -2670 -2413 577 1141 -1354
-898 -2419 -2331 637 1035 -907
-730 -2239 -2299 703 933 -237
-360 -2057 -2257 694 735 457
260 -1864 -2219 650 588 930
783 -1703 -2099 558 550 1653
1415 -1427 -1926 480 679 2120
1692 -1235 -1929 404 854 2721
2164 -936 -2104 501 862 3200
2498 -712 -2221 640 790 3485
2867 -463 -2303 793 656 3733
3194 -321 -2291 924 259 4053
3662 -68 -2070 901 23 4238
3811 76 -1809 620 79 4394
3753 412 -1720 327 389 4426
3630 670 -1823 -94 907 4441
3532 1011 -1777 -337 1046 4507
3494 1249 -1465 -728 1274 4698
3284 1641 -780 -1047 1691 4825
2988 1931 -694 -1463 2497 4894
2450 2137 -1085 -1572 2770 4838
2086 2134 -1420 -1434 2412 4644
1471 2026 -1575 -1149 1475 4318
1259 1886 -1399 -1042 847 4094
1186 1607 -952 -1121 204 3842
1160 1427 -638 -1336 116 3743
1153 1132 -263 -1841 381 3732
1358 773 -86 -2219 707 3835
1532 536 -189 -2668 1288 4137
1585 216 -687 -2814 1687 4458
1428 -134 -884 -2802 1827 4602
1305 -409 -817 -2823 1810 4663
1198 -826 -575 -2924 1652 4618
1278 -1051 -438 -3161 1300 4519
1422 -1370 -335 -3331 1046 4448
1510 -1487 -306 -3580 742 4321
1614 -1696 -342 -3757 635 4125
1676 -1810 -436 -3806 695 3951
1706 -1921 -404 -3850 871 3647
1819 -2087 -485 -3885 993 3472
1799 -2226 -617 -3957 1039 3250
1767 -2530 -693 -4104 656 3031
1740 -2756 -730 -4231 230 2867
2914 -2804 -1022 -5144 56 1962
2935 -2466 -890 -5079 -26 1455
3100 -1970 -689 -4977 -164 1067
3359 -1466 -449 -4886 -339 903
3571 -1139 -292 -4736 -595 742
3733 -698 -84 -4605 -630 598
3773 -528 87 -4378 -569 226
3784 -200 514 -4220 -571 -343
4027 66 924 -4142 -608 -749
4239 171 1207 -4048 -626 -1316
4611 259 1752 -3999 -431 -1745
5064 526 2231 -3930 -65 -1922
5284 627 2493 -3708 563 -2056
5084 774 2822 -3320 1093 -2287
4485 720 3301 -2990 1305 -2617
4462 652 3761 -2449 1329 -3139
4944 535 4493 -2054 1256 -3321
5327 444 4852 -1282 1582 -3334
5473 118 5156 -634 2011 -3274
5476 -138 5147 532 2414 -3262
5684 -544 5027 1831 2535 -3396
6044 -858 4884 2660 2709 -3603
6397 -1068 4729 3666 3375 -4023
6946 -1493 4172 4371 4282 -4428
7286 -2018 3301 4707 4771 -4656
7359 -2311 2453 5279 5554 -4986
7226 -2619 1113 5746 5865 -5195
6888 -2687 214 6415 5832 -5588
6506 -2695 -934 6748 5535 -5922
6317 -2701 -1576 6935 5261 -6427
5095 -725 -3639 5796 4421 -6413
4719 -2681 -3546 6159 5115 -6791
4722 -2342 -3591 6051 3578 -7070
5043 -2129 -3399 5569 3318 -7095
5047 -2269 -3390 4697 3732 -6842
4564 -2586 -3719 4161 3688 -6538
4073 -2791 -3940 3532 3165 -6131
-593 -3588 -3457 507 1789 -2606
-1011 -3565 -3729 518 1567 -2209
-1127 -3535 -3786 626 1201 -1595
-1206 -3321 -3780 716 1043 -1181
-1176 -3112 -3737 825 935 -543
-1039 -2719 -3612 860 908 102
-837 -2468 -3450 809 939 526
-373 -2098 -3237 715 1032 947
74 -1625 -3188 576 1246 1506
312 -1336 -3192 532 1435 1938
565 -1092 -3178 554 1568 2171
871 -793 -2993 611 1714 2467
1082 -484 -2645 615 1762 2652
1232 -312 -2463 588 1971 2935
1351 -72 -2340 572 2245 3141
1427 189 -2126 541 2546 3377
1581 288 -1919 411 2872 3806
2544 -620 -597 -2358 689 5968
2592 -743 -620 -2479 392 5905
2684 -922 -694 -2654 -101 5820
2845 -1184 -719 -2777 -423 5762
2938 -1282 -710 -2980 -824 5648
2979 -1392 -735 -3105 -947 5519
2992 -1463 -696 -3312 -858 5233
3108 -1470 -572 -3567 -436 4914
3230 -1379 -390 -3780 -47 4712
3132 -1271 -361 -4147 732 4385
2965 -1186 -331 -4414 1223 4140
2796 -1125 -385 -4794 1692 3755
2603 -1088 -571 -4980 1841 3490
2479 -1012 -873 -5071 1766 2959
2390 -945 -1055 -4976 1610 2697
2439 -922 -1095 -4744 1241 2335
2504 -860 -1025 -4574 1002 2110
2441 -878 -876 -4402 769 1683
2286 -943 -743 -4323 694 1112
2242 -1011 -754 -4270 548 724
2197 -1005 -753 -4134 114 226
2197 -1074 -727 -4024 -318 -21
2231 -1128 -691 -3849 -1137 -259
2448 -1158 -564 -3737 -1632 -315
2652 -1077 -394 -3585 -2031 -197
3056 -972 -209 -3482 -1973 -12
3344 -782 -45 -3351 -1454 405
3627 -447 128 -3276 -892 732
3564 -113 98 -3159 144 1088
3275 310 1 -3069 762 1165
3060 620 -15 -2941 1410 1006
2673 839 -115 -2863 1584 724
2480 942 -230 -2710 1285 77
2432 866 -216 -2533 565 -682
2638 697 -64 -2467 -46 -1135
3238 331 466 -2519 -830 -1595
3804 195 797 -2603 -935 -1710
4432 78 1464 -2733 -389 -1724
4627 -166 1696 -2703 393 -1736
4562 -338 1636 -2332 1502 -1867
4238 -705 1619 -1690 1701 -2117
4367 -931 1937 -1234 1249 -2240
4717 -1007 2342 -681 319 -2255
5271 -1019 3236 -460 36 -2216
5594 -1081 3795 -295 266 -2236
5825 -1359 4086 50 1188 -2523
5866 -1701 4025 533 1938 -2830
5887 -2349 3888 1522 2503 -3241
5976 -2977 3780 2231 2340 -3381
6100 -3425 3807 3118 1834 -3449
6443 -4208 3833 3699 1774 -3454
7158 -5179 3590 3969 2028 -3350
7580 -5981 3313 4297 2545 -3001
8311 -7258 2788 4489 2824 -2710
8783 -8213 2371 4823 3153 -2455
8985 -9294 1598 5135 3360 -2637
8942 -9813 366 5870 3524 -3587
8980 -9820 -452 6898 3191 -4867
9020 -9422 -1364 7542 2692 -5661
8860 -9033 -1778 7569 -527 -6632
8398 -8162 -2862 7334 1277 -6848
7850 -8018 -3031 7524 2492 -7736
7098 -7353 -3266 6924 1786 -8240
6429 -6469 -3274 6167 1799 -8478
5934 -6123 -3409 4861 2559 -8595
4920 -5724 -3715 4040 2958 -8489
4089 -5482 -3907 2911 2901 -8165
3140 -5068 -4105 2246 2562 -7848
2730 -4926 -4139 1456 2109 -7226
2137 -4849 -4066 1076 2048 -6739
1765 -4842 -3894 668 1850 -5966
1107 -4628 -3721 421 1502 -5282
756 -4456 -3470 320 1446 -4891
176 -4170 -3132 197 1600 -4324
-170 -3973 -2928 104 1635 -3882
-655 -3725 -2795 13 1611 -3115
-1080 -3495 -2805 19 1596 -2576
-1320 -3312 -2835 130 1519 -1768
-1505 -2971 -2890 254 1353 -1235
-1457 -2753 -2878 414 917 -434
-1219 -2374 -2760 469 661 91
-961 -2177 -2700 499 398 856
-432 -1899 -2686 518 263 1360
8 -1716 -2686 576 87 2092
666 -1482 -2654 649 30 2530
1278 -1217 -2713 795 -17 3071
1644 -1109 -2797 981 -73 3436
2230 -873 -2923 1088 -88 3622
2633 -690 -3009 1177 86 3900
3065 -283 -3006 1129 259 4120
3332 17 -2919 875 377 4482
3523 495 -2592 603 383 4695
3520 721 -2304 76 682 4810
3346 956 -1923 -291 1038 4748
3160 1097 -1739 -738 1621 4558
2993 1161 -1713 -980 1983 4442
2618 1336 -1641 -1060 2016 4433
2277 1390 -1494 -1170 1756 4500
2049 1450 -1387 -1327 1423 4580
1766 1394 -967 -1515 1290 4591
1529 1366 -574 -2012 1372 4535
1232 1254 -156 -2442 1587 4488
1054 1062 -38 -3079 1866 4505
873 836 -184 -3459 1990 4594
771 520 -567 -3492 1924 4694
813 161 -742 -3317 1490 4907
937 -49 -706 -3759 -144 2951
2048 -2401 -381 -3485 -550 2653
2444 -2550 -166 -3259 -624 2549
2942 -2767 112 -3267 -365 2681
3069 -2844 203 -3485 312 3005
3026 -2822 204 -3835 1068 3270
2588 -2717 -18 -4056 1438 3309
2268 -2722 -226 -4279 1456 3113
2035 -2770 -621 -4280 951 2734
2123 -2874 -851 -4187 484 2480
2304 -2972 -874 -4013 -113 2178
2748 -2972 -797 -3941 -330 2096
3084 -2888 -696 -3941 -374 2172
3463 -2627 -504 -4025 -164 2313
3466 -2393 -438 -4231 404 2457
3155 -2008 -441 -4434 841 2316
2623 -1621 -531 -4521 964 2040
2287 -1420 -637 -4519 666 1436
1975 -1197 -789 -4335 -35 759
2254 -985 -722 -4148 -562 400
2716 -824 -593 -3881 -1136 132
3331 -566 -286 -3708 -1118 75
3745 -296 63 -3691 -926 56
3947 -105 192 -3777 -699 -38
4256 249 389 -3900 -683 -230
4668 675 513 -3917 -624 -400
4861 957 627 -3772 -352 -725
4742 1283 877 -3423 28 -1198
4573 1417 1395 -3169 112 -1559
4716 1531 1835 -2834 -40 -1947
5133 1674 2563 -2555 7 -2092
5220 1682 3207 -2336 334 -2190
5097 1578 3547 -1887 1093 -2500
4888 1291 3995 -1488 1505 -2815
4943 1047 4414 -808 1636 -3263
5271 623 4955 -303 1632 -3498
5828 189 5204 546 1908 -3662
6638 -534 5342 1481 2579 -3655
7028 -1247 5167 2133 3187 -3672
7172 -1823 4626 3209 4012 -3801
7210 -2240 4207 4300 4340 -4070
7404 -2792 3384 5372 4432 -4485
7468 -3230 2463 5996 4442 -4870
7440 -3456 1791 6677 4525 -5595
7444 -3727 696 6935 4518 -6062
7433 -3786 -6 7039 4418 -6592
7262 -3874 -1019 6851 4478 -6948
6761 -1849 -2559 4469 5830 -6948
5261 -4440 -3653 5712 4767 -6866
5540 -3584 -3600 5762 2844 -7144
5754 -3299 -2977 5218 2649 -7146
5518 -3377 -2892 4147 3123 -6939
4708 -3581 -3350 3536 3158 -6691
4081 -3639 -3625 2965 2729 -6322
3286 -3642 -3733 2637 2388 -6049
2823 -3697 -3737 2440 2196 -5874
2180 -3898 -3675 2221 1981 -5677
1614 -4114 -3668 1893 1704 -5312
1298 -4189 -3638 1638 1648 -4806
794 -4171 -3539 1483 1645 -4388
301 -4069 -3570 1275 1734 -3694
-103 -3998 -3691 1125 1845 -3026
-509 -3889 -3751 1037 1778 -2616
-926 -3698 -3800 891 1542 -2010
-1178 -3488 -3825 794 1418 -1604
-1260 -3329 -3823 655 1263 -978
-1245 -3010 -3849 580 1189 -332
-1058 -2656 -3799 576 1201 105
-834 -2428 -3685 590 1252 789
-483 -2045 -3502 612 1328 1223
-336 -1848 -3461 706 1537 1760
-40 -1516 -3384 810 1559 2047
207 -1405 -3172 934 1435 2374
563 -1209 -2703 945 1470 2491
828 -1087 -2479 866 1532 2590
1227 -893 -2510 845 1565 2674
1426 -719 -2586 988 1744 2863
3140 -670 -640 -1661 168 6350
3599 -871 -445 -1597 -182 6340
4161 -909 -263 -1660 -13 6365
4595 -917 -37 -1878 403 6406
4558 -894 -19 -2427 1255 6331
4450 -906 -95 -3098 1839 6093
4036 -806 -169 -3538 2014 5823
3543 -779 -274 -4063 1941 5207
2887 -820 -483 -4257 1641 4683
2555 -819 -643 -4257 1031 3864
2250 -758 -841 -4066 575 3372
2100 -726 -855 -3664 -179 2764
2134 -691 -724 -3413 -577 2485
2336 -672 -514 -3212 -870 2319
2661 -555 -226 -3272 -648 2409
2790 -423 -122 -3415 -299 2526
2756 -350 -105 -3739 231 2623
2533 -249 -250 -4041 828 2461
2296 -253 -502 -4185 1150 2197
2114 -290 -720 -4238 1309 1657
1907 -362 -1026 -4148 1123 1264
1880 -397 -1137 -3894 498 735
1999 -481 -1076 -3704 18 460
2128 -465 -953 -3508 -445 210
2217 -488 -685 -3479 -518 111
2317 -605 -321 -3592 -443 134
2384 -714 -105 -3894 -130 311
2566 -806 42 -4111 137 523
2746 -781 -10 -4305 426 976
2816 -627 -216 -4251 605 1293
2715 -572 -389 -3903 777 1610
3864 290 -57 -1803 475 -1500
3878 230 323 -1788 398 -1667
3837 57 659 -1778 283 -2009
3995 -380 1051 -1735 176 -2244
4292 -824 1333 -1531 159 -2496
5093 -1311 1758 -1161 408 -2423
5808 -1558 2312 -865 761 -2207
5789 -1571 2571 -384 1428 -1933
5239 -1730 2796 -26 1789 -1987
4652 -1870 2691 663 1905 -2424
4433 -1993 2687 1500 1364 -3061
4718 -2309 2949 1989 816 -3403
5219 -2594 3320 2443 424 -3586
6101 -3330 3782 2575 580 -3491
6750 -3944 3858 2729 1189 -3119
7261 -4979 3763 3001 1880 -2795
7257 -6017 3277 3318 2251 -2824
7206 -6730 2826 4002 2558 -3318
7502 -7621 2200 4522 2502 -3774
7937 -8043 1822 5259 2218 -4365
8602 -8609 1525 5650 2158 -4624
8891 -9003 1172 6105 2304 -4932
8611 -9288 181 6661 2543 -5388
7673 -9170 -956 7054 2438 -5883
7204 -8951 -1595 5738 272 -5915
6756 -8115 -2371 6768 3025 -7299
6650 -7277 -3046 6827 3903 -7674
5902 -6971 -3213 6061 2794 -7623
4992 -6069 -3126 5152 2231 -7586
4577 -5735 -3173 3712 2362 -7641
4094 -5687 -3597 2963 2668 -7591
3719 -5570 -3866 2199 2373 -7148
2897 -5292 -3923 1838 1877 -6741
2310 -5099 -3780 1394 1429 -6267
1632 -4903 -3470 1135 1374 -6042
1410 -4756 -3268 792 1539 -5616
1117 -4474 -2945 601 1826 -5180
799 -4292 -2865 399 2360 -4331
143 -3950 -3017 368 2524 -3714
-442 -3651 -3280 512 2416 -2878
-763 -3400 -3369 808 2110 -2223
-1217 -3006 -3332 991 1790 -1879
-1278 -2770 -3286 1166 1081 -1365
-1130 -2560 -3211 1230 638 -991
-780 -2229 -3002 1248 407 -379
-280 -1961 -2800 1211 529 79
14 -1819 -2680 1129 734 577
437 -1734 -2646 970 934 1385
1062 -1454 -2456 857 1022 1926
1271 -1243 -2396 697 1221 2565
1577 -1014 -2496 643 1346 2867
1791 -849 -2516 628 1345 3232
2115 -526 -2466 616 1186 3573
2464 -366 -2381 566 1063 3803
2679 250 -2410 515 997 3978
2806 574 -2438 444 1122 4081
2807 935 -2238 340 1266 4061
2667 1136 -2002 14 1504 3900
2641 1276 -1553 -489 1748 3713
2658 1326 -1391 -832 1892 3667
2471 1537 -1524 -1076 1983 3660
2312 1700 -1620 -1252 1896 3698
2150 1731 -1563 -1335 1653 3754
2116 1629 -1325 -1415 1500 3803
898 -251 -854 -2990 628 4044
980 -439 -850 -2968 510 4123
1135 -687 -682 -2976 470 4230
1294 -885 -391 -3066 543 4292
2149 -3004 -316 -4285 690 2926
2161 -3283 -302 -4495 686 2432
2367 -3612 -350 -4727 520 2128
2724 -3906 -447 -4924 295 2077
3245 -4015 -523 -5023 165 2205
3460 -3966 -614 -5078 187 2493
3409 -3898 -620 -5073 380 2618
3234 -3722 -606 -5054 707 2559
2804 -3383 -652 -5029 848 2348
2549 -3148 -662 -4961 698 1861
2379 -2780 -739 -4870 397 1522
2451 -2541 -715 -4701 -176 1132
2632 -2154 -651 -4575 -497 985
2756 -1940 -513 -4419 -788 858
2891 -1624 -315 -4351 -859 741
3059 -1379 -142 -4340 -874 631
3145 -1211 -57 -4335 -885 412
3264 -1017 75 -4310 -863 209
3315 -882 158 -4228 -839 -159
3380 -641 473 -4158 -878 -428
3560 -489 649 -4039 -931 -742
4061 -190 833 -3917 -902 -809
4353 55 1018 -3673 -731 -749
4501 266 1255 -3516 -493 -693
4462 518 1796 -3364 -25 -714
4272 749 2385 -3307 303 -836
4251 915 2715 -3186 690 -1118
4092 1167 2965 -2975 981 -1356
3872 1189 3010 -2290 1522 -1815
3619 1072 3050 -1305 1641 -2271
3714 909 3263 -598 1373 -2474
3931 758 3484 360 886 -2632
4241 479 3781 877 798 -2729
4480 231 3952 1451 1143 -2907
4879 -255 3990 1832 1637 -3082
5398 -761 3860 2045 2012 -3185
5675 -1161 3659 2430 2910 -3368
5978 -1601 3186 2777 3534 -3480
5974 -1831 2830 3486 4180 -3678
5783 -2043 2210 4368 4701 -4022
5625 -2244 1507 4998 5117 -4308
5608 -2319 940 5890 5396 -4601
5663 -2360 14 6368 5434 -4700
5564 -2258 -1159 6926 5693 -4852
5175 -2144 -1872 6179 6466 -4949
3931 -1666 -3558 6289 6407 -4918
3263 -1517 -3765 6828 4092 -5502
3735 -1424 -3075 6726 3151 -5958
4141 -1223 -2691 5758 2867 -6251
3980 -1356 -2708 4486 2708 -6119
3815 -1749 -3190 3842 2600 -5869
3509 -2076 -3536 3333 2263 -5453
2853 -2449 -3772 3206 1941 -5290
2439 -2588 -3799 3144 1437 -5188
1995 -2743 -3673 3073 1057 -5112
1804 -2812 -3519 2864 657 -4833
1548 -2963 -3237 2629 654 -4535
1309 -3068 -3122 2183 980 -3951
1017 -3173 -3038 1854 1247 -3518
424 -3299 -3068 1424 1501 -2926
13 -3361 -3141 1219 1552 -2594
-389 -3291 -3237 1091 1498 -2260
-567 -3197 -3286 1056 1324 -1730
-733 -2966 -3210 1103 1119 -1176
-738 -2683 -3085 1129 1017 -804
-673 -2447 -3012 1117 904 -234
-472 -2074 -2876 1029 877 313
-37 -1741 -2712 919 944 666
288 -1513 -2629 698 1195 1187
617 -1133 -2596 568 1443 1491
804 -912 -2636 466 1731 1870
1009 -672 -2615 462 1869 2062
1060 -537 -2516 495 2199 2283
1339 -506 -2329 547 2408 2466
1517 -442 -2241 656 2622 2860
1616 -305 -2098 725 2742 3164
1714 -244 -1958 732 2864 3646
1811 -201 -1892 673 2866 3978
1909 -170 -1795 456 2722 4491
2188 -177 -1540 213 2612 4864
2567 -293 -1370 -303 2388 5480
2935 -267 -984 -770 2171 5895
3107 -287 -761 -1596 2018 6399
3489 -422 -556 -2417 2063 6784
3625 -551 -468 -2895 2131 6956
3468 -664 -456 -3474 2278 6973
3203 -852 -614 -3737 2247 6831
2982 -967 -684 -3962 1704 6465
2735 -1197 -749 -4009 1039 6142
2723 -1354 -788 -3918 -92 5623
2661 -1507 -743 -3699 -1002 5077
2644 -1632 -720 -3526 -1329 4713
