1833 -984 -1015 -10282 2659 3426
1776 -981 -1089 -9891 2490 2188
1734 -998 -1159 -9424 2375 1520
1719 -1006 -1154 -8764 1830 1045
1745 -986 -1095 -8493 1336 1021
1782 -958 -1040 -8352 829 1484
1837 -874 -962 -8483 806 2118
1841 -829 -951 -8606 1058 2439
1827 -779 -947 -5482 465 -238
1678 -643 -947 -5229 1031 -186
1631 -607 -1016 -4888 1305 -195
1574 -585 -1071 -4103 1623 -329
1557 -601 -1121 -3198 1661 -535
1532 -641 -1112 -2673 1593 -701
1522 -631 -1086 -2238 1396 -908
1497 -599 -1018 -2211 1197 -1036
1498 -589 -991 -2462 921 -1155
1503 -578 -963 -2768 706 -1171
1510 -516 -960 -3047 423 -1095
1490 -454 -1001 -3057 404 -1037
1518 -415 -1021 -2755 732 -804
1600 -324 -1067 -1895 1281 -249
1771 -243 -1162 -1030 1853 305
1848 -208 -1195 248 2671 1066
1925 -164 -1177 743 3240 1290
1970 -140 -1147 796 4302 1259
2179 -162 -1083 -169 4733 1113
2357 -239 -1050 -1260 4207 1015
2668 -426 -931 -3646 2487 627
2852 -486 -777 -5641 1739 79
3170 -422 -301 -9318 3282 -775
4033 -275 616 -12458 6798 -408
4924 -51 1410 -18176 16146 2757
6239 146 3686 -24164 22244 5555
6727 -431 6355 -32768 18530 5206
6146 -2843 10672 -32768 3609 -2924
5471 -5677 12010 -32768 -14216 -29528
8307 -12031 9598 -31235 -3895 -32768
11153 -16092 6880 32767 32767 -32768
14555 -19998 4325 32767 32767 -32768
13732 -21140 6046 32767 32767 -32768
11630 -21010 6100 32767 32767 -32768
8526 -20142 2386 32767 32767 -32768
8938 -20568 -1968 32767 6142 -32768
15834 -19110 -5919 32767 32767 -32768
21634 -22517 -10743 32767 32767 -32768
19577 -23208 -12795 32767 32767 -32768
13699 -20416 -14950 32767 32767 -32768
11055 -17370 -15670 32767 12308 -32768
9779 -14102 -14697 32767 8131 -32768
8941 -13217 -13039 32767 12706 -32768
6592 -12945 -10345 23270 21472 -32768
2564 -13128 -8883 9607 25342 -32768
-413 -12392 -8909 3557 25344 -32768
-1071 -11319 -7937 6140 20465 -32768
-2925 -10395 -5129 7322 23054 -32768
-3558 -9754 -4068 6252 25704 -32768
-3828 -8815 -3356 3371 25536 -15868
-4443 -7253 -2901 1835 24554 -3786
-4639 -6094 -2793 935 21152 9008
-4469 -4494 -2714 1578 15473 16166
-3912 -3259 -2546 2501 11964 18747
-3326 -2679 -2371 4005 7789 21640
-2203 -2090 -2174 5096 5897 23823
-1526 -1752 -2046 6559 5059 27631
-670 -1447 -1906 7198 5851 30318
-202 -1247 -1872 7431 8638 32767
433 -1037 -1877 6440 11352 32767
843 -761 -1798 4856 11228 32767
960 -515 -1753 1425 6876 32767
1024 -210 -1614 -2682 -2845 32767
1235 -378 -1449 -5223 -10299 32767
1570 -544 -1418 -7765 -18434 32767
2313 -792 -1507 -8010 -19964 32767
2782 -851 -1716 -5893 -14413 32767
3447 -669 -2012 -2241 -3054 32767
3464 -443 -2013 -164 4137 32767
3285 -99 -1933 1083 10061 32767
2298 778 -1819 643 8517 32767
1981 925 -1763 -1925 -1644 32767
1588 960 -1739 -5332 -14072 28927
1721 620 -1567 -7863 -19897 25948
2412 189 -1424 -11451 -21235 23873
1799 -1704 -369 -19242 -18291 30018
1938 -1941 -323 -21606 -9646 32017
2101 -2096 -464 -21948 751 32767
2282 -2535 -851 -20800 6584 32767
2329 -2725 -1132 -17321 10457 32767
2159 -2908 -995 -14902 8842 32767
2076 -2893 -856 -12570 3082 32767
1980 -2897 -339 -12327 -2659 32767
2060 -2819 -47 -13094 -4562 32767
2232 -2681 244 -15255 -3481 32538
2389 -2788 306 -16826 -85 31308
2545 -2923 170 -18128 7006 30468
2695 -3026 -197 -17406 11726 30690
2578 -3115 -523 -16046 12668 30829
2346 -3180 -586 -13953 12415 30204
2044 -3294 -491 -13162 12009 29304
1942 -3304 -247 -13407 11773 27793
1896 -3262 -125 -15250 12092 26512
1827 -3234 -82 -17033 12717 25649
1682 -3229 -57 -20136 13955 24381
1588 -3334 -69 -22276 14733 23739
1559 -3535 -206 -25040 15157 23195
1543 -3686 -316 -26807 13968 23076
1619 -3982 -423 -27623 11501 23358
1748 -4208 -386 -27829 9769 23629
1913 -4278 -321 -27984 8178 24272
2017 -4216 -298 -27869 8200 24814
2143 -4018 -183 -27905 8813 24995
2231 -3889 -70 -28415 10033 24895
2316 -3689 -32 -28835 10376 24562
2358 -3566 -113 -28680 8743 23869
2576 -3434 -378 -27644 6053 23542
2796 -3312 -508 -24741 1272 23520
3209 -3037 -586 -22333 -726 23722
3622 -2796 -424 -19195 -458 23904
3792 -2595 -190 -17679 2998 23155
3889 -2121 149 -17729 6217 21896
3832 -1737 269 -18826 10977 18629
3599 -1638 209 -20108 14592 13470
3435 -1554 145 -20860 14466 9672
3632 -1478 190 -21663 10539 5047
3912 -1399 326 -22069 7074 2655
4518 -1115 752 -22408 6791 2405
4998 -692 1227 -23563 9710 3424
5634 -142 2254 -25230 12783 4001
5924 63 2998 -28383 19246 2778
6080 22 4113 -31352 23350 -3009
6068 -1320 5833 -32768 21177 -9725
6399 -2859 7443 -32768 7976 -22098
7980 -5802 9931 -32768 -3753 -30594
9621 -8380 10259 -23555 469 -32768
12532 -16356 -13841 32767 20225 -32768
10446 -15957 -13429 32767 2314 -32768
10297 -15449 -13559 32767 41 -32768
8865 -14991 -13132 32767 6146 -32768
7485 -14926 -12317 32521 20924 -32768
3880 -15619 -10263 22916 32173 -32768
2651 -15738 -9700 18297 32767 -32768
-703 -14553 -7852 12958 32767 -32768
-2295 -13584 -6531 8641 32767 -32768
-3740 -11921 -4979 1536 32767 -32768
-4459 -9484 -4676 -1413 32767 -32768
-4939 -8229 -4429 -3103 28346 -25273
-5299 -5801 -3848 -2406 22420 -19567
-5235 -5333 -3744 1009 18955 -13264
-4753 -4147 -3490 5535 18643 -6724
-3948 -3214 -3347 8158 18188 -721
-3421 -2540 -3179 10583 16182 9948
-2867 -1561 -2892 10564 14552 19745
-2624 -669 -2526 8944 12979 24425
-2381 -175 -2421 5332 8450 28599
-1843 295 -2291 1698 2062 30112
-1123 386 -2169 -138 -1424 30234
-464 309 -2081 -1779 -3952 30644
507 212 -1887 -2077 -2509 31696
1305 154 -1741 -1502 832 32686
1700 156 -1629 -330 7347 32767
1769 186 -1623 393 13015 32767
1625 190 -1902 692 14152 32767
1376 213 -2151 747 7149 32566
1179 178 -2379 388 -2289 31091
1213 27 -2383 -973 -16535 28739
1430 -269 -2125 -2471 -21895 27465
1618 -441 -1917 -5280 -20445 26668
2007 -852 -1516 -7375 -14428 27085
2041 -959 -1472 -10475 -1751 28922
1968 -1200 -1450 -13173 9300 31418
1719 -1326 -1570 -14844 13600 32767
1265 -1402 -1837 -15003 11851 32767
912 -1471 -1892 -14365 2440 32767
575 -1626 -1783 -13321 -9628 32767
693 -1919 -1331 -12930 -15236 32767
1017 -2233 -1001 -13053 -17160 32767
1696 -2879 -636 -13538 -11785 32767
1963 -3131 -582 -13944 -5842 32767
2170 -3209 -550 -14589 2938 32767
2329 -3156 -434 -15216 6979 32767
2397 -3181 -408 -15994 9698 32767
2251 -3215 -458 -15912 8796 32767
1954 -3272 -647 -15095 6409 32767
1838 -3417 -698 -13168 866 32767
1782 -3671 -604 -11996 -1759 32767
1923 -3938 -363 -12069 -1935 32767
2392 -4201 124 -14753 1182 32767
2827 -4112 372 -17181 4490 32767
2848 -3976 407 -20457 9390 32767
2680 -3868 230 -21797 11296 32767
2507 -3883 -8 -21761 12350 32767
2235 -4107 -409 -19928 13645 32767
2181 -4246 -335 -18919 14899 31134
2271 -4315 -85 -19114 16153 29422
2419 -4249 271 -20395 16912 28998
2380 -4178 417 -23140 17843 28605
2129 -4065 306 -24993 17677 28009
1902 -4106 175 -26804 16213 26123
1807 -4185 75 -27661 13973 23913
1924 -4273 99 -28083 12778 22930
2158 -4282 151 -28726 12262 22758
2626 -4215 86 -28826 13421 23736
2660 -4064 92 -28661 14401 24192
2549 -3907 83 -28153 15110 23545
2307 -3671 67 -27576 14604 22160
2216 -3535 97 -26563 12106 19293
2317 -3336 146 -25884 9686 17441
2465 -3164 124 -24821 6431 15360
2623 -3001 51 -23935 5508 14489
2854 -2782 3 -22544 6185 13704
2950 -2570 22 -21605 8499 13038
3063 -2244 53 -21329 10381 12484
3053 -2036 79 -21455 12927 11004
2985 -1880 44 -21850 13652 9544
2969 -1818 21 -22601 11969 7111
3211 -1698 8 -23183 8798 5428
3565 -1526 135 -23708 7432 4525
3939 -1215 492 -24137 7698 4199
4259 -844 765 -24415 9343 4133
4718 -242 1135 -24024 11544 3980
5166 168 1543 -22521 16933 2850
5580 225 1927 -21379 21398 1694
5906 141 2445 -20426 24312 -1182
6388 -571 4222 -21112 13730 -5774
6972 -1171 5649 -22570 2111 -9933
7816 -2059 7404 -26173 -6250 -19282
9136 -4459 10090 -28593 391 -32768
10698 -8179 11071 -23653 8499 -32768
11852 -11199 10088 3598 22231 -32768
13714 -15662 7401 32767 32767 -32768
14985 -18703 6210 32767 32767 -32768
14928 -20081 5764 32767 32767 -32768
14009 -21642 3641 32767 32767 -32768
14006 -22956 -1040 32767 32767 -32768
15324 -23505 -4503 32767 32767 -32768
16471 -20607 -7626 32767 32767 -32768
13775 -24014 -14682 32767 24629 -32768
12554 -22424 -13996 32767 -678 -32768
11518 -21097 -13497 32767 -7435 -32768
9978 -20070 -13383 32767 -8527 -32768
7643 -18621 -12774 32767 -2123 -32768
5079 -18066 -11144 28805 14526 -32768
2748 -18122 -9887 12566 30611 -32768
-612 -16498 -8085 2617 32767 -32768
-2097 -15470 -6831 -11393 32767 -32768
-4268 -12326 -5589 -19619 32767 -32768
-4579 -11517 -5274 -21309 31644 -32768
-5008 -9404 -4464 -18848 26540 -32768
-5376 -7794 -3684 -14923 26204 -23006
-5356 -6051 -3369 -6795 27237 -10335
-5200 -5028 -3316 1370 25389 -983
-4400 -3291 -2973 5411 22814 4074
-4106 -2872 -2810 7904 18092 10878
-3337 -1726 -2420 7074 13557 16015
-2777 -887 -2377 6185 11349 18307
-2317 -536 -2426 5686 8585 21094
-1377 -298 -2522 6132 7551 23151
-718 -225 -2508 7299 7485 26708
87 -276 -2378 7759 7599 30221
724 -141 -2375 7550 6840 32248
871 -33 -2247 5371 4013 32767
794 -30 -1912 2555 1720 32044
780 90 -1742 -2427 -780 28859
928 168 -1725 -6406 -1716 26165
1158 16 -1768 -8021 -1184 25196
1270 -229 -1843 -8797 882 25260
1542 -551 -1963 -8147 1636 27597
1842 -767 -2101 -7188 987 30060
1783 -825 -2186 -5352 -91 32767
1590 -782 -2294 -4184 -1428 32767
1511 -633 -2294 -3564 -5627 32767
1334 -649 -1867 -5042 -10158 32767
1472 -743 -1581 -6999 -11485 32767
1623 -809 -1310 -10681 -9858 32767
1720 -834 -970 -13023 -7100 32767
1761 -801 -944 -15438 -3313 32767
1899 -717 -1169 -15320 -852 32767
1726 -959 -1515 -14118 549 32767
1754 -1267 -1704 -11851 1256 32767
2126 -1817 -1818 -10687 132 32767
2308 -2090 -1735 -9974 -3948 32767
2493 -2216 -1352 -10360 -7391 32767
2439 -2221 -889 -12659 -11479 32767
2549 -2200 -274 -14719 -10923 32767
2631 -1969 -172 -17500 -7132 32767
2429 -2539 -64 -19109 -2973 32767
2332 -2650 -393 -19506 5337 32767
2231 -2726 -790 -16994 11627 32767
2052 -3005 -977 -14908 12744 32348
1981 -3179 -863 -12869 10485 30527
1939 -3219 -416 -12559 7504 30283
1961 -3200 -315 -13371 2836 31050
1938 -3095 -103 -14945 208 32123
1792 -3144 -81 -16063 503 32337
1649 -3386 -55 -17758 3387 31658
1725 -3786 -148 -18957 6550 31066
1882 -3924 -237 -19366 7740 31001
1909 -3956 -196 -19835 8109 31195
1857 -3886 -57 -20070 7907 31159
1784 -3782 -2 -20176 7432 30481
1630 -3655 -39 -19661 7168 28904
1536 -3596 -36 -19187 7172 27538
1506 -3696 -65 -18625 8736 25372
1472 -3943 -115 -18514 11266 24072
1467 -4064 -173 -19214 14080 22920
1521 -4163 -100 -20770 14562 22887
1523 -4143 -74 -21963 13858 23269
1544 -4076 -21 -23611 12684 24008
1595 -4040 -5 -24434 12798 24438
1693 -4099 -93 -24981 14754 24740
1835 -4157 -250 -24956 16588 24771
1885 -4080 -425 -24302 18814 24713
2052 -3927 -722 -23121 19635 24719
2269 -3830 -860 -22423 19392 24794
2489 -3710 -843 -21961 18553 24826
2807 -3442 -687 -22229 18113 24563
3051 -3318 -659 -23276 17622 23156
3363 -3068 -622 -24406 16701 20466
3831 -2772 -553 -24977 16001 18441
4202 -2587 -388 -25877 15404 15441
4817 -2235 142 -26816 15939 13586
5555 -1580 1032 -29152 19814 11268
6016 -977 1777 -32634 25187 8991
6439 -332 3054 -32768 24746 6605
6740 -203 4535 -32768 13554 727
7368 -476 5889 -32768 251 -7665
8591 -2294 8272 -32768 -2084 -15477
10372 -5492 10588 -32768 -1687 -29811
11547 -7929 11555 -26157 2565 -32768
13250 -11796 11048 -4992 12956 -32768
14073 -14176 10073 32767 32767 -32768
14219 -17189 8790 32767 3369 -32768
12785 -20103 -15433 32767 10791 -32768
8530 -18507 -13322 29354 27901 -32768
5977 -17858 -12374 13671 32574 -32768
2178 -17272 -10912 -1852 32064 -32768
303 -16778 -9597 -8225 31034 -32768
-1238 -14420 -7636 -8081 32767 -32768
-1571 -13344 -5893 -7804 32767 -32768
-2125 -11906 -3932 -7825 32767 -32768
-4010 -10082 -3841 -3413 32767 -23826
-5369 -8125 -4269 1129 32767 -15265
-5657 -6876 -4418 7852 29545 -4544
-5590 -5176 -3970 11483 15931 3474
-4965 -3659 -3103 11277 12406 7359
-4411 -2842 -2707 7945 13696 12295
-3456 -1903 -2486 4831 15554 15868
-2863 -1483 -2511 588 16880 21653
-2140 -1117 -2615 -2074 16264 27112
-1574 -832 -2707 -2753 14353 30123
-1333 -691 -2751 -2352 7195 32767
-875 -547 -2611 -1356 532 32767
-441 -496 -2437 828 -6287 32767
116 -506 -2156 2205 -6791 32767
482 -508 -1973 3434 -2671 32767
960 -556 -1813 3412 1916 32767
1182 -640 -1835 2075 8384 32767
1403 -553 -2023 553 10289 32767
1370 -459 -2046 -2392 6000 32767
1038 -453 -2152 -5412 -4575 32767
962 -642 -2236 -6809 -11213 32767
1266 -873 -2225 -8029 -14895 32767
1765 -1257 -2114 -8808 -9499 32767
2135 -1395 -1913 -9434 -3038 32767
2346 -1378 -1872 -10560 6245 32767
2305 -1298 -1897 -11437 9739 32767
2083 -1217 -2079 -12318 8090 32767
1776 -1229 -2127 -13194 -2177 32767
1653 -1440 -2015 -13550 -9501 32767
1707 -1582 -1803 -14103 -14612 32767
2032 -1905 -1286 -15331 -12560 32767
2272 -2135 -1006 -16171 -7785 32767
2348 -2254 -980 -16869 974 32767
2402 -2481 -1119 -16729 6692 32767
2461 -2677 -1327 -16160 7511 32767
2446 -2830 -1414 -14784 4001 32767
2167 -2917 -1351 -13280 -1705 32767
1818 -2884 -1057 -12640 -4389 32767
1661 -2874 -743 -13137 -4983 32767
1455 -2804 -137 -14668 -2414 32767
1563 -2952 208 -18215 5132 32767
1772 -3204 292 -22146 13319 32767
2155 -3650 121 -24083 17493 32767
2212 -3883 -120 -25032 19643 32767
1972 -4225 -396 -24401 17347 32767
1708 -4443 -480 -21947 9818 32767
1444 -4600 -439 -18671 3035 32767
1557 -4444 -102 -16930 1082 32767
1754 -4298 178 -15860 2116 32767
1919 -4128 485 -16432 7333 32767
1937 -4141 546 -17435 11398 32455
1926 -4270 535 -19218 15469 30939
1956 -4279 380 -20067 16058 30471
1968 -4243 270 -20741 14042 30072
1900 -4233 193 -20902 11987 29459
1753 -4210 136 -20924 10131 28351
1715 -4176 124 -20885 8792 26210
1770 -4165 134 -20934 9093 24776
1881 -4125 190 -21420 10718 23133
1946 -4119 202 -22423 12534 22312
2020 -4105 92 -23052 13343 22041
2003 -4073 -59 -23560 13527 21755
2061 -4049 -221 -23657 12146 21433
2061 -3950 -288 -23502 10829 21002
2123 -3874 -250 -23220 8527 20058
2230 -3702 -153 -23092 7020 18809
2355 -3540 -150 -22892 7158 17957
2523 -3283 -172 -22507 8437 16649
2606 -3098 -275 -22236 9814 15689
2662 -3021 -331 -21842 11729 14216
2661 -2942 -362 -21664 12553 13158
2683 -2737 -360 -21383 13021 11656
2729 -2535 -415 -20993 12985 10723
2735 -2364 -439 -20412 12686 9165
2891 -2098 -321 -20126 12580 7446
3002 -1883 -205 -20233 12795 6336
3125 -1553 -52 -20776 12620 4795
3342 -1120 171 -21226 11777 3827
7125 -4207 7832 -26108 -11098 -29240
9126 -6911 9917 -24224 -1398 -32768
12406 -11372 10240 -5942 22001 -32768
14948 -16450 6726 20600 32767 -32768
15733 -19082 4295 32767 32767 -32768
15063 -21054 3363 32767 32767 -32768
14526 -22450 2923 32767 32767 -32768
15108 -23825 684 32767 32767 -32768
17647 -25581 -4968 32767 32767 -32768
15726 -18363 -2151 32767 32767 -32768
18441 -27493 -15921 32767 32767 -32768
15396 -25650 -16914 32767 27987 -32768
12923 -24304 -16389 32767 -4644 -32768
11053 -21563 -15254 32767 -11311 -32768
8859 -19208 -13440 32767 896 -32768
7476 -18387 -12590 30315 20300 -32768
4749 -18087 -10939 17514 28330 -32768
1773 -17764 -9749 339 32767 -32768
-1051 -15975 -8360 -8521 32767 -32768
-1855 -14793 -7442 -18189 32767 -32768
-3097 -11548 -5306 -22421 29032 -32768
-3661 -10152 -4433 -24959 26642 -32768
-4061 -9003 -3894 -22265 28064 -26921
-4203 -7564 -3678 -18230 28076 -19666
-4344 -6681 -3666 -10960 26753 -10294
-4599 -5415 -3296 -5180 24651 -2279
-4328 -4278 -2989 -2369 23143 3401
-4068 -3518 -2784 384 19751 11983
-3753 -2158 -2348 1463 13863 19305
-3513 -1593 -2088 1392 10100 23100
-3032 -1045 -1719 373 6721 27152
-2433 -899 -1704 -349 4225 31114
-1255 -946 -1947 8 2271 32767
-513 -1025 -2124 1889 -491 32767
678 -1007 -2399 3844 -986 32767
862 -969 -2392 6670 737 32767
1257 -790 -2257 7886 3640 32767
1241 -465 -1920 7073 4247 32767
1086 -247 -1601 2988 2312 32767
890 -120 -1385 -690 225 32767
1532 -522 -1666 -5323 -3136 32767
2215 -778 -1873 -7904 -7075 32767
2619 -1095 -2170 -8356 -7944 32767
2600 -1251 -2167 -7890 -5786 32767
2648 -1080 -2029 -7031 -1331 32767
2478 -692 -1735 -6801 1817 32767
2161 -345 -1522 -7095 4062 32767
1963 -184 -1549 -7836 1729 32767
2096 -512 -1719 -8507 -2000 32767
2414 -956 -1848 -9748 -8789 32767
2810 -1420 -1945 -10963 -12514 32767
2887 -1654 -1838 -11743 -11635 32767
2703 -1779 -1624 -13505 -6624 32767
2356 -1759 -1185 -15341 -2414 32246
2163 -1818 -962 -18543 3328 30638
1885 -1965 -821 -21518 6322 30243
1703 -2097 -806 -22930 6176 30863
1606 -2245 -846 -23636 3550 32767
1603 -2620 -929 -23092 1317 32767
1646 -2928 -916 -21365 -142 32767
1683 -3312 -691 -20150 177 32767
1663 -3545 -333 -19023 1462 32767
1613 -3538 -202 -18103 3122 32767
1442 -3502 -199 -17371 3744 32767
1432 -3626 -224 -16144 4225 32767
1716 -3891 -308 -15229 4890 32767
1968 -4101 -308 -14380 6762 32767
2180 -4381 -144 -15073 9315 32767
2139 -4488 60 -16358 10358 32767
2055 -4379 239 -18959 9112 32767
1981 -4218 297 -20531 6739 32767
1880 -4099 315 -22151 2958 32767
1807 -4092 219 -22562 1912 32767
1838 -4145 202 -22413 3810 29324
1979 -4337 307 -22615 7441 26941
2261 -4678 356 -23095 9804 26342
2514 -4785 310 -23972 13247 26861
2520 -4677 278 -24878 15237 27731
2253 -4552 204 -25386 15349 27658
1960 -4421 61 -25412 13325 26232
1763 -4296 -40 -24426 9682 23829
1735 -4299 1 -23659 7270 22102
1874 -4285 113 -22919 5225 20499
2285 -4075 217 -22659 5549 20464
2529 -3920 225 -22507 8539 21473
2771 -3774 111 -22399 11302 22422
2810 -3567 -72 -21954 14099 23342
2730 -3436 -206 -21169 15000 22755
2522 -3082 -386 -20557 15294 21328
2453 -2965 -340 -20261 15913 18034
2424 -2889 -238 -21265 16155 14012
2537 -2797 -166 -23080 14844 10453
2639 -2758 -158 -24298 13249 8752
2865 -2725 -254 -25376 11141 7156
2988 -2680 -330 -25570 10675 6509
3222 -2521 -278 -25465 11572 6003
3556 -2103 -31 -25291 13319 5898
3844 -1824 149 -24793 17404 5712
4089 -1274 343 -24052 20809 5003
4112 -819 474 -22147 23781 2942
4426 -181 1061 -20735 23073 1326
4542 -41 1275 -18675 19987 -1009
5180 297 2270 -18054 16486 -2560
5957 340 3726 -18695 14156 -3782
6222 -31 4903 -21232 9043 -8891
6765 -1105 7147 -23913 5910 -14781
7482 -2647 8904 -28231 4544 -26557
8801 -6183 10911 -26587 2744 -32768
11781 -11096 11054 -16306 1619 -32768
14020 -14413 9511 20819 18304 -32768
16071 -18428 6818 32767 32767 -32768
15046 -20979 5952 32767 32767 -32768
14087 -22443 5142 32767 32767 -32768
14539 -24243 2171 32767 32767 -32768
17140 -25978 -2850 32767 32767 -32768
18192 -27598 -5473 32767 24442 -32768
18174 -26672 -11494 32767 32767 -32768
17238 -26742 -14372 32767 19062 -32768
14661 -25106 -14836 32767 -14150 -32768
12712 -23406 -14452 32767 -21132 -32768
10937 -21819 -13522 32767 -10086 -32768
8380 -20275 -12636 26026 3952 -32768
7243 -19764 -12319 11213 12832 -32768
4137 -20256 -10851 -1326 20097 -32768
136 -18435 -7796 -9634 30014 -32768
-1598 -16763 -6261 -19954 32767 -32768
-3471 -13493 -4713 -24619 32767 -32768
-4175 -11862 -4476 -27416 32767 -32768
-4602 -10775 -4181 -25768 26750 -32768
-4950 -9278 -3633 -20764 27429 -23591
-4926 -7432 -3314 -16460 30553 -15277
-4724 -6358 -3314 -10092 31029 -3318
-4220 -4275 -3045 -5760 26463 7750
-4094 -3221 -2728 -4652 22402 13170
-4192 -2375 -2440 -4962 15501 16459
-4101 -1350 -2078 -5643 10235 16542
-3630 -975 -1888 -6290 3887 16871
-2472 -755 -1669 -5871 2440 19795
-1387 -635 -1629 -4864 3825 23036
-696 -524 -1854 -2271 6304 28496
-411 -439 -2067 1369 6938 32767
-70 -450 -2334 5134 6230 32767
97 -429 -2439 7096 5215 32767
131 -362 -2448 7805 1608 32767
103 -296 -2089 6418 -2218 32767
265 -153 -1880 2745 -6677 32767
760 -62 -1745 -1240 -6600 32767
914 -110 -1757 -3495 -3905 32767
1253 -330 -1931 -5858 2356 32767
1417 -630 -2202 -6648 6080 32767
1494 -796 -2375 -7012 7323 32767
1479 -999 -2489 -6803 4763 32767
1514 -1129 -2547 -6049 -2777 32767
1588 -1192 -2582 -5227 -10328 32767
1927 -1459 -2244 -5584 -12829 32767
2463 -1673 -1874 -8102 -10638 32767
2789 -1617 -1470 -10584 -5511 32767
2679 -1507 -1382 -14300 3056 32767
2276 -1385 -1425 -16657 6644 32767
1735 -1549 -1594 -17347 5364 32767
1626 -1969 -1733 -17116 117 32767
1847 -2473 -1662 -16703 -3696 32767
2110 -2662 -1426 -16663 -7150 32767
2502 -2897 -1017 -17302 -5552 32767
2647 -3116 -825 -17741 -1541 32767
2653 -3139 -826 -18127 4962 32767
2509 -3196 -808 -18320 7381 32767
2184 -3254 -780 -18509 7352 32767
1899 -3246 -740 -18540 4777 32767
1655 -3332 -523 -18746 2230 32767
1682 -3423 -337 -19586 -371 32767
1879 -3581 -130 -20697 896 32767
2176 -3726 0 -21796 4472 32767
2383 -3809 19 -22277 6838 32767
1791 -4380 383 -23981 10106 26625
2180 -4783 531 -25778 13119 27230
2362 -4904 562 -26985 15393 28111
2404 -4845 504 -28027 17986 28987
2080 -4615 288 -27923 18103 28503
1750 -4465 154 -26480 15523 25717
1399 -4254 -23 -24840 12898 23093
1333 -4136 -20 -22342 8952 19315
1488 -4078 139 -21240 6697 17602
1721 -4073 102 -20065 5835 16836
2242 -3995 -157 -19155 8327 17943
2419 -3821 -146 -18956 10743 19279
2520 -3535 -30 -19867 14414 21042
2447 -3176 119 -21104 16493 21427
2318 -3010 175 -23661 16540 20190
2242 -2792 175 -25394 13664 18535
2386 -2559 44 -27077 7753 15697
2587 -2526 -55 -27382 3502 13013
3149 -2526 -15 -26954 3496 10877
3289 -2486 47 -26454 5684 9909
3724 -2147 326 -25660 9825 9289
4007 -1700 650 -25041 12512 9014
4261 -1390 813 -23504 15842 8373
4491 -1217 794 -20495 18009 7191
4705 -887 836 -18009 17978 5770
4906 -401 1299 -14822 15725 2457
5120 -92 1716 -12686 14009 -1856
5533 -92 2646 -12123 12902 -5102
5971 -326 3435 -12808 9966 -9757
6891 -635 5024 -14557 7996 -12454
7678 -1628 6452 -20254 7744 -17835
8556 -4765 8997 -28121 8034 -28159
9458 -8606 10259 -28569 -1324 -32768
10716 -11366 9354 -8833 -9212 -32768
14281 -15562 6497 17988 7125 -32768
15244 -16700 5963 32767 32767 -32768
15964 -19726 4179 32767 32767 -32768
14460 -21370 2224 32767 32767 -32768
14164 -22061 720 32767 32767 -32768
15900 -23094 -2316 32767 32767 -32768
13981 -16657 -5197 32767 32767 -32768
19093 -25073 -11375 32767 32767 -32768
17554 -24706 -15082 32767 32767 -32768
15623 -23746 -15446 32767 32767 -32768
12452 -19808 -14444 32767 7156 -32768
11407 -18018 -13982 32767 2604 -32768
10160 -17078 -13389 32767 5855 -32768
8440 -16320 -11721 21313 6971 -32768
6157 -16606 -9148 7064 9491 -32768
4100 -16916 -8034 -5107 16962 -32768
1220 -15674 -7322 -5309 21175 -32768
-527 -14888 -6506 -1631 23143 -32768
-2681 -12558 -3824 -1677 22257 -32768
-3400 -11064 -2633 -4661 23892 -32768
-4370 -9439 -1697 -11198 26927 -29288
-4868 -7654 -2057 -13999 28164 -18607
-4966 -6540 -2596 -13529 26600 -4498
-4891 -5587 -3146 -8400 22984 7264
-4072 -3810 -3475 -2476 20567 17851
-3506 -2984 -3174 -176 20346 24355
-2887 -1862 -2721 486 20333 32668
-2484 -885 -2388 -835 17543 32767
-2215 -321 -2299 -1829 13670 32767
-1956 54 -2242 -2963 6979 32767
-1479 165 -2103 -3736 3007 32767
-674 11 -2081 -4725 -1333 32767
289 -251 -2137 -4948 -2872 32767
537 -315 -2123 -4770 -3074 32767
1133 -306 -2051 -3887 -1917 32767
1393 -367 -2100 -2750 -700 32767
1354 -390 -2113 -490 1601 32767
1235 -370 -2274 1802 1652 32767
1122 -191 -2251 2523 -623 32767
1004 -119 -2141 1976 -6131 32767
1092 -133 -1911 646 -10065 32767
1383 -173 -1725 -2158 -13501 32767
1723 -555 -1537 -4288 -12524 32767
1768 -818 -1484 -7395 -6269 32767
1905 -1119 -1555 -9755 1999 32767
1976 -1250 -1707 -10684 6090 32767
1876 -1241 -1863 -10782 7217 32767
1695 -1268 -2015 -9465 991 32767
1854 -1582 -2046 -8030 -5650 32767
2124 -1896 -2050 -5820 -14177 32767
2294 -2355 -1700 -5306 -16826 32767
2311 -2657 -1170 -6866 -14604 32767
2415 -2756 -829 -10976 -6490 32767
2611 -2762 -358 -16296 3613 32767
2641 -2752 -349 -19394 8787 32767
2506 -2639 -542 -21582 11926 32767
2584 -3065 -1352 -19682 8309 32767
2657 -3221 -1645 -16486 3412 32767
2619 -3183 -1680 -11079 -2266 32767
2426 -3258 -1132 -8933 -2916 32767
2332 -3267 -547 -9321 151 32767
2311 -3117 229 -13648 6034 32767
2113 -2909 690 -17664 10157 32767
1981 -2914 652 -22929 15081 31400
1850 -3173 234 -25425 16801 30738
1922 -3698 -162 -25525 15403 31092
2073 -3983 -296 -24224 10250 32767
2275 -4169 -200 -22378 4550 32767
2226 -4043 76 -21205 2455 32767
1962 -3920 373 -20076 3318 32767
1772 -3888 455 -19753 6460 32767
1697 -3928 473 -19891 13127 32482
2090 -4054 437 -20710 18274 31504
2235 -3983 269 -21209 19836 31836
2192 -3931 122 -21891 17721 32180
1854 -3864 -45 -22110 13857 31475
1640 -3813 -116 -21978 7751 28792
1490 -3801 -108 -21831 4022 25138
1604 -3813 9 -21971 3557 22969
1787 -3847 95 -22876 5786 21077
2153 -3885 152 -23783 8180 20892
2348 -3948 122 -25250 11504 21692
2370 -3996 -106 -26273 14232 22212
2263 -3947 -267 -26395 16117 21844
2161 -3858 -410 -26011 18407 20327
2122 -3798 -573 -25236 17845 18487
2205 -3708 -611 -24837 15742 17304
2279 -3657 -556 -24703 12437 15630
2653 -3574 -350 -25480 10977 14379
3279 -3281 -142 -26453 11654 14057
3720 -3006 -94 -28005 15656 13908
4212 -2484 77 -29047 19245 13387
4350 -2303 157 -30271 23156 11487
4326 -2113 133 -29664 23386 8010
4450 -1656 167 -28029 20651 5478
4786 -1183 412 -24731 13106 2540
5489 -722 1262 -23112 6489 -454
6229 -709 2983 -24385 5605 -3453
6958 -732 4388 -29373 7870 -9020
7809 -1460 6597 -32768 9855 -17289
8257 -3450 8432 -32768 7685 -24955
8811 -5483 9443 -32768 2076 -32768
11032 -9718 9666 -25771 2394 -32768
13211 -12391 8945 6566 20719 -32768
15395 -16952 6865 32767 32767 -32768
14155 -18980 6245 32767 32767 -32768
13302 -19732 5508 32767 32767 -32768
13428 -20420 3760 32767 32767 -32768
14596 -21368 -470 32767 32767 -32768
16025 -22342 -3578 32767 32767 -32768
18190 -22323 -8186 32767 32767 -32768
16798 -22590 -12368 32767 32767 -32768
16060 -22281 -13670 32767 32767 -32768
14915 -20644 -14948 32767 30085 -32768
13650 -19582 -15478 32767 20459 -32768
11125 -17046 -15031 32767 18915 -32768
7889 -14985 -13856 32767 15581 -32768
6181 -14408 -12227 17012 10128 -32768
4045 -15159 -9350 3977 11579 -32768
2894 -15471 -7360 -11471 19857 -32768
1405 -14418 -5740 -15974 26633 -32768
220 -13129 -5032 -15919 32767 -32768
-2343 -11097 -3806 -12335 31685 -32768
-3562 -9887 -3556 -8143 30326 -28059
-4200 -8777 -3184 -1336 28160 -16830
-4293 -6487 -2430 2828 27678 -8197
-4283 -5524 -2259 3085 28686 -3723
-4082 -4204 -2228 505 28766 2419
-3882 -3474 -2461 -2705 25329 8721
-3576 -2563 -2833 -4235 19816 12888
-3343 -1943 -2925 -5017 8988 18177
-2894 -1166 -2731 -4145 2253 21563
-2402 -1058 -2600 -2942 779 23814
-1717 -975 -2519 -259 979 29110
-880 -798 -2488 1975 1786 32767
-482 -714 -2463 5192 3072 32767
32 -550 -2393 7177 4300 32767
189 -373 -2311 7315 4984 32767
267 -190 -2317 5717 3693 32767
248 -134 -2245 3528 346 32767
423 -294 -2151 -651 -5250 32767
1138 -660 -1973 -3310 -6699 32767
1474 -820 -1891 -6455 -3855 32767
1805 -1011 -1844 -8273 2859 32767
2180 -1078 -1994 -8526 6944 32767
2179 -953 -2107 -7784 8423 32767
1746 -945 -2357 -6299 5173 32767
1182 -1111 -2360 -5849 473 32767
1056 -1292 -2190 -6801 -7862 32767
1537 -1725 -1944 -8250 -11920 32767
1961 -1990 -1672 -11342 -13281 32767
2748 -2476 -1202 -14626 -8239 32767
2846 -2535 -1060 -16387 -2740 32767
2678 -2486 -1107 -17399 5498 32767
1989 -2484 -1389 -16496 9717 32767
1701 -2513 -1467 -15354 10004 32767
1533 -2616 -1373 -14484 9729 32767
1623 -3033 -795 -16553 8785 32767
2160 -3717 -284 -19299 7345 32767
2440 -3994 -104 -23382 4724 32767
2449 -4030 -98 -25161 2688 32767
2268 -3951 -157 -25566 -1316 32767
2059 -3962 -326 -23138 -3631 32767
2174 -4031 -386 -20474 -2174 32767
2255 -4100 -265 -17085 3952 32767
2364 -4253 176 -16143 8941 32767
2410 -4192 400 -16568 15154 32767
2268 -3988 449 -17804 16629 32767
1996 -3929 300 -18511 14581 32767
1767 -3943 149 -18920 10397 32767
1581 -4269 30 -19037 8772 32767
1931 -4888 364 -20470 8881 32767
2362 -5169 665 -23834 11650 32767
2695 -5317 914 -26518 13225 32767
2806 -5175 1003 -29293 13953 32767
2180 -4712 547 -29579 13790 32767
1878 -4501 216 -27529 12919 31850
1695 -4295 -20 -23745 12690 27195
1624 -4166 -40 -21590 13407 24368
1724 -4211 89 -20297 14684 21657
1844 -4223 294 -21343 15177 20645
1977 -4151 324 -22737 15061 20730
2010 -4051 232 -24722 14304 21357
1981 -3855 37 -25899 13191 21518
1848 -3735 -150 -26216 13097 20950
1756 -3627 -172 -26605 13714 19174
1812 -3575 -60 -27716 13935 17225
2082 -3590 55 -28785 13784 16270
2289 -3610 67 -30355 13045 15438
2476 -3561 -46 -30766 11895 14925
2550 -3440 -230 -29584 10016 13748
2683 -3256 -357 -27860 9593 12787
2853 -3133 -313 -24917 11134 11520
3473 -2521 197 -23488 13428 11036
3606 -2347 341 -22735 17729 10493
3847 -1846 635 -23064 20881 9372
4276 -1582 633 -23126 21619 8310
4675 -1424 739 -22843 21850 6504
5307 -806 1180 -21828 20964 4219
5563 56 1864 -20853 17719 1678
5877 662 2885 -19521 9276 -3727
6511 802 3909 -19312 4590 -7688
7824 54 6129 -22384 7159 -14059
8714 -1184 8016 -31038 20809 -21696
9084 -4055 10173 -32768 18924 -32291
9713 -9533 10385 -32768 3950 -32768
11504 -12500 9555 -12649 -6134 -32768
13972 -15629 8334 32122 24384 -32768
16516 -19838 6160 32767 32767 -32768
16247 -22101 5414 32767 32767 -32768
14818 -23831 4880 32767 32767 -32768
14576 -24623 3387 32767 32767 -32768
16650 -26783 -550 32767 32767 -32768
13690 -20631 -4086 32767 32767 -32768
19509 -31626 -11597 32767 32767 -32768
19675 -30835 -13802 32767 8789 -32768
18430 -28363 -12549 32767 -440 -32768
17416 -27715 -12384 32767 5089 -32768
13904 -26050 -13396 32767 12713 -32768
8453 -23071 -14277 26346 9183 -32768
6256 -22132 -12240 11961 582 -32768
4177 -21507 -9832 -12877 -2025 -32768
2186 -18778 -7601 -27439 11426 -32768
157 -17170 -5408 -31974 20176 -32768
-1717 -15876 -4522 -32400 29623 -32768
-3736 -13652 -3808 -29353 30185 -32768
-5205 -11671 -3579 -21666 26191 -30515
-5539 -9534 -2983 -13514 23289 -10876
-5416 -8159 -2538 -7429 23541 6811
-4985 -6052 -2002 -5182 24839 16769
-4708 -4669 -1637 -5928 25641 26416
-4306 -2980 -1378 -8583 24455 28972
-3929 -2152 -1474 -12905 18601 29231
-2924 -1484 -2002 -13926 12224 29123
-1635 -1352 -2605 -11428 2481 30320
-867 -1217 -2724 -5873 -3030 32767
73 -936 -2518 -1851 -3735 32767
487 -808 -2237 2871 -1265 32767
783 -682 -1887 5902 3630 32767
997 -546 -1750 7136 6867 32767
1138 -476 -1689 7031 8914 32767
1209 -354 -1592 3971 5135 32767
1149 -403 -1567 899 -547 32767
1211 -519 -1573 -3518 -9482 32767
1377 -642 -1607 -5631 -12490 32767
1561 -773 -1501 -7757 -9925 32767
2049 -1005 -1505 -8236 -4269 32767
2163 -1055 -1592 -8091 6083 32767
2174 -1013 -1644 -7497 12049 32767
2150 -913 -1900 -6792 12127 32767
2020 -799 -2080 -5626 5340 32767
1885 -743 -1997 -5574 -6795 32767
1900 -1171 -1663 -6491 -13950 32767
2369 -1152 -1309 -8610 -18764 32767
2677 -1227 -952 -11282 -14542 32767
2804 -1389 -868 -13641 -4309 32767
2892 -1550 -999 -14449 2797 32767
2874 -1745 -1208 -14100 10432 32767
2971 -2451 -1962 -11627 11580 32767
2848 -2529 -2079 -9463 7564 32767
2753 -2534 -1808 -6905 -2451 32767
2642 -2471 -1370 -6681 -9542 32767
2391 -2352 -561 -8195 -10637 32767
2275 -2269 102 -12559 -6839 32767
2176 -2307 343 -18053 1508 32767
1970 -2659 253 -21282 7661 32047
1827 -3070 -16 -24169 14593 30890
1870 -3636 -510 -24415 15511 31260
2121 -3996 -937 -22179 12221 32767
2165 -4020 -948 -18234 7711 32767
2129 -3969 -693 -15899 6097 32767
1985 -3820 -361 -14268 6852 32767
1730 -3611 90 -14555 8787 32767
1580 -3458 256 -16318 12990 32767
1384 -3390 405 -19329 16877 31641
1264 -3619 464 -21717 18782 29164
1288 -3818 410 -24913 19787 26644
1358 -4072 343 -26563 18924 25975
1476 -4231 307 -28091 16190 26402
1813 -4473 191 -28283 14528 27526
1998 -4602 170 -27746 13629 29327
1956 -4579 279 -27313 14148 29680
1691 -4389 499 -27318 15143 28687
1406 -4251 601 -27772 17307 25352
1101 -4232 631 -28151 19127 22602
1123 -4308 518 -28493 21905 19666
1501 -4589 188 -28338 23034 19315
2081 -4731 -175 -27543 22003 21372
2251 -4537 -254 -26713 17362 24392
1973 -4170 -57 -26429 11260 25077
1864 -4041 28 -26500 7746 23692
1743 -3692 179 -26756 4287 19711
2035 -3488 266 -27026 3664 16792
2468 -3406 250 -27429 5884 13615
3034 -3279 249 -27721 9378 12836
3982 -3125 276 -28197 17426 13267
4381 -2875 354 -28504 23748 13762
4589 -2292 280 -27938 29050 13383
4500 -1870 -28 -25642 21724 10981
4687 -1803 -31 -23305 13170 8440
4939 -1489 287 -20502 4370 3434
5625 -524 1452 -20555 4014 -186
6370 -253 2834 -26024 10423 -5078
7584 -112 4964 -32768 19956 -8934
8358 -718 6824 -32768 24476 -12125
7823 -2484 8246 -32768 21076 -21437
7585 -4350 8935 -32768 1772 -32768
8863 -7740 9829 -32768 -9426 -32768
11262 -10477 10077 -9061 -798 -32768
15075 -14522 9848 13864 22269 -32768
15980 -18722 7684 32767 32767 -32768
14937 -20627 5948 32767 32767 -32768
13306 -22495 3696 32767 32767 -32768
14234 -23173 2226 32767 32767 -32768
17225 -25598 -1748 32767 32767 -32768
19743 -26985 -4422 32767 32767 -32768
20998 -27816 -10658 32767 32767 -32768
19825 -28986 -15180 32767 32767 -32768
17945 -27973 -15347 32767 32767 -32768
17116 -25368 -14892 32767 3763 -32768
14412 -21293 -14386 32767 5047 -32768
12020 -20102 -14256 32767 10972 -32768
8786 -18932 -13014 22684 1946 -32768
5413 -18415 -10648 5510 2726 -32768
3798 -17554 -9244 -11120 14586 -32768
1401 -15410 -6553 -17445 23311 -32768
472 -14899 -5951 -18274 27012 -32768
-2301 -13339 -4706 -15581 29152 -32768
-4417 -11616 -4294 -11686 28359 -29018
-5037 -10391 -3829 -6711 24758 -11765
-5021 -8213 -2709 -6117 23228 2657
-4986 -5984 -1822 -8373 23700 8238
-4890 -4718 -1764 -12565 22220 11294
-4137 -3397 -2190 -14147 18301 12634
-3006 -2519 -2469 -14324 10783 16316
-2320 -2141 -2394 -12865 4828 21779
-1503 -1604 -2394 -10420 2471 25503
-1219 -1252 -2381 -4862 977 29700
-876 -912 -2334 -521 1088 31868
-504 -756 -2288 6006 3081 32767
291 -632 -2079 10455 5796 32767
733 -369 -1786 11430 6802 32767
699 -86 -1666 9420 4546 32767
94 140 -1451 4010 -2935 32767
-59 -250 -1524 61 -8253 32767
615 -612 -1479 -4962 -12851 32767
1416 -864 -1431 -8079 -10515 32767
2251 -1114 -1528 -8911 -5156 32767
2414 -1100 -1681 -8649 3477 32767
2000 -651 -2255 -6425 7369 32767
1512 -552 -2491 -4300 5752 32767
995 -644 -2562 -1787 -2494 32767
1396 -875 -2339 -2282 -14052 32767
2382 -1648 -1689 -6445 -21841 32767
3048 -1895 -1331 -9977 -21247 32767
3281 -1620 -1157 -15016 -13236 32767
2851 -1059 -1055 -17750 -5844 32767
2608 -1034 -1120 -20313 4378 32767
1915 -1202 -1468 -20277 10578 32767
1753 -1651 -1659 -19464 11313 32767
2330 -2271 -1542 -18216 8871 32767
2846 -2640 -1444 -17354 5015 32767
3231 -2864 -1174 -17131 921 32767
3123 -2877 -1035 -16394 -6554 32767
2703 -2986 -943 -14751 -11258 32767
2131 -3058 -710 -13616 -11541 32767
1922 -3049 -511 -12693 -7633 32767
1865 -3002 -205 -12865 -2870 32767
1954 -3083 -39 -14444 5061 32767
2451 -3566 -52 -16634 10119 32767
3061 -4133 -324 -17734 10708 32767
3143 -4162 -464 -18269 8703 32767
2696 -3946 -480 -17831 5976 32767
2009 -3795 -386 -17281 5781 32767
1651 -3646 -258 -16611 8278 32767
1572 -3600 -21 -17424 11635 31172
1642 -3719 327 -19006 13719 29185
1738 -3912 534 -22580 16003 28137
1975 -4406 710 -26588 16797 29245
2331 -4766 615 -29356 16730 32009
2605 -4747 338 -29965 16966 32767
2618 -4664 182 -29257 17766 32767
2243 -4396 64 -27317 17711 32767
1856 -4114 8 -25700 16975 32767
1669 -3920 12 -23387 15771 28473
1553 -3653 119 -22385 15091 25138
1697 -3534 165 -21952 15090 21055
1896 -3589 153 -22638 16606 18815
2232 -3625 14 -23348 18284 18421
2387 -3545 -136 -24405 19225 18644
2303 -3323 -168 -25481 15263 18674
2123 -3180 -137 -26294 7180 16988
1914 -3048 -112 -26498 2241 14826
2001 -2956 -57 -26448 -1279 10901
2330 -2896 28 -26178 663 7777
2644 -2843 74 -25944 4000 6540
2723 -2808 64 -25602 9771 5948
2893 -2707 9 -25007 13701 6351
2866 -2507 -28 -24585 14255 6649
2808 -2264 -18 -23778 11115 6657
2934 -1842 -24 -22950 7680 6465
3172 -1619 79 -21372 3925 5955
3722 -1215 350 -19884 5048 5349
4269 -752 768 -19199 8641 4742
4756 -387 1218 -18957 15805 4007
5546 308 1957 -19158 20781 3536
5903 465 2318 -19655 26533 1486
6301 -20 3234 -20651 26462 -1263
6840 -441 4382 -24442 18067 -6332
7703 -1719 6637 -28177 9347 -11040
7909 -3081 7984 -31571 -2734 -22868
8628 -5497 9514 -26294 -8045 -32768
11519 -9817 9860 -7039 10069 -32768
14951 -14942 8997 14205 29351 -32768
15899 -18265 7056 32767 32767 -32768
14623 -20956 5166 32767 32767 -32768
13774 -22176 4828 32767 32767 -32768
14727 -23304 3734 32767 32767 -32768
17067 -25655 -487 32767 32767 -32768
17147 -26049 -4786 -32768 32767 -32768
18880 -25863 -11390 32767 32767 -32768
17659 -27899 -14123 32767 30551 -32768
17234 -26943 -15918 32767 -3096 -32768
16019 -25016 -14543 32767 -13717 -32768
14018 -23217 -13040 32767 -3692 -32768
11206 -22033 -13252 21878 12406 -32768
7584 -20999 -13576 10729 15250 -32768
4182 -19670 -11165 -3630 16194 -32768
2605 -19172 -8976 -17244 20953 -32768
831 -17058 -6928 -21885 27673 -32768
-771 -16053 -5641 -24284 32767 -32768
-3033 -14296 -4384 -24543 32767 -32768
-4586 -11763 -3540 -24458 31361 -32768
-5339 -10475 -3130 -23854 26639 -24016
-5768 -8368 -3071 -21828 23754 -12288
-5737 -7124 -3071 -16519 20591 2748
-5221 -5540 -2811 -10987 17784 14547
-4611 -4247 -2425 -7904 15980 20155
-4300 -3367 -2314 -3594 14091 25175
-3734 -2385 -2303 -881 12431 27186
-2972 -1682 -2341 2485 8730 29979
-2470 -1347 -2221 3692 2339 32767
-1543 -1008 -1876 3027 -2491 32767
-964 -855 -1646 994 -6782 32767
-218 -708 -1621 162 -6382 32767
254 -663 -1817 1051 -3249 32767
952 -821 -2200 3959 -225 32767
1360 -975 -2369 6106 1430 32767
1523 -1004 -2353 8273 3671 32767
1741 -1102 -2187 8211 3980 32767
1877 -940 -1841 4999 2489 32767
1867 -755 -1567 -1812 602 32767
1783 -347 -1272 -7286 -443 32767
1743 -237 -1241 -14562 -1716 32767
1870 -777 -1484 -18199 -2680 32767
2106 -1496 -1929 -18053 -3492 32767
2198 -2028 -2394 -14282 -3685 32767
2364 -2172 -2434 -8979 -2337 32767
2613 -2022 -1989 -6418 -588 32767
2700 -1754 -1554 -5591 1936 32767
2206 -1081 -830 -7988 1167 32767
1657 -976 -691 -10311 -1279 32767
1273 -1236 -824 -12776 -6575 32767
1564 -2231 -1345 -12917 -10420 32767
2139 -2801 -1681 -10806 -13640 32767
3338 -3496 -1840 -8650 -12575 32767
3897 -3664 -1534 -7006 -5230 32767
3949 -3411 -885 -8684 5680 32767
3319 -2967 -475 -11232 11553 32767
2801 -2698 -368 -15519 13997 32767
2112 -2590 -349 -17949 10986 32767
2202 -2770 -362 -20086 3806 32767
2694 -3266 -312 -20555 325 32767
2910 -3603 -286 -20028 2209 32654
2994 -3667 -252 -18465 7919 32574
2901 -3562 -271 -16525 12772 32767
2670 -3432 -166 -15832 14573 32767
2385 -3280 30 -16233 15166 32767
2034 -3097 307 -17436 14610 32767
1957 -3037 479 -20102 13059 32767
1936 -3157 559 -22976 11438 32639
1938 -3485 418 -24357 9569 32239
1972 -3661 202 -24776 5937 31689
1997 -3780 -98 -23910 4074 31284
1968 -3782 -130 -22018 2866 30447
1967 -3682 93 -20882 4164 29487
1986 -3525 334 -20857 6611 28874
1983 -3441 482 -22097 11230 27937
1981 -3357 586 -23459 13913 27363
2005 -3501 326 -25326 16995 26422
1953 -3690 83 -26229 18674 24820
1776 -3865 -284 -26080 18829 23411
1558 -3792 -535 -24988 16800 21065
1419 -3731 -518 -23880 12546 18780
1341 -3663 -380 -23503 8906 16905
1431 -3625 -207 -23774 7685 16191
1613 -3598 -182 -24594 7535 15929
1853 -3522 -233 -25477 9029 16179
2018 -3383 -392 -25904 10791 16339
2142 -3313 -552 -25746 13783 16433
2357 -3192 -718 -25164 15085 16283
2432 -3027 -720 -24272 16205 15490
2483 -2748 -694 -23786 16787 14483
2585 -2589 -683 -23381 16418 12606
2961 -2389 -587 -23655 14818 10951
5377 -2723 7582 -32768 -10767 -24225
7330 -5333 9449 -32768 -16880 -32363
9631 -7459 10513 -26653 2265 -32768
12620 -11298 10433 -9912 26460 -32768
13274 -14399 8635 32647 32767 -32768
12799 -18429 5028 32767 32767 -32768
12412 -19475 5552 32767 32767 -32768
13588 -20890 6310 32767 32767 -32768
14833 -23022 4061 32767 32767 -32768
17471 -25752 -1284 32767 32767 -32768
18328 -26983 -4980 32767 32767 -32768
18202 -26903 -9598 32767 32767 -32768
17307 -26699 -13786 32767 32767 -32768
16086 -26383 -14714 32767 973 -32768
14069 -23614 -13549 32767 -13075 -32768
10783 -20389 -12401 32767 2243 -32768
8874 -19466 -12774 32767 14143 -32768
6748 -18539 -12639 16934 19536 -32768
2493 -17154 -9896 6741 20651 -32768
1731 -16705 -8953 -8725 24018 -32768
51 -15005 -6793 -19397 30934 -32768
-1382 -13439 -5468 -25464 32767 -32768
-2931 -11622 -4335 -28206 30058 -32768
-3717 -10173 -3825 -29335 26681 -32768
-4400 -8577 -3109 -28189 25681 -22752
-4716 -7088 -2990 -23126 26397 -10503
-4710 -6193 -2989 -15804 26034 -256
-4486 -5339 -2930 -11344 24707 6441
-3949 -4102 -2597 -7117 22031 15950
-3457 -2931 -2274 -5905 18875 21258
-3193 -2207 -2273 -4387 11334 26768
-2758 -1307 -2371 -2005 3626 29246
-2422 -825 -2294 -583 351 29732
-1762 -412 -2073 407 -1792 30166
-949 -394 -2005 651 -2440 31128
-351 -452 -2047 1156 -3344 32767
752 -722 -2271 2456 -3402 32767
1005 -805 -2345 3796 -2579 32767
1631 -924 -2487 5863 -1314 32767
2042 -831 -2419 6744 -1083 32767
2036 -593 -2180 6625 -2023 32767
1584 -454 -1814 3851 -5035 32767
1427 -485 -1625 823 -7575 32767
1520 -582 -1586 -3838 -9597 32767
1862 -659 -1669 -6288 -8777 32767
2347 -775 -1799 -8314 -5251 32767
2772 -1057 -1932 -8829 -579 32767
2932 -1107 -2004 -8683 2106 32767
2907 -1107 -2001 -8635 2971 32767
2487 -1058 -1862 -9483 -555 32767
2130 -737 -1775 -10214 -3898 32767
1786 -478 -1602 -12020 -8168 32767
1853 -521 -1175 -14036 -9152 32767
2345 -826 -1020 -17192 -6388 32767
3228 -1386 -952 -19160 -1323 32767
3580 -1762 -1285 -18942 1269 32767
2144 -3295 -707 -25673 8871 32767
1843 -3446 -847 -23555 8467 32767
1585 -3510 -737 -20452 8038 32767
1301 -3568 -335 -19139 8001 32767
1263 -3581 72 -19408 8314 32767
1373 -3660 349 -21178 8575 32767
1546 -3835 352 -23135 8239 32767
1777 -4067 197 -23629 7943 32767
1898 -4278 32 -23447 7505 32767
1872 -4341 10 -22572 6592 32767
1786 -4309 158 -22132 6700 32767
1727 -4306 350 -22592 7753 32767
1752 -4304 619 -24317 10217 31227
1768 -4346 664 -25645 11923 29889
1885 -4454 451 -26957 13634 28615
2081 -4648 228 -27325 13660 28311
2152 -4790 61 -26947 12561 27963
2102 -4843 -142 -26096 11734 27456
2030 -4742 -228 -24529 11520 25869
1864 -4743 -261 -23841 12681 24290
1922 -4628 -149 -23927 14799 22265
2051 -4416 -42 -24806 15412 21554
2079 -4361 -24 -26829 15299 21071
2065 -4155 -58 -28836 13849 20627
2115 -4065 -212 -29663 12002 20197
2170 -4087 -330 -29892 9118 19260
2515 -4064 -349 -29462 7481 18583
2726 -3851 -254 -28489 6324 17734
2916 -3588 -81 -27800 7449 16719
3086 -3129 284 -27895 9470 15660
3277 -2831 505 -28525 14332 13960
3721 -2476 676 -28999 17902 12974
3951 -2264 720 -29485 22523 11008
4001 -2057 763 -29347 24547 8982
3980 -1804 698 -27647 24306 5240
3971 -1391 704 -24511 18283 1474
4350 -1141 1124 -22440 13018 -699
5112 -1026 1937 -20551 9138 -3335
5662 -661 2815 -21348 11452 -5618
6130 -417 4143 -23208 15070 -8057
6224 -586 4962 -25976 17355 -14177
6130 -1614 6252 -27176 15412 -20145
6107 -3373 7346 -28178 11995 -31129
7395 -6220 9553 -28235 7183 -32768
8437 -8481 10673 -21230 -10282 -32768
10801 -12365 9610 -4247 -7501 -32768
13178 -15050 8183 32767 31178 -32768
15750 -18646 6371 32767 32767 -32768
14947 -21488 5134 32767 32767 -32768
13825 -22277 3778 32767 32767 -32768
14065 -22585 482 32767 32767 -32768
15928 -23375 -2373 32767 32767 -32768
19502 -24282 -8782 32767 32767 -32768
21211 -24949 -11582 32767 32767 -32768
19907 -25371 -11743 32767 32767 -32768
16252 -22071 -12784 32767 24239 -32768
14513 -20215 -13505 32767 17037 -32768
12631 -18404 -13478 32767 12506 -32768
9674 -16442 -12451 32767 8635 -32768
7995 -15676 -11057 25615 1682 -32768
5685 -16168 -8599 9813 4301 -32768
4275 -15688 -7252 -6150 17395 -32768
2301 -14494 -5914 -10424 29126 -32768
22 -13500 -5087 -9441 32570 -32768
-1333 -12279 -4363 -7642 30166 -32768
-3129 -10592 -3411 -7253 27803 -24860
-3880 -9229 -2844 -8078 27052 -9249
-4558 -7333 -2504 -9092 27357 -3205
-4795 -5620 -2658 -10497 24896 1785
-4654 -4653 -2888 -10532 18429 5887
-3923 -3408 -2897 -10096 13558 9786
-3120 -2267 -2624 -9224 8947 16642
-2682 -1703 -2555 -7754 8452 23033
-1986 -1177 -2660 -5909 8771 26907
-1237 -964 -2772 -2063 8649 32708
-687 -871 -2785 2120 7584 32767
-24 -446 -2541 3923 6392 32767
153 -40 -2194 3425 2799 32767
197 174 -1775 -389 -2543 32767
351 121 -1590 -3558 -6363 32767
523 54 -1583 -7418 -10872 32767
772 -223 -1780 -8583 -11597 32066
1221 -609 -2010 -8139 -9500 30735
1591 -792 -2061 -6184 -6188 32767
1970 -926 -2031 -4611 -3891 32767
2061 -811 -2041 -2141 -945 32767
1691 -519 -2111 -77 -827 32767
938 -240 -2039 314 -3463 32767
444 -318 -1919 -972 -8915 32767
268 -647 -1693 -4124 -11466 32767
1039 -1117 -1478 -6866 -10938 32767
1947 -1777 -1482 -10809 -7854 32767
2555 -2489 -1644 -12780 -4517 32767
2562 -2589 -1892 -13771 -274 32767
2233 -2664 -2071 -12822 468 32767
1785 -2784 -1998 -11655 -170 32767
1580 -2855 -1804 -10325 -1027 32767
1458 -3011 -1299 -11001 -789 32767
1466 -3274 -807 -12733 661 32767
1578 -3492 -577 -16756 3822 32767
1816 -3933 -389 -21149 6219 32767
2198 -4404 -455 -23079 6780 32767
2434 -4617 -643 -23330 6042 32767
2643 -4976 -1062 -21540 4549 32767
2381 -5024 -1151 -17508 2636 32767
2067 -4863 -748 -14343 2877 32767
2003 -4791 -280 -14034 4385 32767
2059 -4752 179 -16748 8494 32767
2111 -4697 560 -20005 11785 32767
2344 -4742 697 -24794 16381 32767
2657 -5019 448 -26935 18484 32767
2762 -5232 170 -27694 18886 32767
2825 -5500 -219 -26718 17035 32767
2729 -5475 -241 -24715 13653 32767
2432 -5351 55 -24216 12565 32767
2227 -5197 473 -25117 13401 31846
2240 -5120 675 -27845 15735 27104
2323 -5158 758 -29936 17649 24632
2429 -5244 702 -32714 20049 22391
2568 -5434 506 -32768 20388 21853
2730 -5466 291 -32768 18893 22495
2865 -5219 155 -31699 15085 23712
2766 -4958 220 -30379 13057 23681
2600 -4733 322 -29091 11948 21470
2430 -4356 485 -28706 12464 17297
2356 -4054 632 -28997 13540 14007
2403 -3965 745 -30351 15291 9774
2612 -3775 853 -31493 16076 8122
2852 -3543 816 -32586 17243 7711
3043 -3283 648 -28305 15653 9755
3004 -2139 115 -24054 9146 9777
2953 -1684 260 -21512 4461 8847
3078 -1318 598 -19439 108 6447
3698 -767 1188 -19580 1585 4301
4319 -378 1587 -20416 5683 3119
4660 -217 1725 -21464 13023 1224
4734 -251 1735 -21413 16639 -452
4771 -435 1848 -20172 18982 -3427
5142 -380 2400 -18600 19496 -5366
5513 -223 3374 -18165 17014 -6290
5692 -335 4072 -18210 8070 -8807
6121 -1114 5347 -18633 800 -11870
6833 -1993 6667 -20786 -2114 -18378
8748 -4475 9717 -23294 5860 -27310
9567 -6970 10117 -20408 9973 -32768
10096 -9504 9533 -239 10976 -32768
13123 -15184 6535 24329 14462 -32768
14717 -17208 6233 32767 32767 -32768
15839 -18845 6132 32767 32767 -32768
15166 -20703 5188 32767 32767 -32768
14499 -22050 1675 32767 32767 -32768
15195 -22699 -888 32767 32767 -32768
16375 -23297 -3652 1407 -6033 -32768
16974 -21671 -9430 32767 15805 -32768
15807 -22216 -12375 32767 8025 -32768
15724 -22025 -11643 32767 -7585 -32768
13748 -21861 -12108 32767 -12175 -32768
11058 -20530 -11936 32767 -7920 -32768
8272 -19477 -11606 24592 3600 -32768
4111 -18437 -10559 10558 12714 -32768
1663 -18131 -9284 2453 18322 -32768
46 -17166 -8010 -6967 28882 -32768
-1018 -14940 -6034 -11993 32767 -32768
-2095 -13343 -4859 -18591 32767 -32768
-4084 -10765 -4132 -21035 32767 -32768
-5481 -8545 -4110 -20509 32767 -30765
-5783 -7382 -3963 -16696 29096 -20945
-5405 -5832 -3414 -13737 26150 -14300
-4774 -4590 -2901 -9766 26278 -4109
-4301 -3889 -2764 -6016 26288 5512
-3799 -2971 -2821 -1416 25206 12821
-3294 -2221 -2858 1836 22972 16586
-3059 -1838 -2859 5740 15746 20311
-2571 -1036 -2363 6970 5497 21106
-2176 -819 -2095 6524 1158 20617
-1591 -719 -1859 4797 -92 20578
-536 -660 -1699 3664 1491 21981
90 -607 -1682 2684 5215 25993
664 -509 -1804 2946 9327 30202
888 -501 -1917 3484 11267 32438
897 -593 -1961 4302 11568 32767
837 -827 -2091 4887 9398 32767
866 -888 -2245 6317 2568 32767
1041 -742 -2168 6876 -2547 32767
1312 -464 -1859 6350 -6872 32767
1482 -264 -1612 4217 -5185 32767
1524 -190 -1458 1991 -1702 32767
1396 -35 -1528 -1452 5078 32767
1218 -116 -1564 -5027 10630 32767
1167 -547 -1691 -7287 12511 32767
1374 -832 -1836 -10191 11351 32767
1595 -1112 -1744 -12340 7200 32767
1720 -1045 -1541 -15446 -2363 32767
1932 -856 -1434 -16576 -7978 32767
1810 -951 -1360 -16799 -11972 32767
1679 -1308 -1516 -15366 -9820 32767
1717 -1814 -1766 -13577 -5658 32767
1738 -2306 -2012 -10482 1359 32767
1777 -2746 -2135 -7948 4874 32767
1790 -2604 -1982 -7132 4650 32767
1641 -2616 -1532 -7918 2414 32767
1513 -2709 -1197 -11195 1198 32767
1393 -2845 -707 -14349 1797 32767
1323 -3000 -441 -19744 4470 32767
1209 -3480 -307 -24698 9203 32767
1031 -4088 -350 -27366 12471 32767
976 -4423 -459 -29454 14616 32767
1143 -4842 -777 -28603 13033 32767
1318 -5039 -803 -26654 10848 32767
1594 -5206 -726 -22941 8722 32767
2092 -5317 -361 -19899 11725 32767
1994 -5280 36 -19487 15728 32767
1777 -5315 293 -21161 21475 32767
1590 -5283 431 -23131 23317 32767
1630 -5206 502 -26152 21439 32767
1890 -5091 491 -27867 16096 32767
2023 -5056 428 -28116 13101 32767
2129 -4971 351 -27398 12636 32767
2262 -4871 299 -26642 14700 32767
2370 -4787 301 -26017 19174 30832
2380 -4669 397 -26191 22243 28675
2220 -4611 623 -27692 26370 25196
2208 -4523 765 -29488 28190 23116
2246 -4410 663 -32186 28561 20951
2249 -4328 326 -32768 25315 19556
2202 -4371 78 -32567 19753 18059
2185 -4350 -64 -31196 15794 16957
2306 -4087 27 -28940 11345 15422
2405 -3839 158 -27785 9651 14392
2455 -3555 345 -27000 8666 12599
2400 -3151 622 -27349 9390 10137
2417 -2864 828 -28040 10493 8491
2529 -2741 856 -28997 12720 6734
2694 -2599 660 -28926 14146 6174
2747 -2527 450 -27259 14432 6258
2778 -2345 200 -23842 10053 6870
2825 -2273 37 -20904 5066 7231
2852 -2204 46 -16240 -1137 6923
3051 -1822 303 -13686 -2459 6061
3400 -1504 693 -11601 533 4078
3679 -1336 907 -11653 8009 2084
4177 -1104 1065 -12330 12962 1167
4335 -973 1023 -13052 17164 -255
4482 -856 891 -12794 16617 -1633
4499 -726 1010 -11628 12836 -4587
4917 -327 1681 -10664 9642 -6824
5098 -300 1916 -9937 5845 -10065
5697 -684 3071 -11664 4737 -13822
6747 -2010 4580 -14292 6611 -16705
7284 -3210 5966 -20959 10430 -23144
7703 -5320 8197 -26093 9303 -29769
8158 -7111 9284 -27757 -71 -32768
10162 -10632 8389 -17275 2809 -32768
11937 -13774 6221 22522 26525 -32768
14282 -17167 3429 32767 32767 -32768
13897 -19120 3542 32767 32767 -32768
13478 -19889 3769 32767 32767 -32768
13582 -21418 1356 32767 32767 -32768
14356 -21793 -1404 32767 32767 -32768
13849 -17133 -8454 32767 32767 -32768
15796 -22950 -12624 32767 32767 -32768
16145 -20833 -13121 32767 31295 -32768
14027 -20266 -14327 32767 18909 -32768
13165 -18899 -14074 32767 8163 -32768
9627 -16994 -13361 32767 11336 -32768
6406 -15522 -12608 32767 20260 -32768
4497 -14876 -11457 27692 23276 -32768
2346 -14731 -9851 15212 25048 -32768
-229 -14040 -7340 7670 26861 -32768
-1086 -12921 -6310 91 29139 -32768
-1835 -11550 -4779 -5841 28100 -32768
-2669 -9932 -3674 -8956 27809 -32768
-3224 -8827 -3338 -11123 29191 -25125
-3901 -7262 -2944 -11002 28755 -14608
-4040 -6333 -2836 -9722 26926 -9010
-3942 -5181 -2808 -6553 22070 -1651
-3565 -4127 -2524 -3696 16912 5062
-2983 -3228 -2201 -2327 15258 9292
-2592 -2590 -1988 -1463 14906 15110
-2131 -1479 -1723 -2333 14615 18995
-1936 -1120 -1754 -3310 13302 20526
-1672 -856 -1861 -4009 9688 22220
-1245 -628 -2061 -3594 6705 23315
-691 -475 -2211 -1707 3134 25429
-302 -367 -2253 1143 2081 28297
148 -319 -2264 3171 3065 30363
594 -180 -2374 6157 5768 32767
887 -85 -2426 8040 7462 32767
1032 90 -2339 7945 6954 32767
892 168 -2203 5144 3462 32767
642 89 -2024 -46 -2301 32767
922 -335 -1889 -4073 -5656 32767
1341 -692 -1756 -9911 -8226 32767
2050 -940 -1687 -13698 -7440 32767
2598 -993 -1812 -14571 -5708 32767
2585 -1105 -1980 -13710 -2449 32767
2325 -1343 -2163 -12403 -982 32767
2198 -1452 -2134 -11015 -1114 32767
1984 -1554 -1858 -11558 -2971 32767
1900 -1394 -1376 -13271 -4669 32767
2083 -1210 -1083 -16776 -7596 32767
2365 -1338 -970 -18778 -8309 32767
2703 -1887 -1176 -19832 -7568 32767
2978 -2365 -1540 -19262 -6422 32767
2854 -2319 -1585 -17121 -3465 32767
2618 -2307 -1478 -15329 87 32767
2230 -2234 -1102 -14914 2363 32767
1992 -2215 -814 -15922 4977 32767
1724 -2250 -306 -17660 5788 32767
1703 -2366 -70 -21095 6380 32554
1885 -2622 99 -23332 6574 32767
2247 -2965 -8 -25361 6264 32767
2442 -3404 -299 -24903 6598 32767
2206 -3437 -577 -23274 6835 32767
1913 -3345 -608 -20160 6044 32767
1504 -3373 -417 -17921 4444 32767
1426 -3491 15 -17584 3576 32513
1526 -3571 314 -18781 3354 31494
1795 -3725 536 -20112 4114 31823
2048 -3919 483 -21810 6407 32767
2363 -4229 209 -22211 7810 32767
2348 -4227 21 -21420 8505 32767
2065 -4030 -108 -20318 8207 32767
1771 -3902 -14 -18705 7456 32767
1589 -3778 183 -18029 7190 32470
1580 -3760 250 -18096 7888 29128
1690 -3820 416 -19487 10203 26837
2088 -3974 415 -20873 11996 26424
2269 -4041 309 -23028 14231 26585
2184 -4003 239 -24845 14901 26008
1914 -3835 136 -25627 14399 24854
1759 -3689 82 -25907 12619 22265
1579 -3600 59 -25699 11264 20218
1664 -3850 60 -25207 10223 17527
1862 -4056 57 -24887 10591 16222
2300 -4311 -17 -24772 11267 16412
2591 -4381 -88 -24686 11903 17914
2756 -4143 -142 -24752 12053 18782
2641 -3642 -110 -25036 12367 18757
2483 -3237 -108 -25378 12920 17570
2470 -3139 -122 -25768 13575 14871
2649 -2877 -146 -25766 13582 12620
2921 -2704 -193 -25345 13658 11815
3368 -2417 -267 -24125 14532 11526
3693 -2047 -237 -23083 15641 11421
3744 -1643 -170 -21466 16972 10523
3803 -1376 -10 -20154 15823 8566
4292 -1104 431 -19886 14156 7200
4740 -880 969 -21048 13083 5329
5560 -303 1846 -22652 13606 4189
5979 230 2631 -25359 14712 1183
6153 358 3360 -26646 14973 -2491
6280 289 3630 -26798 15296 -9400
7005 -64 5201 -27157 14183 -15644
7992 -1281 7344 -28165 10743 -19308
8394 -2438 8581 -28209 3971 -26437
8925 -5261 9320 -23516 -2483 -32768
9513 -7885 9001 -2933 -6714 -32768
11556 -11565 8723 28864 9306 -32768
13882 -15345 9497 32767 29090 -32768
14270 -17563 9287 32767 32767 -32768
13136 -21311 5861 32767 32767 -32768
13554 -22223 3605 32767 32767 -32768
14953 -22920 1863 32767 32736 -32768
18411 -25250 -2528 32767 32767 -32768
17769 -23580 -6536 32767 32767 -32768
17849 -27954 -10960 32767 32767 -32768
17999 -27137 -11844 32767 32767 -32768
17091 -25226 -11173 32767 12223 -32768
15031 -22557 -11395 32767 6604 -32768
13413 -21387 -12040 32767 3163 -32768
10632 -19942 -12240 32767 3965 -32768
7709 -19071 -10228 21044 7250 -32768
5713 -18538 -8820 2144 20019 -32768
3205 -16864 -7934 -4176 28255 -32768
1744 -15634 -7505 -6591 29748 -32768
-1438 -14430 -6620 -5564 26789 -32768
-4065 -11648 -5227 -3819 20353 -32768
-4711 -10483 -4381 -3198 17432 -32768
-5032 -9240 -3654 -2985 18385 -16056
-5090 -7242 -2726 -3884 20542 -6281
-4985 -6055 -2334 -6251 23649 4617
-4610 -4494 -2256 -8055 24447 12041
-4148 -3247 -2368 -8761 22101 15729
-3691 -2618 -2399 -9331 14858 20303
-2541 -1788 -2196 -9445 8065 24122
-2212 -1643 -2147 -9013 5654 26632
-1196 -1284 -2025 -7641 5381 31061
-335 -1018 -1791 -6499 5968 32767
73 -762 -1727 -3980 5777 32767
358 -291 -1713 -553 3504 32767
175 1 -1624 1573 1608 32767
97 11 -1534 3462 -430 32767
451 -160 -1541 3841 -634 32767
905 -368 -1568 3108 836 32767
1580 -625 -1634 989 3662 32767
1859 -716 -1665 -926 5326 32767
1961 -569 -1716 -3807 4856 32767
1696 -383 -1909 -5043 2547 32767
1356 -361 -1960 -5985 -2971 32767
1082 -460 -1872 -6670 -8725 32767
1442 -821 -1652 -7622 -11344 32767
2044 -1249 -1594 -9725 -11821 32767
2728 -1639 -1545 -12332 -6418 32767
2831 -1436 -1552 -14103 -1069 32767
2610 -1190 -1552 -16695 4325 32767
2066 -1048 -1587 -18139 4089 32767
1684 -1109 -1567 -19671 -634 32767
1611 -1583 -1378 -20277 -4871 32767
1820 -1773 -1363 -20195 -10084 32767
2569 -2460 -1413 -18667 -12092 32767
3293 -3058 -1501 -16880 -11845 32767
3402 -3073 -1485 -13624 -8846 32767
3176 -3035 -1222 -11795 -5150 32767
2762 -2837 -796 -10602 678 32767
2431 -2679 -465 -11692 4817 32767
2051 -2503 -113 -13295 6186 32767
1922 -2474 -7 -16100 6905 32767
2125 -2830 -102 -17659 7183 32767
2505 -3340 -332 -18957 8245 32767
2608 -3569 -451 -19016 10250 32767
2506 -3779 -489 -18513 11504 32767
2340 -3879 -405 -17798 12282 32767
2109 -3916 -136 -17755 11993 32767
2051 -3907 79 -18501 10845 32767
2039 -3828 320 -19457 10238 32767
2041 -3771 410 -21115 10102 32767
2161 -3811 352 -22329 10777 32767
2143 -3903 178 -22631 11344 32767
2014 -3885 170 -22524 11754 31348
1910 -3888 270 -22571 12159 28643
1866 -3875 507 -23162 12237 26368
1942 -3786 698 -23871 12443 25367
2032 -3766 766 -25017 13337 24554
2222 -3737 621 -25456 14323 24387
2241 -3734 456 -25416 16170 23869
2127 -3707 316 -25194 17345 23002
2031 -3674 273 -24996 18413 21014
1804 -3619 183 -24848 18019 19333
1716 -3604 94 -24284 15187 16995
1702 -3490 -74 -23198 11329 15616
1812 -3402 -150 -22362 9195 15290
1953 -3342 -164 -21427 7438 15551
2119 -3174 -28 -21348 7393 15970
2175 -3047 31 -21815 8092 15994
2229 -2975 -11 -22738 10114 15440
2345 -2897 -176 -23122 11902 14792
2472 -2808 -241 -23337 14062 13819
2725 -2728 -191 -23399 15121 13253
2884 -2743 -100 -23739 15914 12416
3207 -2559 -175 -23619 15850 11918
3437 -2324 -207 -22839 14341 11236
3698 -2057 -83 -22290 12716 10427
3837 -1886 60 -21706 10381 8456
4556 -1525 563 -21620 8776 6864
4998 -1216 901 -21812 8872 4183
5457 -834 1202 -21965 14753 1100
6182 -468 2110 -22646 20784 -1314
6448 -429 2941 -25210 27042 -6367
6518 -1041 4981 -27318 22807 -11014
6584 -1719 6353 -30376 5176 -20223
6810 -2785 7789 -31922 -11854 -32768
8808 -5934 9526 -27021 -14621 -32768
12172 -9205 10296 -15651 -3482 -32768
14032 -12167 9290 18434 31534 -32768
15042 -16132 6672 32767 32767 -32768
14096 -18542 5560 32767 32767 -32768
13343 -19745 5351 32767 32767 -32768
13720 -20541 4188 32767 32767 -32768
14784 -21485 2072 32767 32767 -32768
15113 -18994 -6334 32767 32767 -32768
17658 -22358 -7094 32767 32767 -32768
17644 -23733 -11860 32767 32767 -32768
16167 -22791 -12103 32767 32767 -32768
14587 -20856 -12155 32767 14942 -32768
11987 -18351 -12750 32767 2769 -32768
10516 -16764 -12775 32767 56 -32768
7973 -14911 -11016 19969 7590 -32768
6221 -14994 -10033 8354 16394 -32768
4239 -15189 -8932 -6163 22645 -32768
1106 -13943 -7469 -12641 24863 -32768
-238 -13176 -6784 -12052 27428 -32768
-1152 -12356 -5631 -9214 28710 -32768
-2416 -10633 -4157 -6823 29698 -31456
-3341 -9436 -3365 -5856 31032 -18654
-4360 -7571 -2723 -4298 32767 -4629
-4796 -5864 -2636 -3230 32767 1090
-4781 -4391 -2714 -2232 32767 5953
-4535 -3618 -2783 -2833 26299 9240
-3583 -2381 -2629 -4760 15429 12879
-2986 -1863 -2475 -6105 9514 15545
-2423 -1482 -2401 -6687 5334 19456
-1379 -1090 -2650 -5561 4680 22084
-1161 -1038 -2736 -1642 4202 26226
-616 -881 -2821 3336 3599 30477
-151 -760 -2635 6265 3493 32767
100 -643 -2398 9086 4222 32767
432 -318 -2113 9559 4270 32767
561 10 -1881 8065 1709 32767
621 218 -1721 5895 -1641 32767
621 341 -1614 1889 -6523 32767
769 47 -1725 -470 -8145 32767
1059 -517 -1800 -3068 -7455 32675
1353 -715 -1835 -4157 -3682 31420
1977 -815 -2118 -3483 1682 32767
2108 -763 -2265 -2357 5488 32767
2123 -653 -2299 -957 8759 32767
1847 -528 -2305 -628 8466 32767
1536 -467 -2183 -2141 3158 32767
1287 -508 -1795 -4955 -2742 32767
1368 -644 -1429 -11304 -10677 32767
1981 -864 -1117 -18004 -12413 32767
2713 -864 -945 -21465 -10034 32767
2884 -782 -1133 -23893 -3521 32767
2649 -842 -1536 -22347 4109 32767
2080 -1149 -2053 -19863 7627 32767
1950 -1504 -2127 -16018 7016 32767
2129 -1805 -1977 -13793 -651 32767
2601 -1940 -1383 -13602 -7440 32767
2928 -1879 -741 -14950 -13847 32767
2856 -1725 -263 -17367 -13795 32767
2635 -1646 -186 -18836 -10954 32767
2367 -1637 -301 -19618 -4109 32767
1942 -1746 -679 -18301 1985 32767
1863 -2068 -974 -16698 3828 31405
2105 -2502 -1024 -14540 2983 31468
2660 -3159 -892 -13581 841 32767
2769 -3238 -832 -12933 -2949 32767
2938 -3265 -569 -13030 -6292 32767
2698 -3162 -376 -13243 -7041 32767
2403 -3042 -311 -13480 -5460 32767
2026 -2926 -188 -13726 -3105 32767
1876 -3012 2 -14782 1767 31536
2123 -3207 190 -15968 5325 29694
2289 -3313 195 -17903 10024 29581
2794 -3717 115 -18979 12224 30940
2914 -3769 -22 -19996 13259 32767
2533 -3556 -147 -19947 11202 32767
2328 -3503 -167 -19434 8949 32767
1789 -3392 -213 -18104 6513 30627
1558 -3259 -179 -17116 6382 27553
1534 -3241 -126 -16174 8762 23432
1658 -3338 -3 -16457 12776 21222
1815 -3440 19 -17610 16033 21062
1801 -3495 -34 -19280 16918 21945
1663 -3433 -114 -20227 16001 22520
1476 -3399 -253 -21204 12724 22867
1369 -3409 -331 -21372 8971 22350
1416 -3424 -425 -21045 7522 21795
1547 -3462 -430 -20494 7369 21098
1808 -3620 -436 -20241 9935 20703
2224 -3767 -514 -20351 12851 20749
2410 -3788 -541 -21129 17842 20828
2584 -3527 -616 -21909 20473 20670
2534 -3293 -629 -23390 20140 19467
2643 -3133 -558 -24746 15949 17747
3149 -2911 -550 -25125 13462 16850
3610 -2746 -495 -25129 11684 15919
4319 -2348 -269 -25046 12785 15194
4651 -2098 -74 -25353 17805 12909
5023 -1816 338 -26063 21335 10091
5402 -1421 820 -27959 24256 5471
6339 -593 2169 -32210 25467 1731
7173 80 4316 -32768 25236 -938
7233 215 5589 -32768 15387 -8226
6513 -598 7230 -32768 1268 -16814
6705 -2277 8581 -32768 -18422 -32609
9754 -5745 10612 -32768 -17563 -32768
12503 -8604 11485 -22169 9296 -32768
15130 -13294 10609 17586 32767 -32768
14809 -17158 7996 32767 32767 -32768
13396 -18249 7377 32767 32767 -32768
12865 -18860 7089 32767 32767 -32768
13975 -20212 4686 32767 32767 -32768
17021 -22105 298 32767 32767 -32768
15123 -16666 -3924 32767 23459 -32768
20232 -24504 -10709 32767 32767 -32768
19215 -24556 -14131 32767 32767 -32768
17141 -23457 -12924 32767 32767 -32768
16949 -22358 -12558 32767 16506 -32768
15754 -20234 -12706 32767 12289 -32768
13875 -18880 -12851 32767 13056 -32768
10599 -17674 -12264 29965 5838 -32768
7918 -17249 -10451 15328 386 -32768
6078 -17557 -8848 -3208 6334 -32768
2873 -16547 -6962 -8960 16310 -32768
1929 -16323 -6592 -9047 26733 -32768
-241 -14948 -5167 -7011 26568 -32768
-2083 -12715 -3762 -6431 23566 -32768
-3956 -10603 -2471 -7106 19522 -27996
-4695 -8997 -2044 -7081 19570 -13021
-5178 -7095 -1971 -5761 19528 -3421
-4639 -5209 -2513 -4208 19482 1740
-4410 -4794 -2560 -2517 19800 9209
-3646 -3614 -2508 -2801 20560 16743
-2930 -2661 -2404 -3844 21192 21476
-2555 -2070 -2516 -5021 19286 27744
-2207 -1350 -2689 -4424 13368 32147
-1771 -939 -2731 -2971 8903 32767
-1349 -695 -2594 -390 3297 32767
-786 -379 -2216 853 950 32767
-368 -271 -1998 1345 -167 32767
274 -317 -1833 810 395 32767
676 -392 -1709 -1306 2252 32767
1317 -270 -1540 -4280 4417 32767
1345 -233 -1547 -6163 4814 32767
1210 -217 -1595 -7878 1092 32767
1104 -185 -1875 -6950 -5289 32767
1176 -320 -1959 -5096 -8638 32767
1426 -487 -1977 -1873 -10153 32767
1822 -563 -1689 -667 -7278 32767
2031 -615 -1352 -1385 -4054 32767
1985 -500 -1319 -3637 -123 32767
1650 -408 -1458 -5362 576 32767
1379 -509 -1749 -7460 -1286 32767
1330 -687 -1879 -8856 -5303 32767
1417 -848 -1849 -9525 -7642 32767
1960 -1239 -1745 -10121 -8168 32767
2225 -1419 -1572 -10442 -6924 32767
2318 -1478 -1327 -10762 -4204 32767
2001 -1508 -1368 -10405 -2888 32767
1673 -1557 -1484 -9104 -2284 32767
1252 -1798 -1690 -8010 -1999 32767
1290 -2127 -1691 -7317 -1572 32767
1880 -2826 -1380 -8066 -1350 32767
2332 -3222 -1124 -10656 -238 32767
2731 -3462 -840 -13776 2452 32767
2676 -3443 -630 -15822 4463 32767
2260 -3459 -461 -18120 7280 32767
1769 -3544 -510 -18807 8773 32767
1539 -3651 -577 -18707 10141 32767
1486 -4097 -564 -18464 10883 32767
1859 -4581 -528 -18412 11229 32767
2383 -5016 -344 -18717 11093 32767
2582 -5118 -329 -18902 10540 32767
2639 -5019 -285 -18684 9501 32767
2402 -4809 -177 -18423 9369 32767
2233 -4674 -161 -18022 11086 32767
2097 -4493 -83 -18092 12970 32767
1972 -4291 132 -19308 15787 32767
1992 -4397 413 -20959 17022 32767
2100 -4569 581 -24310 17372 32767
2324 -4763 711 -27887 16003 32767
2460 -4878 673 -29751 14707 32767
2451 -4882 571 -31236 13648 31707
2395 -4731 458 -31469 13929 30329
2328 -4628 398 -30932 15764 27530
2175 -4482 307 -29856 18429 24126
2070 -4397 230 -29010 19855 21939
2111 -4356 103 -27494 21443 19704
2288 -4211 -152 -26289 22549 19042
2466 -4152 -241 -24900 24218 19322
2748 -3856 -328 -24600 24893 19682
2696 -3820 -380 -24991 24082 18721
2474 -3770 -431 -26551 19910 15304
2514 -3533 -236 -28165 15869 12493
2855 -3337 -35 -31125 10716 9377
3881 -3170 226 -32768 10046 8608
4684 -3020 372 -32768 12829 9005
5477 -2744 555 -32768 21282 8501
5836 -1909 843 -32768 28192 6834
5977 -1629 1119 -32111 32767 3253
6507 -1021 2747 -32768 32767 -1484
6536 -637 4392 -32768 25976 -6222
6004 -902 5442 -32768 4286 -18062
6207 -2155 7553 -32768 -16570 -32125
7673 -3541 9150 -32768 -17556 -32768
10696 -6817 11013 -25319 4408 -32768
13030 -10350 11228 -2030 30751 -32768
13008 -14492 9200 21980 32767 -32768
12580 -17255 7157 32767 32767 -32768
13038 -18524 6565 32767 32767 -32768
14045 -20417 5310 32767 32767 -32768
14647 -21725 3167 32767 32767 -32768
16338 -23264 -1133 32767 32767 -32768
17441 -20976 -6189 32767 32767 -32768
17813 -24897 -10035 32767 32767 -32768
18093 -24236 -11425 32767 32767 -32768
17464 -23313 -12059 32767 30481 -32768
16554 -22117 -12885 32767 18194 -32768
13107 -19204 -13668 32767 20045 -32768
12249 -18738 -13755 32767 22463 -32768
9556 -17754 -13442 25011 19310 -32768
5991 -16942 -11482 14846 18151 -32768
2648 -16813 -9233 -59 20380 -32768
1075 -15539 -8219 -7773 23503 -32768
-989 -13742 -6821 -9468 23898 -32768
-1810 -12751 -5741 -10874 18395 -32768
-3161 -11194 -4373 -11163 16053 -32768
-4530 -9693 -3270 -10046 19673 -24000
-4780 -7882 -2873 -7068 24575 -6341
-4764 -6807 -2693 -5259 26307 3002
-4555 -5203 -2488 -4455 26279 13118
-4427 -4270 -2401 -6160 21863 18827
-4000 -3222 -2586 -7418 16246 21169
-3285 -2417 -2539 -8394 4803 24041
-2747 -2032 -2481 -7334 -3232 26563
-1877 -1649 -2342 -5425 -5316 28364
-1300 -1537 -2348 -990 -4867 31688
-416 -1319 -2270 2470 -3297 32767
-97 -1147 -2130 7170 -977 32767
129 -960 -1959 9325 666 32767
243 -731 -1611 8641 569 32767
409 -683 -1587 5741 -907 32767
791 -679 -1697 2240 -2974 32767
1127 -633 -1804 -348 -5464 32767
1356 -768 -1809 -1234 -7355 32767
1307 -966 -1777 -1057 -8570 32767
1472 -1502 -1973 92 -6898 32767
1932 -1879 -2091 2234 -1307 32767
2690 -1904 -2064 2488 5869 32767
2762 -1625 -1877 666 9628 32767
2484 -1416 -1737 -4721 9952 32767
1920 -988 -1442 -11480 2597 32767
1495 -943 -1119 -15456 -4382 32767
1705 -1563 -1206 -18245 -12611 32767
2815 -2790 -1747 -17258 -14619 32767
3336 -3245 -1988 -12783 -10572 32767
3664 -3088 -1815 -9367 -3880 32767
3518 -2707 -1413 -6556 6696 32767
3271 -2159 -1066 -6717 12289 32767
2549 -1498 -709 -7835 11881 32767
1722 -1379 -735 -9634 6757 32767
1766 -1753 -916 -10685 15 32767
2238 -2536 -956 -11356 -3736 32767
2671 -2932 -848 -12486 -4446 32767
2861 -3028 -663 -14271 377 32767
2773 -3025 -384 -15870 5258 32767
2507 -2971 -282 -18379 12069 32767
2246 -2948 -246 -20733 15883 32767
1791 -3117 -254 -22006 16618 32767
1658 -3357 -381 -22690 15931 32767
1829 -3776 -670 -22063 14140 32767
2161 -4200 -677 -20340 9932 32767
2252 -4298 -502 -18934 7275 32767
2308 -4304 -29 -19126 7906 32767
2336 -4160 470 -20276 9861 32767
2350 -4011 646 -22744 13960 32767
2373 -3914 628 -24970 18658 32767
2286 -4011 326 -25767 21066 32767
2238 -4110 78 -25434 21046 31430
2179 -4121 -249 -24198 18416 29548
2023 -3950 -344 -21684 12708 26728
1905 -3815 -241 -19926 8409 23563
1852 -3613 18 -19708 7758 21490
1943 -3563 207 -20810 10880 19284
2216 -3594 319 -22319 14842 18603
2460 -3608 208 -24915 21023 18577
2427 -3607 -155 -26793 24825 18549
2149 -3664 -386 -27488 23479 16925
1787 -3796 -695 -27229 19222 15100
1762 -3852 -769 -26326 10374 12501
2108 -3810 -389 -26144 4191 10727
2360 -3688 -79 -26894 3008 10049
2611 -3491 190 -28984 4934 9610
2797 -3137 382 -31147 9436 8997
2775 -2870 307 -31990 12666 8173
2773 -2731 154 -31692 16222 6517
2715 -2446 -86 -30226 17018 5308
2658 -2295 -217 -26441 14794 3429
2580 -2037 -61 -23798 11594 2222
2708 -1609 254 -20537 6933 635
2901 -1251 485 -18924 5384 -83
3254 -731 1025 -17829 5567 -760
3494 -567 1360 -17890 8792 -1306
3794 -557 1635 -17570 11990 -2036
4085 -475 1735 -16593 12367 -2506
4392 -186 1979 -14130 10599 -3297
4857 122 2794 -12582 9040 -3949
5067 133 3193 -11680 8960 -5558
5828 -83 4591 -12909 15083 -8268
6562 -959 5996 -14382 21243 -10901
6934 -3360 7057 -16175 21993 -16746
7065 -5238 7737 -15265 6152 -25673
7648 -7636 8838 -11783 -4467 -32768
9203 -9943 9088 2373 -4051 -32768
11841 -13552 7332 32767 20897 -32768
13796 -17103 4419 32767 32767 -32768
14667 -19332 2953 32767 32767 -32768
14560 -19890 3102 32767 32767 -32768
14918 -20802 1066 32767 32767 -32768
16340 -22855 -4009 32767 32767 -32768
18208 -21003 -5277 32767 32767 -32768
17370 -24714 -13296 32767 32767 -32768
17690 -23840 -12207 32767 32767 -32768
15412 -22746 -11469 32767 32767 -32768
13991 -21899 -11939 32767 16435 -32768
11650 -20147 -13097 32767 6364 -32768
8543 -18369 -12744 32767 7794 -32768
6697 -17450 -11326 20781 10994 -32768
3792 -16679 -9090 7333 12693 -32768
1995 -15218 -7853 -5895 16198 -32768
829 -14424 -7076 -9351 20941 -32768
-1542 -13593 -5743 -8697 24450 -32768
-2861 -12525 -5316 -5238 28807 -32768
-4150 -10792 -4273 -3294 27958 -25550
-5153 -9044 -3512 -3052 27650 -13952
-5369 -7663 -3076 -4489 25691 -436
-5358 -5944 -2702 -6502 23610 5585
-4890 -4541 -2591 -9889 19783 11651
-3875 -3492 -2673 -11905 14434 17332
-3172 -3021 -2646 -12043 8488 23379
-2259 -2289 -2504 -9769 3117 29060
-1494 -1566 -2423 -6758 1065 32314
-1080 -1317 -2485 -498 521 32767
-414 -852 -2507 5814 612 32767
72 -443 -2227 8468 969 32767
275 -339 -2017 9086 1992 32767
468 -88 -1775 5891 1371 32767
565 0 -1720 2656 -128 32767
835 88 -1778 -1678 -3268 32767
1372 -39 -1822 -3641 -5642 32767
1576 -209 -1875 -4415 -7215 32767
1740 -481 -1936 -3680 -7013 32767
1678 -701 -1942 -1605 -5336 32767
1719 -788 -1933 293 -2270 32767
1903 -806 -1851 76 -1375 32767
2025 -643 -1625 -1736 -3755 32767
1925 -562 -1471 -6138 -9168 32767
1773 -755 -1298 -9601 -11615 32767
1878 -999 -1286 -14436 -10828 32767
2100 -1338 -1386 -17068 -5254 32767
2715 -2428 -1963 -17100 -1243 32767
2768 -2600 -2055 -15214 2613 32767
2803 -2604 -2070 -12553 2978 32767
2546 -2404 -1724 -11329 1416 32767
2221 -2297 -1439 -10818 -2445 32767
1842 -2160 -1050 -11482 -5753 32767
1840 -2190 -728 -12879 -5548 32767
2106 -2457 -511 -14193 -2702 32767
2249 -2723 -460 -16514 5061 32767
2284 -3004 -452 -18405 12586 32767
2095 -3179 -545 -19387 14422 32767
1948 -3247 -530 -19542 10060 32767
2017 -3366 -439 -19244 5966 32767
2377 -3556 -391 -18295 1496 32767
2704 -3688 -264 -17605 1208 32767
2654 -3681 -111 -17236 4446 32767
2501 -3745 1 -18131 9647 32767
2292 -3857 63 -19074 12487 32767
2253 -3867 60 -20353 13437 32767
2196 -3797 -13 -20770 12231 32285
2089 -3804 -56 -20807 9664 30506
2015 -3831 -19 -20860 8258 29712
2073 -3937 85 -21361 8298 29255
2207 -4138 127 -22107 10007 29257
2421 -4538 167 -23724 13241 29423
2520 -4607 124 -24810 15145 29495
2298 -4365 21 -25989 16377 28724
2047 -4323 -18 -26684 15339 26265
1823 -4264 95 -27011 13743 24230
1907 -4239 218 -27687 10944 21741
2080 -4248 307 -28642 9068 20440
2326 -4224 404 -29272 8639 20043
2480 -4096 435 -29888 9215 19627
2482 -3955 414 -29803 10807 18719
2430 -3696 299 -29137 12042 17870
2449 -3537 222 -27396 13290 16602
2667 -3278 71 -25925 14025 15967
2763 -3151 44 -23993 15616 15034
2829 -2956 51 -22750 16483 13881
2963 -2455 -32 -22058 15695 13119
3062 -2135 -132 -20770 12939 11786
3289 -1862 -166 -19912 11094 10586
3495 -1765 -87 -19103 10110 8234
3935 -1372 198 -19054 10647 6825
4800 -475 665 -19862 13154 5421
5212 -99 951 -20490 15170 5087
5517 184 1324 -21921 18071 3755
6047 249 2245 -23416 18996 1943
6339 -119 2992 -26400 17258 -2915
6880 -809 5150 -29959 6730 -10121
7354 -1470 6424 -32192 -4186 -16006
7834 -3051 7767 -32768 -10958 -28367
9218 -5506 10055 -31458 -6310 -32768
10667 -7898 10653 -16705 3738 -32768
11933 -11509 9484 3779 15300 -32768
12644 -13853 8309 32767 30584 -32768
13700 -16753 6946 32767 32767 -32768
13752 -18259 6144 32767 32767 -32768
13818 -19381 4723 32767 32767 -32768
14542 -20248 1284 32767 32767 -32768
16028 -21080 -1222 32767 32767 -32768
18770 -21174 -3093 -10702 -32768 -32768
18092 -21571 -9712 32767 32767 -32768
16070 -21126 -13534 32767 -1439 -32768
15969 -20692 -12671 32767 -10208 -32768
15454 -20037 -12153 32767 -2786 -32768
12472 -19707 -12710 31729 2666 -32768
10311 -19231 -13165 13009 5211 -32768
6603 -18405 -12111 4947 7465 -32768
4341 -18296 -10379 -5490 15182 -32768
2077 -17800 -8860 -13099 26340 -32768
-486 -16095 -7372 -14757 31680 -32768
-1747 -15077 -5984 -16090 32767 -32768
-3361 -12932 -4409 -15969 32767 -32768
-4664 -10513 -3318 -15276 32767 -30042
-5821 -8496 -2783 -14478 32767 -20122
-6269 -6573 -2904 -11634 32767 -8506
-6088 -5610 -2998 -8385 32767 1428
-5328 -4254 -2963 -6921 29370 10833
-4513 -3052 -2713 -7132 26306 15967
-3848 -2060 -2457 -8092 21726 21132
-3336 -1528 -2438 -8021 16633 23956
-2492 -1115 -2491 -7093 13169 25234
-1963 -895 -2450 -5094 7693 26836
-1288 -690 -2272 -3164 2472 27979
-674 -531 -2144 -1120 -404 28745
-165 -506 -2063 411 -819 29176
357 -614 -2163 3301 -13 30129
605 -630 -2233 6557 635 31843
951 -410 -2205 8534 87 32767
1104 -133 -2151 11001 -1328 32767
1182 120 -1957 11645 -2483 32767
1070 156 -1656 10464 -2297 32767
978 126 -1594 7012 394 32767
838 5 -1651 4031 1972 32359
842 -125 -1681 -951 1023 30550
953 -290 -1692 -3993 -1041 30508
1121 -458 -1784 -7185 -3780 32517
1638 -612 -1806 -8728 -5292 32767
2149 -591 -1792 -8963 -4779 32767
2195 -579 -1730 -8860 -1568 32767
1889 -659 -1682 -8833 2249 32767
1560 -715 -1744 -8960 3184 32767
1093 -918 -1675 -9730 1498 32767
1024 -1351 -1480 -10810 -1160 32767
1166 -1618 -1391 -12602 -4574 32767
1938 -2175 -1433 -13417 -5960 32767
2449 -2590 -1425 -13977 -6731 32767
2609 -2794 -1407 -13666 -5164 32767
2318 -2631 -1323 -13167 -2651 32767
1783 -2661 -1208 -13100 -627 32767
1469 -2783 -1130 -13755 3144 32767
1301 -3102 -834 -16050 6741 32767
1381 -3458 -503 -17754 8801 32767
1906 -4679 449 -21145 10744 32767
2051 -4577 522 -24599 11261 32767
2167 -4747 328 -26143 11161 32440
2188 -4911 169 -27076 11155 32204
2228 -5056 149 -27261 11169 32068
2312 -5111 205 -27463 11846 31869
2420 -5071 329 -27769 12923 31640
2471 -4878 329 -28269 14379 31124
2458 -4663 272 -28245 15345 29986
2263 -4424 181 -27820 15922 27688
2098 -4367 195 -27786 15706 25776
2142 -4424 288 -28309 14429 23499
2477 -4475 340 -29024 13147 22791
2820 -4280 291 -29118 12630 22980
2939 -3930 236 -28467 12156 23116
2913 -3752 211 -27197 12202 21976
2774 -3443 135 -26157 12672 20177
2690 -3269 168 -24993 13704 16407
2819 -3128 321 -24753 14590 13946
3077 -2940 431 -25056 16280 11524
3472 -2453 588 -25537 17577 10862
3711 -2195 657 -26317 19010 10557
3860 -1988 514 -26382 19049 10053
3874 -1893 433 -24529 16347 8660
4002 -1638 302 -20984 11353 6481
4346 -1378 530 -18580 9454 4676
4787 -1040 1061 -17086 11671 2127
5608 -367 2499 -18115 15808 473
5761 -213 2784 -21208 19567 -2142
6032 75 3494 -23059 15507 -5961
6404 -504 4044 -22453 12096 -9581
7123 -1391 4810 -20532 12560 -15703
8758 -3662 6485 -19529 12578 -19941
9497 -5870 8360 -17144 9838 -29747
9428 -7593 9388 -9286 3167 -32768
10494 -10821 8691 3911 3442 -32768
12143 -13229 7325 32767 18077 -32768
15184 -16742 5353 32767 32767 -32768
15779 -18039 4814 32767 32767 -32768
15579 -19145 3905 32767 32767 -32768
14000 -20744 730 32767 32767 -32768
13374 -21323 -2275 32767 32767 -32768
13595 -17103 -10399 32767 10497 -32768
16241 -21508 -9251 32767 32767 -32768
16335 -22311 -13462 32767 32767 -32768
15740 -22137 -13687 32767 26559 -32768
12500 -20493 -13281 32767 21035 -32768
8748 -18302 -13433 32767 22898 -32768
6951 -17116 -13412 30179 21041 -32768
4888 -15707 -12033 19268 19873 -32768
3413 -15427 -10358 3502 24844 -32768
1314 -15254 -8280 -6043 32767 -32768
532 -14151 -7777 -6886 32767 -32768
-1639 -12513 -6040 -5835 32767 -32768
-2984 -11271 -5199 -5566 32767 -32768
-4025 -9871 -4406 -7041 32767 -31176
-4972 -8039 -3561 -8892 32767 -22026
-5288 -6900 -3327 -10784 28536 -10133
-5293 -5104 -3150 -10841 22592 -386
-4991 -4304 -2976 -10383 19349 5181
-4541 -3614 -2760 -9756 15751 12497
-3761 -2705 -2393 -9385 12379 18680
-2929 -1967 -2267 -8648 10210 22237
-2356 -1633 -2327 -5959 6263 26747
-1402 -1128 -2378 -3256 3091 29401
-813 -861 -2298 997 -717 32438
-42 -517 -2062 3950 -2386 32767
642 -283 -1894 4813 -2270 32767
936 -174 -1807 4546 -1294 32767
1187 -88 -1848 3847 -815 32651
1329 9 -1977 3232 -178 31362
1409 132 -2222 3323 660 30809
1396 119 -2300 3555 1622 30710
1290 -41 -2275 3394 1175 31556
1234 -79 -2369 3476 541 32767
1172 -100 -2295 3276 -1529 32767
1138 -181 -2089 672 -4724 32767
1093 -281 -1578 -2965 -6921 32767
1195 -416 -1288 -10367 -8459 32767
1415 -844 -995 -17702 -8176 32767
1411 -1123 -1154 -20706 -8559 32767
1356 -1350 -1586 -20295 -9824 32767
1211 -1725 -2230 -15243 -10115 32767
1484 -2321 -2292 -11423 -9669 32767
1896 -2594 -1959 -7986 -6687 32767
2745 -3024 -1052 -8632 -1534 32767
2848 -3150 -780 -10823 1301 32767
2716 -3089 -628 -14965 2372 32767
2266 -2999 -638 -17207 684 32767
1845 -3028 -651 -18917 -3681 32767
1576 -3339 -732 -18814 -5737 32767
1644 -3404 -726 -17320 -5221 32767
1933 -3670 -617 -15652 236 32767
2414 -4033 -408 -15035 4789 32767
2873 -4360 -243 -15118 11041 32767
2950 -4450 -95 -16379 15149 32767
2709 -4465 -35 -17348 15085 32767
2443 -4350 1 -18421 10820 32767
2187 -4259 9 -18539 7434 32767
2255 -4461 8 -17969 3848 32767
2337 -4497 -4 -16955 4194 32767
2569 -4618 131 -16609 5966 32767
2705 -4695 321 -17167 9462 32767
2785 -4633 629 -18246 11919 32767
2810 -4465 780 -20195 14208 32767
2737 -4299 738 -21447 14878 32474
2500 -4049 521 -21403 15372 30739
2356 -3974 325 -20311 16777 27369
2170 -3831 99 -18886 18055 23709
1997 -3870 206 -18612 18204 21580
1987 -3856 529 -19941 16872 19468
2067 -3795 702 -22753 14272 18908
2206 -3678 777 -24567 12419 19169
2266 -3492 614 -25876 10986 19643
2179 -3262 304 -25681 11137 19331
2099 -3234 166 -24510 12249 17727
1991 -3186 14 -23419 13441 16152
1913 -3115 13 -21935 14679 13579
1891 -3048 43 -21026 14303 11543
1926 -3042 50 -20776 13616 10744
2070 -2799 41 -20671 12584 10434
2131 -2642 -62 -20291 11092 10689
2178 -2523 -199 -19329 10916 11069
2360 -2468 -361 -18613 11273 11156
2532 -2350 -434 -17644 12792 10770
2545 -2172 -489 -16956 14579 9345
2458 -1913 -463 -16846 14362 7786
2399 -1691 -338 -17287 12105 4912
2525 -1582 -255 -17755 10429 3299
2803 -1513 -144 -18501 8846 2101
3274 -1419 -38 -18875 9683 2175
3648 -1310 162 -18986 11650 2455
3896 -1166 352 -18912 15365 2828
4272 -720 687 -18586 16945 2958
4567 -507 937 -17356 17472 2492
4806 -119 1279 -15950 17471 1155
4784 226 1618 -13529 17074 -3271
4874 138 2073 -12442 16599 -7503
5477 -706 2904 -11548 15286 -13095
6847 -1463 4152 -11697 12279 -14879
7526 -2523 6189 -14256 674 -17919
7673 -3631 7585 -17425 -10251 -27056
8909 -7106 9749 -16002 -4064 -32768
10449 -10010 9406 -6926 5503 -32768
12544 -14673 6505 25199 25272 -32768
13600 -16980 5135 32767 32767 -32768
14113 -18835 5085 32767 32767 -32768
14280 -19633 5109 32767 32767 -32768
14221 -21377 2336 32767 32767 -32768
14208 -22723 -2391 32767 32767 -32768
15169 -14925 1106 32767 24910 -32768
14100 -23832 -12122 32767 30322 -32768
15640 -22361 -12523 32767 32767 -32768
15616 -23028 -12875 32767 32767 -32768
14509 -22004 -12679 32767 28344 -32768
10593 -19900 -13429 32767 26277 -32768
7947 -18415 -13940 32767 30179 -32768
4648 -16425 -13290 26399 28636 -32768
2941 -15833 -11558 11651 21186 -32768
1429 -14494 -8806 1803 20262 -32768
627 -12932 -7057 -6317 27618 -32768
-8 -12375 -6328 -6484 32635 -32768
-2453 -11270 -5791 -2118 32767 -32768
-4241 -9371 -4900 404 32767 -25518
-5059 -7600 -3832 955 30452 -12949
-5172 -5730 -2830 -2115 25518 -2739
-5164 -5288 -2600 -4990 23596 2037
-4723 -4037 -2443 -8017 20750 7720
-3871 -3107 -2629 -8590 17592 11335
-2910 -2394 -2671 -7947 12308 16652
-1976 -1755 -2509 -6581 8154 21588
-1451 -1343 -2491 -5125 6574 24440
-1058 -961 -2505 -1843 5815 27727
-710 -478 -2484 700 5651 29250
-363 -243 -2472 4578 5210 31383
-159 -82 -2421 7159 3513 32767
-52 159 -2033 6919 1203 32767
-45 251 -1719 3352 -2559 32767
374 87 -1558 49 -4175 32767
533 -8 -1581 -4481 -5485 32767
933 -153 -1833 -6518 -5550 32767
1086 -242 -2077 -6098 -5149 32767
1288 -490 -2340 -3682 -4520 32767
1462 -662 -2391 -1634 -3550 32767
1550 -809 -2284 706 -1520 32767
1593 -978 -1993 1069 -373 32767
1662 -1155 -1807 -363 -668 32767
1776 -1497 -1558 -3833 -2933 32767
1942 -1764 -1409 -6664 -4579 32767
1987 -1865 -1332 -10792 -6122 32767
1762 -1940 -1381 -13556 -5431 32767
1606 -2017 -1451 -14391 -4150 32767
1556 -2232 -1447 -14723 -2127 32767
2155 -2752 -1320 -14688 -238 32767
2479 -3098 -1213 -14791 769 32767
2607 -3236 -1097 -15298 1985 32767
2517 -3061 -1063 -15530 1966 32767
2291 -2934 -991 -15773 104 32767
1840 -2945 -946 -15610 -1134 32767
1765 -2973 -778 -15695 -1209 32767
1914 -3088 -496 -16668 559 32767
2263 -3258 -45 -18029 3477 32767
2488 -3447 144 -20722 9531 32767
2625 -3708 196 -22537 13189 32767
2550 -3821 86 -24451 15990 32767
2224 -3906 -194 -24639 15330 32767
2003 -3866 -378 -23140 10745 32767
1705 -3861 -441 -20417 4953 32767
1726 -3972 -155 -18867 2193 32767
2023 -4182 394 -18188 1595 32767
2282 -4412 694 -19416 5280 32767
2745 -4756 756 -20622 9131 32767
2860 -4743 622 -21921 14171 32767
2445 -4359 241 -22145 15879 32767
2260 -4274 147 -21353 16147 32767
1766 -4088 -18 -19858 13718 32110
1600 -3939 136 -19199 11033 29000
1631 -3899 312 -19353 8517 25280
1938 -4024 445 -20053 9012 23867
2167 -4063 470 -21774 12157 23149
2294 -4075 427 -23702 16170 23025
2152 -3944 328 -24781 18148 22693
1969 -3788 217 -25671 19414 21469
1719 -3590 112 -25799 19002 20227
1661 -3504 10 -25330 16956 18308
1779 -3513 -341 -24476 15908 17260
1861 -3537 -438 -22627 16167 16391
2209 -3620 -602 -21086 17919 16312
2480 -3598 -520 -20882 19336 16267
2641 -3543 -456 -21713 21097 15481
2712 -3319 -469 -22683 21905 14117
2865 -2829 -424 -24281 21968 11289
3129 -2494 -357 -25426 21317 8585
3875 -1957 -424 -25211 21109 7601
4431 -1818 -511 -23542 20892 6981
5314 -1906 -334 -22231 21232 6611
6041 -1396 446 -21513 23309 5366
6458 -785 1453 -24501 26145 2187
6873 202 3824 -32768 28465 -5144
6241 122 6398 -32768 23440 -13708
5807 -312 8120 -32768 742 -29482
6741 -2746 10294 -32768 -12245 -32768
8889 -5793 11343 -32768 -5363 -32768
13491 -12801 10494 -32768 9174 -32768
14358 -15576 8531 13690 32767 -32768
14391 -17922 7584 32767 32767 -32768
13248 -18920 8680 32767 32767 -32768
12928 -20082 8723 32767 32767 -32768
13603 -21501 5915 32767 32767 -32768
16290 -24250 536 32767 32767 -32768
18970 -26209 -3747 32767 32767 -32768
16341 -20578 -7285 32767 32767 -32768
19696 -27650 -13841 32767 32767 -32768
21147 -29509 -16117 32767 32767 -32768
20281 -28160 -14936 32767 21105 -32768
16089 -23935 -13843 32767 27353 -32768
12639 -22943 -15410 32767 26620 -32768
10605 -22198 -15459 32767 16295 -32768
5903 -20989 -12167 15422 11201 -32768
2176 -19015 -9447 1499 14113 -32768
1508 -17329 -8561 -9337 19576 -32768
550 -15903 -7123 -13047 16620 -32768
-1424 -14931 -6160 -13623 18916 -32768
-4294 -13180 -4907 -12397 25020 -32768
-5464 -11277 -4569 -10615 25036 -29396
-5574 -10023 -4184 -8425 22550 -7644
-5542 -7200 -3040 -7697 25397 11957
-5547 -5734 -2634 -8216 27895 21394
-5533 -4275 -2286 -10970 25849 28755
-5290 -2245 -2087 -12960 19727 29955
-4665 -1792 -2016 -14317 5495 29838
-3577 -1580 -1950 -13358 -6971 31364
-1964 -1405 -1547 -11277 -11039 32767
-986 -1250 -1472 -8651 -9652 32767
70 -1059 -1813 -2597 -4973 32767
674 -883 -2098 1878 -2045 32767
943 -823 -2174 7652 1429 32767
1481 -647 -2157 9951 2478 32767
1483 -458 -1831 8812 -350 32767
996 -442 -1381 3313 -4815 32767
956 -596 -1397 -945 -6810 32767
1166 -824 -1427 -6128 -7449 32767
1763 -1069 -1577 -8241 -5481 32767
2310 -1162 -1872 -7524 -3431 32767
2463 -1186 -2059 -4420 -472 32767
2277 -1235 -2152 -2133 761 32767
1992 -1283 -2144 279 613 32767
1449 -1226 -1983 563 -1886 32767
1323 -1276 -1863 -1679 -7258 32767
1285 -1782 -1509 -6392 -10321 32767
1417 -2187 -1352 -9616 -10397 32767
1795 -2136 -1238 -13611 -9791 32767
1996 -2536 -1050 -15808 -6137 32767
1842 -2815 -1280 -15676 -1831 32767
1766 -2968 -1402 -13807 3267 32767
1847 -3342 -1497 -11435 4813 32767
1947 -3668 -1268 -10399 5113 32767
1893 -3814 -964 -9868 6059 32767
1847 -3941 -731 -10171 6739 32767
1877 -3994 -454 -10395 7618 32767
2050 -4110 -211 -10812 10383 32767
2288 -4244 -101 -11674 13957 32767
2495 -4577 114 -12906 16207 32767
2451 -4827 165 -15684 17858 32767
2352 -5083 230 -17842 16157 32767
2261 -5085 277 -20626 10467 32767
2160 -5000 367 -21941 6467 32767
2186 -4964 462 -23234 4040 32767
2407 -4865 626 -23816 5724 32767
2500 -4839 775 -24898 11890 32767
2614 -5000 911 -25997 16954 32767
2663 -5035 788 -27373 23528 32674
2627 -4967 577 -27703 26495 31899
2472 -4846 147 -27145 26267 31259
2229 -4862 20 -26129 23471 29386
2004 -4926 235 -26713 19691 27236
2223 -4826 695 -28221 17985 26411
2466 -4780 909 -31226 18094 25936
2737 -4674 932 -32768 19816 25640
2765 -4520 808 -32768 22847 24272
2483 -4318 558 -32768 24142 21133
2195 -4146 365 -32768 23562 18441
2118 -4094 320 -32726 20762 14626
2186 -3968 388 -31804 18256 12801
2347 -3820 454 -30469 14566 11540
2559 -3474 429 -29326 12874 11408
2661 -3258 333 -27155 11898 11370
2663 -2923 200 -24982 12570 10551
2644 -2689 186 -23833 13184 9557
2676 -2513 300 -23156 13886 7745
2968 -2346 546 -23525 14514 6698
3371 -2039 653 -24710 14878 5594
3661 -1749 627 -25606 13743 4484
3761 -1284 530 -24735 12036 2755
3721 -1033 573 -22213 10081 -161
3777 -925 768 -20129 8673 -2492
4068 -973 1059 -17526 6492 -5202
5200 -986 1953 -16400 7438 -5940
5644 -884 2480 -16647 11355 -5928
5767 -765 2995 -18142 14942 -7139
5894 -752 4078 -21622 5341 -9966
6445 -1300 6127 -25468 -5477 -13603
7184 -2476 7464 -31169 -7926 -22979
8631 -5086 9187 -32078 12233 -32768
10078 -9075 9729 -25609 24056 -32768
11173 -12002 8534 2458 27103 -32768
12694 -16116 6038 30047 25445 -32768
13762 -18190 5117 32767 32767 -32768
14720 -19910 4369 32767 32767 -32768
14656 -21782 2385 32767 32767 -32768
14789 -22916 -7 32767 32767 -32768
16274 -24169 -4495 32767 32767 -32768
13164 -18028 -2782 32767 32767 -32768
15056 -25620 -15973 32767 32767 -32768
17941 -23071 -13903 32767 28744 -32768
18071 -23239 -14812 32767 32612 -32768
17281 -22748 -14673 32767 27274 -32768
13352 -20766 -14673 32767 25760 -32768
9617 -19397 -15093 32767 24484 -32768
7649 -18394 -14256 23408 20001 -32768
4602 -18214 -11407 11943 17289 -32768
2991 -17861 -9524 -4619 18119 -32768
1561 -15334 -7579 -11499 25274 -32768
-339 -14484 -6482 -11488 28276 -32768
-2019 -13417 -5559 -9197 29583 -32768
-4702 -12068 -4696 -6164 30658 -32768
-5566 -10198 -3948 -4811 28244 -23515
-5856 -8969 -3464 -4423 24309 -6793
-5735 -7112 -2687 -6434 22238 6727
-5458 -5393 -2293 -8391 21579 13356
-5045 -4359 -2398 -10191 18638 21006
-4177 -3289 -2571 -10332 14585 25111
-3556 -2602 -2595 -9057 8135 30057
-2682 -1828 -2448 -6370 3375 32767
-1719 -1423 -2504 -3573 1386 32767
-1079 -1270 -2559 1695 -811 32767
-41 -948 -2446 7101 -2278 32767
367 -698 -2295 9965 -2744 32767
598 -445 -2085 11939 -1852 32767
902 -275 -1936 10928 647 32767
1027 -337 -1965 8830 1118 32767
1533 -583 -2060 4527 -2029 32767
1676 -617 -2084 1692 -5329 32767
1680 -697 -2057 -1914 -8400 32767
1617 -935 -1835 -4059 -8507 32767
1802 -1123 -1724 -6603 -5252 32767
2131 -1272 -1685 -8092 1669 32767
2381 -1376 -1773 -8606 6285 32767
2529 -1409 -1777 -9318 9402 32767
2359 -1347 -1791 -10098 6470 32767
2011 -1343 -1632 -10942 1854 32767
1688 -1388 -1343 -13300 -4626 32767
1561 -1766 -776 -15792 -7065 32767
1931 -2223 -601 -19484 -6673 32767
2405 -2610 -742 -20882 -4042 32767
2616 -2831 -897 -21018 317 32767
3130 -3168 -1309 -18703 3015 32767
3131 -3118 -1447 -16056 4103 32767
2918 -3015 -1414 -12056 5083 32767
2522 -2877 -1021 -10409 5692 32767
2279 -2764 -713 -10120 6701 32767
2070 -2651 -270 -12549 7148 32767
2118 -2732 33 -15186 7119 32767
2232 -2864 70 -19208 6284 32767
2345 -3322 -157 -21065 5140 32767
2392 -3463 -271 -21582 3563 32767
2555 -3712 -476 -19853 2781 32767
2590 -3842 -416 -18225 3437 32767
2525 -3863 -278 -16407 6175 32767
2295 -3671 89 -16078 7812 32767
1980 -3503 451 -16941 7824 32767
1874 -3477 456 -17959 7082 31952
1915 -3559 294 -18207 7794 30908
2166 -4005 11 -18312 9547 30523
2488 -4273 -198 -18214 10615 31189
2664 -4143 -295 -17883 11002 32767
2400 -3854 -199 -18274 9888 32677
1918 -3825 15 -19078 9336 30910
1766 -3760 200 -21082 9040 27159
1866 -3778 461 -22873 9445 24960
2110 -3859 477 -25407 11401 23145
2418 -3952 311 -26599 13507 22708
2454 -3955 214 -27731 16347 22180
2322 -3867 71 -27941 17581 21503
2072 -3739 -102 -27436 18952 19638
1864 -3633 -233 -26212 19224 17304
1791 -3580 -281 -25372 18623 15912
1805 -3536 -317 -24320 17304 14487
1940 -3466 -291 -23914 16681 14150
2086 -3404 -252 -23972 16319 14272
2193 -3229 -139 -24464 16184 14252
2147 -3060 -47 -25718 16440 13187
1979 -2820 -85 -26855 16369 10835
1955 -2738 -196 -27203 15231 9003
2031 -2670 -319 -26788 11850 6790
2272 -2604 -421 -26010 9399 5950
2433 -2626 -355 -24759 7070 5227
2623 -2460 -158 -24012 6898 4910
2778 -2248 -61 -22856 8286 4596
2894 -1844 96 -22016 9710 4252
3034 -1376 286 -20804 11750 3476
3181 -1225 435 -19842 13074 2302
3278 -1004 625 -19175 13076 1211
3422 -838 709 -17613 10808 -508
3627 -474 949 -16225 8585 -1684
3997 -61 1466 -14318 5711 -3412
4243 59 1899 -13164 5066 -5363
4927 -33 2700 -12918 6438 -6434
6269 -566 5232 -18173 18605 -9719
6510 -1201 6793 -20975 18351 -12776
6176 -2477 7594 -23015 9502 -22300
6436 -5239 8644 -20549 -1023 -32768
8783 -8669 9050 -13833 -4259 -32768
11327 -11824 7816 9922 10785 -32768
12779 -14511 6143 32767 32767 -32768
13398 -17141 3776 32767 32767 -32768
13289 -18165 3447 32767 32767 -32768
13968 -19229 2332 32767 32767 -32768
15437 -20469 -522 32767 32767 -32768
16021 -21337 -3955 32767 32767 -32768
15160 -20695 -11863 32767 26517 -32768
15124 -22553 -14019 32767 16185 -32768
14383 -21979 -15623 32767 -2766 -32768
13094 -21945 -13190 32767 -14644 -32768
11674 -21454 -12013 32767 -14478 -32768
8211 -20776 -11134 24369 2044 -32768
5340 -20252 -10820 13334 12675 -32768
3022 -20017 -10128 1013 22794 -32768
-4 -18643 -8282 -5982 26817 -32768
-1085 -17152 -6951 -14136 31320 -32768
-2867 -15097 -5490 -18180 32767 -32768
-4324 -12795 -4701 -18493 32767 -32768
-5013 -11236 -4369 -17020 32767 -32768
-5724 -9137 -3882 -15080 32767 -22852
-6220 -7085 -3438 -13767 32767 -15378
-6071 -5385 -3350 -11271 32257 -5612
-5673 -4108 -3136 -9814 27679 389
-5502 -3734 -3038 -8686 18445 7762
-4828 -2722 -2550 -8709 11222 12970
-4016 -1892 -2101 -8865 8485 15673
-3432 -1480 -1939 -8465 6472 19621
-2557 -1125 -1888 -6856 4535 24181
-1702 -884 -1973 -4949 2787 27671
-1176 -811 -2021 -1267 83 32767
-218 -707 -2104 2999 -1398 32767
194 -520 -2137 5880 -1432 32767
533 -365 -2075 8822 -430 32767
835 -140 -1939 9479 613 32767
847 58 -1858 8450 1427 32767
734 157 -1756 5398 323 32767
818 -104 -1694 2648 -1062 32767
1261 -601 -1712 -1586 -2463 32767
2023 -1168 -1856 -3825 -1942 32767
2436 -1367 -2117 -5674 335 32767
2482 -1327 -2256 -5801 999 32767
2150 -1096 -2282 -5045 -473 32767
1695 -1039 -1968 -4889 -1714 32767
1547 -1135 -1575 -6342 -2577 32767
1686 -1448 -989 -9773 -480 32767
2280 -3073 6 -15945 10553 32767
2567 -3319 -237 -18731 11546 32767
2474 -3472 -720 -18680 7721 32767
2027 -3447 -958 -17369 2778 32767
1801 -3451 -847 -15102 -4392 32767
1891 -3461 -389 -14187 -6709 32767
2293 -3469 159 -14645 -3680 32767
2568 -3537 427 -17171 5100 32767
2920 -3806 392 -20176 13043 32767
2696 -3936 175 -21783 15871 32767
2389 -3973 17 -22733 15720 32767
2072 -4014 -81 -22351 11423 32767
2027 -4065 83 -21883 7681 31537
2120 -4032 218 -21067 4155 29970
2310 -3913 371 -20542 4271 29268
2347 -3839 442 -19918 7589 28366
2320 -3773 500 -19850 12188 27485
2233 -3709 625 -20338 14850 26955
2209 -3707 661 -21617 17211 26428
2273 -3729 589 -22444 17469 26369
2290 -3684 408 -22711 16075 26237
2164 -3517 70 -21386 13566 25316
2051 -3358 -42 -20145 11979 24174
2041 -3279 33 -18666 10772 21945
2044 -3164 242 -18305 10814 20275
2043 -3089 348 -18680 11764 17813
2084 -2986 221 -19094 12555 16391
2128 -2936 15 -19251 14392 14865
2174 -2946 -197 -18871 17401 13997
2318 -2810 -407 -18529 19514 13801
2389 -2583 -520 -17912 22042 13764
2402 -2264 -673 -17703 22969 12927
2395 -2246 -686 -18171 22258 11522
2467 -2198 -719 -19224 20066 8551
2693 -1938 -847 -19851 18681 6460
2941 -1967 -827 -20956 16751 3915
3600 -1997 -707 -21713 15711 2966
4233 -1560 -551 -22481 15598 2357
4514 -1382 -342 -23131 17743 1181
5045 -1154 99 -23591 20437 75
5602 -441 975 -24705 24638 -1856
5729 -282 1752 -27053 24350 -5252
6028 -508 3689 -30098 19240 -8572
6461 -1534 6500 -32768 3749 -15726
7164 -2918 8925 -32768 -13267 -26937
8763 -6603 11446 -32768 -17300 -32768
11136 -9906 11458 -32768 -842 -32768
14554 -15084 8547 17750 32767 -32768
15265 -18425 7117 32767 32767 -32768
14521 -19261 7769 32767 32767 -32768
13387 -19381 8713 32767 32767 -32768
13439 -20743 4873 32767 32767 -32768
16369 -22649 -640 32767 32767 -32768
18806 -24297 -3786 32767 28391 -32768
19021 -25443 -9886 32767 32767 -32768
18171 -25695 -13875 32767 30457 -32768
17220 -25333 -14202 32767 237 -32768
14773 -23625 -13308 32767 -11314 -32768
12655 -21941 -12585 32767 -10451 -32768
9214 -20211 -11690 32503 -2262 -32768
6227 -19262 -10473 9213 11398 -32768
3696 -19103 -9112 -10623 19489 -32768
1346 -18079 -7973 -18775 22675 -32768
-664 -15284 -7202 -21044 27073 -32768
-1565 -13336 -5650 -20224 28509 -32768
-2198 -12087 -4698 -18977 31378 -32768
-3763 -10184 -3761 -18359 32767 -32768
-4938 -8302 -3279 -17208 32767 -24631
-5282 -7208 -3313 -14248 31896 -16056
-5101 -5891 -3267 -11621 27777 -10066
-4764 -5025 -3110 -7820 22370 -652
-4209 -3784 -2699 -5995 20349 5017
-3818 -3115 -2495 -4365 18872 11894
-3166 -2270 -2283 -3701 16693 16893
-2555 -1673 -2107 -3667 14767 19107
-1894 -1288 -1888 -4254 10796 21220
-1495 -1056 -1719 -5176 6127 22177
-757 -803 -1608 -5276 2931 22565
-384 -775 -1632 -4521 2184 22986
0 -769 -1635 -2511 2509 24466
522 -741 -1487 -630 3816 27225
946 -745 -1284 234 4965 29447
1097 -773 -1119 841 6259 32503
1363 -913 -834 838 5955 32767
1383 -931 -748 483 5105 32767
1480 -836 -481 -249 3425 32767
1811 -799 -349 -567 2947 32767
1981 -836 -298 -777 3777 32767
2206 -922 -352 -489 5672 32767
2235 -1078 -389 -38 6690 32767
2250 -1229 -455 990 7381 32767
2473 -1445 -582 1931 7286 32767
2661 -1432 -586 3129 6863 32767
3124 -1454 -526 3413 7212 32767
3435 -1428 -516 2942 9375 32767
3744 -1297 -627 1803 12571 32767
3719 -1158 -752 49 14589 32767
3331 -1003 -739 -1537 14997 32767
3069 -953 -717 -4039 13958 32767
3082 -819 -807 -5314 11913 32767
3417 -610 -952 -6233 7997 32767
3616 -557 -1003 -6536 5522 32767
4110 -616 -964 -7056 3693 32767
4145 -510 -1048 -7293 2859 32767
4042 -488 -1161 -7125 2164 32767
3867 -583 -1424 -6481 2028 32767
3946 -572 -1595 -4823 2952 32767
4192 -538 -1623 -3864 4540 32767
4545 -621 -1409 -4198 5372 32767
2862 -282 -702 -17217 6314 7625
2672 -233 -728 -16643 4441 6562
2323 -121 -672 -16263 2906 5584
2168 -121 -656 -16008 970 3697
2028 -121 -651 -16302 1232 1687
1879 -129 -557 -16938 2620 534
1821 -176 -448 -18772 5882 -487
1864 -389 -426 -20123 8454 -539
1961 -560 -522 -21522 11124 585
1978 -646 -615 -22131 10894 2410
1894 -681 -659 -22191 9644 3525
1934 -752 -694 -22034 7525 4790
1948 -874 -499 -22613 7550 4669
1987 -964 -335 -23812 9689 3834
1945 -1139 -230 -26167 15836 1726
2035 -1203 -298 -27318 20030 548
2126 -1149 -232 -28679 23852 32
2821 -1476 -345 -29624 25701 1349
2817 -1712 -332 -30304 26130 2093
2721 -1896 -382 -30778 25914 1862
