4303 -9088 -4881 3891 2485 -8341
3651 -8813 -4943 3552 2485 -8115
-1863 -3495 -3118 744 3580 -5020
-2168 -3116 -3106 680 3556 -4601
-2539 -2697 -3167 678 3226 -4032
-2652 -2370 -3105 649 2771 -3558
-2866 -1914 -2837 498 2028 -2774
-2944 -1613 -2684 337 1692 -2220
-2888 -1320 -2588 94 1554 -1324
-2805 -1086 -2546 -45 1636 -686
-2640 -922 -2575 -220 1846 359
-2395 -691 -2754 -309 1944 1098
-2303 -620 -2908 -388 1845 2211
-2200 -409 -2961 -436 1537 2936
-1802 -59 -2988 -482 915 4004
-1480 60 -2848 -527 503 4689
-1014 44 -2321 -741 -85 5567
-505 -102 -1666 -988 -397 6049
-89 -253 -1400 -1388 -709 6641
595 -462 -1369 -1573 -789 7146
1192 -650 -1572 -1501 -801 7428
1351 -859 -1696 -1140 -750 7651
1255 -1275 -1790 -796 -547 7602
1215 -1545 -1764 -302 -88 7307
1478 -1969 -1449 -82 138 7097
1890 -2311 -1212 -11 267 6977
2424 -2785 -789 -146 339 7037
2514 -2967 -463 -631 532 7172
2554 -3036 -270 -1057 752 7214
2550 -2977 -301 -1638 1012 7158
2290 -2872 -431 -1992 1037 6870
2015 -2822 -535 -2072 1010 6546
1749 -2804 -570 -2015 992 5971
1754 -2957 -442 -1932 1026 5616
1952 -3100 -388 -1802 1307 5279
2303 -3207 -333 -1737 1652 5211
2406 -3170 -338 -1697 2343 5273
2323 -3130 -379 -1749 3024 5372
2124 -3073 -456 -1822 3183 5396
1856 -2858 -482 -1893 2799 5266
1349 -2573 -436 -1888 1867 4863
913 -2501 -298 -1850 1195 4441
826 -2500 -161 -1789 337 3727
1007 -2580 -10 -1763 -45 3326
1287 -2703 47 -1790 -218 2956
1824 -2889 33 -1834 -110 2897
2128 -2923 5 -1906 239 3047
2306 -2797 50 -1953 543 3210
2165 -2703 150 -2071 1103 3319
1738 -2751 282 -2261 1791 3088
1455 -2802 340 -2430 2269 2778
1475 -2866 305 -2684 2865 2300
1671 -3113 120 -2822 3118 2076
1768 -3336 -57 -2973 3298 1866
1875 -3774 -293 -3067 3332 1748
1915 -4274 -449 -3118 3319 1674
2089 -4606 -511 -3200 3242 1621
2414 -4977 -538 -3314 3049 1699
2590 -5011 -414 -3435 2717 1793
2649 -4627 -179 -3653 2164 1888
2508 -3954 -25 -3759 1919 1854
2192 -3422 65 -3825 1766 1694
1768 -2821 -63 -3795 1692 1179
1709 -2618 -207 -3565 1778 519
1926 -2561 -148 -3310 1839 -14
2361 -2690 -30 -3209 1789 -194
2597 -2726 17 -3164 1444 -197
2770 -2644 174 -3235 782 -38
2877 -2283 319 -3325 327 72
2993 -2020 424 -3478 -44 148
3241 -1704 563 -3640 -15 87
3433 -1530 673 -3739 138 -34
3632 -1400 772 -3875 484 -305
4019 -1302 923 -3988 726 -564
4544 -906 1037 -3985 708 -658
4997 -603 1084 -3738 336 -601
5405 -298 1300 -3394 94 -546
5697 -59 1580 -2708 153 -637
5942 321 2222 -2041 943 -1084
6018 448 2818 -1678 1554 -1580
5988 286 3074 -1246 1443 -2477
6091 -201 3357 -849 89 -3440
7161 -6746 -1406 5856 7630 -8136
7296 -6491 -2369 5908 6126 -7187
5037 -7449 -6790 7462 6122 -7498
6014 -5529 -4637 8129 5873 -7515
5231 -6018 -5175 8070 6519 -7474
5115 -5926 -5233 7312 6123 -7119
4616 -6389 -5961 6466 5116 -6772
3846 -6611 -6597 6070 4443 -6731
2989 -6448 -6617 5669 3477 -6953
2140 -6092 -5951 5383 2778 -7093
1829 -5918 -5175 4714 1759 -7020
1520 -5554 -3817 3571 1169 -6371
766 -5387 -3312 3084 1333 -5962
255 -5209 -3153 2606 1663 -5496
124 -5017 -2810 463 2022 -906
-1276 -590 -2174 264 1832 -877
-658 -483 -2541 90 1656 -632
-114 -256 -2809 156 1529 12
364 594 -3023 302 1455 575
543 1198 -3154 667 1426 1379
535 1759 -3290 966 1514 1763
399 1953 -3315 1391 1960 1958
291 2040 -3202 1606 2610 1781
427 1922 -3283 1617 2888 1576
581 1830 -3370 1502 2603 1324
867 1798 -3385 1371 1970 1254
1113 1796 -3339 1145 877 1340
1445 1688 -2969 837 128 1621
1560 1517 -2514 526 -97 1859
1624 1180 -1790 -84 -105 2209
1588 945 -1442 -515 22 2424
1628 439 -1337 -1028 230 2765
1772 -11 -1581 -1186 322 3032
2113 -744 -2119 -1075 249 3536
2248 -986 -2300 -834 127 3909
2320 -1120 -2114 -554 -1 4294
2032 -1088 -1394 -311 -186 4732
1892 -1050 -955 -364 -399 4970
1590 -937 -416 -528 -546 5018
1410 -868 -187 -867 -759 4941
1139 -889 -78 -1096 -849 4805
983 -947 -215 -1336 -772 4510
880 -1179 -519 -1389 -410 4244
960 -1260 -578 -1384 -190 4166
1051 -1304 -554 -1406 -96 4235
1142 -1309 -448 -1449 -182 4380
1146 -1335 -414 -1562 -389 4649
1045 -1457 -499 -1667 -499 4855
917 -1617 -658 -1719 -443 4920
975 -1765 -783 -1781 -320 4931
1006 -1857 -790 -1893 -317 4860
964 -2034 -742 -2003 -316 4772
921 -2091 -780 -3759 118 4645
1543 -2886 -800 -3831 173 4638
1690 -3016 -807 -3856 484 4615
1870 -3077 -791 -3861 791 4607
2099 -3124 -749 -3888 1225 4632
3003 -2791 -727 -3870 1470 4947
3188 -2365 -615 -3765 1705 5194
3156 -2160 -584 -3633 2116 5207
2958 -2163 -701 -3512 2468 4994
2800 -2285 -753 -3294 3040 4305
2571 -2515 -758 -3167 3303 3641
2514 -2898 -684 -3050 3146 2473
2604 -3451 -458 -3044 2365 1332
2992 -3649 -254 -1874 1651 113
5180 -573 1384 -1656 1623 -41
4998 -800 1647 -1439 802 -711
5185 -1115 1994 -1187 -544 -1603
6220 -1599 2606 -904 -1156 -2292
7436 -2099 3441 -781 -773 -2550
7864 -2568 3795 -614 837 -2805
7834 -3582 3689 -360 1969 -3042
7024 -4619 2892 525 2606 -3651
6479 -5394 2442 1961 1445 -4607
6589 -6369 2528 2931 162 -5328
7358 -6807 3110 3919 -990 -6267
8643 -8085 3666 4240 -678 -6730
9084 -8947 3613 4547 1092 -7256
9055 -10270 2650 5026 2954 -7666
8460 -11051 847 5623 4184 -7911
8012 -11372 -122 6529 5535 -8101
7344 -11308 -6996 4801 5215 -6738
5239 -10698 -2911 5780 5937 -7109
4666 -10158 -3744 6381 2284 -7790
4103 -9772 -3188 5903 -854 -8489
4735 -8994 -2376 4884 -2331 -8721
4793 -9050 -2650 3435 -2060 -8914
4534 -8777 -3658 2902 -936 -8977
4242 -8561 -4276 2800 1160 -8837
3829 -8206 -4749 3060 2976 -8230
3347 -7882 -4499 3133 3740 -7599
3049 -7543 -4106 2824 4159 -6557
2347 -6882 -3687 2393 4211 -6011
1605 -6381 -3722 1758 4235 -5758
441 -5673 -4039 1487 4115 -5966
21 -5237 -4188 1322 3638 -6466
-300 -4857 -4158 1254 3104 -6774
-484 -4462 -3791 1165 2922 -6761
-566 -4256 -3604 935 2979 -6408
-845 -3826 -3304 647 3106 -5757
-1062 -3342 -3125 465 3114 -5204
-1308 -2922 -2919 226 3031 -4290
-1563 -2586 -2890 76 3104 -3388
-2019 -2152 -2937 45 3222 -2840
-2411 -1766 -3089 89 3110 -2137
-2919 -1095 -3105 127 2647 -1739
-2967 -799 -2997 99 1593 -1090
-2760 -498 -2785 24 1064 -580
-2526 -264 -2645 -112 748 362
-2113 -36 -2699 -190 848 1468
-1741 61 -3035 -156 1055 2239
-1543 159 -3178 -48 1333 3367
-1409 367 -3131 -51 1310 4321
-1323 471 -2627 -208 1049 4818
-1226 483 -2155 -696 298 5360
-926 411 -1300 -1390 -799 5755
-490 76 -885 -1954 -1825 6053
170 -620 -1531 -2010 -2116 6233
608 -1008 -2020 -1529 -1767 6513
1269 -1603 -2371 -1004 -1221 6722
1643 -1809 -2311 -238 -282 7099
1826 -1923 -1912 105 408 7351
1516 -1988 -1331 210 1325 7629
1352 -2061 -881 -271 1527 7738
1406 -2313 -366 -813 1242 7751
1551 -2541 -116 -1750 623 7716
1711 -2863 -37 -2560 248 7549
1772 -3090 -121 -2913 190 7354
1936 -3279 -391 -3062 267 7011
1920 -3313 -671 -2921 430 6763
1884 -3365 -790 -2442 926 6370
1959 -3409 -725 -2075 1417 6159
2184 -3446 -605 -1661 2200 6025
2457 -3500 -558 -1513 2688 6081
2448 -3371 -363 -1553 3100 6192
1963 -3082 -288 -1704 3040 6143
1533 -3024 -343 -1919 2493 5752
1083 -2976 -387 -1996 1860 5325
936 -3010 -396 -1983 755 4590
977 -3139 -315 -1889 -22 3930
1200 -3264 -46 -1871 -248 3607
1440 -3445 126 -1957 -217 3354
1986 -3721 191 -2082 16 3363
2301 -3806 200 -2292 541 3588
2356 -3775 243 -2457 888 3762
2134 -3739 205 -2607 1192 3843
1804 -3714 115 -2762 1590 3655
1402 -3757 -164 -2754 1990 3186
1308 -3819 -260 -2702 2173 2854
1510 -4090 -273 -2659 2304 2515
1932 -4482 -223 -2695 2383 2440
2213 -4709 -240 -2834 2555 2529
2529 -4905 -231 -2970 2674 2669
2550 -4856 -208 -3203 2863 2860
2414 -4742 -147 -3357 3036 2885
2279 -4620 -101 -3566 3297 2696
2100 -4206 -140 -3674 3476 2321
1984 -3834 -218 -3655 3485 2021
1892 -3384 -413 -3477 3353 1568
1964 -3064 -589 -3282 3205 1302
2069 -2882 -611 -2976 2862 1000
2063 -2641 -467 -2818 2586 814
1968 -2457 -325 -2720 2167 482
1951 -2164 -82 -2795 1568 130
2124 -2140 191 -2938 1103 -88
2312 -2145 352 -3262 484 -382
2656 -2119 482 -3509 165 -542
2804 -2055 537 -3843 -197 -755
3102 -2029 596 -3995 -253 -888
3348 -1978 623 -4055 69 -1010
3880 -1477 910 -3961 726 -928
4600 -983 1270 -3873 1218 -741
4785 -853 1329 -3654 1884 -469
4684 -715 1161 -3385 2013 -455
4624 -466 1132 -2752 1653 -714
4860 -34 1604 -2022 1090 -1184
5227 129 2328 -1678 850 -1543
6002 318 3596 -1460 866 -2083
6402 -61 4308 -1366 1119 -2507
6615 -485 4443 -1032 1411 -3220
6886 -1515 4268 -534 1426 -3692
7257 -2157 4310 547 1255 -4276
7937 -3123 4329 1814 1791 -4709
4319 -5864 -4939 8016 944 -8250
4769 -6097 -4413 8038 1051 -8905
5112 -6298 -3829 7249 2349 -9183
242 -5252 -3743 2071 3717 -4427
20 -5011 -3660 1824 4174 -3329
-756 -348 -3164 597 344 -1850
-256 -10 -3311 626 179 -1344
4 372 -3396 756 16 -394
148 694 -3399 891 166 231
99 948 -3245 1001 468 743
46 1131 -3258 1103 1129 1241
40 1451 -3365 1164 1584 1429
170 1509 -3354 1193 2001 1597
524 1504 -3170 1134 1998 1724
675 1602 -2961 909 1641 1955
720 1671 -2768 707 1308 2099
750 1622 -2368 474 941 2213
760 1500 -1978 74 360 2370
828 1246 -1464 -219 43 2477
805 979 -1247 -620 -215 2642
767 420 -1263 -866 -88 2848
912 -58 -1245 -950 118 3072
1117 -344 -1103 -1078 238 3619
1608 -892 -938 -1180 78 4122
1756 -1093 -818 -1338 -362 4899
1878 -1347 -936 -1370 -614 5366
1845 -1356 -1115 -1214 -666 5900
1612 -1298 -1223 -1020 -496 6106
1362 -1237 -1085 -764 -83 6201
1086 -1037 -659 -737 338 6093
943 -974 -290 -906 594 5952
816 -1028 139 -1414 954 5711
873 -1375 262 -1867 1133 5566
963 -1661 -7 -2482 1205 5416
1016 -1926 -612 -2799 962 5318
919 -2181 -1080 -2832 642 5256
851 -2287 -1251 -2679 140 5127
752 -2432 -1323 -2510 -61 5007
694 -2533 -1220 -2305 -77 4780
638 -2630 -914 -2272 32 4621
730 -2721 -836 -2389 291 4445
819 -2735 -814 -2619 694 4374
967 -2716 -944 -2766 1022 4411
1281 -2721 -1274 -2889 1492 4592
1541 -2799 -1525 -2909 1671 4774
1573 -2817 -1684 -2859 1710 5004
1449 -2735 -1791 -2784 1674 5059
1233 -2762 -1517 -2774 1609 4940
998 -2837 -816 -2959 1528 4713
1149 -2774 -236 -3488 1254 4327
1570 -2754 -152 -4095 1135 4109
2103 -3099 -369 -4408 1359 4085
2514 -3455 -762 -4615 1707 4205
3367 -3617 -1205 -4482 1727 4566
4063 -3533 -350 -2909 -9 -1093
4131 -3185 50 -2764 -260 -562
3658 -2836 499 -2785 229 -383
3058 -3027 731 -2863 809 -566
3086 -3068 678 -2960 1597 -976
3579 -2924 297 -2919 1773 -1078
3748 -2882 52 -2660 1226 -984
3679 -2643 11 -2372 534 -923
3516 -2278 233 -1845 -370 -1018
3423 -1773 620 -1491 -576 -1246
3511 -1493 925 -1021 -209 -1698
3972 -1337 1335 -702 601 -2016
4352 -1620 1578 -601 1178 -2081
4467 -1906 1585 -519 1561 -2021
4414 -2285 1589 -434 971 -1982
4555 -2666 1810 -340 342 -2050
4853 -3178 2071 -137 -252 -2356
5592 -4023 2594 128 278 -2841
6381 -5404 2815 397 1072 -3194
6859 -6411 2616 1121 2084 -3669
6828 -7405 2432 2157 2247 -4183
6313 -7922 2062 2923 2095 -4731
6087 -8114 1801 4032 1957 -5781
6233 -8030 1521 4787 2275 -6667
6810 -7996 891 5077 2808 -6958
7206 -7992 209 5315 4030 -6873
7135 -7898 -1167 5544 4791 -6384
6458 -7453 -2483 5720 4484 -6058
5940 -7106 -3201 4833 2130 -5386
4900 -6035 -5044 5200 3056 -6078
4135 -6089 -5488 5992 1893 -7238
4368 -5970 -5364 6563 209 -8597
5053 -6302 -4274 6073 -938 -9014
5417 -6492 -3973 4745 -1003 -8981
5322 -6976 -4221 3621 441 -8458
4518 -6979 -4683 3251 1654 -7993
3874 -6779 -4693 3030 3198 -7227
3141 -6722 -4528 2910 3810 -6742
2854 -6566 -4418 2646 4136 -6075
2038 -6348 -4398 2355 4124 -5728
1047 -6096 -4189 2131 3946 -5761
584 -5815 -4022 1755 3474 -5955
106 -5288 -3561 1465 3119 -6026
-116 -4870 -3208 960 2774 -5930
-348 -4368 -2894 622 2732 -5731
-801 -3596 -2525 197 2814 -5291
-1399 -2975 -2463 35 2816 -4969
-1880 -2625 -2382 -17 2692 -4516
-2607 -2289 -2315 42 2694 -4244
-3048 -2246 -2293 203 2930 -3789
-3262 -2137 -2487 356 2965 -3329
-3225 -1741 -2630 502 2625 -2665
-3017 -1499 -2636 639 1581 -1350
-2954 -1044 -2411 652 970 -402
-2906 -661 -2308 630 758 920
-2712 -156 -2281 613 954 2050
-2570 53 -2441 639 1108 2680
-2248 340 -2727 719 1182 3479
-1887 286 -2882 745 1111 3921
-1530 85 -2805 622 922 4498
-1076 -123 -2625 388 733 4894
-284 -144 -2270 -138 309 5560
199 49 -2119 -496 -127 6002
753 89 -2005 -875 -973 6509
951 -147 -1952 -970 -1467 6657
949 -593 -1764 -924 -1877 6511
787 -997 -1614 -797 -1870 6195
859 -1241 -1500 -531 -1464 5639
1288 -1742 -1206 -375 -929 5408
1716 -2054 -1031 -318 229 5459
2047 -2314 -837 -436 1105 5736
2446 -2551 -763 -791 2249 6397
2315 -2587 -1022 -1046 2630 6840
1986 -2517 -1208 -1298 2333 7245
1445 -2438 -1336 -1333 1684 7256
1106 -2525 -1196 -1244 627 6885
1068 -2576 -755 -1186 138 6478
1238 -2591 -426 -1168 -42 5891
1537 -2531 -78 -1266 481 5454
1726 -2591 76 -1384 1073 5259
1802 -2565 -15 -1559 2048 5107
1808 -2520 -235 -1635 2632 5084
1759 -2543 -388 -1680 3256 5097
1652 -2619 -525 -1688 3431 5106
1557 -2750 -683 -1664 3327 5071
1414 -2883 -673 -1619 2799 4926
1218 -2920 -530 -1612 2214 4734
1156 -2886 -408 -1626 1289 4343
1134 -2846 -232 -1658 801 4032
1199 -2857 -34 -1765 393 3560
1267 -2962 40 -1948 392 3157
1562 -3309 63 -2088 584 2973
1822 -3539 122 -2330 1068 2881
2075 -3787 219 -2493 1480 2911
2183 -3759 225 -2687 2082 3035
2103 -3678 225 -2771 2376 3114
1824 -3662 245 -2857 2649 3028
1454 -3737 71 -2867 2755 2828
1306 -3856 -130 -2782 2928 2410
1371 -4310 -298 -2685 3114 2045
1596 -4631 -203 -2722 3194 1937
2026 -4938 66 -2982 3286 1999
2207 -4953 221 -3263 3356 2138
2306 -4703 475 -3746 3251 2362
2096 -4125 415 -4009 3049 2424
1815 -3726 268 -4180 2721 2244
1400 -3251 -69 -4114 2498 1951
1207 -3146 -283 -3777 2162 1324
1195 -3252 -421 -3478 1956 883
3738 -1650 675 -3909 691 162
4229 -1362 572 -3840 841 204
4440 -1069 463 -3522 766 342
4871 -824 527 -3223 458 421
5128 -732 715 -2726 213 379
5585 -428 1206 -2429 476 184
5719 -206 1503 -2091 1380 -401
5687 -126 1763 -1926 1919 -949
5931 -252 2037 -1746 1911 -1745
6199 -504 2440 -1684 1023 -2358
6588 -800 3300 -1684 313 -2751
6876 -1167 3727 -1505 -292 -3540
7487 -2241 3964 -792 162 -4617
8157 -3576 4114 -42 971 -5396
8900 -4815 4002 1302 2228 -6312
9936 -6766 3586 2683 3166 -6754
9332 -7538 3131 3848 4174 -7288
8415 -7775 2388 4964 5103 -8320
7183 -8249 640 6193 5008 -9369
6446 -8367 -930 6955 4474 -9871
4705 -7331 -3187 6837 7140 -9142
4092 -9125 -6859 7801 4462 -9101
4958 -7001 -4683 9195 4738 -9498
4653 -6985 -5900 9410 6336 -9305
4358 -6732 -5994 9188 6627 -8775
3819 -6635 -6167 8222 5340 -7747
2951 -6013 -5742 1194 2058 -3458
252 -5339 -1991 1043 2816 -2793
-524 1045 -2542 1425 2097 655
-338 1477 -2895 1350 2064 513
-112 1617 -3206 1359 1658 429
430 1764 -3596 1435 1137 520
818 1887 -3722 1582 301 854
1287 1984 -3642 1649 -194 1269
1688 2042 -3326 1593 -277 1529
1855 2094 -3138 1357 -140 1815
1993 2115 -2899 1117 34 1910
2082 2068 -2897 800 248 1945
2127 1922 -3289 722 385 1908
2027 1761 -3504 849 665 1784
1814 1529 -3407 995 814 1693
1655 1429 -3116 1133 824 1629
1370 1349 -2532 1109 735 1653
1228 1209 -2035 828 503 1792
1016 844 -1301 474 318 1941
1108 588 -810 -289 -38 2307
1111 160 -413 -1138 -427 2761
1300 -366 -339 -1625 -679 3119
1444 -823 -272 -2201 -1113 3680
1579 -1457 -515 -2405 -1353 4023
1559 -1745 -749 -2368 -1449 4439
1467 -1840 -1029 -2128 -1415 4627
1355 -1731 -1044 -1588 -1266 4794
1167 -1581 -881 -1193 -1131 4830
1065 -1554 -755 -669 -861 4804
1039 -1592 -617 -408 -580 4771
1057 -1639 -565 -166 3 4767
1086 -1697 -306 -201 566 4823
1056 -1691 -181 -366 832 4882
913 -1665 -191 -732 1099 4878
611 -1685 -308 -1131 1245 4707
312 -1848 -525 -1385 1323 4507
186 -2030 -706 -1705 1581 4156
150 -2248 -711 -2063 1881 3878
309 -2432 -698 -2361 1934 3811
541 -2653 -651 -2692 1868 3841
684 -2686 -682 -3188 1598 4040
767 -2758 -896 -3537 1241 4303
726 -2700 -1232 -3628 1100 4451
664 -2604 -1359 -3597 1151 4588
595 -2726 -1332 -3541 1439 4606
597 -3070 -953 -3605 1573 4571
689 -3214 -641 -3915 1429 4529
880 -3236 -597 -4251 932 4580
1055 -3302 -764 -4372 506 4660
1232 -3366 -844 -4381 -89 4805
1753 -3418 -1132 -4153 -123 5021
2655 -3588 -1200 -3917 131 5234
3173 -3569 -976 -3647 784 5584
3452 -3221 -603 -3584 1439 5700
3306 -2799 -447 -3616 2716 5521
2870 -2212 -322 -3708 3935 4842
2207 -2106 -350 -3747 4468 4120
1959 -2318 -480 -3698 4657 2802
2029 -2799 -695 -3564 4410 1987
2227 -3255 -785 -3290 3607 1084
2628 -3695 -677 -3120 2863 721
3080 -3735 -347 -2954 1537 519
3224 -3674 -47 -2960 356 478
3275 -3535 268 -3070 -97 327
3824 -3304 642 -3179 28 209
4548 -2975 708 -3276 696 267
5352 -2634 488 -3088 1655 500
5326 -2235 567 -2833 2070 543
5240 -1784 830 -2368 1833 365
5150 -1394 1329 -1862 898 -164
5396 -1461 2053 -1563 266 -680
5765 -1630 2785 -1371 -301 -1560
6660 -2017 4051 -1578 -288 -2314
7693 -3060 4830 -1781 -58 -2690
8192 -4021 4755 -1674 481 -3231
8375 -5673 4116 -648 892 -4030
8133 -7085 3550 501 863 -4769
7952 -7872 3595 2415 729 -6076
8380 -9179 3979 3816 999 -7241
9382 -10784 3714 4406 1532 -7749
9570 -11770 3127 5063 2782 -8229
8965 -12619 1784 5722 3924 -8680
7798 -12988 168 6193 4288 -9010
7223 -12975 -695 6733 3883 -9385
6668 -12660 -1771 6815 3298 -9476
4387 -10218 1481 5644 2957 -8540
4708 -12441 -5594 6268 2156 -8959
5490 -10754 -3873 6350 2080 -9185
5604 -10681 -4689 6251 2975 -9198
5519 -10117 -5172 6093 3490 -8803
5060 -9983 -5763 5987 3400 -8441
4295 -9468 -6030 5693 2851 -8026
3746 -8906 -5864 5316 2515 -7898
2767 -8402 -5512 4505 2513 -7941
1860 -7994 -4981 3839 2708 -7979
1638 -7413 -4674 2800 2884 -7662
1441 -6456 -4243 2181 2954 -7169
1114 -6103 -3992 1413 3197 -6306
390 -5680 -3746 1047 3431 -5809
46 -5466 -3755 789 3626 -5210
-360 -5106 -3939 895 3542 -4710
-810 -4666 -3853 1058 3470 -4425
-1172 -4255 -3508 1204 3508 -4070
-1773 -3536 -2883 1149 3633 -3859
-2136 -3079 -2641 905 3758 -3505
-2718 -2285 -2544 627 3250 -3103
-3024 -1765 -2465 446 2458 -2816
-3322 -1162 -2300 192 1104 -2355
-3118 -797 -2072 54 437 -1960
-2798 -704 -1942 -111 -6 -1170
-2368 -516 -1883 -163 51 -496
-2237 -229 -1916 -119 347 633
-1848 -40 -2269 122 594 1868
-1535 80 -2482 372 698 2727
-1067 242 -2633 745 900 3972
-738 223 -2500 866 1067 4715
-139 201 -2164 815 1220 5387
242 284 -1957 428 1289 6250
707 397 -1822 37 1205 6696
922 438 -1721 -632 743 7098
1317 161 -1517 -1062 189 7186
1660 -224 -1379 -1559 -721 7100
2097 -818 -1239 -1743 -1096 6921
2406 -1133 -1079 -1823 -1163 6549
2972 -1532 -981 -1695 -718 6194
3108 -1684 -1016 -1519 -198 5963
2990 -1614 -1100 -1120 595 5636
2733 -1504 -1159 -829 925 5444
2539 -1467 -1099 -467 1092 5237
2445 -1658 -939 -294 1011 5149
2504 -1964 -746 -324 804 5157
2780 -2320 -413 -571 313 5280
2884 -2249 -324 -770 106 5375
2734 -2159 -463 -968 283 5351
2398 -1935 -718 -1014 655 5194
2150 -1725 -798 -1005 1312 4828
1770 -1511 -695 -1022 1699 4551
1590 -1437 -560 -1159 2162 4189
1437 -1330 -294 -1453 2483 3967
1367 -1332 -131 -1726 2618 3884
1299 -1413 -27 -2189 2559 3858
1262 -1475 -80 -2465 2289 3876
1112 -1590 -292 -2716 1620 3884
1864 -2593 -67 -2010 2358 3386
1725 -2607 -115 -2224 2790 3287
1472 -2607 -120 -2525 3170 2914
1018 -2781 -165 -2699 3249 2505
767 -3201 -196 -2931 3207 1742
758 -3913 -213 -3094 3078 1257
1029 -4271 -305 -3347 2814 776
1557 -4781 -315 -3521 2656 698
2026 -4954 -340 -3775 2417 951
2541 -4835 -392 -3916 2296 1326
2580 -4610 -362 -4065 2270 1929
2212 -4139 -371 -4114 2414 2225
1908 -3871 -455 -4077 2545 2172
1483 -3605 -589 -3925 2704 1782
1341 -3557 -601 -3816 2732 1404
1515 -3687 -481 -3730 2583 903
1861 -3813 -372 -3766 2396 714
2430 -3922 -247 -3949 2066 676
2903 -3973 -119 -4134 1775 776
3184 -3967 -157 -4411 934 1024
3423 -3874 -102 -4611 -398 1177
3745 -3143 249 -4692 -1103 1165
4106 -2562 649 -4754 -1092 998
4870 -1852 1018 -4746 335 710
5386 -1613 968 -4625 1585 495
5904 -1629 619 -4164 2487 168
6062 -1356 916 -3744 2035 -59
5964 -1067 1781 -3263 796 -611
6063 -545 3490 -3192 -189 -1576
6326 -254 5061 -3293 -766 -2463
6990 -390 5481 -3160 -815 -3870
7833 -1042 5586 -2599 16 -4693
8384 -1580 5567 -1102 1546 -5429
8712 -2773 5307 758 2503 -5590
8423 -3127 5472 1895 2885 -5620
8282 -3416 5460 3194 3714 -5886
7742 -3486 4742 4158 4920 -6600
7068 -3913 3002 4799 5480 -7202
6988 -4355 1531 5799 5620 -7911
7336 -4840 -342 6169 6066 -7983
7344 -4867 -2555 5916 7361 -7045
5715 -5377 -5255 7335 6804 -7415
5829 -4790 -4872 8300 5472 -7815
5517 -5257 -4549 8187 4964 -8024
5328 -5197 -4452 7220 4148 -8117
4776 -5474 -4593 6400 3832 -8089
4605 -5530 -4944 5369 3535 -7825
4220 -5465 -5237 4844 3291 -7293
3602 -5323 -4995 4675 3132 -6915
3205 -5463 -4884 4610 3099 -6473
2416 -5708 -4847 4695 3226 -6304
1514 -5826 -4772 4911 3522 -6250
-197 -6716 -4032 4770 3747 -6400
-345 -7357 -3093 4305 3727 -6281
173 -6993 -2422 3136 3662 -5324
590 -5712 -1675 2167 3651 -4269
280 -5004 -1695 832 3533 -2663
-747 -4244 -2570 174 3372 -1653
-1454 -3352 -3562 221 3211 -1308
-1651 -2937 -3900 768 2764 -1030
-1525 -2358 -3946 1437 2156 -735
-1417 -1979 -3739 1784 1888 -484
-1088 -1504 -3325 2037 1767 32
-684 -1125 -2973 1996 1826 508
2461 1496 -2882 1143 -1191 2263
2669 1442 -2502 1255 -66 2711
2701 1430 -1963 1188 747 2953
2374 1401 -1772 937 1669 3089
1838 973 -1799 675 1778 2914
1543 318 -2029 589 1338 2727
1510 -53 -2199 648 439 2520
2080 -599 -2426 891 -219 2671
2777 -1275 -2186 1024 -533 3002
2971 -1517 -1839 1057 -729 3687
2940 -1603 -1167 809 -518 4353
2807 -1647 -748 483 -240 4706
2480 -1537 -218 -181 258 5052
2099 -1337 25 -660 610 5150
1819 -1214 51 -1339 1068 5113
1433 -1211 -86 -1857 1413 4911
1193 -1338 -540 -2056 1613 4752
1113 -1441 -801 -2157 1846 4591
1085 -1651 -835 -2172 1883 4573
1128 -1766 -665 -2294 1619 4705
1199 -1848 -388 -2525 1031 4990
1235 -1869 -246 -2702 471 5207
1188 -1851 -339 -2861 -325 5461
1030 -1861 -632 -2839 -577 5508
1825 -2573 -887 -3950 1730 4648
1645 -2541 -681 -4039 1699 4488
1465 -2579 -641 -4172 1571 4032
1200 -2503 -780 -4187 1480 3608
1154 -2472 -883 -4058 1375 2959
1287 -2467 -900 -3921 1305 2617
1493 -2472 -797 -3757 1219 2341
1999 -2601 -649 -3685 1298 2398
2458 -2693 -601 -3678 1462 2627
2881 -2515 -614 -3639 1779 3115
2855 -2185 -648 -3558 1989 3365
2558 -1749 -631 -3397 2246 3465
1970 -1457 -532 -3285 2379 3265
1679 -1442 -411 -3186 2561 2617
1715 -1631 -285 -3167 2620 2080
2086 -1795 -227 -3209 2487 1433
2784 -2196 -305 -3240 2224 1202
3053 -2439 -437 -3238 1732 1031
3096 -2451 -606 -3084 1236 872
2988 -2239 -561 -2818 675 604
2919 -1992 -340 -2642 300 345
3019 -1945 -74 -2479 -67 -147
3310 -2316 436 -2500 -35 -504
3679 -2635 698 -2686 380 -909
4432 -2875 642 -2773 759 -961
5200 -2619 392 -2635 943 -774
5569 -2164 284 -2130 1250 -334
5452 -1373 380 -1677 1497 -119
5019 -1159 655 -1054 1730 -329
4391 -1455 1218 -709 1410 -1266
4344 -1834 1504 -591 904 -2076
5021 -2728 2051 -544 -140 -3081
6230 -3580 2983 -641 -673 -3471
6993 -3930 3660 -868 -461 -3680
7571 -4523 3922 -746 975 -3818
7255 -5675 2966 339 2421 -4292
6999 -6993 2123 1540 2741 -4711
7154 -7758 2247 3276 2140 -5336
7910 -8701 2647 4059 1790 -5755
8304 -9254 2554 4753 2459 -6520
8590 -10196 1517 5104 3369 -7044
8566 -10772 469 5730 4384 -7606
8181 -11175 -918 6365 4471 -7845
7419 -11142 -1938 6697 4303 -7916
-3420 -10046 -8275 6274 2925 -7878
5578 -9475 -3007 6346 2615 -8218
5147 -9375 -3724 6458 2864 -8791
5309 -9195 -4195 6441 2351 -8978
5056 -8972 -4398 6298 2147 -8910
4680 -8567 -4455 5880 2184 -8677
4019 -8084 -4755 5429 2488 -8404
3603 -7605 -5098 5162 2672 -8149
-642 -3465 -3197 281 2288 -4601
-910 -3165 -2986 116 2079 -4156
-1230 -2973 -2861 62 2032 -3817
-1708 -2608 -2683 61 2095 -3255
-2075 -2174 -2520 107 2206 -2800
-2299 -1805 -2412 183 2322 -1959
-2364 -1535 -2544 293 2205 -951
-2374 -1205 -2586 407 1673 158
-2309 -972 -2577 461 1265 891
-2084 -611 -2623 534 922 1947
-1821 -360 -2696 561 870 2627
-1427 -178 -2885 570 964 3579
-1075 -92 -2980 539 1036 4164
-772 -76 -2885 377 949 4951
-456 -116 -2673 169 810 5405
-50 -267 -2038 -133 693 5777
268 -403 -1634 -774 479 6218
782 -602 -1570 -1357 144 6577
1242 -953 -2005 -1526 -143 6783
1325 -1226 -2186 -1499 -481 6931
1448 -1667 -2246 -1374 -630 6898
2039 -2267 -2064 -1142 -861 6853
2314 -2447 -1651 -1057 -1093 6854
2521 -2457 -787 -1174 -1006 6822
2468 -2410 -208 -1667 -236 6629
2254 -2254 286 -2394 966 6238
2036 -2040 61 -2810 1687 5938
1856 -2115 -270 -3127 2307 5496
1639 -2374 -841 -3094 2374 5258
1651 -2540 -1140 -2713 2009 5092
1734 -2654 -1274 -2331 1518 5122
1718 -2651 -1159 -1754 780 5251
1632 -2578 -779 -1460 521 5309
1536 -2476 -414 -1289 549 5263
1348 -2324 69 -1367 729 5129
1215 -2283 272 -1680 1080 4813
1056 -2331 360 -1947 1280 4571
957 -2526 230 -2309 1395 4216
1063 -2922 -172 -2437 1254 4046
1257 -3224 -462 -2398 738 3973
1522 -3432 -608 -2272 222 4033
1668 -3488 -649 -1992 -504 4174
1767 -3520 -484 -1723 -717 4224
1694 -3498 -43 -1666 -536 4131
1644 -3527 231 -1822 152 3818
1772 -3693 376 -2048 794 3584
1977 -3838 295 -2318 1466 3399
2073 -4020 199 -2725 2307 3201
2018 -4228 -41 -3050 2831 3014
1864 -4304 -216 -3199 3004 2867
1710 -4567 -384 -3358 2998 2633
1780 -5105 -471 -3451 2873 2499
2011 -5376 -437 -3634 2628 2427
2603 -5535 -307 -3889 2458 2596
3087 -5274 -153 -4093 2407 2795
3122 -4792 -93 -4356 2552 3041
2855 -3984 -31 -4534 2900 2995
2476 -3451 -163 -4574 3172 2757
2280 -3274 -355 -4423 3483 2179
2158 -3038 -464 -4222 3443 1744
2173 -2853 -393 -3883 2884 1172
2427 -2623 -236 -3609 2020 836
2652 -2421 115 -3527 1360 718
2763 -2211 381 -3567 343 608
2985 -1673 718 -3656 -198 547
3105 -1173 1078 -3833 -579 417
3171 -980 1266 -4006 -394 171
3432 -837 1501 -4105 -19 -24
3677 -915 1569 -4173 710 -252
3897 -1050 1546 -4157 1120 -341
4011 -1151 1461 -3957 1312 -359
4045 -922 1456 -3714 1157 -327
3989 -729 1479 -3170 706 -291
3955 -545 1617 -2529 506 -442
4133 -634 1778 -2135 658 -634
4433 -700 1977 -1613 1165 -969
4597 -716 1947 -1262 1415 -1161
4678 -804 1951 -721 1219 -1404
4820 -953 2252 -429 781 -1595
5008 -1056 2518 -93 401 -2027
5501 -1683 2872 114 595 -2641
6261 -2704 2575 322 834 -3088
6786 -3367 2203 921 1219 -3795
7250 -4340 1850 1422 1406 -4353
7257 -4696 1776 2076 1876 -5444
7222 -5178 1567 2486 2417 -6598
7234 -5347 1401 2671 2733 -7221
7147 -5556 563 3105 3183 -7835
7222 -5324 125 3519 3752 -8015
6878 -5149 -906 4334 5247 -8040
6594 -5092 -2043 4859 6153 -7838
6238 -5011 -3024 5449 6985 -7293
5471 -2911 -3698 5055 7034 -6129
3869 -3628 -6835 5865 7183 -6335
3569 -3311 -7308 6494 5320 -6692
3445 -3599 -7708 6752 4292 -6987
3768 -3774 -7721 6660 3511 -7186
4154 -4094 -7506 6368 3468 -6829
4026 -4321 -6739 6069 3808 -6404
3766 -4680 -6233 5485 5113 -5869
2970 -5358 -6443 5187 5986 -5694
1891 -5728 -6487 4912 6199 -5816
141 -6329 -5909 4424 5117 -6289
-728 -6762 -5171 3903 4053 -6515
-809 -6240 -4526 2943 2337 -6387
-672 -4728 -3579 2303 1402 -5965
-658 -4069 -3177 1530 804 -5047
-814 -3427 -2807 1214 953 -4387
-986 -3146 -2813 1048 1642 -3447
-1155 -2894 -2962 1170 2361 -2499
-1098 -2308 -2950 1325 2714 -1430
-1175 -1709 -2921 1446 3118 -431
-1280 -1117 -2789 1467 3472 111
-1373 -430 -2789 1411 4181 850
-1507 161 -2880 1349 4360 1037
-1527 535 -2930 1202 4071 1133
-1431 898 -3024 950 1208 3622
1597 479 -2122 1088 1482 3813
1345 342 -1896 1088 1738 3909
961 164 -1340 916 1634 3865
918 -40 -1027 435 1090 3790
1345 -496 -829 60 556 3845
1856 -941 -611 -511 -561 4199
2329 -1389 -461 -859 -1289 4555
2582 -1828 -551 -1192 -1835 5027
2664 -2215 -741 -1232 -1866 5248
2529 -2353 -842 -1117 -1521 5341
2235 -2314 -855 -969 -1094 5265
2087 -2176 -706 -786 -369 5051
1901 -1984 -390 -784 185 4867
1738 -1945 -301 -870 474 4784
1714 -1992 -361 -1037 944 4762
1777 -2173 -571 -1230 1297 4876
1811 -2332 -651 -1363 1293 5010
1783 -2347 -671 -1571 865 5222
1652 -2220 -630 -1678 456 5315
1457 -2104 -599 -1800 -5 5265
1177 -1952 -477 -1905 -136 4983
1030 -1923 -438 -1990 -24 4716
948 -1909 -320 -2205 422 4285
1015 -1879 -234 -2403 825 4053
1246 -2041 -279 -2754 1418 3845
1567 -2310 -486 -3040 1778 3869
1849 -2382 -752 -3163 1773 3987
1849 -2293 -890 -3192 1584 4178
1558 -2114 -1026 -3132 1470 4198
1142 -2088 -830 -3039 1457 3956
902 -2076 -550 -3124 1546 3440
738 -2100 -122 -3442 1564 2841
798 -2151 12 -3716 1521 2528
1054 -2167 15 -3990 1432 2338
1295 -2338 -109 -4305 1264 2288
1599 -2632 -309 -4450 1161 2469
1898 -2821 -579 -4432 1167 2687
2165 -2893 -795 -4204 1103 3151
2225 -2747 -880 -3955 982 3484
2211 -2552 -874 -3511 775 3890
2139 -2208 -641 -3221 764 4035
2240 -1992 -416 -2869 1081 4081
2279 -1714 -105 -2742 1499 3995
2215 -1717 -44 -2683 2285 3648
2253 -2053 -180 -2692 2769 3297
2487 -2399 -289 -2734 3149 2769
2893 -2859 -437 -2772 3177 2475
3161 -2923 -529 -2793 3069 2151
3392 -2816 -626 -2764 2846 1982
3252 -2704 -617 -2672 2167 1631
2975 -2656 -605 -2512 1096 1017
3130 -2592 -418 -2401 368 502
3694 -2414 -217 -2282 -216 -133
4954 -2025 194 -2247 -38 -306
5736 -1803 420 -2229 1034 -147
6292 -1333 586 -2133 2242 202
6073 -882 807 -1995 2565 307
5745 -734 1027 -1697 2187 -24
5547 -709 1442 -1335 1432 -900
5920 -1021 1845 -1107 1077 -1609
6336 -1447 2261 -927 579 -2575
6908 -2270 2885 -915 149 -3092
7253 -3190 3436 -915 -228 -3755
7349 -3895 3766 -759 22 -4387
7407 -5226 4034 -327 560 -5028
7098 -6537 3777 234 795 -5476
7088 -7256 3265 1657 1036 -6048
7017 -8018 2867 2836 1169 -6361
7062 -8787 2733 4387 1359 -6706
7220 -9651 2661 5090 1633 -6860
7423 -10188 2363 5676 2198 -7049
7670 -10669 1630 5953 2907 -7130
7763 -11407 249 6213 3683 -7189
7545 -11703 -820 6570 4323 -7198
6366 -11393 -696 5632 4586 -6202
4819 -11821 -5085 6461 1552 -6725
4424 -10174 -3267 6760 249 -7599
4627 -9815 -2984 6214 -429 -8687
4920 -9603 -2734 5585 234 -9096
4915 -9531 -3111 4674 1310 -9034
4408 -9437 -3926 4145 2086 -8556
3866 -8863 -4307 3930 2308 -8113
3345 -8359 -4320 3663 2436 -7477
2369 -7535 -4116 3443 2445 -7197
1786 -7060 -3838 2974 2374 -7051
962 -6619 -3573 2599 2315 -7100
414 -6509 -3444 2069 2433 -7289
99 -6273 -3380 1780 2609 -7331
-102 -5915 -3284 1550 2781 -7204
-254 -5453 -3190 1313 3006 -6666
-539 -4654 -2903 1142 3163 -5842
-976 -4072 -2784 1046 3241 -5249
-1385 -3810 -2875 983 3286 -4469
-1859 -3225 -3006 1002 3229 -4028
-2059 -2764 -2943 1010 2943 -3433
-2207 -2262 -2844 915 2561 -2888
-2274 -1945 -2650 760 2277 -2570
-2457 -1537 -2441 436 1859 -2137
-2517 -1302 -2443 244 1657 -1823
-2278 -998 -2433 65 1417 -1146
-1982 -735 -2388 -5 1326 -521
-1676 -349 -2440 -42 1403 579
-1537 -83 -2585 -11 1484 1348
-1398 299 -2762 85 1454 2468
-1284 474 -2791 136 1362 3150
-1129 508 -2543 106 1267 3741
-928 397 -2300 -184 1109 4463
-392 222 -2151 -491 987 4890
-64 139 -2101 -985 652 5510
402 36 -2034 -1272 250 5890
913 -195 -2015 -1509 -399 6405
1175 -411 -1795 -1558 -890 6793
1373 -593 -1531 -1553 -1119 6942
1420 -648 -1300 -1465 -1305 6945
1378 -821 -1594 -1268 -1264 6815
1672 -1256 -1948 -736 -895 6592
2243 -1881 -2020 -198 -410 6496
2486 -2072 -1519 2 18 6476
2545 -2130 -1088 -71 1039 6433
2356 -2165 -458 -389 1900 6342
2146 -2095 -113 -1189 2991 6065
1765 -1939 12 -1800 3365 5800
1516 -1932 -93 -2582 3358 5342
1212 -2092 -360 -2925 3052 5030
1117 -2289 -503 -3148 2291 4637
1102 -2522 -580 -3138 1692 4461
1189 -2637 -622 -2933 876 4361
1366 -2793 -632 -2704 523 4386
1449 -2826 -557 -2329 407 4499
1561 -2816 -308 -2129 576 4592
1630 -2835 -111 -1976 1042 4723
1643 -2844 143 -1986 1420 4782
1577 -2804 191 -2077 1927 4771
1372 -2686 77 -2124 2107 4688
1190 -2703 -85 -2103 2033 4433
1061 -2901 -387 -1999 1805 4210
1083 -3107 -493 -1784 1349 3881
1310 -3340 -456 -1659 1067 3713
1517 -3472 -327 -1592 774 3580
1698 -3595 1 -1662 704 3536
1745 -3616 201 -1951 868 3465
1829 -3671 342 -2378 1304 3347
1821 -3819 410 -2700 1639 3223
1859 -3998 287 -3160 2090 2972
1844 -4212 110 -3504 2428 2661
1834 -4637 -70 -3670 2589 2427
1913 -4954 -103 -3887 2731 2103
2268 -5350 -14 -4054 2780 1978
2693 -5439 138 -4358 2715 1975
2855 -5235 199 -4679 2458 2115
2698 -4649 140 -4819 2264 2172
2245 -4078 -42 -4847 2115 2032
1964 -3681 -161 -4625 2043 1627
1755 -3305 -328 -4212 1951 1109
1721 -3188 -277 -3913 1872 769
1892 -3145 -165 -3532 1695 406
2259 -3059 95 -3383 1540 320
2428 -2916 253 -3348 1230 353
2511 -2528 471 -3496 821 425
2466 -2098 483 -3622 570 432
2411 -1850 481 -3755 219 325
2389 -1649 467 -3803 34 172
2522 -1629 434 -3800 -15 -95
2905 -1503 439 -3723 248 -272
3365 -1357 460 -3644 528 -295
3437 -1163 577 -3478 812 -236
3478 -896 551 -3226 865 -155
3408 -650 643 -3018 742 -138
3486 -474 830 -2718 469 -140
3843 15 1335 -2587 370 -133
4061 197 1718 -2487 576 -151
4368 210 2063 -2393 1029 -307
4635 136 2352 -2266 1238 -499
4807 48 2561 -1955 1291 -893
5105 -218 2927 -1694 1229 -1243
5392 -526 3009 -1142 975 -1889
5837 -1202 2931 -283 759 -2643
6564 -1841 3063 382 795 -3151
7151 -2473 3283 1243 1082 -3826
7759 -3251 3702 5613 4617 -6604
5052 -4998 -5673 7154 6034 -7536
3882 -5393 -7764 7931 5062 -8114
4166 -5131 -6438 7714 2215 -8415
4275 -5186 -5713 6831 1486 -8431
4332 -5110 -5451 5469 2446 -8106
4073 -5190 -5864 4891 3331 -7617
3720 -5359 -6049 4461 4166 -6774
2682 -5638 -6200 4270 4814 -6312
1439 -5921 -6020 4152 5174 -6238
613 -6325 -5879 3807 4884 -6303
-280 -6646 -5123 3345 4044 -6311
-452 -6416 -4555 2351 2654 -6025
-461 -5427 -3656 1297 2091 -5262
-1303 -279 -2701 1970 2609 736
-1149 624 -2710 1728 2376 952
-1077 965 -2823 1390 1622 1110
-1014 1114 -2857 1194 1065 1095
-676 1171 -2824 1016 539 1039
-194 1195 -2784 805 -65 1083
528 1212 -2667 704 -259 1261
920 1234 -2618 626 -207 1671
1299 1230 -2570 625 220 2129
1424 1141 -2526 655 571 2392
1521 1040 -2495 710 918 2600
1389 988 -2491 838 1285 2776
1024 851 -2313 907 1281 2777
857 685 -2102 904 771 2668
671 315 -1659 804 295 2568
734 4 -1342 524 -321 2504
1058 -509 -943 142 -731 2676
1504 -958 -890 -91 -905 2978
2023 -1595 -1037 -277 -1034 3610
2220 -1855 -1295 -225 -914 4064
2421 -2045 -1652 93 -404 4729
2339 -1955 -1520 335 -1 5101
2164 -1854 -1257 537 610 5457
1815 -1772 -838 507 968 5556
1560 -1666 -529 168 1322 5523
1291 -1530 -279 -205 1338 5431
1123 -1527 -310 -823 1188 5228
1016 -1740 -465 -1372 1010 5034
1088 -1838 -623 -1655 824 4965
1225 -1915 -691 -1876 557 4957
1279 -1963 -612 -2149 40 5018
1315 -1919 -528 -2349 -372 5085
1209 -1932 -590 -2415 -380 5079
1099 -1996 -604 -2456 3 4964
1184 -2185 -751 -2483 383 4864
1476 -2436 -905 -2492 882 4841
1728 -2657 -955 -2536 1063 4900
1801 -2713 -986 -2626 1111 5014
1747 -2502 -1014 -2697 938 5039
1485 -2247 -958 -2731 780 4931
1281 -2191 -867 -2795 610 4574
1060 -2081 -799 -2849 601 4237
1001 -2048 -759 -2936 887 3693
1101 -2222 -610 -3096 1201 3289
1248 -2396 -504 -3260 1272 3136
1456 -2737 -447 -3532 1294 3083
1708 -1993 -819 -3193 3615 3681
1715 -2523 -962 -3013 3630 3061
1924 -2960 -873 -2781 3489 2194
2427 -3510 -673 -2665 3268 1610
2883 -3913 -581 -2635 3110 1397
2911 -3956 -415 -2681 2506 1182
2652 -3766 -269 -2759 1226 880
2355 -3563 -266 -2746 214 572
2417 -3409 -329 -2579 -981 8
2944 -2961 -380 -2383 -1339 -307
3520 -2499 -93 -2083 -1135 -565
3908 -2235 248 -1937 -152 -548
4158 -1878 947 -1993 694 -423
4215 -1720 1137 -2191 1616 -194
3998 -1506 1275 -2356 1460 -109
4000 -1373 1242 -2347 881 -169
4214 -1309 1237 -2132 102 -445
4574 -1194 1382 -1873 19 -741
4897 -1242 1549 -1344 518 -1273
5498 -1448 1992 -969 1026 -1597
6031 -1565 2471 -508 1567 -1872
6427 -1980 3261 -257 1666 -2088
6274 -3259 3599 -129 1412 -2467
6189 -4409 3498 240 583 -3528
6682 -5746 3425 951 -541 -4824
7484 -6917 3648 1556 -987 -5676
7966 -7790 3654 2644 -397 -6896
8458 -8803 3308 3509 912 -7545
8500 -9597 2751 4834 2833 -8037
8336 -10592 1654 5933 3964 -8073
7928 -11064 779 6364 4401 -8004
7441 -11148 136 6516 4593 -8045
6786 -11015 -1080 6424 4412 -8181
25 -9193 -475 5445 4310 -8391
5965 -9906 -3633 5060 2560 -7791
5200 -10723 -5589 5686 1537 -8176
5563 -9735 -4935 6049 -33 -8654
5450 -9741 -4554 5557 -395 -8967
5298 -9089 -4252 4997 76 -9005
4879 -8903 -4299 4190 1326 -8799
4273 -8487 -4744 3756 2601 -8312
3806 -8239 -5145 3701 3166 -7870
3004 -7679 -5158 3631 3412 -7190
2153 -7120 -4691 3423 3392 -6832
1529 -6870 -4364 2880 3449 -6539
744 -6491 -3942 2411 3469 -6454
502 -6080 -3834 1739 3321 -6234
155 -5263 -3640 1367 3209 -5990
-149 -4765 -3474 953 3250 -5560
-613 -4356 -3312 756 3436 -5296
-1251 -3750 -3272 623 3659 -4931
-1678 -3372 -3421 652 3672 -4658
-1937 -3141 -3431 792 3494 -4164
-2341 -2796 -3257 859 3317 -3780
-2398 -2468 -3133 820 2906 -3070
-2369 -2066 -2939 674 2481 -2498
-2407 -1509 -2643 295 1844 -1633
-2352 -1066 -2524 3 1598 -1089
-2325 -811 -2532 -373 1449 -355
-2280 -412 -2700 -527 1375 92
-2252 -215 -2903 -537 1198 737
-2122 -123 -3161 -400 1030 1189
-1756 -153 -3378 -75 794 1976
-1412 -178 -3342 135 709 2580
-878 -107 -3144 336 742 3549
-396 -26 -2885 370 759 4196
-117 44 -2680 270 542 5112
72 204 -2100 88 152 5596
185 194 -1610 -369 -568 6036
450 77 -939 -765 -1022 6171
784 -104 -779 -1281 -1650 6242
1009 -501 -737 -1522 -2042 6145
995 -997 -970 -1480 -2040 5951
1003 -1271 -1106 -1172 -1494 5549
1497 -1690 -1220 -872 -912 5363
1972 -1988 -1157 -470 -27 5399
2500 -2326 -970 -308 559 5616
2573 -2425 -869 -266 1421 6035
2406 -2345 -687 -468 1994 6355
2186 -2189 -554 -705 2100 6430
1792 -1978 -431 -1106 1992 6294
1376 -1761 -350 -1367 1832 6041
1162 -1715 -315 -1690 1586 5495
1052 -1913 -257 -1942 1452 4922
1377 -2288 -346 -2063 1431 4648
1665 -2578 -431 -2157 1394 4486
1891 -2715 -496 -2175 1346 4494
1944 -2621 -544 -2127 1273 4579
1816 -2404 -463 -2033 1150 4602
1598 -2270 -339 -1988 1063 4498
1302 -2135 -201 -1949 983 4168
1122 -2047 -105 -1943 959 3892
1093 -2066 -79 -1963 925 3490
1192 -2300 -217 -1958 935 3278
1440 -2582 -420 -1840 1050 3164
1996 -2996 -684 -1633 1151 3358
2244 -3199 -617 -1547 1165 3603
2434 -3357 -284 -1615 1147 3983
2351 -3299 127 -1817 1208 4139
2222 -3230 327 -2290 1408 4124
1863 -3170 482 -2673 1559 3916
1606 -3437 455 -3258 1755 3326
1674 -4216 83 -3586 1853 2852
1927 -4803 -274 -3876 1925 2284
2352 -5390 -583 -3945 2010 2006
2862 -5454 -479 -3956 2052 2058
3061 -5287 -179 -4070 2144 2382
3106 -4859 210 -4230 2234 2653
2918 -4467 221 -4437 2493 2906
2566 -4026 120 -4488 2757 2885
2030 -3452 -123 -4387 3065 2582
1619 -3254 -379 -4214 3126 2251
1595 -3277 -477 -3884 2830 1747
1864 -3384 -482 -3575 2141 1445
2206 -3387 -337 -3421 1563 1376
2469 -3141 -201 -3251 605 1420
2633 -2840 -87 -3108 -253 1512
2678 -2337 151 -3008 -604 1452
2580 -1913 394 -2988 -500 1258
2642 -1673 513 -3030 103 857
2933 -1420 711 -3121 626 607
3353 -1396 794 -3338 1288 391
3668 -1373 716 -3555 1468 427
4011 -1183 544 -3605 1224 549
4131 -1004 450 -3470 429 733
4223 -598 598 -3270 -138 741
4309 -343 839 -2908 -376 467
4638 -123 1274 -2684 75 108
5056 -38 1561 -2450 1259 -492
5653 -125 1807 -2347 2000 -808
5756 -471 1826 -2195 2469 -1220
5874 -1023 2114 -2134 1620 -1663
5916 -1296 2731 -2201 475 -2110
6243 -1824 3443 -2221 -464 -3196
6647 -2485 3732 -1991 -152 -4205
7373 -3758 3018 -1026 1041 -5781
7735 -4541 2646 509 2057 -6898
8021 -5304 2638 1435 2359 -7255
8092 -5474 2868 2281 2910 -7361
8024 -5474 2913 2518 3673 -7288
7809 -5253 2368 2869 5367 -7144
6739 -5190 -58 4076 6997 -7037
5856 -5020 -2097 4906 7031 -7066
5442 -4775 -3259 6138 6636 -7192
4572 -3274 -5795 5298 5838 -6402
5035 -2906 -5529 6462 7579 -6625
4720 -3370 -6888 7431 6398 -6760
5214 -3563 -6533 7310 4625 -6604
5611 -4023 -6351 6769 4594 -6561
5450 -4241 -6322 5831 5598 -6569
4907 -4629 -6783 5433 5941 -6534
4319 -4674 -6998 5288 5346 -6408
3411 -4653 -6676 5370 4093 -6329
2474 -4886 -5774 5331 3484 -6366
1633 -5133 -5008 4908 3227 -6641
1017 -5569 -4225 4396 3185 -6781
966 -5948 -4157 3567 3080 -6589
1275 -5835 -3829 3046 2931 -6066
1259 -5363 -3473 2275 2644 -4882
-1630 -176 -2379 1392 2376 -349
-1402 105 -2325 837 1853 -235
-1053 430 -2470 504 1418 -68
-867 545 -2571 115 744 261
-586 689 -2604 -113 176 638
-305 841 -2745 -102 -16 915
102 1049 -2960 175 15 1351
321 1149 -3047 474 208 1622
537 1210 -3141 825 550 1855
621 1163 -3069 1317 1201 2138
751 1172 -2759 1516 1579 2314
754 1267 -2520 1557 1901 2563
522 1298 -2009 1385 1856 2659
390 1116 -1706 875 1339 2682
456 764 -1808 374 603 2695
713 437 -1927 171 121 2783
916 173 -1854 -17 -567 3055
1215 -209 -1759 -89 -933 3331
1595 -744 -1411 -151 -1210 3647
1838 -1064 -1221 -243 -1472 4157
1901 -1468 -993 -320 -1402 4596
1926 -1660 -1015 -318 -1054 4858
1995 -1790 -938 -310 -324 5231
2088 -1871 -869 -339 88 5478
2006 -1899 -692 -476 471 5782
1847 -1887 -562 -624 602 5910
1814 -1992 -636 -851 443 6034
1826 -2036 -801 -928 117 6087
1696 -1987 -994 -929 -390 6098
1747 -1912 -912 -900 -691 6084
1754 -1861 -726 -956 -1111 6006
1643 -1767 -338 -1091 -1295 5881
1612 -1699 -208 -1372 -1216 5632
1491 -1625 -172 -1648 -623 5305
1426 -1619 -305 -1787 -10 5089
1439 -1758 -513 -1940 987 4838
1475 -2020 -531 -2064 1495 4747
1475 -2221 -510 -2332 1905 4691
1477 -2392 -591 -2606 1951 4700
1457 -2409 -725 -2742 1835 4730
1405 -2343 -832 -2833 1553 4757
1212 -2296 -1002 -2808 1477 4713
1117 -2331 -1026 -2706 1609 4541
1142 -2564 -835 -2685 1710 4385
1280 -2821 -764 -2741 1635 4176
1356 -3024 -738 -2830 1413 3992
1422 -3069 -870 -2854 1227 3896
1412 -3062 -947 -2801 908 3768
1395 -3070 -1009 -2660 821 3634
1457 -3013 -964 -2564 962 3563
1622 -2850 -708 -2533 1360 3531
2415 -3074 -498 -2651 2170 1811
2873 -3358 -479 -2704 2300 1802
3047 -3467 -570 -2750 2337 1889
3921 -1806 12 -2263 455 -533
4402 -1863 189 -1954 -714 -638
5101 -1669 781 -1737 -900 -699
5566 -1515 1293 -1510 -233 -828
6060 -1578 2103 -1425 1183 -1056
6470 -1750 2717 -1421 2148 -1236
6560 -2087 2808 -1294 2816 -1617
6116 -2734 2925 -1050 2473 -2054
5730 -3433 2878 -358 1048 -3101
5817 -4642 3092 591 -297 -4390
6800 -6174 3945 1387 -1015 -5465
8193 -7519 4800 1788 -898 -5913
8651 -8568 4813 2546 175 -6408
8752 -10134 3942 3887 1881 -6957
8620 -11191 3043 5047 2798 -7331
8485 -12502 1880 6672 3610 -7795
8006 -13388 1130 7368 3719 -8129
7838 -13720 313 7893 3773 -8659
2843 -6387 6040 7951 6985 -8615
6993 -13953 -2745 7086 3794 -8332
6074 -13798 -3869 7533 4126 -9015
6031 -12504 -3753 7268 2778 -9396
5634 -12146 -4310 7094 2475 -9671
5634 -11511 -4491 6632 2032 -9705
5098 -11130 -4816 6279 2049 -9634
4529 -10486 -4840 5629 1886 -9441
4052 -10054 -4888 4905 1730 -9255
3466 -9551 -4800 4388 1762 -9178
2445 -8778 -4656 3618 1918 -9063
1773 -8169 -4393 3113 1968 -8883
1475 -7664 -4190 2389 2065 -8346
653 -6909 -3798 1747 2527 -7696
-32 -6479 -3586 1400 2972 -7305
-933 -5913 -3451 1148 3370 -6936
-1616 -5459 -3556 956 3739 -6337
-1940 -5066 -3607 923 3697 -5529
-2139 -4517 -3569 910 3414 -4823
-2337 -3614 -3432 806 2841 -3586
-2667 -3015 -3094 620 2455 -2777
-2771 -2487 -2886 195 1954 -1695
-2785 -1921 -2791 -237 1702 -789
-2675 -1531 -2804 -464 1670 -273
-2543 -1243 -2821 -685 1674 461
-2178 -900 -2931 -747 1637 969
-1812 -791 -3049 -698 1525 1818
-1310 -592 -3040 -614 1421 2441
-1076 -406 -2929 -521 1144 3349
3191 -1651 -1962 -316 -576 7608
3494 -1786 -1540 9 -199 8010
3199 -1719 -885 -24 243 8012
2699 -1409 -459 -440 725 7457
2157 -1040 -200 -863 757 6771
1585 -696 -215 -1452 689 5544
1415 -740 -215 -1813 708 4779
1392 -1051 -164 -2313 843 3951
1584 -1625 -308 -2592 1001 3667
1854 -2029 -481 -2858 1093 3687
2217 -2482 -774 -2903 980 3948
2313 -2615 -939 -2767 654 4522
2173 -2562 -1062 -2415 427 5049
1737 -2421 -894 -2043 501 5274
1296 -2303 -508 -1883 638 5218
1128 -2277 -242 -1831 889 4937
1073 -2298 32 -1905 1068 4715
1153 -2375 95 -2114 1332 4447
1285 -2594 60 -2277 1457 4337
1346 -2854 -84 -2470 1480 4247
1483 -2927 -364 -2449 1255 4253
1563 -2859 -508 -2321 999 4304
1517 -2921 -501 -2060 574 4332
1566 -3218 -413 -1851 309 4247
1670 -3415 -238 -1793 294 4127
1757 -3567 -33 -1871 591 3886
1922 -3744 204 -2040 971 3713
2050 -3862 294 -2439 1739 3488
2117 -4109 425 -2970 2514 3287
2118 -4334 251 -3310 2871 3156
2097 -4524 76 -3685 3074 2976
2094 -4943 -129 -3850 2991 2859
2198 -5234 -221 -3997 2694 2718
2414 -5481 -228 -4051 2511 2664
2535 -5468 -138 -4127 2382 2639
2667 -5109 73 -4182 2372 2650
2656 -4656 155 -4263 2414 2670
2447 -4037 59 -4257 2493 2622
2297 -3707 -114 -4112 2641 2421
2143 -3402 -358 -3810 2833 2108
2083 -3190 -235 -3533 2931 1751
2070 -3133 -104 -3419 2870 1422
2004 -3130 95 -3456 2591 1213
2047 -3154 210 -3657 1776 927
2216 -3098 340 -3941 832 702
2553 -2826 506 -4138 292 606
2790 -2724 566 -4396 -436 524
3233 -2718 519 -4481 -748 479
3608 -2657 472 -4419 -707 423
4207 -2172 626 -4261 -336 399
4556 -1717 812 -3933 508 407
5001 -1157 996 -3646 1080 416
5289 -711 1146 -3109 1623 412
5568 -251 1564 -2717 1733 337
5626 -256 2066 -2275 1653 -109
5816 -79 3092 -2147 920 -983
6325 -219 4035 -2126 19 -2147
7444 -621 4827 -1992 -81 -2968
8284 -1195 5057 -1357 1076 -3986
9049 -2408 4952 -119 2678 -4655
9164 -3794 4383 990 3164 -4925
9043 -4456 4055 2861 3147 -5373
8893 -5236 3600 4047 3156 -5867
8357 -5434 3294 5505 3634 -7080
7264 -5763 2439 6189 3844 -8035
3017 -5793 -4653 5562 2970 -7381
2277 -5587 -4908 5009 2232 -7545
1998 -5596 -4769 4407 1366 -7697
1869 -5737 -4293 4027 987 -7577
1845 -5906 -3864 3410 672 -7015
1590 -6078 -3460 2885 840 -6156
1441 -6002 -3309 2669 1176 -5477
899 -6183 -3117 2446 1933 -4549
564 -6189 -2895 2265 2513 -4031
238 -5529 -2417 1862 3399 -3295
-113 -4678 -2166 1385 4216 -2551
-637 -3852 -2470 1044 4552 -1890
-1005 -3027 -3117 987 4324 -1518
-1175 -2621 -3538 542 1644 557
350 1591 -3370 624 844 727
591 1608 -3480 764 225 822
947 1567 -3501 1024 -409 998
1463 1592 -3327 1185 -503 1152
1719 1686 -3199 1334 -259 1408
1862 1718 -2857 1347 45 1559
1839 1688 -2602 1225 497 1671
1556 1546 -2373 1031 841 1595
1125 1392 -2052 879 876 1436
930 1252 -1803 605 541 1144
875 935 -1668 408 166 987
922 572 -1777 375 77 1014
911 296 -1928 480 281 1262
1023 -94 -1849 584 677 1778
1041 -389 -1358 536 863 2240
1007 -538 -964 203 995 2987
989 -688 -514 -341 1004 3716
994 -793 -303 -749 949 4142
863 -914 -244 -1304 715 4632
741 -1140 -418 -1575 467 4841
677 -1331 -626 -1745 126 5005
624 -1532 -821 -1703 -35 5048
735 -1764 -1120 -1453 -190 5128
1044 -1930 -1248 -1208 -262 5246
1183 -1940 -1104 -934 -429 5487
1476 -1904 -866 -869 -582 5655
1443 -1865 -525 -1000 -799 5808
1431 -1816 -492 -1322 -856 5739
1161 -1782 -695 -1548 -653 5540
890 -1887 -802 -1859 78 4986
518 -2091 -704 -2118 669 4491
545 -2189 -658 -2579 1366 3827
727 -2321 -728 -3014 1811 3494
880 -2472 -881 -3245 2018 3454
1059 -2580 -1071 -3465 2114 3645
1436 -2785 -1366 -3524 1979 3930
1576 -2842 -1409 -3531 1455 4494
1563 -2891 -1387 -3503 998 4846
1437 -2859 -1310 -3433 425 5178
1160 -2875 -1086 -3365 93 5183
1003 -2789 -895 -3329 11 5043
968 -2722 -808 -3279 185 4736
1122 -2780 -706 -3258 601 4479
1703 -2974 -704 -3267 912 4449
2173 -3097 -721 -3298 1279 4668
2575 -2981 -638 -3390 1615 5028
2609 -2712 -485 -3486 1937 5207
2511 -2526 -448 -3638 2510 5255
2141 -2344 -532 -3704 2889 5086
1901 -2342 -577 -3730 3185 4548
1919 -2673 -681 -3646 2979 3836
2104 -3037 -738 -3528 2614 3371
2327 -3260 -736 -3275 2082 2736
2519 -3306 -778 -3048 1915 2366
2715 -3258 -747 -2668 1901 1935
3102 -3175 -555 -2443 1975 1754
3280 -3163 -344 -2285 2054 1535
3521 -3426 36 -2443 2025 1207
3888 -3758 348 -2712 1997 895
4544 -3506 267 -3042 2076 599
5369 -2614 -10 -3074 2010 601
5622 -2010 -77 -2792 1739 666
5676 -1222 258 -2465 1769 583
5580 -1086 950 -2089 2131 106
5811 -1289 1971 -2060 2501 -680
5891 -1762 2780 -2194 2137 -1284
5903 -2079 3134 -2420 394 -2279
6744 -3000 3159 -2429 -945 -2926
7606 -3507 3341 -2057 -1619 -3681
8563 -4480 4307 -1506 -610 -4313
8452 -5635 4965 -1049 424 -4813
7927 -6603 4771 108 1404 -5775
7273 -7892 4211 1818 1516 -6768
7206 -8724 4027 2977 1399 -7291
7733 -10095 3975 4313 1286 -7753
8967 -11835 3276 4977 1485 -7815
9494 -13034 2346 5953 2201 -7812
9352 -14252 1068 6974 2748 -8108
8495 -14989 -323 7661 3107 -8576
6745 -11691 -1235 7579 5533 -8736
6368 -15200 -2235 7707 2667 -8758
5264 -14328 -3947 8210 2575 -9779
5737 -12614 -2612 7681 1537 -10197
5421 -12426 -3448 6876 2249 -10519
5145 -11982 -4007 6111 2921 -10267
3984 -11527 -5092 5792 3230 -9922
3368 -10663 -5365 5478 3105 -9218
2369 -9392 -5212 5207 2754 -8707
1461 -8699 -4980 4617 2515 -8153
480 -7654 -4530 3831 2247 -7744
95 -7051 -4227 3229 1865 -7433
-269 -6389 -3827 2330 1251 -6920
-653 -6002 -3503 1775 1008 -6609
-1311 -5710 -3081 1088 1141 -6249
-1570 -5283 -2733 768 1463 -5991
-1582 -4915 -2573 522 2087 -5445
-1542 -4518 -2419 493 2522 -4947
-1418 -4229 -2178 463 2955 -3899
-1042 -3669 -1799 275 3020 -2508
-938 -3253 -1611 73 3039 -1555
-1181 -2567 -1561 -225 2970 -423
-1505 -2150 -1564 -395 2729 10
-1614 -1570 -1715 -486 2213 299
-1509 -1317 -1821 -434 1901 345
-1350 -1053 -1910 -315 1684 351
-1102 -812 -2047 -15 1497 448
-472 -351 -2267 391 1385 872
-64 -136 -2413 680 1414 1343
352 197 -2533 930 1598 1900
536 360 -2655 1152 1946 2806
686 656 -2907 1208 2027 3391
650 967 -2963 1083 1740 4125
490 1077 -2802 846 1339 4445
407 904 -2584 218 621 4680
519 551 -2055 -363 116 4744
771 355 -1595 -1395 -736 4887
1677 226 -1454 -2008 -1249 5160
2198 283 -1540 -2525 -1519 5798
2382 162 -1512 -2660 -1431 6342
2174 -212 -1561 -2585 -1281 6496
1947 -461 -1715 -2215 -928 6378
1829 -953 -2036 -1802 -694 6143
2043 -1398 -2273 -1026 -643 5799
2372 -1868 -2424 -466 -800 5647
2530 -2014 -2195 253 -892 5538
2720 -1983 -1485 519 -714 5529
2535 -1887 -654 453 -3 5525
2277 -1813 -171 -126 1071 5392
1935 -1607 341 -1045 2057 5126
1612 -1380 441 -1699 2498 4889
1413 -1365 313 -2516 2882 4487
1161 -1422 39 -2897 2974 4205
1052 -1548 -165 -3193 2864 3816
1002 -1794 -480 -3207 2652 3611
1033 -1990 -668 -2991 2224 3450
1117 -2145 -818 -2578 1811 3485
1271 -2229 -799 -2276 1553 3627
1435 -2294 -615 -1904 1198 3932
1354 -2385 -329 -1753 1052 4110
1229 -2433 -177 -1684 921 4219
1024 -2451 -89 -1709 898 4164
957 -2452 -115 -1748 944 3960
969 -2464 -255 -1734 941 3683
976 -2592 -393 -1682 898 3503
1069 -2736 -525 -1585 836 3271
1269 -2943 -529 -1539 848 3174
1369 -3108 -437 -1578 930 3106
1557 -3360 -288 -1696 1017 3098
1665 -3526 -201 -1985 1232 3099
1772 -3707 -144 -2233 1447 3096
1809 -3770 -189 -2646 1822 3047
1662 -4025 -181 -2951 2090 2934
1734 -4284 -143 -3431 2498 2686
1818 -4417 -181 -3881 2835 2453
2039 -4795 -357 -4126 3015 2328
2311 -4946 -419 -4407 3160 2285
2732 -4753 -543 -4514 3222 2388
2860 -4568 -522 -4587 2910 2645
2707 -4204 -481 -4592 2499 2764
2550 -3962 -488 -4173 426 76
3120 -2304 680 -4192 187 -153
3362 -2166 861 -4225 14 -441
4118 -1933 1472 -4272 127 -507
5013 -1626 1911 -4353 601 -245
5990 -1025 2274 -4322 1003 96
6178 -825 2214 -3920 1532 413
5776 -526 1930 -3315 1808 218
5525 -473 1840 -1996 1950 -724
5310 -981 2073 -1066 1720 -1676
5475 -1281 2698 -99 603 -3199
6385 -1901 3914 78 -254 -4085
7330 -2436 4536 -118 -223 -5073
8496 -3542 4592 -135 1430 -5699
8614 -4703 3363 365 2880 -6051
8231 -5433 2121 2111 4374 -6538
7166 -5949 1036 3583 4477 -6829
6667 -5881 1085 5287 4110 -7230
6507 -5640 1520 5850 4774 -7581
6648 -5468 1125 5722 6056 -7663
6542 -5536 6 5400 7997 -7462
4488 -3824 2259 4164 9046 -6351
4806 -5338 -6938 5636 8498 -6161
3998 -4947 -7554 8049 6932 -6277
3420 -4300 -7357 9374 5306 -6547
3226 -4277 -6313 9433 4592 -6758
3086 -4312 -5769 8648 4042 -6898
2891 -4248 -5081 7376 3813 -6806
2725 -4222 -4766 6500 3773 -6658
2429 -4354 -4886 5535 3844 -6428
1964 -4530 -5117 5058 3804 -6223
1626 -4748 -5123 4879 3628 -6075
838 -5215 -4947 4631 3274 -5874
601 -5592 -4550 4431 2995 -5632
647 -5597 -4018 4011 2625 -4980
799 -5045 -3012 3604 2592 -4381
793 -4596 -2394 2774 2925 -3411
745 -4150 -1919 2106 3311 -2772
739 -3558 -1895 1084 3845 -1782
469 -2833 -2538 602 4051 -1189
-92 -2447 -3285 329 3989 -621
-266 -2078 -3611 544 3373 -389
-331 -1440 -3842 1101 2440 -324
1037 1575 -3976 1560 -446 1118
1439 1524 -3925 1725 -583 1290
1858 1460 -3616 1908 -630 1561
2009 1497 -3360 1926 -563 1833
2054 1498 -3054 1849 -536 1964
2024 1396 -2858 1646 -629 2058
1963 1306 -2532 1451 -784 2041
1822 1235 -2229 1082 -1001 1892
1619 1109 -1904 699 -1055 1660
1369 950 -1526 459 -1010 1506
1252 847 -1281 131 -821 1370
1070 679 -915 -81 -581 1375
1145 397 -728 -400 -132 1584
1730 -237 -665 -593 50 1924
2201 -641 -735 -798 -137 2728
2693 -1026 -1078 -800 -434 3374
2731 -1129 -1274 -570 -628 4291
2462 -1095 -1108 -376 -548 4767
2180 -1032 -801 -233 -355 5199
1666 -951 -369 -261 -148 5288
1318 -875 -126 -480 333 5144
1008 -742 105 -827 945 4804
827 -727 276 -1124 1341 4552
790 -787 302 -1608 1849 4234
799 -921 243 -1932 2136 4099
828 -1087 162 -2397 2540 3990
839 -1260 168 -2715 2769 3977
857 -1304 188 -3219 2942 4031
851 -1347 86 -3685 2871 4151
804 -1447 -187 -3924 2690 4248
723 -1568 -470 -4098 2270 4383
729 -1734 -983 -3995 1742 4515
706 -1785 -1284 -3805 1384 4590
669 -1822 -1309 -3445 832 4638
544 -1873 -1098 -3236 491 4598
528 -1932 -944 -3024 150 4461
609 -2041 -923 -2938 101 4348
755 -2124 -984 -2842 251 4207
1210 -2400 -1008 -2868 426 4189
1404 -2602 -741 -3060 424 4206
1627 -2843 -325 -3583 208 4231
1792 -2795 -187 -3998 12 4256
1788 -2695 -222 -4552 -228 4256
1833 -2564 -496 -4788 -356 4231
1905 -2511 -658 -4916 -379 4176
2145 -2522 -746 -4896 -195 4148
2363 -2543 -707 -4795 389 4144
2934 -2553 -610 -4686 1204 4276
3666 -2260 -500 -4609 1824 4490
3969 -1925 -531 -4464 2682 4918
3729 -1564 -614 -4333 3066 5102
3296 -1504 -687 -4087 3290 4940
2509 -1603 -816 -3871 3216 4475
2177 -1647 -869 -3447 2816 3358
2183 -1664 -796 -3143 2458 2513
2611 -1785 -484 -2774 2053 1361
3207 -2082 -83 -2661 1906 750
3485 -2131 124 -2690 1404 90
3895 -1953 35 -2702 836 -174
4248 -1731 -143 -2545 -36 -338
4666 -1269 12 -2342 -371 -358
5080 -1217 491 -2165 -276 -366
5824 -1792 1229 -2307 883 -434
6779 -2298 1491 -2492 1908 -471
7353 -2518 1574 -2664 2618 -435
7267 -2397 1934 -2601 2046 -658
6382 -1941 2109 -2316 1349 -1198
5811 -1826 2188 -1472 601 -2661
5776 -2277 2639 -450 239 -4308
6596 -3295 3801 38 5 -5086
7330 -4118 4481 400 -81 -5563
8192 -5395 4991 567 210 -5519
8262 -6433 4602 1234 1092 -5384
8033 -7861 3334 2184 1781 -5434
8029 -8697 2490 4205 2280 -5672
8135 -9794 1688 5598 2344 -5946
8062 -10199 1508 7115 2388 -6634
7434 -10448 1267 7652 2405 -7657
7094 -10598 697 7592 2081 -8301
3679 -10661 -600 6118 3184 -8163
6547 -10107 -2167 5755 610 -7839
5270 -10704 -3519 6026 -547 -8323
5526 -9209 -2364 5774 -800 -8663
5347 -9395 -2496 5071 552 -8923
5129 -9065 -2649 4367 2383 -8693
4605 -8919 -3084 4039 3218 -8314
3638 -8440 -3497 3690 3567 -7636
2892 -7714 -3610 3476 3303 -7182
2409 -7256 -3527 3108 2607 -6651
1736 -6666 -3340 2833 2210 -6458
1406 -6278 -3223 2445 1977 -6334
1120 -5949 -3104 2239 2081 -6296
744 -5551 -3040 2087 2364 -6253
555 -5240 -2945 1991 2914 -6069
371 -4825 -2795 1957 3227 -5830
201 -4438 -2580 1868 3509 -5280
-82 -3790 -2403 1783 3568 -4848
-277 -3455 -2370 1648 3540 -4213
-709 -3060 -2464 1560 3453 -3869
-980 -2808 -2499 1412 2931 -3543
-1236 -2356 -2574 1284 2127 -3371
-1299 -2092 -2589 1225 1669 -3275
-1197 -1719 -2437 1154 1330 -3140
-1119 -1612 -2338 1001 1102 -2844
-1041 -1526 -2167 765 1156 -2434
-1013 -1411 -2101 591 1299 -2084
-897 -1138 -2099 344 1557 -1428
-785 -1004 -2171 201 1723 -900
-646 -711 -2353 97 1914 -321
-668 -429 -2511 -8 2022 597
-628 102 -2862 -11 1826 1225
-530 401 -3135 83 1186 2143
-400 562 -3400 201 715 2696
-312 580 -3377 321 266 3393
-13 735 -3126 303 157 3810
312 912 -2893 86 79 4446
623 954 -2377 -198 7 4835
734 910 -2043 -762 -78 5245
809 772 -1672 -1159 -68 5399
847 604 -1460 -1695 -158 5473
1142 165 -1449 -2008 -621 5497
1501 -437 -1632 -2014 -1032 5541
1637 -753 -1845 -1708 -1544 5598
1697 -960 -2265 -1285 -1607 5605
1786 -1019 -2278 -514 -1152 5578
2005 -1200 -1761 -128 -700 5584
2073 -1329 -1227 65 -24 5660
2137 -1525 -608 -191 681 5757
2056 -1631 -170 -542 1133 5785
1932 -1647 -15 -1194 1650 5716
1647 -1641 75 -1838 1929 5468
1437 -1613 -13 -2178 1967 5224
1309 -1620 -85 -2498 1871 4797
1146 -1645 -224 -2591 1773 4488
1060 -1694 -323 -2541 1688 4048
1019 -1744 -465 -2402 1700 3798
1069 -1747 -519 -2114 1807 3557
1186 -1765 -555 -1901 1937 3507
1300 -1799 -535 -1629 2150 3580
1373 -1831 -463 -1510 2294 3689
1331 -1824 -338 -1455 2455 3885
1248 -1812 -316 -1521 2493 4021
1120 -1777 -290 -1592 2410 4054
972 -1803 -352 -1671 2078 3995
1047 -1988 -568 -1624 1548 3890
1186 -2293 -724 -1536 1155 3808
1427 -2539 -804 -1359 681 3704
1873 -2914 -806 -1223 453 3669
2061 -3032 -449 -1235 457 3654
2095 -3029 -168 -1495 679 3558
1959 -3076 255 -1836 959 3409
1856 -3119 407 -2511 1475 3038
1784 -3215 451 -2995 1819 2734
1855 -3438 338 -3666 2146 2270
2007 -3931 157 -4047 2176 2005
2163 -4331 24 -4499 2013 1689
2537 -4807 -161 -4730 1849 1561
2858 -5015 -253 -4966 1560 1566
3229 -5087 -308 -5067 1357 1678
3282 -4910 -308 -5146 1194 1910
3085 -4351 -320 -5124 1206 2035
2796 -3962 -307 -5012 1361 2057
2344 -3558 -336 -4796 1580 1851
2197 -3322 -408 -4587 1701 1640
2191 -3055 -573 -4320 1761 1438
2288 -2940 -646 -3858 1722 1213
2336 -2937 -642 -3420 1535 1064
2419 -2979 -579 -3173 1294 997
2490 -2991 -451 -2930 792 893
2549 -2836 -58 -2919 229 770
2545 -2509 324 -3119 -235 590
2540 -2165 525 -3307 -450 452
2569 -1633 640 -3539 -589 264
2748 -1483 725 -3639 -530 170
3008 -1413 870 -3747 -219 141
7323 -1308 5224 -1120 459 -3608
8313 -2401 4827 -170 963 -4731
9313 -3763 3661 964 1949 -5251
9606 -4570 2925 3129 3412 -5588
8901 -5158 2436 4474 4080 -5691
7528 -5585 2070 5847 4741 -6071
6931 -5935 1585 6449 5084 -6741
3008 -5207 -4926 6316 3474 -7130
2750 -4988 -4921 5723 3371 -7000
2360 -4834 -4906 5179 3240 -6793
1685 -4924 -4821 4819 3172 -6695
1136 -4974 -4663 4252 3186 -6613
581 -5398 -4285 3835 3230 -6528
369 -5594 -4051 3178 3114 -6197
367 -5202 -3825 2824 2928 -5775
415 -4634 -3559 2414 2518 -4900
226 -4099 -3303 2145 2330 -3985
-67 -3711 -3177 1992 2396 -3148
-132 -3093 -3061 1872 2351 -2320
-152 -2486 -2939 1777 2323 -1795
-346 -2262 -2866 1478 2748 -1076
-283 -1633 -2882 1323 3004 -810
-156 -1256 -3035 1195 3204 -419
-16 -801 -3389 1280 3248 -68
26 -333 -3551 1496 3115 181
23 25 -3446 1607 2904 287
7 525 -3352 1668 2654 340
-71 817 -3343 1665 2155 346
-31 1109 -3229 1566 1617 314
204 1194 -3159 1286 611 300
670 1167 -2990 1024 -13 353
1056 1015 -2901 611 -576 513
1236 1023 -2912 334 -582 719
1499 1006 -3027 280 -372 887
1590 962 -3066 377 150 1193
1650 974 -3138 534 580 1422
1687 982 -3131 865 1252 1839
1625 976 -2850 1119 1838 2286
1418 992 -2507 1134 2056 2528
992 893 -1924 821 1823 2740
790 605 -1369 397 1212 2785
782 389 -1011 -138 308 2823
946 130 -750 -1020 -1213 2966
1499 -377 -440 -1585 -2110 3224
1825 -654 -354 -2277 -3069 3807
2121 -1084 -317 -2657 -3309 4477
2010 -1248 -242 -2769 -3103 4838
1937 -1294 -281 -2762 -2376 5205
1685 -1279 -328 -2670 -1677 5333
1543 -1267 -462 -2421 -440 5380
1675 -1515 -728 -2218 383 5405
1885 -1790 -830 -1936 1230 5571
1973 -2095 -843 -1777 1425 5834
1900 -2183 -750 -1742 1166 6017
1864 -2138 -641 -1727 209 6249
1743 -2053 -651 -1681 -556 6331
1570 -2031 -763 -1459 -1254 6259
1275 -1949 -727 -1203 -1264 5948
1086 -1849 -457 -1123 -1004 5661
985 -1810 -199 -1222 -417 5206
939 -1836 85 -1438 36 4927
1016 -1964 139 -1880 759 4627
1124 -2093 97 -2214 1243 4499
1236 -2109 -50 -2673 1913 4449
1373 -2179 -286 -2903 2293 4494
1706 -2396 -740 -3086 2648 4678
1984 -2622 -1026 -3096 2625 4863
2093 -2729 -1322 -2976 2215 5101
1912 -2587 -1349 -2856 1832 5136
1539 -2434 -1356 -2635 1321 4912
1094 -2390 -1051 -2533 1087 4562
908 -2395 -649 -2604 907 3827
1035 -2397 -47 -2827 893 3325
1284 -2333 143 -3321 1053 2767
1765 -2441 138 -3655 1282 2581
2097 -2572 -31 -4050 1586 2583
2544 -2571 -320 -4224 1501 2866
2854 -2521 -510 -4198 1242 3178
3390 -2308 -724 -3949 847 3726
3562 -1800 -710 -3694 790 4030
3441 -1481 -598 -3299 1253 4177
3069 -1137 -345 -3020 2232 3834
2539 -928 -92 -2920 2912 3327
2244 -934 51 -2920 3494 2241
2058 -1229 239 -2969 3455 1425
2331 -1599 181 -3025 2733 372
3124 -2278 -86 -2985 1975 -74
3808 -2574 -271 -2754 848 -328
4947 -2340 -460 -2268 391 -128
5576 -2042 -59 -1905 591 90
5558 -1934 477 -1595 1390 111
5321 -1952 1068 -1582 1985 -203
5783 -2105 1275 -1694 2367 -953
6513 -2205 1336 -1785 2456 -1567
7456 -2005 1731 -1809 2481 -1788
7347 -2028 2015 -1694 1840 -2213
6470 -1964 2169 -1379 602 -2821
6110 -2011 2160 -402 -1427 -4217
6757 -2660 2896 678 -1948 -5629
8251 -3674 4661 1028 -1375 -6175
8984 -5004 5462 1094 377 -6354
8620 -5769 5062 1474 1842 -6268
7557 -6959 3344 2299 1937 -6370
7225 -7545 2360 4238 1446 -6888
7305 -8110 2141 6015 1235 -7639
8143 -9129 2009 6778 1649 -8094
8596 -10041 1644 7385 2818 -8445
8398 -10862 571 7586 3134 -8430
6033 -9413 5491 6424 3037 -7547
6255 -10278 -1923 6649 -544 -7441
5332 -9732 -1222 6617 -1785 -8050
5968 -8983 -648 5664 -2078 -8622
6005 -9321 -474 4799 -632 -8779
5586 -9114 -1280 3650 1971 -8579
4961 -9073 -1966 2942 3426 -8036
4133 -8522 -2757 2679 3618 -7603
3579 -8112 -3082 2477 3078 -7018
2890 -7621 -3253 2412 2394 -6812
1962 -6928 -3269 2329 1391 -6813
1414 -6500 -3069 2228 1019 -6945
1025 -5943 -2625 1924 943 -7065
1025 -5557 -2348 1651 1108 -6963
867 -4974 -2080 1189 1531 -6560
381 -4535 -1932 889 1835 -6239
96 -4329 -1941 508 2172 -5740
-91 -4049 -2186 359 2293 -5351
-268 -3874 -2446 337 2511 -4705
-402 -3688 -2448 412 2679 -4063
-578 -3396 -2381 435 2698 -3687
-941 -2864 -2232 396 2654 -3246
-1252 -2500 -2129 321 2553 -3030
-1541 -2010 -2037 165 2312 -2768
-1682 -1678 -1909 30 2185 -2590
-1685 -1544 -1859 -192 2073 -2212
-1588 -1395 -1904 -364 2006 -1621
-1594 -1241 -1996 -424 1928 -1112
-1493 -886 -2373 -368 1662 -168
-1374 -585 -2585 -235 1099 947
-1063 -228 -2670 -134 741 1761
-812 -85 -2679 19 484 3022
-513 108 -2613 91 500 3829
-298 302 -2525 103 683 4921
-167 446 -2139 -8 825 5519
-111 437 -1730 -455 1019 6153
192 419 -1135 -913 1067 6457
469 482 -966 -1624 799 6837
956 428 -1193 -1933 330 7074
1328 76 -1590 -1954 -586 7383
1712 -681 -2157 -1657 -1190 7518
1762 -1096 -2273 -940 -1871 7480
1897 -1529 -2101 -419 -2055 7312
2024 -1623 -1709 184 -1808 6950
2240 -1685 -977 385 -931 6605
2342 -1763 -543 267 -123 6428
2330 -1970 -91 -225 1175 6239
2411 -2177 -160 -643 1935 6175
2463 -2253 -374 -1194 2566 6188
2468 -2496 -860 -1426 2549 6232
2390 -2622 -1082 -1522 1881 6228
2199 -2598 -1188 -1431 1240 6117
1853 -2442 -1240 -1097 580 5732
1662 -2327 -1199 -822 546 5363
1629 -2218 -927 -514 1030 4808
1691 -2092 -458 -477 1519 4519
1741 -1991 -168 -700 2356 4247
1719 -1855 93 -996 2937 4143
1635 -1797 131 -1531 3685 4046
1442 -1726 -67 -1868 3960 3991
1226 -1773 -285 -2216 3876 3857
881 -1950 -550 -2343 3239 3624
716 -2106 -659 -2322 2653 3439
719 -2258 -761 -2166 1783 3195
1030 -2513 -796 -2034 1318 3107
1364 -2800 -750 -1872 888 3093
1845 -3448 -508 -1891 781 3170
2083 -3979 -196 -2058 943 3221
2184 -4265 -142 -2446 1426 3238
1931 -4228 95 -2779 1754 3150
1818 -4090 178 -3296 2005 2878
1624 -4098 165 -3745 2128 2477
1459 -4393 157 -4014 2195 2141
1518 -4594 168 -4396 2188 1641
1806 -4871 33 -4723 2039 1291
2300 -5041 -66 -4883 1863 1208
2656 -5004 -113 -5052 1551 1354
3172 -4804 -144 -5101 1367 1625
3467 -4499 -157 -5063 1140 2221
3391 -3884 -194 -4861 1097 2745
2939 -3426 -221 -4655 1234 2901
2616 -3159 -248 -4264 1607 2772
2228 -2723 -212 -3850 2053 2293
2082 -2460 -136 -3605 2320 1858
2059 -2270 -23 -3317 2544 1173
2207 -2097 175 -3208 2469 760
2305 -1954 275 -3144 2062 284
2443 -1860 333 -3144 1490 -69
2451 -1813 395 -3155 1051 -283
2407 -1537 561 -3173 469 -592
2548 -1121 725 -3170 263 -764
5116 343 2780 -1423 1555 -650
5436 156 2976 -527 2035 -1230
5921 -634 3258 240 2331 -1911
6186 -1422 3445 647 2016 -2372
6496 -1982 3577 1147 863 -3123
7135 -2872 3561 1522 366 -3740
7719 -3423 3255 2437 851 -4802
8140 -4446 2266 3374 1880 -5484
8183 -4991 1772 4879 3068 -6197
7974 -5726 1291 5907 3468 -6510
7562 -6020 976 6222 3589 -6689
6576 -6323 -164 6310 3781 -7123
6182 -6399 -935 6251 4409 -7732
4955 -7585 -1495 5391 6598 -7325
5995 -6004 -5247 5317 6043 -6976
5120 -6233 -6419 6917 5823 -6899
4970 -5131 -6026 7617 5239 -6720
4194 -5346 -5797 7889 5037 -6605
-298 -4672 -3826 3110 2231 -5513
-224 -4154 -3525 2937 2361 -4676
-245 -3647 -2955 2595 2669 -3285
-120 -3217 -2645 1982 3166 -1807
-206 -2636 -2646 1256 3753 -488
601 829 -2804 1596 982 1460
205 1003 -2536 1076 1102 1449
45 1045 -2402 352 900 1289
97 1032 -2307 -2 581 1209
302 953 -2208 -283 -34 1294
636 776 -1947 -347 -517 1503
845 631 -1848 -266 -1203 1974
1152 310 -1887 -87 -1446 2348
1362 110 -1840 301 -1339 2947
1702 -145 -1435 520 -1021 3377
1945 -313 -1071 623 -420 4063
2196 -471 -567 437 206 4752
2240 -542 -317 190 629 5170
1998 -455 -110 -415 1190 5724
1801 -397 -90 -701 1205 5834
1466 -412 -144 -1020 1007 5773
1217 -701 -191 -1165 802 5611
1206 -992 -293 -1286 466 5272
1301 -1408 -476 -1287 209 4955
1448 -1576 -659 -1212 152 4826
1698 -1656 -603 -1144 194 4773
1764 -1575 -230 -1215 247 4793
1771 -1543 -40 -1520 424 4836
1646 -1474 54 -1952 817 4839
1557 -1325 -119 -2230 1064 4822
1442 -1214 -460 -2463 1333 4760
1303 -1133 -828 -2483 1442 4682
1340 -1245 -933 -2444 1438 4564
1499 -1505 -929 -2445 1264 4516
1599 -1703 -949 -2460 805 4468
1768 -1987 -1113 -2436 325 4406
1810 -2071 -1234 -2373 130 4333
1726 -2029 -1250 -2256 186 4123
1550 -1943 -1295 -2175 479 3912
1426 -1914 -1301 -2109 1233 3503
1270 -1877 -1100 -2154 1796 3227
1197 -1879 -975 -2360 2505 2857
1183 -2201 -902 -2680 2886 2583
1197 -2560 -895 -2925 2851 2478
1284 -2584 -1057 -3228 2272 2449
1488 -2460 -1381 -3315 1660 2543
1657 -2339 -1598 -3241 679 2831
1849 -2152 -1737 -3073 181 3077
2048 -2049 -1667 -2774 -79 3416
2139 -2028 -1472 -2568 222 3636
2394 -1990 -1147 -2557 653 3711
2598 -1771 -953 -2718 1479 3775
2781 -1319 -637 -3063 2292 3754
2727 -1103 -506 -3348 2708 3616
2483 -1040 -547 -3728 3202 3134
2288 -1097 -636 -3894 3423 2633
1991 -1262 -702 -4000 3478 1691
1900 -1505 -733 -3977 3327 1028
1905 -2058 -819 -3816 2857 152
2101 -2656 -909 -3545 2230 -464
2614 -3201 -1160 -3276 1839 -670
3012 -3325 -1238 -2800 1327 -603
3368 -2975 -1081 -2494 972 -362
3362 -2537 -826 -2141 343 78
2965 -2111 -361 -2006 -109 244
2713 -1856 -66 -1946 -562 157
2756 -1718 429 -2002 -675 -63
2882 -1844 621 -2156 -516 -538
3426 -2021 597 -2241 -225 -967
4234 -2323 627 -2231 -195 -1119
4678 -2293 825 -2143 18 -1150
5034 -1921 1375 -2037 631 -1098
5042 -1586 1623 -1917 1098 -1144
4959 -1485 1631 -1478 1586 -1440
5077 -1510 1883 -1051 1640 -1760
5436 -1643 2265 -353 1483 -2250
5839 -2242 2823 346 1090 -2777
6230 -2849 3246 844 686 -3197
6566 -3597 3480 1638 26 -3976
7307 -4976 3609 5878 2997 -7821
5481 -9548 -3541 6124 2670 -8058
5104 -9217 -3619 6430 2012 -8198
4786 -8280 -3087 6216 1323 -8134
4567 -7804 -2961 5513 1070 -7950
4250 -7186 -3121 5008 1362 -7806
3964 -6881 -3433 4414 2028 -7576
3457 -6508 -3862 4148 2366 -7420
3210 -6215 -3880 3772 2371 -7112
2862 -5751 -3589 3234 2024 -6770
2607 -5524 -3425 2800 1894 -6587
2119 -5297 -3308 2166 2067 -6401
1752 -5033 -3335 1817 2372 -6278
1539 -4778 -3292 1434 2829 -5991
1187 -4410 -3167 1160 3201 -5589
886 -4164 -2993 1005 3372 -5280
-2097 -1200 -1843 -452 1558 -1497
-2137 -1017 -1754 -421 1677 -578
-2054 -589 -1788 -364 1598 507
-1932 -257 -1997 -291 1427 1267
-1899 -11 -2146 -124 1136 2368
-1677 337 -2342 92 832 3389
-1509 441 -2391 212 676 3995
-1197 391 -2263 242 555 4768
-952 237 -2071 107 504 5209
-375 -156 -1795 -307 407 5844
776 -510 -2172 -566 416 6328
1468 -256 -2417 -742 864 7236
2044 7 -1967 -1058 647 8043
2159 -184 -1798 -1268 -268 8369
1552 -714 -1817 -1261 -1895 8276
1481 -1174 -1705 -963 -2819 7523
1885 -1541 -1251 -648 -2830 6613
2573 -1937 -804 -514 -2528 6146
2833 -2131 -576 -471 -1600 5706
3255 -2496 -566 -506 -813 5611
3303 -2494 -558 -619 279 5665
2953 -2251 -685 -734 1260 5710
2619 -2111 -732 -807 1801 5663
2182 -1929 -654 -952 2275 5492
1813 -1823 -553 -1060 2387 5341
1599 -1819 -456 -1259 2314 5069
1529 -1952 -474 -1375 2142 4896
1519 -2059 -517 -1493 1749 4713
1473 -2109 -552 -1543 1446 4614
1467 -2137 -591 -1560 1060 4492
1421 -2145 -545 -1538 805 4353
1328 -2075 -409 -1531 696 4161
1251 -1965 -326 -1533 724 4005
1176 -1962 -293 -1520 942 3746
1100 -2011 -249 -1522 1246 3503
1175 -2197 -255 -1542 1397 3379
1265 -2408 -381 -1559 1448 3288
1385 -2547 -463 -1549 1297 3295
1533 -2500 -504 -1525 1018 3348
1696 -2597 -606 -1446 516 3455
1616 -2716 -562 -1353 246 3414
1386 -3082 -372 -1360 327 3232
1285 -3402 -189 -1546 819 2787
1428 -3635 47 -1783 1295 2494
1571 -3667 165 -2251 2099 2202
1704 -3895 223 -2613 2643 2098
1798 -4106 186 -3182 3385 2041
1932 -4322 75 -3717 3936 2095
2096 -4484 -131 -4186 4125 2238
2218 -4679 -359 -4418 4028 2371
2363 -4993 -706 -4628 3558 2561
2592 -5099 -892 -4674 2967 2690
3005 -4968 -932 -4618 1718 2965
3188 -4757 -850 -4439 536 3292
3231 -4091 -543 -4216 -183 3526
3025 -3291 -293 -3971 -112 3475
2813 -2825 -198 -3796 395 3233
2720 -2673 -86 -3605 1515 2587
2667 -2692 105 -3584 2734 1727
2678 -2784 310 -3676 3281 1121
2873 -2854 446 -3956 3256 376
3234 -3010 586 -4197 2841 28
3548 -3083 537 -4539 1810 -257
3922 -2872 524 -4690 402 -337
4170 -2260 658 -4623 -360 -368
4322 -1839 824 -4249 -484 -527
4856 -1137 1386 -3671 676 -760
5520 -684 2152 -3319 1699 -868
5683 -635 2395 -2805 2815 -1006
5222 -656 2755 -2233 2168 -1415
4761 -630 3200 -1776 757 -1981
4985 -722 3482 -884 -571 -3257
6483 -1075 4279 8 404 -4448
7881 -2002 4689 537 1825 -4870
8112 -2757 4547 1376 3464 -5015
7686 -3675 3990 2053 3815 -5033
7327 -4078 3550 3281 3972 -5339
6693 -4261 2995 4640 4775 -6010
6290 -4621 2178 5457 5372 -6458
5871 -4922 1199 6538 5809 -6902
2062 -4553 -4483 4139 3035 -7165
1211 -4858 -4320 3673 3033 -6885
411 -5324 -3976 3407 2931 -6762
196 -5579 -3747 3008 2637 -6373
475 -5471 -3316 2740 2336 -5822
792 -5130 -3022 2359 1902 -4603
919 -4468 -2596 2146 1765 -3712
587 -3850 -2364 1949 2056 -2632
436 -3347 -2329 1912 2646 -1920
332 -2759 -2421 1962 3216 -1424
334 -2418 -2568 1985 3554 -1010
308 -2116 -2826 1981 3572 -775
194 -1842 -2899 1959 3037 -534
1197 685 -3209 1900 1343 908
1082 625 -3061 1613 1441 1334
1015 519 -2992 1363 1148 1552
1058 390 -2999 1281 793 1670
1227 289 -3099 1297 417 1809
1394 220 -3088 1470 7 2087
1576 237 -2734 1603 -125 2325
1631 314 -2386 1702 -98 2726
1557 528 -1778 1653 62 2988
1471 673 -1316 1355 431 3325
1376 888 -721 1010 733 3504
1277 944 -448 337 1264 3680
1161 756 -251 -167 1570 3735
1158 473 -224 -918 1713 3778
1417 -53 -272 -1364 1498 3833
1618 -404 -347 -1890 758 4001
1710 -817 -438 -2208 -128 4195
1679 -1204 -630 -2284 -549 4302
1570 -1360 -651 -2280 -715 4371
1406 -1415 -421 -2286 -562 4374
1349 -1363 -191 -2420 -129 4348
1292 -1281 57 -2596 226 4332
1248 -1297 190 -2957 872 4316
1181 -1373 170 -3352 1611 4264
1210 -1495 -151 -3551 2082 4244
1195 -1549 -381 -3704 2584 4220
1202 -1596 -590 -3735 2713 4226
1170 -1560 -667 -3685 2631 4287
1008 -1524 -685 -3624 2457 4321
925 -1562 -691 -3525 2050 4355
867 -1619 -770 -3414 1580 4376
811 -1682 -954 -3310 1326 4362
828 -1755 -998 -3156 1070 4305
958 -1939 -968 -3082 899 4267
1033 -1970 -964 -3010 587 4224
1309 -2020 -1058 -2951 400 4226
1416 -2019 -1158 -2836 231 4224
1365 -2052 -1213 -2754 251 4149
1321 -2239 -1139 -2736 520 3901
1275 -2640 -717 -2974 723 3540
1358 -2720 -396 -3262 672 3314
1465 -2590 -387 -3694 498 3105
1700 -2448 -642 -3881 441 3066
2578 -1300 -497 -2881 2656 2376
2811 -1713 -772 -2883 2619 1906
6081 -2014 1442 -2264 -159 -2804
7164 -2175 2691 -2383 -999 -2960
7574 -2693 3037 -2440 -789 -3260
7590 -3265 2856 -1762 402 -3908
7653 -4859 2912 -508 1209 -4789
7890 -6365 4185 238 1309 -5314
7919 -7341 4868 1021 733 -6022
7675 -8663 4824 1540 88 -6580
7560 -9357 4190 2756 -386 -7675
7836 -9926 3386 4390 423 -8657
8012 -10184 3231 5733 1965 -9112
7903 -10138 2764 6299 3135 -9121
7635 -10184 1868 6840 4972 -8853
6005 -10310 1159 5737 4110 -7883
6408 -9945 -1859 6236 5367 -7702
6644 -9808 -2486 6585 4096 -7555
6182 -9892 -3144 6703 2512 -7603
5880 -9172 -3029 6191 942 -7877
5269 -8545 -3071 5685 548 -8107
4814 -8123 -3074 4797 243 -8394
4259 -7632 -3267 4224 32 -8473
3985 -7377 -3366 3460 -177 -8393
3506 -7167 -3316 2785 176 -8162
2910 -6886 -2927 2346 784 -7959
2554 -6575 -2603 1656 1818 -7501
2105 -6307 -2362 1212 2330 -7129
1370 -5836 -2417 714 2604 -6535
821 -5187 -2692 571 2494 -6129
433 -4819 -2752 573 2234 -5567
-257 -4421 -2677 616 2251 -5291
-629 -4212 -2501 638 2695 -4978
-774 -3668 -2038 551 3036 -4709
-753 -3351 -1770 247 3448 -4108
-835 -2842 -1552 -146 3782 -3330
-1063 -2367 -1568 -384 3936 -2803
-1245 -2071 -1658 -607 3903 -2066
-1375 -1840 -1790 -659 3647 -1621
-1493 -1445 -1948 -577 2946 -1073
-1554 -1249 -2009 -452 2410 -808
-1625 -1008 -1968 -216 1762 -569
-1549 -856 -1873 -61 1505 -443
-1313 -603 -1661 109 1293 -185
-1095 -499 -1573 174 1218 80
-774 -318 -1464 212 1199 426
-603 -140 -1417 212 1230 1061
-339 89 -1662 230 1302 1530
-271 181 -1892 334 1374 2228
-118 139 -2272 473 1227 2898
445 164 -2628 619 916 3729
999 180 -2690 671 672 4363
1226 98 -2570 584 412 5258
1375 -20 -2118 383 361 5738
1434 -90 -1809 -119 494 6290
1711 -166 -1604 -691 693 6727
2049 -95 -1476 -1042 541 7027
2545 74 -1504 -1294 -10 7340
2662 -139 -1739 -1311 -1175 7667
2587 -919 -2035 -1081 -1889 7671
2362 -1338 -2047 -531 -2646 7247
2154 -1452 -2063 -77 -2831 6743
2086 -1372 -1968 620 -2602 5905
2082 -1424 -1536 977 -2146 5397
2120 -1525 -1131 1169 -993 4864
2546 -1963 -795 983 469 4784
2940 -2356 -570 688 1320 4976
2946 -2398 -498 19 2168 5403
2772 -2283 -522 -473 2397 5650
2280 -2049 -566 -1150 2209 5802
1875 -1949 -603 -1508 1884 5688
1400 -1872 -612 -1875 1382 5264
1158 -1843 -600 -2013 1140 4890
1082 -1868 -588 -2078 1081 4318
1144 -1978 -546 -2054 1288 4001
1217 -2054 -464 -2007 1898 3706
1427 -2197 -241 -2044 2397 3663
1610 -2260 -122 -2221 3110 3832
1807 -2281 -37 -2408 3454 4065
1800 -2327 -117 -2716 3599 4456
1546 -2324 -316 -2879 3384 4656
1406 -2305 -493 -2952 2646 4806
1264 -2286 -756 -2857 2020 4812
1210 -2306 -862 -2532 1167 4684
1249 -2399 -826 -2141 722 4428
1563 -2664 -588 -1941 709 4237
1807 -2865 -382 -1837 1047 3995
2029 -3027 -96 -1900 1491 3840
2129 -3182 -70 -2117 2333 3595
2022 -3288 -90 -2434 3117 3242
1988 -3400 -39 -2684 3562 2962
1944 -3470 -34 -3079 4149 2522
1883 -3720 -138 -3328 4452 2210
1868 -3963 -238 -3648 4716 1743
1932 -4401 -495 -3798 4793 1452
2131 -4604 -607 -3957 4657 1163
2501 -4816 -694 -4041 4286 1108
2648 -4822 -684 -4142 3323 1225
2728 -4353 -571 -4181 2184 1479
2509 -3711 -505 -4134 1569 1625
2152 -3362 -427 -3983 1084 1586
1787 -3026 -248 -3869 1009 1359
1812 -2718 0 -3731 1099 839
1971 -2565 136 -3669 1436 313
2325 -2513 204 -3616 1839 -63
2645 -2596 94 -3574 1836 -199
2712 -2462 15 -3430 1155 -270
2777 -2125 -55 -3257 362 -282
2772 -1845 103 -2944 -773 -364
3154 -1286 735 -2722 -1087 -525
4143 -726 1633 -2703 -627 -594
4899 -366 2152 -2780 830 -523
5518 135 2475 -2777 1730 -419
5345 240 2806 -2642 1720 -552
5054 304 3320 -2286 587 -1292
5653 252 4338 -2001 -100 -2045
6496 -196 4822 -1543 -175 -3274
7735 -1154 4947 -1074 379 -4007
8409 -1918 4672 81 1414 -4752
8756 -2874 4305 1625 2306 -5186
8563 -3289 4106 2652 2902 -5479
8062 -3779 3825 3880 3591 -5980
7581 -4058 3253 4429 3876 -6301
7244 -4345 2402 5080 4119 -6752
6648 -4777 566 5560 4068 -7046
6068 -4975 -754 6381 3741 -7570
5376 -5044 -2395 5862 7236 -7451
4319 -4834 -4353 5394 4525 -6951
2795 -5234 -6617 6971 1070 -8004
4212 -3960 -3643 6960 -26 -9132
4416 -4444 -3290 5922 1570 -9471
4520 -5073 -3520 4675 3116 -8875
4029 -5799 -4283 3821 3763 -7814
3601 -5977 -4529 3477 3816 -7112
2674 -6094 -4915 3393 4022 -6363
1694 -6337 -5022 3728 4387 -6002
845 -6267 -4816 4021 4503 -5857
191 -6253 -4479 4236 4506 -5706
-649 -6318 -3645 3906 4158 -5569
-735 -6048 -3245 3445 3694 -5292
-713 -4763 -2830 2634 2990 -4552
-763 -4014 -2799 2165 2658 -3943
-884 -3128 -3072 1832 2452 -3316
-879 -2580 -3366 1674 2333 -2401
-955 -1951 -3553 1730 2271 -1860
259 562 -3477 751 133 180
587 597 -3190 541 -136 69
762 620 -2887 179 -220 157
921 706 -2397 -81 -116 368
1036 769 -2151 -442 87 859
1199 852 -2169 -555 224 1272
1303 979 -2304 -463 391 1872
1226 890 -2245 -285 428 2187
1143 747 -2097 46 474 2472
1118 401 -1790 255 507 2582
1199 79 -1513 448 458 2735
1351 -192 -1216 450 320 2920
1619 -343 -953 333 0 3334
1586 -1647 -513 -922 747 5030
1598 -1635 -373 -1033 936 5242
1529 -1601 -305 -1153 997 5386
1506 -1554 -369 -1317 1105 5570
1504 -1533 -544 -1411 1225 5697
1532 -1576 -600 -1463 1246 5740
1579 -1680 -677 -1517 1132 5742
1518 -1681 -690 -1543 974 5678
1395 -1630 -618 -1581 677 5454
1237 -1589 -658 -1596 502 5227
1103 -1613 -679 -1613 476 4802
1065 -1745 -712 -1666 733 4374
1207 -1718 -632 -1767 986 4159
1392 -1769 -617 -2014 1405 3996
1947 -2281 -982 -2172 1657 4008
2102 -2498 -1153 -2390 1828 4067
1954 -2614 -1167 -2635 1776 3967
1635 -2607 -959 -2874 1683 3718
1185 -2689 -597 -3339 1494 3124
1112 -2534 -595 -3627 1344 2706
1257 -2393 -755 -3879 1164 2274
1527 -2335 -969 -3917 1106 2144
1744 -2377 -1076 -3858 1159 2217
2370 -2474 -1270 -3682 1349 2602
2826 -2361 -1241 -3557 1527 2975
2876 -2137 -1126 -3429 1882 3529
2660 -1689 -993 -3387 2316 3833
2402 -1102 -763 -3401 2551 3874
2167 -837 -637 -3478 2706 3663
1908 -711 -460 -3537 2723 3343
1889 -767 -407 -3599 2608 2675
2133 -950 -465 -3558 2456 1958
2395 -1261 -579 -3456 2425 1519
2774 -1901 -619 -3259 2326 982
3257 -2327 -644 -3099 2077 752
3686 -2295 -680 -2778 1481 645
4487 -2042 -609 -2502 1147 689
4844 -1954 -384 -2136 1206 701
5029 -2093 -39 -1929 2190 376
4769 -2521 162 -1895 2699 -83
4992 -2847 464 -1930 2149 -934
5419 -2827 779 -1979 457 -1599
5981 -2584 1471 -2008 -330 -1940
6529 -2293 2239 -2071 -237 -2414
6694 -2375 2661 -2034 873 -2885
6707 -2927 2905 -1833 1684 -3200
6547 -4007 2786 -1176 1910 -3713
6541 -4819 2679 -121 1160 -4279
6682 -5960 3281 583 652 -4711
6875 -6615 3879 1372 407 -5421
7099 -7474 4222 2050 830 -6120
7178 -7974 3881 2699 1243 -6530
7000 -8816 2800 4153 1640 -7082
7022 -9788 1695 5329 1880 -7392
7358 -10179 1404 6846 2288 -7698
7855 -10482 1083 7486 3222 -7768
8047 -10723 764 7768 5084 -7678
5841 -10083 -2089 6524 3782 -7035
7353 -10459 -709 6642 6146 -7229
6346 -10349 -2840 6672 4826 -7492
2225 -6272 -3150 2054 3144 -7258
1302 -5765 -3018 1693 3195 -7100
517 -5279 -3019 1513 3149 -7025
144 -4902 -3131 1400 3020 -6852
-294 -4407 -3197 1419 2941 -6640
-516 -4124 -3126 1463 2826 -6153
-671 -3860 -3001 1431 2719 -5706
-889 -3461 -2680 1211 2520 -4891
-1006 -3266 -2517 969 2426 -4313
-1234 -3065 -2389 684 2444 -3744
-1390 -2840 -2299 244 2669 -2945
-1512 -2427 -2221 -37 2854 -2434
-1658 -1999 -2288 -378 3074 -1681
-1942 -1768 -2427 -581 2881 -1039
-2150 -1426 -2683 -599 2399 -669
-2179 -1305 -2775 -487 1478 -130
-1995 -1219 -2683 -366 959 273
-1633 -1097 -2499 -214 497 1041
-1153 -750 -2127 -173 503 1664
-953 -462 -1958 -217 946 2650
-686 -66 -1971 -335 1691 3628
-443 282 -2159 -440 2173 4258
-247 309 -2267 -668 2617 5159
68 152 -2335 -890 2615 5709
219 41 -2213 -1351 1941 6399
627 -182 -1726 -1731 988 6767
1175 -348 -1638 -2204 -607 7291
2208 -701 -1669 -2298 -1727 7859
2611 -1083 -1439 -2209 -2141 8163
2506 -1290 -1331 -1949 -2118 8258
2185 -1590 -1132 -1741 -1784 8053
2222 -1892 -1111 -1444 -1276 7537
2663 -2431 -1100 -1149 -1018 7112
3273 -2884 -1176 -942 -934 6983
3427 -2889 -1029 -695 -717 6921
3681 -2694 -824 -551 -206 6924
3482 -2383 -610 -514 339 6872
3083 -2114 -474 -585 1402 6534
2392 -1761 -270 -812 2456 5911
1970 -1690 -100 -1042 2939 5447
1977 -1853 -172 -1405 3274 4891
2042 -2187 -386 -1601 3270 4658
2050 -2299 -460 -1834 3037 4466
1979 -2264 -481 -2004 2680 4390
1839 -2166 -440 -2090 2453 4359
1665 -2068 -350 -2208 2204 4248
1459 -1910 -184 -2282 2114 4124
1347 -1773 -58 -2418 2057 3885
1171 -1621 100 -2515 2061 3698
1052 -1596 155 -2665 2096 3386
917 -1706 143 -2751 2135 3175
1002 -1974 40 -2848 2078 2911
1303 -2461 -220 -2848 1930 2823
1524 -2721 -302 -2774 1542 2866
1999 -2964 -467 -2678 1174 3016
2212 -3084 -567 -2457 528 3332
2049 -3193 -461 -2311 162 3442
1888 -3390 -319 -2190 -134 3315
1630 -3625 -93 -2198 -124 3046
1442 -3826 199 -2377 274 2422
1355 -3963 471 -2797 900 1683
1546 -4053 589 -3162 1275 1263
