32767 -20626 -2676 0 0 0
-4026 756 -334 32610 -22833 -1501
-4192 764 -435 30692 -24275 884
-4589 702 -854 29915 -23443 2894
-4754 638 -1241 29508 -20318 5853
-5468 465 -2161 29798 -15998 6956
-5904 255 -2425 29808 -11808 6137
-6210 98 -2592 28293 -4809 3249
-6897 89 -2948 24501 1324 -881
-6973 83 -3390 21721 5243 -3120
-6721 -37 -3981 17994 11933 -3470
-6427 -397 -4209 13600 16258 1208
-6249 -1320 -4312 9589 16724 6156
-6531 -1806 -4388 2129 14095 13449
-7492 -2852 -4286 -3360 12475 16631
-8280 -3611 -4127 -11563 15198 17945
-9132 -4705 -3789 -19116 24361 16558
-9250 -5960 -3186 -26201 32531 16922
-8986 -6677 -2501 -31366 32767 19809
-8463 -7298 -1144 -32768 32767 27658
-8143 -7573 63 -32768 32087 32767
-8179 -7563 730 -32768 28517 32767
-8110 -7620 1642 -32768 24982 32767
-7738 -7130 2360 -32768 22371 32767
-7898 -5000 5339 -32768 6505 -32768
-5936 -6703 4975 -32768 23449 32767
-5241 -5763 4329 -32768 14392 32767
-4973 -5971 4176 -32768 12238 32767
-4694 -5862 3535 -31039 24057 32767
1083 -3673 2883 -11388 8440 21832
937 -3136 2581 -10578 7640 17678
793 -2672 2309 -8981 8158 10395
658 -2250 2031 -7729 9450 5498
658 -1995 2023 -6393 11989 -749
542 -1704 2113 -6357 12605 -5679
144 -1344 2207 -6796 11721 -8221
29 -1245 2267 -7683 9462 -10875
-613 -1034 2285 -8019 7543 -11902
-1021 -985 2249 -7546 5121 -12788
-1487 -1001 2234 -6513 4218 -13106
-2672 -1016 2251 -4344 3972 -13981
-2899 -969 2284 -2256 4610 -15459
-3438 -640 2396 -1137 5334 -16681
-3826 -286 2210 952 6754 -18884
-4199 68 2011 3822 9970 -21965
-4427 319 1815 6111 12491 -24442
-4381 873 1719 9411 16225 -27796
-4212 1136 1669 11222 17860 -29216
-4012 1227 1503 13750 18390 -30053
-3818 1343 1344 15992 17203 -29645
-3476 1452 1291 16832 15385 -28935
-3143 1695 1375 16561 11354 -27647
-2758 1866 1287 15588 8307 -26757
-2484 1862 1017 14532 4068 -25367
-2144 1821 828 14477 2193 -24002
-1702 1770 593 14811 1565 -23276
-1442 1766 675 14798 85 -22444
-860 1692 730 14702 -3169 -21697
-653 1494 565 15442 -5856 -21243
-555 1263 306 18316 -8916 -21111
-721 760 -5 22149 -9293 -22069
-880 538 68 24184 -8104 -23190
-992 386 178 25610 -5032 -25099
-1175 287 276 25438 -2909 -26636
-1323 217 347 24185 -941 -29140
-1424 -21 340 23279 -98 -30595
-1387 -156 285 22581 535 -31755
-1240 -482 120 22963 421 -31356
-1065 -814 57 23547 236 -30415
-1072 -942 159 23924 -648 -28682
-1290 -1103 341 23486 -2348 -27785
-1478 -1259 380 22216 -6632 -27086
-1657 -1451 432 20499 -10153 -26826
-1796 -1638 493 19322 -10831 -26677
-1979 -1910 617 17863 -10253 -26265
-2310 -2189 721 17571 -9879 -26000
-2676 -2316 784 18724 -10183 -25461
-2915 -2364 983 20476 -10289 -24738
-3025 -2395 1080 24099 -9736 -23193
-3538 -2431 1244 27081 -9152 -22071
-3690 -2356 1437 31485 -7984 -20086
-3740 -2365 1619 32767 -7798 -17372
-3976 -2620 1742 32767 -9096 -15606
-4257 -2716 1667 32767 -11492 -13845
-4649 -2494 1487 32767 -11780 -13182
-4681 -2352 1446 32767 -9810 -11998
-4471 -1880 1247 32767 -6717 -9427
-4032 -1363 971 32767 -5396 -6842
-3741 -1001 719 32767 -6171 -2191
-3367 -261 -9 32767 -8976 1077
-3293 156 -361 32767 -14513 5855
-3237 641 -869 32767 -16223 8868
-3194 910 -1262 32767 -15571 13137
-3276 1426 -2027 32767 -14860 17010
-3501 1662 -2575 32767 -14755 18833
-4159 1990 -3363 30491 -12350 19512
-5094 1977 -4011 28936 -9649 18183
-6432 1825 -4521 26903 -2194 13299
-9316 1243 -5094 25173 6726 9322
-9899 928 -5146 21113 24779 6807
-10608 -952 -5040 13719 32767 14151
-10474 -1742 -4919 5502 32767 23882
-10355 -2473 -4616 -11610 32767 32767
-10159 -2789 -4337 -24032 32767 32767
-10051 -2945 -4002 -32768 32767 32767
-9835 -3202 -3077 -32768 32767 32767
-9488 -3997 -1132 -32768 32767 32767
-9061 -4302 -54 -32768 32767 32767
-8777 -4352 1401 -32768 32767 32767
-9930 -1551 9834 -32768 4617 -32768
-7221 -4355 5775 -32768 32767 32767
-6950 -3158 4997 -32768 32767 32767
-6430 -3247 4615 -32768 32767 32767
-6062 -3256 4640 -32768 32767 32767
-5757 -3048 4814 -32768 32767 32767
-5113 -2875 5003 -32030 32767 32767
-4532 -2754 4970 -26020 32767 32767
-3623 -2918 4607 -20297 32767 32767
-3106 -3303 4356 -16489 32767 32767
-2605 -3821 4279 -11850 31884 32767
-2011 -4710 4284 -9025 29747 32767
-1709 -5481 4283 -7881 26927 29772
-1568 -5742 4250 -6921 22846 20807
-1058 -5493 4013 -6496 21631 15245
-636 -5241 3730 -5517 21475 9064
-171 -4661 3366 -4025 20828 5071
52 -4002 3192 -3182 19067 2941
83 -3803 3175 -2775 15403 198
166 -2935 3169 -3115 12930 -1356
168 -2749 3109 -3565 9664 -3285
112 -2206 2919 -3513 7803 -4488
-102 -1705 2882 -3144 4650 -6606
-293 -1145 2920 -2685 1873 -9022
-495 -866 2837 -2197 617 -10688
-698 -556 2628 -523 381 -12938
-724 -251 2292 1514 1318 -14029
-726 -30 2179 5428 3223 -15324
-794 215 2246 7552 3627 -16525
-1413 989 2441 8998 185 -19780
-1799 1391 2655 7758 -4824 -24318
-2004 1552 2679 6394 -6335 -27227
-2343 1716 2245 6507 -2662 -29505
-1968 1822 1226 8644 3515 -29153
-1968 1905 995 13272 14361 -27444
-2358 2282 1445 15372 18993 -26965
-2322 2507 2369 11152 12724 -27128
-2237 2850 3252 6573 4709 -27275
-2082 2608 3250 2037 -5921 -27074
-1960 2073 2696 2261 -10083 -26619
-2040 1470 2244 7746 -11632 -27047
-2065 770 1542 17090 -8200 -29624
-2038 371 1098 27375 -2998 -32768
-1952 -92 732 32767 293 -32768
-1882 -306 664 32767 3553 -32768
-1807 -689 686 32767 3492 -32768
-1730 -868 815 32767 254 -32768
-1452 -1127 1225 32333 -3499 -32768
-1312 -1256 1238 24749 -11064 -32768
-1269 -1425 995 19266 -19050 -32768
-1629 -1716 355 17880 -23133 -32768
-1773 -1719 202 19031 -26496 -32636
-1944 -1734 -101 22980 -24695 -29435
-2123 -1742 -158 26266 -20983 -27589
-2285 -1589 -66 30388 -14507 -25628
-2598 -1487 236 31857 -10833 -24984
-2776 -1237 753 31454 -8142 -24482
-2769 -1093 971 29043 -9838 -23470
-2541 -1085 1048 27433 -12345 -22347
-2417 -1088 925 26153 -16354 -19835
-2465 -1105 670 26540 -18802 -17978
-2753 -914 680 28197 -20838 -15764
-3054 -798 768 29871 -19893 -14926
-3294 -539 830 30665 -17607 -15044
-3533 -220 943 31086 -12279 -15727
-3836 289 1111 30973 -7239 -15961
-3942 345 1039 31169 -6176 -15307
-4290 194 932 31756 -8977 -13085
-4735 155 865 31990 -13988 -9680
-5017 32 559 31947 -16515 -6785
-5106 19 372 32324 -17278 -2036
-5562 -59 -190 32767 -15087 313
-6226 -37 -759 32767 -9074 1343
-7004 530 -1603 32767 -3353 -746
-7217 1150 -2291 32767 265 -2621
-7017 1774 -2870 30656 6864 -2884
-6044 2386 -3635 26865 11619 -204
-5903 2388 -3722 18004 15447 6645
-5759 1695 -4242 7669 13123 14078
-5887 1031 -4689 2000 9961 18043
-6199 265 -5121 -3156 8269 20832
-6903 -997 -5441 -4870 11666 20032
-7773 -2402 -5299 -6834 23131 14864
-8382 -3407 -5010 -8576 31529 9869
-8796 -4710 -4662 -13025 32767 4173
-9089 -7605 -3289 -23007 32767 4528
-9698 -9710 -2149 -32768 32767 8591
-9690 -10319 -1779 -32768 29521 21378
-9469 -11788 -920 -32768 22908 32767
-9189 -12114 -351 -32768 14141 32767
-9299 -11440 332 -32768 11819 32767
-9367 -11164 759 -32768 -31328 17519
-8488 -10149 3152 -32768 30233 32767
-7010 -9399 3605 -32768 32767 32767
-5911 -9626 3691 -32768 32767 32767
-4691 -8456 4239 -32768 29500 32767
-3924 -7623 4729 -30571 28558 32767
-2421 -6387 4960 -25040 28662 32767
-2152 -6217 4773 -15812 25498 32767
-1480 -6054 4356 -7935 21990 32767
-652 -5871 4507 -5683 21543 32767
-9 -5593 4611 -6343 20519 32767
666 -5149 4481 -8378 15593 32767
1027 -4498 4004 -9057 12264 32329
1363 -3824 3688 -9155 11366 24274
1502 -3171 3150 -7759 11105 15945
1544 -2567 2660 -5982 10659 10816
1426 -2174 2461 -2918 10056 3930
1183 -1739 2413 -650 9842 -1774
706 -1402 2318 303 9348 -5023
522 -1331 2275 1443 7585 -9239
-49 -1060 2254 2100 6105 -12287
-788 -801 2152 2229 5267 -13715
-1117 -739 2126 2107 3009 -16358
-2004 -620 2041 1890 750 -18483
-2696 -431 1730 2077 -1462 -21737
-3011 -205 1635 2370 -308 -23785
-3168 107 1606 2895 4397 -26588
-3543 700 1585 3812 6669 -29857
-3889 1006 1540 4816 5703 -32768
-4154 1306 1484 6819 3650 -32768
-4084 1371 1356 9733 4123 -32768
-3778 1374 1191 11895 6418 -32768
-3473 1574 1438 13839 10234 -32768
-3365 1702 1308 14628 10935 -32768
-3270 1732 1238 15650 9595 -32768
-2813 1765 955 16359 8065 -32768
-2404 1692 797 17220 5353 -32768
-1835 1552 726 17285 2646 -32756
-1562 1325 754 17143 255 -31346
-1593 1151 617 17807 -3915 -30542
-1770 939 393 18765 -6138 -30884
-1959 756 269 20540 -7138 -32049
-2005 639 204 22369 -4462 -32768
-1822 430 138 23633 -824 -32614
-1585 283 137 25416 5658 -31317
-1436 132 150 26322 8710 -30084
-1420 54 158 27004 9098 -28435
-1305 -85 171 26711 5755 -26998
-1096 -310 220 26071 2695 -26003
-989 -529 305 24603 -2030 -24743
-1060 -777 415 23362 -5447 -24374
-1290 -997 402 21459 -10603 -24842
-1419 -1187 361 19962 -13599 -25977
-1449 -1370 301 19421 -13897 -26702
-1462 -1444 291 19276 -12677 -27509
-1629 -1684 362 19366 -11618 -27969
-1696 -1723 375 19836 -10452 -28766
-2037 -1895 380 20861 -9002 -29911
-2225 -2083 503 21844 -7575 -30484
-2333 -2190 539 24118 -5412 -30670
-2597 -2433 586 26184 -4638 -30329
-2903 -2609 630 29822 -4606 -29181
-3062 -3129 1043 31987 -4458 -27573
-3117 -3469 1304 32767 -5021 -23941
-3613 -4030 1501 32767 -7425 -21440
-4042 -4208 1508 32767 -12691 -19090
-4543 -4112 1461 32767 -14459 -18591
-4630 -4015 1411 32767 -12791 -18547
-4600 -3319 1083 32767 -8075 -17827
-4295 -2916 906 32767 -4325 -16327
-3872 -2565 759 32767 -7 -12365
-3306 -2119 523 32767 597 -8990
-3030 -1788 394 32767 -1521 -3959
-2824 -1110 77 32767 -3738 -1162
-2774 -845 -94 32767 -5796 2039
-2993 -378 -529 32767 -6244 3379
-3090 -131 -800 32767 -6181 4634
-3379 210 -1333 32419 -6215 5665
-3898 500 -1957 31394 -5183 6229
-4099 565 -2147 30169 -1792 7459
-4604 677 -2615 28056 2678 10019
-5514 669 -3223 25816 6007 12317
-5691 613 -3392 21370 10894 17077
-7018 348 -3947 17204 14491 20331
-7661 305 -4209 8438 20382 24239
-7773 158 -4282 -3078 25399 29492
-8020 -218 -4393 -11195 27373 32767
-8070 -449 -4245 -22111 32767 32767
-8317 -896 -3794 -28003 32767 32767
-8266 -1028 -3544 -32768 32767 32767
-7630 -1867 -1524 -32768 32767 32767
-7386 -2081 -1026 -32768 32767 32767
-6607 -2575 340 -32768 32767 32767
-5804 -2869 1950 -32768 32767 32767
-7020 -1301 10222 -32768 32767 -6317
-5256 -2722 3469 -32768 32767 32767
-5412 -2068 3333 -32768 32767 32767
-5428 -2165 3027 -32768 32767 32767
-4566 -1822 3676 -32768 32767 32767
-3765 -1715 3810 -32768 32767 32767
-3485 -1739 3613 -31888 32767 32767
-3024 -1811 3360 -28309 28170 32767
-2810 -1902 3170 -24253 20877 32767
-2631 -2218 2885 -21986 21531 32767
-2334 -2765 2672 -21282 23941 32767
-1986 -3218 2578 -20352 25336 29764
-1562 -3617 2704 -19766 24816 26475
-1287 -4103 2806 -18471 21232 21622
-1397 -4241 2830 -17101 18161 17396
-1530 -4117 2731 -14119 15156 9342
-1455 -3522 2534 -10364 14953 928
-1147 -3122 2341 -6097 16460 -5093
-398 -2289 2154 -3395 17962 -7432
-197 -1872 2130 -613 18453 -9293
-581 -27 1634 3258 -2241 -11189
-614 81 1706 4077 -4537 -12567
-679 401 2015 3998 -6080 -14567
-1052 760 2584 3103 -7743 -16808
-2011 1187 2957 1388 -11486 -22192
-2937 1261 2773 2260 -11621 -28477
-3107 1252 2386 5610 -7196 -31485
-2954 1063 2095 13520 6429 -32768
-2838 1308 2184 18776 16880 -32502
-2973 1393 2146 24415 25918 -30647
-3009 1313 2483 24602 23590 -28404
-2492 1514 3362 21315 16529 -26403
-2015 1334 3414 15085 629 -23632
-1764 905 2917 12079 -10241 -22393
-1786 553 2489 10910 -21048 -22542
-1859 137 2080 13471 -22459 -25788
-2117 -285 1498 16750 -19087 -29561
-2282 -563 1295 23136 -11044 -32768
-2329 -1161 1350 27555 -6289 -32768
-2357 -1337 1637 32590 -2443 -32768
-2287 -1461 2204 32767 -2700 -32768
-2190 -1588 2322 32767 -5624 -32768
-1932 -1774 2391 32767 -8062 -32768
-1760 -1894 2391 32767 -9012 -32768
-1678 -1942 2271 32767 -10437 -32768
-1625 -2182 2061 32767 -12048 -30963
-1842 -2337 1953 32767 -14821 -25547
-2357 -2319 1869 32767 -16994 -23234
-2604 -2103 1844 32767 -19667 -21836
-2932 -1795 1755 32767 -19851 -22308
-3235 -1350 1635 32767 -16672 -24568
-3425 -563 1443 32767 -10023 -26995
-3532 104 1041 32767 -5179 -28037
-3617 381 772 32767 -573 -27681
-3546 1202 355 32767 -531 -25518
-3626 1434 288 32767 -3024 -20606
-4004 1860 -253 32767 -8380 -16316
-4495 1875 -786 32767 -21879 -9351
-5769 1726 -2005 32767 -28409 -5672
-6205 1569 -2422 32767 -23580 -5511
-7348 550 -3489 32767 -7917 -6564
-7959 -737 -4615 32767 3246 -6802
-8269 -1167 -5081 32767 17790 -5503
-8193 -1455 -5071 32767 23593 -2480
-7351 -3762 -5233 32767 23324 2663
-7254 -4345 -5311 26608 14442 11482
-8291 -6102 -6557 15300 8116 15261
-8820 -6169 -6771 -1825 9848 15182
-9669 -6844 -5576 -14775 20625 13290
-9447 -7078 -4896 -32768 32767 13033
-8030 -7840 -2558 -32768 32767 15551
-7702 -8040 -2174 -32768 23603 23523
-7867 -9409 -1423 -32768 1654 32767
-8392 -9979 -1474 -32768 -9584 32767
-10083 -12228 -609 -32768 -10841 32767
-10694 -13933 403 -32768 -4958 32767
-12685 -15580 -1677 -32768 17971 32767
-7815 -15484 4111 -32768 11764 32767
-8076 -14718 3341 -32768 3475 32767
-7006 -14294 2792 -32768 22349 32767
-4177 -12504 3966 -32768 32767 32767
-1236 -10339 4346 -32768 32767 32767
-317 -9729 4255 -27813 21672 32767
3014 -8420 3893 -8980 14634 32767
4511 -7259 3945 1690 15575 32767
4751 -6848 4011 11011 17001 32767
5125 -5373 4153 11710 15330 22844
5024 -4420 3561 9426 14296 10068
4720 -4092 3307 5541 14008 -9605
3103 -2905 2570 3129 15923 -27801
2131 -2518 2102 3519 15970 -32768
519 -2068 1504 5039 14633 -32768
-85 -1909 1408 6746 10385 -32768
-2179 -1515 1621 4595 5454 -32768
-2869 -1483 1710 1430 2242 -32768
-4695 -1169 906 -5188 1592 -19923
-4778 -764 668 -4508 7159 -12049
-4641 -472 684 -2838 11152 -7590
-4494 -125 885 -1875 12001 -6209
-4449 -79 925 -37 10893 -5105
-4129 126 947 2828 10207 -4012
-3996 210 1059 4895 11106 -3627
-4065 480 1299 7086 13515 -4463
-4100 749 1354 7974 13867 -5783
-4081 872 1367 8508 12452 -8298
-3754 1126 1386 8475 10902 -9849
-3597 1269 1472 7367 10050 -11488
-3180 1451 1585 5953 9237 -12612
-2837 1486 1591 5050 7887 -13293
-2205 1781 2015 2818 3857 -14699
-2100 1835 2153 745 36 -16185
-1861 1989 2398 -2062 -6365 -19267
-1596 1868 2067 -2432 -9890 -21464
-1193 1283 1249 531 -11029 -24093
-1034 1129 886 7242 -4977 -26395
-847 879 496 13047 2045 -27704
-752 686 303 22254 12205 -29084
-704 590 231 27507 16497 -29550
-677 450 344 32194 17962 -29954
-617 243 831 32703 16180 -30112
-610 176 948 30198 11093 -30448
-653 -168 1026 25841 4465 -30941
-680 -527 892 23005 198 -31208
-705 -910 773 19888 -4384 -30960
-776 -1360 598 18744 -6791 -30120
-977 -1579 504 18975 -7501 -29719
-1390 -1858 463 20040 -7926 -29922
-1641 -1997 458 20911 -7789 -30588
-1815 -2103 516 21998 -6690 -31731
-1977 -2138 697 22276 -5280 -32306
-1983 -2162 878 22170 -3387 -32434
-1951 -2144 965 22052 -2815 -32091
-1968 -2118 1106 22438 -3756 -31161
-1958 -2259 1219 23359 -5757 -30101
-2050 -2284 1322 25460 -9595 -28194
-2454 -2349 1570 27066 -12221 -27178
-2628 -2350 1595 30102 -15552 -26290
-3473 -2185 1549 32767 -15650 -26227
-3932 -2067 1531 32767 -13193 -26416
-4496 -1951 1491 32767 -7018 -26123
-4629 -1890 1307 32767 -1668 -23287
-4543 -1842 1229 32767 -214 -19299
-4404 -1789 1166 32767 -2204 -10578
-4456 -1622 686 32767 -7364 -3803
-4741 -1394 280 32767 -16147 5381
-5177 -1083 -167 32767 -18165 9530
-6046 -440 -1037 32767 -15090 12195
-7043 305 -2148 32767 -11645 12122
-7234 466 -2493 32767 -6987 12467
-7877 760 -3326 32767 -3436 14248
-8925 816 -4420 31270 2377 19667
-9314 737 -5087 27101 7830 25959
-9658 654 -5273 17909 17302 32767
-10343 52 -6196 10917 23460 32767
-9924 -300 -6730 1660 32381 32767
-9272 -632 -6409 -9118 32767 32767
-8536 -1139 -5318 -18379 32767 32767
-8200 -1373 -4808 -32330 32767 32767
-7048 -2687 -1993 -32768 32767 32767
-6728 -2964 -1208 -32768 32767 32767
-7631 -1896 7702 -32768 11705 -32768
-6291 -2428 4784 -32768 32767 32767
-5202 -1899 4311 -32768 32767 32767
-5165 -1891 4341 -32768 32767 32767
-5032 -1516 4257 -32768 32767 32767
-4813 -1376 4343 -32768 32767 32767
-4517 -1416 4284 -30497 32767 32767
-3898 -1621 4278 -24215 32767 32767
-3298 -1789 3945 -21368 32767 32767
-2988 -2077 3742 -18650 32767 32767
-2754 -2487 3604 -17730 32767 29819
-1961 -3345 3680 -17740 30159 26986
-1165 -4289 3932 -18279 24998 26140
-1170 -4529 3904 -18031 13759 22952
-1585 -5016 3653 -14833 4788 16149
-1342 -4837 2955 -11166 3663 11162
-998 -4377 2556 -4410 8429 4612
-512 -3686 2299 -343 13574 883
-418 -3413 2296 3080 18976 -4653
-157 -2397 2408 3238 19026 -8332
-80 -2198 2446 973 15783 -13088
124 -1681 2357 -1901 11964 -16199
387 -1272 2141 -3173 9687 -17073
487 -1027 1999 -3665 6208 -17087
449 -764 1901 -3091 1944 -16625
118 -501 1836 -2451 -1497 -16745
-290 -157 1894 -1532 -5624 -17972
-534 90 1970 -973 -7001 -19240
-1099 561 2372 -202 -7456 -21731
-1273 691 2555 90 -7315 -25042
-2477 1286 3303 256 -7339 -28034
-2815 1472 3331 2488 -7000 -32768
-3453 1588 3082 8753 -4070 -32768
-3639 1367 2510 14792 1063 -32768
-3501 1274 2258 23989 13057 -32466
-3270 1177 2157 28390 19713 -29185
-3257 1114 2149 30898 20686 -24798
-3099 1054 2568 29500 14863 -22918
-2791 943 2795 23759 844 -21169
-2226 441 2692 19412 -8638 -20356
-2069 295 2578 14731 -18606 -20026
-1816 -156 2122 13311 -23067 -21810
-1876 -510 1618 13965 -23390 -24662
-2056 -682 1398 16291 -20698 -31362
-2214 -825 1272 18470 -17342 -32768
-2459 -1057 1065 22990 -12037 -32768
-2622 -1131 1002 26424 -8941 -32768
-2747 -1129 1070 30761 -4849 -32768
-2682 -1274 1200 32767 -2571 -32768
-2460 -1428 1210 32767 -1140 -32768
-2339 -1481 1203 32767 -3816 -32768
-2090 -1623 1338 32767 -7641 -32768
-1997 -1704 1412 32767 -15699 -24365
-2393 -1770 1418 32767 -21999 -19859
-2488 -1778 1415 32767 -29558 -15845
-2696 -1756 1293 32767 -31547 -14685
-2870 -1760 1117 32767 -30777 -14867
-3056 -1415 816 32767 -28275 -15898
-3122 -1175 740 32767 -22774 -18109
-3210 -911 579 32767 -18410 -20167
-3134 -561 385 32767 -16633 -20537
-3081 -358 283 32767 -15090 -19303
-3408 41 168 32767 -14881 -17751
-3725 124 30 32767 -15381 -15471
-4052 203 -98 32767 -16395 -14056
-4719 324 -519 32767 -17897 -12305
-5187 335 -1050 32681 -16636 -11245
-5496 267 -1325 31958 -10886 -9534
-6178 -3 -1508 30528 -4891 -8291
-6515 -145 -1632 29858 -1660 -8548
-7488 -237 -2380 30205 3952 -10232
-7730 -154 -3139 30617 8568 -10107
-7233 -392 -3560 29539 16660 -5494
-7065 -809 -3694 24546 21857 2694
-7180 -1546 -4006 19112 21256 8141
-7880 -2776 -4491 9502 15409 14563
-9135 -4532 -4926 2696 12316 17147
-9663 -5050 -4971 -8485 16675 18189
-10508 -6618 -4801 -21568 31083 19042
-10314 -8640 -3655 -31732 32767 21103
-10018 -9029 -3212 -32768 32767 27845
-9434 -9984 -1598 -32768 32767 32767
-9747 -10552 -571 -32768 30139 32767
-10115 -10908 87 -32768 32252 32767
-10395 -11687 767 -32768 32767 32767
-10147 -12018 1231 -32768 32767 32767
-8920 -8014 7872 -32768 32767 -32768
-7641 -10436 4942 -32768 32767 32767
-7082 -10072 4312 -32768 23638 32767
-5836 -9682 3600 -32768 12106 32767
-4937 -9321 3957 -32768 13186 32767
-3123 -8995 4456 -32768 20656 32767
-2594 -8926 4526 -28540 19276 32767
-1121 -8512 4754 -16926 13667 32767
-328 -8272 4308 -9580 14870 32767
290 -7642 4053 -1204 24510 32767
566 -7084 3997 1788 27915 32767
1213 -6056 4105 2365 25535 22331
1666 -5416 4137 -385 18855 12545
2096 -4313 3884 -2583 13759 8014
2173 -3621 3560 -4588 5455 3389
1792 -2794 3015 -4773 977 778
1145 -2254 2700 -3856 -2397 -3101
230 -1791 2546 -2832 -3064 -6105
-455 -1584 2450 -999 -2966 -11153
-1551 -1116 2569 77 -1587 -16690
-2757 -741 2583 177 -600 -20602
-3399 -555 2418 663 886 -25735
-3970 -300 2245 1525 2699 -28021
-4364 -76 2163 3333 6127 -29524
-4413 90 2065 5745 9133 -29210
-4427 274 1850 7777 10146 -28638
-4464 394 1796 10878 9308 -28640
-4444 731 1704 12663 7624 -29258
-4013 1055 1539 14903 6629 -30339
-3553 1268 1656 15864 7502 -31220
-3023 1902 1661 16104 6997 -32168
-2640 2210 1291 17232 4442 -32768
-2384 2410 1149 18263 2536 -32768
-2088 2459 1044 20089 670 -32768
-1246 2077 595 21774 536 -32768
-941 1762 393 24835 1439 -32768
-835 1383 221 26834 1585 -32626
-852 1270 294 28472 328 -31797
-930 917 522 28554 -1270 -31766
-1187 470 515 28107 -4065 -32316
-1493 174 362 27755 -5321 -32768
-1487 -67 245 27686 -4967 -32768
-1432 -333 196 27950 -3030 -32254
-1515 -579 225 28224 -56 -30769
-1520 -982 328 28319 401 -29555
-1524 -1217 326 28661 -1556 -27840
-1684 -1437 301 29051 -5065 -26860
-1986 -1628 389 29062 -6869 -26772
-2052 -1668 463 28189 -7663 -27068
-2040 -1742 522 27088 -7399 -27198
-2026 -1775 457 25502 -6960 -27066
-2063 -1874 331 24994 -7400 -26643
-2175 -1930 261 25117 -7571 -26416
-2223 -1999 351 25321 -7321 -25836
-2293 -2057 431 25442 -7164 -25227
-2302 -2153 484 25895 -7634 -23879
-2348 -2212 607 26552 -9208 -22156
-2518 -2178 687 27128 -11235 -20959
-2613 -2165 716 28313 -14537 -19462
-3091 -2327 726 29983 -17146 -18331
-3463 -2363 863 31076 -17522 -17703
-3712 -2409 1006 32233 -16224 -16917
-3968 -2629 1166 32715 -15554 -16458
-4552 -2975 1226 32767 -16486 -16302
-4886 -2998 1202 32767 -17137 -16445
-5091 -2924 1188 32767 -15594 -16404
-5279 -2467 1014 32767 -12813 -15921
-5222 -2298 954 32767 -6730 -14005
-4755 -1808 717 32767 -2952 -11553
-4302 -1435 473 32767 -1223 -6295
-3745 -815 56 32767 -2897 -2439
-3568 -360 -332 32767 -6841 2377
-3397 559 -1150 32767 -8637 4753
-3357 945 -1507 32767 -9640 7706
-3572 1457 -2256 31946 -9982 9933
-3791 1735 -2806 29567 -9661 11084
-4097 1875 -3338 25917 -7857 12315
-5167 1987 -4462 23389 -5679 12808
-5905 1852 -4938 19125 -539 13243
-6973 1443 -5637 16114 4919 13970
-7349 1231 -5876 11600 14742 16445
-8634 475 -6506 7959 21178 19110
-9055 3 -6589 221 28737 24865
-9718 -488 -6489 -10628 32767 31095
-10717 -1295 -6024 -18913 32767 32767
-11351 -2173 -5321 -30858 32767 32767
-11393 -2921 -4647 -32768 32767 32767
-11921 -4198 -3117 -32768 32767 32767
-11742 -5279 -1312 -32768 32767 32767
-11378 -5643 89 -32768 32767 32767
-11010 -5841 1407 -32768 32767 32767
-7589 -4486 6342 -32768 -8999 -32768
-9356 -6115 5413 -32768 32767 32767
-8599 -5003 5225 -32768 32767 32767
-7466 -5180 5354 -32768 32767 32767
-6697 -4721 5160 -32768 32767 32767
-6062 -4074 5594 -32768 32767 32767
-5191 -3617 5786 -32132 32767 32767
-4511 -3648 5736 -26588 32767 32767
-3649 -4446 5506 -24269 32399 32767
-3046 -5771 5261 -21787 20791 32767
-2865 -6131 5135 -19090 12307 32767
-2747 -6819 4355 -16208 9342 32767
-2736 -6952 3570 -10284 11746 31207
-2401 -6743 3182 -5950 16451 24316
-1793 -5923 2882 -410 22002 13911
-1014 -4983 2884 2468 24048 5191
-320 -4152 2857 3011 23448 945
-124 -3956 2878 2245 20815 -2914
386 -3260 2878 969 16358 -4013
761 -2821 2769 547 12323 -3551
929 -2506 2829 138 5856 -2138
904 -1772 3118 -190 1840 -1789
796 -1546 3141 -211 -3138 -3391
432 -1105 3107 963 -4720 -7293
224 -763 3107 2268 -3826 -10817
207 -623 3137 4102 -1429 -16564
137 -290 3293 4802 -1205 -20375
-73 55 3495 4450 -3364 -26536
-937 824 3739 3261 -6396 -32768
-1440 1221 3604 3161 -7395 -32768
-1922 1450 3018 7007 -4144 -32768
-2010 1190 2017 12416 2432 -32768
-2056 1096 1702 21642 15518 -32768
-2799 1447 2051 26001 20791 -32768
-3194 1933 2797 25451 15719 -32768
-3061 2127 3072 19705 2323 -32768
-2539 1652 2651 16898 -4143 -32768
-2123 1151 1931 16881 -8379 -27941
-2057 607 1137 18803 -9991 -24175
-2164 545 1164 18953 -12304 -23952
-2190 482 1242 17102 -15518 -26357
-2288 325 1218 14997 -16290 -31094
-2537 116 976 14666 -15552 -32768
-2703 -47 784 16120 -12363 -32768
-2892 -220 716 18057 -9567 -32768
-2836 -363 640 22267 -5729 -32768
-2802 -2047 973 32767 -17686 -21357
-3001 -1921 894 32767 -12600 -23376
-2849 -1571 955 32767 -7882 -24354
-2670 -1264 1007 32767 -5437 -23803
-2591 -1007 990 32767 -3259 -21923
-2410 -471 820 32767 -3720 -20022
-2390 -405 772 32767 -9148 -16020
-2678 -98 591 30665 -16615 -11637
-3066 116 492 27963 -19663 -9429
-3567 375 365 24708 -22157 -7370
-4629 626 123 22883 -23253 -6510
-5299 785 7 22543 -21777 -6824
-5814 1093 -201 23751 -16209 -7697
-6128 1307 -520 25566 -12975 -7120
-6261 1241 -1073 28657 -10022 -3349
-6298 1052 -1494 30638 -7341 152
-6526 591 -2092 32767 -2458 4238
-7119 514 -2978 32767 266 4944
-7790 782 -3855 32767 4660 2939
-8069 308 -4302 30764 8892 771
-8045 -14 -4332 23461 16447 -930
-8109 -2028 -4566 17163 20537 -652
-8144 -2542 -4701 7227 22776 2426
-8116 -4571 -4957 523 22858 6388
-8232 -5569 -4842 -10176 23222 14090
-8566 -6734 -4437 -21541 23395 21205
-9280 -7958 -3517 -29733 24927 24384
-9600 -8336 -3237 -32768 28101 26655
-10127 -9432 -1750 -32768 32767 29370
-10146 -10955 -138 -32768 32619 32767
-9784 -11603 526 -32768 24793 32767
-9177 -12355 1041 -32768 16796 32767
-8771 -13347 3581 -32768 32767 29559
-7652 -13177 3629 -32768 24837 32767
-6692 -12272 3202 -32768 8384 32767
-5250 -11593 2981 -32768 12326 32767
-4766 -11154 3185 -32768 26433 32767
-3466 -9712 3840 -32768 30568 32767
-2053 -8430 4133 -32768 26515 32767
-991 -7949 4016 -20424 20936 32767
503 -7304 4056 -9113 21713 32767
845 -6660 4415 -5122 23462 32767
1201 -6112 4734 -3977 23334 32767
1700 -5065 4515 -4495 20724 30683
1834 -4500 4294 -5297 16132 22159
1935 -3931 4091 -5578 12635 14300
1918 -3132 3706 -5209 10516 9579
1566 -2465 3213 -3369 7900 2791
1052 -1997 2740 -1255 7158 -1382
844 -1857 2636 2227 7974 -6832
-58 -1411 2398 4268 9110 -9781
-472 -1249 2448 6082 10410 -13038
-1246 -1066 2435 6248 9220 -15364
-1802 -1030 2345 5757 5961 -17283
-2660 -919 2236 5343 4514 -18563
-3245 -844 2166 4941 3787 -20789
-4096 -681 2065 5442 4008 -23473
-4557 -441 1708 6809 4509 -24851
-4453 -217 1334 9901 6108 -25337
-4291 -22 1112 12727 8923 -25018
-4272 198 1019 13930 10360 -25420
-4302 540 1033 14058 9887 -27491
-4013 1305 1517 12729 7800 -29253
-3827 1390 1581 9731 3622 -30902
-3193 1530 1705 7966 1214 -31150
-2660 1551 1326 7638 -1665 -30897
-2352 1367 617 9943 -3063 -30903
-2204 1374 646 15009 -2080 -31874
-1993 1446 669 19536 870 -32768
-1383 1322 931 21707 2284 -32768
-1059 1058 948 23876 2370 -32768
-1023 960 946 25716 167 -32768
-980 730 910 26806 -1892 -32768
-1121 326 1050 27910 -4931 -32768
-1193 88 1045 28674 -6586 -32768
-1357 -233 912 30906 -7878 -32768
-1728 -978 818 32767 -7500 -32768
-1825 -1091 828 32767 -5785 -32768
-2099 -1354 929 32767 -4491 -32768
-2378 -1513 1052 32767 -4501 -32768
-2520 -1554 1171 32767 -22775 -10350
-3723 -1502 569 32645 -23002 -11154
-3863 -1481 537 32095 -20847 -13313
-4050 -1444 342 32263 -17797 -14325
-4064 -1473 166 32767 -12529 -13918
-3897 -1419 -30 32767 -9627 -11916
-3584 -1408 -115 32767 -7677 -6308
-3661 -1352 -145 32767 -9049 -57
-4262 -1270 -192 32767 -10269 2889
-4955 -1102 -270 32767 -8903 4798
-5654 -626 -547 32038 -5717 4577
-5702 -413 -650 29915 1290 4228
-5127 103 -1009 28095 7088 7834
-3754 870 -1594 26598 8036 12900
-3526 1090 -1788 23415 4977 21887
-3536 1979 -2463 19117 31 28384
-3674 2148 -2633 15890 -2310 30229
-4326 2569 -3314 11392 -3567 29576
-4985 2804 -4248 8760 -1215 27358
-5854 2938 -5235 4979 6786 22291
-6435 2864 -5835 2109 13098 18879
-7398 2317 -6245 -3923 22232 15602
-8938 1318 -6110 -13118 30045 15433
-9940 11 -5705 -20626 32767 18654
-10715 -849 -5179 -32768 32767 27523
-11121 -1444 -4534 -32768 32767 32767
-11086 -2454 -3596 -32768 32767 32767
-10588 -3341 -2273 -32768 32767 32767
-10202 -3803 -1209 -32768 32767 32767
-9725 -4147 959 -32768 32767 32767
-8610 -2455 5085 -32768 32767 -32768
-8309 -5021 3833 -32768 32767 32767
-7410 -4808 3574 -32768 32767 32767
-7071 -4704 3811 -32768 32767 32767
-5696 -4229 4831 -32768 32767 32767
-5375 -4091 4986 -32768 32767 32767
-3827 -4173 5248 -29195 23483 32767
-2964 -4842 4912 -24043 8897 32767
-2527 -5624 4636 -19621 6616 32767
-2681 -6592 3998 -11656 10734 32767
-3033 -6897 3763 -4762 17049 32264
-2311 -6475 3678 -1147 23090 19831
-1273 -6073 3610 -229 26256 14520
-386 -5551 3494 -495 25847 10262
407 -4833 3262 -1170 21876 8508
684 -3920 2997 -2116 13893 6042
700 -3686 2934 -2478 7601 3482
795 -2846 2816 -2354 4981 1980
715 -2368 2830 -1992 1402 -263
561 -2066 2847 -1746 -1208 -3302
239 -1751 2813 -1630 -2095 -5964
145 -1668 2791 -1331 -2395 -10495
15 -1391 2796 -756 -1098 -14802
33 -1102 2957 -344 -632 -17500
-65 -795 3164 -219 -2702 -21812
-392 -254 3569 -492 -5232 -24894
-654 197 3854 -1248 -8533 -29241
-1129 1075 3942 -793 -8123 -32350
-1298 1232 3510 1640 -5063 -32768
-1347 1310 2994 8346 3419 -32768
-1388 1341 2609 13596 10198 -32763
-2073 1348 2021 21112 15677 -32768
-2812 1586 2842 22604 12557 -32768
-3277 1657 3170 19604 8449 -32768
-3227 1518 3065 13444 4048 -32768
-2517 683 2287 10192 1751 -32768
-2243 322 2024 7318 -2217 -32768
-2188 157 1847 6166 -7969 -29186
-2350 60 1492 6788 -12352 -28399
-2396 -32 1321 9944 -14208 -29965
-2277 -288 1100 15479 -10540 -32768
-2296 -431 963 20015 -7296 -32768
-2351 -538 868 26748 -3677 -32768
-2419 -682 998 31417 -3082 -32768
-2280 -837 1368 32694 -4078 -32768
-2260 -943 1484 32767 -6806 -32768
-2249 -1260 1177 32767 -8927 -32768
-2269 -1350 1044 32767 -11043 -32768
-2371 -1677 691 32767 -11648 -32768
-2606 -1755 493 32767 -12122 -32768
-2806 -1856 595 32767 -12136 -30959
-2820 -1823 705 32767 -11208 -28642
-2872 -1750 772 32767 -10398 -25633
-2879 -1723 752 32767 -11585 -23171
-2789 -1696 660 32767 -13093 -21679
-2892 -1604 525 32767 -16110 -19767
-2951 -1498 436 32767 -16886 -17760
-2927 -1425 453 32528 -15557 -16229
-3043 -1294 420 31482 -13515 -14333
-3265 -998 348 30651 -13266 -13436
-3345 -646 199 29328 -13282 -12104
-3440 -423 136 28433 -12535 -11156
-3534 -86 162 26881 -10683 -9445
-3914 268 159 25858 -10332 -8454
-4243 563 118 24678 -10946 -7518
-4625 850 101 24166 -10690 -6952
-4865 1029 -63 24184 -8274 -5681
-5173 1249 -297 25048 -5517 -3591
-5355 1406 -695 25651 -3729 -1290
-5408 1055 -1221 26354 -1582 3426
-5550 570 -1513 26112 -1986 6926
-6085 321 -1936 24096 -3254 10603
-6579 538 -2504 21124 -1732 10989
-6740 808 -3401 18656 2184 10662
-6314 567 -3419 13040 10994 12256
-6111 230 -3404 8137 15155 14580
-6361 -305 -3624 901 14143 17673
-6832 -1566 -3519 -5064 9748 20208
-7065 -1911 -3469 -9278 9890 21884
-7818 -2961 -3424 -11238 16609 21904
-8916 -4234 -3228 -11858 22757 20954
-9529 -5242 -3010 -13145 32360 20258
-9781 -6733 -2174 -18188 32767 23052
-9707 -7574 -1383 -25151 32767 26786
-9398 -8339 158 -32768 32767 32767
-9097 -8617 816 -32768 32767 32767
-8898 -8698 1149 -32768 32692 32767
-8810 -8910 1478 -32768 30717 32767
-8735 -8732 2251 -32768 31435 32767
-10674 -5584 1185 -32768 -32768 -32768
-7901 -7120 6229 -32768 32767 32767
-7025 -7292 4659 -32768 32767 32767
-5860 -7375 4503 -32768 29100 32767
-5041 -6991 4593 -32768 26266 32767
-4163 -6762 4742 -25321 32767 32767
-3059 -6430 4824 -21017 32767 32767
-2415 -6260 4728 -15487 26758 32767
-1497 -6165 4574 -11219 20601 32767
-216 -6036 4198 -9198 19512 32767
203 -5705 4038 -7903 20115 32767
433 -5286 3856 -8343 19244 32767
872 -4415 3635 -9123 17939 29500
1063 -3912 3551 -10425 15350 22279
1186 -3424 3402 -11011 12033 15941
1297 -2753 3161 -10586 9633 12479
1225 -2322 2960 -8632 6383 8232
957 -1988 2869 -6703 4786 5694
627 -1926 2809 -3348 2970 1755
-152 -1693 2783 -339 2415 -3264
-667 -1524 2788 1217 2772 -7098
-1151 -1323 2792 2783 3597 -13163
-1965 -906 2702 3582 3808 -17550
-2527 -672 2556 5166 4703 -24431
-3126 -199 2200 6946 6640 -28690
-3109 147 1860 10788 11602 -32768
-3066 696 1636 13622 15281 -32768
-3092 1282 1494 17348 17783 -32768
-3109 1399 1418 19172 14853 -32768
-2921 1567 1322 18879 11542 -32768
-2485 1586 1689 15301 7266 -32768
-2232 1595 1926 11309 4410 -32768
-2311 1559 1895 5331 -1440 -30975
-2405 1577 1810 2137 -6058 -30740
-2405 1549 1703 5 -12339 -31605
-2273 1315 997 2779 -15455 -32768
-2089 917 513 6799 -14100 -32768
-1921 675 383 14166 -7648 -32768
-2140 478 274 19391 -2317 -32768
-2258 440 284 26349 4703 -32768
-2512 376 365 29864 8305 -32768
-2417 259 514 32767 12668 -32768
-2215 179 645 32767 14438 -32768
-1826 4 736 32730 14386 -32768
-1605 -117 753 30897 11606 -32768
-1296 -342 653 29802 8513 -32768
-1141 -665 450 28864 2139 -29557
-1194 -928 283 28772 -2726 -27635
-1253 -1010 240 29141 -9961 -25990
-1822 -1370 235 29372 -15443 -26216
-2163 -1479 266 29113 -17267 -27331
-2475 -1437 322 28022 -16343 -29390
-2520 -1545 442 26855 -13763 -30387
-2554 -1624 414 25278 -9831 -30649
-2614 -1666 361 24497 -8131 -29955
-2686 -1757 396 24361 -7873 -29062
-2724 -1805 421 24758 -9226 -26967
-2890 -2001 434 25402 -11154 -25248
-3014 -2181 583 26199 -13856 -22503
-3465 -2278 858 26386 -15151 -20853
-3576 -2307 922 26315 -15496 -18616
-3872 -2632 1065 26353 -14743 -17161
-3960 -2771 1033 27342 -13716 -15071
-4192 -3116 855 29595 -12634 -13107
-4197 -3128 855 31205 -11159 -11831
-4236 -2750 889 32525 -9629 -10667
-4249 -2474 848 32767 -8820 -9227
-4217 -2146 757 32767 -9151 -7880
-3893 -1498 500 32767 -8726 -5948
-3468 -1027 155 32767 -8091 -4010
-3255 -712 -108 32767 -7985 -349
-3136 -276 -429 32767 -9129 3388
-3286 776 -883 32767 -9340 5428
-3389 1014 -1028 32767 -8106 7440
-3749 1827 -1848 32767 -6728 8408
-3801 1983 -2063 32767 -3561 10247
-3992 2372 -2681 30491 656 12819
-4731 2513 -3680 27598 3063 14551
-4985 2523 -3997 22822 5231 16937
-6015 2315 -4855 19401 6628 18409
-7076 1704 -5744 14005 11276 20954
-9080 1011 -6652 10113 16179 21843
-10055 323 -6973 2625 29222 22605
-10443 -373 -7039 -8461 32767 26862
-10904 -1694 -6618 -18303 32767 31484
-11364 -2527 -6077 -32768 32767 32767
-11558 -4116 -4220 -32768 32767 32767
-11435 -4510 -3689 -32768 32767 32767
-10894 -5258 -1655 -32768 32767 32767
-10122 -5595 277 -32768 32767 32767
-9603 -5724 1471 -32768 7445 -9
-8315 -5864 4453 -32768 32767 32767
-8138 -4744 4835 -32768 32767 32767
-7665 -5180 4500 -32768 32767 32767
-6274 -4565 5031 -32768 32767 32767
-5635 -4227 5252 -32768 32767 32767
-4889 -3972 4911 -32768 32767 32767
-4167 -4114 4293 -32288 32767 32767
-4004 -4256 4105 -22312 30549 32767
-3125 -5092 3615 -15777 30399 32767
-2569 -5528 3397 -12782 26286 32767
-2374 -5511 3177 -10875 19257 29755
-1691 -5363 2776 -9278 16253 25191
-917 -4929 2335 -5951 15213 19563
227 -1078 2425 56 -5340 -9285
46 -909 2369 1410 -5326 -10569
-205 -685 2296 3734 -4123 -12830
-777 -324 2630 5489 -2411 -16308
-982 -201 2780 5500 -2618 -21458
-1913 366 3068 4272 -5531 -28439
-2721 1242 2517 16465 -7417 -28036
-2666 925 1957 24378 -4923 -30508
-2592 732 1655 29726 -3475 -32768
-2615 -1862 582 32767 -20913 -28315
-2686 -1700 683 32716 -21514 -26380
-2819 -1620 684 31835 -22390 -24240
-2885 -1544 554 31242 -22188 -22442
-2910 -1579 525 31245 -20416 -20205
-2976 -1538 527 31258 -19498 -18706
-3010 -1520 539 31053 -19936 -16629
-3059 -1417 570 30728 -21189 -15410
-3150 -1394 530 30321 -22912 -13957
-3288 -1277 460 30045 -22366 -12741
-3310 -1054 390 29822 -20906 -12075
-3329 -931 368 29203 -18595 -11294
-3522 -556 299 28217 -16877 -11312
-3821 1 153 27500 -16008 -11557
-3985 190 41 26797 -14689 -11684
-4205 421 -147 26691 -12878 -10988
-4289 482 -390 26928 -12489 -9517
-4373 455 -527 27352 -11792 -6190
-4930 308 -797 27667 -10550 -4384
-5460 208 -993 28065 -8877 -3524
-6332 326 -1305 27740 -6983 -4263
-6771 556 -1688 26585 -1395 -6630
-6750 648 -2013 24833 6624 -6814
-6106 616 -2479 23244 11557 -4194
-5422 538 -2867 19281 14438 3374
-5186 391 -3035 15068 12228 9549
-5391 158 -3170 7497 6254 17475
-6082 -366 -3440 660 3479 21321
-6827 -967 -3595 -3031 5740 21417
-7266 -1579 -3520 -7118 13214 18744
-7848 -2463 -3445 -9436 23008 14788
-7972 -2847 -3408 -10173 29033 12948
-8087 -4018 -2956 -12912 32767 13033
-8232 -5508 -1797 -17508 32767 14983
-8181 -5974 -1085 -29199 31336 20720
-8118 -6636 -196 -32768 29043 29380
-8157 -6894 177 -32768 27272 32767
-8209 -7171 372 -32768 24499 32767
-8064 -7785 903 -32768 24662 32767
-8033 -7839 1134 -32768 27220 32767
-14676 -6296 11125 -32768 32767 32767
-6363 -6832 4327 -32768 32767 32767
-6376 -6685 4152 -32768 32767 32767
-5579 -7006 3768 -32768 20629 32767
-4227 -6489 3891 -30540 28078 32767
-2906 -6034 4516 -25816 32767 32767
-1979 -5562 4673 -20500 31071 32767
-1414 -5374 4634 -15520 19247 32767
-551 -5424 4435 -12383 14278 32767
219 -5293 4064 -8428 12786 32767
591 -5015 3790 -6107 13613 32767
626 -4859 3715 -5403 14358 31942
617 -4277 3475 -4945 15512 23309
568 -3783 3202 -4725 16286 16983
591 -3167 3057 -4836 16522 8181
650 -2756 3044 -5742 16328 1442
587 -2207 2948 -6408 15414 -1829
421 -1948 2859 -6912 12647 -5068
-34 -1461 2828 -6804 8845 -6721
-191 -1368 2811 -6223 5960 -7365
-777 -1116 2690 -4730 2287 -8229
-1679 -778 2515 -3511 992 -9089
-1974 -714 2453 -1709 551 -11576
-2756 -332 2205 -289 1593 -14034
-3213 99 2013 2357 5336 -18117
-3407 237 1848 6381 10770 -22280
-3481 556 1540 9712 13949 -24844
-3421 1172 1243 14595 15508 -28010
-3324 1282 1225 17731 13830 -29529
-2730 1436 1419 17969 11690 -29274
-2376 1678 1943 16154 9504 -28678
-2180 1942 2150 11185 3330 -27869
-1999 1955 1986 7575 -4545 -27882
-1781 1757 1389 7363 -8343 -28488
-1610 1572 678 10515 -9577 -30170
-1453 1392 296 14249 -7148 -31630
-1221 1188 103 20110 -359 -32768
-1172 911 312 24117 5430 -32768
-1840 -1346 546 26180 -10729 -28644
-2075 -1419 633 25000 -13532 -28917
-2278 -1551 709 23823 -14429 -29545
-2411 -1596 722 22045 -15259 -30753
-2567 -1660 687 20855 -16380 -31889
-2761 -1729 589 20672 -16897 -32214
-2777 -1837 587 21238 -15769 -31574
-2839 -1907 660 22113 -14241 -30446
-2919 -1948 704 23767 -12557 -28451
-3251 -2089 869 25629 -12859 -26769
-3554 -2200 946 26890 -13454 -25715
-3829 -2133 1070 28545 -13378 -24034
-3944 -2336 1111 30476 -12349 -21482
-4005 -2608 1150 32003 -11527 -19171
-4040 -2703 1184 32767 -10877 -15510
-4298 -2736 1255 32767 -11684 -12785
-4686 -2502 1244 32767 -12164 -11971
-4912 -2161 1160 32767 -10940 -11574
-4811 -1728 1003 32767 -6885 -10081
-4241 -1207 519 32767 -4024 -8004
-4077 -1051 393 32767 -1201 -3351
-3510 -332 -107 32767 -780 195
-3416 -133 -290 32767 -2141 5312
-3183 624 -951 32767 -3081 8260
-3168 791 -1126 32767 -3629 11841
-3301 1265 -1904 32767 -3742 13775
-3470 1443 -2263 32767 -2687 16077
-3733 1555 -2590 30266 -430 17534
-4123 1563 -3024 26026 240 18056
-5110 1202 -4012 22214 993 18256
-5420 1087 -4320 17596 3917 18172
-6579 670 -5411 14987 8474 18428
-7202 376 -5940 11432 18051 19475
-7734 167 -6318 5905 28824 21343
-8197 -427 -6203 -667 32767 23273
-8741 -1032 -5605 -15760 32767 26189
-9313 -1625 -5053 -27389 32767 27566
-9814 -2037 -4702 -32768 32767 29048
-9960 -2508 -4176 -32768 32767 30728
-9799 -3407 -3019 -32768 32767 32767
-9594 -4135 -1647 -32768 32767 32767
-9625 -4501 -490 -32768 32767 32767
-9784 -4520 830 -32768 32767 32767
-8603 -1825 9612 -32768 32190 -32768
-8782 -5257 4037 -32768 32767 32767
-8561 -4373 3731 -32768 32767 32767
-7979 -4430 4076 -32768 32767 32767
-7076 -4203 4635 -32768 32767 32767
-6255 -3840 4826 -32768 32767 32767
-5007 -3702 5041 -32681 32767 32767
-3857 -3998 4844 -28718 30012 32767
-3111 -4498 4672 -22019 25929 32767
-2112 -5411 4467 -15594 24378 32767
-1774 -5798 4300 -11952 21963 32767
-1653 -6058 4224 -8063 17734 32767
-1522 -6121 4166 -6578 16106 25435
-1261 -5937 3954 -4906 16234 13692
-620 -5417 3508 -2976 19863 5784
-185 -4615 3106 -1627 21178 2075
104 -3729 2898 -127 19404 -1706
393 -3074 2757 448 17178 -3042
456 -2857 2719 904 13541 -3710
505 -2191 2548 1094 8797 -3750
429 -1871 2509 978 5339 -3936
242 -1608 2415 669 1062 -4727
97 -1408 2420 356 -165 -5636
-246 -1219 2379 -78 -965 -7762
-1682 1526 2200 14709 8066 -32643
-1743 1627 2270 20002 16891 -32768
-2105 1822 2687 21180 15950 -32768
-2396 2060 3136 18632 7768 -32768
-2583 1880 3316 15871 2362 -32768
-2416 1478 3006 13901 -2226 -32768
-2277 763 2348 14620 -3864 -32768
-2482 305 2090 16869 -6395 -32768
-2697 60 1955 18419 -8691 -32768
-2873 -341 1678 20879 -12137 -32768
-2921 -645 1422 24071 -13421 -32768
-3031 -1076 1173 26144 -13102 -32768
-3054 -1265 1332 27914 -11929 -32768
-2972 -1549 1262 28473 -12071 -32768
-2952 -1658 1233 29659 -13764 -32768
-2920 -2043 838 31102 -15205 -32768
-2854 -2150 758 32767 -16099 -32768
-2698 -2268 777 32767 -14779 -32768
-2645 -2209 839 32767 -14202 -32768
-2762 -2143 859 32767 -15111 -29257
-2882 -2058 862 32767 -16826 -27273
-2919 -1986 745 32344 -17527 -26466
-2919 -1967 589 32086 -17197 -25195
-2802 -1978 438 32767 -15765 -23506
-2807 -1836 343 32767 -15319 -22306
-2795 -1782 331 32767 -15366 -20379
-2882 -1633 326 32767 -14765 -19370
-3082 -1480 311 32767 -12596 -18626
-3123 -1201 353 32767 -10876 -18174
-3112 -991 326 32767 -9898 -17003
-3219 -572 348 32767 -10255 -15977
-3444 -310 334 32353 -11082 -14539
-3725 -79 233 22539 4582 5451
-6414 654 -3404 21543 11821 9361
-6204 519 -3569 19420 14914 12872
-6316 -4 -3652 13451 14276 17843
-6458 -237 -3662 8208 11823 20268
-6902 -1131 -3712 166 10679 22304
-7633 -2330 -3743 -4661 12217 22188
-8545 -3490 -3747 -10459 17491 20184
-9185 -5134 -3425 -14874 26922 18377
-9212 -5969 -2966 -18164 32767 18731
-6649 -7589 4580 -32768 28834 32767
-5828 -7427 4177 -32768 28337 32767
-4241 -6594 4681 -31110 31268 32767
-3306 -6332 4820 -25206 32731 32767
-2003 -6274 4802 -21395 28354 32767
-1015 -6251 4734 -19517 23976 32767
-319 -6338 4691 -17103 17412 32767
479 -6191 4189 -13884 12565 32767
938 -5773 3641 -10934 12638 32767
1041 -5445 3442 -6743 16151 31207
1038 -4916 3373 -5006 17764 24886
-1586 -961 2172 -1380 -1043 -14219
-2870 -408 1934 939 2837 -20003
-3342 -233 1707 3003 6394 -23753
-3628 -63 1483 6369 9513 -28345
-3778 158 1305 8877 10514 -31381
-3941 423 1328 9512 10699 -32768
-4477 860 1412 9028 9173 -32768
-4381 1168 1424 8565 8291 -32768
-4056 1233 1419 8606 8022 -32768
-3665 1430 1292 9923 6160 -31977
-3400 1578 1223 12465 3842 -29846
-3039 1694 900 14851 3181 -29115
-2854 1774 771 18306 3693 -29265
-2370 1927 966 19684 4287 -29788
-2046 1910 1004 20638 4139 -30478
-1685 1779 874 21796 2585 -30669
-1197 1477 517 23135 1568 -30519
-982 1241 460 24764 372 -30284
-869 846 540 25166 -547 -30430
-961 622 561 24662 -2781 -31503
-1111 447 561 19604 -7057 -28664
-1931 -1379 366 18962 -7291 -28156
-1885 -1369 353 17974 -7884 -27429
-1827 -1435 367 17325 -8883 -26633
-1735 -1566 416 17284 -9360 -25937
-1807 -1978 538 18026 -9671 -24906
-2121 -2294 643 19000 -9368 -24618
-2305 -2518 809 21045 -7867 -24660
-2504 -2707 963 23787 -6168 -24969
-2791 -3125 1075 26320 -5407 -25030
-2973 -3345 1137 30870 -4458 -24632
-3174 -3496 1400 32767 -3499 -23065
-3281 -3877 1684 32767 -3825 -21338
-3585 -4078 1666 32767 -6010 -18651
-3867 -4037 1605 32767 -6985 -17419
-4292 -3497 1561 32767 -5675 -16709
-4402 -3008 1437 32767 -1481 -16296
-4294 -2489 1245 32767 1294 -15267
-3822 -1813 835 32767 2836 -11603
-3178 -1266 378 32767 2106 -7871
-2712 -660 -147 32767 -1109 -1262
-2701 -306 -553 32767 -3880 2877
-2889 113 -927 32767 -6123 7144
-3391 781 -1805 32767 -6047 9265
-3547 900 -2019 32767 -5052 9899
-4013 1261 -2516 30601 -1954 10457
-4460 1288 -2963 27570 724 11069
-5010 1143 -3586 24285 4526 12899
-5514 848 -4255 23209 7135 15137
-5662 754 -4456 21954 10225 20297
-6254 457 -4948 18637 11737 25570
-7834 272 -5556 14417 13749 26783
-8913 97 -5769 4826 22111 25975
-9744 -790 -6091 -6492 32767 26995
-10015 -1386 -5861 -14877 32767 29544
-10471 -2124 -5133 -28582 32767 32767
-10929 -2521 -4435 -32768 32767 32767
-11204 -3099 -2855 -32768 32767 32767
-10641 -3665 -1061 -32768 32767 32767
-9964 -3993 408 -32768 32767 32767
-14059 -2852 2972 -32768 -10066 -9235
-9312 -3545 4938 -32768 32767 32767
-7015 -2899 5104 -32768 32767 32767
-6540 -3365 4372 -32768 32767 32767
-6491 -3458 3862 -32768 32767 32767
-5754 -3444 4099 -32768 32767 32767
-4624 -3332 4739 -32768 32767 32767
-4004 -3289 4744 -27312 32767 32767
-3128 -3365 4561 -24814 32767 32767
-2634 -3490 4494 -22667 32060 32767
-2243 -4088 4150 -21072 22833 32767
-1955 -5375 3913 -19897 17544 32767
-2412 -5818 3839 -17995 13740 30972
-2677 -5946 3563 -15158 17055 19215
-2308 -5768 3203 -11829 21285 11618
-1701 -5442 2823 -5139 26743 3972
-380 -4369 2759 -397 28761 896
131 -3424 2962 2794 620 -13081
-408 -11 2474 2985 -1683 -13962
-605 189 2529 3868 -4001 -15424
-932 478 2817 5066 -5045 -17419
-1267 736 3012 5910 -5664 -19422
-1595 1007 3165 7424 -6478 -23123
-2268 1343 3213 8731 -6065 -25613
-2342 1368 3097 12140 -1305 -28435
-2286 1146 2137 16007 4281 -29295
-2219 1094 1921 22985 12835 -29259
-2122 818 1603 26749 15895 -29139
-2126 732 1716 28151 13216 -29582
-2035 880 2831 23022 2754 -30753
-1851 619 2837 18462 -6073 -31694
-1798 430 2653 15320 -16166 -32636
-2041 -207 1686 17523 -20264 -32768
-2654 -809 1102 24879 -20401 -32768
-3020 -967 976 32369 -13135 -32768
-3495 -1022 966 32767 -7651 -32768
-3570 -1145 1065 32767 -3039 -32768
-3438 -1246 1106 32767 -5257 -32768
-3122 -1357 1263 32247 -12397 -32768
-2979 -1653 1263 28838 -17962 -32768
-3122 -1823 1081 25447 -24662 -32768
-3576 -1977 678 25373 -26367 -32768
-3534 -1891 549 26921 -24449 -31361
-3514 -1840 498 30023 -20035 -26623
-3443 -1667 486 31641 -18036 -24147
-3272 -1521 527 32323 -16941 -21075
-2739 -1326 760 30750 -17287 -18328
-2507 -1280 706 29085 -18722 -16781
-2491 -1245 619 26898 -22686 -15335
-2505 -1190 536 25675 -26185 -14651
-2716 -1143 290 26048 -26848 -14478
-2853 -1065 192 27008 -25420 -14597
-3016 -888 90 28807 -21299 -15229
-3468 -514 70 29768 -17045 -16352
-3858 -174 40 30785 -9966 -18890
-4263 249 -67 31053 -6473 -19990
-4238 331 -175 31004 -3455 -19111
-4181 312 -206 30351 -930 -14871
-4266 193 -309 29586 -677 -10887
-4404 165 -283 27306 -4170 -5261
-5111 25 -287 24145 -10255 -1817
-5753 24 -611 22419 -12646 -498
-5937 22 -877 21017 -9370 1047
-6119 177 -1428 20826 -4026 1926
-5970 528 -2116 20961 3027 3751
-5789 862 -2594 20550 6564 5438
-5739 973 -2737 18222 9941 8542
-5505 931 -3071 13409 9022 12392
-5541 645 -3168 9096 6277 15123
-5730 228 -3188 2327 4684 18093
-6680 -1094 -3529 -1175 6439 18763
-7211 -1796 -3639 -4417 12265 17713
-7935 -2904 -3516 -5513 17199 16321
-8160 -3637 -3201 -7621 24726 14977
-8380 -4854 -2586 -12025 29691 15290
-8360 -5546 -2122 -16926 30530 16722
-8174 -6097 -1496 -27518 30872 20858
-8071 -6960 -444 -32768 30723 24520
-7996 -7511 -145 -32768 30508 31101
-7964 -7991 138 -32768 31503 32767
-8025 -8632 795 -32768 32052 32767
-8061 -8819 1332 -32768 30012 32767
-17896 -10854 1223 -32768 27372 32767
-6997 -8258 3793 -32768 32767 32767
-6303 -8120 4880 -32768 32530 32767
-5269 -8099 4036 -32768 23073 32767
-4836 -7879 4011 -32768 19174 32767
-3526 -7188 4408 -31064 24111 32767
-1790 -6367 4846 -25546 25156 32767
-1220 -6108 4584 -17317 18898 32767
-753 -6087 4328 -8935 14447 32767
-178 -5937 3796 -4120 16820 32767
349 -5708 3552 201 24311 32767
596 -5357 3641 -166 27133 26266
919 -4698 3731 -2351 24961 20074
1251 -4090 3685 -7181 19480 12615
1309 -3355 3531 -12177 14349 7347
1252 -2942 3361 -14513 11478 4860
987 -2496 2956 -15373 7328 2186
470 -2094 2659 -13277 3712 -210
-3783 757 1961 9638 21095 -30646
-3577 1005 1849 11884 18197 -29952
-3205 1473 1634 12791 14367 -28593
-2927 1635 1510 12913 8669 -25990
-2816 1658 1438 12279 5741 -24416
-2769 1661 1384 10669 3032 -23265
-2638 1771 1486 8557 849 -23466
-2314 1705 1301 7664 -1137 -24037
-2079 1578 1143 7835 -3777 -24942
-1707 1377 931 8774 -4738 -25506
-1461 1212 640 11790 -5132 -26005
-1246 995 344 14979 -4330 -26195
-1198 608 49 20485 -1253 -27020
-1312 483 114 25261 1879 -28923
-1498 297 468 26907 3455 -30732
-1571 300 547 26954 4593 -32768
-1733 263 648 25855 4314 -32768
-1691 107 714 23532 2801 -32768
-1571 -32 568 22462 1327 -32768
-1310 -393 433 22049 -445 -32768
-1181 -547 332 22988 -1874 -31950
-1108 -774 217 24142 -3456 -29386
-1242 -884 204 25694 -7336 -26681
-1397 -968 314 26077 -10385 -25848
-1724 -1050 522 25133 -13621 -26250
-2102 -1131 586 23306 -14472 -28252
-2347 -1202 567 22292 -14061 -29960
-2533 -1415 418 22076 -12258 -32007
-4404 -2869 1557 32767 -9397 -16386
-4410 -2647 1500 32767 -9944 -12513
-4445 -2338 1455 32767 -9459 -10133
-4397 -2003 1340 32767 -8000 -7001
-4142 -1272 807 32767 -7362 -4239
-3889 -644 304 32767 -7361 -2420
-3677 -244 -139 32767 -7533 695
-3452 104 -585 32767 -7066 3207
-3194 598 -1291 32767 -5798 7704
-3191 853 -1741 32767 -5536 12243
-3429 1241 -2372 32767 -5797 14766
-4118 1410 -3091 32767 -5950 16751
-4951 1372 -3499 31080 -4651 16265
-6121 1240 -4023 23563 -1248 13072
-8182 489 -5574 20137 2608 11323
-8666 187 -5844 16167 14939 11795
-9534 -303 -6552 13112 25943 14639
-10317 -724 -7327 2894 32767 21666
-10683 -1083 -7043 -9858 32767 26827
-10574 -1108 -6826 -32768 32767 32767
-10260 -1464 -6172 -32768 32767 32767
-9991 -1792 -5497 -32768 32767 32767
-9127 -2531 -2838 -32768 32767 32767
-8727 -2982 -1438 -32768 32767 32767
-8433 -3230 -55 -32768 -30490 -32768
-8097 -3641 3104 -32768 32767 32767
-8095 -2662 3787 -32768 32767 32767
-8224 -3003 3301 -32768 32767 32767
-6336 -3280 4423 -32768 32767 32767
-5573 -3572 4662 -31946 32767 32767
-5146 -3315 4574 -25803 32767 32767
-3802 -3301 4657 -23592 32767 32767
-3350 -3519 4580 -21333 18715 32767
-2430 -4441 3988 -17913 11051 32767
-2171 -5741 3241 -14587 10483 32767
-2505 -6007 2964 -8937 15465 32767
-2665 -6027 2781 -4036 21146 19146
-1893 -5733 2693 -1773 25359 10925
-815 -5025 2604 -89 28989 3256
-305 -4426 2591 -744 25981 -469
153 -3522 2610 -2254 21583 -1954
316 -2938 2575 -4983 15090 -3583
437 -2049 2215 -6153 11893 -4368
382 -1713 2075 -6450 9040 -5397
331 -1403 2023 -5814 7919 -6480
242 -991 2058 -5232 7705 -7389
33 -677 2061 -4203 6825 -9256
-142 -379 2061 -3404 5493 -10586
-193 -253 2063 -2118 3617 -11957
-177 -51 2088 -684 3397 -12502
-236 159 2322 191 2828 -12673
-277 239 2466 891 -482 -13432
-640 621 3045 793 -4285 -14558
-913 749 3243 375 -8174 -17463
-1184 1001 3256 468 -8267 -19818
-1300 990 2934 2821 -5254 -22984
-1390 1001 2590 8245 2729 -25787
-1390 1143 2352 13832 11462 -28138
-1429 1784 3726 14942 13550 -29462
-1473 1972 4094 12009 7476 -30970
-1492 1728 4402 9501 285 -31385
-1394 1470 4301 7698 -6386 -30523
-1323 535 3670 9386 -6880 -29439
-1724 -700 2089 13124 -5967 -29747
-2026 -1094 1228 22811 -5512 -32668
-2541 -1422 293 32767 -5995 -32768
-2750 -1577 210 32767 -4704 -32768
-2844 -1527 946 32767 -893 -32768
-2873 -1215 1945 32767 -258 -32768
-2889 -1171 2179 26968 -6378 -32768
-3035 -1232 2237 17619 -17975 -32768
-3172 -1524 1586 14842 -24461 -32768
-3238 -1680 1211 16512 -27569 -32768
-3587 -1923 942 20470 -24649 -32768
-3770 -1900 970 27863 -16041 -32768
-4219 -1651 1356 32767 -7565 -30420
-4313 -1308 1845 32767 -4745 -28690
-4211 -1013 1887 32767 -6068 -25994
-3920 -964 1777 32767 -9760 -21852
-3362 -886 1477 32767 -11553 -18101
-3019 -747 1155 32767 -13897 -12121
-2888 -562 979 32767 -16257 -8483
-2849 -357 857 32767 -20079 -4373
-2874 -47 724 32767 -21774 -2691
-3040 115 550 31280 -23584 -1833
-3349 447 243 29154 -24599 -2352
-3577 708 104 27950 -24520 -3210
-4185 1095 -345 27464 -21852 -5223
-4721 1654 -966 28285 -18068 -6380
-4916 1836 -1360 30312 -11490 -6179
-4900 2107 -2013 31233 -8112 -2806
-5009 2111 -2244 30130 -8076 291
-5224 1968 -2394 25714 -7908 4299
-5851 1500 -2650 21776 -7161 5546
-7042 893 -3298 16960 -5114 3781
-7821 731 -3949 15608 -2527 476
-8377 541 -4892 16069 5405 -4353
-8557 -14 -5138 16701 17779 -4893
-8556 -2310 -4850 15740 25499 -1542
-8821 -4104 -4581 10607 32767 7398
-8992 -4668 -4460 217 32767 16806
-9534 -6282 -3599 -10374 31684 21611
-9981 -7137 -3083 -29847 26788 26488
-9847 -8206 -1748 -32768 25934 29304
-9726 -8459 -1463 -32768 26071 32767
-9054 -9321 -396 -32768 26664 32767
-8643 -9798 -60 -32768 26714 32767
-8303 -9889 648 -32768 28370 32767
-7787 -10017 1771 -32768 29074 32767
-7522 -8074 3795 -32768 26996 26014
-6368 -10173 3183 -32768 32767 32767
-5863 -9516 3945 -32768 32767 32767
-5043 -8653 4159 -32768 23270 32767
-3607 -7612 4496 -32768 19860 32767
-2540 -7132 4478 -30620 19879 32767
-1701 -6841 4160 -19368 15180 32767
-740 -6539 3829 -11854 10877 32767
-16 -6068 3903 -3915 9209 32767
424 -5785 3952 -905 12158 32767
821 -5162 3929 -969 14423 32767
961 -4716 3855 -2226 17358 29428
1207 -4098 3496 -2669 17318 22110
1365 -3727 3177 -1969 15711 12277
1565 -2930 2743 -456 14431 4639
1494 -2529 2627 558 13566 681
1176 -2049 2506 1546 11744 -4028
602 -1711 2515 1667 10254 -6652
376 -1633 2467 1465 8042 -10157
-310 -1320 2362 547 6486 -13037
-1002 -976 2417 -439 5258 -14695
-1578 -891 2298 -1092 2226 -16813
-2560 -640 2040 -556 706 -17947
-3085 -524 2074 1277 -255 -19496
-3535 -294 2122 3512 -61 -21140
-4049 105 1934 5331 467 -22250
-4040 139 1820 8645 1793 -23296
-3814 381 1390 10735 3139 -23724
-3728 490 1317 12391 5403 -24700
-3519 1067 1329 11978 5443 -26882
-3307 1376 1329 11053 3717 -28711
-3192 1412 1337 9700 687 -31152
-2796 1466 1405 9095 -654 -32733
-2436 1480 1278 9598 -1073 -32768
-2303 1501 1035 11999 -1952 -32768
-2088 1460 594 14335 -2170 -32768
-1863 1360 400 17598 -739 -32768
-1565 1104 449 19196 1846 -32768
-1574 963 605 19196 2700 -32768
-1599 816 694 18471 2065 -32768
-1745 500 606 18056 698 -32768
-1793 434 626 17730 -1113 -32768
-1929 125 528 18303 -2653 -32768
-1885 -49 440 19404 -3254 -32768
-1723 -404 299 21944 -3072 -32768
-1657 -767 167 23921 -2879 -32334
-1694 -990 220 26323 -3748 -29944
-1825 -1198 409 26484 -5145 -29426
-2043 -1348 592 25178 -6025 -30137
-2232 -1423 620 21997 -7931 -32275
-2384 -1472 602 19034 -9865 -32768
-2399 -1584 521 17323 -9153 -32768
-2259 -1660 582 16970 -7391 -32768
-2080 -1817 617 17986 -5786 -32768
-2199 -1918 717 19384 -6616 -31714
-2297 -1954 842 21824 -9885 -29302
-2737 -2151 1041 24570 -11993 -27394
-2864 -2153 1087 26620 -11746 -26466
-3272 -2077 1114 30366 -9106 -25578
-3757 -1967 1006 32767 -6513 -25106
-3857 -1934 969 32767 -2374 -23776
-4039 -1829 963 32767 1550 -20883
-4150 -1773 1159 32767 3075 -17862
-4176 -1739 1194 32767 1943 -12002
-4489 -1575 1137 32767 -1136 -7675
-4630 -1496 1032 32767 -5990 -1754
-4877 -1214 661 32767 -6885 3374
-5074 -860 77 32767 -5467 6206
-5131 -286 -513 32767 -1552 9759
-4671 374 -1007 32767 3610 13574
-4225 784 -1316 32767 5765 16969
-3866 1075 -1660 32767 4209 22549
-3926 1749 -2438 32100 933 25430
-4117 1886 -2716 25819 -3969 27049
-4734 2066 -3678 22104 -4597 26798
-5179 2035 -4349 17627 -948 25634
-6678 1851 -6057 14780 6073 23672
-7551 1749 -6775 12913 13310 22291
-8474 1470 -7090 6905 26822 21348
-10197 500 -6638 -669 32767 22064
-10492 115 -6465 -15705 32767 26591
-11760 -1502 -5471 -31667 32767 32767
-12218 -2689 -4189 -32768 32767 32767
-11944 -2992 -3693 -32768 32767 32767
-10435 -3724 -1564 -32768 32767 32767
-9696 -3935 -292 -32768 32767 32767
-9030 -4122 784 -32768 32767 29109
-7447 -4513 5102 -32768 32767 32767
-7163 -3769 4734 -32768 32767 32767
-6584 -3378 5141 -32768 32767 32767
-5559 -3091 4920 -30536 32767 32767
-5089 -2993 5070 -24287 32767 32767
-4423 -2767 5423 -19770 32767 32767
-3466 -2806 5508 -20591 32767 32767
-2889 -3155 5252 -22107 32767 32767
-2513 -3785 4837 -23235 19557 32767
-2509 -5082 4036 -22757 13521 32391
-2705 -5280 3804 -19773 11511 23216
-3170 -5782 2709 -13298 17220 12554
-2914 -5759 2503 -8252 24823 6399
-2449 -5497 2402 -2230 32767 604
-1189 -4641 2852 -729 32767 -766
-874 -4367 3018 -2835 28840 -60
-165 -3633 3238 -7354 17245 2113
253 -2729 2980 -9869 9057 3433
305 -2364 2690 -11200 -651 4601
244 -2071 2374 -9261 -5491 4334
101 -1717 1993 -6486 -5600 3174
12 -1361 1888 -1627 -1676 -288
-105 -1088 1885 2847 3657 -5745
-172 -567 2152 4752 6575 -10163
-372 -145 2401 5311 7239 -17350
-612 558 2985 3295 4412 -23539
-745 1098 3356 1556 2045 -26267
-790 1286 3258 827 -143 -27842
-799 1309 2447 2436 -101 -27447
-937 1380 2066 7643 2920 -26413
-1186 1561 2070 12813 7322 -27044
-1965 2204 2660 14652 8508 -28996
-2160 2278 2940 13611 6717 -32768
-2674 2491 3144 10941 3723 -32768
-2711 1977 2511 11326 3754 -32768
-2297 1261 1587 15450 7810 -32768
-1989 956 1331 20189 12442 -32768
-1739 836 1479 21665 12376 -32768
-1693 794 1692 21551 5180 -31283
-1695 426 1777 20886 -2203 -31255
-1866 96 1745 20656 -11726 -32768
-2203 -227 1677 22124 -17207 -32768
-2680 -432 1538 24098 -18644 -32768
-2892 -543 1523 28044 -16787 -32768
-3485 -688 1789 31973 -11042 -32768
-3889 -713 1770 32767 -7648 -32768
-3851 -794 1670 32767 -4797 -32768
-3277 -1105 1502 32767 -3314 -32768
-2964 -1244 1334 32767 -3617 -32768
-2739 -1329 1147 32767 -7710 -24254
-2455 -1382 960 32767 -12516 -18178
-2402 -1353 846 32767 -20415 -10995
-2542 -1337 623 32767 -25431 -6817
-2594 -1161 420 31360 -26477 -5399
-2637 -896 112 28992 -26202 -4629
-2593 -677 -75 27932 -24944 -4702
-2606 -358 -342 26977 -22317 -5290
-2665 -101 -486 26372 -20542 -5825
-2769 235 -574 25756 -19741 -5824
-2989 405 -549 24102 -18583 -5707
-3905 764 -627 22914 -17330 -6012
-4124 869 -645 21195 -15058 -6535
-4835 1105 -853 19931 -13822 -6034
-4980 1220 -1051 19576 -13501 -4477
-5031 1280 -1471 20024 -12878 -149
-5037 1327 -1688 20551 -12166 3580
-4998 1272 -2003 20947 -11105 9377
-5422 1237 -2141 20744 -10082 11949
-5886 1228 -2369 19663 -8583 12165
-6333 1526 -2901 18643 -7252 10189
-6415 1600 -3029 16325 -2599 5795
-6209 1465 -3211 12915 6021 2494
-5971 930 -3410 10573 11784 1425
-5986 187 -3581 8344 15394 1365
-6362 -1081 -3782 5207 16425 2896
-6846 -2081 -3842 1162 14624 5474
-7857 -3812 -3637 -3250 13855 7080
-9006 -5528 -3226 -13123 16708 8896
-9868 -7528 -2887 -25343 24500 11709
-9977 -8101 -2753 -32768 30752 15592
-9069 -9530 -1702 -32768 32767 25937
-8300 -9797 -1140 -32768 32767 32767
-7500 -9791 -409 -32768 25017 32767
-7537 -9412 88 -32768 14142 32767
-7944 -9125 429 -32768 16375 32767
-8946 -9968 422 -32768 1036 -6766
-5669 -8643 3203 -32768 32767 32767
-5618 -7779 2710 -32768 32767 32767
-4831 -8356 3133 -32768 32767 32767
-4268 -7380 2813 -32768 16505 32767
-3828 -6805 2635 -32768 12725 32767
-3588 -6586 2716 -32768 17885 32767
-2377 -6248 3008 -26693 23741 32767
-1689 -5894 3183 -22544 23171 32767
-1285 -5637 3374 -17801 18916 32767
-559 -5294 3578 -15582 16997 32767
-347 -5144 3570 -12655 16564 32767
143 -4660 3314 -9144 17305 32767
551 -3928 2994 -6585 18640 32767
615 -3712 2944 -3174 20171 25058
845 -2983 2790 -1350 19847 19522
1007 -2632 2760 558 17598 11944
1147 -2150 2596 1982 14090 5893
1031 -1848 2440 3336 9653 1131
674 -1710 2352 4135 6430 -2004
0 -1475 2149 5155 2076 -6963
-447 -1299 1987 5676 -92 -10298
-932 -1070 1846 6031 -2338 -15125
-1554 -684 1773 5843 -3007 -18141
-2298 -471 1812 5010 -2911 -22646
-2796 -122 1727 4100 -1791 -26981
-2978 285 1574 3906 -119 -29359
-3363 558 1308 4822 2741 -32383
-3647 715 1200 7066 4645 -32768
-3895 838 1020 8960 5450 -32768
-3889 860 1009 11691 6263 -32768
-3810 905 1174 13017 7359 -32768
-3433 1080 1617 12904 8177 -32768
-3149 1240 1896 11789 8233 -32768
-2984 1337 1875 10542 5940 -32768
-2672 1407 1569 10925 1810 -32768
-2544 1442 1274 12386 -1058 -32768
-2482 1418 917 16319 -2943 -32768
-2508 1237 455 19780 -1643 -32768
-2547 1033 274 24873 3734 -32768
-2549 899 355 28317 10849 -32768
-2451 707 496 29390 14937 -32768
-2095 616 685 29047 18905 -32768
-1771 550 701 27892 19513 -32768
-1449 405 661 25649 17298 -29013
-1020 84 456 24262 14451 -26447
-922 -60 365 22696 8989 -23505
-903 -338 152 22220 4600 -22301
-900 -434 97 22316 -2140 -21568
-897 -861 92 22880 -7560 -21771
-1235 -1160 216 23245 -10345 -22693
-1543 -1302 340 23469 -13449 -25341
-1876 -1526 465 23353 -14553 -27626
-1977 -1554 505 23019 -13916 -30927
-2164 -1646 644 22673 -10954 -32768
-2285 -1844 679 23261 -8280 -32768
-2658 -2127 614 24604 -7246 -32768
-2836 -2177 586 27678 -5281 -32768
-3127 -2240 764 31237 -2112 -32408
-3472 -2641 1034 32767 -518 -30512
-3706 -2513 1331 32767 1049 -26591
-3776 -2610 1431 32767 626 -21326
-3678 -2722 1530 32767 -1407 -16921
-3528 -2830 1509 32767 -7114 -9738
-3581 -3003 1361 32767 -14080 -3769
-3921 -2846 1301 32767 -18272 -1689
-4286 -2613 1249 32767 -22703 -1389
-4565 -2054 916 32767 -23163 -2243
-4529 -1946 800 32767 -19809 -3207
-4295 -1677 326 32767 -14709 -2697
-4106 -1475 -283 32767 -12106 -1357
-4034 -1193 -1047 32767 -10567 1753
-4110 -799 -1752 32767 -10470 4559
-4353 -461 -2092 32767 -8186 8970
-4679 -161 -2342 32767 -4226 11686
-5115 171 -2609 32767 3903 15547
-5749 157 -2949 32478 9858 18994
-6501 39 -3495 23957 9735 20652
-7546 -266 -4419 12083 7079 23476
-8236 -705 -5123 5415 10187 26840
-8348 -810 -5329 -2741 23539 32767
-8110 -683 -5766 -7800 32767 32767
-7672 -547 -5716 -16075 32767 32767
-7166 -561 -5294 -25287 32767 32767
-6405 -866 -4428 -31998 32767 32767
-5040 -1871 -1614 -32768 32767 32767
-4434 -2176 -144 -32768 32767 32767
-3933 -2248 961 -32768 32767 32767
-5504 -320 5796 -32768 25656 30791
-3110 -213 3912 -32768 32767 32767
-3129 -443 3564 -32768 32767 32767
-4365 -209 3609 -26475 26997 32767
-4143 236 4470 -20820 22442 32767
-3782 187 4829 -16789 30814 32767
-3950 228 4552 -15562 32767 32767
-4110 63 3863 -13732 32767 32767
-3697 -282 3312 -12187 32767 32767
-3441 -509 2993 -11590 32767 29957
-3169 -875 2779 -10916 32767 22576
-2533 -1729 2850 -10642 32767 19496
-2078 -2237 3019 -10810 32767 17090
-1249 -3009 3188 -11206 32767 15915
-978 -3239 3251 -11313 32767 12799
-1056 -3066 3037 -10941 30314 8835
-1035 -2977 2944 -9454 21824 1429
-732 -2661 2620 -7000 20586 -4908
-763 -328 2282 599 -7800 -10534
-809 -157 2210 4298 -6944 -10692
-884 13 2373 6353 -6060 -12130
-1328 456 2702 6502 -6724 -14291
-1852 693 2759 5302 -9941 -20139
-2335 847 2638 4395 -12625 -27599
-2763 707 2022 5509 -11070 -32145
-2795 617 1567 10312 -3088 -32768
-2863 279 1214 16624 6811 -32768
-3005 215 1357 19790 11584 -32768
-2962 255 2114 20401 12772 -32768
-2643 299 2730 17933 9404 -32768
-2422 63 2905 13428 99 -32768
-2401 -303 2522 11658 -7112 -32768
-2447 -445 2325 12314 -16062 -32768
-2854 -857 1734 16668 -19353 -32768
-3002 -1235 1091 21029 -18072 -32768
-2992 -1325 1003 28196 -11818 -32768
-2853 -1473 868 32518 -6559 -32768
-2754 -1490 960 32767 -1202 -32768
-2558 -1682 998 32767 -917 -32768
-2522 -1743 1012 32767 -4546 -32768
-2752 -1870 1140 32767 -7564 -32768
-2734 -1961 1145 32767 -11078 -32768
-2612 -2049 1125 32767 -12452 -32768
-2548 -2117 1011 32767 -12939 -31451
-2676 -2155 952 32767 -14358 -25638
-2889 -2011 893 32767 -16682 -21243
-2941 -1910 946 32767 -17211 -19247
-2971 -1705 1030 32767 -14852 -17750
-3261 -1109 1032 32767 -11782 -18090
-3670 -409 821 32767 -6781 -20237
-3559 91 739 32767 -4201 -21641
-3372 292 654 32767 -5024 -21003
-3582 592 487 32767 -10945 -17887
-3967 532 374 32767 -15795 -14687
-4326 195 134 32767 -24986 -7605
-4950 -112 -183 32767 -28768 -2515
-5135 -162 -332 32767 -26484 3904
-5917 -272 -912 32767 -20112 7256
-6774 -732 -1562 32767 -15346 7864
-7043 -1130 -1659 32767 -5270 7182
-7689 -1723 -1859 32767 6414 4720
-8181 -1570 -2347 32767 12546 2058
-8108 -1352 -3029 32767 19999 -500
-6978 -1441 -3174 30569 27264 2811
-6714 -1436 -3240 24889 29393 7410
-6469 -1592 -3465 12966 25873 14541
-6751 -2857 -3651 4031 20991 18401
-7012 -3224 -3772 -7480 16017 20659
-8022 -4311 -4079 -16039 19930 18116
-9170 -5676 -3590 -21447 27448 14796
-9431 -6672 -3034 -30365 32767 12510
-8805 -8404 -1272 -32768 32767 14774
-8491 -8709 -801 -32768 32767 24804
-7859 -9320 348 -32768 31525 32767
-7796 -9423 1858 -32768 25167 32767
-7903 -9349 2387 -32768 16242 32767
-7899 -9075 2861 -32768 28894 -32768
-6695 -8367 5634 -32768 20169 27527
-5875 -8259 5457 -32768 13929 32767
-4394 -7500 4567 -32768 14111 32767
-3537 -6808 4231 -32768 17666 32767
-3001 -6425 4215 -28642 24853 32767
-2633 -5919 4117 -18682 31012 32767
-1573 -5561 4009 -12581 32767 32767
-958 -5533 4003 -5187 32767 32767
-133 -5146 4211 -2453 32767 32767
494 -4824 4475 -2735 32767 30763
963 -4427 4497 -5768 27492 28999
1510 -3652 4003 -7441 20836 27848
1608 -3500 3825 -8326 12450 25940
1779 -2923 3292 -7718 6158 23587
1724 -2727 3043 -6765 2345 21650
1473 -2484 2785 -5174 -2504 17758
1079 -2216 2668 -4338 -3959 14390
702 -2146 2587 -3755 -3440 8156
-157 -2018 2544 -3623 68 -57
-893 -1844 2492 -3425 3360 -6266
-1342 -1782 2510 -2729 7623 -15149
-2068 -1534 2604 -1815 9686 -22716
-2473 -1279 2643 -1173 10098 -26559
-2677 -1025 2572 360 11130 -29772
-3001 -417 2434 1715 12248 -30617
-3148 -243 2344 4229 12423 -31353
-3593 237 2087 5963 10142 -31960
-3837 589 2056 5944 9012 -32141
-3880 642 1872 4936 8461 -32119
-3681 825 1885 3775 8328 -32018
-3459 1087 2029 1055 6597 -31830
-3248 1277 1981 -584 3659 -31842
-3059 1343 1573 -888 -926 -32561
-2932 1295 1086 2252 -1765 -32768
-2825 1251 829 5869 289 -32768
-2707 1190 591 12656 5736 -32768
-2292 1038 232 17516 9559 -32768
-2159 1000 172 23923 12918 -32768
-1805 607 129 27583 12301 -32768
-1643 337 302 27871 10195 -32768
-1598 187 414 25229 5637 -32768
-1752 4 542 21998 2175 -32768
-1945 -118 651 16307 -2150 -32768
-2016 -301 535 11926 -4482 -32768
-2018 -484 350 10716 -5046 -32768
-1933 -718 76 11517 -4391 -32768
-1854 -872 -16 14166 -3004 -32081
-1818 -924 16 16041 -2457 -31552
-1767 -955 53 18164 -2773 -31598
-1689 -1093 273 18748 -3498 -32089
-1779 -1084 359 18045 -5426 -32768
-1875 -1112 391 16987 -7136 -32768
-1944 -1292 369 15507 -8824 -32768
-2048 -1459 302 15325 -8651 -32768
-2233 -1663 151 16095 -7385 -32768
-2214 -1757 154 18480 -3810 -32768
-2267 -1951 216 22272 279 -32768
-2391 -2090 329 25264 1891 -32768
-2593 -2168 467 29657 2009 -32768
-3122 -2295 635 32384 1309 -31795
-3200 -2321 722 32767 1744 -29668
-3329 -2394 1025 32767 3234 -27527
-3499 -2722 1156 32767 4783 -23327
-3724 -2947 1175 32767 4367 -20302
-3986 -3019 1189 32767 2092 -15814
-4336 -2752 1293 32767 790 -11541
-4577 -2300 1408 32767 1696 -8894
-4664 -1712 1314 32767 4824 -5382
-4471 -1167 898 32767 6594 -3073
-4328 -924 747 32767 7848 1004
-3714 -56 251 32767 7343 6161
-3531 368 -43 32767 5656 9914
-3458 963 -560 32767 1450 15321
-3428 1266 -924 32767 -1615 18928
-3428 1440 -1287 32767 -5498 24431
-3789 1589 -1851 30800 -6495 27351
-4409 1682 -2341 28206 -5224 28868
-5413 1646 -3093 27365 -3020 28324
-5951 1519 -3568 26308 1133 27201
-7042 934 -4300 24904 4620 26919
-7459 747 -4458 20485 10168 26678
-8705 216 -4645 11800 16480 27554
-9095 -590 -4480 3659 21371 30505
-9006 -1193 -4361 -9729 28221 32767
-9098 -1913 -4192 -17617 32009 32767
-9359 -2206 -4004 -25783 32767 32767
-9684 -2798 -2786 -29183 32767 32767
-9669 -2853 -2323 -32752 32767 32767
-9377 -3321 -374 -32768 32767 32767
-9144 -3406 145 -32768 32767 32767
-8152 -3379 1638 -32768 32767 32767
-7448 -3059 3151 -32768 32767 32767
-7300 -2850 3487 -32768 5835 -32768
-7491 -2119 5905 -32768 32767 16445
-6907 -1760 4793 -32768 32767 32767
-6651 -2463 4717 -32768 30509 32767
-5695 -2760 4756 -32768 29679 32767
-5500 -2690 4835 -32768 29599 32767
-5256 -2507 4892 -29853 26832 32767
-4457 -2664 4746 -25764 26889 32767
-3929 -3099 4473 -18042 30285 32767
-2928 -4128 3735 -9297 32767 32767
-2245 -4628 3753 -4687 32767 32767
-1621 -5074 3957 -1205 32767 32767
-1215 -5332 4116 -890 29210 24847
-810 -5361 4100 -1452 26494 18333
-338 -5412 3909 -1895 24774 10075
463 -5112 3579 -2005 24462 6002
797 -4511 3385 -2568 21609 1483
876 -4328 3340 -3611 15988 -1475
1035 -3806 3320 -4628 11952 -2783
1002 -3465 3345 -6327 5200 -4396
-2315 1195 3062 -798 -5291 -32768
-2190 1340 2632 -384 -2571 -32768
-1954 1317 2101 2725 3771 -29996
-1548 1824 1442 5247 8576 -27252
-1524 1934 1387 8077 12138 -24472
-1833 2185 1666 7647 9839 -25205
-2104 2857 3155 4793 5597 -26967
-2167 2805 3099 1560 -815 -30155
-2116 2237 2189 5808 -2262 -32698
-2104 2004 1856 12951 172 -32768
-2289 921 1114 25956 5834 -32768
-2477 553 953 32767 7815 -32768
-2537 16 1230 32767 7178 -32768
-2486 -200 1555 32767 2349 -32768
-2312 -614 1610 32767 -3157 -32768
-2184 -902 1504 26558 -11186 -32768
-2113 -1074 1344 20871 -16160 -32768
-2065 -1282 779 18977 -16911 -32768
-2051 -1381 501 19794 -14830 -32768
-2152 -1421 173 22512 -12417 -32768
-2344 -1366 145 28114 -8619 -32768
-2639 -1270 385 32654 -5315 -32768
-2635 -1196 747 32767 -3665 -32768
-2570 -1169 861 32767 -2631 -31410
-2148 -1066 1169 31765 -4727 -26201
-2060 -1061 1114 30510 -7940 -22546
-2121 -1098 930 29837 -13787 -17763
-2391 -1077 799 30393 -18282 -14273
-2492 -1025 763 31074 -19350 -12611
-2653 -912 811 31684 -17446 -10499
-2917 -638 989 31626 -15334 -9584
-3289 -279 1123 30896 -12981 -9089
-3550 2 1245 30186 -11608 -9061
-3643 68 1224 29777 -10174 -8782
-3865 186 1060 30563 -9729 -7777
-4363 174 925 31412 -10438 -6568
-6449 920 -3429 25428 8250 929
-6422 662 -3941 23780 13148 1912
-6444 430 -4089 20071 14540 5953
-6626 -1115 -4104 14096 13846 11566
-7640 -2005 -4122 9050 14706 13684
-8505 -2787 -4222 1575 17509 12581
-9150 -3790 -4186 -3046 20214 10231
-9524 -4815 -3884 -10961 27885 7093
-9951 -6353 -3055 -17564 32767 6610
-9843 -7461 -2340 -30093 32767 11524
-9207 -8632 -967 -32768 32767 23678
-8843 -9487 630 -32768 28699 32767
-9086 -10228 1826 -32768 21780 32767
-9134 -10363 1924 -32768 15603 32767
-9057 -10343 2527 -32768 18497 32767
-10218 -8245 6737 -32768 18855 8132
-7234 -9691 5013 -32768 32767 32767
-5755 -9014 4857 -32768 32767 32767
-4800 -8667 5007 -32768 31496 32767
-2974 -7199 5832 -32745 31883 32767
-2378 -6586 5682 -24331 32656 32767
-1920 -6184 5329 -14195 26335 32767
-987 -6132 5140 -8228 21984 32767
201 -6184 5252 -3457 18781 32767
871 -6122 5201 -3885 15979 32767
1363 -5445 4566 -5493 13220 32767
1469 -5047 4031 -7322 11401 32320
1403 -4302 3325 -7723 10906 26158
1374 -3992 3195 -8237 11511 15902
1468 -3074 2948 -8837 12381 6685
1423 -2365 2394 -8412 11736 1618
1331 -1994 2076 -6641 10973 -4117
1135 -1542 1774 -5284 11182 -6667
714 -1329 1542 -3418 10481 -9232
111 -1110 1706 -3236 8508 -11171
-438 -949 1852 -4339 7275 -12511
-1024 -830 1953 -7111 5773 -15212
-2104 -667 2073 -9042 4740 -17649
-3240 -590 2076 -10922 4026 -22068
-4049 -390 1894 -10676 5416 -25115
-4118 -286 1778 -7610 10899 -28141
-4097 154 1732 -2921 16965 -29290
-4319 556 1801 -53 18440 -29810
-4319 788 1746 3305 17078 -30419
-4143 908 1609 5394 15006 -30539
-4076 1100 1715 5414 12995 -30674
-3916 1446 2004 4386 10908 -30761
-3555 1722 2183 2750 7179 -30644
-3287 1789 1968 2962 5178 -30345
-2988 1681 1267 6615 4519 -30118
-2830 1700 956 10515 5967 -30348
-2698 1730 721 16722 10044 -31268
-2335 1756 742 21018 13975 -31772
-1706 1787 1033 22253 15367 -31420
-1359 1582 925 23061 13292 -30552
-1174 1384 1094 22848 9816 -30162
-1165 1290 1079 22094 3725 -29974
-1186 921 849 22030 698 -30017
-1333 533 569 23118 -1000 -30157
-1465 335 342 25393 -610 -29878
-1620 38 215 26965 990 -29461
-1639 -24 234 28495 4185 -28592
-1578 -266 390 28613 5616 -27747
-1411 -491 450 27590 5345 -26095
-1310 -655 489 25670 2134 -24366
-1142 -999 568 24063 -1236 -23380
-1149 -1047 533 21941 -7080 -22675
-1183 -1289 407 20818 -10494 -22618
-1224 -1503 358 19789 -13418 -22669
-1364 -1705 331 19769 -13161 -23040
-1567 -1852 346 20346 -10760 -24027
-1777 -2056 526 20736 -8205 -24907
-1853 -2235 660 21734 -4928 -25991
-2223 -2486 988 22622 -4226 -26635
-2480 -2609 1106 24521 -5407 -27511
-2943 -2843 1254 27487 -7050 -27769
-3264 -2914 1356 30039 -7353 -27325
-3624 -3207 1475 32767 -6648 -25422
-4017 -3440 1449 32767 -6027 -23474
-4304 -3482 1377 32767 -5456 -20097
-4611 -3331 1358 32767 -5028 -17979
-4867 -2951 1370 32767 -4243 -15071
-4907 -2088 1209 32767 -3099 -11657
-4837 -1897 1111 32767 -2662 -8692
-4327 -1298 341 32767 -4503 -2896
-4131 -976 -129 32767 -7246 1394
-4145 -503 -1035 32767 -11789 7275
-4233 -92 -1631 32767 -12171 11893
-4695 581 -2909 32767 -10045 14183
-5188 892 -3460 32767 -4081 16240
-6153 854 -4335 29162 794 17458
-7311 279 -5184 21323 1499 19088
-7776 89 -5444 9615 3756 23346
-10113 -641 -6433 3174 10012 26989
-10537 -857 -6551 -4106 28018 32767
-10716 -1582 -6453 -8952 32767 32767
-9909 -1674 -6016 -20127 32767 32767
-9089 -1754 -5271 -32768 32767 32767
-8219 -2028 -3755 -32768 32767 32767
-7498 -2383 -2596 -32768 32767 32767
-6690 -3105 -886 -32768 32767 32767
-3015 -2441 3143 -26738 19806 32767
-2488 -3307 2647 -22477 18790 32767
-2122 -3936 2545 -15833 23509 32767
-1798 -4625 2767 -12294 27465 32767
-1756 -5151 2943 -8589 27180 25942
-1840 -5382 3074 -5982 23625 12654
-1565 -5125 2913 -4327 23152 4366
-806 -4314 2587 -2202 24991 -4652
-202 -3443 2397 -1233 24134 -9753
116 -2727 2314 -1274 20711 -11689
176 -2521 2304 -1867 13860 -13041
205 -1866 2130 -2111 9762 -13369
81 -1597 2033 -1744 5727 -13797
-158 -1217 2015 -1452 3373 -14716
-287 -1023 2114 -2023 2152 -15809
-507 -598 2247 -2611 1597 -16514
-559 -514 2253 -3023 -680 -17388
-713 -228 2195 -2618 -2642 -17569
-677 -250 2105 -643 -3393 -16922
-654 -164 2067 2645 -2855 -15803
-617 -75 2262 4497 -3469 -15186
-851 123 2879 5277 -7951 -15693
-1411 389 3150 4103 -15320 -19531
-2436 639 3229 3233 -17854 -23212
-2604 653 3091 4296 -13930 -28251
-2975 513 2012 7671 -6964 -30819
-3005 473 1799 15340 4681 -32768
-3035 354 1483 22685 13400 -32768
-2928 110 1782 25423 16327 -32768
-2566 70 2856 23894 13073 -32596
-2258 -9 3285 20425 5542 -32177
-2223 -91 3289 15200 -9736 -32423
-2265 -523 2892 13150 -18344 -32768
-2342 -753 2574 12941 -24497 -32768
-2733 -1129 2020 15992 -23964 -32768
-2986 -1263 1678 19464 -20427 -32768
-3133 -1274 1387 25886 -12174 -32768
-3434 -1324 1130 31836 -4728 -32768
-3444 -1385 1102 32767 -1423 -32768
-3240 -1372 1209 32767 2533 -32768
-3182 -1405 1200 32767 4635 -32768
-2819 -1516 1042 32767 4537 -32768
-2556 -1641 930 32767 3628 -32768
-2369 -1852 686 32767 2811 -32768
-2498 -2080 604 32767 1222 -31544
-2660 -2234 577 32767 -1957 -22876
-2801 -2220 624 32767 -5196 -18108
-2876 -2168 690 32767 -10103 -12884
-2902 -1971 765 32767 -13055 -9727
-2934 -1860 735 32767 -14247 -8595
-3100 -1767 440 29547 -15882 -7685
-2999 -1787 298 28179 -16147 -6936
-2930 -1748 111 27530 -15824 -5561
-2904 -1644 -55 27996 -15601 -4075
-2960 -1536 -98 28481 -15147 -3326
-3171 -1352 -198 29389 -14856 -2681
-3333 -1305 -204 30039 -14861 -2536
-3829 -1206 -268 30143 -14739 -2919
-4219 -1241 -261 29362 -13154 -4145
-4814 -1187 -74 28098 -10661 -4812
-4875 -1355 9 25636 -4940 -4477
-4808 -1478 55 23156 993 -2549
-4879 -1356 -30 21853 3319 -1436
-5200 -668 -267 19953 3635 -690
-5064 -272 -360 18471 2909 53
-4641 194 -593 15672 1619 3008
-4382 409 -856 12355 687 7802
-3896 603 -1187 9870 443 11726
-3689 661 -1450 6184 -1277 17541
-3681 789 -1833 4169 -3401 20493
-4069 839 -2346 1714 -4582 22352
-4549 795 -2597 309 -2450 22103
-4859 556 -2769 -962 3356 20275
-5649 -127 -3010 -1276 9605 17371
-5887 -614 -2966 -1438 13697 15729
-5990 -1145 -2855 -2428 18998 15065
-5934 -2009 -2493 -3908 21104 16185
-6177 -2729 -2266 -6919 20685 19102
-6775 -3465 -1977 -10500 19506 21778
-7299 -3953 -1778 -12880 20848 22771
-7757 -4450 -1586 -16449 26692 23286
-7837 -5186 -783 -20814 32767 24208
-7687 -5563 -90 -24321 32767 25490
-7626 -5675 216 -31037 32767 28012
-7388 -5805 1209 -32768 32767 30829
-7170 -6070 1915 -32768 32767 32767
-7111 -6175 2267 -32768 32767 32767
-6970 -6285 3169 -32768 -3496 32767
-7265 -4263 8105 -32768 26390 -19927
-5595 -6321 4909 -32768 32767 32767
-5537 -5935 4512 -32768 15911 32767
-4976 -5602 4476 -31248 8715 32767
-4389 -5268 4451 -21527 17645 32767
-3661 -5126 4685 -14145 28489 32767
-3148 -5200 4407 -10102 29533 32767
-2919 -5233 4376 -6345 30442 32767
-1497 -5277 4413 -5819 32767 32767
-855 -5153 4370 -7596 32767 32767
243 -4834 4205 -10530 29005 32767
963 -4321 3928 -12206 23109 32767
1090 -4144 3849 -13705 15500 32093
1464 -3556 3617 -13828 11213 29143
1493 -3135 3543 -13317 9222 26313
1402 -2897 3494 -11916 5780 20415
1207 -2588 3488 -10100 3046 13121
961 -2349 3477 -8917 2299 7586
701 -2104 3391 -6686 2743 -1296
257 -1916 3120 -4742 3888 -7285
-227 -1740 2925 -1383 6601 -16372
-1381 -1385 2463 2338 11089 -25131
-1881 -1217 2300 4847 14645 -30104
-2349 -947 2232 8138 18652 -32768
-2516 -739 2149 9682 19154 -32768
-2861 42 2087 10288 16016 -32768
-2992 811 2116 8076 9474 -32768
-3048 1240 2146 5294 4855 -32768
-3079 1390 2199 161 690 -32768
-3159 1602 1866 -2605 -425 -32768
-3181 1600 1581 -3846 -1153 -32768
-3217 1806 1189 -1582 -1224 -32768
-3219 1820 860 1991 -437 -32768
-3101 1702 384 9768 3873 -32768
-2866 1540 198 18664 10775 -32768
-2446 1276 152 23779 14956 -32768
-2132 1069 186 28870 17196 -32768
-1788 736 259 30224 15475 -32768
-1544 537 348 29150 10289 -32768
-1399 399 536 24573 4309 -32587
-1361 202 647 20685 291 -31797
-1335 -71 476 15845 -4992 -31016
-1387 -391 207 13857 -7914 -30542
-1406 -592 30 14275 -8622 -30235
-1431 -888 -136 16817 -7839 -29897
-1431 -999 -131 20149 -5695 -30085
-1685 -1176 28 22817 -4099 -31218
-1812 -1220 245 23401 -3412 -32336
-1958 -1221 481 22346 -3478 -32768
-2025 -1213 590 20866 -3293 -32768
-2017 -1244 523 19273 -2201 -32768
-1872 -1487 360 19604 -1117 -32768
-1998 -1727 100 21092 -1234 -32768
-2058 -1831 126 24266 -2214 -30717
-2215 -2058 284 26228 -2735 -28868
-2309 -2128 478 28053 -3377 -25960
-2779 -2066 833 28636 -5397 -23787
-3206 -2165 956 29003 -7217 -22711
-3904 -2218 1153 30133 -8622 -20896
-4240 -2396 1253 31651 -8455 -19151
-4839 -2782 1316 32767 -7700 -15747
-5328 -3000 1356 32767 -6872 -13509
-5989 -2885 1387 32767 -4418 -10917
-6122 -2623 1448 32767 -186 -8349
-5870 -2017 1328 32767 2581 -6114
-5406 -1585 1202 32767 4416 -1217
-4035 -614 689 32767 3164 3197
-3523 -193 256 32767 -2440 10225
-3133 264 -237 32767 -9999 16353
-3079 1138 -1111 32767 -13602 19199
-3368 1602 -1555 32767 -15486 21025
-3574 1969 -1965 31417 -14295 21176
-3932 2194 -2484 26329 -10673 20348
-4728 2379 -3275 20645 -6134 19501
-5293 2235 -4072 17210 -2398 20074
-6226 1992 -4897 13502 3647 22317
-7688 1614 -5576 11722 8963 23944
-8217 1400 -5666 8222 20482 26089
-10489 175 -5840 1936 31849 29099
-10893 -1153 -5569 -4607 32767 32767
-10843 -1527 -5353 -18407 32767 32767
-10704 -2266 -4458 -32768 32767 32767
-10189 -3125 -3733 -32768 32767 32767
-9951 -3479 -3004 -32768 32767 32767
-9410 -3880 -1187 -32768 32767 32767
-8841 -4131 520 -32768 32767 32767
-7985 -1608 7690 -32768 32767 -32768
-6915 -3948 3813 -32768 32767 32767
-7040 -4067 3415 -32768 32767 32767
-6675 -4063 3539 -32768 31055 32767
-5707 -3869 3977 -32768 32767 32767
-4773 -3666 4372 -32768 32767 32767
-4163 -3509 4457 -30315 32767 32767
-3192 -3509 4472 -27130 26930 32767
-2518 -3824 4005 -24067 24843 32767
-2181 -4210 3662 -18459 22881 32767
-1676 -4781 3401 -14856 21621 32767
-1516 -5159 3218 -10386 20125 28037
-1365 -5174 3145 -7410 20747 19831
-974 -5059 3088 -6114 21770 15030
-513 -4885 2949 -4459 21792 9705
-24 -4499 2665 -3405 20687 6935
195 -4213 2488 -2019 18432 3255
444 -3763 2405 -1225 15481 332
599 -3333 2356 -886 13064 -1253
592 -3149 2397 -703 8995 -3378
526 -2995 2429 -982 4934 -5522
335 -2627 2493 -1422 2555 -7169
144 -2391 2530 -1939 -841 -9995
-259 -1979 2310 -1680 -2772 -12093
-435 -1754 2257 -451 -2902 -15487
-509 -1543 2174 1977 -114 -18476
-495 -1265 2102 4256 1819 -20115
-471 -949 2288 7195 2046 -22632
-879 18 2849 8422 -2295 -26350
-1468 719 3177 8420 -5864 -29524
-1665 917 3251 8019 -7983 -32768
-2232 1367 3158 8460 -6110 -32768
-2451 1471 2684 12395 1141 -32768
-2339 1480 1947 19786 12426 -32768
-2329 1645 1459 24731 18055 -32768
-2539 1981 2091 27373 17851 -32768
-2944 2208 2654 25167 11659 -32768
-3126 2246 2985 18999 564 -32768
-2708 1757 2880 15857 -3466 -32768
-2475 1188 2285 16487 -5679 -32333
-2494 210 1167 20439 -6181 -31573
-2646 -261 1007 28344 -6007 -32213
-2873 -481 1010 32767 -4787 -32768
-3137 -799 1305 32767 -4087 -32768
-3356 -834 1699 32362 -5076 -32768
-3473 -814 1856 28690 -7720 -32768
-3461 -870 1797 23311 -12324 -32768
-3109 -1213 1410 24970 -17353 -17665
-2304 -1191 660 25222 -17832 -17524
-2299 -1280 480 27532 -16385 -16426
-2630 -1104 525 29329 -15155 -15589
-2870 -950 498 31588 -13856 -14398
-2960 -807 554 32767 -11513 -12817
-3198 -537 520 32767 -9321 -11829
-3613 -77 447 32375 -6158 -11164
-3788 343 437 31092 -4909 -10574
-3846 411 405 28410 -5269 -8585
-3931 536 228 25646 -7170 -4787
-4166 657 -49 24006 -8985 -1791
-4596 818 -608 22519 -12984 2739
-4909 829 -1032 22544 -15032 5327
-5462 738 -1600 23796 -13468 7544
-5910 754 -1931 24612 -9747 7431
-6352 910 -2309 24074 -3007 5393
-6502 1446 -2994 20739 3705 3379
-6295 1466 -3146 16933 7648 3139
-6185 1294 -3540 10171 11418 4414
-6258 768 -3946 6374 11954 6314
-6423 -332 -4376 1960 11393 10393
-6796 -983 -4487 -1594 10552 14132
-7309 -1660 -4562 -3922 10809 15396
