1604 683 -2354 -26 2341 1854
1704 795 -2486 -42 2201 2096
1773 858 -2520 2 2080 2182
1990 921 -2482 37 2012 2187
2262 881 -2408 83 1907 2253
2697 925 -2285 103 1814 2384
2951 949 -2147 96 1586 2708
3341 895 -1737 26 1323 2955
3579 773 -1404 -215 782 3304
4038 574 -845 -446 430 3503
4412 470 -461 -858 165 3778
4692 376 -118 -1255 344 3953
4526 245 -21 -1452 669 3947
4263 190 -45 -1625 1245 3746
3798 195 -63 -1663 1524 3512
3477 193 -43 -1659 1565 3126
3077 108 29 -1640 1382 2890
2854 49 132 -1663 935 2636
2538 33 332 -1732 611 2539
2270 22 536 -1916 242 2496
2095 3 661 -2197 97 2537
1813 -4 787 -2543 191 2596
1596 -34 809 -2779 369 2610
1241 -61 747 -2994 613 2585
1023 -68 671 -3257 975 2490
748 -86 525 -3390 1125 2399
661 -142 373 -3516 1096 2263
547 -227 138 -3536 739 2149
468 -298 -98 -3489 393 2082
408 -320 -222 -3329 -114 1984
364 -323 -298 -3197 -391 1915
358 -339 -297 -3012 -685 1808
452 -379 -277 -2913 -806 1754
557 -372 -244 -2831 -924 1716
618 -363 -165 -2847 -962 1701
721 -461 -164 -2904 -938 1692
807 -473 -187 -3019 -876 1715
1018 -462 -280 -3145 -875 1787
1154 -469 -297 -3232 -899 1839
1163 -461 -300 -3390 -873 1880
1483 -531 -430 -3525 -753 1940
1814 -575 -623 -3580 -657 2015
2068 -606 -700 -3648 -555 2194
2624 -672 -824 -3713 -572 2363
2886 -703 -852 -3873 -717 2625
3365 -802 -939 -4109 -875 2824
3897 -633 -936 -4293 -897 2941
4178 -345 -1011 -4554 -701 3015
4435 136 -1122 -4722 -263 2884
4405 450 -1163 -4786 68 2597
4193 880 -1227 -4791 600 1829
4020 1173 -1161 -4752 863 1146
3887 1544 -936 -4711 973 403
3916 1705 -783 -4631 801 -632
4119 1818 -510 -4580 453 -1179
4578 1875 -202 -4541 -454 -1636
5176 1656 421 -4588 -1475 -1776
5519 1383 930 -4583 -1598 -1878
5561 1301 1509 -4526 -905 -2232
5707 1108 2452 -4470 -208 -2562
6390 68 2975 -4263 745 -2947
6992 -888 3319 -3862 1077 -2989
7950 -2153 3691 -3462 1208 -2815
8247 -3015 3880 -2580 1978 -2487
8054 -3841 4133 -1885 2745 -2438
7967 -5225 4286 -735 3634 -2490
7862 -6730 4020 151 3610 -2555
7604 -7454 3364 1936 3173 -2841
7101 -8103 2459 3407 2947 -3182
7028 -8437 1958 5672 2597 -3752
6968 -8751 1244 7021 2362 -4124
6867 -8758 850 8579 2118 -4652
6317 -8515 300 9244 1847 -5034
5838 -8157 148 9629 1194 -5719
5420 -7947 8 9105 1007 -6047
5091 -6957 -2179 7705 660 -6383
4808 -7372 -519 7664 1801 -7109
5350 -7197 -1703 7548 3589 -7546
4908 -7474 -1505 7283 4399 -7512
4616 -7196 -1569 6398 4334 -7129
3692 -6760 -1700 5663 3857 -6834
3048 -6236 -1869 4560 2760 -6530
2176 -5645 -2235 3726 1886 -6414
1555 -5069 -2217 3295 1689 -6383
1292 -4733 -2046 2717 1879 -6223
1090 -4385 -1836 2345 2183 -5970
1048 -4136 -1723 1806 2696 -5337
1028 -3753 -1671 1344 3092 -4469
859 -3344 -1751 1029 3278 -3564
603 -2883 -1948 937 3295 -3021
436 -2641 -2105 984 3238 -2371
257 -2250 -2276 1180 3094 -1897
234 -1998 -2303 1334 2956 -1645
328 -1859 -2225 1472 2688 -1282
593 -1636 -2153 1493 2407 -864
1032 -1322 -2126 1449 2234 -519
1394 -1068 -2117 1328 2038 117
1836 -846 -2183 1165 2032 802
2197 -450 -2207 1052 2138 1250
2693 15 -2424 897 2357 1956
2909 269 -2549 794 2509 2635
3275 576 -2515 702 2490 3040
3550 762 -2411 492 2303 3568
3938 1049 -2174 204 2074 3979
4266 1262 -1799 -46 1903 4156
4522 1372 -1841 -377 1631 4306
4823 1521 -2137 -443 1481 4346
4777 1498 -2042 -443 1334 4234
4542 1487 -1736 -481 1412 3873
4343 1666 -1395 -589 1710 3400
4060 1917 -721 -772 1920 3068
3932 2156 -481 -1121 2146 2648
3518 2398 -279 -1324 2232 2400
3107 2471 -107 -1607 2304 1977
2451 2453 48 -1847 2408 1469
1908 2253 13 -1955 2492 1128
1516 2081 -123 -1991 2664 637
1017 1724 -536 -1824 2899 233
745 1276 -889 -1628 2995 58
646 1032 -974 -1358 2861 -12
571 757 -840 -1253 2372 133
545 583 -591 -1314 1916 316
526 478 -467 -1564 1151 646
487 338 -316 -1793 675 872
427 246 -273 -2173 84 1143
236 136 -259 -2421 -193 1244
136 43 -282 -2743 -394 1252
18 -178 -399 -2922 -408 1186
22 -317 -456 -3127 -345 1039
127 -430 -496 -3285 -274 922
255 -468 -529 -3368 -275 887
448 -594 -607 -3453 -370 915
502 -617 -588 -3498 -483 950
525 -609 -592 -3551 -670 999
571 -665 -635 -3574 -807 1024
624 -785 -726 -3570 -877 1033
689 -865 -770 -3525 -948 1044
697 -880 -730 -3514 -1021 1030
719 -925 -606 -3591 -1095 966
778 -1071 -508 -3696 -1090 906
840 -1236 -460 -3912 -906 804
1007 -1530 -465 -4089 -726 745
1237 -1689 -478 -4381 -542 751
1667 -1950 -511 -4688 -589 929
2072 -2438 -579 -4896 -791 1135
2247 -2744 -564 -5216 -1292 1507
2643 -3120 -561 -5422 -1683 1784
3022 -3353 -590 -5669 -2216 2273
3524 -3673 -753 -5767 -2580 2760
3770 -3840 -864 -5729 -2666 3029
3966 -3951 -895 -5595 -2519 3278
4084 -3933 -889 -5454 -2055 3307
4265 -3788 -844 -5369 -1629 3245
4369 -3502 -778 -5293 -977 3078
4288 -2989 -658 -5290 -393 2791
3877 -2545 -584 -5337 80 2312
3458 -2109 -568 -5377 259 1917
3307 -1938 -528 -5417 173 1348
3403 -1707 -555 -5411 -190 1088
3622 -1584 -559 -5290 -1107 964
3966 -1311 -450 -5156 -1739 1025
4131 -1062 -349 -4849 -2133 1195
4248 -606 -2 -4626 -1942 1282
4342 -235 363 -4398 -1177 1348
4518 265 863 -4341 -564 1374
4641 554 1174 -4360 124 1388
4709 940 1592 -4389 362 1359
4691 1137 1787 -4325 398 1155
4593 1263 2043 -4130 354 864
4482 1252 2272 -3580 386 168
4505 1172 2846 -3103 450 -392
4669 984 3296 -2325 605 -1148
4970 603 4067 -1826 630 -1525
5219 311 4584 -1120 601 -1876
5561 -126 5326 -626 795 -2031
5888 -582 5662 226 1564 -2271
6930 -1410 5856 955 2425 -2394
7699 -1946 5781 2370 3986 -2469
8130 -2716 5107 3574 4932 -2589
7964 -3239 4291 5752 6016 -3077
7302 -3666 3100 8022 6287 -3916
6762 -3858 2239 9396 6244 -4637
5936 -4137 685 11134 5653 -5788
5445 -4360 -575 11939 4739 -6512
7131 -5013 388 -2248 -22 -5650
4421 -4168 -2564 9894 3040 -7162
4035 -4501 -2529 11108 2768 -8645
4358 -4500 -2673 11060 2406 -9080
4534 -4522 -1924 9890 1909 -9174
4495 -4829 -1451 7944 2183 -8889
4112 -5168 -1377 6583 2744 -8691
3083 -5852 -1618 4795 3585 -8477
2725 -6128 -1858 3525 4119 -8251
2408 -6371 -2122 2991 4295 -7950
2173 -6284 -2224 2537 4163 -7253
1672 -6142 -2424 2399 3949 -6680
1356 -5974 -2516 2299 3640 -5685
1011 -5476 -2424 2116 3282 -4516
752 -4867 -2291 1891 3007 -3681
591 -4354 -2303 1472 2655 -2425
356 -3520 -2544 1220 2518 -1632
179 -2921 -2775 976 2440 -568
-96 -2103 -3085 899 2424 32
-261 -1584 -3182 826 2403 763
-399 -829 -3284 747 2356 1365
-212 -184 -3312 670 2273 1743
-80 111 -3194 478 2081 2286
24 480 -3210 315 1997 2602
506 729 -3260 116 1915 3077
1082 706 -3241 -10 1851 3611
1573 568 -3175 -85 1821 4156
2509 421 -2891 -183 1798 4698
3473 275 -2299 -328 1769 5016
4026 40 -1826 -728 1560 5331
4874 -379 -1158 -1262 874 5435
5658 -640 -806 -1569 315 5421
6050 -698 -625 -1814 -149 5284
5966 -782 -465 -1818 -3 5033
5699 -684 -398 -1619 900 4409
5294 -471 -279 -1281 1975 3724
5024 -396 -180 -1050 2350 3361
4562 -315 48 -798 2193 3004
4069 -118 285 -712 1731 2876
3767 -3 404 -688 844 2772
3356 104 563 -736 289 2722
3156 144 643 -870 -268 2659
2885 190 736 -997 -405 2626
2717 222 791 -1234 -300 2603
2529 255 858 -1421 -90 2612
2422 242 899 -1730 344 2656
2195 225 897 -1945 714 2684
1988 229 843 -2255 1369 2656
1663 221 645 -2507 2023 2526
1323 206 419 -2640 2345 2376
1092 221 288 -2795 2529 2079
763 244 119 -2870 2419 1840
573 221 0 -2932 1995 1449
429 182 -144 -2921 1628 1176
306 176 -281 -2847 1071 808
261 173 -323 -2787 727 597
265 143 -316 -2717 295 346
329 57 -300 -2688 82 223
434 -2 -270 -2690 -88 139
548 -75 -208 -2733 -276 89
615 -126 -234 -2804 -347 110
708 -172 -300 -2848 -336 154
731 -195 -332 -2901 -265 235
786 -259 -356 -2945 -215 286
818 -281 -349 -3020 -174 349
819 -262 -324 -3104 -154 375
857 -295 -347 -3156 -139 376
942 -331 -395 -3213 -138 385
1107 -402 -415 -3259 -201 429
1297 -516 -462 -3287 -284 505
1756 -810 -613 -3285 -381 640
2052 -1014 -692 -3244 -598 951
2391 -1255 -695 -3233 -884 1322
2616 -1375 -642 -3265 -1035 1577
3060 -1399 -703 -3303 -1083 1984
3639 -1236 -888 -3284 -1013 2287
3801 -939 -925 -3205 -783 2656
3746 -477 -967 -3125 -328 2711
3550 -185 -1080 -3077 149 2517
3401 -24 -1184 -2992 1045 1900
3280 173 -1398 -2913 1615 1349
3193 259 -1494 -2768 2102 434
3135 264 -1489 -2669 1857 -445
3149 254 -1263 -2674 1302 -958
3297 244 -1043 -2820 86 -1522
3800 297 -574 -3027 -802 -1715
4245 314 -332 -3418 -1875 -1757
4655 105 -31 -3782 -2151 -1695
4798 43 468 -3986 -1798 -1725
4958 122 777 -4175 -591 -1871
5257 13 1017 -4165 423 -1997
5331 -286 1189 -3915 1534 -2225
5429 -714 1473 -3420 1779 -2421
5431 -1042 1626 -2967 1694 -2542
5352 -1927 1959 -2220 1361 -2796
5198 -2671 2516 -1752 1251 -3025
5348 -3117 2907 -1120 1515 -3244
5677 -4002 3505 -723 1790 -3218
6078 -4664 3654 -28 2118 -2863
6355 -5381 3646 610 2211 -2525
6224 -6213 3363 1939 2281 -2238
5786 -6688 2985 3066 2326 -2290
5679 -6945 2543 5013 2382 -2615
6034 -7232 2047 6338 2292 -2813
6447 -7475 1770 8075 2133 -2956
6522 -7488 1500 9288 2128 -3268
5702 -7476 1041 9763 2192 -3825
5264 -7326 684 10044 2043 -5010
5077 -4378 526 -7661 -2023 -5280
4628 -6697 -1143 8261 1914 -6489
4678 -6944 -1661 8677 1430 -7603
5041 -6670 -1265 8407 1137 -7835
5007 -6428 -917 7308 997 -7699
4488 -6072 -794 5944 1634 -7349
3710 -5744 -1138 5154 2287 -7127
3162 -5509 -1472 4325 3150 -6843
2454 -5235 -1861 3840 3600 -6546
2174 -4979 -1975 3596 3654 -6262
1875 -4538 -1866 3233 3559 -5694
1583 -4197 -1714 2963 3552 -5276
1387 -4042 -1631 2524 3639 -4657
1072 -3801 -1590 2106 3759 -4106
834 -3490 -1656 1873 3799 -3773
667 -3237 -1678 1599 3775 -3315
509 -2946 -1770 1407 3672 -2884
502 -2630 -1882 1323 3541 -2570
509 -2430 -1953 1233 3254 -2057
561 -2176 -2074 1201 3032 -1696
613 -1975 -2072 1149 2678 -1136
845 -1620 -2047 1072 2376 -511
1232 -1204 -2047 1014 2251 -34
1494 -966 -2057 927 2211 736
2004 -737 -2068 828 2325 1611
2531 -394 -2134 767 2441 2248
2809 -143 -2128 668 2566 3204
3245 91 -2125 592 2630 3788
3599 234 -2059 437 2723 4541
4036 425 -1784 271 2750 4921
4142 530 -1451 -157 2611 5217
4329 788 -1036 -723 1986 5184
4550 951 -947 -1068 1286 5033
4654 1003 -1007 -1396 138 4656
4643 998 -865 -1585 -690 4086
4552 1176 -497 -1714 -791 3625
4586 1404 -243 -1950 -116 2974
4644 1714 187 -2160 677 2630
4544 1884 395 -2525 1908 2235
2949 2110 -266 -2702 3703 1377
2378 2063 -496 -2384 3969 874
1782 1780 -911 -2068 3981 565
1513 1535 -1019 -1568 3621 247
1319 1250 -893 -1312 3078 161
1276 1135 -747 -1130 1978 219
1254 1011 -520 -1123 1221 343
1163 901 -390 -1251 254 549
967 739 -272 -1481 -405 681
781 626 -216 -1653 -657 711
623 548 -209 -1916 -783 659
438 407 -177 -2096 -739 566
369 273 -123 -2378 -564 376
371 79 -94 -2580 -430 247
456 -38 -112 -2867 -286 108
603 -226 -128 -3129 -283 65
664 -275 -142 -3281 -357 77
714 -338 -207 -3441 -537 118
670 -439 -317 -3495 -649 135
595 -491 -366 -3496 -736 105
507 -534 -417 -3462 -721 49
458 -617 -489 -3360 -628 -66
467 -668 -540 -3280 -539 -140
475 -734 -567 -3169 -378 -241
534 -823 -538 -3116 -276 -287
600 -893 -492 -3108 -201 -293
723 -980 -439 -3173 -224 -230
818 -1032 -377 -3249 -285 -162
918 -1085 -370 -3399 -452 -18
1104 -1288 -363 -3516 -587 92
1259 -1466 -376 -3706 -732 276
1582 -1764 -364 -3853 -752 431
1896 -2049 -345 -4128 -785 751
2379 -2517 -227 -4356 -882 1046
2843 -2752 -162 -4756 -1325 1623
3592 -3079 -213 -5008 -1811 2117
4185 -3260 -482 -5255 -2609 2954
4360 -3404 -619 -5302 -3276 3676
4296 -3484 -741 -5278 -3564 3965
4188 -3503 -847 -5172 -3486 4023
4184 -3369 -851 -5107 -3058 3871
4101 -3071 -683 -5164 -2012 3446
4034 -2508 -361 -5335 -1198 3095
4047 -2154 -205 -5773 -31 2592
4015 -1648 -83 -6313 809 2194
3867 -1101 -22 -6660 970 1983
3679 -785 -38 -7053 512 1676
3434 -544 -188 -7125 -435 1339
3347 -426 -196 -6964 -1061 1084
3420 -220 -54 -6470 -1637 710
3688 49 316 -6054 -1689 490
4045 138 685 -5436 -1423 315
4604 367 1577 -5128 -1200 316
4931 517 2159 -4850 -929 414
5171 760 2945 -4714 -752 435
5285 882 3412 -4448 -487 243
5329 749 3931 -4126 -282 -110
5441 589 4194 -3301 254 -933
5686 99 4601 -2519 749 -1570
6021 -362 4869 -1103 1338 -2394
6510 -1152 5241 491 1816 -2903
6967 -1586 5386 1636 2371 -3064
7814 -2318 5220 2837 3158 -3100
8033 -2703 5060 4613 4343 -3185
7727 -3043 4182 6382 5520 -3601
6934 -3270 2748 7591 5962 -4061
6304 -3325 1611 9378 6155 -4909
5535 -3516 -59 10444 5861 -5473
5135 -3565 -966 11619 4798 -6248
4477 -3130 -1730 10819 3923 -6491
3798 -3607 -3044 11322 3447 -7279
3408 -3503 -2861 11324 2672 -8308
3352 -3383 -2332 10687 2285 -8730
3193 -3567 -1840 9110 2379 -9006
2994 -3657 -1591 7885 2784 -8939
2813 -3912 -1554 6066 3500 -8574
2403 -4324 -1591 4976 3934 -8238
1946 -4956 -1734 3323 4704 -7477
1516 -5337 -1849 2593 4938 -6803
1194 -5413 -1984 2302 4823 -6266
1008 -5341 -2091 2077 4258 -5332
799 -5127 -2194 1979 3336 -4324
438 -4833 -2250 1931 2724 -3699
241 -4376 -2255 1833 1956 -2817
134 -3669 -2186 1730 1541 -2210
125 -3148 -2119 1501 1058 -1263
98 -2407 -2139 1227 832 -309
179 -1684 -2403 1084 806 333
301 -1155 -2561 978 875 1301
548 -473 -2498 866 1150 2211
910 45 -2387 747 1568 2785
1171 400 -2434 517 2471 3529
1460 729 -2545 345 3101 3915
1703 891 -2669 105 3771 4303
2173 1018 -2979 31 3960 4470
5034 -39 -224 -488 1978 2136
4688 11 -12 -690 2501 2031
4315 148 146 -977 2684 2021
4015 202 176 -1201 2274 2098
3460 212 179 -1304 1789 2132
3109 208 221 -1407 921 2127
2743 187 317 -1461 369 2096
2581 174 391 -1544 -220 2059
2316 185 525 -1616 -408 2044
2115 239 608 -1755 -370 2031
1823 305 735 -1875 -156 2024
1630 336 792 -2094 336 2009
1363 343 851 -2370 938 1974
1101 315 846 -2582 1322 1928
929 306 815 -2932 1729 1831
680 286 692 -3266 1863 1685
486 259 552 -3462 1784 1573
398 225 431 -3668 1447 1404
328 185 247 -3738 1122 1302
302 151 148 -3748 637 1165
219 80 75 -3711 377 1067
198 28 37 -3618 136 909
211 -7 -21 -3539 89 808
223 -33 -44 -3410 153 675
301 -100 -126 -3322 234 608
384 -146 -177 -3192 364 563
509 -164 -246 -3114 401 582
585 -156 -278 -3011 316 659
778 -215 -334 -2928 68 813
929 -230 -336 -2892 -173 944
1026 -278 -395 -2844 -512 1140
1173 -300 -424 -2805 -650 1264
1310 -295 -435 -2755 -710 1413
1510 -436 -442 -2755 -673 1485
1644 -608 -484 -2787 -487 1552
1863 -802 -538 -2871 -218 1583
2060 -910 -511 -2975 -96 1585
2168 -1012 -484 -3201 -76 1550
2358 -1208 -509 -3378 -147 1536
2788 -1315 -640 -3600 -290 1593
3252 -1164 -816 -3680 -401 1703
3397 -1021 -931 -3689 -525 1883
3406 -890 -1128 -3558 -434 1934
3328 -863 -1348 -3391 -254 1863
3197 -817 -1452 -3053 94 1582
2858 -685 -1522 -2704 399 1077
2613 -691 -1472 -2522 506 651
2553 -793 -1256 -2426 479 234
2672 -879 -1118 -2440 146 -249
3083 -937 -948 -2589 -504 -433
3421 -989 -723 -2734 -1054 -420
3649 -1077 -619 -2962 -1838 -313
3951 -1357 -444 -3094 -2185 -239
4230 -1523 -385 -3201 -2349 -181
4710 -1674 -327 -3113 -2106 -147
4732 -1571 -294 -2936 -1692 -219
4611 -1389 -310 -2496 -681 -472
4354 -1110 -265 -2137 78 -724
4132 -979 -137 -1662 941 -1147
3762 -880 159 -1448 1130 -1436
3664 -804 473 -1360 707 -1814
3849 -701 1058 -1442 162 -1980
4074 -781 1468 -1727 -436 -2152
4490 -1280 2066 -2104 -386 -2334
4860 -1795 2478 -2312 -23 -2496
5037 -2135 2681 -2402 749 -2777
5281 -2761 2866 -2253 1251 -2975
5343 -3226 2957 -1677 1773 -3282
5448 -4154 3142 -756 1915 -3651
5664 -5002 3464 5 1943 -3922
5934 -5351 3556 1361 2334 -4274
6332 -5786 3450 2421 2909 -4428
6511 -5951 3094 4153 3843 -4526
6452 -5963 2661 5897 4428 -4526
6125 -5880 1759 7000 4599 -4563
5986 -5785 1262 8354 4285 -4703
5905 -5653 652 9105 3447 -5019
6055 -5676 92 9235 2847 -5358
6225 -4715 -1176 7054 3029 -5134
5171 -6153 -2993 8210 2826 -6467
5703 -5330 -2651 8495 2512 -7130
5880 -5581 -2259 7914 2205 -7610
5683 -5576 -1625 7020 2305 -7697
5366 -5532 -1421 5379 2610 -7603
4598 -5579 -1694 4422 2853 -7496
3673 -5405 -2098 3484 3036 -7355
3111 -5338 -2278 3027 2923 -7193
2496 -5060 -2210 2853 2798 -6994
2179 -4921 -2016 2567 2677 -6513
1796 -4817 -1723 2173 2811 -5812
1496 -4540 -1550 1711 3114 -4920
1290 -4273 -1506 1416 3372 -4266
897 -3817 -1515 1037 3745 -3301
632 -3471 -1571 841 3945 -2716
285 -3001 -1735 651 4085 -1936
40 -2543 -1978 595 3997 -1475
-28 -2213 -2179 637 3564 -836
-15 -1795 -2395 732 3136 -427
82 -1547 -2468 896 2396 184
337 -1132 -2439 1026 1710 809
697 -806 -2401 1089 1246 1439
1173 -521 -2335 1084 1114 1878
1489 -359 -2309 1014 1096 2582
2127 -195 -2331 940 1124 3093
2500 -77 -2319 783 1103 3869
3112 40 -2235 642 1079 4353
3470 151 -2135 350 1050 4989
3996 395 -2124 152 1047 5335
4220 507 -2070 -115 1006 5662
4599 626 -1864 -299 850 5742
4820 718 -1529 -592 464 5644
4809 795 -1276 -914 160 5229
4744 1000 -905 -1247 228 4558
4686 1255 -478 -1475 458 4053
4686 1491 -197 -1815 869 3366
4532 1791 75 -1994 1197 2979
4321 1906 105 -2122 1791 2473
3873 1959 -21 -2073 2154 2170
3547 1939 -136 -1842 2471 1765
2991 1799 -312 -1473 2514 1422
2283 1636 -485 -1188 2534 1204
1877 1526 -521 -812 2602 924
1413 1322 -526 -645 2606 811
1107 1123 -582 -536 2448 788
976 1017 -584 -603 2002 938
789 862 -530 -749 1589 1091
687 761 -496 -1085 960 1341
544 646 -411 -1364 627 1488
444 573 -333 -1824 316 1634
342 451 -356 -2120 255 1675
289 301 -436 -2485 317 1668
269 195 -447 -2777 458 1586
230 31 -519 -2937 534 1495
233 -48 -559 -3119 589 1333
277 -109 -561 -3225 572 1229
309 -195 -539 -3380 477 1081
350 -341 -507 -3484 370 989
383 -415 -502 -3619 186 856
416 -453 -498 -3718 21 746
428 -575 -515 -3766 -83 680
441 -663 -530 -3798 -201 588
475 -801 -600 -3802 -238 534
544 -949 -636 -3795 -240 486
706 -1142 -603 -3814 -239 486
861 -1237 -547 -3901 -251 548
1064 -1406 -450 -3991 -285 622
1194 -1550 -456 -4150 -321 757
1381 -1857 -505 -4251 -295 843
1515 -2134 -495 -4414 -201 967
1774 -2545 -423 -4633 -166 1110
2209 -2964 -458 -4789 -201 1256
2688 -3209 -474 -4990 -469 1645
3296 -3462 -470 -5137 -1048 2192
3706 -3481 -602 -5144 -1461 2574
3838 -3453 -661 -5004 -1873 3028
3877 -3465 -655 -4785 -1832 3199
4001 -3384 -626 -4630 -1551 3186
4009 -3288 -539 -4452 -932 2998
3962 -2926 -362 -4395 -216 2678
3881 -2692 -279 -4415 229 2423
3616 -2338 -136 -4525 716 1990
3409 -2099 -51 -4634 840 1694
3184 -1826 -31 -4795 660 1296
2966 -1605 -31 -4862 347 1060
2958 -1442 -36 -4887 -271 802
3058 -1300 -62 -4836 -721 705
3151 -1237 -69 -4644 -1305 625
3316 -1054 5 -4452 -1511 595
3452 -835 149 -4139 -1520 545
3521 -731 254 -3849 -1186 449
3655 -478 431 -3693 -857 371
3759 -293 564 -3516 -425 296
3893 92 912 -3445 -280 278
4018 447 1269 -3422 -206 278
4159 944 1784 -3440 -147 258
4206 1153 2059 -3420 85 119
4342 1441 2484 -3344 258 -44
4515 1642 2864 -3080 359 -358
4597 1664 3139 -2592 265 -772
4959 1543 3487 -2123 292 -1098
5231 1298 3645 -1230 807 -1630
5475 985 3845 -566 1317 -2006
5801 464 4212 412 1926 -2533
6219 -236 4429 1028 2164 -2833
6409 -708 4471 1940 2397 -3336
6698 -1468 4337 2561 2700 -3746
6814 -1999 4028 3576 3434 -4458
6844 -2510 3469 4385 3937 -4940
6890 -3208 2162 5355 4273 -5358
6909 -3610 1273 7014 4536 -5843
6906 -3823 168 8558 4835 -6173
6847 -4070 -350 9220 5032 -6365
6388 -5254 333 -341 2806 -9362
5786 -4219 -2278 7297 7082 -6716
5046 -5014 -3539 8447 7562 -7428
4653 -4298 -3812 8828 5837 -7797
4085 -4146 -3625 8626 4323 -7979
3791 -3946 -3311 7758 3007 -8299
3423 -4125 -2966 6952 2860 -8477
3285 -4411 -2798 5586 3032 -8484
2973 -4894 -2455 4134 3014 -8176
2445 -5101 -2184 3226 2863 -7881
1998 -5209 -2124 2119 2788 -7420
1386 -5328 -2286 1498 3047 -6835
1202 -5083 -2642 1359 3189 -6221
1202 -4804 -2740 1330 2987 -4867
1023 -4324 -2703 1318 2643 -3808
873 -3949 -2679 1245 2154 -2172
532 -3277 -2711 1185 1986 -1178
332 -2852 -2826 1139 2048 65
-417 35 -3089 -132 1261 4330
147 122 -2669 -633 1120 4777
971 19 -2352 -1377 276 5730
3168 -256 -1819 -1905 -884 6989
6051 -808 -1332 -2064 -1241 7854
7487 -1321 -1107 -2040 -676 8794
8035 -2023 -1214 -1880 219 8838
7678 -2015 -1461 -1387 1605 7856
6432 -1591 -1238 -743 2158 5888
5309 -1396 -651 -369 1873 4382
4986 -1342 -4 -157 947 2470
4914 -1153 909 -305 467 1655
4976 -1005 1242 -779 317 1188
4885 -755 1303 -1113 520 1278
4610 -590 1127 -1487 972 1731
4028 -377 742 -1617 1237 2092
3582 -277 524 -1683 1361 2510
2937 -145 272 -1670 1247 2688
2354 -59 218 -1662 1148 2678
2087 27 268 -1692 1051 2602
1850 104 362 -1834 963 2437
1535 161 479 -2084 955 2249
1322 182 455 -2264 987 2141
1173 219 382 -2482 1081 1990
939 322 224 -2565 1165 1887
755 393 105 -2595 1262 1709
531 452 -41 -2575 1278 1575
443 452 -100 -2526 1214 1395
397 439 -147 -2502 1114 1296
408 397 -192 -2484 883 1193
451 267 -327 -2465 709 1145
519 169 -421 -2423 498 1114
594 80 -467 -2393 402 1108
638 -4 -463 -2380 328 1092
709 -117 -466 -2392 326 1071
758 -154 -460 -2450 377 1031
816 -207 -426 -2518 387 1001
820 -236 -370 -2671 358 926
857 -255 -342 -2870 289 843
966 -326 -319 -3010 203 796
1041 -425 -314 -3228 -2 747
1291 -616 -383 -3349 -210 753
1475 -785 -429 -3472 -628 845
1835 -1095 -527 -3508 -944 968
2057 -1315 -543 -3503 -1353 1210
2357 -1585 -506 -3481 -1527 1383
2612 -1667 -415 -3429 -1552 1666
2753 -1569 -343 -3367 -1256 1953
2893 -1218 -294 -3311 -890 2137
2852 -966 -291 -3194 -142 2327
2740 -649 -424 -3080 416 2364
2689 -482 -539 -2855 1101 2305
2502 -299 -683 -2574 1443 2072
2494 -327 -1006 -2340 1477 1853
2578 -425 -1186 -1928 1226 1480
2652 -730 -1275 -1664 863 1189
2854 -971 -1297 -1352 131 749
3217 -1321 -1209 -1207 -672 330
3626 -1590 -1103 -1213 -1203 64
3934 -1794 -1031 -1363 -1909 -286
4303 -2129 -946 -1535 -2239 -512
4598 -2283 -963 -1792 -2388 -792
4874 -2186 -979 -1946 -2005 -1018
4719 -1872 -922 -1978 -1489 -1208
4495 -1596 -925 -1895 -464 -1591
4103 -1154 -915 -1769 218 -1873
3828 -960 -816 -1566 919 -2324
3487 -745 -569 -1485 1097 -2591
3360 -635 -364 -1490 882 -2872
3298 -435 190 -1616 443 -2970
3378 -332 629 -1973 -315 -2985
3638 -321 1216 -2392 -586 -2865
3972 -428 1775 -2621 -345 -2750
4032 -531 2051 -2746 613 -2634
3987 -654 2400 -2634 1384 -2618
3898 -907 2613 -2208 2077 -2623
3784 -1542 2836 -1501 2130 -2643
4341 -2696 3304 -959 1958 -2602
5037 -3638 3653 -145 1816 -2448
6498 -5047 3932 811 2191 -2130
7544 -6375 3541 1679 2779 -1945
7668 -7062 3016 3447 3715 -2002
7088 -7552 2065 4845 4131 -2399
6609 -7675 1532 6922 4242 -3481
6004 -7477 560 9123 2799 -5827
6063 -7408 -128 9189 2156 -6305
6483 -7474 1697 5152 -1036 -6045
5215 -6876 -2515 7349 810 -6845
4732 -6764 -2256 7680 549 -7510
4630 -6785 -2988 7936 1054 -7872
4502 -6717 -1893 7503 995 -7707
4189 -6533 -1643 6353 1149 -7116
3359 -6252 -1485 5495 1510 -6735
2383 -5871 -1712 4307 2164 -6426
1887 -5606 -1961 3427 2648 -6366
1458 -5393 -2247 3005 2827 -6341
1264 -5276 -2269 2510 3061 -6176
1053 -4976 -2080 2041 3278 -5789
890 -4652 -1947 1745 3418 -5404
753 -4345 -1913 1360 3666 -4719
541 -3873 -1918 1048 3936 -3984
335 -3423 -2002 893 4081 -3504
257 -3107 -2153 767 4123 -2789
242 -2729 -2434 760 3932 -2318
161 -2440 -2533 798 3336 -1705
213 -2171 -2551 854 2741 -1227
532 -1853 -2609 935 2359 -748
800 -1627 -2540 950 2239 -360
1298 -1190 -2318 853 2197 402
1761 -644 -2142 714 2229 1005
1983 -383 -2050 459 2346 1906
2296 -66 -2015 216 2558 2717
2668 128 -2221 151 2766 3228
3268 357 -2527 199 3080 3958
3860 567 -2577 247 3178 4415
4140 732 -2409 181 2977 4969
4316 957 -1886 -10 2595 5183
4173 1223 -1190 -542 1683 5168
4089 1432 -777 -1241 554 4778
4050 1684 -338 -1694 -53 4392
4222 1881 -244 -2219 -447 3798
4345 1895 -240 -2491 -244 3287
4469 1847 -443 -2524 135 3005
4379 1835 -646 -2337 935 2618
3838 1902 -758 -2116 1540 2323
3147 1906 -702 -1783 2341 1801
2696 1867 -626 -1530 2934 1255
2077 1741 -401 -1457 3167 923
1752 1622 -271 -1502 3130 548
1492 1332 -257 -1604 2804 416
1395 1140 -282 -1794 1890 424
1262 883 -335 -1931 1099 531
1213 708 -484 -2062 -61 778
1109 451 -714 -2068 -627 955
895 280 -775 -1989 -1060 1163
744 234 -723 -1900 -1093 1259
593 206 -588 -1870 -843 1272
542 171 -477 -1906 -584 1256
555 81 -336 -2049 -165 1247
645 -56 -235 -2197 71 1260
679 -104 -221 -2455 288 1303
692 -180 -256 -2620 342 1319
656 -224 -341 -2803 333 1300
585 -236 -458 -2891 274 1197
513 -240 -497 -2916 217 1085
450 -289 -521 -2913 152 860
375 -337 -545 -2895 145 678
330 -378 -615 -2843 177 397
395 -414 -666 -2808 187 241
459 -491 -683 -2770 112 69
526 -634 -644 -2778 16 -5
558 -723 -646 -2843 -150 -77
699 -942 -670 -2939 -340 -85
889 -1193 -625 -3042 -478 -48
1042 -1416 -571 -3255 -633 57
1315 -1812 -471 -3555 -726 234
1616 -2315 -401 -3802 -808 392
1848 -2672 -352 -4220 -960 702
2451 -3162 -399 -4503 -1089 1000
2883 -3381 -418 -4889 -1417 1617
3339 -3580 -490 -5174 -1864 2327
3568 -3646 -578 -5270 -2151 2797
3622 -3555 -629 -5285 -2427 3340
3542 -3531 -700 -5225 -2406 3539
3519 -3460 -698 -5098 -2011 3608
3549 -3214 -586 -5031 -1587 3542
3567 -3060 -471 -5003 -835 3341
3656 -2804 -350 -5019 -347 3192
3647 -2566 -216 -5086 166 2975
3485 -2161 -64 -5142 330 2811
3333 -1953 -81 -5164 328 2526
3163 -1721 -149 -5054 8 2199
3164 -1558 -191 -4906 -388 2001
3301 -1460 -247 -4583 -1132 1752
3395 -1440 -252 -4321 -1573 1608
3623 -1288 -196 -3901 -1959 1432
3857 -1051 -88 -3632 -1986 1349
3962 -872 -15 -3274 -1738 1246
3969 -576 104 -3018 -1298 1127
3946 -368 182 -2916 -990 1036
3846 -98 278 -2864 -715 928
3693 72 330 -2863 -415 690
3467 260 382 -2903 -290 357
3378 322 419 -2923 -249 113
3323 440 489 -2919 -179 -122
3291 542 594 -2880 -14 -430
3331 584 723 -2829 141 -588
3379 555 761 -2677 426 -728
3282 573 803 -2502 560 -791
3196 656 959 -2162 520 -886
3178 789 1311 3874 4297 -4103
7813 -2530 3518 5559 4977 -5018
7559 -2814 2592 7131 5927 -5884
7079 -3310 939 8067 6491 -6368
6684 -3531 -217 9246 6804 -6918
6216 -3838 -1685 9768 6875 -7200
5836 -3889 -2272 9171 5115 -7066
5175 -3299 -3531 8695 6636 -7471
4640 -3696 -3061 8899 8348 -8116
4312 -3765 -3613 8854 7690 -8159
1652 -4595 -2672 1894 3768 -4080
1314 -4127 -2873 1819 3599 -3398
1104 -3668 -3004 1773 2998 -2293
878 -2915 -3150 1796 2268 -1163
730 -2398 -3213 1850 1900 -462
546 -1680 -3171 1893 1716 449
528 -1100 -2979 1852 1869 978
611 -725 -2855 1653 2430 1719
761 -211 -2750 1327 3082 2408
675 291 -2806 1090 3385 2772
642 516 -2961 849 3465 3121
733 760 -3188 819 3310 3251
856 850 -3229 944 2899 3339
1263 965 -3120 1155 2517 3415
1759 1024 -2718 1255 2362 3487
2107 953 -2342 1242 2176 3624
2718 819 -1827 1118 1982 3740
3198 780 -1571 830 1520 3975
3859 659 -1180 589 1102 4134
4178 529 -826 106 359 4275
4738 235 -321 -487 -309 4309
5177 224 116 -883 -520 4306
5368 222 291 -1388 -300 4241
5432 139 435 -1653 190 4134
5295 120 468 -1926 1176 3829
4889 175 451 -2022 1786 3543
4562 214 396 -2033 2337 3079
3980 241 277 -1912 2265 2638
3494 222 264 -1810 1872 2399
3234 214 338 -1723 976 2164
2915 251 544 -1749 372 2084
2745 248 677 -1922 -276 2042
2455 227 815 -2110 -449 2042
2240 189 873 -2463 -325 2046
1923 163 903 -2723 -60 2044
1711 171 888 -3117 487 2020
1360 211 828 -3362 897 1976
1121 216 742 -3687 1503 1852
774 183 534 -3854 1837 1725
560 173 389 -4030 2146 1489
324 166 160 -4098 2165 1320
205 164 16 -4116 1897 1096
69 137 -129 -4087 1551 966
28 99 -202 -4005 872 818
40 36 -275 -3927 407 766
49 4 -314 -3795 -185 739
104 -44 -357 -3640 -590 756
226 -85 -357 -3538 -770 794
317 -134 -342 -3401 -951 874
441 -198 -331 -3321 -1057 943
528 -202 -346 -3204 -1204 1076
725 -188 -371 -3119 -1278 1195
823 -172 -347 -2996 -1359 1383
897 -135 -271 -2935 -1409 1490
951 -205 -247 -2893 -1451 1586
1163 -377 -243 -2880 -1429 1620
1259 -498 -249 -2880 -1309 1631
1489 -634 -334 -2862 -1132 1615
1781 -774 -408 -2844 -1054 1623
1858 -882 -419 -2840 -1033 1610
1939 -1103 -414 -2864 -1024 1575
2100 -1219 -394 -2959 -970 1546
2494 -1314 -413 -3079 -838 1645
2793 -1236 -479 -3141 -729 1770
3097 -1182 -611 -3169 -584 2057
3276 -1050 -805 -3084 -407 2344
3258 -976 -1019 -2961 -200 2445
3251 -906 -1251 -2719 191 2438
3217 -781 -1276 -2583 436 2322
3156 -734 -1274 -2444 771 1982
3139 -703 -1327 -2390 943 1677
3149 -704 -1330 -2368 1000 1152
3147 -796 -1316 -2397 847 773
3279 -1049 -1313 -2487 317 232
3464 -1041 -1260 -2556 -179 -52
3911 -1036 -1135 -2656 -898 -312
4238 -1020 -1014 -2715 -1179 -381
4655 -784 -783 -2761 -1150 -411
4850 -493 -430 -2773 -851 -454
4894 -328 -285 -2746 -69 -640
4910 -119 -76 -2685 533 -853
4649 -83 168 -2571 1282 -1334
4433 -180 441 -2485 1449 -1992
4403 -216 1085 -2481 1125 -2585
4648 -279 1913 -2517 954 -2841
4847 -495 2627 -2628 797 -3004
5456 -1259 3527 -2693 815 -2976
5898 -2107 3908 -2533 1352 -2821
6715 -3866 4213 -2147 1794 -2708
7133 -4939 4257 -1003 2329 -2626
7203 -6340 4053 176 2697 -2753
7106 -7133 3759 2493 3063 -3253
6983 -7961 3301 5076 3180 -3961
6794 -8299 2827 6683 3236 -4454
6800 -8412 2405 8671 3297 -5070
6853 -8396 1919 9584 3464 -5375
6711 -8431 1605 10239 3889 -5767
6322 -8422 925 10142 4026 -6182
4487 -8319 -2070 9056 4543 -6334
5549 -6915 -1131 8152 2732 -6244
4598 -7749 -2976 8183 1899 -6818
4592 -6477 -2372 7629 109 -7616
4421 -6322 -1906 6763 -572 -8042
4453 -6016 -1439 5038 -323 -8341
4410 -5939 -1591 3544 912 -8097
4013 -5798 -2181 2949 1839 -7697
3614 -5606 -2474 2555 2723 -6892
2948 -5318 -2714 2490 3036 -6319
2571 -5163 -2624 2401 3320 -5484
2060 -4913 -2249 2121 3740 -4713
1610 -4565 -1949 1834 4142 -4251
1297 -4297 -1899 1389 4715 -3631
805 -3874 -2031 1070 4939 -3104
400 -3424 -2318 981 4836 -2794
211 -3169 -2492 1018 4363 -2352
47 -2809 -2638 1119 3870 -2064
50 -2567 -2650 1310 3022 -1598
131 -2199 -2605 1478 2333 -1106
354 -1839 -2490 1546 2055 -756
555 -1562 -2435 1587 1865 -163
915 -1195 -2384 1565 1862 274
1170 -1001 -2413 1493 2006 978
1427 -631 -2487 1438 2137 1460
1525 -387 -2552 1351 2176 2121
1694 -92 -2453 1207 1951 2680
2148 109 -2317 1080 1780 3023
2554 210 -2150 809 1632 3541
3345 315 -1937 471 1679 4122
4157 586 -1742 231 1739 4551
4519 746 -1742 -110 1752 5117
4933 894 -1840 -275 1703 5373
4982 952 -1664 -547 1489 5440
4864 994 -1179 -810 1287 5243
4646 1238 -797 -1271 1133 4637
4473 1566 -476 -1751 1083 3860
4277 1980 -238 -2095 1052 3102
3961 2111 -326 -2150 1109 2642
3650 2125 -400 -2013 1317 2014
3261 2060 -438 -1818 1448 1663
2997 1962 -393 -1497 1607 1257
2495 1840 -385 -1288 1771 1057
2223 1715 -517 -956 2214 860
1977 1375 -730 -653 2695 850
1813 1174 -766 -534 2841 941
1540 1028 -682 -510 2760 1075
1314 933 -615 -645 2280 1267
924 813 -508 -936 1510 1348
642 715 -484 -1277 712 1302
487 682 -460 -1503 317 1208
321 586 -394 -1841 28 1003
249 471 -418 -2042 25 848
243 374 -430 -2311 200 633
249 210 -428 -2475 377 515
265 126 -426 -2632 549 431
384 -25 -477 -2832 667 379
457 -147 -520 -2980 539 415
476 -309 -591 -3045 352 458
458 -336 -654 -3069 11 504
1543 -1692 -516 -4127 -166 369
1701 -1827 -530 -4296 -14 669
1836 -2096 -533 -4414 112 867
1997 -2290 -502 -4622 276 1175
2209 -2462 -441 -4803 303 1411
2588 -2633 -361 -5110 82 1838
2983 -2723 -363 -5301 -289 2168
3193 -2790 -421 -5513 -1038 2649
3286 -2984 -547 -5584 -1489 2883
3287 -3095 -603 -5587 -1921 3022
3353 -3240 -620 -5519 -2007 2932
3513 -3267 -517 -5466 -1890 2802
3597 -3155 -432 -5397 -1485 2566
3846 -2957 -316 -5363 -1163 2445
3860 -2747 -239 -5333 -795 2315
3688 -2442 -140 -5320 -599 2155
3450 -2133 -94 -5301 -531 2020
3280 -1935 -98 -5214 -546 1788
3140 -1733 -137 -5106 -626 1630
3102 -1604 -142 -4864 -875 1429
3133 -1328 -131 -4651 -1118 1330
3197 -1123 -107 -4265 -1550 1219
3246 -1015 -80 -3852 -1863 1089
3345 -919 -45 -3456 -1837 926
3531 -719 65 -3234 -1708 834
3669 -565 158 -2931 -1398 757
3834 -397 225 -2830 -1192 750
3851 -177 267 -2710 -868 734
3707 154 279 -2630 -669 676
3511 329 308 -2499 -426 453
3287 555 404 -2413 -299 220
3241 711 538 -2295 -83 -161
3306 976 830 -2229 87 -373
3367 1164 1108 -2172 386 -611
3586 1432 1544 -2156 591 -700
3755 1471 1811 -2096 792 -743
4068 1579 2165 -2011 862 -748
4261 1457 2378 -1802 887 -814
4584 1094 2719 -1599 911 -962
4835 890 2993 -1205 1107 -1369
5196 356 3271 -867 1429 -1755
5458 -133 3428 -256 2028 -2436
5929 -830 3726 199 2328 -2877
6383 -1594 3926 942 2684 -3441
5300 -3617 -2392 8642 5343 -6886
5487 -4361 -2975 8664 5959 -7603
5502 -4309 -3021 8275 5687 -8018
5338 -4411 -2831 7637 5049 -8067
5056 -4488 -2763 6368 4285 -8062
4470 -4916 -2706 5056 3908 -8127
4068 -5369 -2862 4361 3815 -8179
3339 -5999 -3209 3706 3709 -8175
2765 -6385 -3361 3484 3555 -8077
2120 -6578 -3456 3345 3151 -7650
1742 -6410 -3369 3290 2799 -7131
1609 -6256 -3243 3135 2311 -6022
1426 -5850 -2951 2939 2087 -5110
1239 -5466 -2820 2542 2029 -3640
927 -4732 -2832 2267 2214 -2674
699 -4196 -2880 1887 2745 -1339
310 -3374 -3099 1571 3368 -209
-18 -2537 -3351 1396 3728 432
-235 -1964 -3489 1135 3995 1216
-463 -1115 -3711 905 3852 1792
-554 -333 -3932 787 3538 2081
-494 168 -4011 698 2873 2432
-265 793 -3956 682 2424 2638
-29 1086 -3792 646 1858 2930
504 1377 -3546 607 1598 3131
910 1464 -3419 563 1467 3427
1681 1481 -3499 594 1538 3628
2315 1446 -3558 761 1745 3975
3019 1414 -3324 895 1896 4245
3581 1209 -2871 894 1855 4334
3770 1089 -2450 704 1455 4243
4197 782 -1790 479 948 4050
4453 627 -1365 67 121 3627
4798 487 -865 -202 -238 3312
4928 330 -661 -510 -237 2820
4850 101 -432 -660 346 2333
4731 76 -370 -672 899 2058
4410 162 -277 -594 1589 1765
4023 230 -137 -527 1767 1650
3713 336 26 -484 1593 1584
3268 525 272 -513 1330 1594
3068 596 388 -642 896 1678
2819 607 535 -778 619 1775
2589 575 580 -1032 321 1940
2468 523 578 -1312 194 2123
2243 463 569 -1508 163 2249
1974 442 528 -1792 216 2380
1551 379 435 -1966 386 2412
1312 296 420 -2223 770 2390
994 224 417 -2416 1031 2342
825 206 425 -2727 1389 2237
602 146 325 -3027 1678 2106
453 86 131 -3196 1767 2015
377 38 -13 -3371 1682 1877
307 37 -119 -3442 1461 1795
219 25 -212 -3500 944 1672
150 -44 -249 -3521 575 1587
120 -72 -238 -3525 115 1454
145 -142 -233 -3524 -85 1365
219 -217 -247 -3521 -230 1265
363 -292 -283 -3513 -262 1229
562 -385 -382 -3492 -268 1252
648 -385 -391 -3460 -295 1334
728 -374 -351 -3455 -349 1404
715 -346 -280 -3491 -432 1489
719 -307 -181 -3541 -474 1517
728 -275 -143 -3640 -498 1532
800 -299 -170 -3694 -486 1520
901 -341 -228 -3731 -456 1519
1134 -440 -371 -3713 -461 1541
1358 -524 -419 -3645 -582 1644
1611 -704 -417 -3566 -785 1788
1759 -905 -385 -3523 -929 1872
1868 -1039 -390 -3471 -1093 1981
2209 -1260 -467 -3411 -1164 2132
2525 -1303 -488 -3368 -1169 2264
2726 -1231 -509 -3301 -1088 2495
2845 -1113 -487 -3240 -845 2682
2899 -1038 -513 -3193 -596 2768
2992 -920 -586 -3077 -200 2821
2928 -803 -751 -2958 77 2780
2851 -792 -946 -2683 514 2583
2656 -796 -1206 -2439 776 2358
2589 -828 -1349 -2057 1038 1931
2636 -1005 -1479 -1822 1055 1644
2692 -1147 -1458 -1574 729 1267
2892 -1434 -1433 -1461 19 1003
3195 -1619 -1466 -1422 -617 905
3473 -1910 -1374 -1436 -1647 760
3660 -2344 -1285 -1495 -2137 603
3930 -2523 -1337 -1606 -2273 308
4094 -2506 -1424 -1659 -1790 16
4272 -2321 -1589 -1636 -1253 -163
4280 -2080 -1592 -1559 -361 -387
4080 -1619 -1430 -1553 383 -610
3591 -1224 -1075 -1635 758 -812
3251 -943 -860 -1880 1095 -1206
2980 -712 -743 -2066 1166 -1502
2734 -385 -636 -2294 1067 -1926
2843 -155 -526 -2405 935 -2119
2918 -64 -391 -2549 738 -2251
2974 -50 101 -2788 466 -2281
3260 -190 792 -3013 298 -2244
3500 -345 1333 -3374 307 -2110
3752 -530 1989 -3567 488 -2018
3969 -853 2279 -3633 906 -1929
4568 -1771 2532 -3302 1515 -1894
5214 -2823 2738 -2810 2011 -1886
5471 -3454 3002 -2128 2413 -1937
5890 -4555 3362 -818 2670 -2134
6212 -5148 3452 249 2763 -2324
6372 -5519 3509 2084 3115 -2713
6459 -5851 3505 4013 3591 -3211
6564 -5919 3392 5272 3847 -3503
6810 -6009 2757 6495 4023 -3705
6915 -6034 1826 8195 4165 -3912
6797 -6116 1303 9455 4027 -4249
6628 -6255 547 9959 3671 -4633
6521 -6333 130 10161 2817 -5491
8272 -4511 4638 9247 2056 -5734
6301 -5861 -2177 7177 2560 -6606
5633 -6692 -2110 7651 1746 -8022
5894 -6682 -2454 7638 1273 -8585
5889 -6708 -1977 6914 501 -8928
5785 -6567 -1464 5628 573 -8766
5208 -6650 -1330 4721 1168 -8506
4659 -6607 -1491 3598 2492 -8037
3737 -6449 -1812 3043 3329 -7695
3138 -6293 -1945 2418 4129 -7146
2429 -5966 -2074 1930 4398 -6520
2020 -5793 -2177 1659 4499 -6082
1323 -5595 -2237 1316 4700 -5424
740 -5104 -2302 1132 4808 -4958
415 -4721 -2412 950 4789 -4183
66 -4102 -2664 905 4618 -3603
-112 -3488 -2965 932 4084 -2641
-170 -3062 -3143 1062 3324 -1629
-285 -2415 -3221 1155 2794 -990
-272 -2029 -3236 1282 2128 -121
-44 -1533 -3212 1341 1814 429
171 -1210 -3122 1348 1532 1267
507 -820 -2859 1215 1431 2100
756 -624 -2693 1048 1428 2640
1260 -317 -2476 847 1414 3173
1752 -142 -2255 488 1292 3901
2142 -97 -2209 148 1122 4501
3037 -74 -2328 0 1007 4891
3699 -3 -2364 -86 774 5518
4428 226 -2373 -49 534 6074
4736 349 -2059 -36 396 6286
4906 423 -1780 -127 201 6282
4996 585 -1639 -266 171 5892
4983 708 -1462 -376 274 5447
4920 813 -1242 -602 505 4609
4806 1199 -1046 -826 785 3742
4609 1524 -905 -928 1002 3221
4371 1638 -744 -1068 1377 2524
3946 1767 -500 -1168 1671 2124
3685 1827 -396 -1317 2050 1640
3271 1842 -382 -1422 2283 1307
2731 1736 -581 -1423 2417 1143
2312 1656 -709 -1327 2654 930
1735 1447 -806 -1240 2800 800
1387 1286 -801 -1122 2955 650
1009 1092 -681 -1095 2958 590
880 975 -597 -1149 2727 607
849 777 -567 -1234 2390 701
855 595 -619 -1382 1708 939
824 516 -625 -1536 957 1218
631 404 -541 -1662 498 1362
507 339 -463 -1897 -54 1481
379 207 -403 -2066 -288 1495
342 96 -404 -2309 -433 1454
287 -44 -352 -2546 -399 1369
367 -196 -425 -2676 -355 1305
465 -279 -476 -2823 -312 1254
574 -400 -462 -2903 -312 1244
603 -435 -422 -3049 -367 1230
650 -532 -382 -3201 -426 1201
639 -565 -360 -3294 -434 1162
578 -597 -310 -3438 -365 1036
523 -619 -243 -3542 -281 917
469 -652 -244 -3689 -93 687
461 -771 -316 -3789 145 432
588 -945 -398 -3832 283 288
774 -1027 -445 -3857 399 184
1042 -1156 -467 -3876 401 213
1164 -1286 -447 -3910 367 282
1448 -1568 -379 -4018 275 466
1793 -1889 -333 -4124 132 649
2115 -2144 -352 -4302 -207 1038
2612 -2467 -408 -4411 -514 1384
3489 -2166 -501 -4697 865 2377
3209 -1803 -411 -4807 888 2151
3038 -1610 -385 -4934 744 1786
2783 -1357 -407 -4966 511 1537
2641 -1169 -436 -4907 -93 1191
2657 -1051 -448 -4730 -874 945
2843 -839 -408 -4565 -1383 861
3012 -780 -400 -4263 -1931 834
3247 -766 -292 -4048 -2070 854
3409 -681 -152 -3690 -1805 942
3860 -408 174 -3574 -1556 1038
4093 -293 268 -3469 -1208 1226
4249 -83 327 -3405 -998 1320
4145 117 361 -3293 -607 1262
3880 288 317 -3177 -266 1051
3723 449 320 -2934 244 538
3641 694 436 -2745 469 174
3645 841 523 -2441 619 -279
3553 1081 731 -2230 577 -513
3497 1208 930 -1936 350 -796
3555 1307 1265 -1762 251 -943
3679 1325 1491 -1499 350 -1102
3796 1305 1971 -1329 497 -1177
4034 1206 2350 -1108 723 -1231
4365 886 3058 -976 891 -1246
4496 583 3612 -798 1076 -1398
4964 -139 4404 -628 1239 -1629
5447 -782 4906 -181 1729 -2145
6483 -1831 5135 386 2319 -2516
7106 -2518 5083 1759 3434 -3055
8113 -3407 4705 2996 4226 -3348
8425 -3960 4099 5225 5458 -3749
8125 -4561 2855 6826 6040 -4079
4095 -5180 -2302 6065 4852 -9024
3605 -5311 -2290 4987 4683 -8810
3318 -5413 -2366 3637 4231 -8398
2601 -6037 -2535 2995 4031 -8153
2159 -6208 -2773 2503 3874 -7760
1615 -6118 -3019 2473 3622 -7129
1274 -5728 -3102 2563 3267 -6499
1115 -5319 -3029 2621 2557 -5253
808 -4669 -2764 2536 2098 -4306
626 -4218 -2618 2270 1573 -2812
412 -3393 -2548 2065 1414 -1816
203 -2849 -2517 1724 1563 -485
-145 -2216 -2524 1307 2098 530
-229 -1805 -2624 1016 2541 1082
-86 -1263 -2913 629 3080 1845
276 -803 -3155 419 3257 2349
367 -426 -3215 141 3282 3002
448 91 -3335 2 3162 3307
664 313 -3462 -47 2797 3616
1120 502 -3537 23 2492 3760
1750 570 -3513 226 2039 3933
2197 596 -3373 447 1583 4101
2899 656 -2986 549 1305 4224
3386 633 -2612 559 950 4385
4121 490 -1932 440 685 4450
4650 331 -1521 120 182 4496
5236 114 -1014 -121 -125 4481
5479 12 -728 -458 -256 4311
5564 -89 -356 -742 8 3949
5303 -200 -151 -884 392 3599
5062 -223 -62 -995 1170 3027
4772 -180 85 -1031 1830 2600
4561 -131 229 -1051 2080 2440
4141 14 285 -1055 2000 2444
3810 132 230 -1022 1592 2492
3330 201 184 -981 1196 2524
3047 178 149 -919 609 2529
2672 165 128 -889 314 2506
2422 180 171 -898 48 2452
1976 240 270 -965 31 2394
1696 276 338 -1156 261 2290
1391 295 465 -1353 529 2216
1219 302 556 -1745 1021 2119
1003 307 619 -2045 1382 2059
830 329 543 -2519 1885 1974
725 310 417 -2945 2174 1868
604 281 155 -3170 2196 1798
513 276 -14 -3402 1987 1684
426 225 -169 -3483 1733 1595
296 181 -271 -3534 1408 1505
247 182 -303 -3560 867 1374
207 153 -323 -3558 542 1289
183 111 -352 -3532 174 1178
195 -8 -402 -3495 22 1115
268 -90 -443 -3429 -104 1057
428 -187 -457 -3365 -203 1070
573 -270 -459 -3332 -300 1104
599 -346 -436 -3312 -496 1159
691 -399 -388 -3336 -713 1232
838 -430 -333 -3370 -849 1298
921 -492 -283 -3454 -1040 1405
1190 -691 -293 -3521 -1157 1487
1455 -852 -322 -3592 -1303 1670
1838 -1030 -381 -3624 -1473 1912
2123 -1224 -381 -3647 -1604 2079
2193 -1349 -388 -3675 -1717 2267
2194 -1502 -403 -3697 -1667 2317
2272 -1575 -501 -3707 -1362 2312
2528 -1506 -586 -3678 -836 2318
2782 -1237 -660 -3639 -460 2341
3045 -1136 -763 -3528 23 2449
3249 -1037 -856 -3359 350 2593
3077 -929 -887 -3234 522 2603
2687 -711 -895 -3029 790 2429
2348 -545 -964 -2876 961 2204
2125 -503 -1039 -2624 1175 1743
2017 -598 -1168 -2445 1259 1402
2072 -687 -1224 -2198 1218 961
2335 -811 -1252 -2000 807 680
2786 -950 -1139 -1928 281 600
3216 -1050 -1076 -1907 -734 634
3806 -1301 -1085 -1920 -1631 749
3944 -1879 -1033 -1948 -1964 726
4104 -2332 -1032 -2010 -1922 503
4418 -2593 -1208 -2000 -1529 287
4432 -2547 -1325 -1857 -644 -133
4223 -2360 -1476 -1673 -12 -476
3931 -2193 -1573 -1322 796 -1077
3417 -1958 -1423 -1113 1144 -1503
3053 -1791 -1190 -968 1300 -2107
2629 -1519 -831 -1045 1022 -2574
2422 -1320 -609 -1191 630 -2763
2273 -975 -319 -1469 -166 -2834
2298 -817 -46 -1665 -721 -2739
2389 -791 87 -1907 -1246 -2452
2552 -928 221 -1986 -1238 -2211
2599 -972 281 -1914 -789 -1878
2870 -838 483 -1744 -419 -1659
3310 -860 775 -1456 118 -1233
4010 -910 1413 -1306 668 -901
4456 -995 1902 -1268 1873 -441
4715 -1179 2444 -1323 2698 -267
4546 -1278 2667 -1349 3330 -434
4128 -1616 2704 -1009 3022 -1197
3962 -2134 2829 -509 2509 -1944
4235 -2488 3064 518 1949 -3047
5305 -3310 3547 1253 1914 -3536
6043 -3859 3802 2263 2422 -3728
6809 -4707 3744 2915 2951 -3573
7042 -5177 3270 4069 3648 -3225
7038 -5585 2657 4992 3966 -3088
7021 -6080 1713 6469 4136 -3192
6877 -6537 815 7393 4122 -3513
6838 -6822 249 8505 3741 -4272
6773 -7090 -484 8987 3249 -4880
6647 -7325 -834 8847 2200 -5760
6435 -6626 -1381 7030 2785 -5771
5293 -7769 -3347 7927 882 -7081
5446 -6937 -3152 8400 -287 -8047
5781 -7164 -2341 8193 -854 -8952
5766 -7272 -1841 7091 305 -9182
5245 -7367 -1485 5573 2075 -8878
4304 -7426 -1786 4619 3248 -8550
3645 -7210 -2050 3454 4431 -7980
2685 -6807 -2447 2881 4713 -7599
1882 -6360 -2750 2318 4628 -7051
1387 -6099 -2853 1992 4423 -6523
888 -5639 -2795 1830 4412 -6123
733 -5264 -2709 1570 4469 -5347
580 -4682 -2594 1240 4509 -4345
430 -4057 -2656 1011 4468 -3615
337 -3590 -2801 753 4349 -2530
196 -2873 -3028 635 4133 -1530
193 -2164 -3179 612 3866 -923
190 -1750 -3214 615 3362 -118
322 -1190 -3154 610 2857 595
620 -589 -2940 562 2546 1068
826 -252 -2818 431 2187 1750
1080 106 -2597 309 2081 2178
1305 395 -2435 62 2091 2802
1794 746 -2244 -126 2145 3225
4032 1668 -523 -2004 -701 3309
3889 1672 -419 -2009 -149 2761
3643 1651 -262 -1973 813 2052
3402 1621 -203 -1926 1458 1666
2994 1558 -121 -1852 2303 1250
2589 1435 2 -1831 2790 1020
2204 1241 11 -1844 2840 967
1946 1100 -122 -1837 2449 1008
1653 861 -403 -1780 1913 1107
1515 739 -558 -1616 865 1346
1340 603 -681 -1469 175 1533
1179 554 -660 -1267 -618 1760
842 435 -494 -1185 -982 1828
600 306 -353 -1215 -1003 1791
575 241 -343 -1350 -746 1712
555 231 -266 -1495 -447 1679
576 218 -186 -1815 15 1672
630 180 -93 -2084 253 1694
711 115 -88 -2523 432 1777
683 1 -125 -2951 388 1840
640 -36 -184 -3299 231 1816
567 -86 -329 -3495 65 1700
533 -114 -414 -3550 -12 1583
495 -180 -554 -3516 -59 1355
563 -265 -621 -3441 -65 1198
628 -308 -590 -3311 -64 984
789 -427 -546 -3234 -63 863
957 -520 -486 -3146 -38 730
1165 -649 -451 -3104 77 647
1358 -870 -491 -3084 233 610
1364 -1025 -550 -3068 450 531
1236 -1138 -629 -3069 452 425
1002 -1426 -724 -3118 -13 197
904 -1792 -782 -3195 -680 50
954 -2044 -825 -3358 -1983 -81
1301 -2488 -951 -3474 -2865 -53
1650 -2850 -1025 -3610 -3957 237
2797 -1899 -866 -5144 3019 4431
3799 -839 109 -3835 -1322 1066
4155 -642 359 -3874 -1044 1094
4347 -427 474 -3953 -638 1223
4405 -69 533 -3953 -289 1307
4228 312 592 -3877 -67 1257
3959 478 690 -3763 127 1071
3674 509 816 -3543 367 552
3634 490 925 -3265 429 -52
3717 588 1195 -3052 292 -405
3879 712 1419 -2697 -35 -766
4152 816 1796 -2280 -198 -962
4361 890 2084 -1953 -157 -1063
4538 900 2400 -1403 69 -1227
5044 713 2838 -1029 429 -1326
5418 468 3176 -517 1291 -1474
5898 -98 3681 -128 2202 -1681
6006 -589 3840 117 2646 -1931
5954 -1460 3601 750 2977 -2559
5981 -1930 3177 1488 2996 -3110
6020 -2385 2266 3102 2879 -4005
6087 -2549 1829 4321 2928 -4652
6554 -2627 1728 5888 3503 -5390
6916 -2807 1440 6626 4036 -5676
6822 -2905 1161 7253 4626 -5995
6327 -3337 226 7457 4971 -6263
5893 -3526 -648 7772 5547 -6772
5435 -3433 -1861 7707 6111 -7046
5025 -2393 -3093 6716 5275 -6703
4096 -3510 -4039 7450 6686 -7266
4245 -2989 -3715 7892 5994 -7711
4145 -3149 -3151 7508 5650 -8013
3859 -3462 -3171 7015 5734 -8213
3843 -3815 -3139 6140 5588 -8302
3872 -4016 -2709 5350 4996 -8137
3784 -4261 -2677 4096 4296 -7695
3369 -4926 -2764 3374 4256 -7376
3004 -5162 -2881 2641 4531 -6881
2389 -5185 -3102 2357 4672 -6303
1644 -4996 -3331 2360 4543 -5857
1170 -4816 -3444 2483 3959 -5060
614 -4337 -3546 2572 2863 -4079
434 -3654 -3395 2535 1980 -3311
251 -3062 -3225 2302 829 -2104
201 -2571 -3053 2075 416 -1288
72 -2246 -2934 1650 404 -155
-180 -1760 -2789 1322 709 518
-331 -1446 -2790 842 1382 1396
-469 -993 -2918 459 1974 2181
-443 -506 -3115 282 2216 2665
-400 -307 -3239 116 2362 3313
-242 -46 -3384 91 2351 3888
-148 398 -3269 109 2233 4226
9 613 -3135 143 1857 4655
389 712 -2932 161 1537 4902
913 644 -2701 131 972 5264
2162 464 -2261 -31 401 5697
3087 244 -1981 -208 77 5989
4497 -252 -1527 -521 -280 6375
5940 -802 -1236 -790 -468 6659
6679 -1183 -979 -908 -506 6689
6660 -1362 -861 -981 -325 6281
6102 -1397 -618 -967 218 5252
5309 -1086 -362 -937 676 4349
4983 -991 -169 -914 1166 3084
4810 -1015 193 -959 1226 2504
4807 -997 381 -1132 927 2152
4676 -849 525 -1272 631 2183
4477 -743 533 -1445 317 2419
4006 -612 492 -1543 222 2652
3520 -519 412 -1571 254 2746
3230 -468 385 -1576 397 2777
2787 -352 403 -1590 516 2742
2476 -254 416 -1646 699 2619
2030 -132 490 -1724 814 2514
1767 -67 530 -1896 955 2351
1461 70 583 -2044 1020 2258
1320 187 560 -2271 1082 2162
1091 372 464 -2407 1125 2120
957 475 372 -2554 1230 2055
740 555 264 -2631 1332 2006
602 572 211 -2736 1503 1895
428 536 157 -2809 1602 1797
285 507 125 -2931 1671 1621
234 480 80 -3069 1587 1425
236 390 -54 -3146 1469 1296
273 280 -185 -3200 1259 1139
394 124 -354 -3180 987 1037
562 27 -417 -3149 732 1016
681 19 -432 -3081 258 1043
814 47 -380 -3047 -64 1077
881 -8 -312 -3028 -463 1100
924 -71 -224 -3041 -645 1083
996 -128 -193 -3082 -769 998
1233 -289 -212 -3118 -789 920
1531 -520 -306 -3123 -780 886
1763 -675 -399 -3085 -825 904
2030 -956 -470 -3041 -934 947
2060 -1150 -466 -2991 -1187 989
2150 -1352 -451 -2972 -1324 1010
2270 -1365 -452 -2950 -1388 1068
2533 -1344 -448 -2935 -1341 1166
2631 -1243 -389 -2940 -1160 1389
2748 -1054 -354 -2956 -808 1664
2837 -889 -400 -2953 -522 1857
2765 -772 -445 -2910 -83 2081
2585 -581 -541 -2846 186 2152
2435 -494 -638 -2695 563 2121
2148 -391 -713 -2500 899 1921
1955 -338 -745 -2370 1095 1703
1689 -312 -732 -2189 1341 1290
1604 -378 -749 -2078 1427 1007
1708 -425 -716 -1946 1266 682
1994 -541 -628 -1896 896 560
2249 -713 -656 -1832 42 505
2780 -1112 -828 -1769 -639 548
3137 -1443 -953 -1594 -1643 659
3572 -2053 -1157 -1418 -2139 710
3909 -2338 -1364 -1035 -2452 721
4346 -2519 -1657 -520 -2280 647
4436 -2451 -1781 -163 -1928 493
4313 -2267 -1762 245 -1112 69
3955 -1955 -1631 372 -498 -331
3679 -1770 -1501 302 247 -1021
3312 -1444 -1313 112 551 -1467
3108 -1257 -1276 -264 688 -2013
2859 -922 -1356 -588 454 -2374
2735 -715 -1450 -724 187 -2491
2655 -456 -1371 -856 -253 -2494
2564 -38 -1011 -951 -558 -2394
2550 136 -648 -1146 -1032 -2120
2775 363 39 -1331 -1173 -1857
3008 330 474 -1663 -712 -1404
3301 67 1058 -1906 108 -1126
3374 -22 1537 -2312 1640 -856
3410 -273 1887 -2564 2556 -801
3349 -908 2160 -2779 3100 -969
3437 -1436 2496 -2796 2203 -1346
3835 -2206 2967 -2638 1397 -1674
4388 -2827 3208 -2004 821 -2199
5740 -4076 3401 -854 1331 -2594
6668 -4989 3349 196 2211 -2715
7584 -6100 3192 2021 3487 -2706
7711 -6836 2895 3284 3895 -2689
7408 -7025 2604 5135 3910 -2938
6587 -6877 2039 6293 3691 -3411
6365 -6979 1374 7894 3152 -4462
6686 -7286 380 8845 2557 -5160
6942 -7526 -9 9830 1552 -6123
6848 -7820 -402 10064 1106 -6802
6660 -7807 -429 5432 -1777 -7222
5578 -7494 -1576 7382 2038 -7732
4674 -8326 -2732 7568 1594 -8503
4825 -7676 -2631 7505 806 -9120
5025 -7818 -2488 7124 573 -9109
4913 -7502 -2271 6187 1053 -8634
4288 -7218 -2055 5036 2112 -7968
3512 -6832 -2211 4310 2851 -7566
2998 -6523 -2317 3375 3597 -7062
2284 -6131 -2469 2630 3967 -6683
1692 -5746 -2550 2250 4127 -6440
1319 -5450 -2541 1767 4210 -6002
709 -5031 -2401 1316 4219 -5497
247 -4499 -2243 1021 4205 -5096
-12 -4168 -2225 645 4174 -4403
-329 -3687 -2390 491 4115 -3891
-505 -3411 -2619 439 3846 -3062
-630 -2972 -2883 533 3221 -2109
-584 -2434 -3038 639 2652 -1401
-548 -2092 -3094 834 1912 -329
-317 -1614 -3081 969 1590 367
-156 -1325 -2943 1075 1389 1332
152 -959 -2727 1031 1528 2190
475 -752 -2627 923 1703 2729
1000 -575 -2533 665 1911 3525
1715 -281 -2381 437 1917 4061
2239 -94 -2260 34 1624 4834
3025 190 -2109 -358 1012 5460
3849 403 -1961 -575 485 5769
4287 484 -1892 -776 -237 5986
4808 430 -1824 -812 -466 5930
4955 378 -1829 -756 -274 5484
4976 520 -1795 -626 338 4689
4743 1000 -1329 -555 849 3704
4646 1217 -1003 -602 1001 2755
4454 1411 -513 -787 1044 1979
4327 1524 -387 -909 1160 1597
4185 1558 -507 -984 1433 1256
3907 1398 -750 -937 1656 1140
3698 1322 -821 -817 1969 1070
3314 1303 -720 -757 2107 1057
2983 1278 -534 -807 2220 1007
2345 1231 -286 -939 2282 909
1935 1233 -210 -1212 2418 687
1404 1177 -202 -1403 2503 526
1128 1088 -275 -1666 2524 346
817 922 -505 -1794 2445 292
697 761 -679 -1890 2160 333
618 564 -882 -1906 1868 445
568 478 -961 -1883 1331 699
457 389 -990 -1857 750 978
483 -46 -567 -3030 24 1235
585 -89 -555 -3120 -185 1183
685 -169 -510 -3161 -329 1134
737 -251 -461 -3207 -493 992
825 -405 -383 -3254 -494 778
948 -577 -412 -3264 -428 613
1147 -877 -441 -3263 -303 371
1343 -1171 -489 -3263 -221 217
1456 -1444 -525 -3292 -101 29
1647 -2004 -622 -3338 -39 -73
1830 -2513 -666 -3477 -47 -111
2304 -3181 -621 -3640 -214 -1
2679 -3462 -547 -3966 -799 444
3032 -3608 -473 -4201 -1303 883
3181 -3627 -510 -4458 -1898 1619
3216 -3579 -539 -4553 -2016 2261
3094 -3398 -470 -4576 -1799 2558
3082 -3260 -442 -4596 -1130 2824
3145 -3073 -413 -4631 -614 2933
3199 -2970 -401 -4753 -54 3035
3208 -2808 -386 -4868 94 3055
3144 -2705 -351 -5050 17 2996
2980 -2481 -336 -5141 -129 2873
2875 -2345 -320 -5217 -403 2572
2768 -2184 -315 -5203 -746 2161
3904 -653 267 -3699 -537 1388
3836 -378 336 -3686 -242 1339
3772 -186 367 -3721 64 1171
3642 47 390 -3746 153 989
3553 172 404 -3742 153 619
3543 376 432 -3680 112 348
3568 506 501 -3503 140 -35
3609 744 634 -3339 228 -255
3666 843 751 -3046 519 -497
3661 965 1002 -2832 700 -600
3662 1053 1251 -2506 697 -672
3643 1209 1822 -2289 483 -705
3711 1269 2281 -1981 243 -772
4001 1243 3003 -1768 332 -837
4272 1158 3400 -1383 744 -951
4806 852 3909 -849 1256 -1054
5257 234 4397 -407 1530 -1175
5553 -373 4654 395 1648 -1502
5997 -1392 5070 1034 1604 -1884
6488 -2108 5143 2241 1992 -2622
7346 -3251 5128 3222 2638 -3153
8058 -3780 4981 4856 3885 -3768
8439 -4535 4121 6021 4769 -4066
8214 -4857 3374 7791 5572 -4551
7670 -5203 1953 8880 5933 -4972
7321 -5353 1050 10231 6384 -5707
7030 -5643 -136 11065 6730 -6422
7763 -4218 1874 9800 8392 -6484
6626 -6032 -3092 10567 6334 -6726
5758 -6212 -4234 11072 4836 -7273
5319 -5344 -3823 10963 1790 -8324
5273 -5268 -3387 9800 245 -9381
5388 -5360 -2725 8610 321 -9760
5303 -5883 -2541 6739 1364 -9711
4741 -6657 -2382 5069 2494 -9218
4043 -7060 -2419 4136 3021 -8895
2731 -7380 -2476 2996 3552 -8591
1877 -7380 -2801 2461 3869 -8353
1585 -7339 -3056 1988 4161 -7626
1558 -6712 -3339 1808 4108 -6761
1606 -6116 -3409 1582 3715 -4949
1322 -5147 -3313 1257 3230 -2957
630 -4403 -3394 1040 3197 -1812
141 -3854 -3378 726 3605 -555
-410 -2920 -3398 492 3941 12
-668 -2343 -3534 151 4201 599
-938 -1541 -3842 -107 3848 1052
-1150 -760 -4090 -213 3277 1328
-1221 -340 -4166 -291 2212 1730
-1123 165 -4071 -307 1230 2189
-840 601 -3734 -323 780 2548
-585 745 -3483 -393 557 3156
-152 910 -3023 -506 683 3585
129 1015 -2783 -753 1018 4244
645 1025 -2556 -1014 1126 4860
1558 603 -2433 -1147 951 5250
2579 154 -2302 -1299 299 5830
4519 -692 -1938 -1422 -753 6417
5871 -1357 -1360 -1491 -1482 6654
6496 -1585 -1107 -1453 -1897 6591
6749 -1622 -906 -1312 -1418 6202
6599 -1603 -769 -1040 79 5117
6116 -1369 -464 -832 1319 3841
5563 -1229 -143 -767 1623 3141
5221 -1188 95 -820 1294 2491
4904 -1025 472 -950 728 2335
4734 -856 632 -1189 -43 2437
4500 -686 705 -1393 -343 2740
4176 -598 680 -1481 -267 2952
3902 -561 591 -1536 54 3177
3483 -385 495 -1523 360 3272
3148 -290 495 -1528 491 3259
2605 -120 513 -1558 609 3185
2173 69 526 -1653 755 3009
1888 200 540 -1807 817 2786
1640 375 529 -1923 841 2617
1294 606 495 -2093 922 2336
1048 671 490 -2209 990 2118
793 704 485 -2392 1051 1776
644 699 410 -2496 1062 1560
569 665 303 -2591 1078 1260
510 588 90 -2603 1084 1082
482 522 -14 -2576 968 880
492 427 -118 -2528 644 751
511 373 -181 -2500 389 696
554 330 -195 -2463 78 636
589 245 -198 -2451 -80 599
588 197 -206 -2448 -217 520
635 100 -270 -2452 -243 460
703 23 -316 -2436 -212 381
692 -28 -333 -2414 -127 300
725 -60 -315 -2415 -75 261
796 -96 -337 -2424 -54 250
962 -162 -401 -2434 -86 296
1084 -203 -483 -2427 -206 446
1340 -332 -566 -2417 -350 600
1542 -482 -562 -2429 -699 919
1820 -712 -530 -2497 -1108 1295
2038 -929 -472 -2571 -1301 1544
2232 -1016 -543 -2660 -1412 1918
2574 -872 -713 -2656 -1387 2186
2703 -662 -805 -2545 -1232 2563
2757 -395 -925 -2417 -1021 2752
2695 -269 -935 -2206 -567 2863
2498 -287 -1083 -1983 53 2730
2374 -412 -1326 -1812 502 2529
2394 -467 -1402 -1573 1031 2163
2310 -565 -1326 -1482 1204 1893
2322 -704 -1300 -1460 1160 1489
2390 -975 -1273 -1528 771 1148
2519 -1168 -1225 -1617 338 949
2655 -1378 -1288 -1762 -448 712
2960 -1822 -1389 -1878 -1206 537
3266 -2219 -1458 -1936 -1618 436
3372 -2471 -1498 -1996 -2009 266
3513 -2770 -1441 -2023 -2024 132
3738 -2697 -1500 -2000 -1673 -8
4015 -2469 -1632 -1916 -1302 -37
4039 -2341 -1648 -1749 -674 -53
3816 -1976 -1569 -1640 -36 -142
3525 -1620 -1295 -1653 321 -237
3276 -1377 -1051 -1841 669 -442
2805 -1018 -718 -2044 764 -647
2540 -823 -574 -2397 721 -1030
2272 -526 -465 -2699 433 -1425
2206 -377 -361 -2844 159 -1648
2328 -81 -7 -3022 -184 -1821
2676 170 376 -3135 -297 -1799
3044 45 709 -3321 -249 -1548
3692 -237 1352 -3512 98 -1104
4294 -338 1952 -3581 445 -767
4487 -460 2462 -3588 968 -414
4456 -1200 3147 -3520 1355 -445
4628 -1837 3437 -3142 2080 -881
5299 -3010 3782 -2325 2507 -1524
6083 -4360 3964 -1520 2629 -1980
6728 -5233 3927 93 2923 -2583
7417 -6462 3524 1424 3297 -2922
7533 -6913 3143 3720 4099 -3376
7124 -7176 2533 5272 4533 -3705
6700 -7105 2082 7343 4612 -4225
5407 -7573 -2834 8234 3749 -7200
4769 -7019 -2201 7209 3207 -7082
4048 -6797 -2022 5903 3065 -6927
2853 -6468 -1995 5077 3361 -6858
2034 -6300 -2038 4029 4024 -6739
909 -6165 -2267 3478 4371 -6607
285 -5928 -2377 2784 4315 -6210
-193 -5157 -2403 2350 3752 -5738
-306 -4723 -2407 1729 2424 -4705
-532 -4120 -2288 1185 1325 -3503
-557 -3814 -2261 808 939 -2326
-449 -3297 -2321 688 1166 -1155
-253 -2734 -2425 736 1473 -356
-91 -2368 -2448 899 1904 841
302 -1876 -2324 1011 2090 2030
773 -1461 -2182 1033 2111 2777
1082 -1238 -2211 1033 2142 3790
1547 -924 -2260 1023 1979 4613
1956 -647 -2107 971 1658 5025
2252 -641 -2034 845 1007 5417
2720 -673 -1877 702 302 5595
3312 -675 -1661 602 -164 5647
3754 -749 -1602 474 -725 5663
4634 -855 -1581 424 -989 5696
5316 -920 -1599 425 -933 5710
5646 -985 -1588 418 -396 5660
6115 -875 -1440 322 581 5548
6144 -690 -1326 65 1554 5377
6115 -431 -1055 -219 1954 5203
5923 -270 -848 -769 2091 4782
5461 76 -545 -1370 1926 4127
5038 500 -244 -1746 1824 3605
4855 770 -208 -2157 1889 2853
4630 1078 -244 -2300 2037 2424
4497 1232 -380 -2307 2301 1941
4175 1402 -633 -2068 2478 1600
3800 1447 -836 -1812 2450 1412
3494 1388 -917 -1369 2170 1150
2855 1324 -792 -1091 1940 949
2419 1310 -693 -777 1790 590
1891 1207 -470 -628 1883 243
1505 1041 -208 -639 1982 40
1331 885 -158 -779 2052 -184
1215 595 -227 -973 1863 -284
1163 345 -350 -1160 1326 -253
1139 211 -411 -1262 841 -175
1117 163 -436 -1387 114 -7
1016 87 -443 -1460 -258 107
851 57 -452 -1553 -533 227
746 -53 -437 -1605 -587 255
618 -89 -473 -1678 -441 244
525 -153 -483 -1746 -80 169
376 -190 -483 -1807 199 92
321 -201 -444 -1916 544 -6
294 -202 -397 -2021 680 -58
223 -234 -378 -2216 745 -124
210 -265 -373 -2360 728 -156
178 -290 -454 -2541 650 -179
148 -313 -540 -2626 579 -193
120 -353 -629 -2713 468 -210
66 -396 -655 -2757 386 -228
5 -526 -715 -2809 269 -268
2 -699 -754 -2840 200 -290
-41 -853 -775 -2893 132 -319
-1 -1112 -847 -2924 130 -322
-26 -1258 -831 -2990 242 -302
385 -1553 -1109 -3024 372 -227
441 -1866 -841 -3144 339 10
749 -2576 -887 -3313 230 198
1169 -3084 -783 -3641 -121 683
1727 -3669 -533 -4136 -720 1350
2521 -3997 -384 -4496 -1197 1910
2997 -4087 -482 -4938 -1807 2877
3574 -4204 -580 -5189 -2103 3827
3917 -4282 -627 -5277 -2080 4355
4032 -4246 -690 -5294 -1676 4889
3986 -4144 -803 -5254 -1201 5004
3879 -3814 -919 -5123 -366 4821
3645 -3352 -917 -5006 359 4269
3353 -3002 -788 -4967 629 3747
3250 -2807 -676 -4962 616 2913
3235 -2586 -491 -5001 368 2399
3356 -2417 -396 -5069 -283 1851
3657 -2207 -301 -5084 -847 1651
3896 -2100 -284 -5036 -1584 1566
4139 -1880 -280 -4928 -1812 1581
4196 -1727 -274 -4680 -1703 1575
4184 -1533 -158 -4495 -1336 1497
4153 -1370 -48 -4263 -529 1277
4143 -1102 99 -4110 157 1016
4110 -770 230 -4040 394 866
4087 -459 355 -3950 444 703
4036 56 588 -3879 405 621
3936 312 719 -3723 425 455
3804 595 984 -3585 476 285
3745 703 1105 -3285 557 -43
3686 748 1334 -3003 586 -315
3811 780 1607 -2508 541 -689
4245 743 2232 -2183 485 -863
4559 615 2738 -1751 463 -1034
5024 516 3517 -1470 536 -1134
5395 286 4150 -1035 744 -1366
6152 -417 4788 -669 1037 -1605
6625 -1239 4991 207 1995 -2217
6814 -1733 5025 1577 3244 -3053
6880 -2139 4951 2693 3938 -3647
6822 -2632 4689 4486 4698 -4465
6745 -3075 3879 5698 5203 -4924
6585 -3447 2930 7564 5933 -5450
6155 -3888 968 8835 6230 -5713
5841 -4169 -483 10652 6199 -5980
5497 -4384 -1988 11616 5853 -6136
5240 -4442 -2296 10713 8704 -6062
4375 -4770 -2750 10328 6936 -5775
3640 -4742 -4178 10630 5623 -6220
3494 -4118 -3375 10585 4007 -7198
3425 -3867 -2892 10132 3316 -7804
3393 -3828 -2381 9004 2641 -8435
3415 -3804 -1745 7464 2015 -8574
3084 -4044 -1468 6395 1725 -8458
2734 -4356 -1478 4974 1539 -8124
2260 -4637 -1665 3970 1664 -7599
1974 -4540 -1697 3514 1818 -7135
1642 -4316 -1654 3020 2052 -6275
1332 -4121 -1672 2760 2215 -5612
1217 -3920 -1720 2418 2460 -4466
1071 -3636 -1747 2177 2560 -3617
988 -3410 -1800 1752 2584 -2308
919 -3000 -1932 1448 2584 -1442
855 -2610 -2040 994 2603 -238
587 -2106 -2290 607 2746 691
285 -1571 -2597 414 2911 1148
133 -1201 -2843 269 3098 1645
-55 -626 -3100 237 2970 1995
-132 -304 -3180 225 2677 2173
-155 50 -3083 121 2016 2383
127 281 -2873 -24 1451 2544
369 381 -2730 -299 563 2827
833 435 -2679 -429 116 3049
1278 424 -2750 -413 -196 3455
1933 412 -2799 -173 -74 3908
2558 405 -2521 1 125 4180
2973 232 -2216 82 369 4386
3343 10 -1916 -38 789 4548
4175 -365 -1686 -357 1054 4637
5094 -774 -1464 -595 908 4713
5375 -903 -1262 -887 87 4725
5178 -972 -1011 -973 -485 4509
4823 -965 -889 -942 -522 3771
4624 -917 -578 -878 318 2921
4618 -913 -154 -922 879 2536
4614 -897 118 -1156 1303 2355
1891 -407 593 -2658 658 2816
1786 -353 634 -2772 933 2841
1578 -249 548 -2845 1152 2851
1453 -178 463 -2931 1424 2828
1249 -117 282 -2968 1436 2748
1046 -106 81 -2951 1261 2653
895 -83 -1 -2854 796 2442
697 -45 -63 -2768 436 2245
620 -44 -96 -2617 30 1901
604 -54 -88 -2483 -107 1553
627 -64 -71 -2424 -102 1345
721 -117 -100 -2367 -16 1096
807 -170 -149 -2353 65 985
886 -233 -177 -2355 176 906
998 -305 -216 -2389 183 918
1046 -323 -227 -2420 110 956
1087 -337 -239 -2472 -77 1021
1085 -366 -273 -2505 -224 1045
1074 -371 -280 -2547 -435 1031
1119 -423 -324 -2563 -551 999
1210 -468 -338 -2576 -717 929
1487 -606 -377 -2582 -830 917
1749 -729 -388 -2593 -1022 980
2130 -987 -375 -2598 -1161 1076
2284 -1091 -352 -2612 -1338 1250
2375 -1213 -276 -2628 -1387 1343
2350 -1210 -213 -2675 -1333 1412
2397 -1094 -189 -2720 -1132 1444
2449 -895 -242 -2734 -927 1471
2428 -726 -287 -2717 -517 1513
2300 -417 -343 -2676 -165 1525
2185 -121 -307 -2616 382 1515
2158 -42 -321 -2569 740 1481
1834 37 -423 -2465 1350 1320
1737 89 -630 -2360 1749 1156
1877 5 -759 -2165 2103 983
2104 -185 -988 -2007 2065 938
2236 -372 -1090 -1775 1546 939
2420 -616 -1206 -1632 986 968
2807 -1021 -1336 -1509 360 1006
3125 -1313 -1384 -1368 -576 1046
3452 -1775 -1416 -1281 -1335 933
3896 -2693 -1358 -1285 -1726 463
4358 -2795 -1633 -1227 -1484 201
4524 -2685 -1857 -981 -677 -181
4566 -2430 -2056 -760 -20 -426
4452 -2231 -2030 -493 815 -801
4001 -1909 -1696 -477 1347 -1222
3426 -1537 -1264 -628 1538 -1538
3090 -1316 -991 -996 1675 -2034
2875 -973 -660 -1254 1772 -2332
2875 -806 -528 -1556 1874 -2646
3015 -728 -251 -1751 1762 -2744
3050 -666 37 -1832 1626 -2714
3039 -560 243 -1880 1531 -2540
3102 -371 757 -1879 1437 -2364
3089 -301 1252 -1897 1029 -2088
3156 -379 2025 -1913 703 -1966
3279 -705 2430 -1858 493 -1959
3737 -1519 2982 -1724 432 -2048
4409 -2455 3529 -1334 293 -2234
4943 -3312 3817 -649 324 -2514
5443 -4189 4109 9 497 -2791
6343 -5421 4354 857 851 -3118
6795 -6173 4316 2505 1715 -3680
7004 -6831 3891 4492 2709 -4279
6844 -7083 3468 6377 3229 -4829
6697 -7239 2745 7429 3457 -5168
6806 -7394 2247 8613 3845 -5555
7034 -7668 1404 9138 4252 -5713
7199 -7934 801 9322 5876 -5430
7039 -7537 73 8612 6171 -5298
6277 -8587 -2567 9690 5930 -5747
5610 -7711 -2737 10303 4262 -6361
4908 -7385 -2453 10100 2773 -6835
4480 -6858 -1944 8959 1240 -7594
4083 -6453 -1328 7250 1002 -8103
3700 -6207 -1220 6112 1397 -8182
3301 -6038 -1381 4719 2261 -7963
2652 -5840 -1731 4082 2798 -7642
2282 -5596 -1874 3478 3276 -6943
1797 -5341 -2002 3113 3429 -6057
1445 -5234 -2027 2900 3510 -5424
958 -4864 -1973 2680 3598 -4768
1377 -979 -2325 502 1420 2550
1714 -631 -2265 328 1529 3009
1932 -464 -2227 27 1605 3570
2498 -368 -2219 -180 1534 3900
3012 -281 -2238 -458 1181 4419
3669 -79 -2083 -623 853 4739
4040 22 -1921 -859 463 5102
4529 149 -1745 -996 313 5240
4884 174 -1612 -1159 225 5329
5319 167 -1420 -1299 293 5267
5517 267 -1285 -1373 446 5124
5507 455 -1187 -1471 751 4728
5230 764 -797 -1570 844 4322
4973 963 -514 -1786 807 3537
4643 1245 -193 -1925 826 2965
4414 1396 46 -2100 1094 2153
4052 1584 315 -2258 1582 1489
3757 1671 374 -2321 1921 1165
3584 1660 259 -2327 2297 854
3285 1601 -108 -2189 2422 701
2671 1630 -516 -2019 2385 620
2084 1660 -659 -1753 2219 383
1211 1582 -561 -1649 2058 151
799 1476 -334 -1721 1620 -247
502 1204 -223 -1880 1185 -455
404 1055 -318 -2179 451 -580
382 443 -478 -2439 -346 -435
-122 527 -647 -2576 -659 -355
61 621 -1019 -2519 -762 -166
746 451 -1477 -2296 -687 96
-56 521 -1227 -1983 -661 378
-695 658 -807 -1814 -828 428
-172 539 -699 -1728 -1048 602
592 379 -696 -1647 -1325 947
258 272 -731 -1526 -1714 1458
149 118 -978 -1342 -1863 1848
439 -84 -643 -1253 -1785 2074
833 -189 -48 -1390 -1369 2447
669 -272 394 -1817 -703 2629
473 -430 505 -2215 -351 2582
623 -560 459 -2849 -171 2386
609 -647 182 -3216 -187 2176
633 -667 -56 -3605 -97 1728
759 -1045 -364 -3738 202 1389
1055 -1204 -409 -3744 1304 905
1492 -1257 -731 -3507 2754 538
1321 -1433 -949 -3314 2965 298
1576 -1849 -1083 -2984 2690 95
1816 -2281 -976 -2853 2016 91
2072 -2490 -896 -2898 446 321
2567 -2691 -594 -3125 -753 688
3002 -2977 -316 -3644 -2115 1399
3186 -3114 -286 -3984 -2485 1864
3350 -3036 -248 -4424 -2418 2472
3587 -2929 -327 -4643 -2166 2784
3827 -2925 -479 -4858 -1571 3135
4025 -2924 -709 -4968 -775 3312
4055 -2776 -926 -4996 -269 3325
3874 -2641 -965 -5041 132 3126
3422 -2446 -933 -5091 107 2838
3122 -2340 -840 -5177 -282 2205
2823 -2112 -705 -5271 -935 1514
2864 -2022 -621 -5301 -1408 1142
3069 -1986 -536 -5304 -2062 847
3531 -1979 -405 -5265 -2376 838
3807 -1930 -304 -5147 -2572 1027
4100 -1783 -141 -5033 -2480 1195
4140 -1684 -65 -4825 -2019 1353
3984 -1435 101 -4678 -1655 1317
3790 -1120 279 -4489 -1243 1052
3718 -973 398 -4356 -986 642
3700 -806 583 -4290 -907 363
3804 -643 771 -4217 -905 70
4026 -262 1098 -4134 -874 -9
4142 110 1320 -4020 -721 14
4091 365 1361 -3675 -303 52
3851 686 1491 -3332 -6 10
3674 749 1577 -2714 348 -202
3500 687 1674 -2252 443 -387
6144 -749 3500 4258 3407 -3631
6654 -1076 3701 5063 4195 -4226
7060 -1379 3176 6173 5395 -4892
7243 -1823 1351 7614 6316 -5316
6859 -2004 148 8662 6540 -5633
5883 -2173 -1266 9963 6649 -6335
5776 -1887 -1125 8790 10239 -6013
4360 -3583 -3712 9463 6286 -6465
3228 -2248 -3099 9923 4923 -7338
3089 -2447 -2618 9583 4068 -8730
3134 -2517 -2180 9090 4032 -9391
3171 -2600 -2044 8137 3722 -9724
3128 -2848 -2070 7512 3394 -9558
3230 -3052 -1824 6398 2699 -8791
3106 -3620 -1483 5083 2286 -7747
2684 -4067 -1171 4155 2387 -7126
2067 -4436 -844 2842 3118 -6327
1865 -4449 -798 2129 3763 -5782
1662 -4325 -1003 1367 4454 -4881
1576 -4068 -1540 1073 4601 -4213
1578 -3823 -1922 918 4283 -3074
1637 -3357 -2358 930 3712 -2236
1619 -3042 -2589 1010 2504 -991
1434 -2539 -2802 1087 1695 -274
1232 -2114 -2780 1162 903 487
822 -1624 -2730 1125 867 866
621 -1200 -2704 1036 1109 1011
443 -437 -2839 865 1470 1255
354 108 -3020 759 1599 1466
255 391 -3054 574 1598 1818
313 664 -3144 444 1521 2066
384 820 -3124 255 1405 2476
638 1049 -3167 162 1383 2765
885 1137 -3237 126 1502 3244
1176 1157 -3222 163 1610 3569
1449 1118 -3154 253 1613 4038
1891 950 -2807 289 1472 4326
2348 803 -2436 194 1086 4687
3237 374 -1715 -24 657 4888
3941 55 -1231 -561 -437 5159
4994 -346 -809 -1076 -1688 5371
5757 -566 -670 -1260 -2168 5425
5922 -723 -642 -1286 -1979 5223
5608 -815 -464 -1176 -901 4559
5126 -731 -307 -1088 52 3946
4748 -629 -93 -1035 1216 3037
4257 -530 241 -1093 1583 2566
3948 -494 413 -1296 1576 2144
3531 -437 548 -1576 1134 2034
3317 -373 577 -1762 722 2094
3039 -308 512 -1972 122 2322
2807 -310 458 -2058 -152 2492
2445 -373 394 -2120 -265 2695
2068 -379 421 -2141 -166 2771
1841 -331 479 -2202 112 2805
1534 -249 537 -2265 361 2783
1360 -202 508 -2372 822 2708
1153 -116 454 -2447 1146 2645
1064 -85 419 -2575 1497 2553
1014 -78 368 -2669 1559 2511
907 -39 250 -2754 1479 2473
798 12 184 -2854 1183 2391
620 78 114 -2897 919 2309
480 130 36 -2928 535 2136
390 140 24 -2938 287 1903
322 128 -22 -2942 212 1726
318 80 -45 -2947 206 1464
384 -2 -74 -2961 225 1317
549 -80 -118 -2992 209 1202
734 -160 -156 -3016 78 1209
846 -190 -173 -3032 -80 1250
939 -212 -180 -3041 -366 1352
965 -231 -156 -3038 -538 1415
1014 -260 -130 -3028 -718 1482
1224 -307 -94 -3018 -824 1548
1517 -465 -75 -3015 -863 1595
1704 -609 -73 -3013 -825 1675
2065 -825 -162 -2999 -756 1743
2354 -980 -215 -2975 -617 1896
2784 -1243 -295 -2970 -550 2032
3018 -1426 -429 -2957 -503 2239
3384 -1533 -695 -2864 -437 2434
3566 -1302 -854 -2779 -361 2516
3584 -974 -900 -2663 -101 2486
3334 -520 -914 -2628 505 2166
3149 -279 -931 -2660 1087 1814
3064 139 -918 -2778 1868 1222
3052 432 -1038 -2864 2149 854
3080 502 -1201 -2943 2006 412
3146 690 -1269 -2958 1536 189
3341 745 -1183 -2979 492 1
3734 695 -950 -3020 -272 -52
4217 578 -625 -3146 -1167 -108
4411 473 -322 -3318 -1387 -259
4752 450 228 -3467 -1176 -456
5063 410 511 -3651 -549 -836
5451 -2 805 -3704 -108 -1141
5651 -407 1019 -3655 305 -1689
6332 -989 1402 -3365 534 -2178
6967 -1687 1823 -3036 601 -2429
6945 -2161 2167 -2400 836 -2942
6569 -2887 2729 -1920 1275 -3453
6386 -3490 3107 -1201 1949 -4287
6402 -4468 3479 -435 1982 -4878
6621 -5508 3601 180 1765 -5096
5291 -6976 -1671 9841 2792 -7225
5686 -6602 -2105 9995 3009 -7868
5690 -6682 -1544 9420 3214 -8131
5395 -6517 -828 8476 3248 -8003
4932 -6248 -652 6687 3375 -7634
3913 -5895 -850 5511 3357 -7394
3169 -5626 -1085 4044 3035 -7146
2217 -5321 -1367 3332 2714 -7031
1811 -5128 -1572 2674 2264 -6803
1402 -4918 -1741 2355 1984 -6361
1124 -4614 -1649 2147 1873 -5655
908 -4196 -1414 1994 1921 -5043
789 -3891 -1202 1680 2133 -3977
599 -3472 -1011 1419 2364 -3222
460 -3240 -1028 1029 2738 -2129
292 -2883 -1220 738 3018 -1170
172 -2512 -1554 627 3100 -627
181 -2240 -1768 588 3004 93
323 -1837 -2035 646 2625 744
727 -1455 -2247 712 2257 1194
1151 -1163 -2253 773 1657 1942
1861 -810 -2216 773 1347 2477
2360 -502 -2142 703 1164 3196
2604 -282 -2097 530 1218 3729
3184 -92 -2142 364 1269 4003
3625 -69 -2253 125 1342 4370
4198 -58 -2314 -28 1358 4591
4560 -24 -2183 -302 1231 4886
4842 174 -1852 -541 1109 5020
5015 383 -1607 -966 917 5109
5384 651 -1310 -1406 649 5111
5487 800 -1114 -1673 434 5029
5266 969 -753 -2027 200 4659
4916 1120 -602 -2191 272 4262
4649 1253 -590 -2270 827 3543
4278 1493 -385 -2252 1558 2847
4083 1635 -245 -2220 1921 2479
3771 1816 -253 -2086 2185 2100
3293 1930 -369 -1928 2164 1931
2878 1980 -398 -1644 1838 1713
2181 1981 -428 -1450 1516 1552
1727 1935 -450 -1164 1163 1279
1184 1800 -428 -1012 1092 1095
853 1572 -340 -883 1133 874
749 1385 -294 -887 1212 768
709 1053 -283 -954 1247 771
770 822 -322 -1106 1238 897
846 549 -376 -1225 1153 1049
839 415 -433 -1403 871 1316
801 306 -480 -1518 619 1494
711 300 -407 -1699 246 1720
608 225 -341 -1913 -25 1794
498 65 -337 -2132 -146 1715
498 -125 -373 -2260 -123 1608
546 -213 -410 -2420 -14 1427
678 -288 -483 -2489 63 1321
667 -290 -528 -2539 149 1181
644 -281 -569 -2524 199 1033
590 -277 -594 -2496 270 915
511 -293 -596 -2457 418 710
395 -349 -586 -2453 515 547
373 -409 -590 -2489 611 316
413 -472 -587 -2591 606 140
450 -569 -589 -2689 540 63
482 -725 -674 -2790 444 7
612 -848 -761 -2916 250 9
817 -1032 -856 -3017 -31 118
941 -1194 -875 -3100 -227 217
1075 -1539 -835 -3200 -386 326
1188 -1808 -827 -3407 -504 487
1421 -2184 -738 -3700 -534 678
1740 -2545 -681 -3942 -599 864
2242 -3121 -580 -4393 -849 1241
2646 -3454 -591 -4693 -1094 1580
3328 -3731 -703 -5073 -1500 2218
3978 -3997 -900 -5235 -1791 2687
4260 -4160 -969 -5372 -2191 3325
4483 -4231 -1087 -5388 -2339 3630
4495 -4095 -1144 -5311 -2151 3841
4320 -3714 -1111 -5230 -1731 3781
4141 -3373 -955 -5200 -904 3418
3818 -2945 -662 -5340 -170 2819
3676 -2499 -419 -5505 122 2393
3645 -2257 -316 -5765 201 1860
3621 -1910 -233 -5900 46 1593
3595 -1689 -213 -5978 -474 1310
3627 -1435 -228 -5822 -1188 1140
3792 -1157 -223 -5577 -1580 1073
3931 -925 -97 -5090 -1827 982
4092 -554 288 -4633 -1588 844
4335 -179 902 -4440 -1249 735
4559 39 1343 -4355 -660 613
4815 376 1895 -4366 -305 555
5006 535 2223 -4335 39 504
5067 978 2700 -4082 254 369
5018 1157 2941 -3729 456 155
4929 1064 3312 -3243 674 -176
5003 853 3937 -2377 941 -799
5184 554 4413 -1460 1000 -1405
5847 3 5307 -863 869 -1729
6413 -487 5772 67 1010 -2133
7067 -1012 6315 763 1422 -2454
7432 -1223 6149 2164 2683 -3050
7748 -1687 5306 3418 3715 -3470
7741 -1824 4707 5478 4619 -4039
7264 -2058 3662 7350 5177 -4750
6846 -2541 2296 8350 5529 -5322
6631 -3017 1083 9560 5757 -6162
6390 -3487 -124 10206 5515 -6656
5922 -3878 -1497 10825 4683 -7261
5692 -3148 -1947 6804 5961 -7008
4570 -4237 -3483 9487 5493 -7632
4492 -3868 -2933 9683 5064 -8202
4413 -4030 -2243 8980 4611 -8785
4389 -4039 -1975 7617 4535 -9031
4297 -4133 -1670 6560 4555 -8971
4098 -4553 -1588 4997 4680 -8712
3549 -5101 -1719 3727 4861 -8347
3059 -5525 -2236 3191 4927 -7988
2710 -5723 -2404 2755 4663 -7232
2094 -5705 -2479 2582 4121 -6611
1732 -5545 -2604 2442 2993 -5542
1347 -5134 -2727 2408 2258 -4774
1181 -4783 -2712 2366 1366 -3579
1016 -4371 -2617 2300 981 -2796
843 -3801 -2433 2103 721 -1685
648 -3155 -2324 1908 713 -1000
604 -2696 -2444 1630 930 -39
566 -1945 -2703 1434 1326 859
487 -1363 -2934 1348 1617 1389
411 -1016 -3081 1272 2031 2044
357 -468 -3207 1251 2277 2383
318 -143 -3293 1227 2541 2745
266 251 -3434 1202 2628 2894
445 467 -3572 1150 2505 3037
680 631 -3640 1122 2040 3228
1124 784 -3734 1166 1675 3401
1456 773 -3711 1299 1300 3705
2097 747 -3421 1375 1234 3930
2469 671 -3108 1374 1396 4256
2896 443 -2681 1192 1605 4455
3409 107 -2281 974 1548 4507
3870 -193 -1995 527 1012 4517
4468 -589 -1540 185 453 4480
4726 -721 -1250 -314 -243 4322
4965 -764 -791 -766 -322 4056
4986 -718 -309 -1056 29 3831
4991 -665 -78 -1451 1061 3470
4846 -633 63 -1663 1890 3250
4644 -618 98 -1892 2821 2950
4212 -535 169 -2001 2964 2786
3855 -501 183 -2095 2448 2577
3350 -477 239 -2110 1837 2456
3007 -435 349 -2105 876 2334
2828 -430 465 -2119 351 2297
2632 -413 585 -2195 -138 2285
2376 -370 683 -2317 -227 2322
2085 -304 687 -2409 -82 2354
1893 -235 684 -2554 350 2408
1609 -104 710 -2670 716 2434
1416 -46 734 -2892 1321 2434
1127 4 703 -3063 1725 2390
953 22 663 -3352 2225 2261
766 22 568 -3554 2403 2145
675 7 482 -3838 2366 1951
591 -28 314 -3994 2175 1822
536 -37 190 -4150 1767 1632
431 -40 32 -4196 1459 1496
357 -86 -40 -4201 1003 1266
332 -166 -112 -4175 735 1103
343 -196 -133 -4127 424 870
451 -290 -177 -4086 266 745
564 -340 -201 -4024 41 631
676 -360 -203 -3982 -111 600
769 -357 -216 -3910 -304 608
887 -366 -221 -3816 -474 674
970 -395 -225 -3743 -586 738
1022 -396 -253 -3614 -725 839
1186 -331 -229 -3523 -780 910
1425 -333 -202 -3415 -838 1075
1836 -548 -189 -3354 -874 1329
2282 -714 -183 -3336 -894 1538
2713 -753 -138 -3337 -983 1949
3217 -844 -138 -3371 -1049 2250
3579 -933 -191 -3452 -1029 2659
4101 -886 -329 -3509 -895 2882
4298 -718 -508 -3548 -513 3052
4457 -307 -895 -3434 46 2957
4275 98 -1118 -3267 412 2674
3828 614 -1323 -3062 736 2180
3560 854 -1270 -2789 1094 1140
3470 963 -1175 -2654 1173 -16
3656 974 -1003 -2652 991 -685
3876 1010 -812 -2784 336 -1386
4256 1138 -434 -2949 -327 -1631
4442 1150 -173 -3270 -1260 -1773
4646 1019 264 -3499 -1606 -1814
4794 925 579 -3821 -1529 -1902
4914 702 921 -3986 -795 -2127
4845 420 1462 -3986 -246 -2392
5054 169 1850 -3853 207 -2799
5464 -354 2153 -3660 358 -2993
6131 -1456 2695 -3382 476 -3127
6552 -2006 3013 -2781 886 -3210
6909 -2892 3236 -1848 2073 -3217
7059 -3675 3377 -1119 2943 -3171
7300 -4848 3746 -56 3555 -2983
7509 -6138 3702 697 3579 -2864
7470 -6750 3440 2123 3628 -2924
7464 -7372 2829 3324 3750 -3126
7571 -7759 2348 5404 3835 -3528
7673 -8145 1598 8250 1837 -7469
4927 -6751 -1552 7091 1665 -7267
4286 -6458 -1304 6169 1761 -7153
3398 -5931 -1222 4796 2107 -7019
2527 -5531 -1373 3997 2454 -6946
2115 -5291 -1514 3046 3000 -6746
1640 -4997 -1623 2345 3411 -6323
1416 -4739 -1639 1966 3553 -5898
1165 -4318 -1705 1523 3614 -5088
858 -3926 -1759 1296 3598 -4488
462 -3430 -1741 934 3499 -3380
161 -3009 -1816 806 3405 -2911
47 -2749 -1864 703 3123 -2303
3157 -377 -2230 644 1675 3532
3532 -246 -2242 524 1965 4284
4075 -30 -2320 440 2135 4713
4380 181 -2342 330 2230 5232
4745 408 -2148 223 2117 5458
4819 515 -1926 -28 1724 5541
4884 665 -1769 -225 1375 5417
4919 723 -1720 -493 832 5034
4927 930 -1799 -614 531 4692
4906 1094 -1829 -673 255 4122
4635 1410 -1495 -753 247 3493
4185 1839 -1017 -875 426 3052
3827 2023 -644 -1188 813 2385
3372 2115 -158 -1474 1056 1962
3068 2050 3 -1912 1483 1400
2602 1830 74 -2144 1849 1080
2203 1659 -17 -2342 2543 646
1706 1398 -368 -2332 3083 393
1519 1189 -640 -2118 3789 169
1466 845 -918 -1800 4027 222
1510 580 -1023 -1608 3791 426
1448 521 -996 -1402 2878 895
1354 490 -968 -1323 2036 1247
1137 464 -925 -1253 784 1714
702 469 -719 -1250 93 1898
474 398 -542 -1343 -635 1931
148 338 -254 -1482 -882 1817
-22 241 -62 -1793 -883 1493
-57 150 42 -2205 -552 1101
27 -23 89 -2505 -223 862
164 -127 81 -2968 271 625
343 -245 47 -3262 517 546
423 -317 3 -3651 700 524
509 -439 -131 -3862 711 551
508 -514 -232 -4078 636 603
454 -559 -377 -4152 554 624
400 -580 -449 -4173 445 605
298 -633 -534 -4689 -855 1218
2311 -3027 -227 -5025 -1032 1528
2653 -3290 -230 -5572 -1400 2042
3245 -3723 -519 -5984 -1902 2610
3611 -4080 -938 -6111 -2274 2958
3866 -4273 -1197 -6059 -2813 3361
4274 -4356 -1434 -5873 -3065 3553
4357 -4139 -1443 -5465 -2962 3657
4375 -3655 -1345 -5051 -2188 3516
4370 -3352 -1164 -4876 -1484 3323
4250 -2823 -787 -4863 -553 2957
4141 -2444 -608 -4996 -215 2693
3838 -1931 -626 -5240 -360 2293
3357 -1410 -900 -5319 -1071 1982
3135 -1145 -1005 -5276 -2939 1436
3404 -771 -1013 -5042 -4339 949
4238 -674 -755 -4838 -4354 744
4873 -574 -468 -4558 -3112 721
5743 -122 -117 -4320 -1333 1069
6001 325 129 -4133 -48 1548
5749 587 282 -4037 429 1707
5185 920 553 -3906 731 1517
4507 1115 1094 -3851 642 1062
4326 1153 1478 -3757 338 91
4517 1074 2092 -3639 221 -550
4739 970 2553 -3339 300 -1296
5099 655 3174 -3043 429 -1607
5264 470 3580 -2406 818 -1861
5297 136 4198 -1876 1242 -1989
5442 -142 4582 -946 2080 -2171
5919 -731 4865 158 2974 -2270
6315 -1213 4967 983 3551 -2332
6539 -1496 4759 2410 4612 -2491
6682 -2043 4262 3473 5302 -2666
6838 -2459 3802 5106 6032 -2992
6959 -2848 2966 6218 6411 -3246
6876 -2960 2472 7786 7036 -3730
6440 -3371 1446 9115 7575 -4386
6027 -3941 -274 9954 7422 -4829
5781 -4087 -1108 10813 6072 -5424
5291 -3792 -4367 10052 3656 -5672
4913 -3965 -2790 11070 4486 -7082
4834 -3896 -3567 11506 3410 -8018
4863 -3742 -2852 11195 2205 -8401
4781 -3804 -2516 9884 1456 -8856
4456 -4032 -2005 8633 1806 -9074
4099 -4325 -1933 6569 2699 -9241
3579 -4941 -2072 4688 3259 -9147
3291 -5340 -2174 3658 3297 -8875
3055 -5497 -2213 2515 3278 -8210
2582 -5538 -2254 2029 3386 -7651
2151 -5445 -2251 1594 3618 -6729
1514 -5225 -2208 1352 3649 -5765
827 -4872 -2263 1228 3492 -5107
509 -4557 -2348 1060 3019 -4049
177 -3811 -2468 944 2582 -3274
-111 -3288 -2589 788 1963 -2100
-626 -2560 -2762 674 1493 -1048
-1081 -1876 -2940 624 1284 -424
-1301 -1498 -3073 574 1161 462
-1314 -1027 -3210 557 1169 1092
-1055 -482 -3172 498 1221 2174
-877 -195 -2970 264 1356 3305
-809 5 -2647 -44 1510 3931
-703 182 -2623 -562 1772 4633
-234 364 -2814 -925 1789 5206
527 293 -3091 -999 1604 5581
1451 62 -3124 -902 1165 6227
2893 -205 -2843 -824 921 6678
4094 -816 -2414 -884 581 7093
5051 -1336 -2028 -1144 -284 7154
6352 -2061 -1476 -1308 -1097 7014
6961 -2359 -1340 -1293 -1711 6555
7127 -2444 -960 -1090 -1086 5737
6741 -2318 -429 -1008 -199 5020
6337 -2066 10 -1135 1117 3925
5648 -1706 521 -1377 1648 3352
4916 -1394 651 -1820 1864 2801
4468 -1209 628 -2181 1424 2622
4080 -1096 576 -2330 890 2649
3621 -946 488 -2399 360 2752
3412 -859 460 -2371 -146 2974
3097 -776 478 -2295 -197 3169
2778 -668 546 -2268 -35 3255
2571 -547 582 -2307 375 3325
2246 -334 575 -2386 713 3344
1994 -201 544 -2567 1144 3336
1655 28 479 -2712 1335 3303
1416 158 415 -2943 1494 3199
1046 277 313 -3087 1475 3070
863 347 206 -3242 1297 2822
667 473 41 -3280 1046 2546
554 484 -102 -3249 865 2363
549 450 -182 -3152 609 2121
659 369 -275 -3026 386 1960
820 242 -273 -2950 261 1904
927 154 -261 -2881 181 1854
1035 39 -237 -2868 208 1822
1060 -19 -198 -2908 313 1732
1102 -121 -192 -2968 371 1640
1142 -202 -194 -3078 299 1458
1171 -279 -224 -3154 150 1317
1206 -353 -241 -3237 -150 1077
1259 -438 -264 -3271 -359 908
1345 -496 -275 -3270 -580 665
1491 -637 -294 -3249 -637 526
1646 -758 -327 -3196 -637 387
1887 -1020 -319 -3171 -645 334
2129 -1308 -243 -3196 -677 347
2314 -1470 -213 -3279 -709 464
2541 -1498 -204 -3353 -706 606
2629 -1427 -236 -3416 -613 866
2656 -1212 -368 -3400 -451 1032
2649 -1005 -446 -3257 -59 1244
2623 -683 -528 -3034 480 1377
2551 -432 -653 -2866 874 1404
2459 -360 -746 -2611 1355 1346
2344 -133 -835 -2445 1545 1251
2343 24 -890 -2220 1599 1089
2434 66 -1030 -2073 1450 972
2548 33 -1087 -1900 958 792
2925 -71 -1016 -1856 182 628
3210 -131 -870 -1931 -363 517
3803 -281 -734 -2131 -1019 338
4327 -409 -546 -2286 -1234 194
4628 -492 -455 -2488 -1104 -116
4995 -411 -428 -2545 -733 -374
5059 -330 -370 -2491 36 -864
4923 -209 -293 -2296 810 -1466
4877 -105 -206 -2105 1197 -1867
4861 -118 47 -1812 1449 -2398
4845 -391 307 -1669 1390 -2742
4895 -878 811 -1585 1316 -3076
5051 -1307 1241 -1561 1319 -3501
5533 -1974 2069 -1614 1284 -3654
5845 -2461 2596 -1685 1241 -3670
6210 -3344 3169 -1590 1399 -3595
6277 -3932 3442 -1086 1940 -3468
6226 -4938 3428 20 2623 -3439
6151 -5862 3298 1099 2943 -3472
6175 -6222 3175 3065 3290 -3530
6341 -6555 3227 4406 3483 -3536
7020 -6951 3252 5648 3657 -3486
7523 -7068 2990 7301 4226 -3355
6443 -6611 -981 5409 3623 -8456
5968 -6597 -1237 4319 4094 -8050
4947 -6446 -2010 3318 4482 -7504
3714 -6214 -2669 3048 4506 -7228
2965 -5845 -2841 2972 3998 -6846
2007 -5437 -2701 2887 2951 -6447
1316 -5107 -2262 2691 2326 -6172
988 -4837 -1963 2195 1897 -5662
682 -4340 -1602 1792 1911 -5209
1115 -533 -2885 838 1608 2860
1295 -305 -2963 -1059 509 4084
4280 1118 -1719 -1232 512 3642
4114 1258 -1807 -1224 597 3307
3943 1335 -1738 -1123 856 2837
3621 1470 -1215 -1138 1039 2565
3234 1692 -569 -1407 1369 2261
2978 1862 -160 -1922 1673 2073
2611 1935 219 -2338 1778 1996
2348 1832 295 -2900 1787 1913
1926 1643 87 -3207 1628 1838
1272 1509 -316 -3215 1495 1757
912 1341 -542 -2972 1338 1623
557 1052 -729 -2600 1141 1587
434 793 -660 -2376 965 1660
397 629 -516 -2193 655 1903
410 461 -367 -2179 467 2131
498 251 -337 -2237 284 2520
523 204 -264 -2315 242 2767
430 175 -179 -2433 243 2959
304 140 -134 -2667 328 3085
152 95 -162 -2890 516 3025
90 29 -233 -3021 629 2921
108 -31 -254 -3179 702 2746
188 -118 -334 -3266 686 2631
252 -176 -415 -3337 583 2485
383 -266 -491 -3355 346 2373
444 -298 -468 -3365 114 2304
507 -291 -394 -3380 -134 2228
535 -307 -389 -3388 -445 2081
591 -394 -336 -3388 -578 1951
669 -454 -296 -3388 -663 1723
742 -510 -285 -3374 -628 1492
951 -711 -332 -3351 -583 1357
1139 -909 -363 -3318 -549 1215
1486 -1272 -457 -3295 -537 1164
1844 -1680 -627 -3254 -510 1152
2095 -1969 -759 -3207 -501 1202
2369 -2386 -838 -3203 -513 1253
2642 -2992 -802 -3310 -545 1320
2912 -3358 -781 -3560 -641 1412
3230 -3760 -697 -3789 -848 1507
3387 -3842 -770 -4117 -1258 1652
3674 -3920 -1012 -4274 -1450 1760
3903 -4030 -1211 -4388 -1607 1931
4239 -4051 -1418 -4403 -1640 2062
4235 -3880 -1455 -4386 -1417 2214
4023 -3460 -1301 -4442 -810 2219
3768 -3080 -1050 -4586 -328 2142
3421 -2534 -736 -4961 252 1955
3319 -2211 -603 -5263 383 1847
3273 -1841 -503 -5673 63 1751
3225 -1637 -482 -5850 -403 1694
3302 -1404 -502 -5871 -1183 1612
3414 -1256 -499 -5715 -1604 1535
3605 -962 -387 -5287 -1896 1347
3766 -761 -272 -4940 -1830 1184
3956 -498 164 -4485 -1523 911
4349 -162 831 -4303 -1368 781
4737 16 1199 -4176 -1248 771
5158 330 1775 -4110 -1328 841
5384 634 2193 -3904 -1586 842
5475 946 2679 -3383 -1104 398
5708 1163 3187 -2876 -305 -136
5829 1120 3555 -2005 1070 -1059
5917 963 4402 -1497 1582 -1613
5748 643 5098 -875 1572 -2303
5747 433 5296 -405 1371 -2756
5960 218 5372 621 1633 -3474
6696 -200 5646 1887 2827 -4111
7474 -590 5579 2804 3881 -4354
7941 -1095 5175 4241 5245 -4647
8089 -1447 4536 5293 6081 -4875
8042 -2120 2884 7096 7084 -5271
7831 -2715 995 8356 7435 -5577
7553 -3154 -212 10002 7591 -6207
9558 -4871 3571 11290 8922 -6312
7022 -3628 -2448 9709 7898 -6697
5595 -3804 -3787 10396 6713 -7540
5329 -3394 -2998 10316 5001 -8774
5231 -3526 -2398 9652 4479 -9452
5339 -3498 -2100 8146 4222 -9886
5236 -3806 -2116 6599 4179 -9629
4952 -4067 -2109 5646 4112 -9228
4051 -4747 -1895 4317 4040 -8613
3303 -5125 -1859 3565 4120 -8177
2954 -5271 -1884 2723 4212 -7313
2479 -5471 -1963 2342 4095 -6611
2160 -5400 -2056 1999 3620 -5464
1782 -5000 -2234 1885 3116 -4655
1524 -4683 -2335 1811 2219 -3492
1140 -4281 -2387 1771 1685 -2826
994 -3881 -2361 1620 1040 -1947
876 -3339 -2303 1332 657 -1150
778 -2743 -2365 1087 605 -641
718 -2337 -2473 732 756 122
471 -1658 -2657 532 935 601
209 -1186 -2813 294 1262 1206
-194 -639 -3148 194 1538 1678
-240 -259 -3426 233 1574 2010
-276 228 -3873 463 1302 2535
-287 456 -4183 702 861 2847
60 633 -4339 1137 99 3281
257 777 -4211 1520 -440 3627
779 893 -3789 1665 -547 3813
1204 973 -3544 1732 -70 4116
1855 997 -3085 1636 587 4322
2307 907 -2817 1277 1674 4586
3094 740 -2397 672 2353 4765
3732 486 -2128 223 2303 4803
4195 273 -2085 -292 1458 4723
4886 -238 -2002 -437 664 4582
5009 -487 -1753 -452 -229 4119
4894 -534 -1257 -402 -294 3644
4702 -440 -799 -432 382 2860
4512 -227 -134 -697 1241 2315
4266 -153 271 -982 1566 2182
4022 -75 432 -1446 1579 2229
3552 52 507 -1827 1264 2422
3221 88 498 -1983 1028 2549
2813 62 446 -2068 816 2661
2596 30 434 -2111 543 2795
2301 -71 431 -2116 402 2871
1984 -66 493 -2174 361 2996
1728 -33 593 -2267 479 3063
1562 -17 670 -2496 736 3156
1316 -50 659 -2699 943 3197
1203 -41 501 -2972 1224 3223
1039 -14 222 -3090 1311 3221
1001 -46 40 -3159 1240 3204
955 -83 -143 -3140 1108 3189
912 -33 -232 -3059 890 3131
850 64 -245 -2971 771 3014
769 130 -151 -2963 806 2884
739 170 -105 -3055 1087 2637
750 151 -187 -3220 1485 2339
741 49 -280 -3365 1601 2134
767 -16 -429 -3562 1435 1868
847 -168 -652 -3642 1128 1731
943 -325 -796 -3681 399 1588
1034 -363 -830 -3629 -385 1487
1117 -371 -777 -3561 -758 1422
1182 -388 -688 -3460 -981 1299
1291 -435 -544 -3421 -985 1206
1355 -513 -470 -3407 -1050 1088
1452 -570 -444 -3415 -1242 1043
1593 -694 -512 -3399 -1702 1056
1767 -782 -492 -3363 -2378 1171
2125 -949 -457 -3308 -2850 1390
2417 -1078 -406 -3245 -2836 1580
2922 -1215 -266 -3143 -2223 1947
3445 -1197 -230 -3051 -1459 2246
3604 -1084 -235 -2895 -50 2690
3572 -863 -346 -2795 895 2906
3391 -678 -362 -2723 1964 3009
2894 -429 -404 -2729 2398 2886
2530 -293 -506 -2748 2593 2420
2213 -270 -765 -2686 2140 1783
2293 -336 -1035 -2565 1515 1390
2449 -403 -1076 -2330 300 933
2849 -501 -1046 -2108 -836 643
3352 -731 -973 -1986 -1313 496
3746 -850 -922 -1874 -1546 313
4207 -899 -833 -1840 -1397 199
4381 -1011 -772 -1877 -819 -37
4738 -1199 -770 -1948 -76 -315
4915 -1325 -869 -1969 476 -518
4924 -1300 -915 -1898 1100 -849
4693 -1033 -1039 -1776 1323 -1113
4422 -808 -1096 -1482 1420 -1617
3971 -532 -963 -1227 1161 -2213
3602 -316 -602 -1165 726 -2618
3505 -239 -232 -1316 -146 -3128
3637 -232 483 -1720 -641 -3432
4041 -228 1308 -2244 -282 -3428
4352 -357 2085 -2587 151 -3277
4504 -542 2461 -2976 427 -2977
4661 -1048 2955 -3039 523 -2832
4936 -1561 3318 -2700 1150 -2696
5538 -2584 3674 -2138 1955 -2599
5921 -3392 3858 -919 2967 -2294
6830 -5013 4164 471 3350 -1770
7595 -6024 4101 1517 3713 -1359
5434 -8740 -2703 9143 -172 -8011
5544 -8671 -2240 8829 -593 -8220
5526 -8374 -1786 7606 -132 -8262
4988 -8210 -1437 6486 803 -8209
4397 -8110 -1612 4828 2390 -8127
3542 -7782 -2254 3633 3296 -7962
2829 -7311 -3048 3211 3450 -7743
2393 -6839 -3262 2919 3242 -7253
1716 -6155 -3100 2610 3095 -6695
1198 -5480 -2608 474 1902 -447
-591 -1251 -2924 369 1878 588
-421 -813 -2880 241 1856 1250
-305 -559 -2924 45 1577 2175
78 -219 -3233 0 913 3057
527 -130 -3373 61 408 3606
1464 -155 -3262 121 -15 4105
2164 -67 -3136 176 -333 4751
3134 -50 -2877 127 -329 5214
4144 -51 -2686 41 -258 5430
5036 51 -2697 -75 -93 5621
5422 194 -2573 -162 79 5553
5473 365 -2381 -269 188 5073
5127 636 -1974 -367 123 4518
4836 863 -1624 -585 -59 3511
4646 1108 -1226 -811 18 2651
4486 1189 -741 -997 190 2277
4261 1308 -542 -1286 547 2006
3747 1453 -412 -1423 790 1929
3419 1487 -441 -1482 1092 1909
3080 1486 -532 -1368 1344 1978
2839 1442 -532 -1271 1483 2061
2656 1388 -542 -1130 1738 2189
2174 1391 -587 -1049 2106 2245
1567 1457 -526 -1059 2384 2214
1199 1403 -377 -1265 2699 2085
767 1277 -256 -1515 2786 1981
486 1222 -255 -1971 2554 1812
