0 0 0 0 0 0
-2038 79 -1253 -2802 2551 3266
-1940 -214 -1489 -3611 2714 4229
-1869 -327 -1570 -4503 3200 5232
-1730 -455 -1562 -5361 5007 5400
-1540 -632 -1515 -6109 6902 5152
-1391 -690 -1528 -7248 9484 4386
-1190 -914 -1484 -8644 11208 3268
-1073 -1235 -1405 -9784 11457 2162
-1013 -1474 -1364 -11922 10776 -183
-967 -1916 -1314 -13369 9793 -2253
-987 -2089 -1267 -15269 8108 -6027
-1065 -2176 -1086 -16349 7972 -9146
-1045 -2311 -967 -17859 8411 -14252
-1031 -2431 -911 -19119 7350 -19205
-1054 -2543 -779 -19879 5473 -22245
-1099 -2616 -724 -20696 1364 -26427
-1149 -2719 -511 -21024 -1846 -28989
-1178 -2693 -330 -21383 -6052 -32768
-1113 -2715 3 -21853 -8895 -32768
-1032 -2796 230 -22399 -10177 -32768
-967 -2933 604 -23806 -11722 -32768
-984 -3186 926 -25205 -12567 -32768
-1034 -3267 1092 -27440 -13319 -32768
-1082 -3403 1363 -29402 -12521 -32768
-1208 -3531 1522 -30316 -11354 -32768
-1341 -3698 1593 -30938 -9850 -32768
-1506 -3916 1666 -30866 -9456 -32768
-1573 -4069 1702 -30018 -9527 -32768
-1656 -4279 1701 -28607 -9977 -32768
-1826 -4471 1652 -27624 -10544 -32768
-2289 -4847 1462 -26181 -10903 -32768
-2611 -5000 1307 -24804 -10194 -32768
-3019 -5075 1029 -23937 -9198 -32768
-3170 -5162 925 -23324 -7448 -32768
-3475 -5123 696 -23789 -8059 -32768
-3843 -5072 414 -24668 -9841 -32768
-4149 -5003 91 -26068 -14615 -32768
-4738 -4759 -570 -26354 -18730 -32768
-5078 -4461 -1079 -24926 -23727 -32768
-5229 -3787 -1757 -21561 -26977 -32768
-5311 -3023 -1864 -18882 -27992 -32768
-5644 -2358 -1677 -18371 -27469 -32768
-6159 -2008 -1374 -20142 -22740 -32768
-7052 -1545 -1118 -23318 -13959 -31220
-7754 -1142 -748 -25841 -8485 -27417
-8470 -595 -286 -29627 -4514 -19674
-8848 -328 110 -32768 -9634 -9182
-9405 -114 791 -32768 -16490 -1057
-9662 -225 1672 -32768 -25945 11826
-9901 -1162 2684 -31160 -31619 24658
-9704 -2220 3234 -23354 -23659 32767
-9441 -3950 3355 -14173 -5953 32767
-9388 -5409 3109 4020 24950 32767
-10537 -7152 2938 21871 32767 32767
-11840 -8684 3407 30073 32767 32767
-12158 -9933 3650 32767 22878 32767
-12059 -12052 3368 32767 10927 32767
-11871 -14244 3102 32767 7997 32767
-11894 -15952 2763 31258 10653 32767
-12505 -18862 1727 28777 13189 32767
-12991 -21178 488 26616 10024 32767
-13716 -24820 -1057 26292 -3647 32767
-13407 -27458 -1453 25365 -13095 32767
-12255 -28180 -1675 23088 -22424 32767
-10368 -28389 -2323 21306 -17438 32767
-7804 -26379 -2566 20152 -7529 32767
-5844 -24375 -2355 14567 10818 32767
-2240 -22072 -2114 8274 17228 32767
491 -19231 -829 -2746 8466 32767
2629 -18110 152 -13160 -11784 32767
4822 -17525 70 -15820 -24324 32767
7581 -15452 -1864 -12424 -29626 32767
8251 -14465 -2631 767 -19718 32767
6986 -11850 -2275 11732 -2409 18724
6778 -9754 -943 13820 -2781 -5027
6525 -8098 -583 10796 -12675 -29570
5851 -6682 -1266 8064 -16798 -32768
4650 -6044 -1968 6047 -13497 -32768
1606 -5485 -2668 5700 -4964 -32768
-565 -5141 -2704 4878 -1354 -32768
-2590 -4717 -2676 2039 -3732 -32768
-3626 -4369 -2473 -576 -9467 -32768
-3826 -4117 -2360 -4768 -20358 -32768
-3895 -3775 -1970 -7511 -25682 -32768
-4066 -3478 -1596 -11917 -28416 -32768
-4284 -3334 -1135 -14880 -27937 -32768
-4351 -3302 -837 -18477 -23953 -32768
-4254 -3473 -712 -18618 -20774 -32768
-4290 -3636 -405 -16751 -19931 -32768
-4540 -3684 -97 -12559 -18959 -32768
-4896 -3954 246 -8177 -18346 -32768
-4904 -4014 904 -6210 -17865 -32768
-4654 -3957 1409 -5787 -16723 -32768
-4103 -4169 2048 -7093 -16014 -32768
-4053 -4385 2209 -9811 -17038 -32768
-4248 -4711 2542 -12938 -20764 -32768
-4597 -4893 2340 -14350 -23228 -32768
-4712 -4924 2206 -15619 -26962 -32768
-4420 -5102 2368 -16766 -29052 -32768
-4363 -5276 2456 -19964 -31970 -32768
-4438 -5391 2358 -24712 -32768 -32768
-4625 -5555 1880 -29274 -32768 -32768
-5078 -5764 1034 -31000 -32768 -32768
-5277 -5800 672 -32046 -32768 -32768
-5186 -5698 276 -32720 -32768 -32768
-5112 -5594 298 -32768 -32768 -32768
-5214 -5306 155 -32768 -32768 -32768
-5590 -4973 88 -32768 -32768 -32768
-6392 -4533 -251 -32768 -22532 -32768
-7633 -4106 -942 -32768 -10180 -32768
-8462 -3144 -1155 -32768 -6602 -32768
-8954 -2257 -869 -32768 -9804 -32768
-9509 -1000 29 -32768 -19836 -30393
-10299 -7 957 -32768 -25817 -21124
-10486 271 1700 -32768 -20974 -6099
-10507 -505 2438 -32768 1179 8144
-10987 -1327 2750 -29583 27097 19848
-12491 -2853 3015 -20449 32767 26241
-14016 -4289 4252 -6671 32767 32767
-14401 -5330 5112 2731 20022 32767
-14360 -7616 5597 7388 12403 32767
-14161 -9421 5587 13798 8114 32767
-13710 -12483 5383 18876 9480 32767
-14308 -15961 4683 21344 10438 32767
-14955 -18682 3843 26010 3735 32767
-15361 -22575 2988 30041 -4808 32767
-15057 -25126 2606 32767 -13180 32767
-14935 -29458 1050 32767 -12490 32767
-14647 -32768 -677 32767 -5078 32767
-13185 -32768 -2096 32767 7258 32767
-11317 -32768 -1949 32767 15291 32767
-9142 -30507 -418 29398 17809 32767
-6061 -29035 234 7827 23174 32767
636 -26317 -369 -4679 21002 32767
3723 -23406 -178 -15945 256 32767
5929 -20420 -23 -19102 -25509 32767
8154 -17327 -958 -17013 -32768 32767
8762 -14868 -2377 -10619 -32768 32767
10153 -12221 -3280 -6204 -26134 31192
10046 -9769 -2900 -5628 -12803 -5520
8677 -7111 -1717 -11673 3027 -29852
5584 -5597 -1537 -15837 10868 -32768
3088 -5021 -1684 -18762 13140 -32768
296 -4365 -2001 -18472 10811 -32768
-852 -4268 -2416 -14820 5213 -32768
-2677 -4323 -3493 -9496 -457 -32768
-3222 -3958 -3965 1412 -9992 -32768
-3174 -3304 -3841 8604 -13470 -32768
-3608 -2809 -2759 14087 -12312 -32768
-3683 -2485 -1494 11753 -11482 -32768
-3650 -2253 -886 7367 -12882 -32768
-3496 -2311 -798 531 -16705 -32768
-3436 -2718 -852 -2772 -18230 -32768
-3634 -3086 -905 -4697 -19569 -32768
-4009 -3494 -849 -4495 -20955 -32768
-4229 -3661 -660 -4038 -23111 -32768
-4162 -3588 28 -5582 -22440 -32768
-3660 -3434 840 -8066 -20548 -32768
-3472 -3485 1264 -13497 -18270 -32768
-3347 -3772 1656 -17646 -18087 -32768
-3592 -4069 1800 -23753 -21737 -32768
-4192 -4594 1809 -27619 -26629 -32768
-4430 -4948 1887 -32768 -32322 -32768
-4295 -4947 1878 -32768 -31710 -32768
-4408 -5300 1648 -32768 -28292 -32768
-4532 -5543 1419 -32768 -22927 -32768
-4411 -5488 1304 -32768 -20733 -32768
-4348 -5636 1157 -32768 -21865 -32768
-4112 -5791 1066 -32768 -25694 -32768
-4180 -5690 1088 -32768 -30572 -32768
-4542 -5727 958 -32768 -31367 -32768
-5024 -5574 745 -32768 -29808 -32768
-5400 -5490 606 -32768 -21355 -32768
-5646 -5629 208 -32768 -11442 -32768
-6345 -5397 -179 -32768 -7421 -32768
-6848 -5136 -383 -32768 -4460 -32768
-7243 -4169 -798 -32768 -4847 -32768
-7820 -2847 -717 -32768 -7464 -32768
-8273 -1814 -402 -32768 -11138 -32768
-9463 -855 277 -32768 -12730 -31785
-10253 -153 1047 -32768 -11482 -26522
-10596 143 1653 -32768 -3948 -17670
-10905 47 2130 -32768 4376 -9756
-10772 -292 2155 -30921 14094 5848
-10908 -956 2360 -23350 16860 17767
-11475 -1421 3007 -10551 16464 32767
-12372 -2163 4576 -1093 14847 32767
-12834 -3759 5834 2413 16516 32767
-13151 -5295 6051 6033 24964 32767
-13991 -8407 5463 10934 29917 32767
-14630 -11867 4555 15092 25759 32767
-14898 -13979 4138 20979 9744 32767
-15539 -17481 3801 24137 -7346 32767
-15813 -21057 2913 25012 -15066 32767
-16249 -24543 1904 25914 -18411 32767
-16762 -27354 523 28940 -14921 32767
-16368 -31725 -2045 32767 -12505 32767
-15040 -32768 -2930 32767 -3055 32767
-12575 -32045 -3126 32767 8424 32767
-10033 -30473 -848 31884 17262 32767
-6654 -29440 -403 9979 28900 32767
-550 -27202 -337 -8120 22550 32767
2019 -25475 59 -14941 7135 32767
4737 -21699 -20 -15644 -19866 32767
6510 -18119 -1063 -10966 -32514 32767
8299 -15042 -1843 -4393 -32768 32767
10978 -11484 -3098 -1609 -32768 29197
10945 -8923 -3309 -1279 -23321 -2408
9015 -6376 -2858 -4386 -14844 -20178
7192 -5098 -2580 -10361 -1331 -32768
4453 -3925 -2446 -12950 5721 -32768
1878 -3765 -2531 -12561 3996 -32768
628 -3934 -2830 -8428 -1922 -32768
-1347 -4260 -3132 -2120 -8770 -32768
-2887 -4373 -2875 1044 -13635 -32768
-3294 -4002 -2410 1282 -18570 -32768
-3098 -3631 -1559 -1696 -20226 -32768
-2902 -3498 -966 -9009 -20849 -32768
-2910 -3630 -733 -15634 -19566 -32768
-3025 -4058 -706 -17574 -18463 -32768
-2973 -4329 -709 -16078 -16655 -32768
-3015 -4843 -634 -11421 -13198 -32768
-3391 -5276 -281 -8214 -11189 -32768
-3736 -5413 277 -5583 -8833 -32768
-3936 -5318 899 -5213 -11051 -32768
-3703 -5211 1678 -6367 -14834 -32768
-3461 -5041 2039 -9737 -19126 -32768
-3103 -4931 2332 -13334 -19437 -32768
-3109 -5135 2391 -15091 -17581 -32768
-3913 -5709 2303 -15958 -15133 -32768
-5259 -6493 1963 -15615 -17509 -32768
-5714 -6266 1756 -15688 -22997 -32768
-5400 -5895 1867 -18255 -30581 -32768
-4580 -5312 2075 -21780 -32768 -32768
-4348 -5091 2080 -28540 -32768 -32768
-4630 -5146 1619 -32768 -32768 -32768
-5191 -5374 1008 -32768 -32768 -32768
-5583 -5698 548 -32768 -32768 -32768
-5963 -6256 -182 -32768 -29895 -32768
-6397 -6481 -632 -32768 -20771 -32768
-6933 -6211 -1069 -32768 -15012 -32768
-7142 -5660 -1150 -32768 -10058 -32768
-7513 -4305 -1046 -32068 -10907 -32768
-8070 -2840 -870 -32679 -13944 -32768
-8829 -2177 -697 -32768 -19306 -32768
-9787 -1124 -349 -32768 -21837 -27621
-10254 -431 218 -32768 -17046 -22109
-10516 -120 589 -32768 -4491 -12551
-11196 374 1506 -32768 4329 -1792
-12146 396 2497 -29768 6051 5942
-12322 159 3085 -23144 2994 20570
-12238 -548 3885 -17503 2375 32226
-12298 -1551 4319 -6978 7753 32767
-12928 -3408 5090 220 13785 32767
-13598 -5054 5424 9449 19757 32767
-14588 -8160 5367 14945 17724 32767
-14816 -10341 5108 22731 8010 32767
-14571 -13365 4796 27968 199 32767
-15108 -16693 4181 29324 -2374 32767
-15902 -19349 3479 29804 -5284 32767
-16733 -23366 1700 30813 -8522 32767
-16624 -25945 610 32767 -9771 32767
-16118 -30404 -1293 32767 -6824 32767
-15293 -32071 -2403 32767 -1466 32767
-12908 -32103 -2640 32767 5216 32767
-9197 -30119 -1774 32767 8340 32767
-6000 -28417 -1380 17942 8938 32767
-95 -25508 -794 -1584 5740 32767
4587 -21881 -786 -11637 -2273 32767
6054 -20635 -1200 -19757 -17628 32767
6627 -18110 -2391 -19379 -24519 32767
7000 -15793 -3268 -12155 -20715 32767
9285 -12673 -3094 -6823 -12832 21543
9642 -9941 -2335 -4646 -3604 -8378
7883 -6858 -1471 -8051 -3099 -28667
5416 -5195 -1653 -10580 -5635 -32768
3797 -4554 -2159 -11215 -6594 -32768
1588 -4418 -2812 -9102 -4797 -32768
207 -4439 -2842 -4653 -4808 -32768
-2116 -4541 -2749 -2146 -7848 -32768
-3110 -4353 -2628 -208 -14170 -32768
-3577 -3958 -2177 -1313 -18152 -32768
-3731 -3704 -1572 -3528 -18094 -32768
-3631 -3500 -1138 -8067 -17356 -32768
-3401 -3449 -638 -11027 -17905 -32768
-3392 -3464 -454 -13862 -20692 -32768
-3471 -3726 -344 -14385 -22401 -32768
-3694 -4208 -285 -13547 -23167 -32768
-4052 -4915 -346 -10944 -22407 -32768
-4110 -5209 237 -9516 -19945 -32768
-3970 -5229 767 -9130 -13228 -32768
-3743 -5204 1292 -9693 -9415 -32768
-3409 -5301 2076 -11840 -8162 -32768
-3490 -5519 2575 -14109 -11190 -32768
-3854 -5932 2663 -17918 -20312 -32768
-4270 -6487 2331 -19899 -28007 -32768
-4472 -6702 2128 -21461 -32768 -32768
-5025 -7027 2097 -22265 -32768 -32768
-5030 -7043 2033 -23662 -32768 -32768
-4584 -6704 2105 -24970 -32768 -32768
-4153 -6522 2105 -27418 -26154 -32768
-3654 -6320 1854 -29049 -23136 -32768
-3689 -6317 1626 -31475 -25417 -32768
-4253 -6427 1305 -32768 -31292 -32768
-5200 -6771 1051 -32768 -32768 -32768
-6678 -7069 594 -32768 -32768 -32768
-7028 -6849 269 -32768 -32768 -32768
-7082 -6629 -50 -32768 -32407 -32768
-6887 -6091 -399 -32768 -20350 -32768
-7130 -5186 -572 -32768 -18704 -32768
-7803 -4369 -276 -32768 -23549 -29715
-9191 -2812 489 -32296 -28127 -19439
-10316 -1449 1255 -31806 -26487 -15274
-10607 -878 1802 -30497 -16101 -8835
-11159 -617 2475 -28432 -7014 -2627
-11741 -802 2896 -23305 6328 9478
-12352 -1485 3620 -16846 14403 25590
-13011 -2940 4151 -11934 16927 32767
-13306 -4199 4293 -2831 16210 32767
-13550 -6372 4729 6441 14155 32767
-13293 -8560 5615 10562 14502 32767
-13212 -10477 5641 14416 14695 32767
-13609 -13978 5024 16934 11383 32767
-14249 -17787 4063 22366 3178 32767
-14518 -20439 3364 30111 -800 32767
-14245 -23864 2689 32767 -37 32767
-13928 -25780 2427 32767 2929 32767
-14199 -29098 1285 32767 1704 32767
-14677 -32563 -332 32767 -3732 32767
-14205 -32768 -1065 32767 -13329 32767
-12089 -32768 -1910 32767 -16285 32767
-9757 -31298 -1428 32767 -6216 32767
-4691 -28616 -1220 19433 13326 32767
-1037 -26806 -1067 7449 19605 32767
2834 -23197 -1385 -6814 2909 32767
4427 -19969 -1306 -11569 -17476 32767
4915 -18700 -2598 -9418 -32768 32767
6551 -15491 -3770 -3902 -32768 32767
8387 -12915 -3863 1279 -22581 32767
9542 -9453 -3630 2471 -15050 17028
8764 -7336 -2906 -2721 -8698 -3693
6350 -5497 -2345 -12971 -6227 -23085
4375 -4686 -2485 -19056 -1448 -32768
2837 -4522 -2685 -23367 7723 -32768
401 -4552 -3270 -19308 5946 -32768
-1225 -4314 -3508 -13014 -1333 -32768
-1965 -3968 -3206 -3711 -10088 -32768
-2562 -3511 -2480 422 -10717 -32768
-2780 -3299 -2034 3145 -8343 -32768
-2902 -3199 -1536 2775 -9140 -32768
-2967 -3262 -1198 1168 -11835 -32768
-3246 -3456 -971 -2008 -18108 -32768
-3418 -3780 -679 -4235 -21086 -32768
-3499 -3968 -460 -7019 -22426 -32768
-3482 -4162 37 -8735 -21537 -32768
-3427 -4382 682 -9836 -19999 -32768
-3310 -4392 1104 -12011 -15774 -32768
-3066 -4588 1651 -13831 -13197 -32768
-3008 -4825 1960 -17415 -11756 -32768
-3567 -5303 2112 -19784 -12907 -32768
-3995 -5787 1839 -21214 -18748 -32768
-4253 -6170 1710 -21016 -24781 -32768
-4766 -6307 1972 -21094 -31608 -32768
-5113 -6335 2145 -21660 -32768 -32768
-4762 -6068 2302 -23545 -32768 -32768
-3634 -5535 2582 -25585 -32768 -32768
-2853 -5306 2517 -28630 -30885 -32768
-2330 -5324 2120 -30426 -29358 -32768
-3145 -6026 1640 -31062 -29915 -32768
-4083 -6424 1359 -31887 -32768 -32768
-5477 -6835 883 -32768 -32768 -32768
-5861 -6829 677 -32768 -32768 -32768
-5797 -6769 276 -32768 -32768 -32768
-5339 -6585 49 -32768 -30368 -32768
-4523 -6347 -542 -32768 -19123 -32768
-5087 -6373 -1095 -32768 -8491 -32768
-6036 -5948 -1149 -28796 -10513 -32768
-7866 -5137 -847 -28180 -21697 -32768
-9220 -3914 -159 -29781 -28560 -32768
-9479 -3359 -25 -32381 -30097 -31621
-9537 -2482 533 -32768 -21194 -28019
-9508 -1882 946 -30448 925 -18535
-10206 -1863 1270 -24667 16920 -4255
-11435 -2141 1420 -19533 17695 6617
-12117 -2370 1961 -12211 9300 23071
-12692 -2877 3344 -7546 4398 32767
-12698 -4039 4575 -5704 7407 32767
-12478 -5352 4935 -3008 20428 32767
-12459 -7824 5106 -1216 28094 32767
-13092 -9901 5187 172 30413 32767
-13781 -13145 5117 625 23524 32767
-13823 -15365 4773 3375 5573 32767
-13385 -18954 3810 11524 -10585 32767
-13235 -22935 2433 19442 -16579 32767
-13113 -25494 1819 31698 -17168 32767
-12953 -29254 687 32767 -11330 32767
-12727 -32768 -974 32767 -6627 32767
-11917 -32768 -2369 32767 1251 32767
-11060 -32768 -2404 32767 7478 32767
-10163 -32768 -1322 32767 14727 32767
-6776 -31509 -525 19407 16810 32767
-3054 -30449 -536 -1839 17558 32767
3088 -26472 -777 -12319 8503 32767
5219 -24163 -637 -18940 -20000 32767
7022 -20787 -1036 -17310 -32768 32767
7224 -19225 -2440 -5913 -32768 32767
9363 -15687 -3910 971 -32768 32767
11313 -13362 -4653 7261 -32768 10911
11533 -9094 -4079 6240 -29265 -9899
9611 -6928 -3457 -3150 -7660 -32626
5408 -4890 -2946 -11487 5104 -32768
1604 -4231 -2862 -21609 12995 -32768
-34 -4371 -3369 -23344 7639 -32768
-1069 -4748 -3711 -19767 442 -32768
-2189 -4622 -3549 -12273 -7300 -32768
-4078 -4209 -3106 -5781 -6817 -32768
-4299 -3831 -2528 -3036 -5775 -32768
-3789 -3474 -2026 -1670 -7177 -32768
-3090 -3308 -1241 -2392 -9416 -32768
-2961 -3293 -739 -4514 -13854 -32768
-3139 -3416 -13 -6024 -16168 -32768
-3468 -3651 339 -7579 -18037 -32768
-3652 -4164 574 -8139 -20380 -32768
-3650 -4743 661 -8574 -22146 -32768
-3692 -4993 919 -10798 -23660 -32768
-3492 -5186 1515 -13871 -23974 -32768
-3234 -5218 1904 -19885 -21390 -32768
-3336 -5325 2227 -23427 -17832 -32768
-3449 -5470 2352 -26910 -15845 -32768
-3562 -5627 2440 -28614 -19694 -32768
-3771 -5784 2307 -28862 -24146 -32768
-3823 -5854 2300 -29184 -31777 -32768
-4374 -6250 2228 -30063 -32768 -32768
-4542 -6382 1915 -31387 -32768 -32768
-4202 -6256 1508 -31792 -32768 -32768
-3490 -6196 1101 -31091 -32768 -32768
-3199 -6374 842 -28776 -26212 -32768
-3834 -6801 733 -27390 -20510 -32768
-5365 -7247 595 -28382 -18038 -32768
-6249 -7410 406 -30468 -18926 -32768
-6173 -7198 90 -32768 -22370 -32768
-5823 -6915 -605 -32768 -24791 -32768
-5856 -6589 -899 -32768 -27447 -32768
-6795 -5796 -675 -32768 -27749 -32768
-7565 -4935 -157 -32768 -26756 -32768
-8778 -3572 439 -32768 -25103 -32768
-9595 -2747 849 -32768 -20788 -32768
-9840 -2082 1425 -32768 -12426 -30798
-10267 -1430 2092 -32768 -5275 -23075
-10629 -1159 2305 -31926 1782 -7273
-11311 -1432 2394 -17395 6460 10485
-11507 -1964 2709 -7401 10018 22401
-12151 -3049 3640 3929 17942 32767
-12963 -4703 4675 8037 24235 32767
-13244 -5970 5314 9017 32767 32767
-13601 -8518 5692 7347 32767 32767
-13732 -10581 5517 4731 29650 32767
-13325 -13865 4710 4789 21509 32767
-12940 -16050 4009 8695 6154 32767
-12950 -19058 3745 14209 -8567 32767
-13618 -23016 2368 22935 -19294 32767
-13540 -25712 1319 30859 -21488 32767
-12745 -29556 -358 32767 -13163 32767
-12803 -32768 -1659 32767 -1518 32767
-12330 -32768 -2559 32767 11006 32767
-11521 -32768 -1987 32767 13033 32767
-8771 -32768 -335 21394 12901 32767
-5925 -31956 -613 3205 22768 32767
-1082 -29894 -744 -7742 31338 32767
940 -27425 -220 -22765 24739 32767
4058 -23751 996 -31700 -9397 32767
6212 -20694 -722 -27501 -32740 32767
8089 -18018 -1430 -12190 -32768 32767
10870 -13867 -2337 -1261 -32768 32767
12100 -9984 -2557 1063 -32768 14375
11353 -7683 -2774 -1664 -32768 -20662
9083 -5208 -2877 -5779 -25052 -32768
5414 -4147 -2330 -12574 -4337 -32768
2935 -4069 -2129 -16441 9604 -32768
173 -4539 -2854 -14362 8477 -32768
-1128 -4886 -3477 -4226 -4563 -32768
-2892 -4856 -3531 3692 -11437 -32768
-3908 -4672 -3088 11756 -13588 -32768
-4411 -4268 -2427 13354 -13819 -32768
-3702 -3914 -1825 11421 -15249 -32768
-3252 -3712 -1474 5183 -19445 -32768
-3053 -3556 -1007 -511 -23539 -32768
-3080 -3643 -620 -10643 -28270 -32768
-3534 -4071 -151 -17695 -29157 -32768
-3923 -4460 5 -26452 -29414 -32768
-3858 -5027 -81 -29566 -28802 -32768
-3464 -5262 -232 -28532 -21820 -32768
-2678 -5695 -165 -22376 -11429 -32768
-2673 -5984 561 -17977 -6148 -32768
-3252 -5977 1322 -14799 -5330 -32768
-4029 -5727 2310 -15759 -10604 -32768
-4165 -5492 2681 -21022 -23741 -32768
-3687 -5402 2766 -25719 -32278 -32768
-3265 -5591 2655 -31772 -32768 -32768
-2962 -5978 2331 -32768 -30745 -32768
-3118 -6224 2173 -32274 -23625 -32768
-3610 -6324 2132 -28881 -17021 -32768
-4007 -6279 2408 -27606 -17148 -32768
-4219 -6070 2691 -28556 -23228 -32768
-4121 -6093 2348 -30431 -28845 -32768
-4178 -6255 1871 -32768 -32768 -32768
-4255 -6382 1026 -32768 -32057 -32768
-4480 -6657 624 -32559 -25118 -32768
-4847 -6804 271 -31398 -17196 -32768
-5574 -6784 -68 -30672 -14329 -32768
-6008 -6657 -484 -29498 -16263 -32768
-6463 -5868 -1272 -28645 -20969 -32768
-6748 -5316 -1729 -27365 -27992 -32768
-7293 -4201 -1595 -28037 -30641 -32768
-8277 -3007 -889 -29742 -27232 -32768
-8535 -2255 -541 -32228 -15878 -29295
-9376 -1581 -207 -32503 -6537 -22080
-10272 -1413 92 -30559 2353 -10628
-11335 -1057 871 -27225 1635 1523
-11986 -1160 1471 -24090 -494 10100
-12517 -1824 2290 -17232 -2064 24364
-12575 -3029 3538 -12011 1377 32767
-12753 -3955 4429 -5397 18154 32767
-13320 -6016 4947 -1856 29375 32767
-13796 -7645 5272 1392 32551 32767
-14635 -10816 5326 3359 17693 32767
-14706 -14743 4557 6555 2376 32767
-14497 -17350 3892 15316 -16978 32767
-14310 -21249 2590 23131 -22630 32767
-14160 -23520 1803 32767 -19534 32767
-13867 -26435 1163 32767 -12835 32767
-13800 -28846 314 32767 -2897 32767
-14407 -32768 -1744 32767 -3060 32767
-13672 -32768 -2731 32767 -4551 32767
-12287 -32768 -2897 32767 -5063 32767
-9209 -32768 -2448 21790 4536 32767
-4279 -31319 -2829 12279 15791 32767
-1133 -28913 -2245 -4607 20028 32767
2207 -25558 -1272 -15762 6589 32767
4379 -22609 -1079 -24387 -25349 32767
6559 -20109 -2364 -19078 -32768 32767
7651 -17336 -2774 -12873 -32768 32767
10064 -13857 -4153 -2426 -24135 32767
10531 -10324 -3403 963 -20425 16428
9686 -8003 -2835 -1868 -19921 -13147
7623 -5627 -2843 -7920 -14765 -32768
4818 -4262 -2954 -10960 -7829 -32768
2672 -3858 -2814 -13085 352 -32768
-174 -3729 -2801 -12441 212 -32768
-1140 -3600 -2828 -8110 -7199 -32768
-1972 -3588 -2622 -4124 -12329 -32768
-2944 -3525 -2302 867 -15227 -32768
-3506 -3373 -1785 3046 -15939 -32768
-3450 -3226 -1358 2741 -16544 -32768
-3292 -3239 -827 348 -19411 -32768
-3266 -3329 -549 -1915 -22018 -32768
-3310 -3650 -614 -4441 -24836 -32768
-3775 -4439 -753 -5258 -25831 -32768
-4034 -4881 -607 -6477 -24464 -32768
-4092 -4984 118 -8299 -20548 -32768
-3920 -4920 602 -12125 -14009 -32768
-3584 -4904 1153 -16069 -10422 -32768
-3323 -5020 1383 -17762 -9878 -32768
-3149 -5252 1602 -19370 -13291 -32768
-3249 -5474 1830 -20379 -20709 -32768
-3388 -5495 1979 -21159 -25873 -32768
-3409 -5517 2142 -23488 -31518 -32768
-3927 -5867 2217 -25973 -32664 -32768
-4298 -6103 1987 -29965 -32768 -32768
-4763 -6378 1379 -32069 -32768 -32768
-4896 -6702 1005 -32768 -32768 -32768
-4326 -6830 780 -32768 -31489 -32768
-4262 -6782 962 -32768 -31640 -32768
-4774 -6722 1120 -32768 -32768 -32768
-5487 -6658 880 -32768 -32768 -32768
-6593 -7285 -33 -32768 -32768 -32768
-7079 -7361 -625 -32768 -29199 -32768
-7441 -7110 -1168 -32768 -20872 -32768
-7542 -6508 -1028 -32768 -12970 -32768
-8007 -5106 -249 -32768 -14954 -32768
-8640 -4000 556 -32768 -24432 -32768
-9375 -2616 1373 -32768 -29645 -32768
-9949 -2187 1707 -32768 -27175 -22411
-10692 -2117 1940 -32768 -14741 -11253
-11047 -1997 2282 -32768 -4854 -3231
-11942 -2031 3183 -23114 9200 9638
-12828 -2038 4405 -15798 14730 19285
-13258 -2586 4740 -6181 16671 32767
-13801 -4250 5293 -847 15063 32767
-14175 -5661 5784 4746 11682 32767
-14493 -8511 6151 7292 9529 32767
-14452 -12216 5590 11815 5243 32767
-14572 -14933 4876 19473 -1323 32767
-14949 -19036 3533 26287 -8765 32767
-15032 -21513 2694 32767 -20159 32767
-14594 -24495 1662 32767 -22396 32767
-14357 -27752 493 32767 -16464 32767
-14686 -30901 -719 32767 138 32767
-14610 -32768 -2813 32767 7429 32767
-13615 -32768 -3197 32767 7761 32767
-10841 -32768 -2717 30930 6710 32767
-6946 -32768 -2669 19981 13481 32767
-3569 -31370 -2173 1587 22505 32767
1191 -27781 -1300 -10999 16376 32767
3877 -25650 -788 -23140 -15263 32767
6477 -21772 -1762 -22076 -32768 32767
7303 -19161 -2225 -12623 -32768 32767
9966 -15180 -3694 -6397 -32768 32767
11485 -11110 -3394 -1919 -27168 14735
11132 -8539 -2961 -5836 -14157 -14472
8695 -5688 -2653 -12285 -1992 -32768
5454 -4033 -2704 -15415 2508 -32768
3207 -3732 -3071 -15573 4176 -32768
719 -3722 -3944 -10693 4675 -32768
-517 -3680 -3895 -416 4561 -32768
-2809 -3623 -3253 5752 -988 -32768
-3741 -3285 -2617 6018 -10263 -32768
-3668 -3031 -1768 3318 -15855 -32768
-3861 -2853 -879 -4070 -23731 -32768
-3663 -3020 -722 -11487 -29641 -32768
-3187 -3322 -751 -13718 -28032 -32768
-3032 -3605 -708 -12576 -20116 -32768
-3099 -4040 -308 -9902 -14769 -32768
-3354 -4370 43 -5753 -11589 -32768
-3550 -4975 611 -4142 -13598 -32768
-3535 -5310 874 -4016 -18976 -32768
-3296 -5444 1096 -5246 -20421 -32768
-2944 -5634 1343 -6945 -16522 -32768
-3043 -5730 1650 -8063 -12954 -32768
-3206 -5832 1932 -9738 -11205 -32768
-3672 -6022 2448 -11377 -14078 -32768
-4298 -6202 2548 -15066 -24727 -32768
-5177 -6549 2426 -18484 -32768 -32768
-5214 -6448 2123 -24611 -32768 -32768
-4594 -6317 1913 -30875 -32768 -32768
-3828 -6176 1695 -32768 -32768 -32768
-3482 -6107 1524 -32768 -29419 -32768
-3566 -6028 1144 -32768 -21852 -32768
-4450 -6005 939 -32768 -22260 -32768
-5365 -6041 717 -32768 -26765 -32768
-5885 -6152 334 -32768 -29493 -32768
-5918 -6103 -15 -32768 -30858 -32768
-6186 -5874 -308 -32768 -27926 -32768
-6452 -5541 -593 -32768 -19904 -32768
-6810 -5290 -847 -32768 -17615 -32768
-8125 -4578 -713 -32768 -21578 -32768
-9098 -3319 -233 -32768 -25064 -32152
-9462 -2488 186 -32768 -27683 -25055
-10084 -1429 716 -32768 -22467 -17510
-10830 -1081 1373 -32768 -17385 -7808
-11957 -718 2533 -32768 -12444 -788
-12320 -977 3124 -24854 -1689 12806
-12926 -2091 3868 -13728 8249 31336
-13791 -3809 4715 -6069 12008 32767
-14265 -5319 4937 4466 10676 32767
-14757 -7716 5452 12957 7335 32767
-14687 -10735 5362 17059 6735 32767
-14520 -13169 4747 23025 4965 32767
-14472 -16730 3821 28775 997 32767
-15062 -20389 2788 32166 -4053 32767
-15382 -22707 2175 32767 -12876 32767
-14915 -26094 1101 32767 -14761 32767
-14512 -29069 252 32767 -5662 32767
-13610 -32768 -1757 32767 10968 32767
-12205 -32768 -2920 32767 16332 32767
-11451 -32768 -2875 31711 6016 32767
-8820 -31725 -2055 24017 -5575 32767
-5121 -30457 -1970 12646 -5423 32767
932 -26874 -1938 495 13930 32767
3007 -24886 -1390 -9162 18714 32767
4449 -21592 -651 -19733 -1013 32767
5870 -18913 -1384 -18956 -20903 32767
7519 -16418 -1598 -11540 -32768 32767
9999 -12701 -2734 -6039 -32768 32767
10587 -10602 -2874 -1673 -25749 12929
9362 -7240 -2401 -5578 -20325 -16066
7444 -5390 -2372 -10474 -16376 -31573
5706 -4684 -2617 -16189 -8788 -32768
2522 -4473 -2877 -16968 -4182 -32768
-306 -4502 -3290 -14096 -5507 -32768
-1386 -4387 -3405 -6551 -10998 -32768
-2266 -3918 -3100 -1616 -14069 -32768
-3088 -3754 -2618 2420 -15155 -32768
-3601 -3579 -1937 1771 -15269 -32768
-3702 -3491 -1216 -679 -16043 -32768
-3695 -3613 -907 -5496 -18231 -32768
-3760 -3934 -854 -7356 -18480 -32768
-3737 -4187 -739 -6471 -17165 -32768
-3671 -4502 -420 -3502 -16159 -32768
-3724 -4512 298 -2326 -16312 -32768
-3614 -4651 897 -3657 -16427 -32768
-3526 -4743 1601 -8627 -18271 -32768
-3534 -5091 1816 -12897 -20551 -32768
-3896 -5436 1603 -17374 -23696 -32768
-4080 -5670 1433 -18640 -25409 -32768
-4095 -5736 1606 -19848 -26629 -32768
-4000 -5740 2130 -21284 -28363 -32768
-3773 -5621 2456 -25266 -32768 -32768
-3316 -5537 2683 -28821 -32768 -32768
-3459 -5629 2640 -32768 -32768 -32768
-4231 -6034 2204 -32768 -32768 -32768
-4596 -6165 1628 -32768 -32768 -32768
-4655 -6180 1403 -32768 -27710 -32768
-4517 -6257 1192 -32768 -21232 -32768
-4619 -6096 940 -32768 -21680 -32768
-4759 -6020 972 -32768 -28808 -32768
-5557 -5761 994 -32768 -32768 -32768
-6214 -5650 731 -32768 -32768 -32768
-6697 -5553 137 -32768 -31400 -32768
-7021 -5307 -414 -32768 -21210 -32768
-7583 -4920 -496 -32768 -9996 -32768
-8656 -3938 -503 -32768 -11830 -32768
-9053 -2777 -422 -32768 -19307 -29488
-9338 -1907 36 -32768 -28444 -18029
-10018 -764 1099 -32768 -26949 -11287
-10289 -264 1888 -32521 -13557 -1742
-11012 -111 2845 -28503 6805 7636
-11690 -924 3263 -23803 17359 15045
-12307 -1978 3366 -13342 23535 28471
-13238 -3659 3885 -1307 19777 32767
-13463 -5244 4793 5373 16024 32767
-13342 -6448 5222 11718 11327 32767
-13257 -8867 5447 13751 8732 32767
-13562 -11254 5216 15914 4017 32767
-13615 -14790 4725 17625 -1239 32767
-13679 -17185 4188 21852 -7745 32767
-13702 -20739 2525 30326 -8389 32767
-13830 -23816 1245 32767 -6630 32767
-13952 -26316 1016 32767 -3220 32767
-13651 -30645 -81 32767 -195 32767
-12696 -32768 -1742 32767 1677 32767
-11473 -32768 -3090 32767 2813 32767
-9322 -32379 -2567 31814 3346 32767
-7415 -31138 -2676 17768 9119 32767
-1942 -28369 -1992 442 12333 32767
2518 -25681 -1280 -10818 5541 32767
4655 -23199 -1013 -20493 -20494 32767
6732 -20414 -1529 -18162 -32768 32767
7364 -18663 -1980 -13663 -32768 32767
9422 -14743 -3631 -6369 -32768 32767
11151 -11079 -3605 -4581 -31155 12541
10100 -7427 -2693 -8738 -17609 -15406
8215 -5599 -2309 -17316 -10163 -32768
5015 -4079 -2514 -23242 -5751 -32768
1426 -3952 -3471 -22848 -3811 -32768
-561 -4036 -4145 -14485 -5077 -32768
-2313 -3979 -3966 -7544 -7309 -32768
-3267 -3750 -3418 -1293 -10524 -32768
-4560 -3488 -2485 -842 -12521 -32768
-4809 -3311 -2026 -4083 -15196 -32768
-4454 -3264 -1510 -8741 -16706 -32768
-4180 -3396 -1210 -10887 -16652 -32768
-3966 -3628 -1204 -10088 -14402 -32768
-3462 -4046 -1069 -6996 -10364 -32768
-3376 -4614 -853 -588 -5508 -32768
-3679 -5042 -498 3589 -9188 -32768
-3910 -5081 580 2694 -14039 -32768
-3746 -4918 1257 -3764 -19306 -32768
-3268 -4794 1885 -12824 -22352 -32768
-2967 -4999 1815 -17416 -23157 -32768
-2837 -5240 1826 -21031 -22037 -32768
-3169 -5666 1717 -21769 -20785 -32768
-3532 -5863 1791 -22012 -22303 -32768
-4225 -6097 2085 -24296 -30167 -32768
-4372 -5933 2109 -27351 -32768 -32768
-4013 -5765 2033 -32768 -32768 -32768
-3463 -5667 1859 -32768 -32768 -32768
-3629 -5739 1577 -32768 -32768 -32768
-4184 -5848 1332 -32768 -32768 -32768
-5170 -6245 500 -32768 -30322 -32768
-5804 -6473 -354 -32768 -27698 -32768
-6126 -6692 -917 -32768 -22312 -32768
-6571 -6564 -1213 -32768 -15846 -32768
-7015 -6225 -990 -32768 -14300 -32768
-7575 -5696 -639 -32768 -19582 -32768
-8429 -4619 -343 -32768 -28726 -32768
-9329 -3687 -208 -32768 -32605 -28525
-9901 -3070 17 -32768 -26674 -20433
-10276 -1953 794 -32768 -16705 -15872
-10443 -1185 1481 -32768 -520 -7782
-11143 -495 2615 -32768 8482 2935
-11621 -414 3352 -26186 9301 12068
-12236 -1183 4073 -13483 8953 28111
-12527 -2128 4269 -5109 9059 32767
-13053 -3683 4767 5370 9721 32767
-14183 -6028 5356 9841 10806 32767
-14403 -7754 5535 13273 11062 32767
-14478 -11044 4986 14852 8834 32767
-14433 -13591 4183 18464 -1403 32767
-14843 -17371 2913 24806 -16333 32767
-15440 -21251 1426 30457 -23283 32767
-15025 -23313 655 32767 -23705 32767
-14269 -26268 -631 32767 -11298 32767
-14369 -30561 -2855 32767 -1574 32767
-14049 -32432 -4213 32767 4035 32767
-12275 -32768 -4236 31163 560 32767
-9499 -31616 -3729 22371 -1932 32767
-7089 -31126 -3683 9675 6206 32767
-2182 -29379 -3255 1881 17564 32767
224 -27225 -2042 -12594 20000 32767
2750 -24008 -216 -22215 4658 32767
4739 -21886 -321 -25599 -26080 32767
7477 -19019 -1182 -15369 -32768 32767
9610 -16439 -1475 -7409 -32768 32767
11479 -13293 -2175 881 -32768 23918
11345 -9676 -2411 1791 -32768 -3467
10920 -7801 -2845 -1018 -29802 -32768
8491 -5857 -2858 -4029 -12839 -32768
5395 -5239 -2437 -10115 7814 -32768
11 -5243 -2351 -13813 9329 -32768
-2246 -5502 -3075 -13706 -2967 -32768
-3484 -5579 -3655 -9686 -12171 -32768
-4625 -5314 -3256 -3543 -17701 -32768
-5520 -4645 -2124 -2876 -18956 -32768
-5282 -3920 -1079 -5381 -20306 -32768
-4787 -3706 -628 -10823 -23537 -32768
-4217 -3752 -348 -13698 -25071 -32768
-3989 -4119 -381 -13790 -24988 -32768
-3791 -4828 -140 -11205 -22767 -32768
-3814 -5240 216 -5522 -17094 -32768
-3751 -5838 700 -1437 -13336 -32768
-3628 -6044 1070 3524 -10708 -32768
-3756 -6187 1680 4909 -13088 -32768
-3871 -6248 2094 3119 -18180 -32768
-4023 -6207 2668 -3692 -28397 -32768
-4170 -6038 2912 -9993 -32768 -32768
-4381 -6227 2788 -19184 -32768 -32768
-4534 -6607 2427 -25470 -32768 -32768
-4902 -6844 1963 -27308 -32591 -32768
-5379 -7073 1702 -27810 -32343 -32768
-5665 -6946 1450 -27875 -32768 -32768
-5515 -6738 1321 -29334 -32768 -32768
-5609 -6491 882 -30811 -32768 -32768
-5608 -6107 767 -32768 -32768 -32768
-6000 -6049 597 -32768 -32768 -32768
-6755 -6163 -118 -32768 -31127 -32768
-6973 -5943 -854 -32768 -25982 -32768
-7113 -5767 -1222 -32768 -26035 -32768
-7322 -4872 -1120 -32768 -26921 -32768
-8254 -3566 -692 -32768 -28549 -29332
-8963 -2523 -299 -32768 -30279 -23495
-9729 -1329 189 -32768 -25861 -17560
-10424 -677 783 -32768 -17809 -12765
-11054 -445 1298 -32768 -508 -4395
-12195 -629 2203 -32374 12214 6804
-13316 -1367 3229 -23513 14868 16657
-14091 -2425 3933 -11410 11986 32767
-15166 -4423 5023 -2203 7540 32767
-15431 -6875 5521 2538 8420 32767
-15226 -8757 5311 8988 8477 32767
-15483 -11976 4955 12842 4664 32767
-15703 -14557 4674 17939 -5235 32767
-15735 -18981 3595 24966 -16805 32767
-15466 -22893 2118 31313 -23141 32767
-15395 -25013 1417 32767 -25637 32767
-15408 -29240 147 32767 -19442 32767
-15397 -32768 -1300 32767 -3526 32767
-14501 -32768 -4006 32767 7217 32767
-12394 -32768 -4315 32767 7604 32767
-11393 -32768 -3346 21509 2905 32767
-7608 -32768 -4119 5577 2766 32767
-1833 -30525 -3778 -3844 5962 32767
1294 -28531 -3012 -18206 -895 32767
4467 -24804 -1918 -27819 -23273 32767
6333 -22647 -2407 -27837 -32768 32767
7963 -19745 -3352 -18675 -32768 32767
11003 -16007 -4706 -5801 -32723 32767
12053 -11083 -3383 -4600 -30528 9558
12004 -8368 -3182 -11200 -26790 -23541
9768 -5849 -3750 -15579 -18495 -32768
7229 -4948 -3675 -18639 -1667 -32768
2720 -4771 -3543 -18207 3673 -32768
-113 -5100 -3615 -12711 -526 -32768
-2515 -5141 -3191 -5593 -7305 -32768
-4406 -5258 -2474 -2260 -8347 -32768
-5808 -5357 -2290 995 -9607 -32768
-6513 -5064 -1910 2414 -12254 -32768
-6216 -4630 -1253 2075 -14996 -32768
-5697 -4435 -798 -18 -21539 -32768
-5021 -4402 -543 -2096 -25418 -32768
-4239 -4657 -543 -2643 -24370 -32768
-4012 -4765 -50 -4452 -18352 -32768
-3685 -4979 936 -7021 -15253 -32768
-3348 -5112 1587 -12380 -14596 -32768
-3073 -5584 1975 -15220 -16130 -32768
-2858 -5877 2164 -17034 -20643 -32768
-3160 -6255 2607 -17828 -24305 -32768
-3841 -6608 2724 -19876 -31896 -32768
-4326 -6550 2845 -24102 -32768 -32768
-4339 -6348 2972 -28225 -32768 -32768
-4201 -6358 3011 -32768 -32768 -32768
-3917 -6179 2881 -32768 -32768 -32768
-3865 -6192 2534 -32768 -32768 -32768
-3831 -6127 1969 -32768 -32768 -32768
-3905 -6064 1694 -32768 -31690 -32768
-4427 -6125 1425 -32768 -26610 -32768
-5173 -6275 1167 -32768 -25390 -32768
-5797 -6385 748 -32768 -23765 -32768
-6189 -6459 -84 -32768 -21958 -32768
-7009 -6467 -564 -32768 -20851 -32768
-7609 -6024 -560 -32768 -16540 -32768
-7989 -5093 -373 -32768 -14350 -32768
-9159 -3622 72 -32768 -15965 -32768
-9820 -2655 352 -32768 -22177 -26386
-10635 -1615 896 -32768 -29226 -17129
-11295 -1372 1683 -32768 -30236 -10342
-11488 -1469 2369 -32768 -19752 968
-11804 -1892 3645 -27445 -1811 9144
-12079 -2571 4059 -15125 27595 23933
-13083 -3777 4427 -2127 32767 32767
-14480 -5394 5384 3733 31971 32767
-14849 -6945 5984 7787 13989 32767
-14404 -9845 6851 9384 3457 32767
-13456 -13534 6663 10718 1724 32767
-13148 -16173 5894 15874 467 32767
-13413 -20243 4296 21795 -2355 32767
-13707 -22521 3227 32767 -10788 32767
-13681 -26125 1907 32767 -16146 32767
-11318 -32768 -2492 32767 -4215 32767
-10364 -32768 -3361 32767 3419 32767
-9112 -32768 -2937 32767 7037 32767
-7341 -31739 -2137 20265 14637 32767
-2896 -30401 -3400 3450 20884 32767
954 -27969 -2598 -5936 18006 32767
3218 -25740 -1473 -18153 -8936 32767
5610 -21866 -1756 -19645 -31890 32767
7178 -19848 -2536 -11080 -32768 32767
10053 -16112 -3625 -4256 -32768 32767
11768 -13719 -3613 2639 -31858 29182
12634 -9386 -2513 1665 -25449 5288
11970 -7318 -2242 -3856 -17384 -21602
8502 -5524 -2366 -7914 -9336 -32768
4667 -5093 -2742 -8980 -4605 -32768
2265 -5191 -3408 -6579 -2047 -32768
-511 -5479 -4256 232 -5994 -32768
-2023 -5545 -4117 3037 -11529 -32768
-4469 -5381 -3237 1211 -18578 -32768
-5456 -5264 -2601 -2494 -20846 -32768
-5108 -4992 -1724 -8435 -21113 -32768
-4541 -4751 -834 -12285 -20788 -32768
-4404 -4866 -537 -16627 -19624 -32768
-4233 -5294 -657 -16480 -17262 -32768
-3930 -5610 -562 -11337 -9857 -32768
-3746 -6131 147 -4500 -4252 -32768
-3926 -6423 1008 -645 -4821 -32768
-3902 -6559 1572 2577 -12180 -32768
-3578 -6577 2476 1853 -18551 -32768
-3368 -6401 2974 -3663 -26379 -32768
-3360 -6393 3546 -13427 -32768 -32768
-3859 -6600 3634 -20767 -32768 -32768
-4103 -6780 3306 -29482 -32768 -32768
-4805 -7188 2906 -32768 -32768 -32768
-5447 -7483 2625 -32768 -32768 -32768
-5783 -7397 2340 -32768 -32768 -32768
-5315 -7175 1957 -31359 -32768 -32768
-4805 -6999 1719 -29025 -32768 -32768
-4595 -6682 1480 -28614 -32768 -32768
-5111 -6722 1406 -31238 -32768 -32768
-6415 -6825 869 -32768 -32768 -32768
-7239 -6821 -97 -32768 -30459 -32768
-7511 -6774 -564 -32768 -17390 -32768
-7969 -6007 -851 -32768 -14301 -32768
-8113 -4900 -615 -32768 -22952 -32768
-9405 -3500 249 -32768 -30571 -31357
-10137 -2585 740 -32768 -32768 -21735
-10669 -1702 1065 -32768 -28775 -13263
-10486 -1432 1011 -32768 -21006 -6346
-10406 -866 1587 -32768 -8212 5502
-11165 -575 2431 -25759 696 12536
-11789 -686 3192 -13084 13281 21953
-12799 -1742 4223 -6216 20923 28607
-13161 -2784 4657 1408 27127 32767
-13490 -4511 5160 5405 25401 32767
-13908 -7174 5079 6586 17876 32767
-14161 -9111 5057 7911 604 32767
-14075 -12620 4579 11266 -14068 32767
-13854 -16243 3461 15859 -17245 32767
-14102 -18819 2416 25623 -12573 32767
-14067 -21948 1345 32767 -5287 32767
-13921 -24993 687 32767 -3077 32767
-14166 -27721 -525 32767 -9558 32767
-14442 -32077 -2330 32767 -20201 32767
-13310 -32768 -3496 32767 -30794 32767
-10503 -32084 -3689 32767 -14809 32767
-7093 -30131 -3559 32767 7045 32767
-4063 -28653 -3271 16007 25300 32767
708 -26194 -2039 -4098 4240 32767
5478 -22298 -945 -13157 -25883 32767
6720 -20407 -2004 -12880 -32768 32767
8648 -16590 -3874 -4210 -32768 32767
12209 -13847 -5199 2427 -32768 32767
13090 -11153 -4446 4507 -19483 3571
11694 -7826 -2861 -3512 -12260 -27077
8621 -5881 -2597 -9503 -5525 -32768
5657 -5286 -2738 -13269 6546 -32768
850 -5653 -3456 -10756 9429 -32768
-1332 -5889 -4013 -623 3978 -32768
-3122 -5651 -3803 7768 -5374 -32768
-4247 -5411 -3268 8928 -11668 -32768
-5013 -4972 -2573 5455 -18077 -32768
-4824 -4592 -2046 1725 -17884 -32768
-4513 -4477 -1666 -3421 -14563 -32768
-4291 -4456 -1216 -6063 -13898 -32768
-4175 -4561 -945 -7905 -15392 -32768
-3857 -4769 -328 -7857 -17180 -32768
-3528 -5105 426 -7429 -18603 -32768
-3490 -5296 869 -6546 -19695 -32768
-3407 -5509 1186 -5430 -19652 -32768
-3271 -5567 1409 -3550 -18304 -32768
-3105 -5794 1874 -3044 -17350 -32768
-3174 -6038 2088 -4268 -20420 -32768
-3501 -6329 2427 -6760 -26381 -32768
-3798 -6382 2637 -13126 -32768 -32768
-4421 -6492 2729 -21613 -32768 -32768
-5368 -7159 2331 -26651 -32768 -32768
-5558 -7266 1951 -30975 -32768 -32768
-5440 -7254 1652 -31513 -30091 -32768
-5218 -7330 1457 -30937 -27187 -32768
-5244 -7188 1268 -30284 -30484 -32768
-5402 -6944 810 -30230 -32768 -32768
-5639 -6803 698 -31948 -32768 -32768
-6505 -6858 360 -32768 -32768 -32768
-6944 -6460 -17 -32768 -32768 -32768
-7183 -5806 -649 -32768 -21063 -32768
-7428 -4960 -871 -32768 -16440 -32768
-7548 -4239 -806 -32768 -21010 -32768
-8312 -3520 -643 -32768 -28847 -32768
-9074 -3010 -305 -32768 -32768 -23757
-9817 -2159 434 -32768 -31536 -14214
-10512 -1268 1386 -32768 -20694 -8863
-11076 -1082 1812 -32768 -3342 -1143
-11668 -1186 2417 -32768 6726 9619
-12089 -1525 3307 -22044 9869 25092
-12462 -2998 3530 -12869 9759 32767
-12964 -4073 4255 -899 7657 32767
-13786 -6117 5506 5405 6589 32767
-13872 -8973 6016 7709 5807 32767
-13854 -11369 5798 11492 4344 32767
-14242 -15616 4774 18443 1752 32767
-14472 -19289 3789 24497 -864 32767
-14753 -21609 3202 32767 -7218 32767
-15301 -24682 2205 32767 -12364 32767
-15439 -26974 1319 32767 -19052 32767
-15913 -32368 -120 32767 -17138 32767
-14891 -32768 -3139 32767 -8126 32767
-13230 -32768 -4247 32767 8406 32767
-11517 -32768 -3173 32767 18585 32767
-8111 -32768 -3163 15216 23540 32767
-4277 -32768 -3133 -4573 13565 32767
1691 -29961 -2257 -13070 -2327 32767
4377 -26941 -1218 -18989 -32768 32767
7641 -22445 -1275 -18057 -32768 32767
9993 -20138 -1982 -12781 -32768 32767
12980 -15989 -4019 -4785 -32768 32767
13663 -12909 -3682 -3418 -28059 5191
12609 -8938 -2891 -7582 -11410 -28717
8984 -6428 -2438 -10901 578 -32768
5155 -5813 -2433 -12200 9378 -32768
42 -5798 -3424 -4328 3680 -32768
-1946 -5808 -3798 2903 -2725 -32768
-4100 -5570 -3417 8683 -10622 -32768
-5475 -5004 -2740 8303 -15529 -32768
-5518 -4511 -2355 4545 -23081 -32768
-4449 -3870 -1729 938 -24711 -32768
-3937 -3599 -1315 -5145 -21561 -32768
-3773 -3945 -1135 -8258 -19337 -32768
-3813 -4522 -1388 -7400 -16571 -32768
-3915 -5141 -1247 -902 -14819 -32768
-3947 -5553 -417 3507 -14601 -32768
-3870 -5788 -17 7529 -16201 -32768
-3795 -5862 622 7662 -19792 -32768
-3760 -5612 1297 1694 -25684 -32768
-3302 -5370 2085 -5684 -28505 -32768
-3244 -5448 2422 -18813 -32768 -32768
-4233 -5969 2292 -26504 -32768 -32768
-5349 -6600 1914 -32642 -32768 -32768
-5994 -6913 1443 -32574 -32768 -32768
-5883 -7056 1512 -31478 -32768 -32768
-5383 -6813 1789 -31219 -32768 -32768
-4544 -6234 1890 -32333 -32768 -32768
-4118 -5851 2009 -32768 -32768 -32768
-4445 -5609 1837 -32768 -32768 -32768
-5322 -5910 1397 -32768 -32768 -32768
-6087 -6203 443 -32768 -22500 -32768
-6638 -6333 -294 -32768 -10965 -32768
-6841 -6155 -495 -32768 -9192 -32768
-6819 -5407 -592 -32045 -19206 -32768
-7510 -4450 -402 -32768 -28073 -32768
-7856 -3616 -234 -32768 -32768 -32768
-8689 -2373 226 -32768 -26714 -27444
-9867 -1600 585 -32768 -16233 -23465
-10831 -1186 845 -32768 -6411 -18061
-11867 -878 1175 -32768 -7601 -9757
-12130 -597 1870 -32768 -9489 -1174
-12138 -757 2471 -21261 -2425 15006
-12689 -1583 3780 -12585 7571 26514
-13544 -2539 4505 -2147 20828 32767
-14562 -4646 5118 4058 21414 32767
-15193 -6399 5357 6367 15539 32767
-15719 -10071 5012 9791 2464 32767
-15240 -14129 4367 13327 -5167 32767
-14974 -16782 3787 20665 -10362 32767
-15093 -20533 2666 28620 -14549 32767
4055 -27006 217 -29979 -13132 32767
5429 -24355 -419 -26484 -32768 32767
6593 -20316 -1805 -14552 -32768 32767
10425 -16042 -2965 -8668 -32768 32767
12455 -12561 -3157 -6502 -32768 19286
11775 -8227 -2934 -11610 -24988 -6749
8992 -5384 -3124 -16177 -19222 -24581
7191 -4231 -3201 -19921 -8343 -32768
5146 -3692 -3291 -18866 -2302 -32768
1542 -4098 -3089 -12570 -1631 -32768
-499 -4295 -2940 -6653 -6067 -32768
-2048 -4118 -2482 828 -12157 -32768
-3248 -4322 -2035 3708 -13831 -32768
-4465 -4346 -1469 5106 -15347 -32768
-4784 -4392 -1224 3630 -18031 -32768
-4527 -4757 -1265 2753 -18579 -32768
-4329 -5088 -1364 4232 -16245 -32768
-4062 -5420 -910 5958 -13776 -32768
-4191 -5802 -216 7706 -10948 -32768
-4392 -6232 349 7617 -13785 -32768
-4422 -6499 955 5709 -19847 -32768
-4239 -6379 1364 -539 -29986 -32768
-3806 -5961 2019 -7120 -32768 -32768
-3454 -5837 2132 -17655 -32768 -32768
-3507 -6042 2177 -25598 -32768 -32768
-4032 -6317 2310 -30899 -31528 -32768
-4771 -6599 2287 -32184 -32768 -32768
-4710 -6576 2504 -32768 -32768 -32768
-4473 -6508 2396 -32768 -32768 -32768
-4586 -6604 2165 -32768 -32768 -32768
-4759 -6651 1615 -32768 -32768 -32768
-5117 -6782 951 -32768 -32768 -32768
-5550 -6878 537 -32768 -23581 -32768
-6070 -6646 71 -32768 -16639 -32768
-6670 -6432 -222 -32768 -12843 -32768
-7446 -5912 -542 -32591 -14675 -32768
-7542 -5118 -707 -32093 -23247 -32768
-7826 -4576 -676 -32768 -29566 -32768
-8276 -3537 -353 -32768 -29326 -31441
-9577 -2291 704 -32768 -23091 -25202
-10735 -1752 1244 -32768 -9674 -19552
-11698 -1134 1680 -32768 -3887 -15529
-12037 -1119 1815 -32768 -1556 -4756
-12190 -1242 2003 -26872 -4919 11971
-12888 -1794 3225 -15898 -5685 23702
-13416 -2848 4011 -2726 1679 32767
-13475 -4953 4657 3702 11551 32767
-13881 -6652 4996 8831 25694 32767
-14703 -9637 5195 8448 26085 32767
-15035 -13065 4768 7542 16821 32767
-15014 -15652 4054 9615 -4256 32767
-14685 -19593 2586 14617 -18652 32767
-14378 -22009 1679 25683 -32768 32767
-14001 -25032 385 32767 -30672 32767
-13895 -29372 -933 32767 -11710 32767
-13553 -32768 -2808 32767 3793 32767
-11603 -32768 -5169 32767 15310 32767
-10372 -32768 -4128 32767 11940 32767
-7919 -31833 -2295 15548 4952 32767
-4803 -31311 -3273 -3082 12331 32767
417 -28967 -3359 -12294 18609 32767
2807 -25699 -1535 -25783 5134 32767
4725 -22871 -1413 -32352 -25213 32767
6883 -19600 -2011 -27325 -32768 32767
9777 -15705 -3335 -16527 -30631 32767
11413 -13226 -2951 -10989 -22794 22919
11735 -8971 -1371 -10155 -18316 -6999
10029 -6126 -956 -12020 -14141 -30662
7379 -4832 -1449 -10809 -8416 -32768
4863 -4495 -2043 -3548 -2676 -32768
862 -4533 -3087 4742 -3193 -32768
-1155 -4418 -3452 17012 -9929 -32768
-3134 -4080 -3138 21045 -14843 -32768
-4158 -4029 -2765 19502 -19609 -32768
-4951 -3888 -2432 12961 -21936 -32768
-4552 -3573 -1859 7116 -22454 -32768
-4196 -3451 -1443 -2312 -21516 -32768
-3962 -3721 -1149 -6888 -20035 -32768
-3778 -4048 -964 -8794 -18453 -32768
-3669 -4702 -516 -7600 -18789 -32768
-3727 -5120 -99 -4905 -21979 -32768
-3598 -5478 854 -4625 -24598 -32768
-3282 -5731 1255 -7268 -26594 -32768
-3019 -6080 1604 -11570 -25130 -32768
-3170 -6498 1728 -13850 -23781 -32768
-3366 -6797 1925 -16450 -23673 -32768
-4019 -7036 2115 -17846 -25753 -32768
-4634 -7073 2194 -20346 -32768 -32768
-4968 -6942 2196 -22867 -32768 -32768
-4705 -6847 2096 -27328 -32768 -32768
-4524 -7078 1746 -31107 -32768 -32768
-4425 -7028 1421 -32768 -32768 -32768
-4665 -7066 1216 -32768 -32768 -32768
-4941 -6969 818 -32768 -30387 -32768
-5214 -6888 688 -32768 -28369 -32768
-6424 -7161 306 -32768 -29503 -32768
-7294 -6822 -82 -32768 -31503 -32768
-7934 -6740 -350 -32768 -31473 -32768
-7804 -6256 -619 -32768 -28033 -32768
-7863 -5338 -358 -32768 -26467 -32768
-8566 -4492 30 -32768 -23896 -32768
-10088 -3119 1179 -32768 -22593 -26002
-11181 -2192 1955 -32768 -23540 -18804
-11937 -1249 3033 -32768 -23972 -14056
-11798 -1440 3147 -32768 -17604 -2839
-11661 -1865 3234 -24987 -1849 13979
-12522 -2540 3812 -7137 14346 31567
-13649 -3466 4777 1795 18726 32767
-14194 -4483 5391 7856 17201 32767
-14279 -6940 5463 9534 10375 32767
-13918 -10139 5016 10510 6025 32767
-13956 -12890 4324 13443 822 32767
-14235 -16971 3061 19136 -5343 32767
-14209 -20528 1801 24336 -9495 32767
-14056 -22530 1124 31820 -14795 32767
-13940 -25643 445 32767 -15307 32767
-13743 -28782 -699 32767 -6535 32767
-13063 -32768 -3414 32767 5542 32767
-11979 -32768 -4100 32767 8855 32767
-11004 -32768 -3440 28459 6180 32767
-7341 -31822 -2346 12548 9724 32767
-2281 -30378 -2544 3404 17102 32767
764 -28322 -1622 -11383 20686 32767
3912 -24924 294 -24821 -5276 32767
5494 -21124 -373 -25748 -26457 32767
-1954 -4824 -2748 10098 -13991 -32768
-4035 -5105 -2527 10355 -15079 -32768
-5282 -5318 -2366 7851 -16308 -32768
-5221 -5199 -2063 3522 -15958 -32768
-4737 -4851 -1420 246 -17022 -32768
-4518 -4742 -1049 -4552 -22225 -32768
-4256 -4888 -537 -7722 -25446 -32768
-4135 -5141 -328 -8244 -24993 -32768
-4112 -5588 19 -6375 -22070 -32768
-4012 -5940 490 -4132 -20904 -32768
-3828 -5991 935 -1988 -21547 -32768
-3527 -6020 1731 -2546 -22307 -32768
-3407 -5995 2166 -5942 -22054 -32768
-3258 -6251 2502 -8896 -21728 -32768
-3264 -6521 2661 -13238 -23581 -32768
-3883 -6877 2735 -15741 -27287 -32768
-4448 -7053 2657 -18923 -32768 -32768
-5414 -7168 2615 -21301 -32768 -32768
-5662 -7154 2468 -25065 -32768 -32768
-5334 -6959 2176 -28023 -32768 -32768
-5102 -6812 1584 -28592 -32768 -32768
-4820 -6667 1046 -26676 -25650 -32768
-5118 -6523 500 -24760 -25803 -32768
-5880 -6495 312 -23794 -32768 -32768
-6722 -6201 -199 -24697 -32768 -32768
-7245 -6006 -707 -27212 -32768 -32768
-7163 -5574 -1164 -30261 -32768 -32768
-7274 -4368 -964 -32768 -32768 -32768
-7812 -3589 -849 -32768 -23521 -32768
-8981 -2836 -310 -32768 -24808 -27657
-10620 -1906 524 -32768 -26576 -24872
-11313 -1608 832 -32768 -25943 -18821
-12012 -1558 1516 -32768 -17706 -7554
-12295 -1826 2524 -30545 3339 9287
-13364 -2725 3371 -18844 18800 22402
-15348 -4688 4059 -2369 28818 32767
-16427 -6158 4828 7050 22366 32767
-16517 -8826 5661 8924 14173 32767
-16157 -10849 6021 7475 4548 32767
-15712 -15011 5724 5470 -2739 32767
-15652 -19757 4317 6980 -7080 32767
-15443 -22615 3061 16142 -14336 32767
-15680 -26053 1547 30464 -18721 32767
-16332 -30387 688 32767 -19862 32767
-16102 -32768 -769 32767 -13138 32767
-13333 -32768 -3963 32767 6285 32767
-11386 -32768 -4595 32767 15699 32767
-10726 -32768 -2322 23466 20563 32767
-6662 -32768 -2594 -2530 21201 32767
110 -31006 -2276 -13566 20650 32767
2998 -28662 -1146 -24997 -51 32767
5137 -24726 -351 -27297 -25335 32767
6029 -21957 -559 -21202 -32768 32767
9785 -18351 -2376 -13866 -32768 32767
12242 -15954 -2945 -1925 -32135 32767
13320 -10830 -1898 5 -26276 9603
12211 -8553 -1843 -4229 -21655 -20434
9117 -6262 -2616 -8337 -12238 -32768
4730 -5412 -3291 -8720 -4379 -32768
1226 -5530 -3712 -3424 -954 -32768
-2137 -5540 -3667 3860 -11037 -32768
-3914 -5130 -3055 6362 -19413 -32768
-4569 -4735 -2539 5601 -26451 -32768
-4683 -4061 -1689 2695 -27607 -32768
-4499 -3769 -1137 -4090 -25252 -32768
-4498 -3944 -909 -9560 -19698 -32768
-4595 -4717 -1243 -9236 -17141 -32768
-4566 -5056 -1103 -4181 -16699 -32768
-4410 -5254 -311 -643 -18248 -32768
-4103 -5434 249 2151 -21838 -32768
-3926 -5677 1094 1695 -23997 -32768
-3864 -5669 1726 -3156 -25439 -32768
-3547 -5775 2422 -11500 -26218 -32768
-3330 -5931 2486 -19003 -25741 -32768
-3840 -6542 2235 -22200 -25408 -32768
-5000 -7260 1839 -22328 -26310 -32768
-6199 -7438 1530 -20209 -27980 -32768
-5962 -7130 1656 -17915 -32484 -32768
-5079 -6429 2072 -18676 -32768 -32768
-4483 -6110 2183 -22994 -32768 -32768
-4074 -5594 2110 -29492 -32768 -32768
-4082 -5534 1825 -32768 -32768 -32768
-4975 -5901 1383 -32768 -32768 -32768
-5629 -6214 1044 -32768 -32768 -32768
-6428 -6468 314 -32768 -23402 -32768
-6924 -6543 -94 -32768 -14382 -32768
-7364 -6149 -482 -32768 -18949 -32768
-7725 -5361 -741 -32768 -26274 -32768
-7585 -4706 -864 -32768 -32768 -32768
-7571 -3599 -809 -32734 -32447 -32768
-8292 -2723 -277 -32768 -22305 -22108
-9902 -1455 608 -32768 -10035 -16254
-11441 -1100 1101 -32768 -5427 -12995
-11925 -1177 1244 -32768 -5105 -4134
-12401 -1409 1735 -32768 -6727 5401
-12536 -1716 2311 -26238 -5938 23853
-13089 -2537 3246 -16915 2092 32767
-13730 -4184 3830 -10161 8606 32767
-14120 -5641 4269 -1866 14816 32767
-14558 -8465 4548 3773 15431 32767
-14509 -11959 4194 6815 13113 32767
-14383 -14553 3745 11691 6117 32767
-14836 -18351 2823 15645 -1245 32767
-15069 -20849 2085 22558 -15011 32767
-14771 -24058 1176 28369 -22451 32767
-14350 -28153 -252 30353 -19996 32767
-14326 -31576 -1959 32429 -13045 32767
-13208 -32768 -3666 32767 -2596 32767
-10633 -32768 -4286 31994 4803 32767
-9141 -31571 -3602 23082 14372 32767
-5484 -29996 -2746 13097 19345 32767
-1911 -28272 -1951 -4179 15610 32767
2340 -25581 -436 -15800 4798 32767
4420 -23497 -286 -26119 -21683 32767
6294 -20854 -1615 -22709 -32768 32767
8272 -16919 -2660 -16448 -32768 32767
10558 -14748 -3083 -8123 -28557 32767
12166 -10581 -2237 -8328 -21443 1566
11169 -7460 -1884 -11978 -17225 -17291
9203 -6065 -2125 -16860 -9530 -32768
4957 -5255 -2771 -16631 -3007 -32768
2204 -5089 -3350 -11696 -1965 -32768
-644 -4868 -3607 -1288 -5054 -32768
-2456 -4505 -2829 3324 -7974 -32768
-3663 -4279 -2396 5526 -12230 -32768
-4856 -4050 -2114 5376 -15068 -32768
-4984 -3994 -1894 4273 -17221 -32768
-4765 -3878 -1543 3375 -16610 -32768
-4449 -3895 -1314 2465 -14820 -32768
-4267 -4043 -961 3007 -15554 -32768
-4099 -4245 -314 3794 -16949 -32768
-3988 -4438 216 4359 -19556 -32768
-3787 -4830 866 3967 -21982 -32768
-3545 -5082 1115 2453 -25302 -32768
-3316 -5372 1418 613 -25865 -32768
-3446 -5798 1850 -3093 -24587 -32768
-3603 -6009 1936 -5277 -23541 -32768
-3796 -6086 2056 -6926 -22979 -32768
-3794 -6057 2156 -9208 -26465 -32768
-3852 -5948 2410 -13095 -32768 -32768
-4332 -6055 2582 -16897 -32768 -32768
-4462 -6043 2533 -23705 -32768 -32768
-4176 -5874 2088 -27916 -32768 -32768
-3878 -5967 1625 -31983 -32768 -32768
-3575 -6145 994 -32768 -32768 -32768
-4362 -6423 443 -32293 -32768 -32768
-4961 -6518 201 -31391 -32768 -32768
-5733 -6381 52 -32058 -32768 -32768
-6169 -6302 -275 -32768 -32768 -32768
-6293 -6128 -829 -32768 -32768 -32768
-6197 -5960 -1266 -32768 -30054 -32768
-6312 -5832 -1507 -32768 -21547 -32768
-7683 -5095 -1364 -32768 -17833 -32768
-9438 -3964 -682 -32768 -18033 -32768
-10282 -3126 -273 -32768 -22295 -30191
-11025 -2174 224 -32768 -25110 -25970
-11276 -1717 947 -32768 -25146 -15451
-11884 -1255 2358 -32768 -11569 -1798
-12225 -1905 3265 -32768 4273 9154
-12561 -2838 3336 -26588 23689 29403
-13630 -4600 3333 -11018 25931 32767
-14910 -6472 4073 -2326 18527 32767
-15191 -8239 4092 6886 2585 32767
-14401 -10922 4516 10712 -5753 32767
-13521 -12939 4387 13772 -9886 32767
-12719 -16293 3466 15693 -7051 32767
-12726 -18374 2840 18427 -2688 32767
-13546 -21696 1900 19760 -4630 32767
-14027 -24182 1038 23384 -13421 32767
-13848 -28364 -616 31501 -18089 32767
-12631 -32768 -2780 32767 -16140 32767
-11292 -32768 -3671 32767 -10210 32767
-9300 -32750 -2649 32767 1683 32767
-7985 -31201 -2040 28220 8777 32767
-5169 -29504 -2311 8506 18355 32767
-667 -27573 -2163 -3940 21048 32767
1828 -26365 -1791 -18535 8945 32767
5073 -23082 -855 -23035 -10590 32767
6514 -19948 -947 -19172 -32768 32767
7552 -17214 -1450 -11079 -32768 32767
10639 -13994 -3572 -4111 -32768 32767
11883 -11113 -3454 503 -25622 8078
11287 -7367 -2650 -1931 -15103 -10096
9398 -5555 -2368 -9872 -6306 -32325
5775 -4026 -2499 -14673 -4212 -32768
2089 -4030 -3421 -14468 -3085 -32768
118 -4220 -3617 -4708 -5309 -32768
-1937 -4072 -2832 1526 -9590 -32768
-3078 -3902 -2211 5288 -17341 -32768
-3880 -3776 -1658 4358 -21160 -32768
-3932 -3747 -1272 2873 -21482 -32768
-3950 -3828 -1007 -128 -22024 -32768
-3972 -4165 -886 -2538 -23872 -32768
-4200 -4686 -1038 -2416 -23599 -32768
-4153 -5000 -878 33 -20033 -32768
-3995 -5173 -231 1905 -17501 -32768
-3794 -5350 561 3477 -16087 -32768
-3545 -5513 954 2910 -19261 -32768
-3206 -5758 1741 387 -22664 -32768
-3135 -5788 2101 -6284 -25886 -32768
-3241 -5954 2114 -10918 -25181 -32768
-3513 -6286 2049 -16339 -23857 -32768
-4434 -6853 1824 -18473 -24497 -32768
-4917 -6925 1675 -19544 -30304 -32768
-5054 -6711 1633 -20082 -32768 -32768
-4712 -6443 1657 -22127 -32768 -32768
-3866 -6011 1657 -25405 -32768 -32768
-3546 -6007 1660 -27981 -32768 -32768
-4006 -6076 1515 -31726 -32768 -32768
-5228 -6437 1012 -32768 -30246 -32768
-6349 -6552 437 -32768 -27437 -32768
-6577 -6449 -34 -32768 -27359 -32768
-6249 -6121 -715 -32768 -29767 -32768
-6277 -5750 -1212 -32768 -32636 -32768
-6556 -5238 -1145 -32768 -31848 -32768
-7573 -4196 -705 -32768 -29878 -31880
-8573 -3217 -199 -32768 -28155 -26099
-9219 -2741 146 -32768 -26975 -18425
-10056 -1967 573 -32768 -25196 -13562
-10426 -1512 1106 -32768 -18675 -5750
-10928 -1010 1975 -32768 -6699 3519
-11135 -1225 2349 -32768 1455 11407
-11667 -1887 2816 -23870 11032 25720
-12521 -3104 3404 -11753 14619 32767
-13082 -3996 4139 3296 15263 32767
-13818 -5544 5070 11378 11616 32767
-13894 -7883 4913 14273 6577 32767
-13712 -9713 4387 17941 -1735 32767
-13600 -12875 3377 21190 -5986 32767
-13882 -16022 2286 22954 -8003 32767
-14273 -18044 1555 25367 -12646 32767
-14347 -20999 511 27103 -16763 32767
-14313 -23134 -213 29691 -19932 32767
-14090 -27764 -1801 32601 -15093 32767
-12863 -30410 -3635 32767 -9469 32767
-11417 -30468 -4078 32767 -698 32767
-8938 -29064 -3413 30906 5587 32767
-5472 -26989 -2507 23405 8574 32767
-2155 -25599 -1832 7848 7612 32767
2713 -23226 -553 -8445 -6981 32767
5432 -20296 -923 -14981 -19185 32767
5991 -18786 -1744 -14627 -26390 32767
6518 -15515 -2641 -11063 -22624 32767
8056 -13590 -2574 -5554 -17680 29824
10113 -9959 -1646 -5649 -17327 1531
9303 -7131 -1317 -7620 -17422 -11452
7596 -5971 -1626 -9481 -16169 -30748
4826 -4948 -2211 -8878 -13618 -32768
2200 -4581 -2980 -3646 -8237 -32768
630 -4484 -3185 4784 -8166 -32768
-1120 -4453 -3075 8751 -11828 -32768
-1945 -4437 -2844 10281 -18053 -32768
-3301 -4563 -2426 8971 -20469 -32768
-4097 -4733 -2187 4969 -21445 -32768
-4604 -4849 -1754 -524 -20433 -32768
-4795 -4935 -1235 -4495 -19467 -32768
-4698 -5080 -935 -9512 -20760 -32768
-4568 -5337 -428 -11821 -22614 -32768
-4668 -5662 -139 -12828 -24345 -32768
-4662 -6205 253 -11623 -24783 -32768
-4453 -6400 574 -8866 -24415 -32768
-4013 -6409 1249 -7668 -22704 -32768
-3786 -6241 1812 -8753 -19186 -32768
-3553 -6053 2427 -12537 -18766 -32768
-3553 -6049 2556 -15243 -21253 -32768
-3754 -6298 2395 -17708 -27125 -32768
-4268 -6796 2032 -17909 -30864 -32768
-4743 -7064 1809 -17101 -32768 -32768
-5077 -7020 1528 -16621 -32768 -32768
-5157 -6932 1501 -17517 -32768 -32768
-4859 -6789 1425 -20892 -32768 -32768
-5172 -6504 1196 -24069 -32768 -32768
-5384 -6384 857 -29182 -32768 -32768
-5514 -6356 401 -32768 -32768 -32768
-6089 -6343 -182 -32768 -32768 -32768
-6338 -6264 -563 -32768 -32768 -32768
-7356 -5659 -774 -32768 -31789 -32768
-8027 -5055 -879 -32768 -27359 -32768
-8421 -4199 -1091 -32768 -26683 -32768
-8783 -3422 -1024 -32768 -25946 -32768
-9018 -3000 -669 -32768 -21733 -26179
-9919 -1849 688 -32768 -17753 -18525
-10863 -1168 1689 -32768 -9355 -8261
-12100 -782 2562 -32768 -1819 1655
-12647 -1301 2781 -32768 1915 10046
-12782 -2273 2890 -21021 7536 26610
-13582 -3875 3820 -11182 12554 32767
-14423 -5042 4526 370 17926 32767
-14719 -7178 5060 5047 16882 32767
-14541 -9033 4987 8891 10081 32767
-14390 -12634 4369 11468 583 32767
-14559 -16719 3428 13296 -3795 32767
-14588 -19270 2530 16889 -6414 32767
-14617 -22352 1316 21090 -7770 32767
-14850 -25103 -9 24228 -10926 32767
-15028 -27783 -909 29002 -16631 32767
-14547 -32601 -3211 32767 -16070 32767
-12401 -32768 -3754 32767 -5812 32767
-10615 -32768 -3739 29223 14001 32767
-8303 -31557 -2930 12616 26588 32767
-4801 -30130 -2544 258 27765 32767
-1447 -28642 -1685 -16534 20233 32767
2989 -25718 -13 -25174 6557 32767
5235 -22440 135 -28424 -24698 32767
6385 -20610 -110 -21170 -32768 32767
8775 -16888 -1390 -14907 -32768 32767
11258 -14869 -1438 -8649 -27645 28906
12462 -10671 -1170 -8237 -24729 5086
11932 -8799 -1294 -9856 -20057 -24643
9094 -6774 -1628 -10918 -16017 -32768
4333 -5917 -2154 -10600 -10208 -32768
1097 -5817 -2830 -4320 -11059 -32768
-1782 -5494 -3173 3544 -16057 -32768
-2921 -5221 -3066 6532 -17842 -32768
-4434 -5064 -2555 6420 -21088 -32768
-5867 -4667 -1829 3408 -24695 -32768
-5955 -4533 -1524 -2634 -26005 -32768
-5297 -4489 -1377 -5580 -24008 -32768
-5007 -4413 -1095 -7652 -20776 -32768
-4614 -4413 -518 -8312 -20748 -32768
-4362 -4616 -123 -8778 -23107 -32768
-4063 -5050 249 -7572 -23942 -32768
-3687 -5509 613 -5382 -22950 -32768
-3518 -5692 1159 -4511 -21569 -32768
-3401 -5820 1477 -5097 -20444 -32768
-3341 -6139 1940 -7233 -22451 -32768
-3787 -6427 2074 -12014 -27814 -32768
-4646 -6884 2413 -15534 -32301 -32768
-4926 -7021 2437 -20720 -32768 -32768
-4937 -7154 2110 -24057 -32768 -32768
-4516 -6932 2080 -25637 -32768 -32768
-4308 -6572 2135 -28341 -32768 -32768
-4194 -6189 1995 -30390 -32768 -32768
-4406 -5962 1799 -32768 -32768 -32768
-4849 -5958 1196 -32768 -32768 -32768
-5193 -6175 700 -32768 -32768 -32768
-5751 -6436 185 -32768 -31204 -32768
-6443 -6572 -182 -32768 -24815 -32768
-7210 -6674 -564 -32768 -19360 -32768
-8010 -6066 -795 -32768 -20352 -32768
-8071 -5271 -930 -32768 -29043 -32768
-8554 -4452 -880 -32768 -32768 -29080
-9635 -3279 -76 -32768 -32768 -20874
-10145 -2484 536 -32768 -25526 -11768
-10791 -1765 1140 -32768 -14567 -6337
-11272 -1351 1605 -32768 -5440 2562
-11703 -1114 2529 -32768 -4219 14509
-11891 -1603 3593 -27165 -3674 24589
-12059 -2408 4202 -15809 1440 32767
-12521 -3794 5340 -8945 8555 32767
-12728 -5007 5681 -1180 15318 32767
-13097 -7168 5559 4455 9983 32767
-13535 -10220 4763 8606 686 32767
-13677 -12505 3930 17817 -14856 32767
-13715 -15990 2638 25501 -21491 32767
-13580 -18945 1642 32767 -23251 32767
-13509 -20600 1193 32767 -17330 32767
-13781 -23406 20 32767 -12945 32767
-13959 -25652 -1315 32767 -9615 32767
-13804 -28470 -3548 32767 -14156 32767
-12311 -29102 -4182 32767 -16198 32767
-10602 -28425 -4283 32767 -12492 32767
-7544 -26343 -4541 28533 -7244 32767
-5146 -25061 -4506 17246 3280 32767
-1095 -23359 -3685 8235 9544 32767
1183 -21744 -2706 -5884 6751 32767
3535 -19632 -1353 -13656 -3443 32767
4870 -18340 -1417 -17362 -22381 32767
6228 -15884 -1339 -15549 -28061 32767
7593 -13756 -1838 -9414 -24369 32767
9743 -10866 -1988 -4383 -20934 14207
9435 -7555 -1613 -4404 -20516 -5530
8593 -6001 -1567 -8256 -20966 -31570
6692 -4707 -1913 -11121 -19285 -32768
4820 -4457 -2210 -12563 -13087 -32768
1560 -4809 -2725 -8650 -10015 -32768
-169 -4986 -2958 -3979 -12244 -32768
-1766 -5064 -2709 1259 -18126 -32768
-2727 -5313 -2314 1890 -21032 -32768
-3980 -5463 -1761 -184 -21159 -32768
-4897 -5611 -1328 -2219 -19474 -32768
-5322 -5967 -1320 -3844 -17266 -32768
-5218 -6298 -1306 -2346 -17001 -32768
-4762 -6293 -983 -427 -17616 -32768
-4553 -6315 -570 2091 -18167 -32768
-4426 -6349 116 2738 -18794 -32768
-4362 -6479 554 1845 -20995 -32768
-4322 -6524 1150 -1559 -23717 -32768
-4404 -6721 1508 -4935 -24608 -32768
-4420 -6707 1538 -9922 -27878 -32768
-4239 -6491 1884 -13688 -30894 -32768
-4239 -6428 1998 -19770 -32768 -32768
-4511 -6554 1906 -25110 -32768 -32768
-4366 -6699 1942 -28397 -32768 -32768
-4462 -6676 1951 -32768 -32768 -32768
-4695 -6904 1880 -32768 -32768 -32768
-4983 -7055 1682 -32768 -32768 -32768
-5780 -7376 928 -32768 -32768 -32768
-5983 -7457 127 -32768 -32768 -32768
-5890 -7137 -80 -32768 -28383 -32768
-5706 -6410 -193 -32768 -26002 -32768
-5733 -6023 -8 -32768 -24564 -32768
-6507 -5308 248 -32768 -25284 -32768
-7127 -4668 396 -32768 -25963 -32768
-8147 -4196 123 -32768 -23458 -32768
-8728 -4007 -203 -32768 -20177 -32768
-9284 -3285 -384 -32768 -17610 -27728
-9606 -2253 227 -32768 -17569 -21288
-10010 -1435 1035 -32768 -15392 -9845
-11138 -412 2387 -32768 -11893 -2761
-12350 -258 3762 -32387 -5372 7411
-12844 -703 4404 -26917 2411 20520
-13336 -2525 4190 -19921 5666 32206
-14011 -3911 4455 -6020 7425 32767
-15395 -6275 5382 6422 6932 32767
-15739 -9575 5441 13190 3704 32767
-15566 -12115 5129 21371 -3433 32767
-15569 -16184 4276 27428 -12701 32767
-15912 -20279 3029 30955 -20682 32767
-16127 -22630 2063 32767 -29736 32767
-16381 -25606 331 32767 -27500 32767
-16844 -29949 -2069 32767 -22837 32767
-17006 -32768 -3930 32767 -15223 32767
-14131 -32768 -5717 32767 -3356 32767
-11142 -32708 -4483 32767 727 32767
-9878 -31578 -3683 27860 4536 32767
-5563 -30613 -3113 14005 11075 32767
-1952 -29660 -2843 -4925 26162 32767
1446 -27117 -1804 -15041 20462 32767
2401 -25179 -1108 -22874 -17610 32767
3878 -21613 -926 -20127 -32768 32767
5956 -18817 -1854 -15167 -32768 32767
10517 -15534 -3105 -8057 -32768 32767
11502 -10693 -2343 -7581 -29005 25481
10679 -8329 -1935 -13446 -28016 -3102
8682 -5980 -2274 -17994 -27845 -22648
7133 -5009 -2513 -21295 -19395 -32768
3974 -4678 -2823 -18502 -9173 -32768
-98 -4680 -2992 -13680 -7965 -32768
-2258 -4503 -3166 -4494 -12526 -32768
-3490 -4316 -3155 1009 -15802 -32768
-3789 -4304 -3108 6384 -16370 -32768
-4694 -4353 -2530 7294 -15312 -32768
-5458 -4304 -1903 3968 -15131 -32768
-6054 -4583 -1513 -1148 -17705 -32768
-5824 -4921 -1461 -3404 -18899 -32768
-5640 -5115 -1188 -4644 -20219 -32768
-5324 -5202 -632 -5035 -22002 -32768
-4883 -5325 -335 -6180 -26192 -32768
-4374 -5277 484 -10104 -26809 -32768
-3908 -5486 1239 -14069 -25173 -32768
-3748 -5680 1688 -20307 -22429 -32768
-3810 -6109 2010 -23755 -22901 -32768
-3896 -6251 2137 -27840 -27423 -32768
-4403 -6388 2220 -30088 -31236 -32768
-4575 -6414 2095 -32107 -32768 -32768
-4371 -6187 2086 -32768 -32768 -32768
-4229 -6077 2333 -32768 -32768 -32768
-4317 -6067 2293 -32768 -32145 -32768
-4435 -5927 1914 -32768 -31321 -32768
-4762 -5981 1418 -32768 -31432 -32768
-4837 -5884 1017 -32768 -31547 -32768
-4847 -5686 568 -32768 -31355 -32768
-5594 -5644 280 -32768 -29836 -32768
-6022 -5397 53 -32768 -25157 -32768
-6727 -5007 -225 -32768 -18064 -32768
-7150 -4560 -294 -32768 -14310 -32768
-7730 -4027 -179 -32768 -13854 -32768
-8668 -3115 203 -32768 -16438 -32768
-9212 -2405 425 -32768 -21900 -26566
-9826 -1536 626 -32768 -20503 -16299
-10469 -567 1357 -32768 -15272 -9451
-10994 -92 2015 -32085 -2782 -99
-12054 280 3449 -26417 5008 6335
-13054 -378 4510 -18207 11907 18244
-13309 -1589 4626 -8474 12917 32767
-14096 -4014 4608 -491 11862 32767
-14818 -6066 4588 11226 12166 32767
-15700 -9529 4383 19263 9256 32767
-15741 -12702 4328 21406 5064 32767
-15404 -14819 4049 21243 -3012 32767
-15627 -18615 2876 21754 -13586 32767
-16015 -22431 1050 24347 -20928 32767
-16045 -24652 -247 31937 -25117 32767
-15841 -28894 -2121 32767 -20570 32767
-15527 -32165 -3703 32767 -6959 32767
-13275 -32768 -4796 32767 5647 32767
-10648 -32082 -4395 32767 8643 32767
-9000 -30880 -3619 17267 12969 32767
-5685 -29796 -3202 5511 18665 32767
-2346 -28601 -2622 -10830 22138 32767
1569 -26360 -593 -20793 12254 32767
3266 -24279 -54 -28738 -18370 32767
4458 -20733 -609 -26747 -32768 32767
6319 -18042 -1092 -19020 -32768 32767
9604 -14429 -1987 -12947 -30850 32767
10843 -11231 -1601 -9120 -24669 18462
10537 -7463 -1294 -11366 -24696 -6802
8598 -5152 -1928 -12769 -23516 -23261
6955 -4104 -2336 -12421 -17454 -32768
4017 -3483 -2743 -8878 -10712 -32768
470 -3530 -3206 -4366 -8972 -32768
-1260 -3465 -3261 2593 -14378 -32768
-2514 -3423 -2742 4639 -18847 -32768
-3182 -3422 -2356 2945 -21743 -32768
-4208 -3400 -1916 -1780 -20899 -32768
-5019 -3758 -1901 -4467 -18764 -32768
-5156 -3993 -2022 -5325 -15998 -32768
-4699 -4138 -1979 -2638 -16413 -32768
-4204 -4398 -1749 -222 -17763 -32768
-3976 -4527 -1332 1882 -20586 -32768
-3802 -4846 -197 746 -21570 -32768
-3604 -5166 505 -4223 -22218 -32768
-3127 -5514 1285 -10480 -22036 -32768
-2779 -5893 1666 -14015 -21095 -32768
-2734 -6156 1754 -17326 -19493 -32768
-3168 -6478 1892 -18219 -19800 -32768
-3542 -6660 2057 -19762 -25234 -32768
-4022 -6635 2400 -23930 -32768 -32768
-4747 -6680 2384 -28054 -32768 -32768
-4717 -6661 2163 -32768 -32768 -32768
-4170 -6444 1923 -32768 -32768 -32768
-4074 -6416 1785 -32768 -32768 -32768
-4524 -6417 1583 -32768 -32768 -32768
-5535 -6506 916 -32768 -32768 -32768
-5968 -6573 286 -32768 -32768 -32768
-6059 -6374 -366 -32768 -30902 -32768
-6394 -6084 -674 -32768 -24066 -32768
-13347 -1780 5162 -20469 16847 17922
-14182 -2671 5665 -8156 29540 32767
-15427 -4886 5339 4123 21921 32767
-15871 -7025 4814 11992 5934 32767
-15520 -9965 4727 21177 -16881 32767
-14061 -13288 4330 25011 -21593 32767
-13333 -15338 3598 28439 -14046 32767
-13395 -18450 2210 29870 -4582 32767
-13704 -21155 953 30317 -4793 32767
-13862 -23211 -110 32017 -11601 32767
-13571 -27800 -1688 32767 -14976 32767
-12576 -28977 -2961 32767 -13220 32767
-10260 -26915 -3598 32767 -12273 32767
-9161 -23623 -2828 32767 -12883 32767
-8460 -21743 -2511 25796 -11282 32767
-6568 -20673 -1444 17336 -8987 32767
-4830 -20158 -1383 4221 -2030 32767
-1910 -18853 -2647 -798 -2870 32767
-670 -16892 -2935 -470 -9839 32767
-620 -13704 -2235 -371 -21989 32767
-220 -11445 -1902 -1861 -29696 32767
815 -9993 -2054 -4465 -32768 32767
2405 -7601 -2669 -4306 -32768 32767
2989 -5341 -2887 -2847 -32768 32767
2834 -4091 -2737 -1260 -32768 30343
2348 -2711 -2361 -1353 -32768 25158
2151 -1927 -2111 -3056 -32768 17732
1908 -1047 -1910 -4559 -32768 12325
1637 -487 -1595 -4927 -32768 10103
1338 -90 -1183 -4794 -31567 8484
1068 74 -883 -4423 -28080 7720
573 131 -476 -4324 -26029 7052
283 160 -284 -4393 -23913 5418
-232 107 -100 -4478 -23248 3806
-646 -6 -21 -4417 -22674 207
-1043 -68 3 -4103 -22417 -2783
-1127 -66 49 -3163 -22977 -7229
-1242 -125 166 -2411 -23767 -9944
-1312 -129 350 -1675 -25393 -13662
-1317 -86 790 -2187 -27287 -16882
-1306 -180 1158 -3309 -29529 -18576
-1388 -333 1340 -6138 -32768 -20776
-1646 -821 1321 -8541 -32768 -22240
-2185 -1718 1001 -12162 -32768 -25173
-2812 -2242 725 -15848 -32768 -30646
-4806 -2510 290 -20398 -32768 -32768
-5952 -2183 -72 -24354 -32768 -32768
-7468 -1103 226 -32768 -32768 -32768
-9335 225 1374 -32768 -32768 -32768
-8355 983 2045 -32768 -32768 -32768
-6090 -153 2836 -32768 -32768 -32768
-4903 -1554 2003 -32768 -32768 -32768
-3054 -3066 666 -32768 -32768 -32768
-2136 -3578 453 -32768 -32768 -32768
-735 -3516 150 -32768 -32768 -18629
161 -4079 -188 -32768 -21218 -6880
-525 -4698 -102 -25653 32767 -4671
-1514 -4286 568 -5435 32767 -3593
-2135 -3589 1863 12214 32767 -560
-2652 -3244 2754 16804 32767 1541
-3742 -3048 2838 18833 32767 -1618
-5510 -1567 2849 19031 32005 -8853
-6295 -884 2674 21265 30564 -23588
-7836 769 4474 17650 32767 -32768
-4452 609 3917 15499 32767 -32768
-2283 -283 3808 12242 32767 -32768
-1375 -506 2078 11894 32767 -21234
-1100 -485 1572 12356 27965 -8319
-1285 -303 1615 12219 19258 6996
