0 0 0 0 0 0
-2628 1534 -2383 309 89 -3358
-2341 2335 -2595 472 -612 -3600
-2286 3058 -3393 652 -1083 -3563
-2199 3571 -3703 881 -1427 -3279
-2185 4159 -3972 819 -1348 -2846
-2346 4649 -3826 443 -791 -2455
-2563 4911 -3275 41 -259 -2247
-2562 4759 -2637 -670 70 -1912
-2600 4338 -2138 -1461 -366 -1532
-2808 3486 -1559 -2167 -1383 -1315
-2852 2933 -1085 -2581 -2336 -1335
-2459 2379 -812 -2619 -2460 -1378
-2053 1830 -869 -2281 -1956 -1392
-1383 1096 -1023 -1558 -1184 -1290
-909 486 -877 -788 -366 -1182
-903 305 -350 -419 171 -1213
-940 237 -9 -150 848 -1472
-978 57 266 -142 1211 -1919
-938 -201 385 -293 1236 -2438
-929 -451 484 -462 1154 -2780
-943 -600 538 -800 993 -3241
-922 -876 469 -1192 820 -3573
-981 -1047 354 -1451 700 -3733
-1088 -1147 236 -1808 517 -3908
-1101 -1176 152 -2096 311 -4031
-1072 -1158 -27 -2253 72 -4096
-1020 -1154 -161 -2277 -64 -4111
-928 -1153 -311 -2180 -242 -4062
-764 -1217 -519 -1964 -367 -3914
-579 -1331 -552 -1824 -385 -3754
-522 -1348 -510 -1682 -235 -3495
-630 -1252 -413 -1644 70 -3342
-805 -1170 -320 -1695 410 -3340
-900 -1217 -432 -1731 562 -3390
-909 -1388 -598 -1738 649 -3461
-925 -1456 -663 -1721 676 -3517
-1024 -1614 -605 -1795 675 -3578
-1099 -1858 -726 -1928 570 -3625
-1131 -2426 -741 -2132 485 -3664
-1203 -2890 -680 -2330 512 -3711
-1287 -3257 -596 -2709 649 -3825
-1490 -3724 -712 -3098 567 -4032
-1909 -3830 -1141 -3263 193 -4288
-2207 -3651 -1507 -3314 -594 -4909
-2569 -3382 -1692 -3402 -1250 -5607
-2855 -3118 -1492 -3730 -1608 -5947
-3159 -2710 -1718 -4532 -2061 -6131
-3432 -2320 -2575 -5221 -2014 -5754
-3999 -1977 -4040 -5380 -1618 -5174
-5250 -2179 -4767 -5278 -178 -4186
-6439 -2358 -4497 -5497 1461 -3447
-9086 -2691 -3388 -6519 1760 -3238
-11025 -2475 -2330 -7446 1048 -3209
-11408 -2468 -1485 -8622 -167 -2623
-11719 -2373 69 -8945 -845 -1284
-11684 -2064 1849 -8447 -941 -174
-11872 -2003 3417 -6973 -636 1487
-12103 -2489 5222 -5069 -636 3077
-12453 -3415 7168 -3256 -994 4641
-13045 -5064 8806 -2268 -1682 5633
-13226 -6390 9468 -973 -3255 7047
-12803 -8529 8909 839 -4735 8222
-11759 -10277 7602 3027 -5351 9169
-11230 -11388 5809 4429 -5214 9530
-11509 -12041 4645 5970 -5162 9504
-11527 -12507 2673 6937 -4901 9074
-10577 -12850 192 7345 -4189 8966
-8234 -10063 1985 6919 -600 9023
-8997 -12547 -3285 7336 594 10505
-9139 -12118 -3602 7055 1979 11065
-7961 -11752 -4653 6614 3692 11244
-6248 -11448 -4952 6551 4355 11424
-4529 -11365 -3837 5633 4814 11325
-3879 -11405 -2640 4429 4604 10782
-3081 -11402 -2210 2445 3028 9654
-1398 -10716 -1471 680 649 8701
438 -10087 -855 -312 -826 8206
1151 -9311 -457 -1484 -2386 7394
1594 -8907 -473 -2172 -3532 6406
1696 -1223 -1372 -1008 -3975 1686
1748 -734 -1361 -1008 -3741 1593
1804 -468 -1459 -1038 -3426 1450
1379 -51 -1680 -1073 -3163 1200
941 625 -1874 -1155 -2538 521
936 1128 -1927 -1233 -1805 -153
905 1854 -2157 -1183 -1207 -609
593 2255 -2445 -1045 -862 -918
14 2514 -2670 -995 -768 -1137
-568 2640 -2647 -1119 -495 -1687
-1387 2969 -2587 -1443 -66 -2513
-2532 2954 -2753 -1720 96 -3544
-3378 3106 -2763 -1927 -62 -4413
-3619 3026 -2445 -2267 -620 -4737
-3302 2640 -2211 -2731 -1515 -4467
-2937 2261 -1990 -3091 -1851 -3794
-2775 2026 -1913 -3153 -1458 -3052
-2713 1679 -2019 -2797 -569 -2545
-2780 1492 -1911 -2414 201 -2403
-2733 1325 -1823 -1792 1040 -2379
-2377 1031 -1737 -1232 1261 -2374
-1920 753 -1488 -819 1202 -2367
-1560 629 -1120 -667 1138 -2395
-1363 637 -729 -617 973 -2536
-1232 503 -468 -844 653 -2723
-1172 265 -158 -1296 179 -2931
-1167 16 82 -1667 -198 -3087
-1168 -158 149 -2223 -785 -3333
-1117 -388 50 -2488 -1167 -3497
-961 -665 -88 -2635 -1531 -3699
-963 -699 -77 -2491 -1422 -3909
-885 -684 -151 -2120 -906 -4154
-956 -811 -92 -1810 -474 -4341
-877 -1071 44 -1363 81 -4581
-789 -1321 181 -1035 437 -4698
-719 -1510 303 -846 675 -4705
-998 -1610 666 -810 795 -4703
-987 -1561 714 -839 796 -4700
-747 -1723 907 -982 589 -4519
-542 -1922 1090 -1128 453 -4313
-506 -1975 1219 -1414 209 -3961
-2323 -5334 652 -3091 -1170 -4551
-2495 -5592 395 -3345 -1665 -4475
-3327 -5835 7 -3843 -2411 -4547
-4258 -5628 129 -4852 -3105 -4839
-4808 -5245 71 -5781 -3504 -5047
-4492 -4753 -451 -7188 -2801 202
-12321 591 5688 -6154 -3060 1704
-12127 730 7544 -5002 -2439 3923
-12333 691 9629 -3956 -2448 5571
-12453 -320 11139 -1725 -3889 7704
-11746 -2436 11075 1224 -5961 9243
-10814 -3982 10179 4685 -6938 10161
-9263 -5903 8104 7847 -5360 10700
-8147 -6982 5784 9937 -1965 11560
-8534 -7447 3938 10574 -145 12311
-8747 -7982 2208 10776 3082 13377
-8333 -8551 870 9169 2896 13837
-8642 -7911 208 7851 1203 14069
-7684 -8589 -379 6113 1550 13488
-6456 -8458 -1427 5020 1525 13133
-5857 -7968 -1791 3079 351 12246
-5150 -7635 -2299 2177 -238 11670
-4383 -7352 -3010 1062 -522 10746
-3818 -7489 -3408 183 -223 9898
-3265 -7828 -3609 -532 64 8917
-2966 -8497 -3823 -998 -382 7485
-3330 -8457 -3296 -1304 -946 6130
-2979 -8004 -2746 -1957 -2304 3954
-1131 -7266 -2232 -2716 -4154 2779
717 -6514 -2306 -3039 -5035 2660
1683 -5830 -2675 -2962 -5256 2838
1874 -5384 -2790 -2424 -4652 2815
1803 -4697 -2821 -1850 -4234 2371
1765 -4093 -2859 -1546 -4183 1934
1828 -3716 -2918 -1248 -4318 1266
1943 -3164 -3020 -1106 -4452 706
1808 -2561 -3000 -1111 -4459 379
1645 -2238 -3010 -1220 -4296 -66
1604 -1771 -2969 -1399 -3770 -396
1283 -1269 -2981 -1530 -3100 -605
1040 -1071 -2966 -1739 -1883 -919
508 -571 -2952 -1926 -994 -1266
-65 2 -2872 -1990 -608 -1537
-433 779 -2740 -1964 -412 -1887
-615 1404 -2708 -1835 -757 -2192
-1104 2206 -2908 -1520 -1332 -2603
-1629 3132 -3052 -1014 -1681 -3135
-1403 3960 -3080 -610 -1797 -3337
-1730 4550 -2741 -181 -1816 -3443
-1973 4820 -2620 6 -1840 -3494
-2315 4718 -2268 -46 -1967 -3428
-2650 4250 -2014 -174 -1911 -3332
-2921 3982 -1878 -415 -1224 -3216
-3110 3509 -1446 -665 -141 -3076
-2853 2761 -1169 -799 315 -2869
-2333 2040 -914 -920 388 -2359
-2066 1775 -731 -969 77 -1818
-1756 1422 -399 -977 -218 -1458
-1500 1058 -132 -973 -371 -1350
-1380 801 102 -974 -624 -1407
-1423 639 191 -979 -791 -1733
-1857 471 300 -967 -495 -2366
-2075 362 302 -915 -30 -2869
-2090 280 157 -724 535 -3564
-1934 179 102 -482 651 -3963
-1589 -81 111 -349 540 -4022
-1338 -180 93 -235 212 -3828
-952 -230 32 -222 -252 -3380
-705 -207 18 -293 -701 -2854
-632 -115 58 -395 -856 -2528
-649 -170 41 -612 -952 -2151
-716 -201 -28 -845 -1065 -1950
-718 -403 -189 -981 -1151 -1900
-571 -577 -247 -1184 -1230 -1891
-246 -643 -336 -1410 -1209 -1885
185 -923 -436 -1565 -1163 -1854
442 -1141 -578 -1765 -1005 -1772
436 -1297 -863 -1829 -572 -1822
397 -1455 -1130 -1783 -115 -1961
397 -1806 -1532 -1618 498 -2254
322 -2088 -1756 -1433 652 -2632
218 -2761 -2123 -1380 572 -2914
282 -3087 -2228 -1577 318 -3308
321 -3553 -2409 -2187 23 -3701
-272 -3950 -2610 -2824 -50 -4099
-694 -3832 -2813 -3958 283 -4969
-819 -3924 -3380 -5036 901 -5752
-1493 -3954 -4104 -5853 1497 -6270
-3156 -3699 -5073 -6179 1557 -6631
-4395 -3146 -5674 -6436 910 -7185
-6797 -2383 -6486 -6588 -176 -7633
-8812 -1789 -5975 -6978 -816 -7552
-9555 -1975 -5042 -8222 -611 -6095
-10301 -2766 -3474 -9536 1057 -3279
-12105 -4062 -1072 -10170 1803 -1385
-14553 -4671 1314 -10975 816 213
-16560 -5235 4829 -11102 -2276 898
-13913 -5234 6527 -8643 -3332 2450
-10372 -6224 7991 -5387 -2650 4261
-10368 -6295 10751 -786 -1256 6668
-12126 -5780 13694 1478 -2911 7627
-11521 -6443 12194 2943 -5915 7985
-9452 -7856 8646 5026 -5425 8347
-8692 -8960 5900 6497 -2991 8517
-8882 -9383 4920 7998 925 8830
-10067 -9742 3721 8222 3466 9128
-11898 -12710 2014 6369 5463 8836
-11422 -11998 207 5308 -49 10079
-13211 -12463 -2220 3851 -6733 10390
-12616 -12213 -3993 2551 -9239 9356
-10354 -11286 -5408 1934 -9396 8985
-8917 -10496 -5430 1762 -9650 9217
-8529 -10324 -5442 1894 -9980 9365
-7279 -10368 -6064 2681 -10068 9087
-5349 -10362 -6405 3672 -9768 8572
-3427 -9936 -6024 4261 -8603 7675
-1849 -9216 -6344 4601 -7876 6828
-630 -8733 -5955 4862 -7245 5509
991 -7778 -5684 4972 -6508 4247
2071 -6354 -5842 5202 -5257 2964
2705 -5180 -5186 5070 -3693 1922
3192 -4276 -3929 -569 970 -1149
-416 44 -1021 -440 755 -1390
-616 474 -862 -395 289 -1747
-1243 1077 -484 -680 -190 -2198
-1731 1674 -511 -1153 -762 -2712
-1967 2403 -759 -1480 -1119 -2994
-2353 2697 -932 -1933 -1396 -3320
-3408 3035 -1302 -2241 -1385 -3711
-3871 3335 -1825 -2301 -1213 -3908
-3921 3335 -2123 -2188 -586 -3943
-3810 3256 -2155 -1990 344 -3551
-3811 3077 -2120 -1816 1179 -2884
-4114 2968 -1908 -1762 1546 -2482
-4302 2875 -2032 -1709 1617 -2138
-4251 2790 -2071 -1617 1350 -2078
-4073 2698 -1932 -1586 1188 -2206
-3580 2531 -1451 -1660 1192 -2298
-3135 2395 -1052 -1975 1206 -2288
-2378 2128 -828 -2238 1030 -2161
-1816 1855 -827 -2519 467 -1790
-1297 1389 -881 -2586 -38 -1350
-895 910 -1142 -2450 -214 -1094
-778 697 -1198 -2052 -193 -883
-618 490 -1075 -1598 153 -921
-834 244 -637 -1379 523 -1132
-945 106 -368 -1238 1123 -1698
-949 3 -353 -1182 1451 -2449
-1163 -197 -35 -1201 1576 -3023
-1327 -381 8 -1299 1702 -3964
-1146 -513 -6 -1341 1419 -4660
-987 -750 22 -1324 946 -5038
-855 -932 128 -1310 586 -5130
-730 -1185 206 -1354 -78 -5058
-706 -1287 241 -1473 -763 -4862
-730 -1320 337 -1657 -1220 -4654
-708 -1386 407 -1863 -1447 -4473
-573 -1555 465 -2077 -1442 -4288
-461 -1691 591 -2239 -1325 -4166
-432 -1912 672 -2512 -1038 -4008
-464 -2473 852 -2820 -638 -3881
-641 -3132 798 -3001 -399 -3837
-774 -3749 626 -3131 -199 -3805
-1026 -4713 302 -3090 -209 -3824
-1365 -5387 102 -3018 -347 -3887
-1587 -5709 -5 -2942 -674 -4086
-1853 -6326 -354 -2953 -1126 -4373
-7369 -5456 -659 -9014 560 -3895
-8591 -5376 42 -8221 525 -3610
-10331 -4663 2313 -8043 -1299 -2741
-11813 -3479 4961 -8169 -2262 -1874
-11542 -2276 6696 -7622 -2373 6
-10973 -1519 7835 -5187 -1805 2510
-11212 359 10309 -1833 -2496 4725
-10788 2678 12570 75 -3415 5767
-8580 4196 12768 2305 -3972 7260
-7027 4389 11178 4712 -2879 9226
-6075 3491 8505 7255 -1865 11261
-5449 1566 5747 8608 -1143 12395
-4827 -470 2503 8260 468 8136
-4459 -2252 1162 9191 2646 14294
-7548 -2744 2210 7691 3534 14510
-9628 -4461 2197 5061 -1138 13439
-9014 -6217 914 3874 -5121 12708
-7910 -6857 -650 3760 -8155 11785
-6249 -6843 -1688 4674 -6646 10794
-5364 -6780 -1037 4943 -5654 10175
-5084 -6827 -541 4576 -6486 9205
-4091 -7082 -586 3890 -8006 7959
-3068 -7275 -1141 3152 -8218 6412
-1961 -7223 -1907 2655 -7962 5388
-1284 -6779 -2659 2000 -7275 3865
-890 -6263 -2775 1284 -6605 2440
-270 -5167 -2571 325 -6162 1306
344 -3998 -2559 -343 -5926 762
668 -3249 -2584 -1200 -5465 195
950 -2275 -2544 -1889 -4619 -196
956 -1555 -2426 -2247 -3814 -413
728 -1111 -2310 -2609 -2430 -749
536 -945 -2206 -2719 -1051 -1082
187 -763 -1998 -2595 208 -1382
-348 -615 -1695 -2417 936 -1580
-919 -374 -1537 -2006 1705 -1870
-1342 -197 -1470 -1446 2021 -2150
-2181 -40 -1365 -822 1896 -2462
-3204 227 -1102 -446 1566 -2719
-3840 485 -813 -95 626 -3125
-4535 955 -322 -170 -723 -3402
-4465 1181 -147 -629 -1981 -3198
-4620 1184 -827 -893 -2707 -2805
-4950 1266 -1365 -955 -3529 -1982
-5067 1040 -1323 -761 -3338 -999
-4985 1588 -1398 -403 -2362 41
-4788 2019 -1268 -170 -1516 634
-4638 2183 -1274 58 -276 1268
-4364 2492 -1528 205 569 1522
-4073 2789 -1571 250 982 1494
-3954 2944 -1345 148 1592 1136
-3526 3046 -895 -193 2130 545
-2934 2822 -561 -507 2302 125
-2507 2414 -431 -986 2204 -432
-1875 1743 -321 -1342 1930 -864
-1315 1148 -432 -1448 1741 -1181
-917 658 -583 -1353 1687 -1358
-722 392 -605 -1047 1776 -1612
-538 -53 -535 -678 2046 -1896
-561 -519 -263 -472 2307 -2118
-569 -841 -140 -248 2745 -2485
-287 -1268 -65 -81 3019 -2750
-111 -1695 -218 116 2995 -2932
-135 -1828 -315 276 2891 -3070
-381 -1740 -262 484 2818 -3456
-772 -1769 -46 570 2858 -4029
-906 -1992 169 533 2765 -4436
-936 -2400 250 317 2203 -4971
-698 -2820 411 -196 1224 -5302
-329 -3322 512 -754 380 -5389
-90 -3696 -11 -1810 -1127 -5418
-453 -4064 -896 -2877 -2737 -5584
-1096 -4129 -2033 -3895 -3520 -6039
-1287 -3826 -2676 -5051 -3111 -6417
-1138 -3163 -3957 -5671 -2611 -6453
-1099 -2698 -4563 -6320 -1591 -6054
-1781 -1490 -5199 -6747 -516 -5465
-3042 -909 -5813 -6862 186 -5138
-4563 -390 -6038 -6732 1755 -5126
-7305 -780 -6509 -6184 3149 -5648
-9422 -1737 -4363 -6106 3674 -5786
-10258 -1358 -1730 -7241 4128 -5265
-11856 -609 1519 -9198 2843 -4148
-13167 -467 1532 -9983 57 -3194
-12360 -1218 1674 -9620 -4668 -835
-11733 -1735 2834 -7915 -6608 2016
-11486 -2932 5213 -5579 -5484 4188
-10683 -4415 6589 -3719 -4125 5444
-10856 -5622 7556 -685 -3133 7164
-11369 -6812 8322 2057 -3926 8265
-11123 -7692 7922 4315 -4948 8829
-10573 -10070 7028 6177 -4061 9361
-11022 -12155 5335 7167 -2442 9699
-11553 -12554 3708 8332 1388 9780
-8399 -11199 -2083 7615 6087 9468
-9770 -13335 -43 7191 5857 10877
-9523 -11186 -916 5132 3967 12103
-9861 -11074 -825 2829 -76 12183
-9321 -11606 -2167 363 -6723 11372
-6837 -11809 -5266 503 -7926 10323
-3849 -11334 -6265 1428 -6579 9951
-2945 -10566 -5575 2462 -5621 9632
-2452 -9177 -4319 2420 -6500 8701
-996 -8583 -4626 2192 -7380 7955
788 -8170 -5102 1931 -8176 6658
1653 -7095 -4668 1637 -7754 5855
1927 -6287 -4529 1188 -6761 4450
2281 -5120 -4365 1009 -5504 3097
2845 -4174 -4169 1025 -4166 2102
3136 -3197 -3405 959 -3268 1649
3017 -2549 -2704 585 -2030 1079
2513 -1809 -1690 -53 -1080 516
1970 -1340 -990 -722 -502 -24
1458 -1043 -569 -1094 -252 -353
1153 -886 -386 -1489 -40 -796
554 -760 -173 -1660 73 -1254
-52 -512 -185 -1523 161 -1771
-410 -127 -247 -1284 99 -2086
-758 285 -184 -826 -211 -2454
-957 537 -33 -450 -726 -2678
-1121 976 5 -226 -1256 -2743
-934 1432 -66 -132 -1386 -2647
-844 1668 -42 -121 -1119 -2264
-1197 2036 10 -225 -655 -1789
-1881 2777 -8 -360 -450 -1420
-2199 3101 -433 -385 -569 -1177
-2582 2857 -1059 -270 -874 -791
-3071 2651 -1176 -132 -899 -568
-3410 1324 -1274 -2212 -274 -3756
-3160 1083 -1289 -2246 -901 -4018
-2621 771 -1244 -2249 -1639 -4210
-2200 613 -1086 -2195 -1857 -4155
-1527 302 -961 -2032 -1494 -3892
-918 -43 -1012 -1820 -1023 -3617
-535 -324 -1071 -1373 -218 -3191
-442 -467 -957 -921 547 -2852
-506 -757 -607 -687 1087 -2715
-730 -1095 -169 -686 1270 -2760
-863 -1322 154 -927 1250 -3015
-1084 -1588 537 -1388 946 -3435
-1213 -1792 763 -1756 657 -3765
-1299 -1925 849 -2341 154 -4285
-1249 -2117 889 -2853 -367 -4721
-1087 -2364 784 -3174 -876 -4977
-898 -2494 644 -3268 -1202 -5043
-742 -2847 650 -3306 -1581 -5019
-691 -3053 591 -3274 -1729 -4941
-776 -3223 664 -3210 -1380 -4940
-860 -3422 797 -3181 -849 -4985
-890 -3645 863 -3179 -78 -5027
-933 -3952 974 -3270 292 -4977
-1097 -4294 1171 -3533 238 -4874
-1409 -4768 1204 -3804 21 -4816
-1843 -5065 1072 -4329 -478 -4875
-3401 -5805 363 -4982 -1149 -5479
-4586 -5824 -242 -5260 -1529 -5939
-5257 -5536 -466 -5783 -2123 -6535
-5624 -5259 -805 -6569 -3116 -6400
-5714 -5003 -1491 -7175 -4288 -5728
-5550 -4334 -1795 -8000 -5904 -4075
-5623 -3910 -1919 -8437 -5344 -2277
-6581 -2831 -1212 -8332 -2234 -1115
-8447 -1338 238 -8080 -127 -743
-10319 -540 1810 -7695 544 -325
-13235 389 4010 -7189 -2600 340
-8723 -5388 1948 10358 1580 13933
-5767 -3887 292 7879 196 13680
-9182 -7248 -576 5572 -1119 14690
-11100 -7636 -1544 4174 -4691 14455
-10950 -7229 -2790 3520 -8794 13155
-9714 -6437 -3835 3607 -8564 11693
-8034 -5829 -3966 3238 -7924 11368
-7440 -5910 -3628 2360 -7761 11205
-7596 -6334 -3488 1721 -7661 10556
-7212 -6582 -4008 1117 -8120 8899
-6072 -7544 -4279 744 -8199 6981
-4513 -8675 -4396 575 -7981 5789
-3578 -9005 -4722 608 -7533 4147
-2172 -9204 -4146 513 -6786 2710
-765 -8578 -3904 337 -6060 1692
384 -7358 -4215 525 -4957 984
1233 -6035 -4308 737 -3901 653
1573 -5168 -4185 970 -1987 339
1687 -3904 -3848 1050 -82 113
1425 -2908 -3334 1023 854 -36
1109 -2389 -2829 755 1554 -315
357 -1741 -2102 230 1498 -793
-358 -1122 -1945 -277 897 -1493
-1091 -459 -1958 -639 129 -2345
-1510 420 -2150 -780 -449 -2935
-1468 928 -2264 -899 -1405 -3561
-1555 1570 -2666 -967 -2269 -3835
-2321 2448 -3098 -995 -2636 -3983
-3066 3016 -3296 -1093 -2562 -4257
-4414 3511 -3374 -1318 -1562 -4532
-5237 3889 -3481 -1483 -510 -4528
-5129 3781 -3732 -1534 991 -3934
-1091 1056 -413 -918 939 -1297
-958 613 -322 -601 690 -1649
-839 259 -208 -94 521 -2173
-639 -324 -74 310 455 -2614
-216 -763 -10 507 435 -2804
73 -889 137 618 418 -2938
399 -1028 306 511 343 -2960
547 -1133 320 256 161 -2994
387 -1193 344 26 41 -3110
197 -1169 409 -397 29 -3459
-76 -1171 465 -705 110 -3778
-180 -1217 497 -1186 173 -4257
-207 -1359 399 -1651 -32 -4596
-179 -1544 263 -1931 -242 -4718
-155 -1724 158 -2288 -459 -4734
-30 -1970 -10 -2531 -504 -4581
183 -2338 -103 -2655 -501 -4395
252 -2686 -202 -2840 -673 -4064
-9 -3183 -696 -2971 -1103 -3934
-711 -3672 -888 -3063 -1313 -4079
-1114 -3812 -920 -3304 -1360 -4652
-1375 -3924 -1102 -3713 -1447 -5396
-1465 -4213 -1951 -4137 -1684 -5962
-1450 -4644 -3055 -4359 -1756 -6135
-1487 -4637 -3702 -4648 -1522 -6076
-1870 -4243 -4341 -5054 -825 -5758
-3458 -3148 -5019 -5367 -255 -5676
-4622 -2135 -5486 -5707 815 -5983
-6548 -151 -6976 -5297 1983 -6591
-8897 -491 -7261 -4880 2483 -6815
-11216 -935 -3992 -5570 3150 -6285
-13079 -1230 -1223 -8187 4306 -5027
-15964 -999 692 -10690 2780 -3622
-16955 -1739 635 -11425 -592 -2304
-16151 -2886 1975 -10995 -5766 504
-14939 -4033 3703 -8975 -6696 3409
-12706 -5446 6112 -5763 -4184 5803
-11079 -6916 7622 -3286 -1472 7307
-13000 -7775 9970 381 -1620 8954
-14643 -8743 10648 1283 -4065 8675
-13392 -10086 9052 2467 -6746 8287
-10517 -11719 4891 4638 -4712 8878
-9738 -12649 3007 5935 -1958 9596
-10685 -12501 2447 6687 1576 10340
-10970 -11180 -429 5423 1379 10214
-11792 -12656 -1054 5260 -3188 11060
-12407 -13459 -1643 4408 -5694 10688
-11495 -13465 -3195 3265 -8228 9677
-8917 -12754 -5061 3303 -8233 9225
-6438 -11892 -6024 3896 -7449 9316
-5094 -11326 -6345 5042 -5995 9464
-3198 -10228 -5732 5464 -4401 9239
-1802 -9986 -4996 4950 -3726 8661
-161 -10048 -4920 4514 -3572 8162
1530 -9421 -4694 3966 -2524 7276
2509 -8558 -4675 3701 -846 6293
3101 -7247 -4001 3382 342 5203
2961 -6170 -2739 2640 447 4030
2478 -5159 -1593 1551 -540 2814
1827 -4049 -861 811 -1548 1966
1462 -3355 -544 -190 -3101 761
1220 -2450 -433 -917 -4279 -176
1307 -1819 -607 -1237 -4680 -725
-1734 1798 -1207 -702 -1487 -1197
-2682 2291 -1922 -671 -1608 -1489
-2911 2697 -2108 -728 -1716 -1984
-3339 3506 -2131 -1048 -1507 -2434
-3447 3866 -2134 -1393 -1135 -2645
-3343 3827 -2562 -1814 -492 -2694
-3344 3651 -2661 -2011 249 -2520
-3325 3458 -2666 -2075 912 -2254
-3449 3141 -2484 -2087 1157 -2113
-3684 2581 -2156 -2159 1187 -2079
-3790 2235 -1866 -2325 758 -2267
-3635 1841 -1385 -2574 -19 -2556
-3228 1428 -884 -2774 -573 -2741
-2816 1243 -850 -2961 -1404 -2939
-2105 1007 -1194 -2750 -1916 -3035
-1430 659 -1500 -2376 -1868 -3065
-1100 513 -1595 -1618 -1385 -3113
-728 245 -1378 -956 -680 -3192
-507 -9 -781 -685 -30 -3279
-391 -129 -227 -815 344 -3382
-361 -246 92 -1168 414 -3509
-303 -439 179 -1433 388 -3582
-287 -620 167 -1795 434 -3678
-302 -951 15 -1958 549 -3742
-351 -1235 -160 -2010 816 -3841
-508 -1790 -351 -1855 1119 -3971
-819 -2191 -417 -1573 1370 -4191
-1239 -2394 -307 -1364 1514 -4414
-1497 -2533 -145 -1110 1640 -4848
-1758 -2652 -13 -984 1572 -5157
-1741 -2631 112 -837 1192 -5540
-1582 -2707 204 -774 553 -5671
-1297 -2916 428 -896 -185 -5511
-995 -3283 542 -1080 -728 -5248
-911 -3650 529 -1463 -1593 -4724
-941 -3988 481 -1943 -2478 -4219
-1193 -4015 770 -2614 -3060 -3925
-1500 -4174 1180 -3198 -3180 -3856
-1611 -4366 1248 -4172 -3134 -3868
-1643 -4589 1171 -5050 -2857 -3934
-2256 -4952 1051 -5705 -2224 -4170
-2721 -5558 488 -6047 -1560 -4485
-3604 -6284 -94 -6153 -1323 -4906
-4630 -6194 -403 -6164 -1427 -5286
-5014 -5782 -239 -6366 -1706 -5737
-5139 -5257 183 -7021 -2272 -5567
-5174 -4652 166 -7648 -3080 -5012
-5241 -4287 -131 -8457 -4159 -3778
-5733 -3849 -497 -8670 -3693 -2638
-6021 -3335 -414 -8449 -2744 -2034
-6618 -2721 618 -7916 -1366 -1273
-7367 -1634 2228 -7497 -594 -563
-8663 -812 3654 -7112 -532 221
-9362 -556 4500 -6385 -1955 1318
-10495 -240 6344 -5234 -3684 2565
-10867 -132 8631 -3703 -4511 4002
-10087 112 10605 -1687 -4456 5804
-9821 165 11860 921 -4226 7577
-10282 -448 11870 2796 -4416 8450
-10427 -1176 10610 5855 -4990 9386
-10157 -2899 7099 8904 -4256 10315
-9835 -4516 3893 10299 -2762 11251
-9934 -5370 2178 10873 -498 13126
-5452 -3848 -454 9234 -2165 10464
-8456 -7376 -2879 8115 683 14742
-11109 -6775 -1088 5539 -3045 14772
-11558 -7377 -1798 3980 -7473 13860
-10234 -7467 -3889 3098 -9836 11816
-8829 -7680 -4447 3207 -8571 10310
-7495 -7810 -4044 3092 -7993 9827
-6955 -7844 -3771 2896 -8006 9463
-6380 -8060 -3772 2555 -7638 8553
-5060 -9076 -3798 2058 -7123 7553
-3746 -9849 -3803 1656 -6623 6864
-2887 -9735 -4026 1091 -5524 5700
-1130 -9325 -4003 637 -4429 4679
281 -8128 -3839 309 -3150 3758
1262 -6757 -3949 268 -2259 3173
1899 -5555 -3895 392 -800 2388
2004 -4363 -3613 515 645 1706
1728 -3713 -3269 523 1581 997
1075 -2914 -2558 281 1196 174
183 -2243 -2314 44 61 -528
-227 -1789 -2269 -300 -1934 -1765
-403 -988 -2227 -636 -3282 -2887
-229 -308 -2410 -826 -3849 -3362
-372 365 -2840 -933 -4296 -3671
-544 869 -3131 -810 -4063 -3680
-1214 1580 -3419 -533 -3226 -3622
-2328 2379 -3583 -192 -2162 -3678
-3102 3181 -3868 168 -1231 -3720
-3495 3665 -4042 370 -714 -3627
-3728 3922 -3849 368 -54 -3278
-3715 4267 -3358 -12 168 -2681
-3761 4465 -3038 -564 90 -2066
-3643 4394 -2676 -1028 -183 -1590
-3402 4047 -2295 -1315 -607 -1270
-2937 3577 -1910 -1410 -953 -1122
-2224 2903 -1536 -1466 -1371 -952
-1717 2300 -1374 -1372 -1349 -856
-1400 1774 -1045 -1137 -590 -1007
-1385 1351 -755 -917 174 -1283
-1282 970 -590 -531 1133 -1830
-1061 557 -346 -148 1486 -2367
-923 145 -28 50 1445 -2688
-762 -75 178 204 1150 -3070
-545 -315 412 178 758 -3341
-463 -479 579 69 527 -3496
-477 -587 715 -225 331 -3738
-501 -692 787 -632 278 -3972
-587 -845 789 -1094 229 -4173
-575 -1039 640 -1512 128 -4281
-603 -1268 341 -1712 47 -4297
-569 -1393 125 -1854 -123 -4240
-514 -1433 -127 -1836 -322 -4105
-505 -1459 -287 -1716 -362 -3928
-459 -1890 -557 -1558 -283 -3687
-439 -2528 -771 -1489 -270 -3500
-434 -2904 -844 -1502 -484 -3245
-661 -3193 -721 -1720 -646 -3175
-874 -3043 -393 -1987 -532 -3283
-763 -3007 -459 -2519 -336 -3563
-657 -3210 -769 -3067 -760 -3868
-660 -3311 -1172 -3639 -1542 -4222
-834 -3274 -1627 -4206 -1926 -4647
-868 -3617 -2473 -4675 -2101 -4994
-855 -3571 -3368 -4919 -2120 -5123
-15189 -1305 2362 -10984 -2625 487
-14646 -2033 3767 -9228 -4039 3051
-13430 -3420 6815 -6552 -2845 4913
-12280 -4316 9598 -4876 -2368 6071
-12061 -5715 10010 -2301 -2650 7720
-12792 -7307 9417 422 -4324 8528
-11945 -9364 8840 1956 -4914 8746
-11338 -10709 7368 3557 -4994 9134
-11520 -10768 5897 4714 -3643 9018
-10911 -11513 3078 5750 -1366 9071
-10543 -11862 1105 6297 1026 9352
-10236 -10215 -1329 5643 3718 9824
-11760 -11897 -1455 4868 -113 11007
-12841 -12496 -2434 3078 -5498 10632
-11244 -12426 -5029 2203 -8080 10067
-9432 -11910 -6119 1877 -9163 9545
-7205 -10990 -6255 2054 -8167 9489
-5720 -10365 -6385 2362 -7702 9523
-4390 -9989 -6677 3228 -7641 9536
-2374 -9193 -6338 3930 -7306 9239
-679 -8802 -5930 4059 -6752 8785
196 -8376 -5355 3739 -5803 7607
1109 -7683 -4549 3017 -5257 6026
1801 -6388 -4401 2618 -4772 4830
2171 -5622 -4255 2273 -3778 3177
2328 -4885 -3525 1958 -2811 1874
2235 -4150 -2656 1693 -2395 1198
2259 -3574 -2078 1195 -2151 449
2188 -2722 -1361 623 -2255 -93
-835 2374 -531 -376 -67 -1837
-1534 2739 -654 -641 1042 -1563
-2122 3014 -912 -788 1342 -1344
-2905 3308 -1648 -649 912 -1261
-3239 3192 -1993 -477 632 -1194
-3253 2963 -2077 -284 428 -1018
-3272 2902 -2003 -293 321 -884
-3524 2961 -1674 -459 359 -949
-2239 780 -1298 -1802 -1701 -3979
-1835 714 -1262 -1401 -1837 -3797
-1176 439 -1183 -1211 -1610 -3514
-688 251 -930 -1054 -855 -2961
-588 243 -611 -1100 122 -2477
-619 79 -341 -1297 844 -2220
-720 -121 -233 -1471 1080 -2205
-872 -286 -164 -1523 1090 -2312
-937 -475 -161 -1473 1064 -2610
-807 -858 -311 -1227 968 -2988
-1304 -1158 -276 -905 771 -3539
-1498 -1454 -157 -734 546 -3991
-1559 -1703 -57 -571 213 -4711
-1747 -2070 103 -552 36 -5457
-1829 -2225 261 -625 -65 -5927
-1713 -2214 443 -873 -208 -6425
-1424 -2166 519 -1178 -354 -6559
-877 -2192 463 -1440 -690 -6244
-494 -2477 526 -1729 -1146 -5577
-483 -2919 733 -1973 -1371 -5086
-817 -3435 879 -2391 -1532 -4508
-1118 -3583 878 -2769 -1548 -4263
-1447 -3738 856 -3055 -1273 -4322
-1693 -4034 750 -3250 -951 -4530
-2022 -4440 637 -3460 -1050 -4762
-2535 -4626 565 -3659 -1406 -4928
-3076 -4593 311 -4090 -2481 -5175
-3238 -4626 -94 -4730 -4144 -5263
-3665 -4468 -783 -5586 -5812 -5137
-4064 -4210 -1115 -6763 -6187 -4753
-3961 -4074 -1470 -7628 -5768 -4209
-4149 -3876 -1830 -8621 -4536 -3079
-5403 -3486 -2050 -8981 -2712 -2124
-7306 -2434 -1720 -8913 -1866 -1784
-8655 -1632 -1140 -8637 -1117 -1495
-10587 -705 4 -8318 -965 -960
-12059 -10 2474 -8228 -709 -192
-13780 822 5564 -8188 -1098 1387
-14094 1268 7705 -7723 -2852 3404
-13431 1183 10828 -6319 -3739 5743
-12649 188 12977 -3578 -3951 7931
-12291 -2456 13006 420 -5108 9668
-11344 -4626 11058 3537 -4766 10358
-10772 -5458 9314 7569 -2782 11211
-10923 -6366 6420 9756 -1265 12064
-10871 -7102 3985 10199 -470 12523
-10425 -7575 2438 8935 1148 13014
-8893 -7385 98 7827 806 13763
-9945 -7206 0 5711 -1654 14885
-11353 -7900 -1873 3459 -4151 13987
-11148 -7969 -4478 2753 -5433 12996
-10615 -7943 -5148 2071 -6540 11916
-9527 -8355 -5152 1104 -6498 11513
-9103 -8941 -5444 397 -6340 11126
-9232 -8988 -5595 315 -6625 10394
-8346 -9406 -5455 415 -7102 9030
-5955 -10639 -4818 404 -7221 8340
-4026 -11666 -4874 606 -6526 7840
-2121 -12347 -3934 643 -5902 7400
-777 -11974 -3839 630 -5116 6548
1044 -10489 -4065 861 -4324 5443
2008 -8929 -3902 946 -3744 4539
2368 -7998 -3501 584 -3234 3037
2521 -6599 -3166 -168 -3217 1442
2220 -5090 -3501 -580 -3143 348
1935 -4275 -3831 -880 -2742 -1175
1393 -3155 -3849 -1058 -2227 -2316
1130 -2246 -3343 -1305 -2094 -2735
-3511 2078 -1616 -644 -1461 -2531
-2615 1427 -1193 -459 -1121 -2569
-1743 1048 -715 -351 -692 -2272
-1316 772 -444 -491 -382 -1641
-926 406 -21 -830 -272 -943
-842 164 243 -1124 -304 -569
-764 8 348 -1607 -506 -228
-591 -176 476 -2066 -707 -152
-706 -138 711 -2346 -590 -291
-877 -71 707 -2667 112 -823
-785 -238 419 -2730 929 -1565
-368 -710 -32 -2506 1127 -2180
232 -1122 -143 -2282 962 -2434
492 -1280 -177 -1911 608 -2637
624 -1385 -278 -1537 330 -2837
481 -1389 -235 -1331 259 -3033
404 -1430 -158 -1161 314 -3408
366 -1529 -73 -1167 366 -3757
240 -1672 -36 -1352 319 -4039
269 -1926 39 -1563 181 -4151
293 -2048 85 -2046 -175 -4210
225 -2264 -4 -2647 -646 -4206
9 -2643 -341 -3223 -1008 -4274
-496 -3014 -1142 -3561 -1059 -4590
-1036 -3345 -1949 -3629 -908 -4937
-1349 -3634 -2436 -3648 -420 -5562
-1680 -3722 -3052 -3670 212 -6085
-1721 -3891 -3213 -3850 702 -6178
-2347 -3891 -3395 -4461 1284 -6064
-3720 -3065 -3928 -5349 1159 -6011
-5626 -2010 -5158 -5857 612 -6125
-7423 -193 -6811 -6001 -129 -6554
-7976 209 -7391 -5667 -26 -6572
-8610 -236 -5698 -6347 1098 -5376
-10464 -667 -3140 -8297 2936 -3650
-13469 -1252 -1115 -10334 2747 -2439
-16016 -2327 539 -11312 633 -1732
-16899 -3738 1475 -11651 -3484 -169
-15255 -5928 3386 -9893 -5086 2444
-13353 -7410 4375 -5758 -3497 5863
-12875 -8293 7754 -1580 -1228 8813
-15002 -8627 11332 468 -3032 9985
-15118 -10177 11201 1839 -7211 10097
-12261 -12942 7198 4579 -7199 10297
-10281 -14812 3509 6860 -4018 10590
-10321 -14435 2466 9328 3027 11122
-9816 -11657 -215 8461 6935 10178
-9637 -12400 -685 8520 7233 13116
-10557 -12400 747 5805 6481 12646
-7932 -12056 325 3467 5127 11828
-5407 -11946 -1355 1287 2788 11271
-3376 -11606 -3081 754 1157 10875
-3280 -10976 -2907 635 524 9948
-2394 -10700 -2857 409 -525 8033
-1264 -10067 -2418 -51 -2114 6552
478 -8741 -1691 -849 -3470 5762
1799 -8084 -1496 -1423 -3977 5457
2692 -7399 -1807 -1424 -3735 5377
3091 -7098 -2022 -951 -3175 5430
1657 -899 -849 -375 -4237 252
1484 -354 -699 -527 -3529 94
1263 29 -587 -848 -2862 -9
965 231 -594 -1288 -2621 -80
498 163 -704 -1741 -2597 -244
-85 430 -1012 -1968 -2544 -507
-492 890 -1136 -2143 -2243 -1044
-826 1144 -1218 -2255 -1782 -1505
-1588 1568 -1317 -2379 -1636 -1859
-2037 2135 -1374 -2482 -1708 -2008
-2192 2539 -1466 -2576 -1793 -2095
-2563 2753 -1888 -2426 -1582 -2176
-3122 2768 -2157 -1825 -1011 -4080
-2606 968 -964 -2001 -1446 -4022
-2100 652 -988 -2012 -1628 -3888
-1719 402 -989 -1856 -1732 -3561
-1296 148 -860 -1553 -1655 -3186
-773 -206 -831 -1291 -1494 -2936
-659 -424 -696 -892 -1029 -2675
-583 -761 -435 -636 -407 -2675
-1167 -871 -74 -612 158 -3118
-1154 -1350 51 -671 235 -3487
-1162 -1692 208 -886 46 -4017
-1282 -1856 413 -1218 -272 -4536
-1304 -1957 518 -1589 -605 -4973
-1279 -2061 542 -1828 -838 -5194
-1191 -2072 570 -2140 -1158 -5382
-1078 -2047 576 -2383 -1421 -5413
-1027 -2098 584 -2510 -1556 -5365
-924 -2152 563 -2647 -1732 -5210
-916 -2169 540 -2688 -1831 -5002
-868 -2347 524 -2663 -1832 -4846
-922 -2643 642 -2643 -1774 -4613
-991 -2946 775 -2728 -1610 -4405
-1073 -3459 1027 -2869 -1401 -4274
-1169 -3616 1091 -3138 -1074 -4130
-1391 -3826 1230 -3445 -944 -4067
-1614 -4005 1367 -3671 -980 -4056
-1832 -4270 1296 -3981 -1273 -4074
-2222 -4643 889 -4123 -1810 -4143
-2516 -5094 395 -4170 -2463 -4178
-3141 -5321 112 -4269 -2839 -4223
-3805 -5383 11 -4615 -2869 -4429
-4814 -4815 -304 -5221 -2605 -4701
-5008 -4073 -940 -6003 -2950 -4719
-4968 -3557 -1288 -6900 -3983 -4096
-5165 -2474 -1469 -7748 -4737 -3074
-5976 -649 -1553 -8121 -4367 -2207
-6983 625 -1497 -7994 -3618 -1763
-7767 1328 -1056 -7450 -2346 -967
-9227 2084 25 -6772 -1765 262
-10557 2566 2400 -6267 -1486 1972
-11937 2593 5050 -5920 -1352 3172
-13576 2342 7457 -5145 -1648 4646
-14144 1095 9625 -3720 -3438 5768
-13860 -119 10801 -1614 -4949 6859
-13294 -2484 11654 139 -5577 7573
-12456 -4267 11123 3516 -5329 8611
-11969 -6681 9192 7266 -4046 9403
-12386 -7955 7022 10096 -2548 9816
-12386 -8600 5159 10967 -1470 10082
-11901 -8890 3194 10826 797 10926
-10158 -8707 749 8331 1009 11283
-11455 -9173 -485 8022 759 13929
-16098 -10986 103 6139 -2124 13808
-16277 -12243 -2002 4159 -7590 12090
-13233 -13324 -4277 3862 -7843 11309
-11559 -13381 -4705 3937 -6007 11800
-11097 -13972 -3973 3736 -6041 12105
-9620 -15011 -3785 3579 -6516 11987
-7180 -16266 -3954 3589 -6324 11500
-4625 -16361 -4260 3562 -5841 10798
-2589 -15892 -4112 3308 -5623 9503
-339 -14270 -4017 2747 -5090 7744
1177 -11943 -4361 2295 -4178 5662
2108 -10208 -4699 2080 -3484 4362
2626 -9006 -4614 1675 -2455 2825
2911 -7106 -4271 1138 -1359 1787
2821 -5458 -3836 753 -738 1308
2580 -4575 -3576 212 -162 765
2000 -3567 -3420 -208 -77 243
1241 -2641 -3443 -411 -408 -203
848 -2018 -3440 -633 -1037 -1006
740 -1277 -3392 -821 -1491 -1690
769 -440 -3399 -1490 -1370 -3927
-3073 4047 -3001 -1581 -932 -3243
-2644 3794 -2502 -1558 -23 -2102
-2385 3401 -1782 -1384 706 -1203
-2183 2856 -1201 -1197 994 -849
-2028 2447 -925 -804 1058 -694
-1905 1922 -513 -317 840 -981
-1842 1360 -233 138 371 -1627
-1547 864 45 343 -97 -2138
-1275 619 258 400 -833 -2840
-798 352 520 269 -1311 -3204
-453 238 650 -134 -1908 -3522
-57 70 746 -714 -2286 -3578
161 -201 764 -1173 -2391 -3508
203 -447 735 -1908 -2243 -3324
132 -779 388 -2476 -1664 -3151
28 -1079 -214 -2653 -1046 -3074
-73 -1215 -546 -2585 61 -3044
-278 -1303 -862 -2238 941 -3112
-396 -1459 -932 -1946 1209 -3176
-481 -1555 -838 -1590 1166 -3290
-547 -1588 -607 -1430 781 -3450
-484 -1571 -461 -1479 324 -3610
-449 -1717 -519 -1597 47 -3721
-516 -1872 -699 -1807 -175 -3913
-682 -1941 -935 -2005 -113 -4179
-714 -1987 -889 -2316 -54 -4399
-813 -2155 -1308 -2719 -496 -4524
-874 -2245 -1684 -3078 -1259 -4635
-1094 -2650 -2141 -3374 -1476 -4823
-1444 -3216 -2720 -3531 -1199 -5025
-1635 -3620 -3010 -3759 -376 -5336
-1908 -4428 -3520 -3975 620 -5607
-2717 -4379 -3987 -4074 1042 -5858
-3290 -4116 -4256 -4299 867 -6299
-4374 -3300 -4785 -4730 2 -6680
-5785 -2159 -5799 -5079 -476 -6908
-7400 -905 -7058 -5448 -567 -7138
-8692 -674 -7365 -5821 -109 -6957
-10121 -1175 -5501 -7353 908 -5667
-11857 -1456 -1805 -10232 2303 -3578
-14825 -1302 448 -12094 1383 -2294
-16350 -2024 545 -13113 -3789 -567
-15833 -3443 894 -10786 -7382 1402
-13270 -5914 3487 -7873 -6252 2861
-10989 -7790 6491 -3524 -2099 6085
-12537 -7526 10447 -636 -793 8698
-14391 -9229 12117 1373 -3271 9605
-13751 -11363 11585 3318 -5927 9753
-12147 -12461 8687 4798 -5852 9789
-10974 -13833 5928 7180 -2438 10436
-11115 -14216 3567 8478 3770 11409
-10424 -12212 445 7398 7442 10260
-11263 -13583 -951 6925 7187 13523
-11598 -13814 -504 5102 5314 13969
-9579 -13320 -183 2235 1840 13189
-6323 -13067 -2972 1047 -2735 12594
-4488 -12941 -4526 1188 -3801 11993
-3738 -12206 -4318 1204 -3241 10518
-2346 -11424 -4325 727 -3718 9204
-1223 -10438 -3841 -207 -6062 8169
-241 -9937 -3331 -999 -7350 7477
833 -9671 -3649 -1706 -7883 6621
2243 -8847 -4492 -1235 -7316 5914
2675 -7726 -4362 -394 -6283 4914
2966 -6440 -3356 -82 -5565 4197
3292 -5684 -2887 50 -4780 3340
3332 -4484 -2343 103 -3772 2492
3161 -3478 -1768 114 -2952 1878
2942 -2905 -1365 64 -1890 1033
2439 -2192 -794 -19 -1434 537
1958 -1567 -303 -216 -1091 -97
1670 -1227 -69 -459 -1035 -584
1247 -820 56 -669 -1196 -947
965 -470 -27 -745 -1408 -1138
623 -32 30 -870 -1823 -1391
290 256 -159 -960 -2148 -1677
211 646 -546 -925 -2043 -1824
-142 1310 -673 -799 -1294 -1941
-565 1723 -561 -752 -291 -1980
-1405 2237 -478 -928 258 -1950
-2109 2948 -504 -1119 171 -1928
-2681 3438 -434 -1553 -492 -1989
-3421 3835 -717 -1924 -1406 -2210
-3808 3724 -1148 -2027 -1726 -2369
-4146 3336 -1667 -1946 -1419 -2605
-4286 2889 -1879 -1665 -631 -2758
-4539 2773 -1722 -1519 -223 -2816
-4716 3058 -1352 -1528 -237 -2873
-4644 3090 -1378 -1708 -802 -2902
-4247 2852 -1444 -1852 -1022 -2847
-3658 2540 -1389 -1869 -430 -2727
-3283 2128 -1467 -1641 1189 -2413
-2734 1814 -1680 -1159 2226 -1974
-2308 1575 -1535 -818 2332 -1666
-2107 1336 -1346 -404 1904 -1329
-1906 1283 -1267 -83 1106 -1280
-1644 1071 -1196 85 494 -1400
-1421 962 -1005 138 -317 -1714
-1031 750 -464 -136 -897 -2120
-848 679 -262 -673 -1413 -2531
-535 614 -55 -1333 -1840 -2827
-300 336 67 -1777 -1989 -2935
-229 -37 -9 -2327 -1976 -3017
-284 -533 -230 -2629 -1695 -3092
-441 -840 -342 -2679 -1142 -3289
-730 -1242 -705 -2428 -442 -3673
-1065 -1706 -1065 -1887 266 -4193
-1305 -2049 -1054 -1463 684 -4565
-1451 -2110 -835 -871 1102 -5055
-1438 -2096 -613 -425 1184 -5360
-1335 -2191 -226 -201 989 -5400
-1108 -2241 -15 -160 558 -5154
-768 -2316 130 -285 -118 -4640
-498 -2512 336 -474 -618 -4195
-480 -2587 501 -932 -1226 -3506
-557 -2938 641 -1536 -1569 -2937
-800 -3485 414 -1938 -1709 -2680
-978 -3950 336 -2508 -1831 -2478
-5150 -5221 -648 -8266 270 -5565
-6742 -4375 -1358 -8985 -713 -5536
-7582 -3828 -1506 -9082 -2304 -5047
-8789 -2618 -1021 -8729 -3094 -4202
-9678 -1308 542 -8386 -2490 -2909
-11258 -454 3589 -8534 -533 -1270
-13797 113 6890 -8862 -582 -29
-15109 3 9601 -8845 -3625 2075
-14230 -516 11225 -6919 -6610 4474
-10669 -1146 13749 -2789 -5551 6788
-10287 -1560 14372 2084 -4185 8683
-10581 -2397 13142 6443 -3927 9760
-9934 -3552 9245 9945 -2857 10669
-9185 -4630 5071 11951 -1349 12053
-6422 -5125 5890 11113 -2013 12901
-6362 -7448 -1370 10572 702 14745
-8453 -7001 -75 8759 548 15685
-9699 -7711 -519 5551 -3970 15434
-9350 -8316 -2679 4154 -7609 13759
-7120 -7993 -4131 4156 -7290 12370
-5685 -7652 -3571 4018 -6542 11880
-5420 -7705 -3038 3275 -5949 11245
-5054 -7960 -3019 2543 -5616 10161
-3955 -9060 -3136 2120 -5307 9289
-3372 -9979 -2746 1209 -5007 7735
-3648 -10100 -2494 -81 -4975 5288
-2171 -9887 -2333 -1249 -5671 2817
-155 -8797 -2795 -1761 -6205 1265
809 -7623 -3085 -1615 -5431 351
1658 -5864 -3265 -1228 -3689 -303
1864 -4266 -3188 -917 -1822 -824
1542 -2991 -3032 -775 -756 -1136
1222 -2312 -2907 -644 274 -1512
783 -1447 -2772 -577 537 -1727
120 -465 -2740 -526 370 -1858
-486 251 -2782 -407 -204 -2127
-889 549 -2999 -211 -923 -2438
-1264 985 -3199 11 -1427 -2749
-1640 2039 -2959 83 -1691 -3048
-2152 3163 -2658 -107 -1877 -3371
-3163 3894 -2766 -391 -1924 -3625
-4312 3794 -3567 -821 -1641 -3958
-4906 3744 -3865 -1061 -937 -4074
-5187 3948 -3681 -1168 -396 -3749
-4801 4002 -3117 -1244 -339 -3246
-4265 3881 -2475 -1382 -728 -2195
-4057 3846 -2045 -1456 -1127 -1231
-3633 3754 -1365 -1436 -1111 -636
-3064 3657 -1117 -1221 -775 -378
-2319 3396 -1149 -930 -412 -335
-1886 3118 -997 -430 398 -400
-628 -590 225 -197 -318 -2782
-598 -747 41 -168 -385 -3050
-490 -907 -175 -128 -433 -3169
-456 -1008 -296 -41 -421 -3283
-406 -1291 -342 23 -326 -3307
-285 -1621 -324 18 -293 -3274
-94 -2091 -218 -117 -306 -3119
37 -2317 -165 -412 -394 -2867
78 -2464 -148 -811 -574 -2645
179 -2832 -319 -1105 -732 -2553
192 -3144 -392 -1594 -1006 -2557
108 -3542 -743 -2104 -1253 -2793
104 -3983 -1368 -2398 -1356 -3097
-155 -3922 -1777 -2757 -1326 -3824
-255 -4005 -2868 -2934 -1222 -4794
-439 -4138 -3927 -2982 -1174 -5506
-344 -4034 -4248 -3251 -902 -6376
-240 -4069 -4473 -4010 -183 -6765
-919 -3958 -4689 -4784 607 -6835
-2185 -3798 -5036 -6012 1927 -7116
-4130 -3487 -5265 -6950 2982 -7670
-6654 -2476 -6183 -7098 3232 -8143
-8396 -2036 -6848 -6612 2439 -8659
-10387 -2578 -5676 -6801 1254 -8131
-11848 -2779 -2025 -8003 1277 -7098
-13123 -2686 631 -10873 769 -4743
-14765 -3041 1369 -13204 -1740 -2246
-15641 -4772 767 -12937 -5146 67
-14213 -5903 1875 -11093 -6065 1530
-12849 -5955 3740 -6969 -5615 3503
-11076 -6763 6929 -3016 -4450 5566
-11763 -7886 8687 -87 -3772 7213
-13061 -8962 9070 1327 -3611 7756
-12657 -10136 7864 3090 -3974 8475
-11897 -11466 5350 4897 -4473 9436
-11427 -12343 3427 6780 -2422 10060
-10997 -13466 1432 7807 1373 10863
-11164 -12345 -1461 6950 5000 11061
-13561 -13962 248 5982 -1709 12479
-15548 -16009 -2317 5061 -6889 12041
-14360 -16218 -4261 3848 -10212 10606
-10502 -15412 -5824 3399 -9544 10684
-7819 -14349 -6984 4403 -8062 11651
-6180 -13477 -7588 5496 -7171 11930
-4667 -12926 -7172 6620 -6650 11824
-2413 -13103 -6600 6536 -5955 11295
-46 -13146 -6850 6227 -5306 10687
1436 -12422 -6429 5423 -4749 9407
2618 -10795 -5849 4237 -3898 7303
3114 -8502 -4756 3266 -3368 5614
3470 -7432 -3119 1339 -2772 3295
3549 -6395 -2599 -1090 -2475 1388
3244 -4555 -1511 -1988 -2190 804
2995 -3880 -1196 -2797 -1554 206
2732 -2954 -1113 -2846 -915 -120
2302 -2300 -1311 -2498 -538 -269
1875 -1790 -1212 -1686 -165 -539
1276 -822 -300 -1173 -163 -923
715 111 602 -1132 -386 -1216
52 1004 927 -1338 -912 -1712
-75 1710 653 -1517 -1259 -2091
-252 2043 -22 -1398 -1121 -2150
-589 2461 -1073 -829 -802 -2002
-1007 2517 -1741 66 -615 -1723
-1546 2642 -2286 799 -444 -1502
-1905 3162 -2136 916 -160 -1450
-2032 3364 -1985 477 548 -1462
-2583 3322 -1800 -474 1499 -1692
-3006 3247 -1704 -1542 2010 -2119
-3050 3024 -1735 -2135 1712 -2372
-3202 2884 -1749 -2781 523 -2798
-3364 2858 -1668 -3130 -741 -3366
-3494 2731 -1667 -3194 -1412 -4083
-3256 2504 -1814 -3015 -1429 -4520
-2723 2102 -1820 -2456 -915 -4907
-2254 1757 -1656 -1781 -109 -4833
-1586 1202 -1338 -1173 713 -4333
-1241 872 -1088 -819 1235 -3887
-1280 572 -904 -364 1819 -3280
-1500 359 -690 -111 1821 -2975
-1814 244 -314 -140 1136 -3051
-1882 62 -12 -301 484 -3240
-1811 -126 79 -645 -512 -3625
-1620 -384 80 -984 -1306 -4007
-1377 -580 -7 -1232 -1749 -4321
-1134 -868 -113 -1324 -1854 -4471
-945 -1156 -140 -1393 -1760 -4603
-871 -1307 -125 -1411 -1438 -4671
-882 -1577 -36 -1430 -952 -4715
-951 -1868 67 -1468 -466 -4758
-1000 -2134 197 -1507 -218 -4784
-1044 -2228 262 -1581 27 -4806
-989 -2167 331 -1631 118 -4786
-841 -2170 397 -1657 91 -4714
-768 -2201 466 -1704 -55 -4534
-690 -2312 547 -1745 -208 -4393
-754 -2463 561 -1844 -472 -4223
-948 -2754 676 -1993 -657 -4176
-1195 -3106 897 -2153 -709 -4220
-1419 -3448 1095 -2483 -740 -4350
-1569 -3560 1136 -2823 -828 -4514
-1800 -3717 1150 -3016 -933 -4629
-1883 -3826 1160 -3278 -1209 -4772
-2025 -4158 1140 -3530 -1683 -4841
-2441 -4626 1031 -3692 -2116 -4877
-2629 -4973 1003 -4000 -2794 -4917
-2734 -5495 929 -4410 -3342 -4857
-3042 -5908 764 -4729 -3481 -4794
-3215 -5980 578 -5203 -3371 -4702
-3858 -5726 304 -5630 -3197 -4730
-4265 -5099 29 -6063 -3189 -4690
-4334 -4491 -157 -6414 -3401 -4440
-4781 -3883 -578 -6997 -4194 -3772
-5272 -3490 -881 -7506 -5206 -2999
-5882 -2772 -983 -7826 -4845 -2230
-6539 -1639 -482 -7948 -3622 -1722
-6835 -1130 -315 -7906 -1732 -739
-7268 -700 29 -7454 -1057 726
-12664 -9646 6706 11715 -2219 11223
-13471 -10117 5228 12714 -953 12486
-13614 -11018 3110 12252 -730 13196
-11915 -9567 1824 9900 -1948 11137
-9769 -12021 -2637 9039 110 15540
-14003 -10979 -1737 6330 -2544 15964
-16273 -11412 -4457 4677 -5660 14761
-14891 -11605 -6140 3390 -6990 13076
-12282 -11677 -6982 2487 -5989 13104
-11710 -11575 -6529 1757 -5531 13226
-10911 -11230 -5880 744 -5979 12693
-9561 -11854 -5816 258 -6473 11791
-6854 -13541 -5707 171 -6408 11165
-4778 -14593 -4926 -6 -6022 10115
-2519 -14321 -3784 -524 -5770 8462
-125 -12752 -3987 -657 -5264 6516
1764 -11128 -4496 -350 -4307 4620
2757 -9700 -4506 -156 -3514 3436
2844 -8461 -4245 -182 -2337 1670
2510 -6571 -3798 -506 -1508 -32
2046 -5132 -3529 -812 -1376 -990
1780 -4037 -3750 -1163 -1644 -1978
1248 -2898 -4006 -1230 -1909 -2589
825 -2231 -3854 -1246 -1728 -3132
276 -1178 -3343 -1438 -1369 -3569
77 -229 -3055 -1605 -1192 -3702
-228 285 -3156 -1746 -1082 -3784
-1414 1064 -3686 -1584 -905 -4192
-2897 2060 -4264 -1120 -471 -5008
-3714 3090 -4474 -744 -169 -5529
-3784 3720 -4340 -337 126 -5818
-3664 4376 -4024 -254 97 -5438
-3739 4873 -3533 -449 -50 -4718
-3866 5074 -2871 -795 -240 -3999
-3809 4712 -2254 -1019 -308 -3586
-3776 4420 -1777 -1244 50 -3133
-3539 4018 -1412 -1220 493 -2851
-3065 3301 -1116 -1077 553 -2693
-2695 2755 -902 -795 371 -2484
-2296 1924 -637 -464 144 -2389
-1966 1202 -476 -220 59 -2403
-1756 726 -336 118 -7 -2496
-1515 103 -37 300 -229 -2645
-1386 -287 84 326 -508 -2776
-1300 -423 141 225 -1055 -3001
-1114 -572 361 -116 -1595 -3218
-944 -682 612 -484 -1864 -3346
-824 -686 676 -1169 -2117 -3467
-633 -709 654 -1893 -2194 -3472
-511 -743 420 -2311 -2148 -3417
-516 -770 274 -2751 -1919 -3301
-441 -774 -9 -2952 -1598 -3153
-357 -924 -383 -2929 -1378 -3034
-271 -1018 -505 -2728 -983 -2830
-260 -1108 -556 -2446 -508 -2638
-216 -1065 -568 -2180 -29 -2456
12 -1295 -612 -2032 321 -2185
295 -2036 -686 -2102 408 -1826
216 -2453 -825 -2234 326 -1696
-219 -2526 -797 -2542 318 -1895
-5148 -2500 -6275 -6195 1088 -7783
-7327 -1136 -7442 -6049 1148 -7732
-9727 -1670 -6430 -6604 1575 -7284
-12077 -2159 -2615 -8015 2304 -6505
-13218 -2094 -874 -10761 2464 -4604
-15600 -1882 -440 -12309 -887 -2453
-16343 -3205 287 -11815 -4810 -135
-15536 -5742 3265 -10575 -5475 1479
-15002 -6747 6233 -8180 -5147 3759
-12944 -8663 8687 -4678 -3429 6467
-12558 -10604 9698 -1688 -2838 8366
-14170 -10879 11718 1998 -4454 9749
-14063 -11489 11454 3770 -7101 9633
-12426 -13536 7112 5428 -6584 9713
-11563 -15293 3531 6881 -2935 10709
-12657 -15655 1928 7355 -141 11437
-13584 -15636 671 6455 2215 11922
-11970 -14877 -2883 6445 279 12553
-10791 -13737 -3807 6285 -742 13016
-8248 -13022 -4488 4891 925 12820
-6236 -12316 -5322 3678 1943 12571
-3809 -11810 -6496 3730 2807 12050
-2711 -11510 -5556 3834 3626 11282
-2329 -11662 -4326 3246 3951 9577
-702 -11559 -1887 1696 1389 8016
1013 -10612 -343 418 -816 7132
2457 -10043 -582 -804 -2400 6217
3480 -8937 -1261 -863 -2525 5538
3147 -7632 -715 -790 -2929 4551
3004 -6452 -363 -902 -4028 3538
2809 -5402 -503 -950 -4821 2965
2584 -4352 -586 -931 -5743 2296
2375 -3692 -598 -879 -6394 1858
2300 -2708 -520 -835 -6763 1703
2435 -1721 -433 -772 -7194 1607
2509 -1252 -451 -766 -7080 1540
2334 -698 -382 -833 -5888 1259
2104 -380 -461 -879 -4630 984
1894 -366 -501 -877 -2581 593
1446 -231 -706 -632 -1042 258
1160 -142 -729 -404 -597 147
440 54 -510 -222 -722 68
-20 458 -355 -393 -1357 -162
-787 1055 -501 -829 -2376 -574
-1318 1505 -1025 -1152 -3065 -898
-1574 1953 -1452 -1610 -3717 -1382
-1924 2399 -1618 -2045 -3218 -2047
-2496 2794 -1988 -2305 -1698 -2793
-2994 2653 -2309 -2352 -689 -3202
-3559 2430 -2740 -2212 17 -3676
-3951 2571 -2751 -2034 -196 -4099
-4317 2845 -2429 -2130 -625 -4503
-4206 2990 -2049 -2479 -730 -4724
-4206 2847 -1820 -2846 -916 -4733
-3953 2608 -1900 -3005 -1361 -4625
-3818 2467 -1844 -3068 -2201 -4312
-3355 1876 -1658 -2969 -2574 -3833
-3188 1698 -1382 -2806 -2104 -3255
-2692 1509 -1250 -2476 -1062 -2618
-2076 870 -1468 -2145 -332 -2175
-2022 452 -1194 -1635 449 -1620
-2045 244 -871 -1309 722 -1419
-2005 -13 -585 -1187 606 -1470
-1944 -170 -369 -1138 267 -1758
-1764 -272 -178 -1168 19 -2045
-1433 -461 -105 -1242 -291 -2499
-1165 -605 -93 -1317 -488 -2877
-854 -864 -82 -1368 -536 -3155
-697 -1114 -49 -1413 -453 -3376
-638 -1440 -22 -1444 -361 -3504
-672 -1664 -33 -1453 -160 -3696
-808 -1875 -57 -1397 119 -3938
-996 -1865 -24 -1305 420 -4213
-1057 -1892 19 -1222 569 -4383
-1007 -2016 67 -1087 631 -4525
-894 -2143 80 -977 437 -4488
-637 -2370 23 -893 -55 -4261
-566 -2418 108 -898 -576 -3979
-650 -2432 290 -1038 -861 -3773
-763 -2640 442 -1209 -943 -3689
-786 -2839 504 -1591 -1061 -3601
-970 -3180 574 -2096 -1206 -3581
-1223 -3534 672 -2506 -1299 -3610
-1355 -3730 705 -3217 -1422 -3699
-1501 -4000 665 -4024 -1581 -3731
-1811 -4421 357 -4849 -1880 -3761
-2534 -4431 206 -5376 -2024 -3881
-3347 -4434 122 -6215 -1953 -4283
-4582 -4885 -328 -7030 -1977 -4867
-5967 -4719 -1009 -7683 -2670 -5468
-6687 -4206 -1314 -8303 -4080 -5618
-6486 -3806 -1233 -9102 -5574 -4670
-6007 -3470 -1058 -9561 -6044 -3464
-5722 -2520 -769 -9583 -5449 -1381
-5919 -1793 -107 -8692 -2523 242
-7014 -916 1298 -7406 1003 1104
-9221 -516 3192 -6594 1862 1421
-11237 -80 5814 -5711 376 1919
-11447 56 7395 -5110 -2541 3177
-10854 -221 9834 -4090 -4305 5199
-10283 -727 11290 -2705 -4223 6463
-10327 -1259 11395 625 -4366 7751
-9673 -1988 10229 5202 -5515 8460
-8320 -3565 8599 8033 -5810 8851
-7181 -4498 7075 11162 -3631 9808
-6335 -5256 4679 12655 800 11302
-6904 -4471 6454 11670 3435 12219
-7120 -7005 1454 11144 3354 13192
-7559 -6779 1423 9857 2450 13928
-7266 -7289 755 8138 1959 13666
-6215 -7612 -76 6490 1372 13149
-5245 -7367 -507 5472 973 12791
-4860 -7016 -520 3903 372 12141
-4584 -6345 -717 2510 -220 11237
-3953 -5904 -1378 1675 -284 10257
-3453 -5831 -1728 1360 11 9616
-3437 -5999 -1773 1105 519 8572
-3183 -6575 -1680 1015 837 7810
-2981 -6781 -1530 790 672 6667
-3032 -6877 -1037 251 -426 5382
-2743 -6579 -553 -309 -1573 4509
-2018 -5709 -356 -1306 -3636 3414
-1426 -5165 -491 -2139 -5655 2766
-696 -4425 -987 -2557 -7415 2479
-335 -3735 -1520 -2596 -8280 2323
-141 -3156 -1800 -2447 -8859 1976
-60 -2757 -1918 -2289 -8597 1517
-4 -2364 -2197 -2174 -7827 1049
147 -2134 -2442 -2107 -7126 798
202 -1930 -2597 -2004 -5975 541
0 -1652 -2740 -1936 -5239 382
-397 -1536 -2992 -1802 -3983 -162
-1147 -1200 -3329 -1715 -3385 -591
-1824 -854 -3402 -1638 -2534 -1336
-2220 -680 -3560 -1658 -2248 -1852
-2827 -758 -3922 -1678 -2381 -2047
-4635 2399 -1181 -2389 1648 -2258
-4521 2057 -856 -2702 1187 -2101
-4107 1455 -541 -2953 327 -2023
-3085 1025 -312 -3066 -426 -1902
-2107 464 -16 -3093 -655 -1806
-1366 -158 247 -3126 -485 -1770
-833 -533 187 -3038 152 -1857
212 -667 -197 -2629 996 -1960
1253 -816 -472 -4705 -1574 -6921
-904 -3333 -1588 -4829 -1902 -7266
-1663 -3586 -2684 -4690 -1731 -7565
-1803 -3755 -3021 -4458 -1224 -7869
-1726 -3905 -2547 -4724 -556 -7675
-1995 -3723 -2122 -5236 -314 -7288
-2461 -3395 -2085 -6308 -770 -6562
-3610 -3119 -2392 -7409 -1777 -5975
-4610 -2864 -3164 -8104 -2393 -5551
-4897 -2355 -3937 -8172 -2144 -5052
-5017 -1702 -3944 -8021 -1539 -4582
-5331 -1336 -3635 -7772 6 -3722
-6309 -1011 -3037 -7744 1229 -2891
-7568 -854 -1833 -8094 1288 -2293
-9559 -445 -579 -8416 1062 -2221
-10099 -386 -312 -8514 179 -2119
-10228 -894 155 -7996 -1234 -1318
-10044 -1440 1270 -7045 -2635 193
-9495 -2079 2450 -5730 -3650 2084
-9130 -2494 2847 -4508 -3739 3206
-9352 -2964 3774 -2527 -3282 4285
-9489 -3600 4872 -1228 -3423 4833
-9760 -4603 6363 -748 -4968 5306
-8828 -6270 6194 122 -6077 6061
-8247 -7867 4027 1625 -5859 6635
-8291 -9590 3238 5018 -4343 7307
-8787 -11943 3793 8138 -3203 8091
-9230 -12890 4815 10057 -3629 9160
-10297 -14831 4457 10741 -4389 9925
-11344 -16431 3239 11297 -4343 10587
-9030 -14870 -2695 11454 48 10622
-11777 -14531 236 10988 1649 10639
-9080 -15076 -1468 10548 3007 10873
-7819 -13919 -2021 9723 5659 11144
-5984 -13099 -1381 8393 7678 11023
-4231 -12611 -542 6556 7717 10589
-1462 -11834 -321 5286 6611 10398
1982 -10029 -152 3550 3828 10429
3793 -8771 -31 1945 421 10378
3723 -8147 -227 536 -1960 9240
3208 -7408 -1052 -433 -2818 7099
2857 -6225 -1924 -856 -2937 4779
2667 -5237 -1913 -982 -3078 3477
-1047 176 348 -4474 -7054 123
-1186 515 523 -4866 -7377 -269
-1182 1009 204 -5383 -7660 -765
-1089 1256 -60 -5618 -7245 -1133
-943 1374 -279 -5585 -6385 -1301
-910 1407 -381 -5272 -4610 -1527
-939 1500 -496 -4634 -3046 -1745
-1044 1464 -406 -3825 -2112 -1960
-1048 1620 174 -3020 -1398 -2127
-849 2029 305 -2391 -890 -2156
-833 1986 33 -1172 -412 -2053
-717 1851 -99 148 -355 -1726
-756 1647 258 867 -328 -1369
-1103 1531 594 1512 -328 -816
-1869 1695 875 1699 -459 -501
-2671 1580 919 1645 -527 -439
-3030 1334 879 1385 -452 -475
-3507 1353 744 979 -133 -682
-4070 1300 838 618 289 -887
-4569 1146 982 -122 1177 -1279
-5238 843 730 -855 1639 -1764
-5655 874 98 -1178 1472 -2097
-5756 983 -175 -1456 829 -2503
-5476 983 -438 -1612 281 -2618
-4940 861 -444 -1694 295 -2489
-811 1281 -615 -2110 -567 -1204
-538 1300 -533 -1912 -288 -1236
-265 1091 -447 -1774 288 -1396
-246 710 -421 -1714 739 -1587
-291 272 -313 -1657 1385 -1967
-342 -13 -260 -1633 1875 -2407
-485 -491 -323 -1567 2013 -2861
-733 -1089 -223 -1518 1919 -3346
-1032 -1724 -177 -1496 1782 -3662
-592 -4092 -180 -5184 -3905 -3320
-915 -4169 -132 -6037 -3093 -3275
-1572 -4086 -407 -7672 -390 -3441
-2896 -4037 -946 -8265 1192 -3720
-4502 -4121 -1560 -8703 2639 -4288
-5363 -3906 -1837 -8709 1777 -4631
-6749 -3635 -1507 -8788 -846 -4338
-7627 -3485 -809 -9252 -3502 -3335
-7977 -3461 -56 -9547 -4216 -1814
-7535 -3594 1152 -9170 -1774 39
-7894 -3733 2651 -8069 522 2099
-10198 -2892 5875 -6349 -730 3298
-10326 -1802 9385 -4771 -3080 3640
-6967 -541 11279 -1618 -3735 4404
-4969 497 11839 2333 -1259 6177
-4911 2025 11904 5815 343 8099
-5600 2740 10628 7382 -10 9123
-5473 2837 8968 8393 -2781 10050
-4578 1629 4988 8395 -2431 11495
-5688 -581 2952 8509 -3435 12784
-7362 -2380 1626 7717 -6373 13357
-8782 -4370 183 6714 -9559 12351
-7874 -6341 -2137 6548 -11011 11300
-6648 -6934 -3152 7350 -10850 9833
-5522 -6685 -3879 8484 -8950 8337
-4130 -5786 -2972 8685 -8335 6909
-3397 -5240 -1638 8121 -8368 5884
-3301 -5421 -1268 6796 -8650 3961
-1998 -5673 -1827 6037 -8942 2838
-657 -5932 -2419 5437 -8497 1671
129 -5808 -2351 5063 -6806 1050
970 -5194 -2412 4733 -4738 777
931 -4292 -1925 4189 -2688 460
427 -3349 -805 3522 -1470 173
-41 -2717 -89 2165 -169 -345
-634 -1961 508 707 162 -824
-1005 -1395 578 -169 -121 -1038
-1164 -1091 516 -1233 -929 -1216
-1280 -697 422 -2028 -1763 -1279
-1345 -405 332 -2428 -2203 -1300
-1392 -290 262 -2854 -2708 -1341
-1551 -130 -24 -3024 -3052 -1454
-1797 33 -230 -2983 -3152 -1593
-1906 223 -372 -2721 -3131 -1865
-2227 445 -610 -2236 -3055 -2167
-2103 175 -1002 -1812 -3060 -2295
-2281 -181 -1341 -1005 -3107 -2392
-4334 -862 -1911 -22 -2700 -2956
-6055 -1784 -1827 564 -2065 -3494
-8798 -2570 -706 926 -493 -4448
-10100 -2166 -260 691 1603 -5282
-9495 -1567 -1329 681 2052 -4915
-6603 -1580 -3635 1089 845 -3495
-5452 -756 -3705 1775 -678 -816
-4948 -296 -3281 1870 889 950
-4432 405 -2984 1392 4319 1646
-4729 1179 -2608 831 6544 1523
-4834 1920 -1300 -413 8998 504
-3181 905 -1589 -1462 9053 -618
-2105 -34 -1746 -1942 7615 -1284
-1679 -346 -999 -2658 4732 -2144
-932 -167 -101 -3548 2099 -2919
46 -137 581 -4181 847 -3372
899 -266 589 -4973 -294 -3775
2265 -477 318 -5335 -534 -3794
2871 -733 238 -5335 -97 -3696
3057 -1087 323 -5083 1232 -3524
2926 -1719 302 -4567 2492 -3416
2576 -2298 479 -3950 2973 -3392
1889 -2687 939 -3562 3003 -3464
1313 -2841 1149 -3084 2739 -3770
515 -3034 1181 -2654 2049 -4298
-203 -3255 1153 -2354 997 -5008
-734 -3673 1221 -2314 207 -5516
-1169 -4095 1107 -2613 -1164 -6575
-2125 -4211 888 -3092 -1972 -7382
-3267 -4355 69 -3392 -2516 -7903
-4087 -4448 -707 -3620 -3696 -8744
-4734 -3768 -1568 -3678 -4992 -9274
-4511 -3835 -1983 -3859 -5394 -9053
-3983 -4293 -2752 -4124 -5816 -7619
-3443 -4319 -3127 -4373 -6416 -5445
-3472 -3947 -2689 -4597 -6146 -4019
-3808 -3457 -2579 -4731 -4421 -2413
-5035 -1749 -2466 -4374 -744 -2164
-5755 -694 -3753 -3269 3053 -2956
-5482 -308 -4830 -1806 4621 -3305
-5482 187 -4859 -1083 4802 -3172
-5746 252 -4387 -926 4588 -2800
-6719 262 -3209 -2109 3906 -2723
-7664 223 -2133 -4223 2517 -2941
-8366 320 -1930 -5661 1369 -3027
-8711 -121 -2110 -7199 -449 -2740
-8754 -470 -2207 -7795 -2110 -1852
-8693 -850 -2118 -7480 -3213 -637
-8532 -1146 -1594 -6555 -3314 573
-8834 -2217 -777 -5851 -3009 1293
-8878 -3117 395 -4965 -2707 2377
-8996 -3455 1133 -4263 -1779 3372
-10094 -4118 1854 -3684 -1075 3829
-10638 -4736 2836 -2766 -1404 4549
-11869 -5699 4972 -2095 -3707 5496
-13028 -7315 6397 -1602 -6227 6131
-13139 -9099 6356 -34 -10182 7043
-11426 -12201 4743 3414 -11557 7760
-8696 -13617 3494 7763 -8726 8639
-8555 -14241 3315 10084 -6001 9316
-10000 -14155 3159 12237 -1501 10141
-10964 -14185 2715 12999 2366 10909
-11790 -14245 1379 13007 4216 11409
-11878 -14119 750 12253 7227 12323
-11857 -13881 619 10315 9027 13128
-11278 -14179 868 8503 8561 13414
-10276 -14588 933 5669 6187 13207
-7876 -15124 -303 3529 2698 12866
-6371 -14811 -896 2201 -259 12922
-5470 -13749 -782 887 -2104 12322
-5377 -12660 -283 -202 -3301 11479
-5229 -12354 -110 -1956 -6040 10283
-4824 -11684 346 -3430 -9302 9778
-4766 -11455 -481 -3842 -11483 9763
-3893 -11499 -1270 -3449 -11896 9866
-3265 -11259 -1644 -2285 -10337 9857
-2417 -11160 -3139 -478 -7122 9603
-1744 -10568 -4578 1645 -3615 9115
-563 -8988 -5052 2985 -1374 8763
514 -7574 -4743 4456 1366 8452
2177 -6178 -3762 5000 3093 8482
3555 -5221 -2468 4570 4083 8612
4166 -4281 -1174 3834 4382 8595
3825 -4644 -414 2472 3772 8280
2331 -4806 5 1124 2059 7504
814 -4361 999 -241 673 6025
-953 -3650 1184 -1095 123 4722
-1537 -3607 1232 -2284 -369 2328
-4158 -3223 944 -3476 -410 -2177
-6691 -2030 193 -3925 -155 -6105
-9296 -212 -1165 -3896 -1790 -10548
-11098 3152 -2848 -3775 -4454 -13690
-11661 5710 -3880 -4137 -9179 -18163
-11179 9041 -5101 -5579 -12558 -21491
-7971 8704 -4985 -7954 -14373 -22381
-7500 3410 -1564 -10850 -11779 -19844
-5763 -543 -618 -11393 -3933 -15447
-7549 -2281 -1349 -10483 -1887 -12660
-8993 -2929 -135 -9478 -2522 -9437
-9019 -2008 1257 -9044 -3335 -6874
-7688 -985 2065 -8745 -3508 -5352
-6933 -549 2106 -7916 -3289 -3569
-5986 -291 1673 -6646 -3026 -2560
-4813 -176 1514 -5713 -2546 -2210
-4144 -37 1562 -4310 -806 -2054
-3144 322 1545 -2853 1875 -2163
-2753 1065 1333 -1819 3602 -2342
-3127 1365 1109 -279 5311 -2832
-3413 1535 1049 1187 5733 -3418
-3426 2059 1475 2328 5288 -3914
-3247 2456 2346 2757 4715 -4112
-3144 2569 2805 2907 3638 -4222
-3076 2484 2890 2723 2656 -4208
-3214 2384 2995 2454 2203 -4184
-3642 2441 3379 2249 2340 -4186
-3624 2247 3407 2087 3031 -3967
-3823 1531 3103 2208 3493 -3645
-4249 1118 2940 2750 3822 -3074
-4699 528 2856 3565 4003 -2403
-5050 -212 2739 4198 4126 -1893
-5220 -621 2771 5071 4286 -1099
-5153 -1031 2872 5632 4523 -254
-4816 -1194 2921 5792 4686 339
-4458 -1303 2913 5725 4905 1270
-3878 -1575 2714 5517 5029 1926
-3604 -1712 2823 4952 5171 2891
-3262 -1890 2742 4166 5170 3747
-2931 -2100 2656 3564 5104 4254
-2832 -2254 2715 2540 4944 4883
-2762 -2440 2771 1415 4615 5328
-2714 -2592 2729 309 3822 5601
-2443 -2337 881 -2170 -4254 4921
-2355 -2057 726 -1650 -4410 4332
-2379 -1837 663 -1323 -4351 3879
-2026 -1761 332 -827 -4141 3215
-1562 -1816 131 -302 -3789 2698
-1198 -1990 62 22 -3481 2449
-1145 -2147 -51 502 -3002 2150
-1246 -2559 -355 1027 -2549 1868
-963 -2845 -745 1439 -2266 1729
-846 -2992 -931 2125 -1703 1560
-751 -2920 -1223 2894 -785 1330
-962 -2625 -1408 3435 43 1106
-1315 -2448 -1417 4233 1488 626
-1808 -2108 -1343 4973 2779 2
-2391 -1714 -1416 5459 3352 -473
-2566 -1415 -1555 6253 3676 -1221
-3005 -1020 -1433 7046 3616 -1986
-3125 -885 -1301 7521 3476 -2473
-2893 -957 -1124 8112 3284 -3049
-2382 -1450 -817 8370 3283 -3261
-2139 -1851 -885 8655 3475 -3340
-1960 -2158 -1146 8896 3788 -3246
-2152 -2329 -1038 8973 4054 -3175
-2050 -2373 -815 8881 4412 -3056
-2479 -2714 -298 8449 4599 -3040
-2564 -3166 547 7634 4527 -3096
-1991 -3494 874 6951 4384 -3119
-1772 -3558 1006 5802 3923 -3079
-1965 -3709 1026 4612 3057 -3133
-1810 -3775 702 3868 2172 -3200
-2111 -3858 184 2898 151 -3431
-2879 -3814 -318 2182 -2473 -4048
-3438 -3674 -1051 1674 -5023 -5046
-3623 -3422 -1611 1395 -6455 -5793
-3948 -3290 -1884 988 -8140 -7081
-758 -2423 -2422 -882 -2095 -7766
-394 -2445 -2662 1293 779 -6472
-707 -2323 -2093 2684 2679 -5702
-1388 -1837 -1577 4462 5183 -4802
-1770 -1487 -1300 5855 7002 -4212
-2224 -1034 -1014 6876 7819 -3815
-2469 -775 -361 7291 7732 -3614
-2578 -652 555 7426 6927 -3388
-2487 -628 1145 6980 5588 -3244
-2182 -540 1489 6077 4039 -3142
-1992 -451 1425 4928 2524 -3065
-1638 -334 1317 3658 1167 -2978
-1288 -256 1243 2766 433 -2884
-1029 -179 1149 1409 -258 -2635
-603 -76 907 119 -360 -2213
-300 -18 696 -679 -91 -1847
-80 16 667 -1763 731 -1212
-12 12 702 -2754 1870 -542
31 -80 824 -3669 3056 88
-18 -239 992 -4531 4027 622
-48 -395 1160 -5084 4497 925
-96 -549 1250 -5893 4946 1310
-233 -843 1480 -6694 5192 1630
-369 -1302 1645 -7457 5239 1905
-516 -1853 1610 -7884 5143 2086
-764 -2498 1509 -8348 4842 2363
-1002 -3048 1388 -8534 4320 2647
-1493 -3845 1217 -8402 3545 2889
-2013 -4407 1203 -8040 2642 3043
-2380 -4714 1314 -7719 2035 3115
-2586 -4925 1678 -7277 1189 3246
-2688 -5072 1854 -6932 350 3507
-2718 -5420 1878 -6534 -758 4026
-2067 -3897 792 1969 -9037 7829
-1720 -3555 921 2688 -8047 7473
-1494 -3299 1071 3449 -6025 6916
-1228 -2901 1196 3836 -3585 6406
-1133 -2652 1052 4013 -1134 5994
-1205 -2560 897 4042 286 5767
-1261 -2459 727 4013 1904 5488
-1358 -2238 592 3946 2955 5241
-1396 -2035 386 3897 3519 5013
-1221 -1797 -5 3927 3606 4888
-1003 -1593 -270 4096 3419 4766
-669 -1246 -524 4350 3046 4709
-337 -920 -623 4616 2737 4689
-183 -779 -621 4821 2622 4642
18 -706 -659 4922 2648 4594
150 -659 -748 5044 2810 4499
61 -594 -790 5110 3040 4308
-109 -408 -1233 5160 3148 4090
3 -248 -1432 5442 3056 3822
-358 -206 -962 5616 2893 3490
-800 -248 -11 5552 2801 3198
-1084 -330 851 5037 2791 2647
-934 -422 1169 4232 2831 2063
-600 -396 395 3840 2600 1708
-798 -314 113 3422 1731 1103
-1208 -431 77 3114 488 318
-1296 -606 130 2924 -277 -264
-1398 -643 190 2629 -1105 -1177
-1688 -680 287 2298 -1622 -2140
-1997 -700 334 2047 -1922 -2796
-2177 -738 259 1677 -2496 -3740
-2577 -826 174 1306 -3232 -4671
-2974 -990 196 1031 -3721 -5280
-3356 -1349 335 546 -4294 -6188
-3459 -1615 440 -50 -4584 -7018
-3371 -1973 440 -682 -4700 -7650
-3487 -2220 490 -1101 -4752 -7980
-3550 -2255 512 -1710 -4802 -8362
-3511 -2027 506 -2264 -4894 -8646
-3588 -1657 256 -2576 -5069 -8804
-3681 -1382 69 -2952 -5509 -9023
-3520 -1207 -160 -3267 -5892 -9202
-3426 -1051 -168 -3542 -6034 -9302
-2928 -1138 -709 -3608 -6027 -9244
-2470 -1289 -786 -3596 -5720 -8896
-1410 -1802 -626 -3479 -5158 -8069
-408 -2472 -369 -3284 -4377 -6767
-603 -2817 419 -3208 -3679 -5858
-768 -2835 953 -3240 -2395 -4637
-942 -3210 1823 -3525 -1003 -3517
-1377 -3841 2382 -3997 72 -2521
-2266 -4208 2617 -4364 344 -2008
-3270 -4045 2624 -4939 -201 -1570
-3914 -3663 2545 -5738 -2730 -1568
-4570 -2436 2695 -6198 -4478 -1697
-4478 -1784 2859 -7070 -7055 -1779
-3850 -1132 2550 -7916 -9321 -1438
-2953 -965 1508 -8309 -11316 -510
-2511 -1096 605 -8224 -12404 317
-2510 -1102 393 -7745 -13470 1514
-2533 -1040 457 -7320 -13770 2161
-2558 -1073 580 -6667 -13672 2884
-2531 -1162 773 -6071 -12888 3317
-2328 -1263 843 -5520 -11485 3528
-2018 -1224 696 -5169 -10240 3567
-1679 -1209 678 -4730 -7915 3550
-1145 -1301 397 -4324 -5260 3499
-638 -1476 47 -4027 -3443 3469
-303 -1567 -81 -3577 -836 3450
64 -1701 -45 -3315 684 3466
175 -1766 65 -3022 2519 3509
70 -1802 253 -2852 3871 3483
-287 -1678 295 -2766 4516 3363
-578 -1543 267 -2623 5050 2999
-988 -1376 195 -2405 5110 2417
-1488 -1282 175 -2211 4976 1928
-1807 -1240 185 -1833 4642 1046
-2531 -1173 188 -1350 4156 -39
-3198 -1078 240 -970 3776 -870
-3568 -981 416 -396 3253 -2204
-4317 -838 744 99 2882 -3650
-4886 -584 1134 366 2723 -4644
-5071 -366 1522 621 2654 -6100
-5113 -116 2209 657 2787 -7409
-3059 -73 2717 594 2882 -7962
2435 -1118 4039 64 2819 -6547
-866 -3032 1355 -113 1943 -4295
-1719 -1894 434 405 596 -3534
-2358 -1437 1455 980 -941 -2836
-2495 -1604 1001 1588 -1508 -2559
-1932 -2057 -461 2303 -1666 -2344
-1098 -2441 -950 3678 -1569 -1742
-714 -2572 -695 4940 -1146 -857
-735 -2695 -443 5910 -591 17
-1161 -2791 -517 6483 -97 476
-2628 -2972 11 8703 4251 3825
-2584 -2905 138 8379 4112 3973
-2467 -2781 237 7985 3890 4083
-2331 -2556 300 7556 3574 4149
-2303 -2401 472 7236 3331 4145
-2238 -2262 625 6677 2985 4100
-2006 -2072 687 6059 2631 4051
-1822 -1914 658 5449 2241 3993
-1671 -1738 629 5055 1961 3940
-1579 -1621 610 4482 1558 3836
-1480 -1500 621 3917 1211 3701
-1371 -1401 620 3545 1040 3607
-1183 -1243 623 2981 927 3488
-1044 -1157 566 2608 937 3415
-925 -1103 522 2068 1048 3341
-657 -1083 355 1571 1197 3327
-396 -1297 195 1260 1267 3359
-399 -1609 9 865 1308 3383
-145 -1623 -253 575 1316 3361
544 -1246 -825 486 1196 3408
1258 -1202 -1679 626 692 3605
987 -1235 -1505 937 -49 3773
394 -1288 -1330 1194 -415 3690
-340 -1389 -492 1203 -334 3500
-628 -1501 -225 1036 142 3045
-1200 -1643 629 555 783 2411
-2348 -1928 941 108 1139 1820
-2886 -2027 727 -556 1486 664
-3132 -1984 751 -1213 1724 -685
-3722 -1895 834 -1835 1899 -2235
-4509 -1572 1071 -2241 2001 -3398
-5157 -1205 1121 -2801 2078 -5276
-5416 -861 984 -3237 1436 -7117
-5453 -554 321 -3395 665 -8752
-5087 -614 -128 -3486 -53 -9648
-4669 -863 -371 -3608 -1501 -10557
-3482 -1614 -469 -3778 -2613 -10777
-2783 -2285 -144 -4272 -4037 -10536
-2295 -2823 -34 -4910 -4687 -9677
-2205 -3551 221 -5432 -4443 -8461
