0 0 0 0 0 0
6115 -6437 2531 3264 3279 -2306
6204 -6817 2372 5024 3423 -3215
6511 -7273 1948 6086 3375 -3752
6694 -7347 1625 7416 3373 -4357
6787 -7540 844 8163 3470 -4655
6658 -7519 389 9017 3505 -5039
6211 -7603 -487 9552 3025 -5516
5604 -5310 -4211 -1389 -474 -7854
5168 -6882 -2634 8255 1605 -6175
4951 -6884 -3414 9315 132 -7429
5227 -6693 -2642 9407 -298 -7947
5319 -6534 -1853 8335 -185 -8199
5101 -6412 -899 7113 590 -8085
4702 -6381 -739 5060 2136 -7757
3687 -6246 -1147 3868 3088 -7582
2950 -6139 -1684 2687 3917 -7468
2021 -5934 -2522 2347 4078 -7392
1585 -5647 -2716 2215 3896 -7096
1135 -5124 -2493 2151 3617 -6704
881 -4911 -2312 1924 3371 -5873
529 -4483 -1921 1492 3422 -4851
127 -3928 -1619 1121 3531 -4142
-165 -3615 -1629 599 3733 -3157
-489 -3090 -1858 356 3792 -2558
-618 -2786 -2053 155 3548 -1708
-601 -2460 -2447 167 2855 -858
-334 -2110 -2727 272 2247 -266
-42 -1877 -2762 467 1389 653
724 -1465 -2677 578 969 1293
1315 -1280 -2622 698 708 2268
2045 -1071 -2523 740 948 3116
2681 -857 -2530 733 1291 3603
3136 -673 -2548 690 1854 4270
3860 -500 -2420 545 2291 4876
4378 -314 -2348 391 2456 5210
4635 -215 -2276 118 2401 5542
5014 -94 -2102 -72 2167 5642
5192 158 -1751 -373 1697 5612
5199 320 -1376 -739 1106 5315
5201 502 -876 -1140 536 4830
5110 556 -486 -1377 327 4435
5086 656 -323 -1651 371 3857
4974 845 -286 -1742 825 3364
4582 1019 -267 -1724 1277 3062
4249 1182 -246 -1648 2087 2639
3738 1496 -177 -1579 2659 2397
3441 1743 -64 -1528 3472 2106
3097 1948 132 -1569 3927 1966
2782 2004 226 -1743 4384 1788
2051 2099 197 -1916 4512 1625
1672 2004 30 -2153 4394 1324
1352 1652 -213 -2274 4060 1137
1205 1409 -298 -2433 3149 913
1175 1102 -439 -2541 1888 794
1272 873 -511 -2592 986 796
1249 771 -546 -2626 -197 851
1137 662 -681 -2609 -762 878
902 559 -716 -2537 -1226 841
749 482 -670 -2478 -1244 707
622 375 -599 -2467 -1064 582
626 306 -527 -2506 -647 414
631 230 -408 -2624 -198 285
631 181 -352 -2739 60 223
618 145 -357 -2925 378 155
611 91 -424 -3024 561 126
581 42 -508 -3131 793 96
522 72 -498 -3181 867 82
482 99 -473 -3241 814 45
328 160 -453 -3266 702 -7
288 162 -457 -3283 441 -115
324 19 -579 -3247 125 -220
406 -287 -667 -3195 -72 -282
442 -463 -722 -3093 -366 -373
653 -658 -793 -2972 -692 -400
834 -937 -812 -2912 -955 -388
970 -1174 -852 -2892 -1445 -351
1233 -1728 -804 -3018 -1993 -288
1703 -2383 -728 -3218 -2353 -192
2125 -3003 -686 -3657 -2756 94
2642 -3702 -654 -4184 -2956 514
3183 -4016 -816 -4653 -3012 1058
3639 -4212 -1078 -4882 -3002 1470
3669 -4318 -1200 -5135 -2896 2022
3770 -4298 -1388 -5240 -2709 2322
3871 -4044 -1440 -5308 -2315 2710
3899 -3728 -1374 -5315 -1913 3001
3820 -3134 -1243 -5298 -1627 3136
3632 -2801 -1153 -5245 -1093 3165
3304 -2398 -986 -5216 -731 3055
3078 -2102 -819 -5221 -255 2738
2949 -1739 -697 -5220 -28 2401
3020 -1335 -610 -5175 -157 2246
3166 -1050 -558 -5007 -904 2188
3519 -735 -597 -4629 -2174 2338
3903 -470 -524 -4243 -3019 2485
4113 -192 -327 -3572 -3566 2602
4624 121 92 -2983 -2943 2565
5188 330 663 -2745 -2138 2488
5447 562 1126 -2693 -775 2316
5629 886 1619 -2931 383 2041
5386 1090 1992 -3166 718 1718
5102 1053 2199 -3497 400 633
4972 586 2919 -2546 352 -1882
5117 249 3470 -2101 703 -2451
5266 -91 3916 -1545 1145 -3028
5586 -754 4446 -1133 1700 -3373
6031 -1470 4388 -480 2886 -3606
6254 -1594 4137 274 3905 -3682
6544 -1993 3448 1825 5215 -3637
6534 -2402 2616 3058 5790 -3565
6756 -2474 2009 5026 6373 -3402
7077 -2565 957 6292 6789 -3292
6683 -2585 -532 8054 7125 -3351
6038 -2553 -1405 9540 6618 -3957
5234 -2405 -2347 10266 5915 -4670
6690 -1916 -3125 2842 6649 -5355
4316 -2491 -3280 8763 5415 -6589
1630 -5332 -2654 2297 5132 -5774
1228 -5226 -2708 2150 4802 -5114
662 -4886 -3003 2160 4346 -4655
333 -4603 -3233 2298 3303 -3880
-19 -3947 -3408 2424 1887 -2941
-67 -3089 -3302 2432 899 -2196
-56 -2317 -3071 2306 -195 -993
-107 -1841 -2930 2037 -530 184
-299 -1292 -2803 1665 -89 1251
-568 -823 -2730 1201 865 2181
-1072 -437 -2788 852 1620 2701
-1553 -121 -2906 313 2693 3306
-2315 242 -3300 -169 3436 3749
-2688 234 -3773 -456 3469 4011
-2379 43 -3988 -855 2441 4612
-1314 -243 -3954 -1125 491 5580
4 -657 -3447 -1301 -1486 6708
2208 -1241 -2700 -1400 -2424 7449
5326 -2182 -2109 -1509 -3218 8502
7673 -3242 -1870 -1343 -3453 9365
10244 -4292 -2364 -521 -1757 9794
9778 -3977 -2161 59 373 9413
8447 -4075 -1685 409 2550 7481
6248 -3445 -992 285 2298 4659
5141 -2879 -281 58 1134 2907
4954 -2664 119 -408 -493 1111
4994 -2315 453 -882 -1036 475
5013 -2052 429 -1115 -857 585
4820 -1909 257 -1261 -63 1218
4289 -1497 127 -1267 572 1762
3586 -1162 102 -1286 1353 2529
3073 -1032 68 -1399 1851 3038
2425 -797 88 -1531 1985 3235
2061 -609 130 -1803 1919 3359
1557 -361 162 -2112 1706 3309
1290 -252 128 -2302 1552 3207
975 -91 18 -2531 1384 2998
765 15 -63 -2650 1292 2849
666 92 -94 -2784 1138 2667
599 190 -97 -2856 1022 2583
547 298 -150 -2905 917 2523
530 338 -243 -2931 886 2467
554 347 -325 -2935 1011 2441
595 319 -351 -2965 1108 2426
613 223 -403 -3050 1224 2396
608 134 -482 -3124 1250 2359
725 50 -501 -3251 1088 2286
764 -51 -453 -3348 886 2204
798 -154 -429 -3470 600 2017
893 -228 -286 -3553 427 1860
922 -248 -161 -3676 268 1597
978 -293 -55 -3746 263 1409
1068 -325 16 -3820 292 1148
1213 -368 81 -3850 271 1013
1302 -428 80 -3838 161 882
1515 -515 97 -3778 -164 837
1879 -667 93 -3716 -516 857
2241 -872 86 -3592 -1063 972
2735 -1220 89 -3487 -1304 1080
3011 -1422 145 -3337 -1416 1237
3214 -1663 224 -3252 -1274 1298
3340 -1759 180 -3115 -668 1328
3454 -1676 39 -2986 -105 1328
3413 -1447 -48 -2737 794 1297
3337 -1004 -145 -2540 1333 1273
3170 -745 -231 -2228 1859 1185
2800 -395 -353 -2010 2033 1048
2471 -167 -476 -1684 2071 727
2362 -60 -595 -1340 1728 339
2375 -62 -788 -987 1120 -34
2542 -317 -911 -764 649 -252
2717 -519 -967 -483 -165 -538
3347 -848 -980 -359 -791 -645
3807 -1059 -958 -284 -1716 -698
4456 -1351 -882 -297 -2204 -710
4798 -1492 -925 -331 -2486 -765
5177 -1651 -1075 -273 -1943 -950
5121 -1653 -1177 -185 -1112 -1203
4912 -1473 -1232 18 548 -1780
4454 -1270 -1162 141 1536 -2225
4071 -1184 -1009 176 2230 -2890
3613 -1203 -696 -33 1798 -3458
3472 -1345 -319 -287 1079 -3730
3597 -1482 8 -785 -67 -3940
4088 -1782 626 -1132 -569 -3948
4536 -2181 1122 -1622 -610 -3835
5227 -3084 1888 -1887 -120 -3739
5515 -3786 2284 -2051 1092 -3714
5937 -4580 2587 -1892 1819 -3778
6058 -5039 2414 -982 2561 -3985
6417 -5950 2209 684 3133 -4315
6647 -6430 2234 2036 3495 -4602
6683 -6557 2223 4186 4225 -5095
6607 -6507 1999 6224 4884 -5523
6400 -6398 1552 7380 5093 -5717
6193 -6245 1204 8654 5168 -5958
5859 -6085 578 9164 5326 -6156
5689 -6115 30 8937 5767 -6457
5468 -5002 -2959 8593 5784 -6364
5175 -6067 -2944 8858 6100 -6610
5141 -5448 -3177 9070 5590 -6732
4680 -5207 -2531 8282 4137 -6801
4115 -4818 -1912 7348 3281 -6947
3812 -4705 -1670 5795 2395 -7210
3447 -4650 -1702 4516 2100 -7333
3067 -4652 -1721 3883 2111 -7279
2874 -4672 -1741 3227 2347 -6908
2626 -4597 -1515 2753 2651 -6175
2332 -4512 -1252 2451 2821 -5538
2034 -4502 -1169 2018 3142 -4524
1457 -4327 -1136 1749 3365 -3870
1023 -4157 -1156 1361 3587 -2965
442 -3827 -1337 1023 3592 -2168
-16 -3426 -1674 857 3419 -1665
-288 -3153 -1933 708 2821 -933
-556 -2786 -2328 688 2256 -447
-595 -2420 -2546 781 1337 351
-459 -1799 -2671 926 496 1264
-67 -1428 -2696 1006 61 1928
353 -1277 -2539 1010 -334 3007
1269 -1126 -2215 797 -261 4160
2391 -1016 -2185 597 50 4961
3383 -906 -2247 258 628 6019
4196 -940 -2364 -68 1195 6868
5146 -1037 -2334 -310 1417 7255
5613 -1097 -2279 -706 1313 7467
5888 -1098 -2152 -1043 498 7167
5867 -744 -1773 -1193 -286 6683
5989 -514 -1488 -1298 -1085 5715
6273 -401 -1064 -1315 -974 4722
6471 -27 -514 -1346 -435 4163
6463 298 -341 -1430 814 3568
6116 846 -255 -1488 2045 3196
5570 1376 -68 -1545 2536 3006
5189 1640 10 -1618 2604 2735
4546 1747 87 -1641 2278 2522
4086 1784 65 -1577 1581 2106
3518 1767 -68 -1363 1124 1638
3071 1663 -63 -1195 1023 1330
2766 1552 -4 -1002 1119 906
2357 1422 87 -929 1278 663
2100 1350 111 -887 1548 382
1690 1263 104 -891 1721 241
1325 1149 -72 -922 1912 72
1124 1064 -256 -909 2043 -32
769 1029 -446 -880 2142 -83
468 1001 -463 -873 2321 -176
165 900 -483 -946 2445 -275
56 801 -492 -1031 2441 -312
-25 664 -462 -1238 2276 -329
-64 510 -428 -1412 2076 -313
-67 386 -454 -1711 1719 -265
-80 192 -571 -1977 1384 -187
-69 99 -641 -2126 1135 -123
-77 61 -681 -2314 660 -24
-95 19 -706 -2404 342 25
-120 -24 -717 -2493 -16 54
-179 -98 -748 -2530 -234 18
-208 -172 -781 -2530 -301 -32
-216 -197 -774 -2534 -340 -124
-192 -321 -813 -2535 -355 -187
-169 -566 -906 -2541 -399 -251
-123 -728 -955 -2550 -453 -267
-31 -930 -984 -2589 -542 -204
107 -1229 -991 -2643 -641 -120
256 -1520 -1036 -2770 -861 91
668 -2102 -1127 -2873 -1055 315
1165 -2496 -1121 -3090 -1472 861
2132 -3075 -1015 -3289 -1853 1392
2726 -3400 -938 -3674 -2473 2372
3491 -3856 -895 -4070 -2951 3396
4031 -4114 -917 -4308 -3156 4034
4283 -4254 -985 -4594 -3320 4802
4431 -4451 -1007 -4757 -3316 5119
4442 -4510 -1043 -4970 -3022 5225
4489 -4243 -1124 -5138 -2373 4936
4607 -3829 -1068 -5243 -1848 4601
4543 -3563 -1049 -5411 -923 3889
4367 -3145 -1092 -5516 151 3018
4180 -2836 -1138 -5535 745 2434
4050 -2591 -1054 -5528 1092 1713
3853 -2110 -839 -5520 904 1364
3863 -1683 -615 -5531 -5 1104
4031 -899 -283 -5526 -1282 1165
4569 -201 114 -5496 -2056 1371
4939 268 536 -5449 -2648 1823
5350 973 1318 -5466 -2441 2079
5830 1391 2013 -5551 -1197 2299
6126 1608 2464 -5679 446 2208
7067 -1873 5139 2772 3565 -2698
6888 -2663 4384 4254 4450 -2903
7008 -3260 3869 5343 4990 -3103
7687 -4133 3136 6385 5374 -3215
7955 -4698 2782 7615 5414 -3322
7607 -5261 1714 8524 4770 -3872
6306 -5379 420 9100 3908 -4755
5604 -5338 -317 9850 2556 -6699
5172 -4309 984 9418 2030 -7834
5103 -4984 -2208 8324 1937 -8867
5324 -5692 -3210 9545 1793 -10082
5708 -5946 -2886 9415 2417 -10208
5704 -6603 -2533 8705 3212 -9937
5393 -6953 -2360 7105 4480 -9344
4404 -7538 -2378 5472 5179 -9074
3309 -8119 -2742 4636 5250 -9145
2565 -8313 -2886 3813 4645 -9337
1391 -8262 -3081 3475 3761 -9408
834 -7923 -3288 3262 2328 -9192
685 -7267 -3338 3197 1513 -8647
858 -6514 -3103 3003 768 -7132
729 -6029 -2782 2554 968 -5093
206 -5121 -2423 2094 1574 -3639
-507 -4146 -2667 1370 2939 -1511
-1093 -3536 -3094 795 4378 324
-1841 -2550 -3654 456 5034 1339
-2252 -1662 -4411 51 5511 2631
-2437 -1134 -4824 -219 5172 3687
-2609 -515 -5291 -329 4259 4244
-2380 -128 -5007 -506 1969 4792
-1839 -60 -4513 -769 -107 5070
-882 -34 -3412 -1298 -1152 5171
651 -68 -2745 -1737 -1375 5280
2518 -437 -2580 -2272 -1393 5646
3844 -857 -2687 -2410 -1188 6154
5834 -1588 -2686 -2270 -1056 6499
6549 -2037 -2639 -1830 -890 6671
6854 -2225 -2458 -1228 -264 6148
6386 -2110 -1924 -884 367 5420
5903 -2011 -1456 -657 1224 4002
5493 -1726 -734 -781 1500 2834
5248 -1602 -323 -1005 1352 2371
4958 -1463 -43 -1361 960 2156
4816 -1277 24 -1525 635 2288
4642 -1158 -38 -1578 209 2690
4277 -1148 -197 -1406 47 3071
4017 -1041 -268 -1222 67 3267
3904 -991 -225 -980 196 3486
3776 -1004 -15 -931 338 3658
3566 -861 244 -1025 408 3752
3292 -739 412 -1345 550 3784
2980 -616 542 -1638 666 3709
2515 -474 608 -2107 837 3470
2131 -346 595 -2399 909 3256
1919 -302 537 -2762 1004 2903
1648 -292 408 -2991 1144 2568
1425 -146 298 -3072 1211 2373
1293 -59 225 -3104 1253 2141
1068 41 131 -3083 1235 2007
942 89 92 -3024 1113 1831
729 123 73 -2993 948 1703
602 123 66 -2979 646 1471
459 52 69 -2994 471 1303
415 35 84 -3047 275 1053
423 46 100 -3094 189 916
456 13 84 -3164 108 772
536 -87 28 -3194 79 723
573 -143 7 -3223 86 706
639 -167 -5 -3235 129 740
675 -166 -16 -3234 154 778
760 -237 -31 -3228 129 857
829 -259 -16 -3221 44 931
932 -254 -12 -3203 -182 1057
963 -234 -68 -3166 -377 1134
1114 -271 -94 -3076 -830 1271
1520 -400 -120 -3012 -1295 1399
1900 -634 -132 -2918 -2125 1646
2512 -1111 -161 -2811 -2793 1940
3082 -1409 -252 -2705 -2973 2131
3431 -1559 -327 -2514 -2712 2387
3774 -1656 -485 -2279 -1821 2555
3964 -1426 -693 -2102 -930 2602
3947 -1135 -808 -1845 617 2548
3578 -637 -796 -1716 1914 2280
3055 -109 -781 -1708 2481 1959
2776 139 -816 -1758 2831 1330
2492 332 -1030 -1789 2494 638
2508 360 -1300 -1749 1934 223
2691 303 -1503 -1586 769 -233
3073 221 -1625 -1430 -59 -416
3627 81 -1460 -1260 -1135 -548
3912 -62 -1272 -1251 -1771 -611
4216 -131 -947 -1347 -1854 -703
4662 -318 -820 -1534 -1425 -900
4980 -420 -820 -1616 -601 -1112
5226 -500 -763 -1594 -74 -1281
5132 -551 -698 -1468 580 -1683
4763 -551 -431 -1295 1182 -2325
4626 -566 -176 -1202 1502 -2785
4430 -808 268 -1175 1781 -3435
4366 -1163 783 -1238 1856 -3771
4517 -1375 1153 -1416 1871 -3984
4781 -1678 1532 -1567 1792 -3897
5199 -2471 2049 -1739 1595 -3523
5454 -3141 2519 -1728 1648 -3232
5711 -3720 2688 -1333 2065 -2856
6183 -4754 2850 -761 2378 -2677
6550 -5451 2934 546 2744 -2549
6861 -6403 2965 1682 2965 -2568
6980 -6874 2965 3669 3069 -2807
7045 -7374 2671 5100 3123 -3148
7120 -7531 2440 7162 3202 -3931
7026 -7693 1852 8777 3459 -4925
6880 -7783 1240 9448 3478 -5557
6769 -7898 782 9771 3218 -6330
6689 -7860 380 9597 3096 -6754
6285 -6611 -2599 7881 2610 -6944
6128 -7399 -1118 7886 4259 -7752
6654 -7168 -2507 7810 5818 -8373
6238 -7604 -2319 7506 6304 -8423
5829 -7285 -2220 6541 5861 -8208
4808 -7047 -2296 5761 5077 -8043
4186 -6550 -2456 4677 3414 -7762
3053 -5906 -2674 3915 2078 -7593
2137 -5373 -2564 3569 1699 -7529
1755 -5170 -2363 3139 1625 -7242
1429 -5070 -2064 2832 1723 -6828
1301 -4862 -1863 2290 1921 -5822
1014 -4435 -1705 1909 2125 -4992
684 -3995 -1661 1406 2591 -3725
264 -3516 -1843 1171 2896 -2919
-130 -3056 -2159 1012 3093 -1810
-303 -2725 -2340 1013 2932 -826
-455 -2377 -2462 1037 2775 -263
-403 -2101 -2532 1043 2496 492
-28 -1779 -2714 1017 2075 1256
369 -1552 -2786 982 1699 1800
968 -1204 -2788 883 1251 2591
1413 -1017 -2880 826 1132 3066
2011 -727 -2946 713 974 3656
2269 -493 -3010 619 830 3913
2689 -398 -3198 523 496 4135
3244 -304 -3191 486 192 4232
3658 -193 -3045 416 -157 4381
4335 -11 -2756 292 -145 4566
4827 232 -2459 98 152 4719
5102 500 -2250 -56 340 4777
4999 696 -2079 -282 333 4702
4874 905 -1853 -482 -6 4426
4866 1248 -1482 -604 -179 4204
4897 1491 -1254 -794 -194 3898
4766 1741 -949 -1006 64 3568
4349 1936 -460 -1221 336 3295
3953 2041 -147 -1649 889 2786
3366 2098 145 -1958 1315 2408
2868 2008 182 -2343 1973 1867
2597 1897 87 -2534 2549 1437
2161 1673 -231 -2530 2821 1227
1730 1605 -457 -2329 3044 994
1135 1499 -736 -2123 3095 882
681 1285 -792 -1820 2999 813
413 1142 -753 -1642 2621 818
183 916 -599 -1657 1961 891
113 737 -430 -1768 1406 976
122 611 -386 -2007 616 1155
188 400 -449 -2230 85 1359
212 262 -484 -2344 -97 1493
208 204 -474 -2496 -169 1659
189 103 -503 -2610 -48 1769
273 -31 -543 -2664 107 1830
352 -134 -532 -2747 339 1928
439 -186 -510 -2808 421 1992
451 -183 -492 -2904 409 2054
439 -146 -479 -2954 347 2064
428 -127 -468 -2998 245 2018
397 -154 -487 -3011 174 1946
394 -204 -529 -2987 80 1767
386 -274 -529 -2920 22 1527
347 -337 -534 -2857 14 1324
409 -424 -544 -2761 13 1010
516 -669 -504 -2730 -12 815
609 -829 -495 -2715 -80 574
976 -1142 -534 -2735 -163 494
1177 -1406 -565 -2804 -344 497
1524 -1873 -702 -2867 -506 560
1883 -2280 -738 -2995 -803 802
2386 -2783 -583 -3150 -1015 1045
2693 -3189 -412 -3531 -1256 1474
3108 -3646 -198 -4053 -1382 1921
3587 -3774 -265 -4397 -1404 2230
3801 -3799 -410 -4796 -1401 2663
3862 -3858 -647 -4978 -1401 2844
3861 -3855 -871 -5108 -1341 2924
3774 -3764 -1136 -5075 -1164 2779
3676 -3376 -1226 -4990 -942 2596
3618 -2999 -1154 -4875 -519 2278
3427 -2431 -895 -4879 -104 1924
3272 -2093 -718 -4963 111 1694
3214 -1587 -399 -5205 130 1441
3328 -1013 -245 -5386 -132 1374
3438 -742 -280 -5541 -894 1415
3568 -518 -343 -5469 -1749 1492
3695 -397 -346 -5289 -2028 1511
4033 -103 -164 -4910 -1878 1506
4405 48 30 -4641 -1572 1538
5213 263 313 -4242 -1151 1712
5472 506 627 -4021 -986 1801
5416 885 1171 -3790 -685 1610
5176 1254 1726 -3691 -394 1208
8632 -2826 4210 3174 4971 -4244
8276 -3174 3344 5546 6285 -4634
7343 -3503 1946 7746 6702 -5263
6664 -3617 1017 8915 6645 -5813
5821 -3786 -181 10031 6346 -6725
5259 -3900 -1118 10343 6088 -7278
4815 -2736 -2544 8903 7217 -7189
4228 -4298 -3217 9084 6788 -7619
3707 -3830 -3063 9138 6405 -7924
3446 -3924 -3171 8732 5757 -8183
1055 -4328 -3056 2159 2506 -2834
974 -3782 -3035 2157 1587 -1694
830 -2982 -2894 2051 882 -646
599 -2095 -2642 1883 662 -57
422 -1628 -2490 1451 744 612
483 -901 -2418 1101 1018 988
578 -431 -2467 571 1630 1552
826 -4 -2736 271 2094 1938
1080 236 -2940 -53 2673 2570
1291 602 -3162 -232 2885 3146
1462 827 -3288 -250 2790 3456
1800 1051 -3504 -79 2466 3783
2274 1122 -3544 147 2242 3903
2516 1052 -3301 460 1913 3899
2750 870 -2656 550 1664 3763
2970 728 -2221 476 1213 3440
3469 540 -1565 183 530 3139
4171 285 -859 -126 -40 3038
4775 123 -444 -642 -721 3124
5608 -2 112 -979 -816 3335
5706 56 471 -1415 -201 3697
5439 99 551 -1633 655 3829
4801 152 400 -1832 2150 3796
4365 168 229 -1829 3160 3532
3741 161 12 -1735 3251 3308
3299 89 -76 -1522 2455 2924
2829 -23 -39 -1367 1505 2666
2648 -77 31 -1174 111 2345
2384 -117 203 -1096 -688 2115
2116 -27 400 -1119 -855 2004
1933 7 516 -1287 -682 1911
1667 53 637 -1481 -377 1895
1520 50 646 -1849 218 1932
1355 -4 591 -2122 651 1999
1285 -42 517 -2529 1243 2146
1211 -54 346 -2791 1513 2271
1151 -33 221 -3152 1626 2458
977 2 59 -3376 1477 2549
835 44 -43 -3566 1192 2591
678 90 -135 -3779 670 2540
508 96 -255 -3884 239 2363
463 18 -356 -3903 16 2201
447 -32 -396 -3869 -220 1915
519 -146 -441 -3796 -347 1629
621 -208 -501 -3723 -397 1457
751 -261 -512 -3594 -499 1268
934 -312 -455 -3530 -627 1196
1018 -337 -438 -3459 -871 1132
1091 -394 -434 -3423 -1011 1107
1126 -417 -367 -3398 -1161 1052
1143 -419 -344 -3407 -1227 978
1260 -474 -319 -3427 -1242 914
1357 -432 -279 -3447 -1246 888
1437 -393 -290 -3453 -1274 876
1571 -434 -337 -3438 -1306 892
1690 -462 -350 -3390 -1376 948
1917 -561 -376 -3336 -1467 1049
2193 -794 -423 -3300 -1558 1142
2397 -979 -486 -3228 -1731 1333
2693 -1290 -663 -3090 -1861 1577
3125 -1416 -866 -2938 -1875 1796
3364 -1325 -970 -2638 -1773 2168
3488 -1000 -1044 -2405 -1550 2381
3378 -705 -1031 -2066 -856 2537
3081 -301 -1084 -1788 182 2435
2814 -52 -1075 -1660 895 2247
2677 158 -1089 -1580 1752 1835
2594 282 -1144 -1593 2143 1333
2560 220 -1168 -1657 2095 967
2627 183 -1156 -1809 1580 433
2996 83 -1090 -1944 899 146
3377 -26 -1010 -2176 -522 -126
3799 -281 -911 -2377 -1870 -321
4216 -441 -686 -2476 -2330 -478
4582 -484 -440 -2582 -2054 -726
5149 -510 -118 -2633 -831 -989
5404 -574 26 -2603 216 -1200
5549 -565 -12 -2424 1546 -1532
5525 -697 45 -2163 1897 -1911
5405 -1038 423 -2027 1571 -2227
5476 -1338 788 -1941 957 -2779
5829 -1894 1632 -1984 810 -3134
6111 -2310 2316 -2212 1276 -3587
6427 -3081 3170 -2386 1941 -3800
6620 -3811 3444 -2428 2923 -3960
7030 -5059 3543 -1886 3349 -3887
7361 -5948 3355 -1034 3474 -3735
7627 -7067 2834 1057 3899 -3556
7553 -7646 2460 2853 4339 -3543
7168 -8005 2013 5675 4824 -3667
6580 -8103 1720 7298 4789 -3878
6244 -8049 1280 9112 4410 -4384
5833 -7982 543 10119 3439 -5055
5828 -7730 -32 10340 2711 -5529
5868 -7723 -444 8526 2399 -6068
5814 -6852 -1856 8334 2290 -6441
5447 -7617 -3490 8598 1943 -7150
5659 -7182 -3670 8748 1830 -7745
5439 -7091 -2869 7858 1941 -7808
4988 -6804 -2388 6840 2290 -7703
4019 -6515 -2052 5184 2828 -7540
2945 -6107 -2118 4221 2971 -7500
2278 -5812 -2301 3199 2863 -7500
1469 -5486 -2570 2802 2777 -7464
1120 -5205 -2533 2435 2723 -7179
874 -4960 -2220 2043 2716 -6488
622 -4852 -1829 1707 2839 -5851
438 -4616 -1652 1132 3272 -4702
72 -4133 -1624 770 3622 -3882
-221 -3740 -1746 370 3935 -2689
-627 -3243 -2061 185 3814 -1627
-869 -2776 -2432 181 3515 -997
-912 -2495 -2656 327 2839 -121
-682 -2016 -2847 565 2054 745
-372 -1753 -2894 713 1574 1343
384 -1376 -2806 866 1036 2310
901 -1102 -2596 875 854 2953
1796 -827 -2359 765 929 3869
2747 -678 -2309 636 1183 4438
3241 -653 -2371 393 1592 5168
4135 -499 -2421 232 1737 5585
4547 -337 -2421 3 1820 6062
4726 -293 -2362 -236 1791 6165
5092 -241 -2105 -411 1562 6061
5447 -107 -1952 -611 797 5822
5769 63 -1538 -694 151 5604
5815 137 -1242 -774 -479 5086
5727 463 -990 -820 -165 4377
5469 978 -575 -905 460 3859
5249 1258 -336 -1173 1479 3116
4832 1617 -96 -1403 2017 2678
4482 1758 20 -1773 2492 2099
3897 1930 6 -1987 2621 1747
1143 373 -894 -1443 -285 1174
932 293 -705 -1426 -645 1384
717 260 -580 -1502 -885 1527
469 138 -414 -1621 -794 1520
323 -116 -360 -1836 -356 1385
309 -189 -371 -2053 319 1223
307 -222 -361 -2195 752 1118
266 -193 -355 -2428 1151 959
128 -142 -389 -2571 1208 843
58 -85 -470 -2713 1138 664
22 -87 -580 -2743 901 546
47 -123 -652 -2714 619 505
53 -206 -630 -2638 102 473
61 -313 -634 -2573 -221 465
77 -377 -603 -2468 -457 487
63 -422 -568 -2411 -556 508
22 -562 -449 -2411 -711 505
54 -762 -431 -2475 -769 495
140 -996 -444 -2636 -751 477
346 -1305 -464 -2887 -676 527
577 -1751 -424 -3102 -602 617
914 -1922 -413 -3495 -604 891
1521 -2338 -419 -3794 -721 1187
1942 -2704 -400 -4303 -993 1753
2529 -3272 -340 -4664 -1149 2162
2875 -3522 -334 -5199 -1326 2736
3476 -3806 -508 -5579 -1463 3248
4091 -4030 -839 -5693 -1500 3540
4383 -4178 -1080 -5655 -1482 3810
4672 -4232 -1344 -5516 -1358 3834
4692 -4044 -1375 -5246 -955 3586
4412 -3476 -1177 -5079 -364 2971
4018 -2837 -944 -5063 74 2425
3776 -2317 -715 -5187 507 1584
3464 -1736 -510 -5424 417 904
3392 -1255 -481 -5560 0 627
3476 -986 -544 -5618 -1052 498
3700 -787 -669 -5498 -1770 563
3867 -662 -652 -5100 -2336 748
4115 -274 -415 -4595 -2142 925
4204 -68 -133 -4320 -1669 997
4422 169 290 -4137 -1089 1058
4632 305 503 -3998 -384 1194
4902 331 648 -3856 -12 1354
5002 386 651 -3641 122 1410
4788 598 734 -3112 386 1245
4433 789 980 -2699 705 940
4074 822 1139 -2128 1100 224
3848 1025 1594 -1834 923 -284
3767 1223 2404 -1540 134 -895
3937 1276 3441 -1375 -827 -1354
4408 1018 4326 -1194 -1379 -1749
5304 596 5159 -918 -1065 -1963
7312 -399 5855 94 850 -2137
8674 -956 5896 1302 2801 -2147
9353 -1809 5137 3790 5257 -2319
8131 -2438 4167 5579 5952 -2849
6980 -2652 3501 7913 5940 -4461
5957 -2828 2745 9086 5638 -5922
5263 -3090 1385 10234 5048 -7966
5229 -3508 160 10579 4733 -8929
6252 -2272 3906 8715 4440 -8978
4674 -4155 -2152 8991 5086 -9137
3992 -4643 -2993 9399 5028 -9327
3534 -4406 -2826 9162 4269 -9089
2906 -4254 -2467 8637 3849 -8838
2477 -4045 -2376 7692 3695 -8395
1768 -3706 -2281 7105 3720 -8098
620 -2577 -2196 2234 195 -1748
555 -2055 -1996 2036 231 -1145
600 -1638 -1807 1708 348 -698
623 -851 -2919 233 1736 1357
588 -710 -3355 118 2019 1881
722 -478 -3536 -30 2275 2640
1083 -569 -3728 -159 2507 3124
1172 -487 -3920 -324 2875 3747
1437 -303 -4169 -362 2924 4103
1626 -341 -4193 -304 2579 4566
2126 -610 -3951 -236 2192 4830
3053 -1059 -3034 -296 1365 5159
3731 -1199 -2148 -737 192 5452
4461 -1151 -984 -1189 -439 5555
4813 -1121 -449 -1870 -526 5535
5287 -1177 -58 -2361 313 5359
5383 -1229 52 -2522 1020 5167
5143 -1156 -41 -2398 1797 4699
4838 -1172 -75 -2147 1644 4478
4671 -1207 63 -1728 839 4210
4490 -1166 404 -1412 38 4017
4214 -1030 724 -1300 -204 3901
3982 -919 845 -1291 -155 3733
3610 -731 925 -1459 247 3588
3158 -573 937 -1666 619 3498
2838 -476 865 -2068 1209 3334
2447 -377 721 -2364 1563 3221
2140 -344 452 -2792 1947 3064
745 43 -80 -3646 1092 782
782 -9 -184 -3558 1034 664
743 -42 -273 -3404 807 538
744 -109 -302 -3272 418 474
756 -96 -259 -3208 103 458
826 -102 -189 -3154 -346 465
814 -107 -109 -3139 -577 468
851 -124 -79 -3130 -805 468
944 -59 -19 -3133 -899 473
1063 -23 -18 -3133 -987 497
1373 -69 -65 -3120 -1009 553
1575 -120 -107 -3077 -1049 693
2101 -279 -177 -3043 -1115 843
2537 -416 -232 -2971 -1320 1177
3159 -621 -300 -2894 -1598 1575
3590 -698 -302 -2856 -1717 1826
3743 -572 -317 -2825 -1595 2053
3945 -265 -419 -2819 -1273 2077
3927 -20 -504 -2839 -475 1857
3764 184 -710 -2853 569 1291
3618 380 -795 -2849 1203 752
3453 672 -828 -2830 1609 -159
3425 786 -827 -2796 1474 -740
3554 804 -762 -2731 970 -1436
3775 782 -665 -2698 581 -1739
4087 661 -374 -2696 244 -1927
4392 595 -130 -2768 -184 -2018
4848 599 366 -2868 -375 -1941
5125 652 1052 -2953 -219 -1883
5328 527 1553 -3102 143 -1848
5594 -200 2277 -3182 326 -1932
5694 -710 2555 -3049 835 -2251
5923 -1496 2853 -2697 1357 -2537
6042 -2091 3022 -1814 2067 -2910
6293 -3006 3330 -1057 2467 -3014
6635 -3749 3572 137 2863 -2868
7144 -5008 3700 952 2954 -2622
7325 -5593 3704 2227 3045 -2317
7226 -6337 3297 3161 3250 -2357
7139 -6713 2752 4796 3616 -2748
7221 -7314 1872 5957 3617 -3118
7335 -7659 1199 7639 3199 -3688
7152 -7831 288 8650 2641 -4100
6818 -7684 -23 9745 1474 -4855
6154 -7216 46 10049 648 -5834
7710 -4354 2628 8013 2249 -5716
5312 -7206 -913 8070 2247 -6706
5391 -7130 -1208 8248 2631 -7336
5658 -7181 -1279 8113 3121 -7576
5340 -7349 -1458 7560 3746 -7316
4519 -6829 -1413 6980 3920 -7001
3751 -6494 -1472 5951 3868 -6605
2523 -5905 -1736 5291 3775 -6459
1815 -5510 -1926 4447 3485 -6330
1142 -4874 -2098 3980 3143 -6209
907 -4482 -2089 3345 2584 -5832
680 -4046 -1914 2681 2179 -5234
504 -3713 -1697 2216 2072 -4756
409 -3507 -1579 1542 2135 -3973
329 -3127 -1549 999 2305 -3136
242 -2831 -1610 762 2400 -2586
69 -2501 -1770 577 2443 -1861
67 -2272 -1975 560 2365 -1430
111 -2123 -2011 620 2103 -840
446 -1907 -2052 716 1757 -227
1017 -1646 -2076 782 1507 239
1471 -1443 -2060 855 1158 1026
2223 -1142 -2125 910 1037 1598
2623 -829 -2102 967 1032 2387
2770 -591 -2080 970 1200 2986
3073 -189 -2057 929 1389 3290
3325 -44 -2059 787 1661 3632
3741 123 -1982 641 1728 3824
4091 192 -1945 377 1682 4096
4624 322 -1869 200 1624 4291
4990 536 -1615 -101 1519 4568
5132 672 -1433 -471 1342 4753
5180 1055 -1353 -700 1187 4801
4970 1245 -1204 -1001 967 4617
4622 1583 -960 -1266 1037 4148
4238 1980 -747 -1407 1337 3742
3997 2224 -522 -1579 1876 3096
3675 2478 -213 -1725 2270 2512
3282 2482 -245 -1761 2412 2175
3002 2376 -457 -1617 2361 1752
2450 2160 -717 -1398 2196 1516
2076 2050 -821 -980 1952 1229
1688 1879 -725 -716 1829 1105
1611 1756 -564 -442 1580 1071
1476 1502 -286 -386 1357 1100
1354 1297 -154 -462 1066 1117
1199 957 -306 -577 994 1065
1062 687 -642 -599 1085 999
907 532 -801 -579 1318 844
622 363 -932 -587 1560 601
332 298 -778 -675 1684 405
199 246 -645 -971 1769 90
2 143 -479 -1261 1742 -122
-75 48 -401 -1790 1508 -413
-83 -100 -317 -2176 1224 -560
-33 -192 -312 -2740 669 -687
84 -325 -416 -3211 100 -688
194 -473 -608 -3532 -333 -590
236 -626 -759 -3665 -503 -491
193 -684 -821 -3780 -618 -330
179 -746 -910 -3802 -676 -216
141 -771 -919 -3805 -805 -49
91 -803 -850 -3827 -1014 100
44 -843 -898 -3840 -1167 191
-9 -849 -934 -3853 -1370 303
-53 -893 -892 -3897 -1494 371
2 -993 -898 -4010 -1708 505
306 -1264 -913 -4117 -1872 644
647 -1540 -873 -4308 -2146 991
1269 -2062 -955 -4461 -2300 1319
2128 -2682 -1032 -4679 -2429 1957
2607 -3199 -993 -4990 -2534 2711
3716 -4033 -1126 -5390 -2765 3568
5099 -4759 -1260 -5686 -2994 4187
5711 -5130 -1364 -6104 -3243 4985
6469 -5214 -1696 -6349 -2910 5394
6207 -4751 -1830 -6440 -2108 5293
5678 -4272 -1781 -6591 -60 4429
4459 -3291 -1541 -6760 1497 3435
3831 -2710 -1343 -7053 3023 1662
3104 -2157 -1267 -7196 2739 123
3089 -1596 -1149 -7149 1395 -508
3485 -1092 -970 -6888 -1719 -642
4081 -692 -707 -6565 -3580 -323
4552 -639 -253 -5972 -4704 337
5327 -390 930 -5674 -4214 750
5767 -164 1791 -5513 -2386 1256
6582 258 2925 -5559 -1199 1572
6748 394 3686 -5730 -238 1820
6420 279 4398 -5623 99 1349
5868 -113 4969 -5226 -132 548
5782 -460 5012 -3971 -651 -1093
6535 -1085 5076 -2737 -763 -2141
7227 -1517 5250 -707 -263 -3327
8106 -1876 5775 1064 995 -4029
8241 -1984 5981 2011 2144 -4357
8124 -1957 5842 3203 4015 -4738
7580 -2067 4875 3972 5164 -5004
7142 -2136 3706 5369 6471 -5424
6416 -2282 1642 7102 7316 -5842
5521 -2262 -577 8351 7654 -6099
5044 -2278 -1597 9858 7658 -6445
3403 -2581 -1607 10401 7522 -6717
4016 -1594 -3503 9366 7885 -6765
3015 -3007 -4099 9480 7250 -7408
2809 -2547 -3496 9161 6597 -7748
2670 -2761 -3195 2117 2665 -3319
976 -3236 -2320 1994 1763 -2753
1193 -2895 -2515 1967 520 -1834
1281 -2503 -2530 1997 -98 -1221
1275 -2261 -2374 1954 -556 -395
1181 -1815 -2027 1782 -500 76
1089 -1526 -1883 1331 126 646
955 -1065 -1849 934 814 981
831 -803 -2021 327 1972 1452
672 -472 -2462 -144 2792 1936
898 -172 -2885 -327 2946 2324
4528 -432 -855 -1012 -359 4949
5102 -607 -322 -1585 -657 5315
5060 -733 -164 -1825 -443 5335
4937 -815 -153 -1936 280 5048
4657 -860 -300 -1732 940 4561
4535 -837 -337 -1334 1043 4105
4356 -936 -178 -1055 766 3871
4285 -959 75 -803 107 3655
4168 -935 467 -770 -267 3597
3980 -894 666 -893 -499 3560
3616 -779 832 -1150 -340 3518
3327 -680 884 -1354 -74 3459
2872 -553 884 -1675 457 3315
2360 -410 788 -1883 838 3174
2036 -307 690 -2158 1263 2903
1555 -208 514 -2373 1420 2584
1223 -141 352 -2486 1397 2368
1095 -92 251 -2607 1205 2088
1045 -68 97 -2654 1019 1944
998 -75 -7 -2676 780 1793
883 -67 -151 -2666 652 1701
781 -72 -214 -2645 368 1559
634 -25 -284 -2637 69 1456
519 -1 -319 -2635 -474 1294
451 -2 -328 -2663 -953 1111
402 -49 -358 -2693 -1161 984
405 -134 -389 -2764 -1285 799
469 -187 -380 -2860 -1232 661
575 -225 -359 -2934 -1130 616
635 -250 -314 -3068 -929 606
759 -254 -224 -3180 -784 648
923 -250 -162 -3370 -572 760
1003 -228 -117 -3567 -410 927
1128 -203 -136 -3684 -320 1051
1294 -136 -155 -3833 -239 1259
1712 -118 -241 -3908 -227 1449
2179 -178 -418 -3924 -275 1864
2892 -387 -540 -3862 -410 2408
3507 -530 -652 -3799 -412 2795
3802 -460 -779 -3673 -14 3279
4156 -137 -909 -3576 471 3492
4186 143 -959 -3502 1365 3534
3909 813 -1095 -3477 2039 3315
3583 1500 -1191 -3458 2988 2621
3455 1730 -1274 -3427 3340 1615
3350 1828 -1330 -3387 2935 855
3463 1817 -1267 -3311 1298 -231
4018 1854 -858 -3306 -200 -807
4717 1679 -267 -3428 -2133 -1434
5157 1437 89 -3659 -2484 -1906
5680 1073 587 -3870 -1093 -2327
5966 666 976 -3936 190 -2585
6008 434 1261 -3917 1622 -2920
6180 -304 1723 -3829 1851 -3089
6271 -917 2003 -3542 1203 -3293
6464 -1968 2299 -3172 869 -3467
6664 -2675 2544 -2307 1392 -3709
6754 -3824 2976 -1584 2264 -3763
6724 -4704 3222 -477 3314 -3534
6973 -6084 3737 487 3191 -2836
7059 -6855 3737 1207 2910 -2355
6974 -7584 3393 2723 2935 -2038
6800 -7903 2858 4077 3271 -2186
6638 -8164 2029 6352 3903 -2724
6691 -8050 1668 7708 4068 -3117
6678 -7975 1307 9244 4079 -3680
6640 -7874 706 9934 3865 -4034
6501 -7771 168 10557 3281 -4616
5574 -7992 -3730 9719 3674 -5104
5996 -6141 -1551 9832 1963 -5381
5278 -7340 -2813 10233 1761 -6427
5680 -6043 -2012 10073 1556 -6846
5423 -6289 -1800 9176 1982 -7186
4812 -5925 -1335 8246 2506 -7266
4312 -5847 -1282 6681 3066 -7245
3472 -5564 -1318 5664 3223 -7188
2986 -5360 -1411 4365 3174 -7040
2301 -5140 -1772 3756 3141 -6887
1785 -4708 -1860 3173 3078 -6495
1457 -4526 -1804 2754 2954 -5925
1035 -4318 -1630 2348 2895 -5242
699 -4017 -1450 2054 2934 -4741
505 -3768 -1382 1742 3046 -4214
291 -3513 -1333 1270 3311 -3416
-17 -3096 -1395 838 3440 -2634
-280 -2813 -1603 605 3339 -2128
-375 -2613 -1801 382 2875 -1356
-305 -2240 -2107 325 2395 -808
-225 -2001 -2234 349 1601 29
68 -1697 -2336 419 935 855
720 -1356 -2302 460 609 1436
1216 -1126 -2226 440 391 2320
2143 -913 -2221 386 426 2887
2795 -840 -2321 292 752 3698
3475 -762 -2408 225 1052 4152
3840 -641 -2429 106 1312 4661
4283 -404 -2578 60 1339 4896
4542 -381 -2622 54 1222 5108
4894 -354 -2343 -30 882 5165
5110 -289 -2045 -167 677 5141
5526 -38 -1560 -481 484 5058
5815 146 -1028 -752 353 4987
5851 272 -744 -1186 150 4753
5648 554 -358 -1450 57 4505
5486 811 -263 -1727 259 4033
5230 1230 -236 -1816 1007 3561
4864 1700 -147 -1825 1530 3267
4510 1964 -71 -1804 2021 2833
3843 2100 62 -1790 2128 2514
3362 2090 69 -1748 2064 1963
2686 1984 96 -1702 1903 1587
2293 1907 160 -1646 1546 1070
1718 1781 241 -1624 1244 652
1144 1640 208 -1613 1204 414
862 1506 120 -1569 1399 143
614 1202 -33 -1531 1593 41
548 970 -219 -1448 1831 31
507 645 -464 -1348 1977 197
416 491 -531 -1305 1895 467
343 411 -491 -1337 1678 677
250 365 -426 -1495 1248 966
141 305 -325 -1767 865 1184
86 227 -286 -1983 678 1279
87 118 -247 -2338 492 1369
90 59 -283 -2672 462 1384
107 -19 -350 -2862 518 1364
143 -111 -455 -3077 650 1290
160 -187 -578 -3205 677 1194
224 -205 -624 -3259 577 1140
296 -222 -746 -3294 220 1075
312 -318 -831 -3292 -94 1026
313 -421 -912 -3243 -535 896
316 -593 -1027 -3183 -720 774
470 -872 -1036 -3119 -830 574
551 -1113 -1062 -3117 -765 411
623 -1370 -1064 -3162 -648 337
846 -1724 -1041 -3348 -517 323
1067 -2065 -905 -3577 -563 374
1360 -2419 -835 -4101 -844 580
1937 -3095 -883 -4521 -1115 844
2307 -3473 -910 -5186 -1525 1387
2815 -3829 -987 -5781 -1835 2019
3265 -3973 -1123 -6079 -2005 2453
3872 -1495 -543 -6769 -1078 724
3986 -1207 -289 -6460 -2528 785
4336 -767 230 -6173 -3141 944
4457 -389 846 -5713 -3286 1214
4586 104 1717 -5431 -2958 1364
4664 294 2059 -4925 -2414 1554
5260 386 2770 -4348 -2536 1696
6411 259 3840 -3977 -2468 1730
7089 213 4519 -3442 -1384 1397
8004 -168 5130 -3008 -116 865
8304 -415 5282 -2033 1869 -331
8504 -837 5041 -468 2893 -1708
8266 -1242 5133 755 2995 -2691
8256 -1238 5198 2667 3467 -4164
8472 -1252 5010 4597 4676 -5290
8208 -1155 4262 5809 5581 -5769
7583 -1198 3500 7369 6957 -6303
6421 -1518 1535 8258 7755 -6621
5683 -1821 139 9339 8313 -7045
4528 -2309 -1746 8991 8240 -7235
3596 -2245 -3198 8602 8062 -7238
3034 -2896 -3770 9297 7797 -7940
2685 -2745 -3869 9634 5922 -8215
2648 -2538 -3066 9364 4522 -8176
2664 -2439 -2692 8501 3336 -7892
2559 -2294 -2000 7280 3184 -7483
2350 -2509 -1402 6277 3447 -7221
2175 -2769 -1263 4737 4018 -6853
1946 -3058 -1427 3854 4170 -6562
1732 -3170 -1600 2889 3694 -6045
1601 -3437 -1884 2381 2692 -5435
1594 -3490 -1895 2228 2036 -4969
1555 -3406 -1831 2147 1361 -4189
1561 -3258 -1763 2145 923 -3286
1686 -2875 -1524 2093 674 -2604
1526 -2605 -1353 1818 618 -1687
1309 -2302 -1348 1521 829 -1198
1209 -1980 -1489 1035 1309 -556
391 318 -3393 363 897 3758
603 223 -3110 280 853 4179
952 165 -2467 -13 793 4615
1482 -120 -1714 -380 640 4888
2111 -592 -1371 -1078 246 5292
3771 -1419 -1110 -1508 -64 5660
4893 -1760 -1047 -1920 -470 6365
5767 -1978 -1060 -1982 -528 6778
5716 -2038 -1123 -1778 -153 6947
5355 -2077 -1151 -1379 563 6494
4965 -2042 -953 -1128 969 5968
4572 -1922 -505 -916 1180 5046
4376 -1870 -165 -986 1080 4217
4173 -1801 193 -1168 1033 3817
4007 -1715 304 -1540 942 3453
3647 -1587 325 -1787 865 3323
3317 -1431 309 -2099 862 3193
2821 -1171 353 -2272 939 3120
2506 -1041 377 -2511 1111 2990
2078 -844 408 -2650 1244 2889
1812 -734 391 -2823 1448 2708
1450 -596 335 -2919 1534 2573
1136 -468 246 -3014 1484 2359
993 -367 181 -3058 1166 2167
897 -304 121 -3069 850 2058
802 -271 103 -3077 360 1925
794 -260 149 -3102 89 1861
797 -264 205 -3183 -168 1776
836 -303 233 -3302 -204 1686
871 -351 231 -3385 -110 1628
945 -379 188 -3505 89 1569
1113 -418 56 -3576 229 1575
1185 -427 -2 -3601 223 1600
1205 -389 -47 -3616 126 1624
1163 -356 -50 -3618 71 1608
1204 -357 -24 -3632 -7 1559
1319 -378 -6 -3643 -86 1524
1405 -383 1 -3643 -279 1493
1579 -327 52 -3630 -475 1499
1866 -310 110 -3596 -831 1563
2155 -379 108 -3533 -1157 1705
2708 -579 96 -3468 -1339 1850
3208 -706 71 -3322 -1569 2180
3779 -712 64 -3109 -1549 2528
4088 -667 -29 -2938 -1266 2673
4149 -550 -98 -2665 -411 2675
4000 -270 -212 -2409 679 2350
3765 192 -333 -2186 1639 1732
3516 424 -530 -2049 2086 1213
3470 482 -674 -1845 2314 419
3440 429 -821 -1732 2065 -68
3458 338 -851 -1620 1241 -691
3676 182 -760 -1622 231 -1110
4074 -12 -537 -1739 -720 -1290
4584 39 -380 -1849 -1233 -1292
4774 -79 -258 -1977 -1478 -1363
5100 -710 -265 -1979 -972 -1697
5755 -1069 -413 -1845 -434 -1999
6090 -1405 -427 -1499 347 -2520
6158 -1556 -335 -1229 922 -2960
5968 -1523 -159 -873 1777 -3706
5364 -1611 232 -717 2211 -4468
4810 -1694 690 -739 2055 -4888
4653 -1865 947 -851 1306 -5238
4573 -2140 1316 -836 819 -5240
4525 -2375 1845 -693 856 -5073
4510 -2616 2197 -251 1325 -4634
4456 -3113 2563 229 1758 -4212
4463 -3445 2814 1204 2258 -3409
4652 -3800 3121 1938 2570 -2790
5394 -4325 3672 3004 3538 -1895
7256 -5428 3476 3726 4346 -1309
8353 -6198 2907 5033 5139 -620
8882 -7578 1408 6797 4716 -961
8480 -8311 -144 8195 3670 -2047
8144 -8406 -614 9910 1412 -4809
7526 -5531 1022 8745 573 -7405
7550 -7708 -447 8271 432 -9073
7975 -7578 -645 7493 1616 -10563
7439 -7995 -1274 6362 2598 -10385
6476 -7696 -1704 5319 3421 -9697
4727 -7381 -2335 4575 3792 -9208
3277 -6821 -2689 4240 3732 -9027
2409 -6288 -2622 3767 3392 -8752
2090 -5950 -2392 3170 3200 -8222
1841 -5647 -2164 2693 3228 -7673
1487 -5439 -1879 1937 3457 -6657
1030 -5318 -1836 1458 3642 -5926
713 -5051 -1971 928 3771 -4817
201 -4531 -2222 650 3677 -3754
-262 -3966 -2477 575 3514 -3093
-509 -3599 -2600 550 3169 -2165
-741 -3050 -2699 560 2747 -1264
-800 -2541 -2835 578 2497 -651
-650 -2250 -2930 626 2114 340
-341 -1785 -2981 643 1829 1043
-69 -1455 -2977 624 1513 2105
566 -1079 -2942 544 1436 3122
1365 -749 -3031 467 1454 3760
1877 -603 -3099 340 1368 4553
2655 -457 -3264 278 1205 4938
3133 -412 -3315 232 647 5261
4040 -358 -3169 224 -216 5349
4667 -209 -3011 258 -663 5289
4934 -99 -2873 353 -811 4985
5379 68 -2579 392 -358 4568
5834 466 -2245 355 214 4351
5866 767 -1901 115 987 4076
5533 1242 -1502 -142 1235 3856
5149 1611 -1232 -599 1080 3402
4508 1976 -760 -914 835 2985
4180 2176 -593 -1283 733 2315
3627 2293 -367 -1534 1018 1653
3048 2257 -197 -1661 1364 1253
2705 2184 -174 -1779 1965 808
2405 2121 -167 -1802 2308 629
2026 1982 -179 -1801 2589 549
1747 1682 -359 -1762 3000 593
1489 1549 -520 -1665 3393 754
976 1386 -586 -1622 3531 876
680 1243 -600 -1632 3382 1056
313 1048 -677 -1676 3073 1180
94 944 -719 -1777 2388 1333
-84 769 -745 -1859 1859 1416
-124 648 -748 -2001 1131 1513
-129 435 -688 -2094 761 1562
-96 328 -607 -2267 419 1627
-14 208 -497 -2472 278 1691
78 46 -373 -2634 258 1743
149 -91 -332 -2893 273 1820
261 -264 -352 -3130 279 1913
389 -340 -400 -3257 229 2004
506 -336 -366 -3420 51 2136
515 -333 -316 -3520 -117 2189
537 -372 -291 -3631 -367 2187
519 -405 -279 -3703 -570 2055
455 -458 -333 -3709 -634 1893
433 -495 -356 -3658 -615 1562
448 -566 -447 -3547 -510 1202
540 -681 -500 -3470 -423 976
682 -874 -498 -3382 -342 706
1082 -1147 -569 -3353 -389 626
1380 -1338 -613 -3349 -621 675
1733 -1707 -659 -3383 -866 796
1997 -1961 -668 -3508 -1248 1070
2454 -2327 -591 -3754 -1589 1426
2888 -2740 -462 -3995 -1766 1675
3203 -3006 -411 -4423 -1928 2058
3740 -3201 -555 -4692 -2017 2335
4160 -3414 -884 -4940 -2111 2719
4225 -3510 -1026 -5034 -2127 2922
4288 -3577 -1172 -5040 -1939 2875
4296 -3387 -1206 -5029 -1679 2728
4244 -3162 -1220 -4999 -1119 2404
4111 -2621 -1154 -5002 -705 2159
3917 -2238 -1058 -5082 -244 1784
3639 -1638 -882 -5251 -169 1449
3529 -1008 -786 -5356 -358 1290
3565 -591 -740 -5428 -989 1186
3682 -168 -693 -5390 -1487 1169
3777 52 -582 -5209 -2026 1130
3942 430 -208 -5063 -2146 1075
4049 644 140 -4907 -1931 923
4521 858 681 -4829 -1433 838
5167 1052 1232 -4787 -1133 884
5257 1184 1567 -4653 -836 907
5040 1341 2038 -4461 -611 735
4964 1392 2346 -3985 -148 200
5100 1238 2879 -3569 33 -249
5477 1027 3429 -2934 -106 -880
6382 503 4175 -2508 -70 -1231
6927 201 4666 -1813 521 -1691
7438 -243 5216 -1303 1237 -2039
7654 -675 5272 -344 2662 -2633
7719 -1372 5015 974 3972 -3288
8056 -2250 4318 2049 4603 -3660
8218 -2804 3548 3954 5365 -4117
7980 -3344 2150 5377 5821 -4442
7668 -3585 1048 7552 6262 -5030
6900 -3901 -321 8811 6246 -5508
6313 -3921 -880 10103 5712 -6404
5796 -3932 -1349 10452 5310 -7087
5816 -4088 -3737 9209 5686 -7647
5288 -4249 -2297 8491 6296 -8522
4987 -4344 -3406 8220 6564 -9191
-128 -6061 -3881 2718 2372 -4471
-297 -5563 -3739 2478 581 -2735
-493 -4647 -3391 2062 -396 -933
-863 -3700 -3073 1743 -452 184
-1143 -3100 -2892 1207 112 1650
-1398 -2146 -2740 597 958 2910
-1464 -1267 -2950 225 1482 3678
-1404 -759 -3219 -147 1922 4707
-1039 -148 -3445 -284 1965 5291
-480 4 -3508 -415 2053 6061
-76 471 -3446 -602 1874 6578
744 588 -3325 -736 1210 6763
1687 490 -3373 -688 -230 6910
3820 92 -3319 -289 -1271 6973
5995 -692 -2668 72 -1138 6831
6862 -1063 -2087 177 15 6142
6984 -1279 -1556 116 806 5406
6657 -1235 -1402 -9 1565 4071
5975 -1151 -1174 -57 1602 3177
5562 -1102 -1016 -74 1091 2099
5326 -1148 -811 -59 612 1687
5362 -1088 -687 -11 -5 1578
5425 -1033 -636 41 -159 1775
5319 -932 -510 94 26 2218
4895 -671 -359 78 338 2475
4632 -573 -362 -2 815 2720
4162 -395 -411 -80 1008 2783
3815 -288 -397 -223 1034 2719
3318 -137 -317 -344 939 2589
3068 -53 -257 -558 850 2338
2788 80 -165 -719 836 2176
2614 155 -86 -1005 869 1961
2325 230 -3 -1222 936 1847
2108 286 31 -1556 1075 1686
1790 347 85 -1785 1184 1584
1563 405 71 -2115 1326 1437
1205 477 -56 -2366 1443 1270
797 567 -170 -2492 1459 1136
549 621 -249 -2621 1394 908
210 670 -319 -2680 1267 744
50 670 -322 -2767 921 506
-103 627 -279 -2835 637 360
-176 559 -247 -2957 239 176
-185 500 -258 -3068 -42 41
-146 405 -267 -3134 -135 -20
-96 333 -266 -3225 -158 -57
5 237 -279 -3277 -119 -48
75 167 -277 -3351 -15 25
222 89 -261 -3407 19 110
310 56 -261 -3497 -18 274
394 -8 -291 -3570 -177 451
635 -55 -344 -3647 -698 782
803 -70 -420 -3619 -934 916
1011 -110 -451 -3527 -1306 1129
1321 -222 -548 -3426 -1572 1275
1492 -368 -633 -3222 -1984 1447
1818 -721 -748 -2976 -2312 1568
2247 -1062 -831 -2807 -2421 1648
2769 -1253 -932 -2532 -2389 1881
3514 -1329 -1013 -2345 -2262 2130
3856 -1097 -1033 -2092 -1894 2544
3824 -717 -999 -1911 -1250 2815
3572 -11 -988 -1850 -672 2855
3305 430 -1082 -1824 260 2640
2972 824 -1247 -1856 977 2149
2991 1025 -1378 -1913 1213 1756
3150 1051 -1439 -2039 1074 1173
3326 1014 -1310 -2159 610 791
3870 1080 -993 -2431 -431 286
4234 985 -866 -2737 -1321 -105
4613 833 -543 -2940 -1516 -369
4797 876 -159 -3304 -945 -807
5331 1267 404 -3663 317 -1140
5684 1516 1141 -3899 892 -1307
6043 1401 1430 -4099 963 -1496
6299 662 1773 -4014 972 -1669
6402 -428 2304 -3590 1445 -2160
6659 -1200 2686 -2886 2304 -2737
7306 -2844 3426 -2102 2732 -3017
7906 -4191 3800 -1557 2566 -2953
8618 -5897 4008 -504 2312 -2666
8647 -7352 3699 497 2494 -2570
8522 -8160 2910 2664 3146 -2740
8127 -9211 1785 5328 3367 -3224
7817 -9569 1176 6997 3176 -3663
7309 -9506 1078 8786 2960 -4656
6482 -9271 763 9428 2811 -5487
6045 -9114 329 9782 2168 -6653
5640 -8814 -290 9716 1426 -7255
5506 -8610 -727 9109 -136 -7474
5305 -7559 -1668 7914 122 -7541
4456 -8270 -2320 8116 1213 -8243
4378 -7461 -2368 7986 2771 -8460
4059 -7488 -2067 7462 3286 -8280
3291 -6936 -1783 6187 3376 -7784
2276 -6395 -1855 5220 3129 -7475
1655 -6068 -2168 3978 2705 -7115
1003 -5502 -2462 3371 2487 -6861
801 -5115 -2448 2677 2320 -6298
634 -4603 -2223 2285 2363 -5771
519 -4346 -2071 1727 2729 -4833
282 -3913 -1838 1372 3098 -4164
75 -3559 -1708 856 3556 -3193
-281 -3064 -1778 465 3750 -2364
-633 -2584 -1982 321 3677 -1908
-939 -2252 -2222 275 3172 -1371
-1008 -2066 -2310 375 2311 -908
-916 -1788 -2319 476 1681 -584
-578 -1623 -2181 593 897 -17
-260 -1528 -2022 586 429 650
556 -1475 -1893 515 240 1187
1198 -1362 -1849 387 65 2134
2242 -1319 -1923 321 84 2781
3440 -1411 -2165 314 461 3772
4139 -1364 -2288 403 959 4679
5052 -1085 -2442 498 1215 5202
5312 -919 -2465 601 1545 5689
5348 -854 -2507 604 1556 5689
5358 -708 -2436 552 1264 5471
5396 -473 -2220 393 648 4989
5747 56 -1980 241 306 4672
5933 298 -1916 38 152 4288
5999 666 -2065 -61 497 3948
5640 1061 -2214 -74 1050 3706
5206 1311 -2069 -189 1984 3288
4423 1655 -1495 -604 2562 2820
3715 1870 -724 -1080 2672 2499
3271 1978 -250 -1980 2458 2043
2753 2096 301 -2609 2121 1779
2380 2109 544 -3409 1659 1471
1973 2065 542 -3880 1502 1237
1591 1980 477 -3989 1595 975
898 1807 222 -3871 1781 737
546 1632 11 -3451 2083 349
212 1318 -214 -3073 2156 128
161 1084 -296 -2495 2030 -36
178 698 -286 -2181 1852 -27
248 490 -238 -1876 1464 152
331 343 -195 -1800 1119 365
460 280 -153 -1796 724 640
485 249 -145 -1894 171 1077
440 150 -147 -2005 -67 1329
404 85 -199 -2165 -139 1606
359 40 -298 -2284 53 1754
326 59 -356 -2352 232 1788
277 10 -409 -2458 470 1739
242 -82 -503 -2528 603 1648
238 -151 -541 -2630 772 1478
283 -171 -620 -2709 770 1316
305 -227 -801 -2731 673 1223
278 -320 -878 -2736 406 1089
272 -424 -981 -2728 173 993
307 -524 -1050 -2701 -185 877
433 -787 -1215 -2667 -497 804
620 -1115 -1345 -2655 -650 790
811 -1319 -1368 -2686 -792 864
1090 -1601 -1314 -2759 -834 973
1212 -1817 -1171 -3024 -796 1170
1517 -2214 -1045 -3450 -705 1439
2002 -2673 -1056 -3781 -690 1667
2284 -2966 -1057 -4291 -804 2016
2686 -3455 -1060 -4600 -899 2213
2949 -3685 -1110 -4929 -1068 2452
3330 -3861 -1271 -5030 -1340 2604
3611 -4016 -1398 -4968 -1553 2659
3939 -4263 -1415 -4820 -1784 2614
4150 -4397 -1279 -4748 -1758 2479
4221 -4065 -978 -4749 -1319 2165
4203 -3607 -778 -4904 -631 1822
3908 -2922 -613 -5047 -205 1578
3644 -2437 -595 -5235 61 1189
3306 -1759 -704 -5289 -185 806
3247 -1314 -878 -5216 -533 614
3313 -1103 -850 -5020 -1182 461
3771 -741 -487 -4842 -1787 547
4165 -387 -217 -4751 -1984 712
4541 -39 291 -4689 -1776 927
4640 269 707 -4729 -1292 976
4728 815 1341 -4922 -425 918
4939 983 1616 -5046 -4 867
5165 1164 1990 -5068 132 763
4967 1410 2402 -4904 -46 572
4837 1398 2612 -4328 -234 38
4944 1024 3168 -3769 -289 -420
5261 753 3674 -2805 -438 -1073
6116 146 4598 -1820 -257 -1533
6956 -418 5417 -1150 151 -1739
7330 -842 5765 -31 1271 -2032
7586 -1314 5967 800 2142 -2273
7657 -1769 6022 1694 3016 -2571
7795 -2091 5780 3190 4241 -3049
8231 -2611 4764 4336 4891 -3272
8425 -3008 3820 6253 5338 -3582
8008 -3556 2044 8369 5434 -4266
7286 -3688 749 9741 5472 -5088
6098 -4163 -936 11255 5042 -6692
5510 -4443 -1299 11558 4470 -7784
5244 -5302 -935 8943 5635 -8346
5332 -4645 -2183 8244 5722 -8880
4776 -5450 -3308 7922 5924 -9659
4955 -4874 -3380 7456 5864 -9776
4782 -5038 -3309 6981 5968 -9583
4544 -5137 -3241 6059 6187 -9067
3868 -5824 -3187 5395 6168 -8683
3383 -6050 -3303 4476 5609 -8050
2505 -6280 -3706 3868 4404 -7424
1831 -6185 -3941 3639 3230 -7051
1137 -5623 -4050 3444 1385 -6466
968 -5242 -3907 3300 500 -5973
770 -4933 -3426 2898 -34 -5042
614 -4720 -3043 2471 35 -4314
381 -4244 -2696 1968 364 -3509
194 -3840 -2602 1188 1061 -2194
-57 -3251 -2691 521 1590 -812
-407 -2575 -2936 211 1748 77
-730 -2089 -3083 -43 1825 1227
-1180 -1266 -3219 -94 1794 1855
-1477 -711 -3288 -17 1610 2601
-1846 16 -3405 229 1272 3175
-1753 541 -3445 453 1045 3540
-1492 727 -3316 733 816 4119
-889 800 -3042 805 817 4515
-386 927 -2869 744 905 5143
549 927 -2869 669 943 5582
1748 453 -3107 636 889 6190
2841 37 -3162 684 319 6704
4805 -972 -3223 738 -206 6929
5948 -1620 -3073 783 -615 6952
6884 -2184 -2659 736 -626 6686
6925 -2168 -2359 590 -250 5811
6168 -2041 -1806 329 353 4385
5546 -1825 -1417 106 638 3348
4799 -1465 -829 -211 872 2146
4604 -1465 -635 -474 934 1595
4498 -1341 -486 -653 785 1692
4339 -1183 -389 -713 684 1991
4135 -1076 -343 -760 664 2544
3714 -948 -209 -784 727 2863
3397 -874 -118 -861 872 3157
2956 -782 24 -951 980 3236
2699 -700 114 -1135 1136 3236
2302 -519 258 -1373 1295 3151
1982 -389 406 -1558 1390 3072
1869 -292 462 -1868 1565 2962
1749 -112 420 -2055 1737 2916
1629 29 338 -2292 1992 2843
1430 193 195 -2410 2084 2773
1306 267 99 -2518 1941 2628
1052 291 40 -2569 1660 2484
905 286 3 -2602 1167 2177
784 286 -18 -2607 785 1812
719 304 9 -2613 646 1557
674 322 34 -2647 651 1188
635 302 36 -2689 752 964
1056 -5 -191 -2873 325 714
1136 19 -150 -2892 136 773
1251 -34 -130 -2924 -112 827
1405 -102 -177 -2932 -237 868
1812 -382 -281 -2933 -442 990
2250 -723 -300 -2927 -649 1111
2556 -869 -298 -2929 -1019 1345
3042 -1175 -393 -2927 -1221 1516
3324 -1283 -548 -2841 -1405 1771
3571 -1192 -773 -2721 -1402 1899
3667 -1054 -896 -2455 -1151 1978
3576 -800 -932 -2270 -811 1908
3420 -619 -925 -2056 -61 1590
3171 -438 -1017 -1926 760 1068
2990 -433 -1105 -1863 1140 660
2818 -400 -1180 -1825 1267 95
2747 -356 -1234 -1822 1059 -202
2774 -402 -1198 -1875 316 -488
3002 -553 -1074 -2008 -771 -565
3266 -672 -1015 -2109 -1494 -511
3587 -962 -925 -2243 -2255 -377
3892 -1306 -663 -2322 -2504 -299
4188 -1312 -470 -2396 -2541 -185
4603 -1283 -204 -2359 -2070 -127
4620 -1342 14 -2280 -1452 -209
4555 -1223 152 -2102 -236 -528
4381 -1025 195 -1824 967 -1007
4030 -925 112 -1572 1485 -1375
3805 -900 213 -1220 1510 -1943
3782 -815 593 -1032 744 -2380
4429 -923 1089 -995 107 -2508
5043 -1126 1554 -1053 -338 -2507
6081 -1578 2464 -1159 -25 -2454
6364 -1897 3050 -1361 1343 -2538
6427 -2555 3565 -1381 2749 -2946
6618 -3662 3507 -1098 3114 -3278
6666 -4465 3412 -136 2964 -3840
7057 -5717 3220 1431 2965 -4375
7761 -6796 2856 2732 3223 -4613
7891 -7269 2571 4809 4021 -4801
7614 -7729 2062 6634 4686 -4953
7087 -8018 1257 7614 4909 -5127
6809 -8162 585 8716 4936 -5553
6760 -8391 -451 9189 4719 -5883
6258 -7812 -2111 8607 4061 -6256
6948 -7053 -2419 8440 2659 -6696
6398 -7825 -3388 8643 2350 -7699
6594 -7527 -3490 8446 2146 -8890
6533 -7561 -2966 7131 1979 -9524
5995 -7267 -2517 5890 2210 -9664
5312 -7173 -2518 4067 2667 -9681
3976 -6906 -2827 2821 2821 -9671
2790 -6597 -3219 2383 2804 -9623
2129 -6333 -3221 2096 2822 -9313
1449 -5974 -2775 1949 2821 -8837
1095 -5840 -2355 1545 2920 -7674
488 -5511 -1893 960 3315 -6135
-265 -5030 -1847 577 3665 -5022
-784 -4585 -1955 133 3987 -3340
-1585 -3916 -2375 -24 3927 -2265
-2290 -3254 -2830 -15 3352 -780
-2664 -2792 -3043 202 2464 566
-2859 -2090 -3152 443 1471 1841
-2519 -1598 -3099 551 900 2699
-1954 -1376 -3012 603 394 4051
-544 -1359 -2835 547 457 5022
270 -1318 -2691 218 968 6459
1891 -1244 -2886 -216 1134 7748
4078 -1337 -3632 -336 957 8498
5393 -1573 -3852 -251 101 9189
6565 -1900 -3233 -199 -827 9093
6873 -1544 -2762 -87 -1435 7921
6809 -1144 -2524 62 -593 5819
6789 -461 -2350 179 272 4374
6716 -184 -2130 256 1199 2811
6360 309 -1836 201 1448 2290
5925 783 -1626 -20 1326 2080
5171 1433 -1088 -280 1039 2134
4657 1768 -848 -714 912 2228
3884 2016 -580 -1085 1282 2159
3157 2101 -460 -1277 1582 2010
2749 2067 -503 -1406 1876 1724
2295 1843 -443 -1422 1933 1546
2096 1661 -298 -1424 1901 1357
1849 1348 -77 -1451 1978 1286
1545 1189 80 -1475 2126 1282
1313 1088 34 -1485 2472 1300
972 887 -224 -1451 2700 1317
737 749 -465 -1336 2846 1351
396 582 -696 -1221 2578 1412
205 492 -772 -1192 2160 1478
117 407 -660 -1264 1356 1612
93 367 -499 -1518 582 1740
80 274 -341 -1758 211 1809
98 176 -316 -2146 -28 1866
182 86 -367 -2392 -22 1889
263 74 -436 -2710 115 1939
333 53 -500 -2888 244 1973
330 44 -487 -3135 402 2006
311 -6 -475 -3365 470 1993
311 -123 -510 -3496 452 1956
344 -182 -566 -3629 321 1866
369 -230 -651 -3656 187 1792
422 -329 -680 -3647 -20 1663
511 -492 -664 -3625 -217 1512
673 -599 -633 -3621 -327 1413
830 -723 -663 -3628 -457 1293
1097 -976 -766 -3623 -515 1242
1306 -1235 -836 -3641 -542 1207
1689 -1665 -888 -3711 -601 1247
2031 -2073 -845 -3807 -673 1301
2293 -2366 -858 -3992 -740 1430
2581 -2652 -873 -4163 -721 1583
2848 -2853 -942 -4247 -649 1693
2923 -2967 -989 -4314 -524 1798
3041 -3051 -1171 -4302 -535 1855
3246 -3127 -1246 -4251 -704 1888
3386 -3169 -1228 -4192 -1093 1925
3663 -3158 -1113 -4169 -1337 1957
3817 -2974 -879 -4181 -1342 1961
3751 -2702 -727 -4244 -1014 1862
3444 -2242 -519 -4309 -611 1699
3195 -1977 -446 -4417 -49 1324
2885 -1647 -494 -4440 118 1066
2783 -1452 -550 -4364 -181 768
2703 -1207 -621 -4140 -1072 639
2910 -1006 -564 -3944 -1752 667
3137 -820 -432 -3612 -2440 849
3531 -471 -174 -3316 -2476 1156
3968 -103 21 -3151 -2135 1424
4317 143 101 -2961 -1343 1888
4715 490 157 -2864 -872 2202
4696 708 179 -2747 -464 2438
4433 1007 280 -2678 -354 2325
4105 1117 344 -2575 -324 1668
3772 1233 626 -2516 -408 985
3907 1409 837 -2424 -653 -75
4281 1365 836 -2217 -826 -814
5034 1330 935 -2010 -792 -1027
5284 1380 1107 -1687 -385 -1086
5358 1282 1605 -1546 -49 -1115
5342 1202 2029 -1526 369 -1294
5462 1080 2421 -1586 719 -1497
5774 626 2952 -1660 1083 -1766
6135 193 3327 -1681 1563 -2286
6708 -567 3741 -1512 2030 -2685
7245 -1184 3981 -854 2882 -3353
8294 -2114 3906 435 4035 -3890
8800 -2826 3816 1587 4815 -4182
9209 -3587 3212 2933 5652 -4434
9023 -3975 2495 5187 6635 -4795
8382 -4314 1193 7385 6915 -5295
7268 -4480 -101 8640 6890 -5851
6742 -4542 -873 9978 6634 -6865
6268 -4888 -1930 10470 6178 -7773
6061 -4187 -4466 8708 3181 -7971
5402 -4504 -1943 8962 6200 -9656
5258 -5355 -5016 9248 5709 -10017
5347 -5293 -4159 8688 2114 -9720
5027 -5628 -4110 7296 508 -9459
4534 -6161 -3078 6080 1059 -9479
4222 -6978 -2935 4107 2902 -9623
3764 -7628 -2859 2868 3603 -9565
3242 -8022 -3350 1607 3876 -9226
2461 -8103 -3851 1140 3473 -8554
1748 -7980 -4016 1101 3049 -7499
1400 -7648 -3872 1062 2844 -6543
855 -6866 -3291 733 2788 -4848
26 -5834 -2987 373 3100 -3692
-608 -5093 -3006 -200 3798 -2070
-1722 -3957 -3297 -644 4178 -694
-2866 -2775 -3759 -806 4031 70
-3595 -1951 -3987 -839 3213 1013
-4471 -991 -4218 -734 2425 1531
-4595 -580 -4288 -424 1162 2339
-4064 -58 -4275 29 -4 3440
-3167 197 -3920 344 -561 4289
-2468 256 -3481 644 -840 5514
-1343 367 -2921 716 -210 6510
-263 494 -2648 631 451 7033
684 344 -2685 415 1262 7662
2533 -319 -3313 355 1332 8229
5043 -1580 -3864 478 510 8555
6420 -2429 -3872 832 -1381 8535
7550 -3226 -3265 1026 -2035 7909
8064 -3224 -2434 1038 -1434 6254
7866 -2909 -1712 529 304 4306
6825 -2172 -766 -545 1998 2312
5638 -1731 -528 -993 2240 1744
5019 -1569 -653 -1340 1797 1453
4422 -1424 -837 -1337 1123 1582
4081 -1253 -794 -1110 270 2006
3573 -1053 -489 -848 276 2413
3310 -929 -196 -802 654 2639
2989 -727 143 -981 1273 2963
2798 -609 268 -1226 1521 3180
2478 -481 343 -1522 1575 3375
2027 -284 305 -1955 1440 3567
1712 -171 260 -2268 1192 3572
1485 -79 252 -2413 993 3508
1497 -34 240 -2527 827 3414
1544 103 214 -2535 855 3374
1497 176 220 -2494 1030 3291
1356 229 246 -2483 1205 3188
1267 247 296 -2530 1518 2977
1157 267 359 -2631 1687 2814
1023 291 365 -2891 1674 2536
811 231 243 -3086 1490 2322
721 181 109 -3243 1231 2092
713 99 -110 -3369 652 1686
804 0 -238 -3350 444 1536
879 -73 -267 -3292 322 1386
1040 -153 -240 -3270 368 1320
1155 -196 -115 -3303 449 1304
1184 -248 -55 -3431 633 1276
1229 -279 -98 -3518 733 1250
1167 -278 -224 -3586 732 1189
1137 -308 -331 -3521 529 1078
1107 -372 -409 -3428 273 988
1154 -489 -425 -3251 -236 856
1349 -644 -458 -3116 -601 793
1637 -830 -414 -2936 -1098 766
1938 -992 -425 -2795 -1502 869
2462 -1321 -448 -2676 -1770 1105
2805 -1450 -455 -2595 -1795 1288
2964 -1450 -495 -2447 -1493 1540
3086 -592 -911 -1719 -552 1020
3640 -885 -804 -1670 -1060 836
3910 -1054 -761 -1620 -1433 444
4206 -1143 -667 -1586 -1425 94
4589 -1402 -821 -1433 -1106 -482
4876 -1467 -871 -1117 -602 -997
5150 -1348 -920 -853 -162 -1282
5151 -1186 -938 -449 645 -1652
4907 -903 -704 -198 1385 -2052
4601 -699 -537 -157 1667 -2358
4015 -540 -419 -225 1505 -2906
3560 -404 -172 -345 970 -3290
3540 -301 178 -675 14 -3788
3807 -476 888 -992 -281 -4001
4045 -751 1487 -1565 -116 -4128
4817 -1552 2162 -1894 251 -4019
5504 -2312 2516 -2083 851 -3530
6251 -3542 2926 -1920 1099 -3106
6396 -4315 3168 -1174 1370 -2683
6481 -5433 3211 -281 1604 -2631
6642 -6261 3320 1501 1925 -2958
7287 -7337 3055 2922 2249 -3369
7697 -7920 2856 5162 2948 -4101
7954 -8157 2592 7115 3548 -4896
7853 -8199 2220 8148 4041 -5496
7355 -8359 1277 9261 4394 -6462
6775 -8338 227 9676 4004 -7091
6654 -8179 -339 9456 1033 -7582
6249 -7127 -1793 8373 1085 -8095
6309 -7655 -1795 8127 1533 -9393
6476 -7596 -2974 7915 2260 -9845
6215 -7551 -2469 6716 2574 -9917
5329 -7230 -2139 5512 2601 -9742
4593 -7053 -2218 3765 2655 -9472
3555 -6601 -2808 2742 2782 -9203
2853 -6294 -3026 2424 2856 -9006
2057 -5881 -2949 2177 3045 -8485
1497 -5558 -2387 1965 3192 -7914
1108 -5520 -2012 1435 3400 -6799
507 -5347 -1687 984 3542 -5967
-130 -4888 -1743 360 3592 -4676
-622 -4480 -1852 -51 3301 -3486
-1272 -3820 -2022 -184 2775 -2456
-1701 -3209 -2223 -129 2394 -1811
-1853 -2860 -2346 110 1827 -798
-1807 -2389 -2447 314 1436 -41
-1600 -2027 -2421 592 876 1258
-1113 -1562 -2360 723 635 2163
-507 -1451 -2333 817 656 3547
439 -1199 -2130 750 1001 4431
1185 -1078 -2311 549 1539 5652
2486 -950 -2934 513 1603 6619
4072 -1068 -3588 649 1514 7052
4935 -1222 -3587 875 1129 7219
5551 -1119 -3531 994 855 6914
5597 -871 -3389 1116 737 5838
5699 -455 -2879 1069 909 4887
6018 -28 -2368 800 1499 3625
6009 260 -2087 405 1968 2819
5766 733 -1915 194 2072 2504
5440 1007 -1856 61 2110 2171
4994 1240 -2077 197 2371 1877
4399 1362 -1691 261 2576 1656
3977 1443 -1295 83 2870 1263
3438 1608 -706 -419 3221 881
2893 1712 -103 -906 3421 649
2592 1750 170 -1724 3618 367
2272 1751 302 -2226 3617 257
2100 1678 195 -2763 3325 195
1765 1508 -66 -2925 2989 208
1430 1366 -223 -2902 2543 196
1034 1118 -409 -2659 2335 168
768 877 -633 -2283 2217 216
564 701 -808 -2011 2076 317
452 605 -904 -1647 1701 549
405 454 -908 -1473 1367 755
362 428 -772 -1409 828 1079
234 437 -436 -1532 505 1263
138 426 -253 -1925 192 1422
57 386 -195 -2405 108 1442
10 371 -258 -2726 112 1389
-1 333 -318 -3158 78 1227
-23 259 -508 -3474 9 1014
16 229 -584 -3631 -67 882
59 195 -596 -3816 -263 716
71 94 -677 -3895 -394 629
136 -26 -738 -3935 -594 542
212 -155 -741 -3940 -769 525
272 -273 -747 -3924 -1093 562
325 -515 -770 -3888 -1297 601
383 -617 -692 -3851 -1605 666
507 -847 -564 -3862 -1797 710
590 -1028 -545 -3911 -1950 762
968 -1525 -655 -3940 -1970 819
1411 -1970 -725 -3973 -2021 1004
1790 -2274 -773 -4004 -2132 1328
2279 -2860 -779 -4070 -2315 1698
2456 -3216 -787 -4120 -2339 1892
2677 -3570 -759 -4202 -2152 2085
2896 -3728 -721 -4278 -1963 2182
3056 -3903 -827 -4360 -1607 2322
3413 -4240 -1099 -4350 -1358 2551
3643 -4291 -1157 -4320 -1365 2776
3903 -4219 -1166 -4296 -1499 3148
3942 -3960 -1020 -4312 -1535 3354
3787 -3693 -843 -4432 -1288 3443
3398 -3178 -594 -4571 -883 3328
3187 -2832 -519 -4792 -168 2977
3052 -2524 -477 -4927 144 2713
2878 -2184 -572 -5012 186 2364
2789 -1882 -663 -4970 -179 2213
2903 -1742 -693 -4773 -1282 2163
3288 -1574 -663 -4556 -2083 2246
3611 -1415 -497 -4201 -2699 2428
4119 -1057 -49 -4032 -2545 2521
4541 -820 177 -3898 -1615 2619
5172 -470 389 -3855 -933 2688
5424 -233 577 -3862 -382 2654
5453 94 710 -3835 -138 2430
5321 365 744 -3609 78 1752
5179 656 881 -3157 -64 822
5276 866 1297 -2826 -162 205
5476 951 1701 -2416 -56 -561
5650 982 2052 -2213 146 -919
5661 1028 2516 -2027 343 -1202
5588 1012 2830 -1713 609 -1569
5646 703 3257 -1289 811 -1918
6039 133 3901 -951 854 -2140
6638 -413 4372 -408 1167 -2474
7876 -1409 4969 270 2125 -2816
8610 -2183 5068 912 2960 -3117
9420 -3340 4551 2394 4365 -3766
9632 -4354 3668 3690 5178 -4351
9487 -4917 2856 5869 5935 -5474
8647 -5590 1294 8027 6011 -6904
7752 -5866 -35 9190 5608 -7937
7232 -5982 -687 10241 4828 -9458
6948 -6268 -1434 10422 4393 -10277
7360 -6010 183 8887 5972 -9975
5344 -7237 -5526 9609 4964 -10151
5454 -5804 -3827 9753 4044 -10460
5179 -6286 -3443 8717 4977 -10552
4767 -6467 -2724 7559 5579 -10449
4243 -7067 -2815 5716 5721 -10134
3604 -7454 -2802 4118 5137 -9553
2549 -7885 -3056 3383 4703 -9110
1778 -7934 -3411 2950 4102 -8404
875 -7692 -3682 3006 3008 -7407
405 -7180 -3583 3046 2004 -6505
284 -6687 -3314 2876 780 -4833
-6 -5994 -2905 2610 432 -3612
-156 -5409 -2693 2044 626 -1719
-397 -4475 -2492 1351 1415 127
-848 -3481 -2545 846 2089 1211
-1157 -2759 -2798 168 3011 2506
-1552 -1745 -3310 -163 3380 3149
-1756 -1080 -3701 -420 3330 3857
-1946 -189 -4228 -384 2465 4334
-1910 458 -4422 -257 1509 4539
-1572 643 -4266 -78 87 4768
-821 699 -3678 -60 -491 4897
-147 774 -3314 -215 -773 5163
1068 702 -3062 -382 -590 5571
1906 535 -3034 -418 -361 5849
3403 -162 -3178 -304 56 6185
5261 -1077 -3364 -119 183 6376
6084 -1463 -3182 180 -236 6445
6534 -1854 -2689 394 -796 5890
6339 -1838 -2022 444 -669 5142
5974 -1746 -1512 263 274 3648
5587 -1576 -730 -169 1147 2307
5268 -1550 -568 -592 1512 1549
4529 -1424 -584 -813 1277 1365
4106 -1283 -589 -758 997 1538
3853 -1166 -474 -591 778 1943
3461 -1013 -198 -492 908 2355
3171 -888 -29 -510 1056 2569
2775 -741 142 -659 1181 2806
2436 -637 233 -823 1162 2922
2263 -568 247 -1091 1005 3054
2001 -435 321 -1278 871 3118
1880 -408 357 -1556 799 3169
1813 -375 418 -1738 835 3203
1777 -309 410 -1970 995 3237
1649 -194 291 -2117 1213 3219
1454 -42 65 -2144 1328 3168
1298 25 -37 -2126 1374 3077
1075 183 -90 -2071 1260 2889
907 208 -60 -2067 974 2601
692 239 28 -2112 771 2357
648 283 70 -2201 593 2100
666 282 55 -2375 439 1749
745 175 21 -2497 432 1560
822 139 -25 -2653 498 1361
938 5 -194 -2724 588 1282
1016 -100 -296 -2763 743 1240
1103 -165 -351 -2767 800 1251
1083 -186 -329 -2793 838 1272
1029 -226 -292 -2883 815 1222
920 -286 -262 -2965 738 1132
887 -331 -283 -3084 579 944
939 -365 -378 -3130 441 828
1012 -456 -475 -3126 157 715
1179 -675 -596 -3080 -74 694
1381 -831 -654 -2988 -418 786
1820 -988 -642 -2935 -615 942
2228 -1277 -621 -2904 -746 1272
2509 -1466 -624 -2928 -670 1649
2913 -1587 -642 -2990 -529 2071
3262 -1486 -687 -3040 -404 2341
3451 -1292 -790 -3076 -126 2660
3611 -857 -1029 -3007 283 2752
3640 -222 -1218 -2906 599 2660
3560 188 -1274 -2759 1122 2259
3611 393 -1374 -2668 1466 1630
3738 372 -1451 -2647 1394 1165
3783 350 -1427 -2696 655 442
3968 247 -1265 -2790 -57 -15
4271 107 -1044 -3054 -867 -604
4844 -120 -555 -3314 -1101 -920
5123 -243 -314 -3719 -784 -1329
5242 -325 95 -4009 160 -1740
5188 -200 403 -4073 645 -1995
5056 -192 608 -3936 670 -2360
5201 -407 1150 -3586 369 -2619
5451 -633 1671 -3267 477 -2731
5771 -1047 2581 -2893 941 -2821
6052 -1572 2957 -2190 1977 -2870
6468 -2653 3537 -1395 2818 -2809
6744 -3481 3870 -871 3084 -2720
7143 -4920 4231 -59 3088 -2648
7580 -6018 4186 648 2903 -2700
8308 -7488 3590 1637 2870 -2860
8671 -8356 3029 3665 3280 -3330
8493 -9146 2272 5911 3873 -4149
7850 -9575 1418 7272 4002 -4839
7414 -9656 884 8894 3631 -5850
6831 -9655 -110 9963 2572 -6668
2275 -6981 -2577 1354 5379 -9038
1799 -6568 -2869 1122 4684 -8510
1205 -6070 -2877 1175 4223 -8082
823 -5519 -2649 1356 3778 -7215
617 -5103 -2157 1319 3433 -5942
169 -4287 -1588 1109 3242 -4959
-260 -3848 -1547 793 3377 -3548
-756 -3439 -1660 690 3589 -2741
-1381 -2821 -2081 788 3729 -1697
-1814 -2245 -2464 981 3622 -1046
-1952 -1874 -2558 1306 3223 -63
-1953 -1407 -2524 1487 2757 956
-1809 -1034 -2360 1470 2457 1632
-1651 -879 -2301 1242 2026 2578
-1144 -804 -2324 894 1592 3462
-335 -916 -2328 629 1319 4038
176 -1010 -2184 145 851 4748
1586 -1365 -2286 -165 449 5162
3482 -1815 -2718 -366 -169 5792
4670 -2231 -2972 -210 -641 6260
5909 -2616 -2963 65 -789 6239
6600 -2458 -2699 205 -490 5912
6462 -2266 -2416 191 329 4950
5995 -1700 -1944 7 873 4101
5901 -1220 -1497 -465 1330 3012
5959 -949 -1330 -1005 1136 2514
5886 -452 -1214 -1382 696 2510
5596 146 -1511 -1415 668 2623
5159 513 -1566 -1248 1169 2702
4470 1080 -1161 -1187 1605 2644
4027 1563 -856 -1306 2080 2459
3376 2087 -455 -1603 2160 2187
2830 2300 -339 -1811 2018 1971
2528 2290 -464 -1973 1722 1614
2168 2109 -590 -1969 1593 1390
1974 1939 -512 -1919 1540 1115
1611 1757 -402 -1895 1721 964
1346 1540 -251 -1909 1934 941
1173 1327 -159 -2012 2178 1038
910 946 -168 -2097 2212 1149
733 753 -247 -2169 1942 1349
553 483 -500 -2154 1542 1480
459 287 -656 -2011 829 1651
465 132 -748 -1819 185 1808
452 65 -640 -1722 -97 1898
489 -3 -557 -1684 -218 1993
533 -86 -394 -1816 -15 2045
561 -180 -286 -2001 229 2050
553 -336 -147 -2388 635 2015
574 -343 -122 -2667 839 1982
586 -326 -208 -3016 988 1948
533 -333 -410 -3159 989 1922
465 -340 -508 -3235 845 1855
404 -332 -591 -3192 577 1759
361 -366 -632 -3114 398 1677
350 -392 -570 -2987 136 1535
405 -386 -510 -2917 -26 1443
415 -395 -472 -2831 -151 1297
443 -529 -432 -2795 -131 1142
604 -748 -468 -2806 -118 1072
769 -942 -518 -2864 -123 1047
1072 -1289 -630 -2962 -227 1139
1305 -1698 -737 -3047 -338 1237
1489 -1976 -858 -3186 -493 1408
1849 -2542 -1028 -3302 -617 1547
2097 -2990 -1067 -3527 -839 1799
2555 -3517 -1109 -3806 -1086 2089
2983 -3649 -1196 -3966 -1288 2288
3176 -3788 -1287 -4143 -1493 2522
3329 -3984 -1375 -4245 -1346 2566
3596 -3946 -1355 -4299 -1084 2519
3790 -3829 -1368 -4360 -559 2402
3831 -3390 -1270 -4426 104 2205
3512 -2729 -1024 -4494 599 1987
3175 -2328 -864 -4651 1319 1506
2742 -1765 -652 -4811 1713 932
2360 -1444 -632 -4877 1671 555
2238 -1367 -663 -4853 1033 89
2363 -1230 -648 -4748 235 -74
2535 -1072 -606 -4456 -1146 -78
2883 -873 -606 -4154 -1930 41
3079 -756 -561 -3591 -2671 283
3251 -777 -466 -3017 -2898 488
3467 -576 -398 -2647 -3011 608
3702 -379 -304 -2158 -3353 836
4037 10 -183 -1870 -3477 979
4228 276 -55 -1553 -3139 1053
4316 538 214 -1478 -2497 951
4369 705 316 -1528 -1099 641
4451 1070 384 -1657 122 309
4443 1264 336 -1699 569 105
4383 1359 218 -1673 735 -85
4361 1414 297 -1554 648 -386
4385 1432 594 -1400 556 -743
4525 1316 1001 -1305 645 -1015
4683 1253 1343 -1181 998 -1429
5046 993 1777 -1087 1345 -1684
5331 804 2099 -884 1956 -2003
5741 426 2646 -708 2350 -2184
6043 59 2946 -319 2835 -2446
6527 -696 3203 113 3178 -2663
7018 -1525 3278 1135 3892 -3100
7111 -2018 3264 2579 4854 -3728
6914 -2661 2977 3709 5480 -4256
6831 -3181 2423 5567 6058 -5015
6659 -3696 1452 7431 6196 -5633
6342 -4108 184 8546 6124 -6014
6227 -4120 -680 9893 5482 -6557
5490 -2527 -2241 8134 4061 -6881
4546 -3801 -3126 9506 5435 -7455
4325 -3867 -3251 10042 4714 -8963
4292 -3891 -2897 9731 3831 -9753
4461 -3796 -2408 8247 2119 -10448
4683 -3824 -2132 6221 1636 -10535
4546 -4422 -2079 4928 2106 -10302
4095 -4823 -2265 3401 3207 -9710
3088 -5651 -2860 2767 3737 -9298
2367 -6012 -2992 2206 3874 -8746
1454 -6285 -2916 1954 3759 -8377
1047 -6427 -2732 1588 3511 -7701
600 -6285 -2505 1172 3338 -6730
299 -6237 -2585 895 3324 -5883
74 -5755 -2870 533 2849 -4201
-223 -4874 -3146 329 2185 -2876
-596 -4248 -3384 203 1390 -915
-1274 -3338 -3490 233 1217 224
-1735 -2772 -3325 239 1366 1633
-2204 -1688 -3017 70 1689 2813
-2438 -698 -2943 -119 1850 3530
-2400 -169 -3048 -381 1861 4529
-2037 236 -3275 -510 1568 5428
-1356 474 -3495 -493 1336 5977
-782 568 -3503 -378 934 6701
421 720 -3286 -251 695 7359
1907 528 -2993 -217 691 7740
3148 60 -2979 -235 473 8144
5524 -1337 -3084 -152 -687 8305
7947 -2654 -3025 96 -1651 8279
8499 -2781 -2541 510 -2270 7589
8261 -2768 -1850 690 -1719 6581
7517 -2488 -1208 443 1069 3614
6188 -1833 -250 -141 2720 1697
5219 -1729 -93 -526 3153 904
4806 -1548 -91 -951 2683 519
4372 -1241 -239 -1090 1863 708
4161 -1192 -337 -1065 654 1355
3758 -1052 -315 -890 137 2039
3280 -897 -172 -772 241 2397
2982 -808 -88 -686 737 2755
2630 -675 21 -703 1048 2926
2434 -583 103 -840 1258 3149
2070 -412 213 -1089 1309 3275
1794 -312 250 -1298 1307 3300
1694 -254 296 -1640 1231 3266
1563 -140 295 -1875 1181 3200
1511 -38 207 -2174 1179 3057
1377 97 159 -2408 1155 2864
1235 209 117 -2535 1119 2698
1140 219 44 -2618 1108 2519
1012 257 -15 -2681 1089 2218
813 291 -37 -2715 972 1878
693 279 -17 -2741 856 1634
558 192 26 -2826 612 1149
593 100 39 -2888 507 929
631 48 38 -2987 384 659
728 -42 7 -3052 323 522
777 -113 16 -3154 245 383
875 -163 34 -3221 197 329
939 -174 73 -3327 131 310
1043 -164 126 -3431 44 354
1097 -190 122 -3484 -15 405
1207 -237 103 -3518 -83 465
1285 -278 72 -3530 -178 560
1356 -310 25 -3475 -291 656
1597 -382 -74 -3405 -390 742
1836 -493 -164 -3248 -583 931
2278 -752 -243 -3059 -859 1209
2565 -947 -177 -2950 -1075 1402
2729 -1041 -91 -2859 -1278 1662
2955 -1136 -30 -2834 -1224 1802
3162 -1110 -93 -2786 -850 1997
3315 -866 -170 -2724 -480 2109
3318 -600 -232 -2595 147 2214
3234 -253 -353 -2430 766 2182
3105 -47 -410 -2328 1085 2055
2915 180 -457 -2236 1315 1842
2872 235 -540 -2104 1533 1396
2929 185 -758 -1992 1619 1050
3044 40 -869 -1802 1624 504
3110 -60 -882 -1658 1401 -41
3241 -144 -849 -1604 1029 -388
3409 -301 -808 -1600 103 -840
3817 -706 -834 -1621 -668 -1075
4157 -1051 -853 -1649 -1721 -1361
4362 -1239 -740 -1688 -2319 -1620
4670 -1524 -597 -1704 -2211 -1834
4893 -1571 -465 -1663 -1742 -1938
4845 -1474 -345 -1512 -741 -2094
4666 -1211 -232 -1344 -25 -2197
4412 -998 -109 -1028 865 -2356
4101 -910 195 -757 1264 -2497
3857 -1138 750 -695 1193 -2588
3800 -1409 1154 -779 653 -2739
4032 -1877 1926 -942 135 -2821
4335 -2281 2419 -1230 -428 -2891
5209 -3179 3038 -1386 -531 -2909
5553 -3807 3306 -1299 -117 -2998
5977 -4733 3488 -698 1337 -3285
6388 -5539 3276 85 2454 -3511
6493 -5927 2990 1820 3925 -3779
6277 -6423 2601 3184 4551 -3916
6116 -6480 2317 5232 4814 -4057
5928 -6552 1587 6505 4677 -4156
5940 -6395 1143 8111 4233 -4393
5933 -6097 494 9186 3956 -4854
5799 -5871 -148 9578 3914 -5273
5602 -7607 159 7959 395 -5400
5211 -5217 -2016 8339 3190 -6725
5456 -5039 -1913 8198 3183 -7513
5463 -5396 -2780 7986 2970 -7993
5092 -5313 -2098 7412 2219 -8086
4892 -4955 -1668 5986 1283 -8011
4413 -5130 -1275 4899 1238 -7938
4096 -5223 -1262 3460 1874 -7783
3493 -5316 -1504 2764 2458 -7625
2834 -5243 -1723 2161 3148 -7275
2426 -5088 -1690 1860 3533 -6784
1936 -4909 -1653 1726 3750 -6360
1608 -4895 -1697 1601 4149 -5592
1071 -4766 -1679 1458 4451 -4701
543 -4382 -1747 1333 4492 -4058
213 -4123 -1806 1108 4247 -3071
-257 -3636 -1918 853 3648 -2102
-630 -3057 -2102 700 3115 -1491
-695 -2755 -2355 598 2276 -593
-482 -2279 -2723 636 1707 47
-96 -1924 -2967 873 909 1154
639 -1339 -3067 1210 332 2406
1326 -924 -2885 1387 172 3223
1926 -765 -2821 1530 401 4377
2894 -508 -2789 1552 807 5105
3449 -407 -2796 1432 1489 6067
4132 -332 -2613 1051 1827 6783
4550 -225 -2230 644 1722 7047
4634 -183 -1938 -107 1119 7014
4925 -26 -1737 -763 238 6580
5497 209 -1665 -1016 -261 6211
5828 261 -1440 -1186 -549 5637
6099 490 -1314 -1179 -207 5232
5938 771 -1411 -984 1209 4560
5438 1135 -1388 -744 2791 3835
4945 1488 -1099 -658 3489 3405
4576 1676 -868 -679 3859 2871
764 592 -578 -1580 1933 236
769 413 -629 -1548 1808 401
772 334 -661 -1528 1391 742
722 296 -624 -1542 1019 994
659 286 -558 -1616 422 1347
504 226 -436 -1766 -51 1594
259 114 -317 -1898 -255 1658
178 35 -270 -2133 -392 1626
145 -60 -282 -2350 -314 1503
162 -226 -325 -2481 -156 1396
172 -288 -283 -2703 112 1209
189 -342 -232 -2867 235 1075
201 -393 -219 -3128 330 869
163 -498 -266 -3365 395 652
137 -607 -349 -3498 439 499
82 -709 -415 -3663 491 256
132 -957 -567 -3745 524 99
280 -1177 -695 -3822 532 -40
591 -1521 -848 -3859 409 -24
939 -1929 -890 -3901 222 75
1235 -2199 -880 -4010 -249 364
1729 -2541 -880 -4112 -643 651
2075 -2784 -844 -4304 -1169 1199
2540 -3173 -672 -4585 -1608 1800
2826 -3401 -525 -4836 -1826 2201
3341 -3646 -509 -5204 -1954 2776
3738 -3725 -561 -5394 -1944 3150
4146 -3723 -626 -5605 -1893 3603
4210 -3658 -715 -5681 -1825 3761
4306 -3573 -989 -5663 -1596 3787
4289 -3455 -1211 -5548 -1313 3651
4163 -3073 -1295 -5309 -722 3258
3924 -2438 -1096 -5179 -303 2904
3725 -2089 -926 -5103 255 2272
3464 -1656 -702 -5134 507 1833
3383 -1347 -565 -5249 534 1244
3485 -854 -380 -5334 214 974
3710 -346 -201 -5410 -737 790
3927 -64 -117 -5345 -1648 817
4144 248 69 -5220 -1889 866
4288 486 344 -4991 -1610 899
4560 843 820 -4849 -1126 899
4757 1086 1135 -4624 -411 912
5184 1276 1669 -4401 -258 995
5384 1313 2100 -4243 -386 1024
5630 1224 2769 -3944 -703 858
5706 1162 3344 -3696 -810 510
5772 960 4170 -3170 -264 -397
6330 512 4762 -2613 453 -1086
6825 37 5185 -1460 1261 -1941
7758 -917 5529 -481 1646 -2334
8285 -1537 5815 1173 2521 -2826
9005 -2424 5873 2312 3465 -3171
9249 -2985 5407 4157 5249 -3744
8903 -3747 3923 6260 6397 -4416
7700 -4204 1934 7749 6512 -5015
6898 -4487 451 9908 5969 -6143
6015 -4600 -1059 11054 5315 -6989
5606 -4600 -1387 11790 4422 -8282
5227 -3670 -2116 9852 5077 -8554
4632 -5176 -3142 9812 5360 -9150
4517 -5099 -3499 9826 5216 -9732
4286 -5023 -3206 9253 4786 -9828
4054 -5503 -3043 8595 4614 -9721
3700 -5929 -2798 7312 4377 -9427
3082 -6463 -2242 6274 4149 -9156
2658 -6646 -1983 4694 4151 -8640
2040 -6878 -1767 3338 4464 -7978
1336 -7206 -2266 2706 4652 -7456
962 -7091 -2660 2192 4482 -6455
646 -6420 -3092 2018 3861 -5581
406 -5708 -3274 1847 2323 -4072
172 -4931 -3495 1743 722 -2473
-123 -4049 -3435 1685 -3 -1470
-389 -3142 -3180 1537 -489 -119
-533 -2542 -2992 1272 -402 1030
-801 -1759 -2749 883 161 1974
-901 -1068 -2795 604 681 2516
-841 -626 -2919 220 1395 3269
-537 -79 -2996 -23 1738 3741
-122 272 -3073 -371 2213 4441
57 541 -3089 -725 2595 5034
553 746 -3164 -1007 2450 5523
1456 652 -3344 -1071 2080 5820
2556 405 -3515 -923 1239 6320
4274 -15 -3259 -741 534 6675
4923 -454 -2881 -546 -491 6879
5652 -1419 -2411 -433 -1318 6491
5911 -1567 -1887 -371 -1464 5911
5840 -1435 -1588 -317 -626 4708
5570 -1403 -1139 -333 334 3860
5438 -1373 -889 -425 1445 2884
5165 -1339 -602 -504 1723 2527
5053 -1300 -460 -610 1518 2409
4976 -1103 -303 -652 1145 2553
4861 -936 -190 -688 528 2913
1443 228 362 -1588 1372 2466
1217 338 338 -1850 1639 2189
947 475 164 -2042 2023 1889
707 557 -96 -2120 2252 1690
536 568 -234 -2179 2375 1389
314 579 -323 -2227 2098 1095
205 577 -359 -2268 1731 909
164 556 -353 -2320 1303 745
126 499 -373 -2408 699 509
139 359 -421 -2504 231 308
249 249 -441 -2571 3 205
349 164 -444 -2682 -230 114
524 -5 -450 -2762 -313 95
678 -135 -416 -2891 -393 115
796 -192 -406 -3031 -487 184
905 -251 -343 -3188 -632 270
1001 -273 -360 -3301 -726 321
1100 -312 -395 -3439 -818 397
1173 -426 -440 -3518 -833 436
1292 -519 -522 -3595 -805 496
1668 -618 -605 -3611 -831 643
1860 -670 -581 -3628 -949 784
2251 -833 -569 -3660 -1271 1074
2608 -1013 -597 -3677 -1527 1305
2820 -1170 -663 -3670 -1767 1663
3016 -1258 -742 -3590 -1575 1982
3163 -1168 -793 -3493 -1192 2172
3283 -820 -767 -3376 -689 2328
3220 -550 -737 -3208 141 2433
2922 -106 -627 -3102 976 2301
2529 175 -604 -3056 1498 2052
2368 194 -700 -2967 2107 1522
2290 163 -833 -2870 2308 1140
2328 -25 -1042 -2635 2213 619
2390 -244 -1170 -2441 1896 328
2534 -395 -1150 -2143 1073 6
2943 -684 -1118 -1962 327 -103
3283 -946 -1085 -1724 -1004 -144
3715 -1468 -1068 -1574 -1842 -125
3850 -1670 -948 -1394 -2629 -150
4205 -1832 -728 -1305 -2766 -188
4415 -1866 -695 -1139 -2380 -248
4556 -1697 -645 -881 -1515 -341
4359 -1326 -560 -677 -840 -451
4018 -1034 -493 -379 186 -793
3491 -713 -289 -183 1062 -1309
3044 -486 -121 -123 1471 -1688
2824 -363 -1 -132 1649 -2186
2710 -269 332 -224 1396 -2432
2720 -150 636 -492 712 -2623
2997 170 1302 -923 137 -2551
3193 283 1779 -1279 8 -2399
3540 303 2535 -1841 364 -2101
4004 -107 3010 -2153 920 -1900
4322 -818 3080 -2355 1722 -1653
5074 -2265 3039 -2216 1885 -1543
5716 -3178 2880 -1458 1645 -1398
6430 -4679 2745 5 1611 -1531
6993 -5820 2679 1317 2050 -1864
7284 -6549 2529 3572 2978 -2654
7283 -7332 2170 5807 3532 -3692
6846 -7559 1814 7068 3516 -4476
6681 -7576 1527 8443 3184 -5659
6798 -7606 950 8993 3083 -6355
6880 -7606 517 9348 3120 -7136
6578 -7676 -204 9311 2951 -7548
6437 -6535 -1818 7285 3566 -7237
4891 -7662 -3243 8232 1878 -7929
4936 -6699 -3422 8928 353 -8555
4993 -6592 -2800 8708 -173 -8756
4617 -6535 -1723 7467 396 -8778
4018 -6325 -1028 6307 1374 -8584
3392 -6224 -1042 4609 3077 -8121
2487 -5848 -1526 3699 3956 -7735
1968 -5657 -1938 2791 4699 -7028
1345 -5251 -2270 2433 4824 -6450
1016 -4888 -2315 2084 4633 -5439
559 -4386 -2173 1777 4361 -4352
147 -3858 -2001 1557 4225 -3649
-110 -3486 -1923 1221 4073 -2690
-447 -2909 -1840 1009 3941 -2123
-618 -2528 -1812 720 3588 -1380
-801 -2115 -1886 567 3261 -953
-770 -1966 -2005 431 2704 -344
-516 -1756 -2140 394 2238 91
-260 -1652 -2218 416 1446 837
344 -1556 -2212 447 894 1385
863 -1514 -2142 482 140 2269
1674 -1409 -2072 515 -299 3135
2745 -1408 -2138 565 -364 3698
3398 -1386 -2152 634 -198 4473
4243 -1317 -2162 650 13 4897
4738 -1268 -2204 629 443 5387
5266 -1210 -2263 552 919 5654
5475 -1123 -2270 474 1228 5692
5577 -808 -2083 249 1547 5546
5685 -535 -1873 50 1705 5353
5768 -294 -1691 -334 1783 4989
5816 182 -1567 -580 1654 4732
5612 459 -1422 -900 1163 4238
5123 810 -1179 -1152 643 3554
4608 1157 -869 -1284 514 3024
4270 1395 -668 -1465 765 2211
3889 1652 -560 -1581 1432 1536
3596 1754 -686 -1583 2250 1100
3274 1848 -692 -1547 2709 933
3085 1918 -600 -1540 3058 816
2756 1960 -509 -1595 2989 789
2097 1831 -433 -1650 2821 745
1634 1744 -385 -1742 2627 593
1067 1590 -354 -1788 2582 461
806 1417 -338 -1850 2512 277
504 1178 -366 -1909 2350 142
336 931 -385 -1954 2131 84
278 797 -422 -2028 1653 56
246 611 -461 -2098 1114 95
226 457 -428 -2181 606 185
211 311 -376 -2252 322 263
240 199 -331 -2387 -33 404
325 84 -231 -2504 -201 524
472 -71 -237 -2687 -360 751
582 -287 -213 -2799 -455 921
602 -354 -182 -2964 -637 1149
638 -412 -199 -3072 -832 1324
557 -478 -256 -3100 -903 1385
476 -530 -297 -3080 -849 1377
310 -658 -395 -3028 -705 1294
201 -717 -453 -2905 -361 1071
97 -742 -552 -2793 -89 875
65 -758 -607 -2616 285 579
98 -923 -735 -2447 545 333
232 -1236 -798 -2361 654 228
407 -1369 -808 -2318 573 192
848 -1546 -763 -2356 317 282
1142 -1685 -736 -2511 -255 594
1546 -2044 -681 -2686 -664 886
1910 -2352 -672 -3022 -1221 1417
2373 -2819 -559 -3456 -1630 1989
2802 -3013 -463 -3782 -1824 2364
3071 -3086 -424 -4260 -2029 2873
3426 -3235 -477 -4641 -1997 3281
3756 -3279 -585 -4831 -1852 3478
3968 -3246 -763 -4998 -1570 3647
4302 -3246 -1051 -5004 -1296 3666
4236 -3077 -1061 -4970 -1132 3538
3994 -2821 -943 -4965 -685 3065
3522 -2331 -694 -5019 -200 2586
3205 -1996 -525 -5168 587 1730
2948 -1487 -439 -5281 984 926
3005 -1181 -506 -5273 845 530
3106 -990 -519 -5139 1 209
3436 -572 -483 -4982 -809 174
3703 -257 -437 -4653 -1831 335
4113 13 -212 -4421 -2107 500
4290 205 34 -4143 -1866 728
4614 595 473 -4045 -1437 849
4870 901 777 -4042 -884 1005
5172 1275 1220 -4159 -625 1056
5364 1426 1420 -4216 -413 970
5477 1585 1635 -4181 235 593
5376 1569 1796 -4069 759 125
5247 1369 2135 -3769 1163 -802
5335 954 2396 -3434 1159 -1441
5387 688 2707 -2751 924 -2319
5496 338 3152 -2251 778 -2824
5791 -291 3896 -1506 912 -3451
6470 -995 4600 -999 1315 -3758
7049 -1428 4773 -24 2523 -3994
7746 -2018 4446 900 3635 -4037
7878 -2458 3965 2690 5407 -4030
7694 -3085 2876 4735 6595 -4062
7082 -3505 1416 6134 6803 -4157
6495 -3658 470 8089 6565 -4575
5745 -3781 -842 9733 6191 -5298
5415 -3900 -1708 10606 5799 -5838
5591 -3263 -3172 10017 5797 -6042
4369 -4128 -3793 10724 5243 -7140
4194 -3900 -3150 10716 5024 -8016
4170 -4255 -3004 9779 4962 -9111
4206 -4846 -2949 8836 4919 -9554
4158 -5150 -2869 7060 4456 -9645
3613 -5950 -2866 5205 4137 -9344
2643 -6587 -2760 4108 4187 -9040
1918 -6902 -2767 2863 4405 -8468
1213 -7112 -3096 2202 4344 -7543
672 -6678 -3509 2021 3974 -6643
242 -6163 -3600 1920 3011 -4997
-498 -5390 -3662 1850 2334 -3836
-871 -4803 -3608 1694 1511 -2081
-1123 -3795 -3450 1469 858 -272
-1228 -2871 -3265 1323 666 929
-1368 -2199 -2961 993 810 2533
-1491 -1287 -2681 704 1125 3403
-1441 -797 -2703 267 1731 4386
-909 -178 -2799 -104 2148 5098
-281 348 -2750 -327 2361 5481
-92 776 -2879 -618 2489 5756
921 863 -3017 -707 2126 5835
1718 670 -3098 -615 993 5900
3090 388 -3256 -351 334 5892
4253 -19 -3087 134 5 5832
5389 -541 -2520 410 105 5556
5787 -828 -2255 475 113 5200
6181 -1224 -1879 481 -69 4473
6297 -1374 -1546 471 -134 3923
6226 -1404 -1258 410 -17 3116
5847 -1205 -805 324 221 2625
5539 -1116 -552 119 715 2063
5153 -1063 -349 -126 1126 1812
4881 -939 -205 -383 1157 1854
4560 -820 -127 -607 918 2043
4121 -705 -166 -710 718 2164
3734 -636 -140 -812 460 2236
3215 -580 -67 -873 346 2204
2957 -557 -8 -982 240 2118
2650 -546 81 -1066 176 2073
2465 -477 247 -1225 86 2063
2207 -377 319 -1414 208 2080
1849 -210 385 -1545 429 2087
1624 -115 417 -1750 921 2081
1315 11 413 -1897 1305 2066
1040 100 350 -2112 1894 2025
871 158 298 -2255 2226 1984
631 240 182 -2454 2534 1911
497 282 92 -2624 2529 1808
320 326 -53 -2709 2369 1729
218 342 -105 -2806 1957 1584
98 346 -129 -2862 1631 1473
43 302 -139 -2944 1177 1283
4 198 -200 -2989 955 1150
-2 131 -280 -3020 774 954
38 24 -364 -3009 727 797
119 0 -372 -2997 637 705
287 -47 -351 -2999 495 702
404 -80 -280 -3603 -2228 2347
3130 -1642 -430 -3597 -2132 2361
3296 -1944 -783 -3523 -1894 2282
3419 -1949 -991 -3316 -1356 2077
3665 -1788 -1106 -3143 -993 1933
3630 -1366 -1055 -2907 -407 1685
3573 -977 -992 -2730 339 1407
3481 -627 -1008 -2627 898 1235
3223 -157 -1093 -2481 1623 972
2907 273 -1203 -2389 1949 793
2774 484 -1240 -2279 2051 516
2820 629 -1326 -2223 1859 358
2975 582 -1308 -2199 1150 180
3500 151 -1247 -2275 -76 96
3880 -134 -1257 -2339 -1040 66
4110 -309 -1113 -2434 -2221 -75
4079 -335 -888 -2491 -2525 -312
4280 -262 -692 -2578 -2117 -753
4726 -135 -345 -2638 -1400 -1010
4818 -31 -23 -2773 -80 -1389
5028 149 432 -2878 705 -1627
5212 182 723 -3024 1443 -1911
5128 130 1291 -3161 1637 -2218
5031 -283 1918 -3247 1634 -2487
5152 -742 2311 -3276 1783 -2931
5525 -1451 2710 -3187 1992 -3146
6375 -2522 3236 -2780 2335 -3230
6804 -3244 3479 -2284 2658 -3165
7325 -4518 3479 -1544 3109 -3057
7593 -5411 3320 14 3833 -2939
7754 -6656 2734 2096 4496 -2978
7425 -7386 2054 3665 4697 -3125
7171 -7743 1487 6074 4594 -3518
6903 -8109 923 7534 4281 -3844
6667 -8279 488 9339 3564 -4443
6220 -8164 167 10497 2669 -5256
5580 -8149 -110 10791 1968 -5959
5514 -7914 -62 10501 399 -7003
5593 -6293 -352 7921 489 -6995
5236 -7604 -1367 8234 752 -7854
5182 -7494 -2010 8292 1688 -8422
5146 -7253 -1777 8079 2940 -8604
4471 -7166 -1381 7272 3540 -8361
3673 -6827 -1071 6483 3612 -8078
3156 -6528 -1068 5177 3548 -7562
2428 -5954 -1410 4388 3521 -7154
1684 -5323 -1782 3462 3354 -6496
1280 -4939 -1938 2782 3024 -5806
841 -4442 -2026 2422 2854 -5315
632 -4188 -1955 1908 2772 -4543
383 -3742 -1788 1559 2847 -3997
237 -3366 -1668 1013 3063 -3150
77 -2907 -1634 510 3243 -2322
6 -2513 -1723 229 3267 -1788
-19 -2325 -1871 -69 3085 -1034
28 -2164 -2066 -159 2811 -559
155 -1788 -2244 -165 2216 110
274 -1595 -2256 -124 1749 516
450 -1329 -2164 -30 1098 1036
747 -1143 -2040 28 760 1336
1044 -1044 -1938 88 396 1780
1676 -1024 -1850 113 236 2107
2148 -1026 -1812 147 100 2687
2965 -982 -1869 208 54 3153
3483 -883 -1910 383 -7 3956
4133 -715 -1891 517 37 4494
4606 -603 -1794 672 371 5235
5055 -509 -1609 679 1087 5791
5206 -359 -1525 592 1728 6020
5161 -198 -1504 386 2669 6151
5035 205 -1414 230 2976 6108
4905 347 -1254 -31 2703 5858
4741 389 -1239 -201 1991 5411
4691 497 -1153 -263 1650 5062
4720 616 -872 -456 1441 4542
4643 924 -352 -867 1351 4044
4473 1303 -34 -1207 1323 3735
4269 1478 89 -1683 1254 3280
3725 1647 103 -1934 1170 2929
3277 1669 -19 -2108 1110 2306
2720 1589 -260 -2042 1122 1644
2310 1398 -427 -1897 1179 1247
2088 1239 -524 -1601 1432 780
1833 970 -562 -1405 1704 563
1790 736 -439 -1185 2045 402
1844 458 -295 -1128 2008 431
1833 295 -213 -1198 1499 599
1772 193 -186 -1274 996 752
1655 199 -218 -1352 257 975
1357 219 -276 -1364 -120 1072
1086 219 -257 -1355 -422 1066
758 202 -154 -1378 -393 896
539 152 -42 -1426 -213 722
490 95 -7 -1544 207 451
484 -90 -13 -1634 524 294
541 -201 10 -1787 1018 131
591 -237 79 -1903 1319 72
618 -256 111 -2105 1657 27
568 -175 146 -2232 1802 15
539 -101 135 -2388 1892 8
470 -37 96 -2469 1881 4
415 -42 0 -2523 1798 -38
348 -142 -162 -2507 1757 -95
318 -264 -266 -2426 1770 -228
345 -520 -418 -2342 1831 -336
431 -707 -534 -2187 1915 -490
510 -965 -655 -2087 1900 -573
555 -1153 -721 -1962 1739 -678
712 -1483 -783 -1920 1505 -706
924 -1726 -811 -1945 908 -653
1340 -2155 -629 -2170 34 -480
1744 -2503 -225 -2481 -622 -310
2102 -2745 -71 -3111 -1424 60
2670 -2909 22 -3792 -1822 608
3206 -2897 26 -4218 -1940 1065
3499 -2900 0 -4758 -1974 1845
3753 -2709 -255 -5021 -1928 2373
3738 -2559 -589 -5210 -1796 3036
3677 -2545 -757 -5227 -1708 3449
3414 -2366 -751 -5213 -1664 3530
3183 -2216 -740 -5203 -1386 3336
2908 -1948 -764 -5203 -638 2847
2867 -1672 -746 -5209 7 2445
3118 -1455 -751 -5218 663 1967
3368 -1172 -744 -5206 579 1690
3560 -899 -676 -5171 178 1595
3782 -617 -528 -5088 -610 1572
4000 -475 -391 -4977 -1282 1666
4549 -371 -175 -4891 -1568 1810
4907 -303 -18 -4765 -1787 2118
5285 -97 246 -4649 -1752 2388
5174 264 408 -4552 -1483 2408
5027 448 505 -4379 -785 2127
4672 662 721 -4243 37 1484
4460 819 983 -4218 612 933
4216 1031 1490 -4326 1473 99
4234 1048 2061 -4494 1909 -385
4521 951 2370 -4761 1979 -887
4802 809 2566 -4838 1537 -1072
5474 346 2787 -4644 535 -1181
5725 -202 3194 -4285 289 -1293
5941 -864 3523 -3426 1335 -1722
5505 -2001 3713 -2640 2644 -2247
5213 -2703 3447 -935 4102 -3246
4696 -3814 3044 1338 3713 -4230
5097 -4369 2636 3100 3046 -4720
5996 -4709 2064 5912 3139 -5223
6172 -4545 1518 7695 3781 -5465
6016 -4286 948 9932 4481 -5683
5188 -3929 330 10964 4583 -5878
4658 -3785 -462 11914 4619 -6384
3976 -3749 -1003 12062 4537 -7008
4207 -1214 1578 10092 2581 -6971
3158 -3333 -2263 9452 4942 -7675
2654 -3959 -2263 8917 6088 -8234
2633 -3954 -3089 8242 6475 -8526
2292 -4095 -3410 7735 5883 -8445
2108 -4144 -3360 6759 4544 -8155
1742 -4455 -3112 5645 3703 -7834
1305 -4677 -2689 4868 3510 -7635
1061 -4724 -2578 3788 3597 -7282
751 -4740 -2604 3210 3714 -6950
579 -4601 -2643 2562 3651 -6256
294 -4265 -2674 2108 3161 -5373
-5 -3926 -2790 1899 2673 -4718
-116 -3551 -2890 1733 1803 -3634
-227 -2798 -2871 1689 1229 -2839
-211 -2294 -2781 1658 505 -1557
3 -1616 -2512 1633 187 -659
90 -1205 -2337 1508 109 657
484 -548 -1821 1203 672 1895
987 -140 -1538 905 1349 2673
1434 183 -1514 435 2611 3747
2135 542 -1881 205 3533 4399
2487 759 -2180 41 4822 5230
2782 1024 -2503 27 5574 5788
2877 988 -2616 62 5514 5964
2903 772 -2515 167 4208 5912
3230 321 -2221 290 2676 5696
3777 85 -1952 574 226 5285
4794 -397 -1552 920 -1456 4880
5679 -672 -1012 1102 -1923 4649
6031 -670 -673 1221 -1536 4352
6136 -604 -321 1133 -143 4071
5672 -564 -122 957 990 3851
1060 -61 454 -2442 798 1591
898 -98 388 -2636 428 1485
726 -150 305 -2724 172 1419
633 -170 251 -2807 -138 1330
549 -167 194 -2830 -250 1278
518 -168 166 -2824 -277 1203
448 -173 116 -2803 -215 1153
425 -173 48 -2742 -61 1089
452 -147 -35 -2647 86 1041
487 -152 -73 -2579 134 1032
649 -198 -144 -2510 113 1041
785 -255 -178 -2421 -53 1095
952 -346 -279 -2353 -336 1163
1288 -306 -185 -2977 1010 967
1505 -322 -233 -3102 1117 1023
1707 -266 -238 -3233 1138 1246
2060 -118 -214 -3300 1050 1472
2381 -163 -269 -3368 812 1944
3101 -538 -411 -3398 557 2620
3730 -856 -597 -3380 444 3170
3632 -795 -677 -3309 566 3856
3262 -667 -745 -3253 850 4114
2972 -648 -818 -3185 1456 4142
5193 -2203 -852 -3310 -1282 -591
5738 -2651 -319 -3616 -907 -747
5907 -2709 -114 -4034 489 -1082
5485 -2743 -198 -4123 1745 -1703
4659 -2710 -404 -3945 1831 -2301
4107 -2512 -584 -3272 1068 -3285
3500 -2447 -528 -2656 273 -3896
3386 -2506 -185 -1767 -905 -4593
3557 -2596 600 -1326 -1410 -4823
3759 -2694 1231 -999 -1620 -4787
4056 -2859 2398 -1132 -1400 -4375
4398 -2940 3164 -1408 -1076 -3939
4903 -3021 4025 -1815 -33 -3253
5182 -3364 4277 -1846 962 -2930
5348 -3856 4275 -1336 2154 -2755
5599 -4788 3878 -540 2624 -2836
5817 -5499 3794 1174 2798 -3254
6247 -6410 3663 3210 2765 -3936
6475 -6976 3462 4588 2908 -4486
6531 -7137 3140 6495 3198 -5312
6272 -7251 2435 7546 3400 -5824
6113 -7253 1916 8683 3615 -6518
5976 -7129 1328 9084 3819 -6920
6043 -7127 971 9405 3808 -7060
5719 -6492 -1619 6699 4470 -6963
5810 -7368 -2176 8033 6810 -7815
5825 -7510 -3322 8711 5816 -8130
5450 -7086 -2581 8533 4065 -8161
5284 -6440 -1921 7294 1668 -8118
4694 -6225 -1354 6208 1307 -8185
4278 -6098 -1253 4753 2273 -8276
3416 -6115 -1449 4023 3098 -8239
2907 -6004 -1671 3305 3712 -7915
2297 -5638 -1760 2964 3653 -7490
1933 -5559 -1754 2508 3465 -6643
1453 -5429 -1833 2249 3484 -5976
1208 -5191 -1866 1917 3566 -4818
858 -4828 -1871 1585 3456 -3525
668 -4327 -1951 1369 3300 -2622
601 -3855 -1980 1084 3076 -1267
442 -3208 -2063 928 3017 -444
369 -2773 -2192 756 3040 610
501 -2099 -2501 715 3023 1255
749 -1674 -2691 764 2780 2244
1433 -1165 -2918 910 2366 3288
2182 -760 -2880 996 2157 3967
2563 -562 -2672 994 2076 4864
3050 -302 -2212 841 2131 5327
3465 -140 -1984 425 2248 5865
3999 78 -1798 -76 2266 6238
4583 254 -1824 -378 2137 6414
5002 375 -1790 -732 1614 6599
5664 348 -1524 -907 1053 6667
5961 336 -1286 -1105 216 6635
6261 442 -987 -1182 -165 6417
6041 728 -772 -1184 -16 6097
5790 942 -759 -1114 847 5356
5386 1254 -625 -1067 1654 4765
5218 1456 -459 -1059 2583 3913
4852 1728 -309 -1079 2843 3414
4197 1891 -272 -1074 2758 2723
3653 1968 -197 -1047 2370 2011
2898 1997 -70 -1059 1967 1283
2293 1785 -133 -1070 1813 832
1969 1545 -223 -1053 1802 280
1698 1179 -344 -1029 1874 35
1600 987 -376 -1007 1922 -134
1541 745 -428 -1006 1783 -93
1423 532 -445 -1027 1565 9
1286 425 -454 -1079 1141 198
1112 352 -440 -1152 713 390
885 343 -370 -1225 464 490
727 285 -333 -1361 225 565
513 187 -328 -1463 199 560
384 109 -281 -1642 351 490
234 4 -228 -1870 640 358
155 -105 -234 -2032 831 261
149 -131 -230 -2281 1021 139
137 -132 -248 -2533 1063 48
137 -199 -239 -2789 1010 -30
123 -301 -255 -2959 955 -77
117 -381 -287 -3185 871 -148
108 -452 -344 -3372 767 -209
144 -545 -410 -3462 668 -236
154 -612 -449 -3555 508 -260
168 -726 -496 -3602 396 -275
192 -808 -515 -3653 191 -278
260 -995 -560 -3683 34 -271
436 -1353 -613 -3726 -189 -226
555 -1569 -622 -3779 -413 -104
883 -1899 -585 -3828 -614 33
1217 -2150 -505 -3960 -987 365
1766 -2578 -378 -4182 -1367 826
2277 -3066 -272 -4377 -1556 1174
2665 -3408 -194 -4716 -1675 1750
3256 -3681 -234 -5014 -1549 2415
3917 -3710 -396 -5183 -1352 3171
4157 -3658 -458 -5248 -1335 3632
4045 -3615 -506 -5313 -1508 4072
3893 -3563 -602 -5311 -1628 4152
3708 -3465 -857 -5205 -1580 3955
3604 -3267 -935 -5095 -1348 3645
3461 -2980 -893 -4962 -744 2983
3361 -2477 -717 -4913 -257 2493
3256 -2163 -608 -4898 389 1778
3179 -1680 -470 -4936 705 1173
3217 -1326 -364 -4971 641 873
3427 -1141 -295 -5028 146 642
3909 -894 -272 -5030 -360 678
4118 -616 -236 -4958 -1175 898
4406 -277 -63 -4801 -1658 1147
4675 46 224 -4668 -1644 1272
5016 473 660 -4505 -1168 1365
5195 700 1033 -4446 -509 1313
5196 871 1588 -4457 -173 1125
5138 1088 1980 -4449 18 569
5121 1143 2692 -4422 -66 65
5257 1033 3297 -4362 -502 -791
6048 623 4002 -4093 -711 -1538
7274 -33 4737 -3764 -388 -1914
7847 -541 5065 -2982 955 -2467
8172 -1070 5168 -2180 2299 -2886
8162 -1844 4995 -537 4043 -3566
8007 -2705 4697 734 4566 -3991
7873 -3108 4277 2833 4706 -4604
7839 -3619 3135 4366 4886 -4996
7648 -3868 2127 6736 5526 -5603
7117 -4216 616 8162 5870 -5980
6700 -4386 -125 9686 5910 -6492
6189 -4601 -785 10164 5785 -6846
5742 -5011 -1556 10194 5829 -7415
5444 -3742 -3124 5148 6361 -7288
4657 -5206 -3586 8558 6746 -7843
4495 -4917 -4190 8861 6247 -8085
4391 -5155 -3981 8707 4993 -8148
3973 -5749 -3590 8215 4243 -8175
3554 -6070 -3267 7069 3473 -8239
2888 -6583 -2870 5685 3151 -8286
2305 -6860 -2542 4768 3193 -8229
1914 -7131 -2516 3574 3517 -7952
1401 -7275 -2812 3005 3818 -7587
903 -6917 -3045 2460 3978 -6690
603 -6373 -3191 2093 3574 -5378
331 -5312 -3451 1902 3046 -4304
95 -4674 -3480 1625 2195 -2595
-472 -3625 -3417 1408 1761 -1525
-904 -2747 -3393 988 1545 367
-1174 -1792 -3328 778 1661 1188
-1284 -1223 -3282 421 1927 2283
-1291 -515 -3252 51 2192 3218
-1031 -7 -3222 -187 2301 3750
-669 184 -3145 -541 2317 4468
-394 637 -2933 -916 2150 5000
91 814 -2823 -1132 1829 5282
1285 734 -2794 -1278 1114 5706
3109 370 -2927 -1182 552 6043
4255 91 -2735 -863 -313 6554
5391 -294 -2472 -428 -871 6758
4563 -737 -230 -619 621 3026
3836 -582 -126 -686 1079 3041
3503 -530 -60 -794 1523 2962
3096 -487 -27 -887 1703 2898
2838 -460 44 -1067 1695 2811
2488 -343 185 -1219 1514 2755
2255 -263 230 -1467 1100 2663
1942 -198 272 -1632 851 2584
1795 -189 272 -1875 643 2426
1612 -227 256 -2108 717 2236
1494 -233 268 -2269 908 2098
1313 -143 243 -2502 1296 1877
1088 -84 166 -2652 1565 1722
923 -53 91 -2844 1852 1464
691 11 39 -2955 1917 1277
561 56 25 -3119 1828 982
406 68 -31 -3217 1687 781
343 49 -73 -3331 1442 487
320 1 -146 -3382 1279 304
352 -53 -185 -3445 1019 72
415 -150 -224 -3478 832 -49
469 -231 -253 -3521 553 -177
556 -340 -259 -3538 377 -230
727 -423 -230 -3587 31 -246
786 -498 -180 -3619 -156 -224
797 -539 -159 -3662 -414 -195
794 -573 -215 -3666 -702 -176
732 -581 -269 -3646 -980 -181
704 -620 -342 -3574 -1571 -204
711 -663 -293 -3511 -2023 -224
796 -658 -195 -3436 -2630 -231
1120 -703 -56 -3424 -2838 -193
1345 -837 48 -3456 -2748 -50
1546 -1019 197 -3511 -2432 68
1967 -1138 192 -3612 -1732 391
2953 -1317 79 -3648 -1303 809
3628 -1355 -12 -3633 -889 1743
4132 -1021 -85 -3534 -647 2827
4130 -402 -177 -3428 -469 3480
3857 -74 -171 -3248 7 4136
3389 367 -158 -3155 447 4290
3299 645 -220 -3016 1183 4144
3213 801 -424 -2895 1681 3812
3140 641 -642 -2617 2305 2972
3276 393 -927 -2193 2637 1912
3475 229 -1070 -1850 2569 1220
4025 -242 -1269 -1482 2120 620
4354 -522 -1327 -913 667 -76
4701 -732 -1105 -456 -1157 -629
4982 -746 -777 -281 -2103 -954
5437 -687 -508 -105 -2609 -1386
5549 -633 -460 9 -2277 -1684
5482 -507 -378 176 -1120 -2137
5268 -375 -288 270 -194 -2426
4857 -191 30 300 855 -2781
4599 -68 314 219 1184 -2953
4128 163 920 34 1215 -3094
3947 346 1536 -501 843 -3276
3977 179 2484 -987 565 -3340
4210 -288 3051 -1759 337 -3349
4727 -1508 3603 -2251 648 -3287
5376 -2550 3703 -2240 1164 -3194
6502 -4557 3642 -1902 1691 -3064
7102 -5862 3451 -775 2105 -2806
7843 -7645 2981 1116 2140 -2599
8024 -9124 2547 2665 2205 -2704
7787 -9856 2149 4349 2376 -3124
7180 -9832 1875 6817 2649 -4351
6079 -9398 1576 8746 2933 -6005
5756 -9039 1144 9896 2928 -7331
5786 -8724 996 10153 2746 -7882
5845 -8557 764 9909 2502 -8261
4967 -7571 -4079 7759 2289 -7611
5136 -8047 -576 8045 3906 -7886
5304 -7539 -1854 8049 4630 -8038
4333 -8078 -2118 7606 4788 -7908
3702 -7001 -1762 6767 3799 -7702
3124 -6565 -1785 5250 2338 -7440
2471 -5804 -2002 3986 1790 -7259
2161 -5404 -2270 3451 1905 -7100
1688 -4923 -2591 3017 2444 -6730
1306 -4467 -2534 2831 2741 -6354
1104 -4271 -2347 2462 2949 -5622
834 -3994 -1984 1914 3128 -4766
685 -3771 -1791 1488 3366 -4172
417 -3448 -1686 846 3723 -3302
240 -3213 -1691 468 3772 -2760
29 -2842 -1872 86 3498 -2018
-17 -2524 -2093 -27 3125 -1562
70 -2320 -2201 -29 2384 -902
304 -2077 -2238 105 1606 -243
659 -1785 -2212 242 1160 210
1026 -1471 -2135 466 696 970
1711 -1044 -2023 608 543 1522
2123 -891 -1963 762 576 2372
2812 -637 -1899 817 794 2936
3291 -439 -1886 833 1442 3798
3833 -148 -1900 721 2308 4609
4352 84 -1922 565 2791 5089
4620 210 -1972 255 3077 5712
5018 491 -2097 51 2944 6059
5302 744 -2023 -224 2298 6462
5482 846 -1612 -557 1389 6563
5376 965 -1184 -798 881 6399
5272 1018 -881 -1172 370 5851
5045 1110 -598 -1396 224 5339
4841 1175 -503 -1621 398 4433
4513 1385 -273 -1738 1028 3502
4160 1633 -7 -1795 1581 2944
3857 1735 148 -1866 2332 2252
3252 1826 401 -1983 2883 1704
2428 1920 610 -2157 3218 1219
1631 1946 693 -2292 3316 915
1293 1827 642 -2481 3229 538
1077 1533 444 -2566 2994 383
1060 1356 229 -2582 2443 334
1120 1179 -5 -2523 2012 427
1176 1048 -134 -2386 1375 702
1201 839 -266 -2221 858 1046
1015 690 -247 -2133 602 1240
911 586 -219 -2065 323 1432
829 400 -248 -2050 186 1500
739 329 -276 -2056 55 1510
697 232 -309 -2104 -12 1447
797 8 -399 -2146 -49 1392
872 -143 -464 -2221 -99 1320
943 -306 -494 -2281 -134 1276
1038 -346 -500 -2389 -214 1228
1135 -348 -473 -2470 -288 1204
1059 -345 -433 -2599 -380 1132
966 -337 -444 -2709 -325 971
777 -357 -517 -2745 -148 810
681 -385 -561 -2760 285 523
541 -397 -632 -2724 699 215
494 -454 -704 -2683 857 30
506 -605 -882 -2587 905 -176
560 -790 -1032 -2508 837 -246
673 -915 -1069 -2419 584 -237
953 -1125 -1122 -2388 278 -141
1105 -1285 -1111 -2397 -301 94
1364 -1595 -1116 -2446 -677 276
1591 -1842 -1065 -2603 -1148 579
1773 -2179 -870 -2935 -1481 829
1930 -2600 -627 -3268 -1592 946
2049 -2866 -549 -3870 -1584 1054
2279 -3240 -587 -4496 -1485 1134
2668 -3524 -799 -4848 -1485 1254
3320 -3841 -1085 -5225 -1721 1586
3554 -165 -566 -5559 -901 1211
3831 54 -221 -5500 -1502 1062
4375 231 130 -5414 -2233 1085
5395 462 776 -5325 -2558 1404
5736 632 1334 -5226 -2274 1589
5654 821 1645 -4957 -954 1523
5499 1002 2084 -4698 180 1241
5470 933 2407 -4250 1257 602
5415 752 2978 -3726 1276 -153
5623 351 3603 -3325 1127 -669
5997 -32 4013 -2602 1056 -1334
6520 -543 4463 -1632 1527 -1882
6860 -1171 4491 -769 2205 -2218
7066 -1845 4262 865 3325 -2607
6997 -2172 3997 2776 4094 -2901
6623 -2622 3367 4084 4320 -3135
6506 -2995 2634 6030 4454 -3619
6326 -3314 1521 7788 4377 -4263
6084 -3684 484 8714 4156 -4801
5742 -3744 19 9606 3657 -5823
5257 -3852 -311 9787 3403 -6634
5119 -3991 -602 7889 5656 -7523
4841 -3766 -979 7737 6139 -7898
4528 -4806 -3144 8164 6234 -8389
3755 -5112 -3601 8718 5873 -9021
3414 -5083 -3218 8658 5196 -9195
3121 -5207 -2915 7945 4092 -9241
2647 -5388 -2521 6732 3552 -9139
1945 -5859 -2224 5818 3542 -9026
1513 -6084 -2073 4457 3868 -8713
1008 -6206 -1966 3646 4152 -8346
810 -6117 -2268 2767 4308 -7459
576 -5840 -2941 2458 4126 -6643
398 -5379 -3299 2309 3362 -5170
338 -4307 -3545 2337 2223 -3453
313 -3787 -3605 2385 1501 -2268
194 -2976 -3410 2414 812 -636
91 -2422 -3144 2336 672 284
-15 -1612 -2780 2038 890 1399
9 -907 -2659 1753 1275 1992
159 -513 -2621 1241 2083 2719
430 -210 -2676 878 2696 3139
774 249 -2762 328 3539 3635
1083 702 -2901 -15 3913 3861
1241 889 -3026 -395 4007 4013
1480 1006 -3114 -537 3659 3998
1762 985 -3130 -544 2657 3900
2333 948 -2936 -372 1406 3794
2904 675 -2422 -255 630 3715
3276 434 -2103 -161 -231 3564
4033 -55 -1775 -136 -571 3483
4566 -354 -1681 -83 -760 3470
5181 -586 -1468 -10 -699 3585
5439 -609 -1161 18 -548 3693
5412 -572 -916 -15 -91 3815
5107 -499 -535 -188 598 3821
4809 -430 -266 -464 1298 3759
4465 -363 -103 -680 1634 3701
4226 -366 -30 -1013 1820 3612
3836 -383 24 -1305 1767 3510
3393 -432 68 -1476 1752 3430
3123 -409 127 -1704 1812 3317
2760 -330 261 -1865 1867 3259
2398 -243 390 -2225 1982 3173
2213 -195 477 -2423 2007 3153
2148 -202 536 -2742 1941 3154
1893 -180 524 -3053 1812 3102
1625 -169 465 -3226 1721 2984
1201 -176 337 -3409 1549 2653
952 -169 231 -3469 1441 2363
672 -104 157 -3495 1348 2044
542 -74 137 -3493 1218 1563
399 -71 125 -3479 1129 1258
393 -74 96 -3455 987 871
442 -96 21 -3428 877 663
577 -153 -85 -3361 645 468
622 -169 -150 -3281 364 380
