18788 -32768 -32768 0 0 0
9421 5832 -6869 4908 -32768 -32768
9102 4783 -5558 -7180 -32768 -32768
8908 3877 -2943 -13276 -32768 -32768
9051 3480 -734 -20796 -32768 -32768
4360 3433 12144 -19735 -32768 -32768
6904 3271 6230 -27848 -32768 -32768
6871 3274 6017 -32768 -32768 -32768
6432 2422 5614 -30334 -32768 -32768
6425 1914 4732 -17826 -32768 -32768
6267 676 4301 -7974 -32768 -32768
6055 -14 3973 4762 -32768 -32768
5490 -1575 3916 9508 -32768 -32768
5019 -3126 4152 9925 -32768 -32768
4805 -5147 3651 7113 -32768 -32768
4405 -6258 2553 5583 -31680 -27087
4433 -6756 1654 5526 -32566 -9228
4415 -6716 737 7628 -32768 6793
4159 -6442 420 9874 -32768 15489
3915 -5985 199 13924 -32768 26063
3674 -5125 -103 17024 -32768 31472
3371 -4514 -54 20861 -32768 32767
2980 -3734 262 22324 -32768 32767
2762 -3158 500 22601 -32768 32767
2240 -2385 1030 20112 -32768 32767
1897 -1783 1787 16754 -32768 32767
1804 -1339 2025 10836 -32768 32767
1636 -656 2078 7337 -32768 32767
1786 -37 1996 3474 -32768 32767
2560 1143 1605 2237 -32768 32767
2755 1992 1409 1881 -32175 32767
2516 3194 1555 2525 -31797 30668
3356 4286 1264 3950 -30562 27798
3881 4360 1018 7524 -26478 22610
4706 3875 469 10680 -22807 18886
5392 3696 -80 15302 -15757 13813
5689 3563 -515 18564 -6567 10584
5629 3158 -1070 19078 -480 8934
5213 2730 -867 16252 254 8536
4549 2385 -542 8095 432 7582
4007 1909 64 1169 1759 6876
3724 1571 350 -8814 8442 6303
3457 1145 481 -15695 19806 6451
3054 689 281 -17873 28533 6526
2699 369 -24 -17248 32767 6322
2326 -35 -468 -12904 32767 6163
1791 -239 -875 -8373 32767 6143
1545 -292 -1130 86 32767 6714
1160 -476 -1239 5969 32767 7589
761 -642 -965 13825 32767 9798
954 -863 -851 20090 26755 14243
1267 -1126 -527 22935 22629 18454
1807 -1338 -53 24431 17966 26762
1471 -1344 -67 24371 13577 32767
985 -1260 179 23570 9593 32767
649 -1217 207 22393 2836 32767
129 -1155 75 22222 -1184 32767
-9 -1022 -24 23264 -5330 32767
-5 -894 -107 24692 -6708 30442
428 -839 -69 27339 -6674 24046
1425 -909 -36 30265 -4038 19543
2135 -1015 22 31876 -1012 17850
2803 -1006 192 32767 4404 16175
2987 -901 428 32767 8401 14959
2971 -822 535 30936 14674 12549
2932 -784 694 28947 18249 10860
2987 -771 639 26020 21002 8967
3111 -801 381 24675 20702 8352
3055 -711 229 23959 18590 8058
2928 -547 -26 24470 17212 8282
2809 -310 -234 26592 14850 9259
2937 391 -456 28259 11296 10750
2875 951 -313 30102 2195 12951
2590 1414 244 30656 -4724 13459
2388 1593 835 30916 -12852 12241
2448 1782 1296 30452 -12836 9204
2997 1713 1617 30007 -6470 7093
3624 1458 1448 30129 9423 5607
5154 790 1170 30742 20630 7097
6156 387 299 32767 32767 11847
6179 183 -580 32767 32767 13563
6019 -32 -787 32767 27155 12386
6020 -99 -1276 32767 15981 9882
6233 308 -1372 32767 57 6368
6995 461 -1288 32767 -3670 5346
7184 354 -1083 32767 1192 4632
6877 287 -1141 31123 6117 2556
7093 -593 -2684 26744 7531 458
8145 -1366 -4741 25396 12579 -744
10444 -2885 -8447 28526 17142 -2598
10875 -3470 -11653 28445 17998 -11119
10130 -3167 -12451 15206 2895 -32768
9315 -2616 -11456 -3846 -16242 -32768
10079 -3697 -10050 -32768 -31637 -32768
12036 -5916 -7691 -32768 -18387 -32768
11524 -6303 -5707 -32768 -12136 -32768
11128 -6315 -4594 -32768 -9985 -32768
5039 -4508 -3147 -32768 -18284 -32768
8920 -6598 2121 -32768 -14952 -32768
9349 -6882 3055 -32768 -5129 -32768
9411 -8252 1541 -32768 2599 -32768
8706 -9146 -110 -26993 -4308 -32768
8076 -9649 364 -10099 -25301 -32768
6564 -10419 2640 -8770 -32768 -32768
5511 -9673 3375 -10645 -32768 -32768
4627 -9906 2770 -9710 -32768 -32768
2968 -9559 1818 -6558 -32768 -32768
2134 -9192 1345 445 -32768 -32768
1047 -7951 1091 7813 -32768 -28084
-65 -6797 1447 11379 -32768 -23208
-641 -5939 1648 14392 -32768 -16336
-1181 -4939 1783 15178 -32768 -11770
-1353 -4300 1725 15066 -30140 -4682
-1653 -3382 1672 13166 -23999 1617
-1314 -2677 1472 11301 -21670 5486
-621 -2317 1062 9205 -22625 11530
460 -1816 666 8844 -29617 17812
2292 -1201 -94 10582 -32768 22958
3364 -663 -213 14762 -32768 30753
4828 -25 -14 17524 -32768 32767
5952 326 222 20628 -32768 32767
6903 631 532 21351 -32768 32767
7176 797 1021 20044 -32768 32767
6905 961 1393 13506 -18150 32767
7004 1118 1338 3897 -5138 29555
7038 1069 951 -2249 -24 24573
6748 1127 766 -9542 2762 17582
6079 1569 595 -13584 1451 12601
5399 1830 261 -14019 606 10601
4970 1901 -57 -11320 -1950 9058
3716 2328 -331 -5806 -7470 7694
2354 3059 -444 -879 -11117 6414
1594 3422 -493 7516 -16883 4019
547 3581 -179 12871 -19849 2083
16 3430 -56 20352 -18769 -787
-527 3089 87 26680 -9934 -2974
-786 2454 41 29907 -4712 -3749
-835 2089 677 30973 153 -3294
-197 1271 1303 29546 4804 -1339
603 497 1898 24830 11745 3766
1367 176 1909 19586 19112 11163
2876 -175 1415 15835 27871 20531
3977 -199 583 14659 32767 26638
4395 -264 -246 15463 32767 32767
3846 -438 -717 17303 32767 32767
2330 -838 -1228 19625 31273 31431
1614 -1177 -1115 22921 20794 20589
821 -1144 -567 23697 9238 11879
566 -656 -288 23002 -13106 -283
477 -459 -239 22301 -24759 -6802
573 -450 -99 21282 -31639 -12969
709 -489 320 19841 -27562 -14871
181 11 1188 17951 -19186 -14571
595 131 1466 15262 3055 -10048
800 -556 1296 14448 19711 -5936
473 -1034 1104 14325 32767 -399
60 -1296 278 14977 32767 3227
478 -1382 231 16333 32767 10313
993 -1886 -551 19484 27274 18848
1633 -2078 -1070 22431 18153 24728
2218 -2233 -1140 27731 4749 32767
2964 -2463 -1064 31780 -1984 32767
3557 -2467 -967 32767 -6064 32767
4276 -2351 -838 32767 -4163 32767
4701 -2446 -798 32767 545 32767
5066 -2659 -617 32767 10827 32767
5497 -2686 -294 32767 21489 32767
5555 -2390 -62 32767 25943 32036
5614 -2041 -67 32767 26596 26278
5664 -1758 -290 32767 24929 23129
5706 -1508 -497 32767 23361 19807
5685 -1120 -779 32767 25948 17121
5326 -737 -947 32767 28745 15093
4910 -384 -965 32767 31441 10971
4303 126 -779 32767 31879 7303
4097 299 -670 32767 31231 1838
4222 757 -354 32767 30450 -1849
4402 1495 -445 32767 29954 -3314
4629 2087 -579 32767 25960 -3914
4985 3085 -741 32618 20292 -3925
5327 3744 -828 29925 18639 -5001
5615 4342 -1447 27213 19644 -9156
5762 4866 -2211 27294 18254 -16455
6460 5360 -3798 28646 13327 -22061
7383 5627 -5283 31679 -1339 -29452
9205 5554 -6690 31061 -25551 -32768
11072 5645 -7158 23868 -32768 -32768
11036 5448 -7252 15683 -32768 -32768
10738 5307 -7051 -1527 -32768 -32768
10750 4492 -5729 -14768 -32768 -32768
10992 3713 -4695 -31079 -32768 -32768
11721 2203 -2032 -32768 -32768 -32768
8581 -2678 -2022 -32768 -32768 -32768
9960 721 4319 -32768 -32768 -32768
10094 247 5150 -32768 -32768 -32768
9445 -290 4586 -32768 -32768 -32768
8453 -1062 3659 -32768 -32768 -32768
7365 -1902 3624 -32768 -32768 -32768
6423 -2525 4119 -31856 -32768 -32768
5712 -3585 4190 -31333 -25834 -32768
5169 -5154 3632 -30357 -15353 -32768
4598 -6796 1590 -25366 -14824 -32768
4706 -6955 309 -20759 -18516 -32768
5230 -7685 -214 -12591 -24345 -16620
5277 -8136 -970 -2847 -31823 2116
4359 -7511 -1266 3501 -32768 11143
3396 -6951 -1020 10674 -32768 18159
2202 -5984 -452 13595 -32768 18962
1459 -5470 -3 15586 -32768 15914
702 -4673 717 14991 -32768 11015
392 -3710 1195 13782 -32768 8414
509 -3180 1376 11752 -32768 7056
878 -2250 1629 9199 -29848 9014
1417 -1272 1998 7140 -26930 11793
1809 -665 2190 3969 -25911 17663
2376 805 2547 855 -28545 23762
1963 2544 2801 -726 -31483 25814
2048 3338 2854 -1543 -32768 25737
2449 3708 3007 -1459 -32768 24109
3047 3761 3115 -1115 -32768 19943
3851 3732 3196 -1377 -32199 17150
4372 3681 3089 -2642 -28095 13888
4636 3068 2945 -3420 -22132 11805
4517 3364 1991 -2583 -9412 8980
4163 3019 1515 -195 437 6162
3436 2025 1158 1493 3082 4340
3123 1529 978 3834 3113 3228
2839 931 376 5727 1763 4002
2749 744 154 8878 134 7407
2682 465 -340 11331 489 10692
2752 -2 -150 13936 786 16733
2499 -233 119 14541 -1340 22117
1936 -366 155 14813 -3219 24545
1533 -411 148 15758 -4740 25930
921 -603 51 17081 -4702 25342
603 -686 -65 19994 -3214 23197
598 -628 -119 23661 965 20736
718 -652 -157 26205 5275 19233
1173 -1001 29 29337 12134 18058
1662 -1159 34 31884 17969 19278
2447 -1085 -122 32767 21186 21424
2715 -881 -132 32767 24700 25364
2746 -586 13 32767 25658 28070
2403 -533 180 31893 23820 28276
2055 -500 277 28896 17407 25591
1786 -457 514 26537 11802 22446
1762 -419 596 23229 3793 17276
1812 -385 756 21378 80 14101
1737 -441 908 19149 -2000 10163
1851 -451 1183 17963 -760 8567
1915 -458 1482 16081 3844 7898
5058 58 -28 32767 15174 23279
4547 496 -208 32767 14980 22632
4419 607 -33 32767 11017 19100
4876 575 -38 32767 7608 16124
5460 574 -101 32767 7272 12827
6221 992 -526 32767 10148 11509
5883 1168 -637 32767 14507 6440
6144 -329 -1258 30277 20966 -325
7687 -1118 -3374 30925 24397 -1707
9262 -1447 -5413 32767 21448 2229
10325 -2825 -7639 32767 9492 4165
10068 -3020 -8854 32767 2476 231
9225 -2775 -10889 32767 1521 -15784
8811 -2688 -11146 23116 1278 -31004
9259 -3046 -10983 -14306 -11560 -32768
9910 -3701 -10887 -32768 -19721 -32768
10482 -4598 -10629 -32768 -25738 -32768
10536 -5613 -9311 -32768 -32768 -32768
10894 -6044 -7688 -32768 -32768 -32768
6665 -5085 -5474 -32768 -32768 -32768
10350 -6668 2113 -32768 -16210 -32768
10734 -6260 1848 -32768 -8224 -32768
10327 -6872 636 -32768 -6314 -32768
9776 -7604 -828 -32768 -6844 -32768
9391 -8524 -1077 -29071 -11722 -32768
8233 -9425 104 -13324 -22314 -32768
7176 -10061 1990 -11388 -30861 -32768
6498 -10109 3046 -15078 -32768 -32768
5001 -10364 2259 -13910 -32768 -32768
3033 -10461 1430 -10375 -32768 -32768
1491 -9863 1343 -4700 -32768 -32768
84 -8488 1180 -919 -32768 -31615
-546 -7638 1303 4240 -32768 -18737
-1233 -6259 1429 7237 -32768 -10414
-1528 -5570 1608 10428 -32768 936
-1710 -4411 2034 11377 -32768 7237
-1569 -3414 2008 11867 -32768 13911
-899 -2861 1667 12522 -28970 19198
752 -2201 643 14434 -27618 24267
2363 -1453 -137 16263 -30173 27230
3600 -949 -387 19278 -32768 31299
5434 -501 -537 21005 -32768 32767
6393 -190 -535 22651 -32768 32767
7266 184 -376 22935 -32768 32767
7768 443 -105 21870 -32768 32767
7807 753 216 17441 -30502 32767
7399 1310 735 9561 -15950 27251
6687 1725 819 3791 -6765 22583
6268 2040 646 -3292 1263 16000
5743 2398 231 -6081 3049 12632
5345 2520 -38 -7109 1764 9124
4353 2706 -285 -4897 -2091 6637
3395 3043 -551 -1696 -3656 5379
2413 3542 -628 4637 -4010 3593
1726 3575 -378 10589 -4016 1509
732 3181 -173 15896 -2262 -1130
19 2784 -99 18900 -939 -2682
-337 2558 116 21424 194 -3825
-150 1969 484 21782 818 -2692
389 1311 758 20172 1808 2471
1046 535 1367 17548 2500 7566
1653 321 1553 12912 3982 17032
2761 101 1016 10998 6469 23757
3157 121 423 11077 13551 31614
3320 259 -454 14046 23002 32767
2717 -72 -802 16384 28707 31242
2313 -386 -810 19218 32767 22471
1657 -520 -710 21058 28906 10429
889 -332 -590 22103 20506 2149
566 -242 -623 24096 4340 -8826
49 -292 -683 25636 -5327 -14717
-150 -355 -401 26982 -14065 -21014
-194 -411 15 27359 -14386 -23393
250 -498 439 27232 -5574 -22553
1157 -228 941 26110 13387 -14871
1782 90 1860 23378 25466 -6444
1239 -83 2078 16833 32304 5843
926 -605 1641 12437 31805 12897
707 -713 1153 7936 28780 21358
502 -1013 292 7230 24627 25533
491 -1136 -108 9410 16457 29955
724 -1525 -878 15905 8212 32369
1083 -2096 -960 21288 4213 32767
1826 -2486 -742 29531 4583 32767
3092 -3194 -729 32767 9398 32767
3987 -3462 -646 32767 18848 32767
4927 -3451 -497 32767 24615 32767
5203 -3251 -389 32767 24094 32767
5248 -3088 -165 32767 16731 32767
5165 -2828 242 32767 10614 32767
5317 -2420 413 32767 5305 32162
5706 -1523 660 32767 9017 28311
5875 -950 554 32767 16093 25720
5820 -521 445 32767 25467 21411
5440 296 395 32767 27760 17805
5252 819 176 32767 27474 11963
5376 1463 -52 32767 25457 9056
5489 2501 -348 32767 23273 6101
5546 2967 -543 32767 24702 4506
5883 3623 -919 32767 26675 2005
6166 3998 -1384 32767 25183 -416
7069 4560 -2189 31784 20251 -3064
8479 5386 -3358 27879 12299 -7471
9516 5749 -4649 26742 6963 -14600
10970 6556 -6925 26526 1010 -22179
11686 6724 -8064 22310 -15935 -32768
11919 6010 -8025 8580 -32768 -32768
11183 4499 -6735 -4496 -32768 -32768
10691 3230 -5824 -23522 -32768 -32768
10344 1304 -4436 -32768 -32768 -32768
10112 -500 -2734 -32768 -32768 -32768
-1415 -1403 8273 -32768 -32768 -32768
7714 -2547 2758 -32768 -32768 -32768
7201 -2183 3747 -32768 -32768 -32768
5987 -2235 4173 -32768 -32768 -32768
5384 -2175 3253 -32768 -32768 -32768
5375 -2405 2724 -32768 -32768 -32768
5380 -3305 2122 -25297 -32768 -32768
5271 -3918 1499 -9380 -32768 -32768
5099 -5122 961 19 -32768 -32768
4779 -5697 1187 8936 -32768 -32768
4356 -5782 1485 11791 -32768 -32768
4375 -6498 1715 12986 -32768 -23227
3748 -6721 1476 12848 -32768 -11014
2606 -6157 1305 11742 -30017 -4572
1667 -5933 1365 8507 -28186 1362
649 -5198 1167 6437 -27754 3457
193 -4660 1062 4283 -25915 4908
-214 -3985 1026 3496 -23299 5304
-170 -3519 1040 3249 -17386 6211
-53 -2883 947 3544 -13160 7161
348 -2458 877 4128 -9149 9951
961 -1782 851 4490 -9573 12667
1388 -1267 882 5205 -14544 17450
2155 -509 1342 5360 -19088 21277
2792 721 1728 5513 -25555 27136
3148 1605 1980 5715 -30013 31380
3237 2802 2209 5968 -32054 31545
3348 3819 2492 5597 -31591 29460
3827 4085 2456 4230 -27913 25248
4289 3878 2292 2916 -24306 21964
4403 3693 2173 333 -18366 16611
4317 3507 2065 -2039 -14221 13204
4199 3396 2038 -6645 -7532 9204
3813 2827 2017 -12014 169 6624
3409 1976 1786 -16668 8276 5536
3002 1152 1784 -19324 12625 5697
2802 471 1888 -22244 16685 7407
2620 -505 1743 -22717 18013 9604
2544 -844 1210 -19766 18769 14619
2465 -995 532 -10972 19419 20590
2348 -1325 -412 -2521 19391 24578
2070 -1331 -661 11147 16920 29033
1425 -1258 -788 19737 13745 30382
903 -1188 -879 30892 8511 29894
626 -1042 -868 32767 1411 27651
507 -914 -517 32767 -1815 24854
721 -939 -274 32767 -2607 23502
921 -942 57 32767 -1743 22883
1505 -869 538 32767 -29 23814
2094 -769 794 32767 4023 27834
2628 -318 982 32767 7802 31477
2709 -4 929 27642 13434 32767
2457 242 746 21553 15730 32767
2223 436 531 18063 15317 32767
1746 554 457 14158 11898 32767
1471 541 424 12585 8788 30179
1478 517 408 11892 5903 22886
1679 522 468 12596 5698 16999
1825 582 739 13359 6667 14234
1744 575 936 14800 8985 11271
1853 465 1071 16996 11876 9828
2366 98 1230 18896 14254 9886
3163 -221 1165 23124 17363 12266
4374 -544 759 27176 17168 14925
4625 -628 599 32767 10046 18083
4780 -618 651 32767 3754 18803
4771 -424 691 32767 -1808 17808
5438 -20 792 32767 -3700 16960
5410 307 894 32767 -5160 14373
5066 481 1178 32767 -5677 11266
4847 559 1542 32767 -1877 5419
4607 390 1172 32767 4945 1447
4641 275 1148 32767 14963 -2289
5184 131 1263 31007 19498 -2259
5597 383 745 26074 24447 557
6151 885 -556 25122 21625 4820
6390 1056 -1233 26519 15495 7175
6506 1129 -2578 31521 6219 9404
6356 724 -3568 32767 2324 9146
6857 -96 -4570 32767 2342 6256
7951 -1105 -6913 32767 5551 2470
8611 -1690 -8538 32767 7248 -6484
9459 -2583 -10501 29750 213 -18773
11115 -4114 -10356 9139 -14611 -27310
11767 -4775 -9962 -28625 -31561 -32768
10670 -5187 -9106 -32768 -32400 -32768
10084 -5389 -8304 -32768 -22423 -32768
10867 -6048 -6172 -32768 -13268 -32768
11329 -6511 -4534 -32768 -13828 -32768
8817 -6345 576 -32768 -2221 -32768
8923 -6588 2039 -32768 7283 -32768
8987 -6748 1460 -32768 16669 -32768
8921 -7727 360 -32768 28248 -32768
7946 -8615 -1282 -28188 27976 -32768
6906 -9693 -771 -10156 18449 -32768
5959 -10328 976 647 -4153 -32768
5287 -9614 2359 -488 -17893 -32768
4642 -9504 2182 -2229 -25382 -32768
3641 -9610 1589 -1121 -32768 -32768
2579 -9255 485 2969 -32768 -32768
1973 -8758 -177 12847 -32768 -28732
1145 -7477 -428 19989 -32768 -23342
508 -6664 19 27491 -32768 -18911
-173 -5321 1125 29160 -32768 -17186
-348 -4603 1747 27362 -32768 -13902
-311 -3660 2500 22018 -32768 -8479
-235 -3207 2896 17616 -32768 -4038
-8 -2388 2894 12436 -32768 3627
706 -1640 2281 10293 -32768 11958
1476 -1284 1969 10260 -32768 17292
2803 -728 1537 11923 -32768 24343
4404 -84 1149 13541 -32768 28904
5616 354 854 16231 -32768 32767
6678 1037 613 18417 -32768 32767
6817 1493 802 18601 -32768 32767
6680 1581 1056 16406 -29034 32767
6185 1725 1367 12030 -20312 27347
5534 2166 1368 8991 -13387 22238
5113 2392 1133 6070 -3679 15353
4343 2581 352 6144 67 11648
3857 2800 -147 9084 1981 7662
3228 3293 -267 11696 2593 6100
2733 3434 -183 15297 4426 4411
1820 3002 95 17790 7419 2569
857 2508 260 18893 10158 1125
283 2226 318 19671 14053 -741
-20 1789 500 19275 15444 -830
3 1420 721 16935 16067 1349
459 744 1009 14393 15916 4531
1120 282 917 10511 15014 12244
2433 -131 502 8011 14210 22742
3214 117 -195 7884 14568 29435
3264 214 -698 10472 15787 32767
2779 -76 -1182 15200 15938 32767
2104 -405 -1199 18566 14829 31073
1770 -512 -1193 23159 11714 21714
1204 -257 -806 25290 8200 14726
1031 -135 -603 27100 1088 5163
538 -169 -121 27265 -2726 -429
333 -378 -34 26246 -3378 -7423
-232 -536 785 22878 2925 -12088
-107 -703 1023 20107 10094 -12967
422 -605 1044 16056 20968 -9604
1538 -509 823 13865 25348 -3617
2687 -441 939 10581 25766 10615
1748 -216 378 9307 20606 20101
1251 -387 -212 10705 9173 31211
211 -864 -1077 14215 2499 32767
-42 -1079 -1061 20744 -6577 32767
218 -1470 -534 26441 -14635 31053
1068 -2079 -221 29992 -17176 27487
2081 -2441 -221 32767 -13889 23221
3454 -2695 -175 32767 -7204 21838
4200 -2656 -79 32767 7051 22280
4976 -2748 -217 32767 16060 23747
5446 -2755 -299 32767 24775 27071
5585 -2863 -395 32767 25084 29276
5346 -2514 -576 32767 22070 29233
5262 -2115 -691 32767 15353 27176
4989 -1757 -338 32767 10767 24685
4916 -1670 -177 32767 7509 20479
4927 -1154 -79 32767 10491 16942
4938 -557 -73 32767 15242 15204
4706 -308 130 32767 22970 12813
4381 -54 118 32767 26231 11216
4222 366 -57 32767 26556 9193
4242 1184 -417 32767 23845 8606
4278 1691 -601 32767 23404 8708
4351 2472 -811 32767 28491 8512
5117 2691 -1638 30897 32138 8079
5869 2873 -2441 27850 32440 6206
7407 3531 -4073 26939 28542 3537
8751 4120 -5248 26889 17410 -4046
11023 5249 -6824 26529 8401 -11612
12570 6133 -7687 22260 -7400 -27046
13161 6485 -7997 15053 -20643 -32768
12939 6172 -7811 -748 -32768 -32768
13005 4808 -7461 -17481 -32768 -32768
13014 3496 -6675 -27997 -32768 -32768
12671 1209 -4531 -32768 -32768 -32768
12400 -957 -1935 -32768 -32768 -32768
6835 -3259 -3970 -32768 -32768 -32768
9809 -2448 4412 -32768 -32768 -32768
9563 -2422 5004 -32768 -32768 -32768
9516 -2351 3763 -32768 -32768 -32768
9299 -2676 2710 -32768 -32768 -32768
9050 -3507 2063 -25514 -32768 -32768
8561 -4437 2540 -19227 -32768 -32768
7859 -5152 2933 -16284 -32768 -32768
6988 -6381 2869 -17167 -32768 -32768
6001 -7049 2744 -20053 -32768 -32768
5113 -7965 1900 -20010 -32768 -32768
4760 -8531 1100 -17825 -32157 -32768
4184 -8297 336 -11251 -31137 -18502
2810 -7745 -209 -3313 -32506 -6487
1382 -6819 -317 1551 -32768 -978
674 -6026 22 6905 -32768 4043
-133 -5119 758 9251 -32768 5799
-593 -4639 1279 11355 -32768 7260
-1062 -3977 1953 12120 -30075 8878
-1043 -3377 2421 12099 -23885 10843
-640 -2414 2478 12123 -13191 16668
312 -1238 1880 13664 -11208 23076
1059 -396 1538 16504 -16780 30147
1711 996 1325 18382 -23297 32767
2108 2018 1321 20354 -32768 32767
3406 3060 1672 20557 -32768 32767
4669 3213 1672 19871 -32768 32767
6136 2940 1384 19102 -32768 32767
6466 2799 1198 16731 -28722 32767
6121 2976 1234 11366 -16332 32767
5471 2654 1029 6686 -9482 30204
4887 2053 771 -535 -950 17518
4215 1304 712 -5130 1979 9225
4000 874 855 -11071 4983 211
3751 345 1079 -14628 12100 -3658
3503 -42 1007 -15150 18570 -3513
3401 -159 863 -12966 28178 544
3368 -338 229 -7086 32767 8002
2923 -640 -287 -2042 32767 13397
2438 -721 -347 5585 28397 20203
1681 -692 -343 10391 22150 23426
1215 -692 -269 16497 9518 26021
737 -562 182 20956 -2208 26440
441 -503 198 23817 -7523 25749
523 -420 226 28177 -10314 24035
730 -510 326 30947 -9227 22931
1093 -497 341 32767 -3853 22352
1627 -408 371 32767 3243 23099
1851 -200 509 32767 7384 23804
1944 -45 651 32767 11966 24494
1703 162 858 31665 13504 23592
1497 248 916 28409 12780 22012
1388 307 893 25067 10969 20028
1481 266 778 20690 8184 17058
1568 194 589 18121 7920 14496
1799 74 406 17410 9713 13450
2033 -74 230 17839 15099 13128
2441 -145 -100 19711 20971 14312
2860 -172 -185 21006 22825 15592
3110 203 1116 23066 15373 6334
3210 -94 660 25364 20260 5740
3352 -366 358 27878 19560 6548
4764 -714 194 30364 15433 9821
5689 -366 319 32767 6421 17695
5835 28 660 32767 1093 24433
5287 358 1496 30949 1474 26188
4685 451 2017 25038 7859 23115
3849 340 1839 19275 19926 14598
4303 -92 987 16273 25380 4867
4976 -69 -256 17394 22031 1938
5063 -73 -905 21861 15370 -936
4982 318 -1307 25090 11612 -1924
4980 687 -1660 29039 6294 -2097
5467 1132 -2585 31069 -161 -847
6249 1142 -3380 32767 -10659 2271
6581 1084 -4377 32767 -12443 2524
6398 854 -5039 31159 -6885 -2630
6471 -45 -6222 24075 816 -12058
7842 -1269 -8170 17745 -134 -18465
8889 -2332 -9151 5515 -14600 -28045
10660 -3882 -9429 -5026 -29640 -32768
11031 -4488 -8644 -24849 -32768 -32768
10337 -5007 -5993 -32768 -32768 -32768
9744 -5388 -3793 -32768 -32768 -32768
9792 -5840 -2893 -32768 -26216 -32768
10396 -7542 -2093 -32768 -19787 -32768
6009 -5885 2422 -32768 -25551 -32768
8638 -6503 1900 -32768 -26192 -32768
8689 -7221 2486 -32768 -16973 -32768
8669 -8366 784 -32768 -5354 -32768
8225 -9030 211 -32768 -7898 -32768
7362 -9830 766 -20334 -22159 -32768
5694 -10014 1924 -15176 -32701 -32768
4814 -9931 2416 -11966 -32768 -32768
3654 -9792 2709 -10715 -32768 -32768
2769 -9525 3084 -9798 -32768 -32768
1273 -9060 3024 -7204 -32768 -31618
255 -8114 2753 -3992 -32768 -23443
-209 -7234 2575 2336 -32768 -12037
-683 -5772 2329 9059 -32768 -2423
-982 -4465 2319 12825 -32768 2382
-774 -3745 2488 16296 -32768 8400
175 -2768 2511 17348 -32768 12706
777 -2135 2404 17895 -32768 18542
1705 -1469 2055 17981 -32768 21306
2399 -1107 1676 18356 -32768 23968
3666 -664 1172 18497 -32768 25464
5128 -467 868 18084 -32768 28385
5565 -312 825 15973 -29158 30546
5769 109 836 13458 -25711 30901
5972 337 592 9429 -17586 30185
5834 747 186 6847 -11181 28642
5569 1075 11 3253 -1649 24891
5249 1516 -344 1300 4084 22054
5092 1782 -509 -763 8956 18475
4826 2180 -799 -1301 9053 16914
4733 2578 -1033 -707 4502 16427
4488 3276 -1144 1033 -3101 17317
3732 3640 -1007 3336 -8393 16923
2662 3619 -694 4856 -9399 15300
1995 3459 -414 6605 -6922 11383
1188 3214 27 7172 -2991 8424
639 3084 331 7157 4920 3802
28 2762 483 7054 10354 894
-37 2360 426 7406 16848 -2164
17 1689 426 7725 20231 -3237
1680 199 -113 28406 1202 9451
1417 99 30 29825 -3587 4095
1103 239 159 29988 -6422 570
849 331 394 29069 -9076 -3953
741 309 606 26931 -8289 -6993
684 230 740 25281 -5574 -8071
686 169 854 22520 333 -8185
805 -95 1158 20279 4125 -7304
884 -405 1181 17107 8708 -4985
1092 -566 1083 15012 13052 -1497
1666 -989 802 14546 16155 1536
1922 -1390 528 15480 19482 6195
2254 -2033 73 17247 19998 9221
2634 -2270 -159 21074 18551 13754
3014 -2468 -566 24375 16732 16471
3326 -2645 -474 28892 14437 20457
4250 -2945 -204 31316 14417 23745
4770 -3015 -189 32767 17590 28577
5029 -632 -708 32767 32767 12069
5187 -160 -1053 32767 32767 8988
5216 584 -1357 32767 32767 5174
5118 1128 -1532 32767 32767 -2616
4938 1950 -1732 32767 32767 -13251
5574 2828 -2553 32767 32767 -21009
7035 3343 -3656 32767 32767 -30657
9612 4526 -5875 32767 22957 -32768
11173 5187 -7320 32767 -5586 -32768
12541 6615 -9205 32767 -25755 -32768
10943 7097 -9802 32767 -32768 -32768
9534 6719 -9418 27040 -32768 -32768
7967 5470 -6617 12990 -32768 -32768
6665 4768 -4607 -11012 -32768 -32768
4933 3346 -868 -25033 -32768 -32768
3589 2952 1989 -32768 -32768 -32768
664 3866 6283 -32768 -32768 -32768
453 1839 5027 -32768 -32768 -32768
1882 1718 5074 -28214 -32768 -32768
2017 933 3420 -21448 -32768 -32768
1950 528 3001 -15392 -32768 -32768
2421 389 2844 -13908 -32768 -32768
2471 308 3059 -11793 -32768 -17487
2877 310 2994 -7847 -32768 -10573
3389 -333 2353 -5087 -32768 -10043
3619 -1568 1782 -2568 -32768 -12807
3585 -2260 1287 -1929 -32768 -16552
3049 -3093 672 -2107 -32768 -18868
2690 -3565 397 -2472 -31891 -21151
2655 -4584 175 -2009 -29788 -20750
2594 -4809 -246 1540 -24599 -17444
2434 -4466 -718 5095 -21105 -13944
2348 -4172 -740 10256 -18678 -7821
2135 -3764 -618 14010 -20215 -2279
1922 -3162 -514 15733 -22926 798
1865 -2789 -368 17179 -28429 4528
1605 -2356 201 17012 -32262 6511
1453 -1978 697 14775 -32768 9182
1598 -1569 1228 11463 -32768 12937
2154 -1104 1317 9577 -32768 16260
2216 -699 1231 7994 -32768 20888
2327 -113 1105 7762 -32768 23457
2448 293 1085 8105 -32768 26901
2755 1193 1067 8971 -32768 29898
2750 2496 1251 9270 -32768 31184
3058 3255 1504 8382 -32768 32474
3788 3574 2117 6528 -32768 32767
3914 3160 2504 2631 -32768 31389
4236 2866 2412 356 -32768 29582
4303 3039 2240 -2555 -25261 26094
4424 2742 2000 -5539 -8531 23489
4422 2191 1670 -7268 483 22420
4176 1728 1314 -8102 11540 19342
3477 802 962 -7235 18694 15455
3204 116 853 -3612 29818 8719
3127 -602 242 3899 32767 4155
3145 -858 -448 10698 32767 3395
3049 -967 -900 21961 32767 5285
2719 -1004 -976 32083 30236 8889
1999 -1066 -1027 32767 21478 11879
1674 -950 -532 32767 16971 13782
1491 -745 -100 32767 12755 16576
1361 -562 525 32767 12663 19417
1335 -584 888 32767 15103 21352
1488 -628 950 32767 21076 24802
1838 -555 888 27755 26508 28826
2109 -303 914 22880 27960 31327
2189 -173 984 15552 26970 32767
2009 -6 1240 9088 23839 32767
1217 -131 983 6723 21241 30361
1072 -280 819 6368 17678 24090
861 -505 964 7677 15548 19735
1115 -583 934 11968 13765 15249
1199 -393 880 16055 13426 13539
1365 -282 829 23897 12262 12532
1761 -507 940 29451 8990 12635
1914 -664 1433 32767 306 12801
2498 -880 2120 32767 -8964 12860
3886 -1034 3090 32767 -13101 14298
5104 -673 3663 32767 -9525 19770
6899 -413 3236 32767 -44 24707
6998 -387 2581 32767 19285 28667
6654 -495 1460 32767 30943 27765
6346 -586 855 32767 32767 22490
6471 -730 49 32767 21829 16049
6841 -1041 -1177 32767 9661 11713
6799 -1049 -2017 32767 4402 3784
7619 -1340 -3828 32767 6987 -250
8363 -1089 -5360 32767 11773 -3017
9345 -1222 -8445 32767 9858 -4114
9731 -1383 -10119 32767 5114 -5251
10677 -2404 -9966 32767 -107 -8129
11009 -3111 -9677 -3219 -1201 -19411
11683 -3708 -11289 -25930 -2785 -30970
12074 -4210 -12477 -32768 -7415 -32768
11856 -5211 -11787 -32768 -13234 -32768
11597 -6361 -8633 -32768 -12554 -32768
11222 -7012 -6052 -32768 -9845 -32768
11505 -9383 -8044 -32768 -15412 -32768
9691 -7324 -664 -32768 -32768 -32768
11069 -7637 718 -32768 -29559 -32768
11312 -8918 433 -32768 -15633 -32768
10150 -9333 138 -27951 -11547 -32768
8638 -9823 1639 -20117 -30182 -32768
7269 -9910 3938 -21342 -32768 -32768
5632 -10658 3976 -22046 -31306 -32768
3971 -10778 3206 -17734 -32768 -32768
2114 -10435 2522 -13214 -32768 -32768
1408 -9933 1880 -2914 -32768 -26958
649 -8700 1382 4837 -32768 -18206
408 -7729 1216 14853 -32768 -6154
-41 -6080 1379 20880 -32768 3151
-306 -5047 1659 22565 -32768 7223
-378 -3624 1895 22659 -32768 11016
-122 -2615 2129 21264 -32768 12619
252 -2050 2095 18161 -32768 14633
1042 -1360 1601 16421 -32768 15791
1450 -860 1265 14768 -32768 16291
2009 -208 970 13981 -32768 15713
2637 59 759 13057 -32768 15223
3969 413 335 12906 -30409 16742
5191 607 -265 13365 -27542 18677
5973 770 -667 14418 -22388 22409
6666 820 -1184 15012 -19691 24771
6727 970 -1285 14756 -16805 26934
6496 1263 -1041 12003 -13390 26688
5893 1634 -592 8845 -10308 25010
5476 1865 -412 3437 -5795 20949
4934 2045 -399 -656 -1833 16172
4238 2096 -551 -1968 280 13061
3777 2302 -782 -1025 2875 9040
3074 2560 -1188 3578 3564 6037
2245 2826 -1523 8196 3414 4425
1790 3093 -1163 14381 1606 2552
747 3225 -341 16911 -1028 1290
295 3141 231 17721 -3601 -254
121 2952 1176 14924 -493 182
202 2650 2186 11034 3971 1994
290 2148 2713 3319 10107 6732
329 1327 2596 -1199 11913 10470
276 899 1790 -3256 12731 15946
611 478 372 -982 13587 19645
1473 289 -884 6845 14856 25326
1689 393 -1387 16972 13663 28941
2030 672 -1682 23483 11652 29483
2043 722 -1739 31907 8048 26590
1937 628 -1555 32767 4722 19635
1744 256 -1054 32767 2627 13642
1621 112 -677 32767 -433 4613
1399 12 -100 32767 -764 -542
1226 -138 510 32767 4942 -6375
921 -313 1223 26050 17802 -10256
846 -432 1844 20359 27470 -11762
1039 -435 2064 11139 32767 -11927
1137 -569 1799 5661 32767 -11022
1318 -1014 1369 236 32767 -7615
2081 -1668 798 -882 32767 439
2880 -2089 -142 1301 31448 8492
3105 -2353 -549 7814 20514 21884
2928 -2467 -848 13622 11215 30163
2545 -2366 -797 23473 -1767 32767
1985 -2423 -412 30127 -8395 32767
1794 -2537 -28 32767 -13356 32767
2192 -2710 776 32767 -10402 32747
3458 -3182 1179 32767 -3025 31295
4489 -3420 1246 32767 12070 32574
5329 -3436 1083 32767 23589 32767
5386 -2965 802 32767 26338 32767
5218 -2551 685 32767 23524 32767
5285 -1735 618 32767 20191 30023
5198 -1245 421 32767 17025 23424
5249 -529 343 32767 17784 18418
5657 -38 373 32767 28410 12191
6753 834 184 32767 32767 7880
7754 1602 -482 32767 32767 4243
9026 2112 -1365 32767 32767 -1905
11172 3041 -3505 32767 32767 -10206
11944 4894 -6601 32767 26194 -23937
12428 7004 -10063 32767 12402 -32768
12553 8305 -12397 32767 -19549 -32768
11726 8949 -13932 27750 -32768 -32768
10464 7463 -11721 11025 -32768 -32768
9820 5463 -8105 -22254 -32768 -32768
8896 2790 -2374 -32768 -32768 -32768
6332 -1609 -1519 -32768 -32768 -32768
5584 903 2243 -32768 -32768 -32768
5958 381 2594 -32768 -32768 -32768
6918 35 2318 -32768 -32768 -32768
7096 -480 2540 -32768 -32768 -32768
6698 -1212 3330 -32768 -32768 -32768
6774 -1495 3494 -26025 -32768 -32768
6333 -2206 3379 -21265 -32768 -32768
5211 -3359 2290 -18232 -32768 -32768
4571 -4471 1397 -12838 -32768 -32768
3508 -5632 174 -6266 -32768 -32768
2096 -6390 -224 -2170 -32768 -32768
1882 -7069 -42 2903 -32768 -32768
1931 -7467 -40 6600 -32768 -28910
1781 -7134 -72 11921 -28580 -18676
984 -6538 185 14786 -20108 -10184
220 -5699 109 15672 -17312 -6069
-54 -4982 58 15988 -16203 -1280
48 -4063 147 15625 -16827 1729
314 -3599 300 14728 -16939 6864
973 -2993 304 14455 -16180 10921
1450 -2456 117 15087 -17803 17702
1781 -1511 -159 16162 -21942 21669
2030 -909 -253 18481 -31642 26254
2590 163 -99 20225 -32768 28503
3311 987 670 21757 -32768 31403
3959 1574 1230 21671 -32768 32767
4598 2619 2168 19253 -32768 32767
4880 3385 2675 13581 -32768 32767
4632 4130 3185 5459 -25672 32767
4725 4043 2740 295 -19462 31499
4654 3627 2484 -6057 -13354 21644
4580 3162 2200 -9232 -8713 14020
4760 2944 1939 -11887 742 4536
4945 2287 1497 -11979 10421 -1144
4531 1534 1125 -10818 16159 -3356
3969 1168 850 -7728 23467 -5294
3319 390 858 -5644 27471 -5678
3064 -39 1077 -3404 32309 -4035
2851 -248 1293 -2034 32767 377
2495 -477 1248 -1326 32767 4156
2184 -618 916 -397 32767 10454
2031 -768 880 308 32049 15042
1814 -1178 707 1897 26922 21943
1518 -1319 582 3172 23030 26514
1371 -1274 322 6040 16410 32767
994 -1236 13 8576 11813 32767
790 -1242 -97 12962 4804 32767
591 -1178 -260 16290 289 32767
621 -1075 -313 21478 -4666 32767
941 -1024 -125 25899 -6975 32767
1394 -968 176 28112 -7288 32767
1503 -853 367 30359 -6351 32767
1675 -846 672 31049 -5571 32767
1621 -800 907 30817 -5842 32767
1387 -665 993 30060 -7258 30685
1318 -492 853 29902 -7715 27323
1329 -414 840 30026 -6654 22643
1855 -427 1150 29907 -4276 20751
2292 -435 1237 29671 1846 20161
2783 -444 1212 29721 7027 20878
3163 -494 1122 30154 14917 23413
3550 -779 925 31420 21093 25924
3710 -1045 642 32767 23909 27272
4412 -1393 95 32767 25442 28844
4888 -1375 -565 32767 23498 29071
5282 -1310 -769 32767 14461 27889
5582 -1169 -715 32767 -866 23470
5726 -880 16 32767 -11725 18695
5976 -1018 857 32767 -17770 10697
7533 -2157 941 32767 -9787 6918
8375 -2916 648 32767 12033 4416
8343 -2562 127 32767 22503 3516
7554 -1513 -990 32767 25056 1375
6758 -895 -1454 32767 14388 -2930
6037 -151 -1787 32767 6142 -6041
6110 -240 -2149 30639 4053 -8721
6015 -468 -3331 30552 8095 -9656
7194 -871 -6520 32767 15346 -8813
8525 -649 -9080 32767 15675 -7173
9022 -306 -10807 32767 1457 -15840
9475 -682 -10287 18521 -14406 -27310
10437 -1834 -9482 -15070 -32768 -32768
12359 -3885 -8679 -32768 -31351 -32768
12706 -4922 -7794 -32768 -25523 -32768
12370 -5286 -6829 -32768 -23484 -32768
12530 -6013 -4822 -32768 -29189 -32768
8385 -6268 -1041 -32768 -22879 -32768
11520 -7367 1793 -32768 -11228 -32768
11681 -8143 1883 -32768 2585 -32768
12180 -9589 40 -32768 10449 -32768
11904 -10275 -421 -25464 11110 -32768
10620 -12103 767 -9333 388 -32768
9231 -12473 2096 1457 -23873 -32768
7677 -12536 2997 3003 -32768 -32768
6448 -12962 2993 3696 -32768 -32768
4166 -12896 3142 4995 -32768 -32768
2227 -12010 2238 7762 -32768 -32768
870 -11195 2019 13125 -32768 -32702
-910 -9649 1926 16671 -32768 -22442
-1747 -8503 2018 20327 -32768 -8408
-2506 -6730 2151 21264 -32768 217
-2635 -5595 2291 20447 -32768 12066
-2185 -4271 2293 18462 -32768 22604
-1026 -2858 1717 17601 -32768 29403
-5 -2075 1604 16676 -32768 32767
2272 -1241 1573 16117 -32768 32767
3877 -681 1565 15178 -32768 32767
5553 -165 1557 14289 -32768 32767
6478 95 1114 14128 -27090 32767
7494 558 283 13954 -15832 32767
7763 762 -34 12106 -2163 32767
7354 1459 75 9029 862 32767
6979 1917 311 2631 -1759 23994
6653 2123 416 -3001 -6162 17180
6192 2237 500 -5346 -8367 14182
5708 2465 461 -5938 -8250 10972
4565 2998 242 -4338 -5428 8601
3238 3215 -3 330 -239 4088
2380 3134 -68 6384 3743 -1358
1060 2712 -81 10582 4538 -5378
304 2492 -3 16250 404 -10949
-248 1980 207 20732 -5449 -14194
-412 1284 47 23600 -7681 -14816
-356 804 -76 27582 -7385 -12619
-45 360 21 29199 -8845 -8415
840 459 496 29047 -7050 2424
1759 61 449 28267 -4976 11794
2433 -103 339 26607 -3701 26912
2728 -8 -7 25242 -3655 32767
3119 393 -252 24572 -2858 32767
858 -409 506 13098 24895 -21763
1376 -584 635 14281 28826 -16044
2640 -421 806 14862 29751 -7801
2062 -223 826 15227 26501 1028
2179 -491 909 15590 13513 15329
2283 -1252 413 18670 -282 27350
2059 -2013 -258 22947 -6226 32510
2180 -2329 -391 30954 -11162 32767
2388 -2690 -305 32767 -11411 32767
2758 -2771 -126 32767 -4617 32767
3413 -3110 -47 32767 4323 31003
3909 -3513 -278 32767 19564 27401
4539 -3458 -209 32767 26260 26033
4886 -3131 -150 32767 29693 25516
5164 -2860 -231 32767 28145 25293
5181 -2481 -199 32767 24773 24997
5247 -1996 -73 32767 19695 24038
5230 -1690 48 32767 19155 22702
5218 -1125 89 32767 21747 20561
5085 -724 68 32767 27377 16157
4959 -91 -73 32767 32767 10999
5198 586 -248 32767 32767 7956
5484 1127 -429 32767 32767 4199
6092 2169 -788 32767 32767 1699
6575 2546 -1018 32767 32767 -3084
7547 3273 -2052 32767 32767 -6782
8662 3815 -3239 32767 32500 -11910
9986 4743 -5170 32767 27535 -16148
10868 5630 -6625 32767 9185 -25753
11564 6650 -8582 32767 -13669 -32768
11548 6968 -9079 30525 -30478 -32768
11651 6006 -8564 12994 -32768 -32768
11697 4247 -6949 -324 -32768 -32768
11212 3268 -6165 -15890 -32768 -32768
11567 1825 -4093 -22381 -32768 -32768
12198 860 -2151 -23892 -32768 -32768
6185 1666 11825 -21964 -32768 -32768
10554 -489 4442 -31567 -32768 -32768
9328 -195 5305 -32768 -32768 -32768
7878 -643 5942 -32768 -32768 -32768
7444 -751 5705 -32768 -32768 -32768
7965 -1688 5239 -32768 -32768 -32768
7948 -2519 4356 -26836 -32768 -32768
7488 -4542 2425 -13238 -32768 -32768
7103 -5939 1504 5993 -32768 -32768
6049 -7512 2121 14754 -32768 -32768
5648 -8803 3011 14821 -32768 -32768
5164 -9563 3835 12277 -32768 -32768
4266 -8959 3470 7483 -24298 -21273
2528 -8544 2262 5352 -20176 -11865
1574 -8170 1341 5586 -19909 -1733
608 -7023 585 7208 -19756 3928
168 -6128 557 9449 -17436 12367
-81 -4858 658 10191 -15186 18298
-150 -3765 719 10114 -14045 27074
-160 -2971 716 9359 -17464 32767
-121 -1813 659 9171 -21922 32767
151 -953 739 9445 -30562 32767
796 301 1242 9564 -32768 32767
1377 1031 1864 8893 -32768 32767
2218 2016 2624 8253 -32768 32767
2548 2551 2864 7914 -32768 32767
3387 3384 3114 7832 -32768 32767
4271 3452 2854 8585 -28380 31177
5670 2890 1865 10017 -20405 25243
6474 2452 975 13148 -10285 17214
7085 1891 -9 15150 -5024 10791
6959 2098 -414 14654 -5126 7039
5701 2452 -372 10095 -11601 1544
4584 1911 314 4633 -18285 -1225
3991 1471 774 -4481 -20837 -3315
3317 1265 1240 -11699 -13176 -2838
3060 1047 1317 -14210 -4544 -990
2923 843 1040 -12994 13556 4041
2771 490 367 -9487 25339 8680
2352 260 149 -3208 32767 15286
1373 -116 87 2535 32767 19313
150 -524 -58 6298 30151 20101
-327 -826 -50 11946 18376 19804
-515 -1305 -94 17853 6087 19685
-54 -1478 -202 21662 -708 20470
222 -1411 204 25297 -6730 22452
535 -1600 692 26612 -7947 24194
790 -1536 834 27928 -5976 27534
1035 -1132 1000 28567 -2656 29877
992 -861 895 29738 3960 32222
946 -668 716 30477 8362 32767
1140 -583 711 30823 13087 32767
2028 -437 597 30707 14752 32767
2454 -210 539 30097 14554 32767
2898 69 597 29324 12608 32730
3129 75 622 27897 7302 30439
3273 167 646 27046 2524 27727
3263 315 778 26225 -2164 24230
3315 503 782 25283 -7021 18553
3396 656 1141 24571 -7055 15073
3449 526 989 24730 -1203 10632
3502 193 789 25549 5434 8341
3307 6 697 27279 15154 5545
3220 -214 968 28832 21600 4136
3609 -589 986 30315 24088 4810
4354 -1195 596 32767 25560 8358
4708 -984 156 32767 25637 11265
4741 -668 -122 32767 23952 14174
4704 -239 -262 32767 20205 14624
4626 281 -76 32767 8788 12946
4835 1007 621 32767 -443 10454
4988 790 1572 32767 -7533 5598
6353 197 1746 32767 -2305 4104
7277 669 1177 32767 15375 5989
7951 1161 203 32767 23541 8760
8099 815 -923 32767 25238 11099
7352 153 -2903 32767 18874 9418
6999 -718 -3681 32767 7626 3104
7020 -1869 -4812 32767 7642 -1216
7671 -2811 -6366 32767 12472 -4688
7931 -3942 -9296 32767 15068 -8137
8223 -4065 -10807 32767 8899 -12033
7843 -3687 -10311 20256 -12023 -25693
8212 -3882 -8718 -6813 -24199 -32768
9358 -4436 -7920 -32768 -27828 -32768
10473 -4755 -7170 -32768 -21475 -32768
10844 -5016 -6288 -32768 -16214 -32768
11202 -5814 -4929 -32768 -18130 -32768
11946 -7061 -3299 -32768 -15538 -32768
8345 -7061 389 -32768 -24547 -32768
10769 -7624 1618 -32768 -25558 -32768
10185 -8754 2412 -32768 -13620 -32768
8681 -9153 600 -32768 4911 -32768
7808 -9519 -592 -32768 6742 -32768
6304 -11100 -63 -20032 -11431 -32768
5346 -11131 796 -13965 -28351 -32768
4299 -10986 1475 -9730 -32768 -32768
3169 -11080 1417 -1820 -32768 -32768
1836 -10439 1448 6729 -32768 -32768
1151 -9862 1820 11049 -32768 -30419
179 -8636 2091 15636 -32768 -19199
-456 -7239 2152 17624 -32768 -14270
-557 -6273 2122 19325 -32768 -8738
-496 -5026 1949 19876 -32768 -5807
-129 -3962 1751 19656 -32768 -1474
356 -3322 1534 18333 -32768 4239
1098 -2482 1092 17097 -32768 8380
1490 -1891 826 15922 -32768 12020
1933 -1509 766 13786 -32768 16367
2960 -997 694 11748 -32768 20946
4542 -588 343 11043 -32768 24859
5464 -157 181 10750 -32768 31335
6444 508 -30 10821 -32768 32767
6947 972 -370 10950 -28124 32767
7022 1283 -514 9926 -17279 32767
6799 1804 -341 6485 -8062 32767
6565 2186 -135 3347 -3858 30557
6290 2462 76 -1887 -26 23608
5558 2797 433 -4993 1107 18631
4968 2966 530 -7472 1456 11604
4083 3215 229 -6672 1238 7696
3055 3527 -306 -1594 1262 3083
2586 3741 -404 6045 2939 220
1725 3725 -222 11117 4878 -1082
1170 3398 39 17576 8737 -3054
122 2891 52 21274 11707 -4803
-309 2582 138 25475 15973 -7309
-602 2069 150 27402 18018 -8311
-629 1698 182 28633 19024 -7931
-273 1139 498 28035 19332 -6119
481 677 955 25065 21048 -592
1118 419 1340 19297 23063 7810
2037 144 1474 14767 24068 14408
2580 61 1103 9211 25825 24191
2797 6 429 6778 26738 29059
2414 44 -118 6064 25512 31206
1500 -207 -912 7774 22830 28596
1279 -498 -1154 12309 17027 20841
1297 -566 -1036 15449 11595 14869
1230 -420 -794 19218 907 6687
1190 -374 -443 21028 -6418 2330
968 -515 -236 22924 -14511 -2651
870 -601 233 23489 -16680 -4959
874 -527 620 23386 -13887 -4901
1051 -548 884 22413 -3498 -2110
1334 -884 1318 21053 5438 1250
1081 -1130 1288 18750 17696 6658
961 -1339 1288 16984 22056 10481
1005 -1444 1131 14701 22893 16082
858 -1776 604 14309 21033 19119
904 -1994 231 16302 17493 22369
1298 -2390 -251 19502 15983 23919
1886 -2616 -463 26474 16858 26154
3341 -3164 -615 32767 22314 30087
4852 -3427 -478 32767 27645 32767
5896 -3259 -504 32767 32767 32767
6579 -2882 -486 32767 32767 32767
6542 -2621 -219 32767 25912 32767
6514 -2185 -55 32767 13234 32767
5916 -1378 271 32767 5844 32767
5407 -871 708 32767 4272 27315
4926 -583 1276 32767 12629 19595
4892 -298 1298 32767 31495 10437
4995 374 976 32767 32767 6663
5179 767 404 32767 32767 3908
5657 1809 -340 32767 32767 3442
5958 2523 -733 32767 32767 2483
6222 3377 -1276 32767 32767 314
6162 3799 -1422 32767 32767 -6539
6496 4556 -1872 32767 26644 -12532
6949 5303 -2552 32767 17993 -21743
7736 5857 -4109 32767 9466 -31109
8552 6146 -5338 32767 2554 -32768
9412 6145 -5749 32767 -14589 -32768
10014 5759 -5932 25601 -28515 -32768
10241 5555 -5812 12525 -32768 -32768
9642 5094 -6233 6824 -32768 -32768
9642 4710 -6040 3265 -32768 -32768
9670 3796 -4174 -402 -32768 -32768
9738 3111 -1971 -5101 -32768 -32768
5411 1572 2785 -5919 -32768 -32768
7043 1097 4575 -15174 -32768 -32768
6754 958 5685 -30994 -32768 -32768
5261 -93 5346 -32768 -32768 -32768
4332 -864 5265 -32768 -32768 -32768
3905 -1386 4568 -32768 -32768 -32768
2582 -2204 3323 -31712 -32768 -32768
2534 -2612 2590 -15500 -32768 -32768
3677 -3663 1797 -4368 -32768 -32768
4176 -4579 1316 9675 -32768 -32768
4300 -4970 1129 15814 -32768 -30845
4482 -5252 1146 20597 -32768 -18237
4506 -6047 1345 21575 -32768 -6311
4041 -6003 1387 20937 -32768 1009
3560 -5530 1027 19575 -32768 10276
2874 -5059 959 18047 -32768 14980
2195 -4712 973 15101 -32768 18923
1456 -3780 936 11655 -31884 20388
1019 -3054 1171 8766 -29701 20453
795 -2699 1252 4408 -27313 19532
768 -2030 1125 2013 -26131 18941
832 -1520 1089 -639 -24855 19011
1317 -385 1042 -1678 -24695 20179
1867 436 1061 -2033 -26285 23563
2506 1493 1443 -1937 -28150 26190
2849 2147 1684 -1377 -31463 29154
3071 3134 1803 -327 -32768 29340
3332 3590 1814 1581 -32768 26737
3534 3460 2110 2380 -32768 23391
4079 3182 2181 3223 -31691 18095
4825 2786 2028 3728 -25362 15077
4874 2815 1480 5002 -14021 11295
4551 2818 862 5364 -7606 8438
4092 2099 920 4193 -6153 7287
3781 1833 1300 112 -3550 7146
3503 1566 1661 -5055 3120 9175
3174 1100 1717 -8099 8579 11281
2884 727 1531 -10601 16477 15052
2658 67 786 -9986 22025 17731
2398 -425 127 -5518 28041 21525
1955 -644 -639 2003 29837 24851
1526 -652 -1129 8028 28500 26643
1214 -730 -1261 17421 23374 28337
742 -852 -1254 26117 16637 28586
545 -911 -1180 31178 12628 28272
516 -844 -1042 32767 8748 27574
672 -841 -549 32767 7689 27159
706 -879 -197 32767 7249 26381
866 -973 362 32767 7041 25720
1024 -1159 600 32767 6532 24629
1283 -1276 636 32767 6535 24086
1835 -1215 619 32767 7694 24688
2816 -1083 538 32434 8827 26203
3006 -935 435 31258 9681 28025
2944 -492 205 30951 8549 27337
2313 -146 65 31175 6338 24507
2084 -93 110 31568 1124 18073
2066 -2 333 31458 -2408 13477
2190 53 521 30533 -5003 7643
2372 85 732 29376 -3922 4998
2566 137 1139 27842 -619 3357
2622 88 1344 25253 7492 2748
2981 7 1360 23710 13647 3851
3261 117 1164 22647 20623 7249
3380 459 726 23822 21823 10630
3651 612 602 25553 19800 12492
3845 441 847 28192 15459 14475
4279 296 1185 29543 14192 15384
4782 358 892 31963 17687 16637
5080 549 239 32767 22051 16775
4956 320 -100 32767 25298 14903
4634 -12 -514 32767 22450 12269
4564 -243 -864 32767 11221 8230
5546 -336 -1520 32767 2738 7631
6104 -12 -1578 32767 -2030 9501
6836 628 -1751 32767 2000 11833
6896 1146 -1673 32767 10806 14532
6652 1509 -1293 32767 11458 12193
6090 848 -1193 29343 8050 6206
5875 493 -1713 21372 5494 -6136
6675 -111 -3597 19918 9206 -13078
7289 -886 -5417 24846 14431 -18484
9145 -2256 -8878 32767 9542 -17414
10594 -3215 -11066 32767 -1319 -16813
10366 -3455 -11055 27669 -19534 -23826
8930 -4089 -8516 -8820 -29871 -32768
8296 -4776 -6409 -32768 -29713 -32768
8672 -5986 -5790 -32768 -19619 -32768
9290 -6499 -6688 -32768 -17904 -32768
9488 -6944 -6163 -32768 -21284 -32768
2525 -7263 -5066 -32768 -27389 -32768
8262 -7137 631 -32768 -19270 -32768
9225 -6689 2874 -32768 -11478 -32768
8861 -6650 2486 -32768 -2988 -32768
7856 -7269 825 -32768 1708 -32768
6985 -8267 204 -32768 401 -32768
6195 -8861 728 -19093 -8617 -32768
4953 -8930 2035 -13341 -15659 -32768
4125 -8740 2828 -11896 -26010 -32768
3302 -8465 2709 -11494 -30533 -32768
2571 -8471 2040 -7152 -32768 -32768
1630 -8000 1116 -2308 -32768 -32768
1038 -7689 816 5622 -32768 -22933
579 -6747 750 10428 -32768 -16482
398 -6085 968 15638 -32768 -8562
183 -5034 1355 18127 -32768 -2403
2 -4023 1665 18265 -32768 779
-23 -3504 1803 16768 -32768 4566
188 -2806 1694 15346 -32768 6753
422 -2390 1438 13574 -32768 9804
979 -1841 771 13201 -32768 11798
1970 -1416 126 13735 -32768 15157
2809 -1178 -121 14658 -32768 19431
3884 -741 7 14970 -32768 22271
4729 -527 134 15003 -32768 27059
5996 37 366 14844 -32768 30594
6363 411 439 14354 -32510 32767
6623 860 457 13411 -22039 32767
6554 1176 735 9528 -2822 30666
6314 1538 966 2332 11271 25220
5950 2033 1072 -5194 14148 19525
5588 2111 764 -8484 13346 16149
5177 2082 509 -9576 11428 12184
4629 2098 -200 -7272 10836 10474
4105 2300 -703 174 10966 8713
3074 2629 -932 6219 10046 7886
2159 2931 -747 14249 3605 6439
1164 3212 -150 18131 -1963 5590
596 3078 -240 23235 -5879 4556
422 2962 -558 28157 -2323 4430
-136 2779 -469 30347 1458 4542
-385 2394 -654 31434 462 5510
-69 1876 79 30160 -1885 7202
102 1234 242 26386 -5198 10868
1141 725 673 22879 -4983 14658
2500 793 881 17216 -1268 22190
3075 958 880 12195 4732 28244
2674 875 582 10062 8695 28864
2389 795 336 9148 13640 24119
1937 280 -24 10144 17709 17818
1571 -209 -220 13235 23082 6512
1067 -77 77 15923 23743 -4494
584 -30 333 17095 21359 -10528
402 -257 499 18030 17158 -17119
204 -479 763 18271 16282 -20227
616 -554 692 18782 18160 -19031
1286 -454 507 19670 21745 -15018
1509 -393 661 20538 25078 -4811
944 -569 719 20574 23698 2892
482 -1006 563 20991 18848 13079
-25 -1676 -7 22057 16494 18310
-264 -1991 -113 23531 12115 24430
55 -2471 65 24037 7627 28204
483 -2815 -55 25570 1198 32767
1360 -3437 -289 28586 -1322 32767
2220 -3708 -284 30715 850 32767
4173 -3990 1 32767 10045 32767
5446 -4110 5 32767 16475 32767
6033 -3887 -301 32767 22370 32767
6261 -3327 -493 32767 21057 32767
6289 -3000 -376 32767 12145 32767
6337 -2533 -430 32767 6572 32767
6289 -2087 -429 32767 3653 30453
5859 -1316 -370 32767 5206 26512
5423 -873 -258 32767 9808 20744
4802 -392 -37 32767 12784 16793
4383 -174 58 32767 16842 10981
4080 324 -1 32767 20166 6841
4128 909 -4 32767 22891 5264
4560 1192 -20 32767 28244 5122
4940 1908 144 32767 31124 5069
4770 2257 142 32767 32102 1787
5186 2450 -267 32596 31066 -1487
5857 2696 -867 31174 27798 -6276
6471 3204 -2209 32708 23658 -9907
6839 4035 -3439 32767 14192 -15078
7358 5217 -4951 32767 1800 -19585
8125 5588 -5662 32767 -5839 -22682
8770 5519 -5936 28661 -19373 -31091
9460 5174 -6127 16505 -28014 -32768
9871 4955 -6540 -3257 -32768 -32768
9863 4668 -7238 -14223 -32768 -32768
9948 4061 -6641 -27821 -32768 -32768
10209 2705 -4670 -32768 -32768 -32768
10262 1716 -3125 -32768 -32768 -32768
10308 731 -1488 -32768 -32768 -32768
7305 1101 4863 -26774 -32768 -32768
10059 -253 3182 -28410 -32768 -32768
10150 -215 3220 -28196 -32768 -32768
9396 -848 3133 -26760 -32768 -32768
8756 -1194 3038 -23307 -32768 -32768
7399 -1976 3522 -21560 -32768 -32768
6499 -2709 3757 -20719 -32768 -32768
5039 -4327 4120 -22332 -32768 -32768
3804 -6305 3942 -23263 -32768 -32768
3421 -6658 3278 -22040 -27449 -32768
3707 -7380 1517 -19028 -22897 -32768
3945 -7477 696 -13495 -25758 -18042
3902 -7090 535 -8951 -30089 82
3880 -6183 324 -5933 -30211 11523
3678 -5591 158 -1172 -31442 25441
3195 -4722 210 1682 -32768 31507
2878 -4036 133 5968 -32768 32767
2411 -3228 414 8086 -32768 32767
2215 -2855 724 9777 -32768 32767
1907 -2201 896 10425 -32768 31308
2026 -1532 1172 10587 -32768 26882
2273 -1127 1444 9524 -32768 24007
2499 -422 1657 8621 -32768 22913
2884 412 1833 7337 -32768 22955
2939 2091 2023 6650 -32768 23184
3183 3073 1967 6151 -32768 23623
3657 3510 1789 6252 -32768 23468
3894 3238 1757 6335 -32768 21711
4149 2880 1893 5683 -32768 19909
4548 2643 1685 4145 -29761 17576
4648 2400 1384 2967 -20489 15727
4586 1834 713 2596 -9832 14309
4494 1445 248 2294 -4129 13752
4365 1174 361 284 2152 13079
3991 917 713 -2192 7049 12490
3715 870 693 -5974 16533 11225
3228 716 482 -7733 23237 9976
2663 304 31 -8100 31737 7340
2330 -69 -319 -4985 32767 4714
2103 -294 -788 -797 32767 3917
1959 -336 -1301 7221 32767 4948
1585 -513 -1333 12707 32767 6623
1306 -628 -1302 20520 28285 9840
1161 -886 -1479 27321 16264 13727
1117 -779 -1006 30835 10580 16350
946 -848 -929 32767 5435 19681
878 -1064 -735 32767 2855 21486
729 -1173 -476 32767 -322 23352
597 -1246 -65 32767 -2109 24388
566 -1220 132 32767 -2475 24875
556 -1071 247 32767 -1809 25330
612 -802 534 32767 -510 25488
677 -710 743 32767 2908 25424
1217 -562 843 30411 6756 25749
1798 -490 812 28639 9186 26605
2998 -494 628 26417 11451 29044
3793 -257 610 24967 10466 30711
3844 -176 571 23494 5756 30999
3791 -303 528 23318 447 28365
3805 -328 698 23596 -2007 25513
3853 -220 647 24870 -2488 20441
3671 26 821 25810 306 16795
3560 101 434 28265 8345 11795
3433 357 55 30280 12505 9006
3286 595 -154 32767 12312 5171
3024 740 -298 32767 8561 2475
2952 747 -24 32767 1222 -1306
3306 771 425 32767 -1853 -3033
3726 713 662 32767 1928 -3740
4776 669 -30 32767 10421 -2562
5366 628 -647 32767 24905 819
5382 734 -983 32767 28705 2924
5028 735 -909 32767 23722 2353
4972 426 -938 32767 15817 788
5670 -75 -1167 32767 7962 -149
6588 72 -1107 32767 13262 1011
6886 -213 -616 32767 18440 1552
7196 -721 -914 25076 24433 1237
7183 -1067 -2020 18576 21384 -1080
6781 -1520 -3543 16811 14575 -3943
6844 -1598 -4732 18351 7066 -7998
7484 -2235 -6693 21521 5189 -10104
7986 -2918 -8291 26676 7692 -14767
8252 -3236 -10200 26214 5919 -21265
7409 -2839 -10399 11939 -8708 -32768
7153 -2810 -9442 -18514 -27793 -32768
8122 -4025 -8125 -32768 -32768 -32768
8895 -4487 -6973 -32768 -29789 -32768
9084 -4564 -5889 -32768 -22910 -32768
9567 -4740 -4055 -32768 -16773 -32768
7870 -3615 6564 -32768 -21406 -32768
9289 -4386 3113 -32768 -14484 -32768
9893 -4699 2808 -32768 -728 -32768
10000 -5799 1190 -32768 5888 -32768
9731 -6701 -51 -32768 7944 -32768
8797 -7841 -550 -13594 -3760 -32768
7040 -8660 837 -2971 -15993 -32768
6097 -9053 1690 1057 -32768 -32768
5086 -8816 2561 -1472 -32768 -32768
4314 -9032 2694 -6396 -32768 -32768
2839 -8964 2049 -7698 -32768 -32768
1969 -8933 1716 -6863 -32768 -30441
929 -8172 878 -2671 -32768 -19075
212 -6983 289 969 -32768 -12459
-505 -5877 410 5561 -32768 -5068
-895 -4942 455 9536 -32768 -470
-864 -3843 755 11571 -32768 2072
-597 -3247 1136 13248 -32768 6173
256 -2450 1292 14530 -32768 11296
1111 -1698 1104 15695 -32768 14624
1991 -932 706 18494 -32768 18405
2563 -496 579 21336 -32768 20689
3814 15 763 22165 -32768 22290
4946 169 699 21920 -32768 25857
6344 468 541 20731 -30129 28441
6720 647 404 17496 -21957 30858
6712 1103 322 12422 -15667 30766
6237 1446 488 8322 -12600 29239
5902 1598 562 2601 -7377 25703
5456 1988 232 241 -3085 23191
5132 2166 -102 -346 2701 19752
4619 2309 -825 1428 4821 17946
4141 2383 -1200 6475 4904 15679
3448 2444 -1331 12371 3066 13944
2759 2554 -812 15390 1482 13005
2306 2505 -321 17728 -9 11692
1559 2302 168 18292 1580 9826
757 2257 538 17843 2604 8333
187 2052 612 16919 2615 5821
-148 1559 452 16711 2128 4566
-199 1284 245 17477 1654 3873
115 844 -55 18557 1319 4568
827 380 -189 20335 -540 8102
1945 252 -429 22249 1259 14440
2525 264 -579 24186 7980 21889
2958 438 -545 24642 13879 26170
2862 500 -546 24025 22019 29252
2197 533 -406 21922 24313 26389
1420 249 -141 19915 22684 21237
1168 73 67 16415 16582 11094
736 166 392 13944 11452 3856
457 263 649 10911 6001 -5828
152 165 686 9589 6107 -11149
-35 34 950 8405 12619 -17190
230 -270 577 9124 19496 -19130
791 -253 267 12338 28619 -16678
1780 -137 209 14904 32583 -11197
2349 -89 377 17886 32767 860
1721 -640 62 19679 29304 9012
1650 -1082 -6 22028 16384 20281
1720 -1649 -399 24320 7240 26289
1787 -2316 -594 28854 -7216 32246
2307 -2948 -318 32767 -20875 32767
3236 -3031 -114 32767 -24784 32767
3787 -3039 -29 32767 -18490 32767
4731 -3009 -113 32767 -281 32767
5134 -3020 -88 32767 12759 31505
5200 -2820 105 32767 24088 28663
5079 -2213 290 32767 24959 25682
5058 -1611 299 32767 22236 23884
5200 -1387 207 32767 17597 22057
5127 -902 52 32767 16022 21021
4904 -751 -34 32767 16432 18939
4714 -360 -121 32767 19182 16833
4650 185 -136 32767 21248 15434
4517 566 -190 32767 23623 12286
4602 1332 -322 32767 24417 9826
4613 1808 -338 32767 25679 4854
5243 1885 -508 32767 28602 1530
6135 2086 -969 32767 32767 -1890
7636 2646 -2794 32767 32767 -4070
2579 -1578 9311 -32768 -32768 -32768
9504 -1605 3586 -32768 -32768 -32768
9631 -1096 4119 -32768 -32768 -32768
9295 -1547 3721 -32768 -32768 -32768
9078 -1807 3373 -32768 -32768 -32768
9286 -2682 3325 -32768 -32768 -32768
8734 -3419 3075 -32768 -32768 -32768
7266 -5033 1849 -27899 -32768 -32768
6521 -6216 815 -14400 -31966 -32768
5544 -7151 372 -8119 -32768 -32768
4150 -8112 946 -4055 -32768 -32768
3210 -9016 1022 -1562 -32768 -32768
2332 -8544 635 1112 -30237 -32768
1770 -8145 642 5262 -21143 -28927
634 -7615 492 7687 -18292 -20311
-132 -7104 402 10356 -17616 -9694
-754 -6233 558 11313 -17921 -426
-669 -5368 750 11057 -17707 5861
-437 -4746 870 9941 -18259 15244
-3 -3861 662 9593 -20467 23258
366 -3322 392 10177 -23943 27603
1131 -2691 278 12249 -32415 32767
2190 -1831 -184 15210 -32768 32767
2939 -928 -351 21150 -32768 32767
3619 251 40 24803 -32768 32767
3866 1051 355 28898 -32768 32767
4343 2402 953 29949 -32768 32767
4689 3083 1383 28074 -32768 32767
5023 3814 1876 22715 -32768 32767
5203 4026 1702 18507 -32768 29572
5116 3475 1406 12222 -32768 21407
5053 3143 1387 5369 -18758 13365
5074 2980 1458 -2266 -3288 7653
4827 2575 1181 -6946 6560 5071
4489 1912 929 -12101 19188 2158
4109 437 332 -13814 30944 358
3932 -620 -202 -13233 32767 149
3859 -961 -286 -11247 32767 1991
3859 -1181 -334 -9587 32767 4958
3921 -1191 -454 -6370 32767 11673
3624 -1146 -814 -3485 32767 16684
3319 -1106 -1035 2498 30524 23233
2560 -1023 -1464 7618 24024 26252
2041 -801 -1602 16030 13827 28499
1376 -504 -1540 21490 6631 28587
872 -296 -1120 28323 -4390 26931
688 -285 -656 32663 -13790 23979
503 -305 -84 32767 -19237 20881
565 -252 552 32767 -19675 19324
619 -284 835 32767 -15591 18117
731 -357 1012 31401 -10477 18006
826 -373 1007 29339 -1161 18801
1076 -411 828 28168 5129 19979
1628 -466 745 26261 12553 23242
2215 -441 621 24799 14892 25847
2952 -176 1013 32767 17639 10117
3926 -772 993 32617 24982 12561
4343 -899 974 32522 27850 14629
5107 -1107 823 32767 28177 16746
5115 -1346 967 32767 24550 18046
5262 -1879 777 32767 20679 17662
5662 -2131 293 32767 15179 16801
5830 -2132 -110 32767 12073 15941
5816 -1817 -288 32767 7103 14446
5756 -1563 -271 32767 390 13241
5753 -1110 10 32767 -4613 12729
5687 -650 162 32767 -9159 11395
5263 98 217 32767 -8188 9051
4892 323 336 32767 -361 2972
4948 266 331 32356 8516 -1377
5252 32 46 27261 21360 -6537
6039 -637 -941 24075 22520 -8847
6704 -1021 -2143 23303 16010 -8969
6972 -859 -3013 24849 4142 -7743
7355 -637 -5055 30475 -1716 -6767
7113 -225 -7100 32767 -2174 -9035
7114 -218 -8350 32767 -1272 -17808
8565 -1801 -9208 26830 -12518 -27739
10962 -3419 -9520 11917 -24713 -32369
11849 -4640 -9081 -19322 -32768 -32768
11199 -5633 -7711 -32768 -32768 -32768
10502 -5913 -7104 -32768 -32768 -32768
10755 -6454 -6371 -32768 -32768 -32768
12048 -7947 -3592 -32768 -32768 -32768
2197 -6981 2603 -32768 -17939 -32768
11523 -7329 2528 -32768 -1266 -32768
11613 -8442 2424 -32768 17228 -32768
11705 -8916 888 -32768 32767 -32768
10242 -10464 -394 -32768 30739 -32768
8819 -11267 220 -15138 15671 -32768
6994 -12161 1988 -1658 9593 -32768
5518 -12315 2686 2386 8683 -32768
4509 -12313 1962 7469 -2931 -32768
3252 -11838 -127 15455 -27599 -32768
1669 -11323 -539 20953 -32768 -32768
720 -10434 -218 28083 -32768 -32768
-915 -8750 440 32008 -32768 -20113
-2351 -7046 1126 31964 -32768 -10521
-2684 -5977 1446 29128 -32768 3309
-2453 -4541 2091 25589 -32768 12374
-2102 -3535 2365 18827 -32768 24490
-1173 -2264 2258 14609 -32768 30728
-232 -1615 2279 9064 -32768 32767
1527 -875 2252 6085 -32768 32767
2866 -540 2207 2833 -32768 32767
4895 -58 1769 1901 -32768 32767
5814 256 1338 1901 -32601 32767
6460 606 999 1775 -25112 32767
6447 704 971 71 -15458 32767
6081 877 1347 -2390 -11425 32221
5922 1003 1617 -6616 -8886 26299
5891 1506 1300 -8008 -7234 23808
5808 1580 876 -6634 -3169 21216
5344 1746 206 -1522 854 18498
4522 1820 -346 3272 2236 15911
3912 1855 -581 11277 -284 11178
2970 1924 -862 16591 -5278 7759
2666 1785 -821 23072 -16987 3284
1893 1448 -638 26177 -26312 206
1574 1510 -488 28974 -32768 -4007
1304 1710 -10 29360 -32768 -6158
1041 1587 795 27411 -32768 -7913
817 1367 1171 23536 -26740 -7774
765 959 1190 21121 -23348 -6308
1053 708 919 19084 -18743 -1254
2023 488 25 19847 -13532 3986
2692 413 -265 22214 -2288 12819
2561 548 -122 22940 4524 17302
2204 817 21 22322 11368 20299
1524 770 134 20508 13531 18090
866 434 155 19118 13787 14129
701 424 97 17421 15083 6997
663 633 106 16572 16536 2704
587 735 463 14968 18254 -2283
386 619 621 13455 19120 -7961
71 221 711 13653 20142 -9260
38 95 753 14706 23955 -9869
563 -19 638 16832 29386 -7271
1141 5 388 18736 32509 -3516
1687 -188 241 20742 32767 2153
2034 -563 198 23035 31467 11998
2785 -1335 405 23201 25648 23052
3989 -2042 503 23073 20926 32767
3897 -2202 76 24282 18093 32767
3677 -2472 -496 29467 14429 32767
3507 -3123 -767 32767 11801 32767
3983 -3481 -476 32767 7506 32767
4606 -3310 -356 32767 6435 32767
4817 -3415 -296 32767 8921 31846
4991 -2913 245 32767 10422 28812
5224 -2541 417 32767 13055 25969
5447 -2006 722 32767 16273 25071
5419 -1686 758 32767 22873 23128
5167 -1092 652 32767 26399 20738
5150 -846 635 32767 27564 16297
5123 -456 461 32767 27481 12960
5093 -112 239 32767 29803 7615
5182 409 -204 32767 32767 3273
5353 1502 -684 -11833 -32768 -32768
10282 2810 -4551 -32768 -32768 -32768
9617 1412 -1784 -32768 -32768 -32768
2725 590 6699 -32768 -32768 -32768
6393 -820 3954 -32768 -32768 -32768
5450 -419 4014 -32768 -32768 -32768
5370 -746 3771 -32768 -32768 -32768
5977 -689 3324 -32768 -31863 -32768
6774 -1151 3169 -31373 -32768 -32768
6915 -1425 3127 -12073 -32768 -32768
6740 -2071 2576 -1771 -32768 -32768
6313 -2937 1960 9758 -32768 -32768
5883 -3819 1272 14077 -32768 -32768
5173 -4719 1672 13883 -32768 -32768
3928 -6357 1896 10596 -32768 -32768
2994 -7202 1275 9511 -32768 -26654
2234 -7011 479 10571 -22949 -18588
1218 -6768 -170 11682 -19300 -14897
786 -6533 -236 12576 -17126 -10376
416 -5872 -266 12788 -13790 -5135
252 -5048 -2 12279 -11792 -1269
257 -4517 174 10627 -11459 4664
383 -3738 299 9503 -12484 8417
515 -3293 281 8553 -15979 13302
766 -2686 272 8592 -20058 15951
940 -2320 269 9978 -27087 19462
1395 -1428 462 11380 -31134 22200
1813 -736 766 13300 -32768 27500
2625 398 1286 14267 -32768 32767
3150 1658 2087 13823 -32768 32767
3400 2636 2453 11818 -32768 32767
3904 3906 2959 9601 -32768 32767
4243 4397 3040 5996 -31491 32767
4518 4236 2798 4046 -26553 32767
4725 3934 2314 2627 -18916 27054
5530 3343 1593 2863 -12883 21085
5597 2859 1205 3988 -2665 12075
5264 2491 723 5231 2690 4356
4498 1966 158 6292 3729 -88
4029 1347 119 7291 5144 -5114
3521 458 565 7016 7388 -6836
3248 82 928 5628 13233 -6557
2951 -211 1285 4556 18506 -4496
2804 -442 1344 3669 26772 944
2458 -915 1070 4134 30898 5570
2141 -1136 337 7087 32767 13614
1849 -1135 -93 11832 30447 22027
1409 -1105 -338 14835 26457 27186
1089 -1077 -253 17652 18930 32767
735 -977 540 17566 13485 32767
684 -1050 960 15906 5831 32767
697 -909 945 15546 1059 32767
741 -788 629 16569 26 32767
822 -794 456 19529 578 32767
958 -809 116 22325 1448 32767
1109 -841 -92 26956 1956 32767
1638 -878 24 29544 1172 32767
2010 -956 158 32288 -1763 32767
2189 -941 539 32767 -4886 29399
2394 -885 860 32767 -5708 26725
2424 -907 1012 32767 -3833 22372
2792 -832 1418 32767 -241 20157
2998 -724 1395 32633 8591 17866
3168 -707 1216 32767 15743 16718
3424 -868 1004 32767 25054 16194
3972 -1128 725 32767 28686 16906
4443 -1093 459 32767 30459 19127
5156 -1404 -151 32767 28392 21821
5903 -1610 -839 32767 23795 23639
6021 -1453 -936 32767 11822 24798
5984 -1044 -710 32767 -2688 22682
5954 -873 -133 32767 -10358 19196
5930 -953 300 32767 -14236 11108
6362 -1282 593 32767 -10482 5036
6648 -1250 614 32767 -1261 -2435
6997 -189 317 32767 2024 -5527
7228 226 -321 32343 3219 -8395
7577 -120 -1697 32687 7745 -10236
7528 -175 -2635 32767 11150 -11466
6954 -529 -3733 32767 14013 -14416
6987 -1441 -5085 32767 14777 -15886
8272 -3068 -8356 32767 13169 -14534
9188 -4001 -11468 32767 8717 -13389
8485 -3748 -12025 25034 -5233 -21021
7672 -3621 -10641 981 -18272 -32294
8392 -4459 -9858 -32768 -29452 -32768
10024 -6198 -9441 -32768 -27275 -32768
10833 -6719 -8437 -32768 -18625 -32768
10538 -6826 -6333 -32768 -18314 -32768
10500 -7125 -4772 -32768 -21893 -32768
5115 -5842 -1234 -32768 -22982 -32768
9634 -6663 1219 -32768 -26639 -32768
9940 -6989 2311 -32768 -18113 -32768
9781 -7559 1422 -32768 -10098 -32768
9280 -8674 392 -32768 -9740 -32768
8390 -9579 1849 -16269 -23236 -32768
7900 -10112 3190 -13620 -32768 -32768
6644 -10063 3995 -14793 -32768 -32768
4814 -10455 2706 -12609 -32768 -32768
3345 -10529 1843 -5272 -32768 -32768
1801 -10030 1761 -572 -32768 -32768
967 -9357 1861 5306 -32768 -29063
-74 -7964 2047 8083 -32768 -21051
-672 -6972 2111 10597 -32768 -8854
-1489 -5640 2076 11560 -32768 -1487
-1876 -4844 1968 12483 -32768 7354
-1854 -3814 1767 12881 -32768 12192
-1345 -3141 1641 13192 -32768 19393
85 -2437 1451 13251 -32768 24455
1212 -2041 1444 13328 -32768 31998
2973 -1329 1188 14033 -32768 32767
4075 -805 1159 15158 -32768 32767
5455 -259 1171 15034 -32768 32767
6459 -50 1077 13025 -24899 32767
7415 283 1233 9861 -16868 32767
7532 482 1111 2909 -5518 32767
7184 698 1003 -4865 -768 27213
6365 1022 779 -9044 -355 21507
6006 1103 573 -12200 -1979 14807
5538 1579 60 -10570 -2987 11475
5228 2088 -385 -7024 -2422 10649
4588 2599 -881 653 -2030 9987
3501 2942 -1083 6590 -3394 9107
2971 3130 -1182 15932 -8021 7477
2163 3369 -1034 21492 -12843 6359
1656 3420 -908 28003 -19662 4644
1101 3312 -529 30747 -21950 3715
748 3048 -181 32014 -19185 2597
201 2610 293 30091 -11336 1724
-284 2057 682 27105 -8435 1520
-282 1537 1229 20517 -4232 2338
-64 1043 1285 13880 27 4697
397 530 1193 8357 4498 8842
1158 231 982 5580 6850 12566
1834 90 598 3739 8590 18957
2157 293 136 4050 9020 22347
2338 384 -60 6732 11191 24889
2260 280 -440 9898 14660 24195
2030 99 -519 15062 21264 19832
2122 -58 -532 19235 25253 13888
1395 -56 -193 20890 24887 9042
986 149 126 21392 20587 1532
586 192 514 20721 17337 -3120
333 -37 523 19474 13355 -9014
356 -174 452 18668 10926 -12435
675 -165 545 18345 10207 -12563
1266 -280 680 17831 9304 -7819
1745 -592 729 17780 8835 -2116
1990 -942 408 19581 8497 7865
2129 -1677 161 21541 7011 14614
2258 -2095 115 24962 3146 23368
2588 -2596 159 28901 541 29227
2718 -3172 145 32051 793 31031
3276 -3386 96 32767 5336 32138
3794 -3532 -181 32767 10750 32099
4477 -3532 -351 32767 19866 32743
5266 -3236 -448 32767 24063 32767
5571 -2987 -411 32767 24631 32767
5777 -2528 -63 32767 21344 32767
5914 -2074 103 32767 14421 30224
6182 -1443 382 32767 11250 26773
6293 -936 695 32767 13379 20247
5970 -510 871 32767 24670 11922
5631 43 797 32767 32767 6330
5765 309 460 32767 32767 -115
6504 601 -540 32767 32767 -2602
6983 1075 -1624 32767 32767 -4718
7971 2131 -3875 32767 32767 -5828
8938 2638 -5516 32767 32767 -9175
10560 3910 -8257 32767 31096 -14866
10983 4938 -10137 32767 8942 -32768
11304 6396 -12612 32767 -15133 -32768
10985 6796 -12956 27605 -32768 -32768
9836 5957 -12617 11375 -32768 -32768
8977 4748 -10324 -19355 -32768 -32768
7514 2654 -5330 -32768 -32768 -32768
215 665 6231 -32768 -32768 -32768
3696 2050 4830 -32768 -32768 -32768
4962 1217 4045 -32768 -32768 -32768
5796 1287 3379 -32768 -32768 -32768
5893 680 2747 -24640 -32768 -32768
5034 52 2610 -12570 -32768 -32768
4483 -377 3229 -2871 -32768 -32768
3989 -1197 3943 -1108 -32768 -32768
3472 -2110 3983 -2885 -32768 -32768
3298 -3598 2952 -4699 -28009 -32768
3396 -4136 1873 -5983 -22603 -25157
3392 -4734 399 -4991 -26367 -15730
3385 -5221 -292 -3177 -30363 -9923
3195 -5612 -890 615 -32768 -2296
2795 -5670 -788 3100 -32768 1986
2522 -5348 -770 6850 -32768 7148
2020 -4654 -558 9635 -32768 10065
1313 -4241 -124 10550 -32768 10308
1041 -3850 161 10284 -32768 9927
922 -3051 622 7999 -32768 10455
1163 -2537 1011 5664 -30366 11825
1442 -2222 1207 1761 -24595 15193
1686 -1630 1260 -473 -21458 17769
1805 -1238 1065 -2367 -19667 21606
2156 -399 853 -2523 -21405 24160
2627 295 767 -1003 -27093 28252
3765 1273 883 899 -31896 31322
4627 1899 1048 4683 -32768 32767
5030 3019 1553 7712 -32768 32767
5055 3925 1909 8474 -32768 32767
5436 4178 2009 7741 -29381 28990
5936 3907 1833 6452 -25845 25205
6092 3429 1310 4365 -19270 18943
5919 2962 992 1849 -12622 11933
5001 2274 808 -545 -9544 6666
4330 1889 867 -5237 -4558 -1162
3555 1112 1041 -8588 -41 -5315
3242 511 1373 -13754 8852 -8568
3015 188 1856 -16741 16921 -8394
2925 56 1941 -19240 31656 -5032
2850 -151 1820 -18624 32767 701
2624 -530 1222 -16176 32767 5247
2413 -775 557 -10035 32767 13089
2213 -770 36 -5157 32767 18899
1795 -832 -437 3489 32767 26550
1188 -1060 -890 12803 32767 31521
736 -1370 -1154 18825 32767 32767
612 -1417 -1102 26556 32706 32767
612 -1354 -954 30589 25663 32767
746 -1344 -877 32767 14878 32767
1004 -1372 -779 32767 7641 32767
1431 -1350 -553 32767 -3677 32767
1771 -1002 -233 32767 -10506 32767
1835 -718 77 32767 -17838 32767
2197 -514 720 32767 -21484 32767
2637 -388 1574 32767 -21946 32767
2528 -258 1825 29144 -19248 32767
2205 6 1820 26811 -15723 32767
2429 47 1966 24039 -8532 32767
2254 -185 1891 22955 -2614 30361
2316 -136 1698 22825 5992 23948
2725 83 1431 23821 10020 20417
3229 188 1151 27305 13871 16716
3908 -70 552 30970 15455 15139
4296 -125 245 32767 16448 13735
5045 -228 -417 32767 15677 13444
5050 -7 -499 32767 9993 12331
5121 435 -37 32767 4200 10918
5292 564 149 32767 -1787 8019
5400 327 443 32767 -365 4225
5495 92 403 32767 4631 1775
5968 -351 364 32767 11006 309
6295 -694 -58 32767 19600 -534
6679 -1206 -1207 32767 23547 -871
6861 -455 -2743 32767 23296 -910
7320 38 -4050 32767 17521 -163
7032 578 -5456 32767 9224 -1223
6707 783 -6647 32767 -736 -7147
7051 115 -7888 32767 -4537 -11858
7879 -916 -8909 31182 556 -16942
8730 -2437 -9994 19267 6640 -19273
9162 -2962 -10591 -5678 6367 -22453
9211 -3510 -11065 -32768 -6974 -30660
9228 -4086 -10888 -32768 -14405 -32768
9682 -5086 -9610 -32768 -17654 -32768
9775 -5783 -7998 -32768 -14595 -32768
10253 -6854 -5508 -32768 -4654 -32768
12907 -9640 -5933 -32768 4784 -32768
9117 -7707 -2126 -32768 -22701 -32768
10685 -7296 -516 -32768 -32768 -32768
11334 -8834 -820 -32768 -26003 -32768
11073 -9625 -980 -29980 -12554 -32768
9297 -10258 694 -20799 -29051 -32768
8155 -10356 3141 -21715 -32768 -32768
7188 -10394 3760 -21926 -31373 -32768
4340 -10673 3224 -16006 -24250 -32768
1877 -9973 2441 -10767 -27422 -32768
423 -9082 1958 -2403 -32768 -32768
-230 -8388 1776 6023 -32768 -24289
-819 -7106 1685 12894 -32768 -9105
-959 -5774 1633 15960 -32768 1441
-850 -4856 1761 17445 -32768 16377
-343 -3602 1954 16925 -32768 24359
236 -2858 1778 16229 -32768 32005
1446 -2000 1107 17453 -32768 32767
2473 -1420 701 18583 -32768 32442
3351 -1198 714 18649 -32768 28557
4659 -948 631 17141 -32768 24685
6106 -715 252 15712 -32768 23142
6627 -298 58 12507 -29425 21947
7123 271 -206 8034 -17217 21152
7297 637 -635 3115 -8955 19857
6765 1004 -728 -317 -6220 18024
6278 1179 -489 -5410 -5335 14491
5796 1525 -667 -7213 -5093 12517
5473 1785 -760 -7308 -3005 10594
4808 2189 -683 -6309 -1452 9771
4358 2480 -562 -4225 -1225 9217
3413 2828 -293 -1984 -2769 8499
2658 3216 -185 -204 -4111 7901
2177 3342 204 2356 -5373 6906
1703 3159 91 4828 -3581 6227
1309 2957 -10 9174 -654 4759
390 2808 313 11618 -524 3283
-35 2666 517 15018 -430 765
-478 2214 547 17615 1543 -1081
-622 1826 163 22893 8121 -3475
-436 1193 197 26404 13561 -4176
-343 712 -475 30493 15377 -3149
700 484 898 30225 20882 1590
1802 411 1095 28189 28889 6847
2228 442 1626 20821 32767 16056
2202 213 1944 13596 32767 21276
2517 -25 1756 2462 32767 27882
3608 376 807 -3116 32767 32130
3096 356 -505 -4523 32767 32767
1788 -160 -1880 1979 32767 28143
1414 -424 -1975 8305 21646 22352
1027 -87 -1800 15168 6257 16015
958 104 -1614 25458 -16461 6910
1057 175 -1292 32767 -32375 -329
1280 203 -590 32767 -32768 -3374
1225 407 -128 32767 -32768 -5719
1049 67 1143 32767 -21536 -5916
1038 -900 2046 30693 -7351 -4683
1075 -1460 1987 22872 14512 -1026
1163 -2246 1803 17919 22595 2240
1301 -2423 1552 12938 23890 8340
2197 -2801 248 13221 23064 13726
3008 -3168 -586 19244 21320 23283
3727 -3299 -1075 28690 17702 31471
3788 -3244 -1028 32767 15471 32767
4142 -2997 -880 32767 16054 32767
4650 -2760 -718 32767 18063 32767
5592 -2529 -225 32767 22793 32767
5925 -2157 363 32767 25201 32767
5768 -1420 882 32767 24840 31503
5560 -883 1049 32767 23561 25352
5548 -391 843 32767 23111 21064
5709 16 584 32767 26599 16078
5681 866 18 32767 32512 13717
5711 1380 -456 32767 32767 11030
5902 2101 -1237 32767 32767 7907
6708 2700 -2235 32767 32767 4601
7359 3068 -3095 32767 32767 -4317
8915 3781 -4897 32767 32767 -11943
10706 4166 -6743 32767 24091 -23571
12059 5392 -9650 32767 11470 -32768
11721 6351 -11221 32767 -16581 -32768
10703 7064 -12104 23964 -32768 -32768
9688 5554 -10974 6733 -32768 -32768
8838 3977 -9008 -24031 -32768 -32768
7921 1533 -4473 -32768 -32768 -32768
7284 628 -1976 -32768 -32768 -32768
4268 1652 1259 -32768 -32768 -32768
5156 363 1479 -32768 -32768 -32768
7029 670 2960 -32768 -32768 -32768
7502 441 2681 -29458 -32768 -32768
6485 202 2359 -17121 -32768 -32768
6190 -104 2577 -6170 -32768 -32768
6120 -523 3244 -3544 -32768 -32768
5466 -1214 3383 -4044 -32768 -32768
4401 -2776 2665 -5537 -32768 -32768
4122 -3897 1775 -6468 -32768 -32768
3529 -5264 719 -5927 -32768 -24488
2938 -6109 740 -5946 -32768 -18224
2546 -6651 705 -5219 -32768 -9046
1965 -6467 351 -3850 -32768 -3551
1718 -6176 321 -1791 -32768 3383
1409 -5516 252 -564 -32664 6881
1359 -4943 138 1588 -31230 10734
1333 -4085 141 3042 -30999 12470
1424 -3505 388 4148 -29853 14556
1672 -2806 833 4019 -27915 15874
1927 -2403 967 3205 -25557 18132
2067 -1698 922 2848 -25307 19238
2181 -1246 815 3120 -28545 20190
2355 -452 957 3878 -32768 20688
2757 463 1513 4156 -32768 21052
3230 890 2033 4323 -32768 22252
3821 2021 2292 4665 -32768 23436
4161 2876 2581 4523 -25812 25579
4464 3729 2573 4025 -18741 25877
4548 3892 2424 2693 -9751 23677
4683 3807 2087 1604 -6630 20646
4605 3401 1979 -462 -3978 14238
4706 2885 1277 -1648 -957 8494
4715 2417 690 -2007 720 6147
4417 1964 449 -2371 2284 4383
3851 1534 509 -2903 4364 4038
3550 946 720 -4499 9000 4816
3251 240 1074 -6377 15278 7467
2956 -301 923 -6791 19467 10183
2742 -544 579 -5099 24106 15311
2356 -807 -32 -2383 25375 19219
2092 -887 -461 3639 24462 25167
1420 -862 -808 10556 21245 29848
851 -862 -815 14886 18319 32019
525 -839 -710 20331 12979 32767
350 -888 -377 24070 7323 32767
394 -1080 -10 25692 4240 32767
450 -1083 208 27339 1462 32767
531 -979 193 28611 1203 32767
610 -952 134 30876 2522 31253
849 -806 91 32435 3600 29929
1144 -724 151 32767 5112 27949
1734 -747 358 32767 5960 26999
2059 -623 455 32767 6856 26108
2838 -465 534 32767 7153 26060
2994 -333 455 32767 6648 25367
2528 -87 447 32767 5562 21945
2187 85 321 32589 5371 18601
2087 173 268 32207 5876 13244
2066 211 235 31867 7401 10071
2053 178 215 31081 10830 6461
1754 185 366 30164 12489 4681
1697 172 564 28032 14072 3373
2279 -94 1144 25941 15496 4147
3180 -463 1361 22844 20115 8756
4281 -669 1032 21943 24177 13199
5116 -734 288 23514 27318 19863
5056 -721 -54 28203 21782 23248
5033 -526 -154 32040 13041 23410
5444 -437 -206 32767 -1520 21668
5448 -570 -104 32767 -8192 18609
5815 -810 328 32767 -9896 13910
6414 -1137 689 32767 -604 10483
6041 -1019 972 32767 7845 8310
5779 -770 1055 32767 17538 5475
5084 -555 964 30802 21386 3211
4557 -302 817 23985 23097 -805
4255 157 7 20862 21829 -3133
4306 437 -494 18624 15902 -5387
4449 451 -1020 18455 9827 -6241
4673 313 -1377 20000 1865 -6224
5039 341 -1547 21303 -194 -5361
4974 623 -1700 22823 1980 -4014
5271 735 -2246 23564 3635 -2697
5776 392 -2984 24804 5276 -241
6877 -304 -4393 25834 238 1316
7516 -1315 -5666 25599 -5783 -687
7661 -1531 -6714 22878 -9458 -8938
8103 -2233 -7813 17449 -9577 -16919
8369 -2836 -7748 390 -15217 -31507
8785 -3413 -7160 -15389 -24345 -32768
9237 -4109 -6411 -32768 -32768 -32768
9778 -5150 -4860 -32768 -29630 -32768
9766 -5569 -3524 -32768 -25036 -32768
9783 -5930 -2764 -32768 -21209 -32768
281 -5043 4258 -32768 -11992 -32768
7867 -6214 -298 -32768 -31428 -32768
8619 -6481 2096 -32768 -32768 -32768
8732 -7367 2187 -32768 -22620 -32768
8823 -7883 916 -32768 -8147 -32768
8652 -8467 300 -13997 -6233 -32768
7179 -9416 1551 -1608 -27754 -32768
6129 -9045 3353 -1534 -32768 -32768
5433 -9171 3912 -4666 -32768 -32768
3611 -9197 3384 -5212 -32768 -32768
2327 -9104 2860 -2974 -32768 -32768
1344 -8721 2107 393 -32768 -31682
979 -8083 1701 7059 -32768 -18099
562 -6875 1491 10914 -32768 -9272
347 -6009 1492 14371 -32768 2988
232 -4697 1501 15194 -32768 9852
341 -3575 1939 14066 -32768 17426
600 -2900 2142 11586 -32768 22423
1203 -1942 2248 10037 -32768 24711
1599 -1457 2317 8058 -32768 26746
2577 -1013 2486 6675 -32768 27800
3323 -742 2421 5113 -32768 29220
4396 -177 1975 5024 -32768 30504
5328 181 1610 5554 -31012 31471
5991 678 1324 5879 -23111 31215
6355 959 1029 5616 -17609 29726
6485 1121 762 4907 -10682 26238
6394 1568 386 4481 -6987 23233
6053 1890 76 4483 -2913 17974
5496 2478 -170 4833 -1701 14682
4902 3015 -429 5970 -2965 10937
4444 3333 -621 8310 -7697 8619
3510 3584 -1043 12574 -12908 6515
2534 3531 -1284 16104 -15335 4846
1975 3467 -1228 21151 -16271 2365
1335 3339 -931 23584 -14455 1056
882 3011 -653 24983 -8693 -362
309 2674 10 24018 -4383 -727
9 2439 476 19726 1647 -193
-128 1925 1013 15498 5203 939
-53 1551 1321 7910 9674 3723
140 966 1506 2831 12170 6103
429 636 1318 -3162 15429 10333
1019 383 820 -5583 17403 13448
1354 279 331 -6157 20361 17633
1864 351 -310 -4576 22590 19642
2050 316 -783 440 25845 20225
2032 241 -805 7081 27729 17514
1998 -118 -518 11649 27197 14292
1894 -215 -453 18538 22378 8327
1380 -19 -306 24899 13474 1521
818 89 -222 28758 6873 -3037
632 32 -154 32767 -1710 -9028
538 -19 -53 32767 -4821 -11976
574 -129 9 32767 -2308 -14131
747 -139 438 32767 4307 -13720
1000 -124 954 32767 15434 -9527
1644 -192 1672 26849 21773 -580
2053 -202 2179 20128 22051 6935
1824 -479 2150 10348 19177 18159
1775 -1054 1798 5805 17921 24760
1748 -1726 619 4120 18169 30004
1826 -2040 -74 6640 19650 32767
2495 -2366 -681 10616 19957 32767
3043 -2369 -691 18044 19420 32767
4083 -2548 -651 23714 19874 32767
4699 -2706 -692 32725 22263 32767
5481 -2681 -557 32767 23092 32767
5649 -2539 -349 32767 20917 32767
5554 -2159 38 32767 15778 32767
5463 -1749 508 32767 12681 32767
5587 -1384 1070 32767 11734 29210
5632 -1157 1274 32767 16285 24121
5380 -610 1284 32767 23191 20560
5154 -380 1035 32767 32767 14900
4916 -28 518 32767 32767 9846
5273 507 -116 32767 32767 7662
5724 1136 -494 32767 32767 5769
6623 2191 -1187 32767 32767 3720
6927 2780 -1574 32767 32767 -3860
7897 3256 -2615 32767 32767 -11879
8836 3735 -3503 32767 32767 -25612
10093 5027 -5493 32767 14667 -32768
10262 6197 -7001 32767 3533 -32768
10328 7564 -9393 32767 -18325 -32768
10313 7457 -10269 32767 -32768 -32768
10159 6594 -9800 25479 -32768 -32768
8979 5336 -6568 -327 -32768 -32768
7922 4443 -4270 -16775 -32768 -32768
7326 3292 -1761 -30735 -32768 -32768
6913 2684 -328 -25377 -32768 -32768
5606 4983 9726 -21916 -32768 -32768
7929 1938 3678 -17754 -32768 -32768
8620 2172 4499 -10567 -32768 -32768
7480 1507 4617 -4175 -32768 -32768
7209 1144 4684 -2681 -32768 -32768
6790 460 5206 -4634 -32768 -32768
5989 -918 5150 -7215 -32768 -32768
5522 -2135 4483 -10525 -32768 -32768
4717 -4234 3449 -11996 -30752 -32768
4039 -5317 2954 -13006 -28451 -32768
3764 -7001 2243 -12010 -26652 -32768
4342 -7867 1634 -6754 -22387 -30054
4757 -8123 772 -533 -20170 -18092
4316 -7642 -578 10977 -22904 -1464
3327 -6948 -1028 18251 -30229 7352
2576 -6199 -924 26674 -32768 16367
1764 -4954 -50 29680 -32768 20328
1384 -4158 765 29789 -32768 24664
1093 -2893 1701 27507 -32768 27126
1029 -2190 2075 21836 -32768 30416
923 -1392 2346 17301 -30378 32095
943 -843 2267 10993 -27580 32767
986 19 1993 7884 -27188 32767
1483 507 1963 4712 -28474 32767
2464 1423 2066 3578 -30144 32767
2994 2958 1950 4209 -29425 32767
3048 3719 2060 5208 -27424 32767
3075 4258 2335 5986 -24378 32767
3733 4779 2334 6700 -22264 31320
4438 4508 2046 7669 -21793 27239
5158 3779 1596 9537 -22205 20815
5627 3527 1040 10739 -21225 16736
5495 3550 954 10878 -15993 10901
4883 3234 808 9835 -11362 7327
4287 2689 664 7328 -5498 2315
3349 1729 649 5329 -1734 -671
2903 884 1117 1616 6733 -3420
2745 411 1617 -3573 20364 -3357
2511 144 2177 -7441 30823 -1953
2323 -1 2253 -12647 32767 1587
2155 -369 1807 -14829 32767 4678
2112 -644 1311 -15647 32767 10486
1978 -728 397 -14595 32767 15297
1729 -656 -186 -10727 32767 22865
1234 -668 -717 -7228 32767 27577
920 -640 -811 -1747 20984 32767
534 -656 -711 3800 3045 32767
447 -665 -461 7639 -7785 32767
582 -677 -357 14191 -19191 32767
877 -658 -299 19065 -22915 32767
1302 -605 -224 26413 -23720 32767
1756 -361 -15 32541 -20967 32767
1927 -96 379 32767 -18119 32767
1863 -50 597 32767 -12945 32767
1512 -99 724 32767 -9197 32767
1232 -135 771 32767 -3390 27983
968 -101 746 32767 319 22993
940 -37 619 32767 5475 16278
862 31 484 32767 8770 12720
830 47 493 30592 12176 9005
897 44 593 28837 13190 7751
992 17 647 26140 15623 7636
2150 -329 938 24191 17972 9660
3110 -640 958 21797 22273 15659
4444 -976 861 20963 24454 20786
5465 -1331 622 21564 25519 29024
6098 -1550 360 23039 24306 32767
6372 -1648 314 26242 20195 32767
6590 -2285 364 28777 17816 32767
6448 -2778 209 32767 15780 29714
6288 -3246 43 32767 13842 24902
6129 -3292 -11 32767 7796 17405
5967 -3064 -176 32767 -1163 11044
5813 -2374 -350 32767 -7718 7990
5414 -1611 -227 27542 2439 2377
6125 -15 -4273 31167 -4681 2852
6643 -115 -4931 31370 -4403 1053
7098 -500 -5549 27849 -884 -6517
8088 -752 -7064 19185 -4803 -18325
9928 -1985 -8066 9496 -15210 -26760
11019 -2878 -8513 -9522 -29940 -32768
11287 -3572 -7784 -24648 -32768 -32768
10647 -4173 -6349 -32768 -32768 -32768
10834 -4771 -5377 -32768 -32768 -32768
11601 -5767 -4055 -32768 -32768 -32768
11892 -6556 -2880 -32768 -32768 -32768
6978 -6662 1341 -32768 -32768 -32768
10743 -7447 1682 -32768 -31674 -32768
10534 -7744 2874 -32768 -23894 -32768
9950 -8166 2431 -32768 -8808 -32768
9161 -8934 942 -32768 -4819 -32768
8800 -9904 922 -27891 -12837 -32768
8471 -11199 1884 -19725 -23068 -32768
7923 -11137 2527 -12971 -32768 -32768
6577 -10837 2668 -7341 -32768 -32768
4443 -10992 2857 -3267 -32768 -32768
3183 -10768 3029 3106 -32768 -32768
1797 -9843 2778 8161 -32768 -32768
1151 -9063 2669 15922 -32768 -25945
154 -7649 2457 20362 -32768 -19771
-472 -6684 2617 23792 -32768 -11004
-1001 -5022 3001 23420 -32768 -4809
-1075 -3541 3451 19092 -32768 5661
-864 -2653 3422 13314 -32768 17167
-298 -1678 3119 10032 -32768 24377
956 -850 2482 7259 -32768 32767
1986 -391 1893 8046 -32768 32767
3875 148 1010 10496 -32768 32767
4950 590 532 15870 -32768 32767
6097 1203 164 19301 -32768 32767
6401 1444 289 21173 -22015 32767
6287 1625 827 17110 -5214 32767
5999 1844 950 11999 3975 29200
5874 1978 725 3802 10422 19652
5709 2028 220 -680 9924 14952
5054 2066 77 -5493 5005 10159
4519 2140 -6 -7842 524 7308
3634 2278 117 -8311 -529 5960
2997 2257 369 -8163 750 4063
2101 1896 489 -7209 3004 2557
1417 1602 356 -4330 5672 -184
893 1420 479 -639 6248 -1796
348 1168 417 2362 6276 -2319
30 988 185 7914 5330 -2220
63 604 -201 12162 3445 -1062
175 397 -281 18298 -1406 2273
727 274 -414 23730 -5797 7960
1808 312 -459 26589 -8763 13254
2698 653 45 28862 -14812 22059
3071 847 174 29367 -16392 27525
2789 1065 182 30023 -16046 32551
2339 1062 155 30701 -12132 32077
1679 745 248 30919 -7375 28810
1402 473 339 30139 1374 21111
1036 272 598 28629 6899 14932
794 262 759 25338 12678 5639
651 307 768 23041 14182 336
528 231 700 19888 13726 -5909
434 259 648 17384 12940 -9899
498 351 528 16117 13706 -11123
540 346 477 14745 16514 -11059
617 141 465 13901 17730 -9891
854 -58 708 12014 15850 -6324
