0 0 0 0 0 0
8235 -108 6121 3836 3754 -5639
8833 -765 5561 4866 5008 -6064
8418 -1534 3966 6121 6269 -6450
7811 -2031 2754 7184 6410 -6803
6792 -2654 1070 7834 6333 -7130
6489 -4189 1157 7031 7452 -6402
4176 -4341 -3182 9494 7028 -7639
4317 -4237 -3729 10487 6831 -7744
4638 -4644 -2750 10617 7237 -7218
3924 -4720 -2656 9956 7650 -6482
2497 -4993 -3002 9015 7602 -6113
1637 -5138 -2952 8227 7307 -5958
1554 -5236 -2679 6815 6653 -5548
1576 -5433 -2333 5373 5838 -4827
1394 -5454 -2342 4530 4953 -4255
1081 -5385 -2558 3631 2954 -3475
662 -5059 -2840 3270 1632 -3070
581 -4842 -2710 2858 345 -2587
586 -4389 -2181 2373 151 -2169
514 -3898 -1735 2007 458 -1886
387 -3616 -1599 1435 1118 -1467
169 -3039 -1552 1068 1490 -1191
-5 -2677 -1639 616 1814 -828
-184 -2151 -1873 400 1902 -596
-173 -1771 -2125 254 1928 -149
43 -1233 -2514 258 1871 496
371 -976 -2743 305 1752 1051
991 -653 -3033 369 1504 1645
1220 -264 -3061 424 790 2376
1381 336 -3035 432 259 2629
1453 620 -2971 406 -251 2676
1805 993 -2859 388 -323 2622
2311 1170 -2816 400 -184 2713
3465 1245 -2935 476 -82 2980
4239 1041 -3163 717 -201 3550
4761 594 -3514 944 -487 3812
4534 274 -3464 1270 -892 3742
3679 -143 -2825 1421 -949 3228
3528 -211 -2589 1345 -715 2880
3351 -387 -1666 905 -31 2643
3285 -492 -1109 441 585 2697
3041 -607 -622 -340 1613 2996
2621 -730 -507 -824 2236 3257
2312 -728 -538 -1397 2765 3656
1790 -705 -759 -1634 2787 3879
1445 -782 -856 -1817 2450 4103
1012 -933 -920 -1863 1876 4221
764 -1070 -699 -1901 1444 4282
693 -1168 -429 -2070 815 4375
649 -1442 54 -2362 234 4460
704 -1653 221 -2596 -117 4524
819 -1849 328 -2952 -558 4651
1074 -2249 388 -3162 -780 4747
1102 -2340 380 -3408 -931 4852
1145 -2488 380 -3584 -864 4840
1138 -2508 373 -3679 -681 4754
1235 -2622 305 -3763 -384 4634
1456 -2776 188 -3881 125 4462
1700 -2809 137 -3984 388 4355
1708 -2729 74 -4132 837 4120
1631 -2534 -73 -4216 1242 3921
1601 -2334 -111 -4371 1846 3615
1544 -1994 -276 -4467 2155 3426
1523 -1772 -449 -4602 2525 3191
1738 -1525 -525 -4733 2696 3112
2070 -1397 -520 -5012 2818 3160
2659 -953 -467 -5244 2872 3279
3040 -720 -482 -5630 2880 3438
3607 -408 -557 -5878 2771 3465
3955 -102 -674 -6118 2118 3282
4142 223 -836 -6163 1400 2942
4857 482 -699 -6134 764 2442
5162 585 -569 -6015 671 1533
6470 1104 192 -5934 1217 874
6745 1271 294 -5683 2639 -136
7208 1584 399 -5125 3927 -1155
7106 1692 466 -4619 3981 -1828
6607 1589 1072 -3904 2375 -2792
6556 1286 1711 -3377 62 -3520
7063 578 2913 -2967 -943 -3883
7682 -334 3932 -2594 -620 -3984
7805 -1310 4365 -1678 950 -4070
8060 -2478 4913 -458 2242 -3859
8123 -3132 5457 374 2379 -3626
8237 -4729 5843 1714 2167 -3467
8912 -5991 5763 2639 1879 -3558
9398 -7061 5473 4123 1986 -4277
9953 -8935 4833 5147 2463 -5168
9809 -10070 4200 6639 2823 -6849
9263 -11691 3361 7763 2250 -8286
9114 -12514 3032 8199 1703 -8762
8659 -12769 2347 8599 1660 -8850
8105 -12760 1795 6881 598 -7849
5495 -11778 -1149 8081 2364 -8507
5100 -11068 -1169 8569 2551 -8925
5159 -10794 -221 8021 3223 -8725
4841 -9408 346 7053 3497 -8190
4000 -8744 59 5586 3692 -7472
2574 -7942 -1211 4930 3832 -7216
1566 -7070 -1970 4152 4363 -6843
1059 -6157 -2247 3691 5041 -6314
669 -5357 -2524 3411 5597 -5798
231 -4373 -2509 2920 6074 -4829
326 -891 -1701 878 716 1992
1174 -1051 -1533 762 318 2239
1905 -1239 -1392 573 -331 2702
2980 -1351 -1262 476 -783 3029
3590 -1532 -1265 437 -1464 3449
4297 -1788 -1382 513 -1892 3637
4528 -1769 -1545 801 -2138 3647
4472 -1612 -1704 1039 -1790 3449
4581 -1500 -1788 1297 -573 3118
5124 -1368 -1735 1308 440 3068
5509 -1219 -1705 1038 1707 3339
5710 -671 -1642 489 1964 3789
5482 -437 -1623 65 1640 3983
4830 -251 -1654 -521 972 4005
4457 -145 -1631 -858 615 3922
4060 -101 -1335 -1321 316 3803
3959 -157 -1266 -1582 341 3730
3473 -167 -1140 -1781 474 3647
3073 -60 -1032 -1977 669 3480
2340 62 -920 -2031 766 3322
1886 72 -846 -2027 930 3048
1402 70 -689 -1976 1166 2854
1119 73 -456 -1957 1386 2817
997 6 -299 -2001 1830 2902
446 -1388 319 -4150 1679 4355
540 -1551 328 -4473 1386 4468
692 -1741 292 -4646 1256 4500
811 -1842 240 -4826 1207 4457
1027 -2086 146 -4903 1257 4372
1190 -2270 112 -5003 1354 4163
1370 -2434 183 -5096 1391 3968
1589 -2797 261 -5309 1461 3599
1818 -3136 190 -5515 1574 3245
2438 -3411 -138 -5585 1584 3110
2803 -3540 -343 -5598 1432 2989
3124 -3608 -613 -5567 1331 2880
3213 -3590 -724 -5524 1353 2557
3344 -3393 -602 -5593 1527 2214
3548 -3173 -424 -5906 1996 1606
3952 -2752 -220 -6215 2393 1183
4181 -2392 -310 -6639 2646 567
4385 -2067 -632 -6829 2341 155
4476 -1800 -785 -6900 1542 -490
4606 -1165 -781 -6774 1012 -1168
4786 -417 -504 -6641 904 -1603
4960 3 -92 -6457 903 -2151
5159 529 722 -6352 909 -2412
5334 875 1317 -6127 757 -2607
5445 1378 2157 -5850 547 -2669
5718 1575 2599 -5061 250 -2691
6331 1788 3446 -3812 399 -2770
6917 1862 4303 -2742 950 -2956
7095 1918 4937 -964 1971 -3473
7606 1555 5390 257 2521 -3880
7993 1096 5436 2010 3380 -4537
8358 293 5207 3525 4599 -5231
8322 -504 4411 4369 5230 -5582
8344 -1061 3572 5483 5874 -5923
7622 -1768 2334 6147 6203 -6204
6875 -2671 885 7110 6545 -6722
6587 -3396 6 7524 6877 -7050
4508 -2892 893 7413 6741 -6788
5557 -5490 -2748 8790 8136 -7477
5712 -5006 -3367 9197 8537 -7285
5075 -5218 -2910 8713 8339 -6968
4426 -5025 -2931 7518 8166 -6598
3314 -5096 -3456 6425 7898 -6367
2656 -5445 -3790 5627 7193 -5934
2234 -5675 -3790 5184 6629 -5487
1978 -5718 -3624 4527 5857 -4759
1152 -5900 -3494 3826 4457 -4182
605 -5592 -3452 3384 3084 -3825
473 -5327 -3504 2851 1463 -3291
254 -4712 -3533 2594 1021 -2944
86 -4214 -3441 2288 1092 -2386
-134 -3338 -3155 2079 1289 -1963
-342 -2790 -3019 1758 1486 -1300
-574 -2149 -2941 1557 1551 -852
-645 -1728 -2939 1322 1604 -187
-588 -1143 -3044 1121 1643 456
-497 -1028 -3065 967 1580 889
-13 -691 -3121 705 1160 1533
520 -173 -3212 476 303 2056
613 -10 -3226 402 -416 2269
1102 620 -3412 487 -1383 2412
1281 701 -3385 618 -1751 2453
2007 863 -3246 776 -1784 2520
2684 977 -3160 1023 -1398 2815
3733 974 -2984 1240 -978 3303
4237 908 -3049 1415 -801 3578
4332 682 -3162 1678 -748 3616
3638 345 -2995 1814 -714 3325
3097 295 -2707 1871 -403 2627
2594 330 -2049 1768 -84 2232
2493 236 -1557 1393 594 2018
2508 114 -982 1038 1235 2153
2479 29 -704 400 2206 2654
2322 -66 -506 -45 2764 3082
2092 -153 -496 -661 3266 3685
1580 -383 -636 -990 3351 3986
1263 -537 -792 -1304 3044 4299
912 -778 -856 -1437 2562 4436
719 -966 -791 -1573 1669 4572
556 -1310 -529 -1657 1111 4633
540 -1416 -439 -1820 430 4708
639 -1754 -177 -2045 24 4811
873 -1958 -26 -2230 -139 4931
1226 -2189 114 -2521 -202 5104
1276 -2361 129 -2707 -70 5141
1184 -2407 60 -2937 301 5034
1107 -2361 -8 -3138 677 4747
1105 -2324 -163 -3257 914 4514
1242 -2364 -264 -3415 1166 4219
1444 -2337 -353 -3521 1311 4072
1472 -2232 -401 -3688 1597 3887
1445 -2073 -363 -3844 1751 3766
1314 -1680 -331 -4031 1877 3636
1287 -1601 -325 -4366 2026 3449
1304 -1418 -368 -4731 2030 3337
1641 -1279 -387 -4983 1890 3357
2012 -1252 -374 -5355 1604 3519
2526 -1270 -437 -5555 1539 3661
3028 -1220 -573 -5734 1561 3891
3569 -1066 -697 -5776 1509 3955
3744 -891 -727 -5770 1347 3744
3914 -618 -683 -5744 1234 3350
4009 -428 -655 -5656 1236 2403
4850 -159 -561 -5525 1591 1377
5176 -177 -511 -5425 1885 800
5992 -32 -410 -5297 2157 283
6068 56 -372 -5046 2472 -444
6251 362 -186 -4797 2290 -1102
6344 477 198 -4708 1885 -1479
6611 616 889 -4617 1121 -1932
6874 634 1395 -4451 753 -2195
6979 366 1585 -3839 802 -2554
7456 -247 2232 -2838 1229 -2719
7674 -345 2671 -2055 1580 -2700
7606 -527 3101 -850 1996 -2737
7140 -725 3670 -123 1845 -2917
6803 -990 3979 781 1153 -3420
6824 -1639 4441 1235 942 -3796
7289 -2450 4910 1640 1408 -4186
8108 -4636 5239 1914 2033 -4284
8533 -6379 4915 2801 2002 -4252
8680 -9275 3927 3795 1183 -4366
8776 -9940 3827 5591 -38 -5073
8840 -11407 4367 6921 509 -6615
8232 -12546 5064 7440 1833 -7823
7896 -13316 4017 8491 3972 -8863
7683 -14011 1848 8724 3402 -8198
5987 -13087 -56 9257 3909 -7700
5291 -11717 226 9408 3430 -7917
4054 -10037 1271 8652 3304 -8148
3952 -8797 1150 7032 3942 -8222
3511 -7985 299 6131 4559 -8107
2947 -7510 -537 5240 5125 -7813
2191 -6819 -1347 4627 5163 -7296
1839 -6116 -1716 4281 5202 -6792
1598 -5765 -2124 3963 5365 -5886
1032 -5140 -2906 3884 5203 -5235
642 -4707 -3283 3776 4406 -4299
179 -3903 -3351 -495 428 1581
1961 -1575 -1620 -570 148 2109
2690 -1701 -1661 -507 -296 2956
3760 -1758 -1770 -349 -528 3511
4407 -1566 -1734 -49 -845 4183
4525 -1172 -1635 134 -1026 4336
4477 -1119 -1727 431 -1003 4067
4732 -1089 -1868 588 -800 3789
5312 -1075 -1812 659 -257 3674
5981 -835 -1857 601 384 3814
6030 -364 -1938 382 1550 4140
5575 355 -1821 102 2155 4277
5043 846 -1594 -534 2338 4221
4193 1274 -1120 -1068 1881 4025
3605 1310 -855 -1861 772 3605
568 116 -29 -2729 2741 2980
469 25 -71 -3122 2706 3099
359 -117 -190 -3588 2194 3202
267 -434 -355 -3780 1669 3238
356 -676 -401 -3902 837 3330
617 -1142 -432 -3850 127 3493
819 -1380 -421 -3680 -480 3718
1099 -1631 -370 -3517 -795 3877
1241 -1730 -272 -3185 -1094 4040
1187 -1799 -26 -3082 -1028 3982
1144 -1812 132 -3058 -636 3751
1138 -1816 365 -3136 -239 3554
1217 -1890 463 -3374 490 3302
1413 -2107 577 -3600 1007 3192
1508 -2273 580 -3978 1600 3123
1671 -2584 403 -4300 1841 3139
1888 -3005 65 -4432 1864 3181
2218 -3374 -200 -4527 1803 3248
2317 -3474 -266 -4637 1622 3354
2707 -3737 -350 -4859 1382 3371
3007 -3820 -363 -5072 1190 3289
3298 -3692 -409 -5452 900 3033
3594 -3633 -466 -5865 630 2659
4146 -3395 -549 -6136 600 2391
4541 -3175 -575 -6494 1013 1983
5005 -2582 -572 -6694 1488 1694
5064 -2042 -480 -6961 2219 1149
4857 -975 -322 -7168 2407 467
4480 176 -198 -7250 1661 -11
4398 1078 191 -7216 -91 -702
4630 1451 777 -7011 -956 -1339
5536 1897 1963 -6606 -513 -1801
6564 2150 3009 -6100 213 -2023
7046 2089 3520 -4886 1038 -2381
7412 2028 4488 -3896 1231 -2747
7706 1957 5526 -2456 1363 -3459
8425 1822 6896 -1491 1544 -3928
9099 1293 7378 246 2207 -4644
9292 793 7078 2565 3320 -5477
9474 -264 5898 4329 4093 -6071
9290 -833 5163 6630 5510 -6963
8763 -2074 3811 8100 7297 -7637
8338 -2998 2428 8889 8319 -7894
7684 -3940 671 8933 7934 -7552
5548 -4801 -2370 10259 9270 -8135
5716 -5365 -3587 11649 9308 -8425
5583 -5682 -2612 11128 8596 -7836
4709 -5825 -2295 9716 7929 -7271
3145 -6025 -3220 8512 7053 -6894
2509 -6157 -3508 7835 6127 -6601
2115 -6093 -3363 6709 4248 -5931
1591 -6115 -2914 5919 3156 -5369
1197 -6068 -2666 4845 2179 -4470
626 -5748 -2282 3944 1979 -3591
298 -5425 -2007 3373 2114 -3049
-153 -4715 -1480 2769 2266 -2580
-425 -4275 -1281 1843 2376 -2051
-709 -3828 -1294 1063 2290 -1650
-711 -3405 -1565 689 2112 -1344
-611 -3117 -1829 367 1667 -785
-491 -2733 -2253 283 1317 -390
-366 -2451 -2486 306 943 255
91 -1935 -2731 374 619 1019
423 -1535 -2851 377 339 1508
898 -1044 -2905 257 -144 2067
1272 -682 -3039 155 -480 2318
1863 -9 -3276 45 -1027 2481
2164 358 -3401 18 -1272 2409
2519 690 -3551 53 -1199 2079
2923 1089 -3536 111 -924 1817
3271 1403 -3409 216 -212 1507
3651 1499 -3334 293 349 1474
4033 1509 -3252 391 765 1695
4065 1504 -3279 479 736 1806
3415 1375 -3252 569 555 1754
2882 1178 -2957 611 215 1471
2341 850 -2297 541 152 1314
2170 456 -1836 301 459 1369
2176 -211 -1348 93 863 1676
2202 -558 -1152 -220 1354 2478
2059 -1002 -1065 -453 1449 3402
1655 -1362 -1164 -514 1303 3939
1343 -1450 -1225 -466 748 4526
920 -1596 -1252 -341 112 4830
721 -1740 -1116 -295 -165 4928
666 -1782 -889 -426 -281 4998
649 -1788 -384 -718 -224 5016
613 -1786 -59 -1421 7 4978
597 -1889 327 -2346 348 4905
628 -1982 463 -2982 551 4859
665 -2068 451 -3800 758 4789
698 -2278 235 -4186 810 4742
781 -2488 26 -4481 781 4729
1030 -2746 -345 -4494 676 4780
1253 -2901 -540 -4330 438 4921
1559 -3098 -679 -4174 288 5001
1750 -3160 -585 -4032 165 5053
1945 -3099 -350 -4034 150 5010
1941 -2898 -187 -4180 203 4790
1819 -2532 -75 -4413 403 4417
1933 -2224 -123 -4569 603 4178
2151 -1990 -162 -4779 984 3965
2609 -1720 -191 -4909 1287 3951
2952 -1548 -176 -5090 1715 4087
3422 -1266 -166 -5203 1880 4206
3624 -1040 -179 -5357 1724 4250
3736 -239 -128 -5421 1195 3972
3798 105 -106 -5383 909 3561
4086 250 -94 -5212 834 2741
4896 351 -46 -5042 1151 2168
5523 311 -9 -4735 2117 1382
6060 300 51 -4518 2766 873
6043 434 18 -4154 3088 27
5680 487 90 -3799 2356 -932
5582 505 146 -3560 1504 -1553
5706 468 464 -3232 542 -2225
6494 513 875 -3025 480 -2406
6907 364 1122 -2639 1301 -2443
7173 221 1541 -2153 2529 -2347
6972 277 2103 -1794 2993 -2291
6512 234 2176 -1121 2623 -2455
5844 156 2416 -625 1655 -2782
6010 -410 3043 90 727 -3411
6735 -1024 3746 605 1280 -3680
7601 -2502 4787 870 2191 -3613
7645 -3456 5159 1485 3232 -3391
7047 -5272 5089 2690 2424 -3340
7197 -6802 4827 3817 1091 -3416
9108 -9424 5064 5551 -87 -3954
9693 -10447 5273 6481 325 -4878
9701 -11454 4966 7614 1997 -6839
9172 -12748 3581 8648 2574 -8257
8779 -13090 2617 9250 2599 -8591
4442 -11515 -1185 8383 3532 -7782
4853 -12366 -1004 9746 3138 -9025
4988 -10683 666 9304 3665 -9250
5009 -9453 1446 7326 4557 -8640
3254 -8141 -280 5739 4764 -7854
2686 -7929 -990 5221 4526 -7537
1667 -7215 -2357 4809 4218 -7041
1287 -6318 -2662 4511 4186 -6533
1078 -5647 -2624 3890 4230 -5546
798 -5201 -2672 3442 4248 -4855
204 -4227 -3112 3039 4143 -4173
47 -3990 -3211 2553 3657 -3258
-230 -3343 -3333 2166 2993 -2449
-303 -2764 -3193 1926 2688 -1963
-308 -2411 -3013 1549 2421 -1312
-195 -1996 -2815 1307 2276 -928
-86 -1773 -2679 964 1977 -394
184 -1500 -2461 650 1480 120
706 -1409 -2348 474 1126 479
1147 -1378 -2213 241 648 1054
1863 -1277 -1952 24 420 1621
2505 -1090 -1893 -66 322 1955
2765 -929 -1981 -40 117 2332
2989 -715 -2136 82 -29 2489
3233 -622 -2262 378 -274 2704
3554 -478 -2276 577 -486 2845
3816 -341 -2093 771 -678 3076
3925 -225 -1987 804 -636 3258
3989 -27 -1928 743 -312 3582
3997 106 -1731 597 -142 3818
3960 218 -1647 298 -227 4162
3614 239 -1675 127 -452 4299
3257 195 -1692 -32 -759 4287
2949 183 -1725 -61 -825 4173
2315 208 -1572 -60 -834 4009
2176 198 -1474 -96 -708 3749
1876 100 -1245 -161 -437 3604
1815 31 -1009 -386 263 3506
1839 -59 -616 -635 855 3516
1745 -65 -434 -1103 1744 3546
1490 -65 -305 -1558 2352 3493
1239 -144 -365 -1795 2515 3406
1091 -209 -457 -1999 2441 3242
1089 -540 -605 -2049 2228 3157
1132 -644 -635 -2005 1871 3133
1194 -756 -599 -1943 1640 3176
1162 -712 -431 -1953 1521 3199
1072 -683 -293 -2074 1456 3147
915 -572 -74 -2244 1463 3063
797 -565 63 -2575 1474 2871
715 -664 77 -2787 1548 2754
737 -731 78 -3059 1650 2682
751 -854 44 -3178 1669 2709
759 -1094 -90 -3237 1625 2790
802 -1267 -209 -3205 1396 3026
924 -1473 -405 -3116 1114 3247
981 -1701 -433 -2994 538 3561
929 -1937 -212 -2986 216 3678
909 -2135 79 -3217 -47 3677
1032 -2653 573 -3735 87 3548
1251 -3009 708 -4140 411 3482
1834 -3649 599 -4697 878 3536
2234 -3985 418 -4956 1091 3687
2744 -4345 -25 -5097 1242 3896
3027 -4499 -210 -5164 1268 4207
4940 554 -32 -6782 2043 -1106
4945 1031 286 -6739 1031 -1536
5110 1408 637 -6583 -421 -2002
5474 1930 1491 -6407 -816 -2279
6010 2172 2257 -6029 -96 -2615
6985 2299 3287 -5387 1314 -2763
7639 2078 4018 -4743 1857 -2794
7722 1919 4485 -3426 1511 -2969
7687 1785 5484 -2389 931 -3320
7964 1651 6282 -683 660 -4100
9020 1191 7202 1233 2076 -4840
9929 164 7224 2636 3631 -5307
9698 -518 6691 4872 5706 -6100
8796 -1697 5234 6345 6485 -6602
8272 -2430 4252 8182 6773 -7155
7573 -3503 2658 9517 6515 -7528
6954 -4583 947 10103 6712 -7703
4946 -5094 -1402 3876 3978 -4973
704 -6463 -2519 3168 3519 -4017
-24 -5880 -2376 2736 3079 -3412
-472 -5331 -2317 2132 2339 -2609
-948 -4476 -2199 1568 1784 -1912
-1233 -3606 -2219 1248 1518 -1486
-1387 -2858 -2478 927 1227 -875
-1297 -2178 -2818 803 1062 57
-1097 -1782 -3019 794 991 608
-742 -1222 -3172 718 807 1462
-283 -658 -3269 597 557 1982
44 -360 -3293 308 -84 2553
672 231 -3377 109 -628 2781
1021 471 -3435 -87 -1247 2861
1693 624 -3621 -87 -1316 2813
2346 588 -3667 39 -1016 2765
3214 690 -3596 164 -616 2789
3908 664 -3565 365 29 2977
4549 528 -3507 509 246 3092
4391 613 -3667 840 222 2926
3621 593 -3666 1176 24 2279
3139 566 -3311 1253 -20 1788
2779 483 -2497 1165 105 1444
2730 333 -1973 777 610 1373
2650 74 -1393 412 1109 1608
2508 -59 -1153 -168 1724 2185
2006 -349 -1106 -643 1933 2729
1620 -542 -1182 -856 1777 3015
1164 -779 -1274 -1009 1156 3363
947 -936 -1285 -1068 646 3555
757 -1175 -1037 -1226 16 3797
688 -1347 -691 -1430 -204 3941
686 -1465 -417 -1906 -252 4139
714 -1697 4 -2303 -206 4268
706 -1760 49 -2890 -105 4427
711 -1988 95 -3223 -98 4503
765 -2148 6 -3511 -218 4578
940 -2546 -335 -3495 -382 4614
1206 -2863 -656 -3345 -463 4622
1358 -2930 -749 -3056 -396 4600
1577 -2901 -625 -2941 -21 4504
1687 -2801 -418 -3050 355 4379
1768 -2632 -108 -3452 966 4127
1734 -2382 -148 -3755 1317 3930
1677 -2237 -279 -4149 1546 3641
1670 -2047 -497 -4323 1508 3498
1724 -2005 -629 -4435 1289 3408
1937 -1875 -685 -4448 1084 3429
2024 -1785 -583 -4462 799 3522
2369 -1544 -267 -4505 661 3595
2462 -1497 -184 -4658 522 3668
2745 -1308 -28 -4837 110 3650
2813 -1103 5 -4914 -314 3560
3053 -786 124 -4936 -598 3424
3385 -607 212 -4883 -493 3167
3916 -490 408 -4820 -79 2956
4527 -182 535 -4667 877 2635
4845 -45 499 -4427 1888 2233
4916 94 211 -4203 2271 1838
4790 192 69 -3836 2121 1030
4668 136 68 -3632 1638 422
4804 -10 201 -3434 663 -358
5305 -272 387 -3271 19 -822
5670 -518 537 -3113 50 -981
6129 -978 584 -2686 823 -1072
6324 -993 509 -2263 1505 -1081
6123 -782 379 -1481 2191 -1217
5573 -354 184 -942 2180 -1455
5171 -165 239 -359 1437 -2029
5010 -27 886 -251 695 -2402
5480 -29 1925 -489 131 -2710
5818 -164 2640 -896 528 -2716
6079 -691 3317 -982 935 -2667
6094 -1295 3615 -514 1182 -2692
6389 -2584 4384 544 1143 -2890
7242 -3754 5074 1426 1336 -3070
8665 -5482 5963 2908 1970 -3705
9118 -6921 5902 4079 2359 -4542
9105 -7925 5221 6137 2466 -6158
8977 -9016 4396 7851 2268 -7558
9345 -10665 4207 8510 2383 -8094
9240 -11400 3441 9244 3204 -8428
8967 -7705 7034 6079 3797 -10676
4560 -11588 -2247 9929 2778 -9034
5198 -9603 -1408 9919 2881 -9304
6015 -9101 584 8502 3758 -8664
5026 -8793 107 6327 4695 -7723
2761 -8199 -1884 5462 4722 -7479
1870 -7873 -2783 4818 4462 -7162
1589 -7086 -3062 4480 4281 -6633
1422 -6351 -2904 3813 4212 -5517
745 -5242 -2431 3249 4224 -4823
194 -4602 -2278 2420 4080 -4056
-456 -3961 -2333 1994 3905 -3687
-584 -3628 -2402 1570 3595 -3056
-445 -3018 -2495 1346 3266 -2191
-466 -2840 -2507 1273 3000 -1582
-521 -2326 -2382 1222 2658 -1037
-606 -1952 -2300 1176 2160 -475
-607 -1552 -2200 1157 1709 -142
-329 -1353 -2188 1125 1510 101
350 -1165 -2056 964 1276 577
819 -1075 -2018 776 1080 931
1475 -1080 -2071 572 819 1287
1987 -1054 -2193 336 216 1866
2773 -873 -2395 263 -257 2275
3195 -696 -2492 286 -1022 2815
3674 -304 -2520 352 -1528 3073
3871 -158 -2369 434 -2142 3205
3922 -15 -2191 463 -2219 3139
4084 -70 -2042 421 -1818 3064
4399 -228 -1897 363 -1317 3145
4384 -384 -1938 278 -415 3356
4063 -567 -1811 179 131 3504
3849 -488 -1638 -44 584 3752
3441 -300 -1666 -163 639 3875
3091 -134 -1749 -248 462 3916
2404 92 -1772 -270 225 3803
2066 211 -1744 -297 -21 3545
1799 287 -1518 -360 2 3410
1685 298 -1279 -598 362 3282
1492 261 -947 -855 744 3220
1372 207 -777 -1333 1285 3145
1194 105 -620 -1804 1576 3092
1116 -125 -666 -2036 1587 3089
1102 -319 -744 -2194 1454 3153
1075 -541 -775 -2211 1315 3225
1033 -679 -703 -2196 1079 3336
1011 -833 -491 -2213 970 3392
992 -939 -269 -2354 909 3450
1030 -1066 -67 -2492 925 3485
1105 -1241 -60 -2672 949 3538
1250 -1511 -141 -2754 897 3566
1251 -1636 -199 -2797 775 3564
1171 -1724 -222 -2777 667 3503
1128 -1737 -170 -2772 649 3440
1061 -1770 41 -2839 750 3355
1051 -1792 173 -2968 847 3320
1022 -1843 291 -3262 928 3301
1004 -1983 284 -3479 930 3306
1045 -2237 264 -3783 789 3361
1203 -2661 294 -3990 641 3427
1317 -2972 368 -4318 471 3549
1708 -3339 377 -4632 406 3741
2070 -3584 300 -4806 420 3901
2627 -3887 192 -5052 538 4082
3185 -4070 165 -5236 719 4114
3634 -4068 167 -5573 1152 4035
4235 -3925 58 -5800 1505 3889
4604 -3788 -98 -6063 1830 3546
5032 -3473 -347 -6174 1850 3211
5103 -3185 -412 -6298 1813 2473
5072 -2363 -273 -6454 1957 1565
5018 -1313 -62 -6584 2167 979
4952 -617 48 -6771 2268 202
4683 234 170 -6854 2006 -285
4401 628 279 -6838 1048 -1023
4239 1245 593 -6698 296 -1462
4458 1533 1131 -6406 -459 -1921
5114 2036 2198 -6137 -526 -2072
5606 2295 2921 -5551 120 -2181
6261 2471 3915 -5005 788 -2245
6643 2515 4570 -3942 1429 -2328
7075 2500 5450 -2540 1397 -2493
7299 2426 6206 -1386 1093 -2778
7636 2162 6860 605 1024 -3574
8354 1699 7148 2619 2119 -4459
9713 570 6990 3823 3280 -4934
9974 -119 6387 5363 4882 -5762
9296 -1046 4979 6691 5784 -6830
8614 -2311 2927 7647 6051 -7463
7970 -3770 1079 9062 6614 -8131
7550 -4767 32 9804 7135 -8119
5414 -5921 -2411 10386 8068 -8553
5188 -6325 -3737 11621 8384 -8822
4502 -6530 -3463 11405 7608 -8310
3244 -6151 -3006 10650 7315 -8046
2372 -5799 -2874 9140 7113 -7904
1740 -5830 -3092 8089 6933 -7733
1866 -5755 -2818 6392 6599 -6978
1877 -5728 -2624 4695 5860 -5759
928 -5559 -2876 3746 4541 -4997
284 -5364 -3160 2731 1394 -4056
33 -5089 -3135 2258 -320 -3495
180 -4795 -2616 1548 -1090 -2649
445 -4190 -1465 770 -272 -1752
380 -4023 -1378 319 567 -1216
-235 -3088 -1615 -126 1362 -624
-475 -2678 -2016 -201 1531 -336
-464 -2276 -2419 -50 1516 148
-143 -1721 -2795 124 1483 575
3072 1257 -3239 869 443 2686
2961 1106 -3420 1030 279 2777
2440 776 -3294 1160 -58 2707
2164 544 -2775 1080 -545 2501
2101 103 -1884 829 -577 2467
2270 -442 -1115 257 -94 2736
2246 -777 -912 -116 427 3070
2066 -1092 -977 -460 1122 3597
1733 -1463 -1155 -541 1413 4050
1448 -1671 -1200 -492 1425 4414
1301 -1794 -1044 -489 1307 4625
1271 -1842 -951 -626 1025 4819
1198 -1966 -678 -848 801 4842
1960 -2207 -625 -3010 682 4391
1885 -2087 -558 -3138 614 4170
1883 -1938 -373 -3326 562 3954
1931 -1846 -243 -3711 542 3631
1973 -1628 -123 -3972 582 3445
2015 -1565 -122 -4280 669 3247
2091 -1479 -203 -4384 723 3200
2178 -1302 -265 -4420 709 3213
2187 -1113 -175 -4416 660 3222
2195 -1021 -126 -4399 586 3199
2269 -879 -44 -4372 476 3133
2487 -736 8 -4345 375 3082
2652 -644 100 -4309 349 2982
2952 -444 204 -4293 471 2897
3193 -366 242 -4273 724 2730
3519 -186 198 -4234 931 2569
3683 -108 41 -4071 1107 2206
3828 -60 -251 -3874 1046 1894
3997 11 -360 -3525 894 1392
4425 -56 -228 -3369 833 1061
4676 -97 -25 -3339 745 561
4917 -274 140 -3440 727 8
5215 -447 144 -3470 787 -341
5459 -623 97 -3332 1063 -723
5720 -827 22 -3088 1402 -883
5693 -874 15 -2511 1757 -1062
5589 -762 -94 -1727 1659 -1216
5447 -652 -79 -1190 1302 -1365
5249 -403 53 -536 602 -1745
5183 -110 743 -328 237 -2060
5395 16 1299 -302 147 -2425
5671 63 1964 -351 264 -2564
5746 14 2356 -391 503 -2706
5895 -279 3030 -256 812 -2842
6139 -970 3652 20 1016 -2936
6476 -1798 4090 727 1316 -3101
7429 -3238 4750 1693 1730 -3290
8576 -5016 5143 2460 2035 -3536
8966 -6116 5100 3817 2377 -4423
4933 -8547 -275 6030 3490 -7696
3801 -8279 -1324 5101 3939 -7573
-480 -2350 -2963 944 2262 -1858
-268 -1769 -2829 652 2026 -1055
-152 -1445 -2863 326 1616 104
114 -1051 -2935 160 1140 1081
384 -811 -2957 126 812 1609
844 -303 -3086 189 258 2239
1266 -76 -3172 269 -177 2581
2313 266 -2956 360 -912 3023
2546 293 -2860 377 -1265 3219
3276 251 -2441 333 -1248 3334
3662 34 -2385 283 -961 3355
3922 -291 -2563 304 -354 3350
4013 -560 -2780 381 90 3315
3905 -723 -2808 436 496 3261
3689 -597 -2642 391 903 3139
3228 -178 -2513 312 1025 3021
2829 -10 -2401 128 1002 2768
2255 122 -2137 -34 847 2584
1958 126 -1977 -322 522 2370
1682 55 -1626 -543 318 2323
1570 44 -1325 -934 75 2409
1355 10 -940 -1200 -7 2539
1169 -40 -800 -1509 11 2752
905 -118 -752 -1620 133 2890
777 -217 -700 -1691 426 3097
767 -404 -714 -1692 655 3373
789 -511 -705 -1692 765 3581
846 -636 -610 -1780 839 3891
875 -709 -406 -1917 803 4062
838 -654 -336 -2182 630 4200
718 -686 -237 -2384 464 4187
705 -808 -167 -2686 216 4082
885 -1025 -142 -2843 144 4023
1044 -1208 -130 -2996 242 4003
1301 -1506 -121 -3068 387 4049
1322 -1549 -120 -3069 441 4076
1263 -1644 -98 -3811 732 4142
2696 -3578 255 -3933 784 4281
2979 -3762 181 -4017 770 4346
3159 -3846 227 -4231 762 4358
3336 -3821 302 -4435 852 4313
3496 -3664 376 -4786 1046 4175
3640 -3463 283 -4996 1126 4054
3704 -3378 125 -5188 1087 3825
3710 -3126 -121 -5214 1048 3631
3752 -2942 -191 -5166 1089 3284
3975 -2551 -140 -5143 1273 3042
4077 -2224 10 -5231 1700 2585
3847 -1428 273 -5476 2100 1904
3739 -990 288 -5651 2211 1375
3792 -621 222 -5789 1984 655
3883 -213 112 -5752 1623 260
4092 612 139 -5637 1110 -82
4209 828 177 -5320 486 -524
4721 1360 647 -5048 414 -932
5554 2096 1365 -4954 750 -1139
6134 2416 1756 -4837 1679 -1373
6629 2726 1888 -4612 2239 -1524
6582 2842 1810 -3814 2271 -1790
6156 2856 1790 -2499 964 -2130
5858 2880 2353 -1502 -179 -2418
6083 2820 3261 -329 -1099 -2944
7111 2456 5171 57 -797 -3308
7908 1981 6227 347 961 -3757
8762 907 6565 1086 3266 -4156
8780 -440 5935 2029 4432 -4535
8327 -1215 5221 4042 5291 -5314
7690 -2867 3916 6199 5409 -6160
7561 -3799 3180 7472 5408 -6677
7669 -4779 2453 8941 5361 -7269
7545 -6068 1348 9615 5850 -7667
6916 -6350 735 9228 7930 -7630
5608 -8044 -2939 10851 9063 -8367
5861 -7396 -3094 11044 8757 -8244
5659 -7271 -2953 10154 7864 -7698
4845 -6897 -2835 8716 7004 -7371
4037 -6986 -3387 7933 6593 -7261
3195 -6822 -3789 6955 5694 -6850
2474 -6688 -3673 5979 4859 -6168
1614 -6465 -3541 5341 4436 -5634
926 -6193 -3564 4493 3768 -4822
-244 -5459 -3457 3957 3332 -4272
-546 -4925 -3148 3037 2740 -3389
-762 -4442 -2924 2007 2387 -2455
-1022 -3928 -2799 1339 2191 -1904
-1408 -3024 -2890 755 1956 -1406
-1348 -2726 -3161 193 1497 -646
-1123 -2397 -3364 -29 932 263
-626 -1773 -3469 -59 520 948
-201 -1377 -3486 5 -183 1965
303 -761 -3475 97 -680 2486
1414 568 -3270 614 -1676 2870
2220 954 -3113 725 -1448 2749
2872 1110 -3044 835 -834 2653
4077 1250 -3073 914 -462 2730
4766 1210 -3175 1093 -188 2897
5055 1055 -3365 1249 -206 2844
4736 1037 -3473 1545 -317 2341
3951 1038 -3381 1723 -262 1815
3581 1052 -2972 1755 117 1133
3295 1009 -2090 1404 729 897
3142 919 -1553 1024 1198 1001
2958 662 -1100 609 1648 1269
2772 469 -985 60 2127 1835
2314 209 -1006 -197 2255 2219
1731 -50 -1188 -369 2165 2697
1376 -240 -1307 -341 1849 3058
995 -447 -1302 -280 1545 3276
888 -491 -1196 -238 1000 3621
765 -636 -833 -380 577 3961
642 -690 -418 -589 389 4156
559 -711 -171 -1061 162 4358
441 -868 257 -1673 -46 4437
426 -1055 336 -2092 -155 4424
421 -1289 357 -2643 -289 4315
406 -1655 260 -2905 -315 4191
439 -1861 144 -3124 -216 3982
524 -2281 -63 -3176 -76 3848
620 -2584 -197 -3162 216 3715
1016 -2861 -353 -3125 410 3730
1241 -2949 -329 -3143 563 3880
1404 -2962 -252 -3218 640 3995
2470 -1188 -319 -5632 944 3654
2661 -946 -194 -5726 986 3622
3001 -874 -162 -5779 1067 3619
3548 -649 -80 -5764 1084 3630
3903 -439 -68 -5642 1155 3551
4378 -311 -49 -5417 1258 3190
4610 -159 -141 -5181 1361 2734
4765 -47 -223 -4673 1681 1781
4993 29 -277 -4285 2015 1049
5308 50 -198 -3777 2379 -33
5510 0 -29 -3557 2329 -655
5648 -203 130 -3349 1594 -1399
5836 -239 411 -3273 773 -1760
6400 -184 729 -3097 60 -2077
7078 -76 1100 -2935 704 -2102
7261 1 1355 -2598 2200 -2154
6863 83 1885 -2215 2472 -2440
6421 -75 1978 -1657 1365 -3171
6279 -752 2167 -812 555 -4084
6486 -989 2502 -272 501 -4503
7269 -1952 3664 465 1178 -4602
7718 -3270 4410 1088 1824 -4368
7575 -4255 4513 2379 2426 -3987
7194 -5100 4746 3355 2469 -3889
7197 -6214 4843 4831 2146 -4108
7253 -7460 4678 5765 1928 -4579
7800 -8466 4569 6930 2149 -5479
8445 -10175 4093 7783 2708 -6366
8465 -11214 3376 8266 2882 -6896
8024 -11615 1833 8558 4400 -7158
6688 -9599 831 7621 3701 -6953
4924 -11098 -1620 9002 3625 -8105
5171 -9329 -155 8776 3501 -8387
5282 -8818 771 7100 3930 -8060
4592 -8204 601 5861 4243 -7625
3685 -7785 -374 4701 4202 -7131
2442 -7283 -1861 4392 3883 -6830
2011 -6874 -2521 4423 3854 -6519
1700 -5973 -2665 4394 4061 -5792
1230 -5073 -2726 4260 4375 -5249
785 -4509 -2715 3819 4776 -4473
236 -3579 -2702 3398 4751 -3982
-169 -2914 -2952 2751 4306 -3277
-267 -2708 -3024 2352 3803 -2806
-386 -2278 -3172 1845 2889 -2062
-317 -1910 -3185 1549 2296 -1555
-256 -1734 -3023 1109 1616 -831
-48 -1571 -2686 808 1291 -383
166 -1549 -2491 368 927 249
687 -1537 -2127 86 732 688
1191 -1603 -1974 -255 460 1446
2064 -1703 -1971 -406 25 2311
2594 -1680 -1986 -373 -305 2869
3380 -1565 -2090 -243 -586 3360
3716 -1354 -2041 63 -882 3936
4006 -1006 -1936 291 -952 4185
4073 -783 -1874 592 -858 4333
4258 -452 -1832 818 -594 4333
4377 -382 -1808 896 -367 4357
4666 -234 -1687 879 0 4469
4742 -81 -1614 786 242 4574
4557 370 -1457 553 570 4698
4442 539 -1412 363 647 4713
3816 962 -1368 186 541 4617
3313 1143 -1390 9 200 4223
2625 1232 -1373 -62 -5 3851
2273 1203 -1332 -131 -92 3261
1929 1059 -1179 -225 202 2823
1679 868 -1093 -304 569 2650
1545 720 -1019 -476 1300 2567
1449 577 -923 -651 1812 2614
1271 313 -702 -995 2383 2773
1240 273 -646 -1271 2553 2903
1065 109 -565 -1674 2526 3038
943 -36 -591 -1898 2371 3068
729 -167 -585 -2178 1954 3004
585 -360 -538 -2323 1626 2916
584 -506 -470 -2498 1219 2808
657 -678 -322 -2602 1047 2787
763 -800 -229 -2739 941 2836
855 -915 -169 -2869 892 2947
886 -1011 -121 -2960 875 3022
895 -1098 -67 -3095 913 3087
890 -1182 4 -3209 970 3082
902 -1557 81 -3331 1044 3042
900 -1712 89 -3502 1193 2950
940 -1854 106 -3676 1263 2846
909 -2385 223 -3822 1248 2755
911 -2582 268 -4148 1270 2579
1120 -3239 365 -4424 1305 2495
1276 -3676 419 -4922 1332 2478
1603 -4104 353 -5390 1425 2656
1911 -4238 153 -5605 1487 2908
2401 -4313 -275 -5776 1467 3403
2664 -4282 -511 -5821 1381 3740
3021 -4087 -762 -5879 1296 4123
3300 -3670 -745 -6001 1263 4196
3497 -3356 -663 -6371 1322 3949
4088 -2866 -641 -6700 1494 3591
4477 -2543 -615 -7274 1750 2803
5114 -1977 -598 -7819 1523 1805
5165 -1784 -675 -8045 1128 1020
5094 -1676 -701 -8081 447 -217
5058 -1418 -512 -7867 -299 -1233
5454 -1234 249 -7707 -746 -1649
5841 -1044 1155 -7577 -1105 -1900
6334 -722 3022 -7472 -1061 -1986
6979 -652 4318 -7044 -778 -2114
7427 -647 4612 -5231 -4 -2615
7986 -762 4817 -3286 712 -3216
8616 -141 5888 -203 1881 -4154
9234 313 7042 1764 3188 -4784
9293 944 7836 2502 4393 -5243
8632 1043 6929 3848 6433 -6191
7234 794 4354 5883 7854 -7086
6046 498 2680 7067 8737 -7512
5377 -13 1658 8292 10585 -7872
2476 -46 1424 8124 11034 -7237
2949 -2479 -4307 9626 10873 -7146
2190 -2866 -5428 11277 8994 -6687
1495 -3404 -5682 11776 7553 -6122
1234 -3395 -4960 11396 6302 -5113
884 -3135 -3072 10403 6040 -4468
812 -2929 -2205 8441 6025 -3506
757 -2922 -1493 7128 5969 -2914
615 -2878 -1486 5617 5714 -2211
195 -2922 -1802 5014 5284 -1890
-323 -2811 -2093 4657 3945 -1601
-677 -2659 -2188 4729 2216 -1566
-858 -2372 -2026 4831 1177 -1633
-694 -2254 -1770 4860 52 -1695
-287 -1929 -1240 4692 -337 -1682
51 -1702 -532 4024 -488 -1565
258 -1578 -119 2931 -317 -1321
591 -1411 203 2092 -127 -1070
775 -1328 194 894 178 -603
885 -1298 -1 259 376 -296
911 -1266 -666 -288 565 93
973 -1124 -1398 -398 584 291
1037 -959 -1731 -343 520 491
1141 -768 -2050 -261 563 561
1457 -782 -2248 -178 769 764
2563 -730 -2542 -196 758 1076
3290 -598 -2603 -423 290 1639
3900 -326 -2724 -645 -149 1884
4231 14 -3014 -888 -513 1924
4354 241 -3216 -914 -474 1760
4339 502 -3384 -768 -40 1344
4224 918 -3393 -509 665 992
4245 1165 -3114 -362 1072 935
4136 1195 -2971 -193 1355 1106
3615 1028 -2858 -48 1161 1430
2822 645 -2524 8 878 1670
2238 350 -1988 -10 318 2147
2038 111 -1662 -68 -93 2583
1953 -158 -1382 -196 -549 3387
1704 -437 -1079 -267 -684 3938
1547 -682 -758 -373 -714 4741
1383 -761 -484 -551 -786 5337
994 -960 -356 -660 -835 5531
751 -1032 -313 -803 -882 5514
474 -1215 -198 -947 -851 5215
315 -1323 -45 -1074 -715 4926
259 -1407 107 -1388 -353 4444
304 -1456 432 -1702 -69 4153
407 -1540 650 -2318 435 3852
506 -1728 746 -2762 796 3734
545 -1903 730 -3420 1229 3639
646 -2229 488 -3787 1409 3625
709 -2567 -36 -4040 1580 3632
711 -2670 -206 -4213 1738 3662
759 -2892 -642 -4246 1724 3688
814 -2875 -911 -4271 1716 3697
1068 -2988 -1071 -4376 1782 3700
1429 -2902 -1176 -4696 2007 3752
2118 -2511 -1325 -5214 2247 3843
2826 -2100 -1756 -5578 2427 3856
3334 -1614 -2096 -6045 2581 3736
4028 -505 -2664 -6250 2408 3518
4323 178 -2789 -6486 1576 2867
4897 1079 -2363 -6820 503 1901
5660 1730 -1288 -7145 27 1204
6408 2178 -443 -7644 13 327
7487 2439 729 -7874 503 -164
7843 2324 1352 -7809 1802 -1253
7895 1675 2852 -7185 1934 -2152
7527 483 3681 -5951 1348 -3017
7683 -1069 4429 -4797 606 -3385
7726 -2301 4650 -2573 -500 -3669
8328 -3918 5786 -524 -489 -3584
9202 -4443 7678 768 948 -3376
9354 -4978 8302 1819 2852 -3699
9102 -6210 6932 3384 3431 -4586
8978 -7932 4946 4730 2687 -5285
9352 -8991 4316 6491 1265 -6260
9895 -10335 4259 7141 1002 -6881
9881 -11158 4158 7551 1759 -7729
9224 -12151 2768 7988 2730 -8226
8092 -10865 3951 6789 4651 -7384
5791 -13138 -3266 8966 3393 -8114
5880 -10178 -1663 9177 2892 -8206
5469 -9238 -60 7712 4058 -7761
4650 -8455 -185 5898 5166 -7079
2836 -7859 -1889 4999 5580 -6632
1390 -6989 -3021 4721 5490 -6351
741 -6387 -3210 4301 5002 -5739
83 -5465 -3402 3970 4638 -5186
-381 -4842 -3391 3388 4199 -4260
-859 -4246 -3218 2934 3992 -3630
-1338 -3532 -2935 2274 3709 -2664
-1486 -3116 -3201 1984 3537 -2004
-1445 -2927 -3281 1747 3099 -991
-1166 -2488 -3214 1662 2453 -4
-1075 -2374 -3136 1634 1986 573
-738 -2024 -2602 1517 1248 1230
-369 -1592 -2134 1404 794 1492
-125 -1485 -2039 1306 181 1584
135 -1380 -1989 1288 -220 1499
699 -1337 -1871 1291 -520 1362
1140 -1427 -1735 1270 -581 1208
1885 -1472 -1469 1218 -414 1216
2451 -1401 -1313 1098 40 1476
3206 -1070 -1148 983 446 1759
3637 -871 -1110 726 884 2231
4136 -525 -1206 522 809 2514
4311 -276 -1373 243 93 2788
4671 -248 -1679 114 -614 2857
5042 -416 -1863 11 -1516 2876
5435 -546 -2010 -23 -1753 2876
5545 -522 -2033 -81 -1487 2915
5581 -514 -2034 -181 -974 2986
5337 -379 -1728 -549 -16 3129
4819 104 -1183 -952 546 3212
4049 596 -812 -1821 1244 3237
3545 884 -781 -2100 1306 3202
2809 1087 -1002 -2186 1167 3143
1987 1056 -1343 -1802 606 2919
1072 828 -1308 -1468 417 2774
830 720 -1044 -1045 362 2656
751 654 -739 -868 513 2773
698 532 -320 -894 656 2980
644 441 -115 -1080 876 3361
404 316 12 -1337 1031 3641
180 197 9 -1502 1042 3709
-94 -91 -36 -1642 994 3680
-165 -473 -53 -1813 898 3547
-86 -805 63 -2033 878 3446
235 -1303 317 -2240 910 3474
499 -1685 430 -2607 985 3670
776 -2036 461 -2813 1009 3890
1127 -2361 228 -2934 986 4141
1160 -2495 95 -2976 870 4407
1114 -2591 44 -2959 783 4430
1064 -2648 27 -2970 839 4311
1048 -2741 172 -3108 1132 4023
1151 -2832 404 -3329 1438 3808
1380 -3033 586 -3845 2020 3577
1654 -3088 594 -4454 2570 3596
1904 -3188 498 -4832 2824 3746
2153 -3215 27 -5156 2893 3957
2211 -3182 -103 -5524 2488 4302
2397 -3258 -569 -5687 1944 4483
2490 -3264 -629 -5829 1071 4600
2888 -3299 -551 -6003 434 4441
3340 -3284 -370 -6151 409 4170
3789 -3158 -229 -6442 916 3630
4792 -2867 -66 -6773 1651 3035
5056 -2794 -59 -6954 2077 2652
5584 -2447 -116 -7094 2457 1963
5529 -2156 -199 -7075 2369 1332
4914 -1141 -324 -6859 1791 180
4834 -882 -306 -6634 1253 -584
4925 -237 54 -6354 512 -1453
5397 444 693 -6234 351 -1787
5833 855 1122 -6098 620 -2024
5990 1459 1628 -5836 1104 -2301
5763 1935 1841 -5498 1199 -2590
5689 2090 2136 -4750 978 -3008
6346 2267 3027 -3849 878 -2999
7393 2558 4491 -2731 1422 -2723
7338 2645 4953 -1733 2190 -2743
7203 2536 5279 49 3139 -3184
7547 1831 5914 1802 3372 -3839
7989 1219 6269 2870 3576 -4354
9156 -81 6120 4521 4625 -5172
9706 -1254 5321 6288 5961 -5891
9676 -2371 4316 8029 7155 -6569
8665 -3461 2998 9111 7710 -7092
7448 -4407 1101 10293 5667 -7229
4775 -4110 -2366 10987 7257 -8591
6062 -5314 -2071 11866 8183 -9234
6132 -6033 -1045 11318 7956 -9088
5177 -6592 -1483 9371 7361 -8973
4943 -6571 -1982 8412 7131 -8831
4950 -6824 -2166 6940 6854 -8120
4514 -6785 -2397 6007 6382 -7469
3688 -6649 -2542 4775 4928 -6690
2581 -6598 -2669 4110 3879 -6277
2131 -6525 -2687 3328 2770 -5525
1687 -6422 -2410 2613 2384 -4437
1229 -5968 -2104 2150 2393 -3573
730 -5527 -2161 1585 2445 -2358
-275 -4615 -2237 1293 2362 -1742
-885 -3855 -2288 928 1990 -1156
-1562 -2652 -2340 579 1507 -817
-1453 -2235 -2492 405 1229 -533
-1211 -1886 -2694 269 854 143
-747 -1504 -2956 250 602 740
-424 -1364 -3126 325 226 1716
63 -936 -3350 437 -80 2322
273 -486 -3397 601 -739 2900
477 -81 -3320 649 -1116 2998
991 378 -3169 636 -1269 2920
1504 538 -3158 568 -987 2739
2588 533 -3183 485 -463 2750
3264 428 -3197 480 -131 2884
4094 232 -3461 588 103 3045
4293 163 -3766 978 178 3099
3729 112 -3777 1393 -62 2691
3341 154 -3336 1506 -143 2243
3081 253 -2707 1327 126 1686
3005 175 -1806 1014 546 1563
3001 1 -1394 447 1404 1806
3000 -170 -1147 110 1929 2188
2844 -457 -1113 -184 2390 2866
2569 -724 -1358 -203 2514 3257
2087 -1114 -1623 -68 2460 3724
1826 -1242 -1636 28 2300 3988
1511 -1296 -1367 54 1957 4348
1246 -1277 -992 -38 1698 4550
1077 -1261 -661 -380 1315 4790
928 -1209 -177 -730 1089 4917
876 -1228 176 -1389 805 5077
912 -1371 318 -2122 610 5204
1109 -1619 430 -2593 461 5283
1175 -1782 421 -3157 199 5313
1203 -2093 204 -3479 90 5167
1189 -2176 165 -3594 180 4980
1218 -2356 106 -3704 568 4642
1356 -2455 93 -3785 928 4455
1801 -2597 140 -3914 1249 4336
1874 -2628 173 -4240 1547 4240
2010 -2621 -8 -4471 1651 4202
2003 -2530 -112 -4700 1704 4148
1940 -2246 -426 -4821 1647 4013
1864 -2014 -561 -4902 1612 3868
2001 -1812 -579 -5075 1631 3680
2342 -1523 -511 -5260 1696 3585
2666 -1397 -472 -5609 1876 3520
3327 -954 -584 -5826 2038 3548
3939 -302 -838 -6037 2094 3612
4182 -20 -926 -6136 1666 3405
4300 295 -932 -6172 1259 3032
4583 661 -642 -6222 965 2171
5195 1142 -196 -6241 1190 1552
5749 1571 52 -6177 1965 725
6276 2055 195 -6036 2510 184
6422 2220 246 -5675 3049 -698
6876 2308 552 -5265 2864 -1543
7079 2154 1295 -5044 2231 -2115
7144 1759 1957 -4817 894 -2960
7846 755 3264 -4702 138 -3380
8598 -30 4094 -4235 -74 -3729
9222 -1279 4869 -2939 938 -4139
9295 -3555 5467 -839 2211 -4581
9473 -4433 6208 580 2406 -4673
9602 -5108 6854 2403 2244 -4751
9928 -5926 7023 3546 2390 -4930
10090 -6648 6585 5312 3029 -5523
10074 -8081 5865 6765 3231 -6362
10607 -10550 4892 7916 2693 -7106
10578 -11981 3994 8728 2211 -7532
9819 -13222 2522 9559 1735 -7882
10989 -12469 10371 8739 2283 -7182
5622 -13816 -1750 10225 1526 -8067
6034 -11433 -1098 10403 1654 -8589
6281 -10440 1175 8967 2625 -8211
5465 -9557 1051 6331 4031 -7331
3492 -8685 -918 5048 4514 -6950
2499 -8160 -1886 3792 4763 -6544
1700 -6714 -2083 2885 5136 -5880
1488 -6396 -2047 2431 5452 -5328
390 -5431 -2582 2164 5487 -4465
109 -5249 -2904 2297 5158 -3886
-618 -4572 -3284 2521 4583 -3311
-980 -4140 -3331 2777 3719 -2479
-1209 -3458 -2926 2769 3283 -1930
-1245 -3035 -2598 2504 2933 -1117
-1220 -2559 -2346 2130 2776 -340
-1189 -2296 -2289 1896 2644 153
-1080 -1953 -2264 1685 2455 608
-944 -1805 -2161 1361 2034 1166
-708 -1489 -1858 979 1463 1534
-452 -1253 -1689 742 1031 1699
262 -1014 -1502 478 439 1843
449 -1006 -1472 382 143 1880
1098 -1067 -1395 336 -111 1912
1538 -1147 -1343 348 -389 1955
2214 -1369 -1289 395 -431 2015
2843 -1450 -1298 509 -329 2273
3745 -1499 -1291 601 -131 2683
4318 -1447 -1358 628 -29 2986
4865 -1332 -1439 597 -198 3288
4996 -1310 -1618 571 -512 3349
5216 -1246 -1930 537 -1061 3312
5499 -1242 -2088 499 -1305 3314
5968 -1298 -2134 405 -1359 3398
6197 -1351 -2033 85 -977 3658
6020 -1225 -1651 -528 -32 3900
5487 -638 -979 -1109 766 4005
5041 -90 -669 -2075 1783 4046
4130 462 -675 -2599 2122 3943
3088 848 -972 -3004 1950 3603
2368 968 -1208 -2882 1282 3101
1615 879 -1405 -2576 797 2726
862 665 -1351 -2004 158 2322
658 529 -958 -1661 -10 2256
663 430 -620 -1373 269 2481
656 272 -36 -1380 664 2770
533 69 332 -1545 1090 3086
293 -283 710 -2020 1668 3511
200 -576 788 -2584 1899 3844
97 -877 716 -2895 1891 3983
13 -1593 422 -3103 1756 4078
108 -1848 295 -3233 1349 4243
251 -2060 254 -3249 878 4479
394 -2223 299 -3262 601 4648
568 -2348 357 -3318 343 4849
742 -2421 389 -3384 323 4937
989 -2466 440 -3479 425 4971
1142 -2452 463 -3688 781 4899
1314 -2476 452 -3874 1113 4772
1644 -2526 457 -4381 1787 4462
1929 -2571 538 -4704 2079 4321
2135 -2602 446 -5182 2387 4163
2381 -2791 256 -5465 2376 4089
2528 -2766 29 -5727 1882 4047
2907 -2896 -340 -5784 1279 4044
3137 -2994 -460 -5746 405 3902
3575 -2974 -270 -5738 215 3652
4026 -2923 -81 -5838 729 3060
4600 -2594 147 -6049 1933 2301
5100 -2200 34 -6175 2721 1778
5212 -1941 -285 -6215 3201 978
5075 -1328 -711 -6032 2756 169
4994 -745 -937 -5815 2306 -374
4956 -108 -879 -5554 1596 -1154
5200 726 -481 -5483 1099 -1597
5408 1176 -151 -5505 750 -2106
5784 1932 379 -5527 844 -2304
6031 2377 660 -5361 1175 -2353
6384 2628 1053 -5050 1346 -2278
6391 2774 1355 -4200 1274 -2169
6379 2942 2036 -2991 953 -2276
6376 2969 3197 -1760 721 -2756
6898 2558 4447 -625 945 -3418
7903 1634 5529 108 1398 -3797
9033 355 6061 1264 2595 -4261
9435 -523 6051 2683 4262 -4835
9312 -1723 5552 4358 5669 -5553
9074 -2878 4331 5531 6075 -5978
8672 -3380 3405 7125 5893 -6630
7820 -4457 1239 8040 5659 -7153
7580 -4701 636 9248 5519 -7984
6841 -4403 2177 8593 7070 -7798
4674 -7013 -4407 9907 6545 -8421
4806 -6370 -3113 10467 5191 -9121
4523 -6140 -2405 8630 5541 -9000
3751 -6647 -2456 7256 5848 -8946
3374 -7072 -2976 5591 5925 -8622
3339 -7736 -3250 4718 5708 -8073
3243 -7881 -3206 3708 5667 -6939
-1059 -1891 -3477 530 1352 869
-794 -1468 -3661 651 1146 2064
-451 -375 -3758 760 653 2866
-655 611 -3673 772 188 2926
2905 -156 -2214 1250 1031 1603
2935 -443 -1765 732 1820 1696
2851 -662 -1368 356 2325 2056
2651 -752 -1197 -169 2650 2774
2314 -876 -1126 -433 2565 3224
1765 -1053 -1352 -571 2126 3776
1440 -1171 -1407 -567 1700 4064
1134 -1236 -1231 -555 957 4429
979 -1251 -863 -593 494 4635
919 -1252 -610 -726 24 4863
858 -1391 -15 -901 -144 4966
867 -1421 104 -1259 -228 5074
945 -1545 279 -1512 -189 5123
967 -1681 365 -1888 -19 5138
999 -1852 386 -2120 111 5122
1079 -1896 329 -2398 260 5079
1240 -2145 173 -2542 314 5034
1360 -2251 26 -2675 379 4941
1450 -2295 -61 -2755 425 4810
1653 -2578 -73 -2904 556 4620
1794 -2634 79 -3083 775 4459
1858 -2546 171 -3463 1274 4193
1925 -2354 255 -3756 1620 4020
1892 -2155 185 -4158 2020 3785
1797 -1963 -7 -4364 2148 3649
1763 -1811 -145 -4583 2176 3493
1849 -1708 -224 -4716 2072 3483
2225 -1574 -196 -4793 1949 3573
2496 -1498 -80 -4978 1780 3788
2764 -1352 77 -5164 1632 3900
3014 -1218 162 -5489 1310 3994
3523 -807 166 -5685 1032 3965
3605 -697 115 -5814 812 3712
4006 -414 -88 -5656 1106 3257
4558 -107 -326 -5398 1582 2880
4803 98 -380 -4896 2408 2223
5134 435 -331 -4394 2976 1484
5202 591 -298 -4125 2965 940
5363 738 -179 -3877 2134 151
5854 808 14 -3792 1383 -341
6248 639 233 -3731 841 -1070
7064 489 396 -3631 1215 -1513
7585 282 589 -3364 2480 -2076
8023 -45 952 -3111 3257 -2373
7740 -232 1147 -2587 2915 -2853
7196 -598 1101 -1787 1452 -3364
7298 -856 1905 -1289 730 -3646
7540 -916 2758 -765 1003 -4013
7623 -1430 3837 -316 2297 -4330
7316 -2510 4247 117 2913 -4446
6669 -3851 4467 1037 2617 -4491
6346 -4743 4690 2237 1631 -4486
6688 -6042 5187 3566 1584 -4410
7155 -6841 5628 4389 2241 -4353
7795 -8586 5544 5625 3160 -4423
7701 -10464 4102 6606 3056 -4708
7527 -11673 2856 8260 1748 -5523
7731 -11922 1588 9215 1207 -6171
7801 -11422 1542 9702 2613 -6757
6576 -8926 824 8112 2296 -6847
6398 -11108 1018 8195 4057 -8338
5844 -10371 -785 7899 5218 -8652
5824 -9748 -459 6600 4880 -8118
4704 -8752 -1024 5684 4332 -7649
3599 -7978 -1621 4756 3923 -7386
2054 -7039 -2443 4449 4045 -7369
1878 -6782 -2555 4233 4414 -7053
1420 -6001 -2743 4080 4758 -6277
804 -5187 -2797 3908 4805 -5631
257 -4632 -2850 3546 4356 -4735
-275 -4232 -2995 3279 3735 -4223
-666 -3686 -3218 2928 2872 -3485
-675 -3392 -3212 2694 2532 -2945
-552 -2833 -2994 2282 2244 -2079
-531 -2396 -2785 1976 2144 -1516
-431 -2114 -2686 1522 1940 -667
242 -1833 -2634 1121 1524 241
774 -1830 -2649 901 1132 895
1746 -1741 -2618 625 364 1939
2478 -1581 -2628 491 -555 3018
2984 -1330 -2721 535 -1095 3607
3266 -712 -2804 766 -1549 4176
3272 -578 -2785 962 -1619 4335
3296 -356 -2749 1151 -1459 4371
3402 -279 -2731 1320 -811 4333
3697 -242 -2341 1121 306 4400
4012 197 -1830 797 1113 4540
3924 625 -1691 242 1766 4659
3170 812 -1841 -29 1718 4516
2566 729 -2111 -136 1320 3975
2140 583 -2249 -87 1039 3573
1988 362 -1831 -62 809 3186
1997 267 -1678 -80 841 3112
1956 110 -1454 -228 1081 3176
1858 10 -1188 -407 1255 3257
1564 -84 -684 -653 1368 3328
1512 -125 -608 -1058 1404 3402
1362 -278 -510 -1286 1328 3433
1259 -402 -524 -1516 1065 3442
1169 -500 -563 -1569 750 3412
1059 -640 -636 -1526 590 3387
1008 -776 -670 -1396 537 3348
1044 -872 -428 -1350 706 3378
1044 -873 -336 -1413 934 3432
1012 -876 -39 -1674 1388 3516
919 -925 193 -1940 1719 3551
856 -919 251 -2392 2167 3586
759 -999 287 -2694 2354 3591
715 -1117 298 -3105 2461 3594
676 -1376 237 -3328 2402 3610
693 -1531 200 -3574 2077 3690
837 -1790 67 -3651 1745 3794
903 -2018 20 -3671 1149 3981
981 -2348 45 -3652 752 4084
1032 -2601 152 -3668 351 4148
1161 -3072 458 -3753 297 4129
1406 -3312 620 -4002 481 4115
1837 -3476 749 -4330 860 4182
2217 -3647 653 -4526 1159 4303
2954 -3849 301 -4734 1493 4567
3246 -3876 138 -4838 1582 4730
3513 -3861 -7 -4971 1609 4843
3670 -3720 -23 -5097 1657 4754
3806 -3572 -68 -5298 1766 4387
4040 642 -401 -5604 1056 -1187
4336 953 -336 -5473 551 -1548
4746 1167 -40 -5351 271 -2069
5458 1487 379 -5269 519 -2380
5897 1659 659 -5051 1279 -2688
6665 1739 977 -4788 1670 -2716
7011 1886 1426 -4209 1804 -2632
6956 1992 1841 -3337 1394 -2644
6819 2370 3130 -2177 739 -2851
6810 2466 3934 -1254 450 -3117
7024 2282 4853 218 782 -3677
8762 1043 6406 1184 1691 -4004
9423 212 6569 2616 3802 -4513
9837 -782 6133 4193 5594 -5148
9542 -2028 4860 5306 6101 -5714
8846 -2843 3393 6941 6057 -6752
8592 -3434 2479 8457 6325 -7751
7472 -4805 507 9781 7361 -8562
7060 -5205 -54 9354 7686 -8449
4599 -6472 -2286 11053 8406 -9333
4432 -6397 -3462 11552 7884 -9321
3704 -6379 -2545 10778 6904 -8985
2964 -6238 -2310 9124 6734 -8867
2412 -6126 -2491 7958 6530 -8712
-358 -3284 -2042 417 1334 -517
-465 -2719 -2386 242 1966 -36
-410 -2015 -3040 271 2223 360
-140 -1490 -3405 475 2240 1157
307 -721 -3777 715 1669 1932
295 134 -4030 846 930 2196
344 502 -4025 909 -347 2179
848 774 -3707 844 -958 2071
1420 970 -3405 654 -1191 2064
2255 1046 -2965 521 -911 2224
2869 1014 -2861 456 -215 2689
3587 645 -3046 564 205 3028
3745 329 -3271 953 466 3333
3575 -81 -3249 1400 93 3275
3130 -566 -2864 1740 -401 2935
2739 -939 -2245 1832 -559 2705
2670 -1108 -1671 1685 -507 2595
2632 -1401 -879 1302 -53 2831
2536 -1523 -630 805 702 3268
2297 -1563 -455 455 1238 3578
1921 -1408 -353 -31 1912 3996
1461 -1410 -453 -290 2180 4200
1210 -1429 -481 -594 2352 4414
987 -1462 -484 -767 2341 4508
957 -1597 -366 -1066 2250 4653
1165 -1817 -77 -1468 2093 4845
1208 -1875 -40 -1762 1960 4986
1346 -1951 88 -2238 1655 5174
1332 -1961 180 -2562 1314 5238
1236 -1955 214 -2996 683 5180
1141 -2027 229 -3231 290 5053
1268 -2269 120 -3439 -122 4842
1532 -2504 6 -3498 -256 4715
1687 -2600 -53 -3480 -214 4542
1947 -2650 -172 -3415 -9 4443
2050 -2634 -206 -3293 555 4281
2019 -2481 -158 -3243 1033 4133
1996 -2276 -68 -3308 1694 3894
1943 -2044 60 -3462 2013 3731
1948 -1768 131 -3789 2242 3557
2036 -1561 133 -4027 2242 3504
2157 -1498 98 -4344 2156 3508
2413 -1467 6 -4509 2037 3563
2593 -1478 -72 -4675 1725 3659
2726 -1426 -94 -4740 1462 3684
2700 -1295 -31 -4821 1102 3580
2689 -1089 109 -4866 947 3424
2831 -964 118 -4866 900 3153
3123 -793 38 -4757 1066 2889
3503 -683 -135 -4606 1239 2729
3624 -550 -216 -4310 1495 2431
3860 -417 -276 -4001 1783 2030
4035 -298 -233 -3842 1963 1721
4225 -270 -210 -3708 1985 1215
4483 -340 -272 -3662 1720 832
4757 -434 -303 -3597 1086 234
5439 -686 -123 -3515 828 -385
5666 -763 -52 -3391 1149 -823
5858 -763 -76 -3001 2163 -1399
6151 -603 -329 -2559 2856 -1633
6216 -421 -461 -1789 3220 -1793
5920 6 -44 -1262 2361 -2023
5610 418 604 -1080 1581 -2329
5621 491 1067 -918 847 -2943
5884 288 1555 -795 835 -3324
6148 34 1960 -581 913 -3649
6403 -316 2259 -307 928 -3687
6626 -864 2459 453 1121 -3649
6577 -1358 2843 1091 1480 -3687
6543 -1771 3351 1859 2209 -3878
6835 -2873 4028 2192 2475 -3995
6963 -4497 4332 2584 2111 -4133
7112 -5595 4060 3062 1407 -4219
8361 -7857 3590 4320 442 -4302
9332 -9219 3524 5924 615 -4673
9477 -10865 3554 7296 1723 -5895
8527 -12302 3502 7884 1973 -7091
7718 -12399 2879 8517 1723 -8700
4949 -10681 2666 7305 1618 -8320
5517 -12545 654 8249 1997 -9226
5371 -11128 1244 8145 2675 -9375
5139 -10431 2239 6723 3679 -8964
3684 -9224 736 5758 4248 -8531
3183 -8940 49 4907 4420 -8008
2137 -7900 -1212 4429 4001 -7454
1774 -7150 -1503 4081 3797 -7000
1369 -6275 -1640 3473 3703 -6228
1126 -5739 -1883 3101 3705 -5684
553 -4657 -2522 2692 3485 -4878
452 -4431 -2741 2561 3256 -4378
191 -3874 -3241 2485 3026 -3729
-3 -3479 -3324 2408 2929 -3373
-208 -2859 -3206 2255 2853 -3039
-196 -2251 -2990 1886 2700 -2494
-195 -1942 -2833 1554 2510 -2116
-184 -1743 -2718 1018 2063 -1527
74 -1721 -2776 605 1475 -834
515 -1776 -2838 421 1096 -301
987 -1833 -2973 329 693 670
1448 -1805 -3092 353 480 1367
1979 -1241 -3086 406 286 2021
2037 -876 -2978 445 -65 2789
2098 -649 -2839 425 -577 3287
2272 -478 -2741 409 -903 3547
2811 -474 -2582 368 -1202 3930
3423 -626 -2440 325 -1159 4196
3707 -596 -2309 249 -674 4583
3973 -293 -2138 207 -266 4807
3936 -91 -2114 222 125 4963
3569 -146 -2244 311 212 4894
3315 -139 -2396 584 260 4589
2922 -54 -2339 766 249 4312
2643 -48 -2150 895 264 3883
2307 -42 -1675 820 412 3655
2126 -41 -1477 488 928 3449
1791 -61 -999 -162 1665 3377
1620 12 -626 -747 2136 3397
1326 147 -277 -1696 2685 3456
952 32 -296 -2264 2879 3468
724 -156 -378 -2901 2885 3439
561 -501 -575 -3144 2738 3445
548 -731 -603 -3313 2306 3571
613 -1070 -581 -3315 1803 3833
673 -1280 -499 -3287 1509 4043
737 -1514 -260 -3265 1153 4360
785 -1690 -45 -3269 949 4541
797 -1786 81 -3311 679 4724
822 -1855 247 -3368 512 4772
865 -1888 317 -3484 331 4742
1031 -2053 342 -3559 356 4694
1265 -2146 250 -3615 537 4667
1491 -2229 195 -3639 631 4673
1660 -2480 224 -3685 728 4642
1695 -2585 268 -3816 923 4499
1829 -2880 336 -3945 1005 4345
1869 -3002 322 -4137 1006 4087
2055 -3255 236 -4249 968 3937
2297 -3392 226 -4418 767 3829
2721 -3584 154 -4568 549 3855
3121 -3671 102 -4650 524 3903
3406 -3650 156 -4847 637 3933
3692 -3575 219 -5033 856 3873
3867 -3279 220 -5226 1184 3737
3910 -3166 212 -5498 1737 3407
4115 -2932 84 -5657 1971 3121
4365 -2725 -147 -5824 2101 2604
4425 -2575 -286 -5874 2000 1945
6231 2730 2191 -4434 1417 -2243
6655 2677 2487 -3571 2286 -2156
6619 2627 2737 -2825 2234 -2209
6302 2470 2894 -1392 1186 -2678
6464 2017 4062 65 252 -3509
7266 1736 5007 794 483 -4028
8147 1310 5708 1631 2302 -4541
8724 323 5596 2265 3899 -4794
8250 -852 4568 3550 5459 -5207
7688 -1551 3668 5163 5449 -5722
6740 -2387 2451 6274 5280 -6178
6374 -2940 1908 7609 5439 -6815
5933 -3830 1304 8347 6134 -7200
5672 -4519 749 7660 5599 -6585
4162 -4652 -1371 8007 7365 -6912
4272 -5913 -2218 9105 8210 -7215
4372 -5777 -2758 9148 8326 -6407
4252 -5651 -2911 8663 8051 -5687
3190 -5599 -3474 7727 7373 -4909
2517 -5471 -3711 7088 6777 -4745
1935 -5288 -3404 5997 6083 -4796
1905 -5223 -2997 4707 5664 -4686
1798 -5122 -2987 3952 5414 -4423
1483 -5022 -3158 3148 4743 -3894
839 -4704 -3291 2810 4115 -3542
437 -4343 -3282 2528 3163 -3070
-42 -3733 -3122 2399 2650 -2794
-239 -3347 -2967 2200 2193 -2361
-320 -2750 -2809 2061 2040 -1984
-327 -2380 -2738 1823 1958 -1280
-289 -1823 -2814 1559 1909 -488
-277 -1488 -2861 1364 1825 37
-122 -987 -2977 1039 1344 821
295 -539 -3167 835 709 1324
614 -397 -3320 623 -518 1945
1152 83 -3385 572 -1330 2212
1436 450 -3339 612 -2166 2320
1946 718 -3334 713 -2358 2251
2501 793 -3304 932 -2152 2216
3509 859 -3223 1086 -1796 2326
4137 889 -3178 1307 -1149 2682
4803 682 -3260 1523 -548 3005
4520 630 -3258 1661 -209 3013
3976 614 -3198 1778 276 2644
3236 494 -2655 1592 757 2140
3054 458 -2155 1266 1017 1972
2918 346 -1423 802 1203 1986
2828 168 -1122 23 1389 2296
2518 -94 -1039 -433 1465 2604
2184 -226 -1091 -907 1457 3064
1673 -370 -1151 -1160 1109 3438
1223 -592 -1178 -1235 715 3619
1033 -799 -1117 -1301 149 3823
940 -1063 -814 -1382 -148 3957
938 -1195 -616 -1575 -411 4171
1065 -1522 -292 -1755 -499 4316
1127 -1589 -215 -2076 -554 4528
1251 -1733 -47 -2429 -564 4666
1254 -1834 13 -2737 -625 4641
1160 -1870 -23 -2962 -703 4417
1093 -2009 -115 -3114 -699 3897
1374 -2289 -264 -3135 -562 3730
1751 -2376 -419 -3109 -298 3726
1789 -2350 -449 -3090 -70 3756
1731 -2201 -409 -3142 363 3744
1496 -1908 -283 -3257 662 3661
1322 -1751 -203 -3561 1024 3446
1247 -1512 -175 -3799 1139 3321
1298 -1405 -206 -4126 1093 3237
1375 -1336 -273 -4294 929 3235
1424 -1317 -378 -4433 568 3281
1493 -1321 -445 -4412 119 3368
1608 -1355 -399 -4352 -232 3418
1687 -1295 -282 -4261 -643 3467
2041 -1308 -89 -4223 -719 3522
2451 -1273 37 -4213 -568 3699
3124 -1168 149 -4208 -56 3913
5312 179 212 -3691 312 -719
5511 42 306 -3268 1299 -1114
6189 -200 364 -2840 2099 -1218
6525 -396 283 -2028 2739 -1196
6386 -384 386 -1271 2315 -1320
6049 -302 670 -877 1771 -1624
5764 -255 1177 -451 1258 -2270
5933 -409 2025 -332 1159 -2652
6228 -711 2675 -360 1259 -2964
6686 -1446 3410 -341 1483 -3016
6803 -2507 3594 91 1887 -3047
6775 -3291 3487 1190 1850 -3170
6962 -4600 3604 2124 1587 -3328
7368 -5487 3958 3419 1519 -3729
8109 -6695 4686 4057 1763 -4149
8149 -7483 4658 4902 2299 -5121
8038 -8699 3826 5936 2437 -6210
7776 -9629 2894 6692 2472 -6827
7705 -10113 2569 7649 2686 -7349
7762 -10626 1991 8126 3041 -7383
7617 -10670 1588 7403 2105 -6735
5877 -9304 798 7335 4205 -6526
4333 -11037 -2260 8790 3042 -7828
5520 -9252 -921 8514 2282 -8191
5769 -9128 126 7509 2543 -8024
5315 -8188 318 6366 3010 -7744
4417 -7985 -524 5152 3810 -7535
3043 -7219 -1944 4719 4141 -7428
2837 -6975 -2111 4333 4390 -7072
2313 -6226 -2367 4113 4542 -6696
1697 -5540 -2572 3766 4877 -6043
1248 -5055 -2557 3324 5166 -5391
710 -4343 -2679 3006 5169 -4938
397 -4027 -2935 2567 4767 -4216
111 -3437 -3098 2282 4204 -3675
49 -3101 -3127 1827 3184 -2790
-64 -2604 -3019 1504 2561 -2202
5 -2223 -2986 1060 1907 -1295
243 -1845 -2934 805 1677 -675
422 -1639 -2976 527 1552 276
733 -1241 -3014 396 1422 925
954 -970 -3047 283 1017 1859
1360 -659 -3059 253 281 2682
1848 -454 -3125 302 -400 3143
2116 -321 -3118 464 -1419 3664
2633 -332 -2962 588 -1896 3926
3103 -449 -2852 721 -2115 4279
3722 -603 -2629 709 -1766 4601
4096 -662 -2100 566 -1314 4763
4097 -510 -1918 284 -482 4835
3801 -257 -1946 88 188 4631
3329 -177 -2084 38 490 4359
2994 -131 -2078 7 809 3858
2683 -30 -1791 -52 933 3572
2509 10 -1636 -215 1067 3302
2305 0 -1434 -400 1199 3217
2040 29 -1057 -803 1433 3213
1773 10 -765 -1126 1621 3278
1572 -2 -621 -1646 1868 3406
1199 -128 -511 -2112 1868 3553
1107 -244 -554 -2337 1733 3668
1089 -385 -599 -2517 1355 3869
1090 -602 -687 -2534 1021 4005
1084 -760 -739 -2400 501 4168
1056 -923 -707 -2259 204 4222
1060 -998 -602 -2073 -90 4241
1055 -1046 -351 -2001 -154 4202
1080 -1101 -57 -2017 -69 4104
1098 -1181 130 -2193 235 3972
1109 -1224 310 -2364 546 3887
1110 -1228 356 -2640 1067 3775
1053 -1290 311 -2796 1391 3710
1025 -1338 249 -2954 1710 3663
1042 -1421 153 -3015 1799 3673
1082 -1586 90 -3068 1791 3748
1173 -1871 107 -3112 1663 3810
1239 -2027 147 -3242 1344 3881
1296 -2352 343 -3401 1118 3884
1400 -2582 507 -3752 866 3856
1868 -2946 606 -4158 731 3873
2385 -3382 531 -4501 788 3905
3581 -2061 -248 -6299 2577 1437
3544 -1751 -322 -6174 2069 865
3712 -1349 -332 -6056 1728 544
3924 -1071 -251 -5906 1100 152
4360 -600 -42 -5843 562 -69
4665 -314 126 -5768 -307 -420
5131 132 289 -5612 -815 -892
5448 565 589 -5441 -711 -1261
5829 895 916 -5113 19 -1622
6371 1490 1743 -4899 639 -1648
6394 2104 2233 -4486 1306 -1470
6018 3140 2826 -4029 1269 -1352
5517 3650 3300 -2915 936 -1480
5491 3449 3679 -1388 793 -2024
5828 3030 4666 -376 836 -2497
6947 2131 5911 839 1544 -3072
7958 1139 6391 1907 3017 -3346
8815 -534 6028 2769 4104 -3587
8768 -1682 5430 4393 5193 -4296
8489 -3205 4095 6322 5825 -5263
8242 -4293 3082 7493 6045 -5829
8104 -5026 2351 8938 6431 -6465
7731 -5657 1463 9758 6550 -6808
5197 -6956 5035 9722 7544 -6474
4434 -7983 -3549 11199 6522 -7259
4708 -6408 -3128 12296 5083 -8063
4709 -6841 -2082 11945 5140 -8268
4427 -6745 -1671 10546 5668 -8234
3353 -7290 -2341 9065 5793 -7990
2856 -7372 -2735 8146 5553 -7629
2259 -7139 -2777 7229 5172 -7133
1635 -6724 -2713 5893 4612 -6282
1106 -6442 -2734 5075 4238 -5742
627 -6172 -2901 4069 3672 -4985
156 -5641 -2958 3232 3107 -4172
-95 -5330 -2899 2710 2793 -3613
-457 -4737 -2713 1939 2397 -2791
-792 -3937 -2630 1446 2135 -2287
-970 -3454 -2693 840 1774 -1560
-897 -2777 -2998 571 1510 -1024
-642 -2356 -3159 334 1024 -63
-132 -1771 -3263 239 658 638
154 -1411 -3253 128 22 1554
419 -777 -3310 99 -588 2067
649 -264 -3318 124 -829 2174
985 68 -3330 246 -911 2215
1903 415 -3312 372 -844 2309
2595 579 -3253 590 -602 2603
3967 706 -3265 752 -418 2874
4325 683 -3327 1047 -328 3305
5066 491 -3630 1294 -426 3470
5010 205 -3553 1592 -549 3201
4238 -243 -2834 1539 -52 2361
3726 -366 -1485 1205 602 1842
3734 -387 -620 360 1560 1637
3756 -447 54 -571 2307 2122
3746 -456 164 -1108 2596 2708
3694 -399 36 -1630 2431 3757
3256 -370 -519 -1707 1993 4371
2716 -413 -901 -1409 1123 4925
1987 -441 -1371 -743 273 5028
1355 -364 -1548 -228 -165 4900
1042 -260 -1475 405 -425 4561
858 -160 -1060 613 -340 4349
902 -187 -605 541 91 4185
983 -268 -373 76 757 4205
992 -476 -287 -367 1293 4276
1027 -609 -232 -1190 2056 4427
1059 -719 -149 -2120 2488 4560
1008 -755 -173 -2734 2531 4593
914 -847 -206 -3541 2267 4499
804 -1071 -347 -3960 1947 4363
817 -1266 -452 -4379 1353 4121
886 -1569 -557 -4566 657 3890
1003 -1808 -604 -4599 212 3745
1077 -1936 -530 -4604 -274 3528
1229 -2146 -337 -4631 -481 3389
1377 -2250 -216 -4708 -689 3204
1496 -2307 -162 -4761 -773 3018
1539 -2226 -189 -4756 -693 2894
1545 -2089 -232 -4690 -368 2708
1617 -1880 -355 -4588 195 2562
1811 -1700 -331 -4553 684 2522
1991 -1543 -325 -4584 1366 2575
2198 -1317 -281 -4666 1647 2670
2320 -1177 -273 -4828 1916 2819
2440 -999 -331 -4919 2088 2874
2462 -898 -365 -5012 2315 2818
2597 -682 -418 -5055 2468 2625
2760 -404 -424 -5051 2525 2449
3006 -127 -403 -4979 2548 2184
3308 59 -449 -4861 2513 2000
3590 338 -504 -4580 2295 1611
3799 529 -534 -4343 2079 1237
3983 595 -521 -3944 1826 514
4384 682 -409 -3699 1731 -28
4774 671 -147 -3495 1530 -777
5456 726 591 -3511 1289 -1173
6006 791 887 -3497 1299 -1584
6585 735 936 -3310 1602 -1818
6712 573 949 -2706 2156 -2223
6792 240 1172 -2175 2475 -2491
6924 83 1559 -1347 2455 -2726
7156 -207 2211 -810 2156 -2776
7148 -385 2686 -36 1748 -2912
6995 -656 3281 696 1685 -3291
6937 -1418 3840 1152 2126 -3672
6979 -2431 4176 1763 2808 -4174
7275 -4397 4355 2194 2823 -4287
7441 -6229 4146 3069 2067 -4121
7669 -7394 4020 4242 865 -3852
7930 -8820 3830 5138 489 -3867
8137 -9886 3947 6316 679 -4402
8268 -11282 3553 7373 1271 -5457
7692 -11688 2357 8117 1587 -6324
7178 -11555 1655 8995 2211 -7554
6741 -10955 1375 7306 -354 -6854
5363 -9933 1162 7457 2722 -7250
4789 -10780 268 7653 2328 -7913
4431 -9757 558 7371 2445 -8063
4348 -9252 790 6380 2607 -7745
3763 -8409 224 5728 2725 -7353
270 -2345 -3087 1905 4245 -2464
295 -1888 -3222 1651 3004 -1841
340 -1762 -3161 1478 2178 -1476
423 -1708 -3005 1169 1363 -997
794 -1580 -2694 918 1073 -655
1120 -1528 -2503 525 881 -10
1764 -1514 -2360 193 682 805
2250 -1406 -2410 64 468 1365
2447 -1359 -2480 23 61 2116
2699 -1202 -2506 75 -249 2540
2761 -971 -2521 238 -671 3025
2724 -767 -2462 349 -819 3254
2902 -558 -2320 434 -870 3468
3209 -461 -2197 458 -870 3881
3588 -355 -2069 393 -672 4349
3689 -290 -2055 328 -424 4634
3692 -34 -1987 189 9 4961
3490 284 -1800 61 228 5076
3179 443 -1742 -114 202 5027
2676 503 -1758 -165 -47 4861
2366 412 -1780 -137 -542 4494
2070 237 -1740 -45 -851 4124
1958 115 -1386 -50 -828 3944
1928 98 -1061 -198 -480 3800
1827 30 -715 -367 -121 3754
1728 -111 -639 -639 497 3699
1608 -297 -514 -838 829 3664
1546 -360 -439 -1121 1163 3612
1386 -469 -365 -1284 1362 3539
1241 -578 -325 -1487 1728 3372
1088 -680 -189 -1621 2022 3253
1050 -770 -117 -1834 2531 3130
1138 -1026 -18 -2081 2950 3141
1265 -1173 5 -2262 3022 3243
1300 -1241 13 -2518 2811 3446
1211 -1295 -12 -2715 2383 3594
1053 -1386 -40 -2795 2059 3632
973 -1407 -69 -2822 1587 3637
910 -1414 -64 -2794 1312 3623
914 -1475 7 -2742 1017 3614
1007 -1624 116 -2696 879 3643
1132 -1778 192 -2697 847 3699
1310 -1980 278 -2790 758 3811
1436 -2273 396 -2899 718 3839
1364 -2581 511 -3136 807 3736
1401 -2809 590 -3466 1045 3532
1520 -3039 645 -3714 1270 3400
1755 -3251 573 -4077 1646 3334
2198 -3596 354 -4292 1807 3398
2651 -3829 66 -4576 1893 3624
2875 -3855 -25 -4862 1818 3883
3130 -3772 -71 -5069 1749 3989
3308 -3687 -34 -5452 1723 3951
4052 589 464 -6284 999 -1652
4183 968 739 -6139 631 -1982
4522 1271 1075 -5900 866 -2145
4939 1523 1381 -5344 1515 -2191
5667 1735 1961 -4922 1744 -2093
5979 1812 2390 -4208 1566 -1976
6405 1775 2982 -3602 1172 -1979
7920 -4833 1166 9417 5996 -8536
7309 -6273 -55 10093 6158 -8836
4204 -5130 7221 9956 6768 -8731
5038 -8000 -3253 11491 7529 -9416
5140 -7345 -3494 11511 7145 -9078
4797 -7174 -2045 10142 6570 -8520
3527 -6854 -1890 8916 6473 -8496
2964 -6590 -2143 7180 6284 -8611
3051 -6774 -2471 5690 6295 -8124
3161 -7016 -2685 4809 6270 -7393
2709 -6829 -2842 3646 5256 -6118
1479 -6442 -3098 3006 3939 -5375
843 -5968 -3194 2251 1902 -4420
-229 -446 -3433 757 -457 2389
-104 32 -3195 538 -1066 2436
373 355 -3045 261 -1309 2483
1457 511 -2951 152 -1007 2638
2183 539 -2908 102 -205 3067
3148 322 -2939 232 378 3561
3601 125 -3186 499 443 3797
3880 -196 -3511 1071 73 3795
3496 -358 -3305 1432 -237 3502
3349 -435 -2929 1750 -519 2931
3303 -415 -2115 1756 -490 2658
3274 -509 -1582 1513 -42 2526
3130 -673 -1163 1175 791 2684
2849 -890 -952 824 1747 2999
1057 -2000 446 -3543 1110 4966
1185 -2167 298 -3959 431 5102
1418 -2374 17 -4057 -19 5189
1466 -2486 -141 -3990 -540 5218
2130 -1577 -260 -4478 1800 3289
2239 -1516 -371 -4527 1679 3312
2392 -1434 -384 -4604 1498 3328
2562 -1345 -217 -4684 1440 3305
2729 -1196 -105 -4829 1519 3258
3137 -990 -1 -4920 1649 3245
3380 -829 -44 -4962 1823 3250
3999 -564 -158 -4919 1763 3260
4202 -483 -183 -4738 1514 3270
4629 -115 -301 -4387 1500 3042
4748 161 -413 -4082 1707 2621
4684 539 -653 -3562 2426 1555
4818 690 -718 -3269 3005 711
5372 728 -501 -3049 3463 -342
5591 716 -390 -3074 3100 -1079
6341 -1823 3385 -466 330 -4017
7405 -3115 4299 41 923 -4324
8155 -4621 4788 562 1925 -4411
8231 -5736 4748 1686 2816 -4510
8306 -7644 4644 3019 2611 -4724
8527 -9047 4475 3971 2436 -4999
8495 -9774 4243 5424 2574 -5759
8214 -10688 3386 6425 2633 -6369
8033 -11015 2496 7935 2491 -7065
8024 -11034 1303 9085 1889 -7354
7736 -10791 320 9514 1550 -7496
7622 -9267 -568 8521 2329 -6921
3767 -11301 -3633 9637 1169 -8495
5599 -9459 -457 9140 1388 -8717
5595 -9544 571 7381 3691 -8264
4411 -8718 159 6243 4866 -7766
3145 -8346 -1010 5257 5470 -7209
1790 -7195 -2539 4881 5339 -6647
1619 -6881 -2557 4620 5325 -6173
1292 -5833 -2327 4047 5509 -5340
638 -4997 -2224 3579 5510 -4827
33 -4164 -2171 2815 4904 -4173
-232 -3767 -2304 2200 3949 -3589
-461 -3312 -2391 1883 3331 -3198
-474 -3035 -2438 1559 2560 -2573
-423 -2555 -2543 1440 2105 -1910
-408 -2308 -2550 1431 1899 -1472
-400 -2058 -2508 1447 1668 -875
-389 -1699 -2295 1428 1533 -534
-328 -1420 -2178 1347 1344 -74
-54 -1181 -2070 1258 1198 227
261 -1128 -1925 1031 961 746
957 -1131 -1831 852 832 1169
1435 -1150 -1875 627 507 1901
2181 -1083 -2037 543 -181 2680
2990 -887 -2168 577 -776 3155
3682 -688 -2026 677 -1673 3786
4042 -479 -1916 714 -1783 3878
4254 -261 -1867 731 -1596 3805
4420 -285 -1926 694 -888 3554
4820 -435 -1949 508 66 3426
5117 -463 -1611 235 768 3483
5126 -276 -1314 -374 1794 3722
4668 285 -868 -1096 2422 3963
4225 455 -881 -1509 2344 4014
3753 472 -1096 -1798 1352 3895
2548 -3349 273 -5047 2682 3216
2877 -3409 4 -5255 2779 3460
3264 -3356 -403 -5371 2819 3665
3341 -3369 -533 -5608 2657 3537
3354 -3246 -463 -5878 2422 3251
3563 -2973 -379 -6372 1975 2611
3937 -2835 -387 -6707 1740 2091
4375 -2765 -481 -7106 1492 1338
5015 -2528 -454 -7334 1629 647
5215 -2215 -528 -7323 2048 175
5343 -1524 -555 -7155 2669 -533
5225 -649 -453 -6974 2910 -1014
4942 -81 -271 -6686 2788 -1815
4531 731 125 -6490 2271 -2369
4350 1195 521 -6129 1079 -3098
4535 1687 1230 -5550 370 -3500
5250 2067 2335 -5034 416 -3488
5905 2183 3136 -4032 1123 -3182
6544 2217 4205 -2675 1854 -2886
6554 2110 4980 -1546 2038 -2936
6616 1871 5647 346 1736 -3421
7149 1529 6200 2127 1765 -4035
8391 643 6782 3135 2586 -4427
8613 257 6534 4571 4342 -4966
8464 -879 5210 6035 5504 -5586
7763 -1870 3661 6959 5623 -5995
7398 -2772 2531 8101 5270 -6449
7134 -3360 1881 8768 4828 -6880
5213 -2710 8911 7505 2026 -6397
4826 -4965 -2099 9414 4244 -7883
5533 -4935 -2892 10349 4275 -8213
5974 -5522 -1557 9930 4452 -7826
5269 -5737 -1688 8914 4843 -7394
3236 -6066 -2897 8146 4681 -7551
2889 -6151 -2944 7625 4456 -7773
2426 -6306 -2728 6575 4561 -7773
2453 -6495 -2246 5639 4854 -7438
2323 -6936 -1821 4249 5610 -6596
1695 -7063 -2325 3568 5952 -5944
1059 -6746 -2598 2857 5421 -5002
51 -5975 -2813 2486 4412 -4443
-456 -5388 -2722 1934 2542 -3715
-892 -4594 -2455 1339 1188 -3038
-979 -3867 -2108 947 788 -2559
-1019 -3441 -2031 473 819 -1799
-1110 -2835 -2222 293 1000 -1271
-1134 -2457 -2544 282 1235 -431
-960 -1955 -3077 478 1249 531
-480 -1453 -3212 585 1104 1214
-95 -1078 -3136 586 670 2111
284 -412 -3055 495 206 2490
465 -57 -3148 358 -638 2644
874 362 -3263 249 -1247 2489
