0 0 0 0 0 0
3464 -5426 -2357 5745 6294 -9011
3710 -5615 -2447 4303 5940 -8160
3839 -5945 -2584 3566 5649 -7440
3387 -6221 -2916 2858 5151 -6472
2671 -6268 -2998 2568 4459 -5972
1488 -6219 -3196 2252 2901 -5230
990 -5934 -2822 1965 1840 -4577
851 -5619 -2425 1374 1000 -3416
420 -4891 -1972 943 962 -2650
-53 -4273 -1758 336 1273 -1682
-927 -2934 -2234 48 1575 -875
-1136 -2335 -2657 95 1519 -311
-1188 -1789 -3058 413 1046 654
-986 -1023 -3316 680 580 1345
-783 -508 -3259 988 -176 2259
-643 182 -2917 1042 -699 2707
-565 851 -2412 938 -798 2726
-240 1147 -2246 757 -618 2639
611 1373 -2254 722 -81 2689
1614 1298 -2440 813 380 2830
2150 1170 -2714 1159 927 3110
2753 964 -3254 1701 1081 3295
2948 674 -3180 1993 967 3253
3011 388 -2858 2160 710 2940
1472 -1461 -666 -251 2312 4172
1386 -1618 -578 -595 2053 4528
1228 -1839 -269 -1009 1722 4855
1234 -1850 -207 -1301 1482 5082
1384 -1967 -31 -1769 1079 5455
1479 -2116 115 -2077 756 5679
1527 -2226 111 -2445 370 5923
1627 -2382 -8 -2665 125 6025
1697 -2445 -79 -2751 -2 5996
1684 -2488 -70 -2855 -6 5770
1780 -2569 -52 -2925 144 5551
1951 -2606 -55 -3064 551 5211
2192 -2565 -15 -3207 934 5006
2337 -2459 20 -3513 1480 4767
2452 -2261 -38 -3830 1713 4591
2240 -1896 -210 -4075 1722 4407
2117 -1726 -269 -4202 1630 4257
2103 -1642 -216 -4382 1339 4048
2149 -1545 -157 -4559 983 3898
2325 -1507 -68 -4666 736 3856
2555 -1542 -26 -4776 342 3853
2700 -1527 -32 -4797 48 3887
3083 -1634 -40 -4763 -33 3917
3421 -1589 -96 -4644 133 3918
3714 -1497 -126 -4474 564 3846
4027 -1267 -125 -4338 1098 3586
4185 -973 -324 -4247 1491 3298
4323 -805 -486 -4060 1827 2761
4558 -627 -723 -3843 1896 2121
4703 -338 -711 -3734 1717 1383
4798 -274 -535 -3790 1444 860
4978 -306 -421 -3991 1126 95
5174 -374 -273 -4130 1130 -393
5393 -641 -158 -4261 1412 -1048
5470 -847 -234 -4073 2072 -1552
5537 -1021 -467 -3456 2779 -1781
5464 -936 -688 -2896 2983 -1803
5255 -838 -641 -2147 2459 -1834
4835 -586 -126 -1760 1542 -2089
4712 -346 542 -1646 1072 -2356
4751 -245 793 -1456 340 -2779
5052 -658 1260 -1309 -152 -3069
5526 -960 1789 -1165 -199 -3419
6516 -1583 2630 -1100 457 -3559
7038 -2054 2859 -732 1948 -3599
7462 -2970 2805 99 2865 -3593
7492 -4095 2959 748 2941 -3771
7620 -4847 3052 1742 2818 -4463
7967 -6055 3057 2701 2976 -5525
8547 -7266 2704 3373 3246 -6176
8807 -8009 2069 4599 3910 -6878
8625 -8710 943 5477 4268 -7166
8177 -8962 340 6469 4289 -7445
7391 -9022 -500 6788 3891 -7588
7047 -9044 -1129 4999 2455 -6832
5067 -8830 -3928 6429 3143 -7797
5205 -8297 -4024 6747 2781 -7987
6125 -8012 -2329 5767 2568 -7331
5669 -7843 -2278 4919 3026 -6755
4313 -7805 -3381 4231 3765 -6209
3557 -7636 -3885 4051 4101 -5917
2826 -7068 -3678 3851 4296 -5684
2161 -6355 -3068 3225 4802 -5235
1630 -5849 -2952 2536 5240 -4755
814 -5153 -3113 2206 5317 -4437
317 -4721 -3289 1977 5141 -3975
-375 -4074 -3525 2007 4533 -3524
-872 -3415 -3594 2089 3979 -3210
-1077 -2959 -3510 2180 3277 -2682
-1123 -2388 -3132 2150 2919 -2268
-1084 -2035 -2941 1989 2455 -1564
-954 -1684 -2805 1740 2056 -824
-567 -1404 -2644 1538 1821 -311
-243 -1243 -2653 1272 1491 452
235 -1005 -2785 1160 1206 925
636 -904 -2922 1109 607 1585
1367 -655 -3058 1186 -151 2197
2112 -457 -3029 1330 -913 2674
2437 -317 -2937 1451 -1291 2846
2816 -230 -2967 1709 -1423 2926
3151 -142 -3034 1904 -1259 2924
3291 -252 -3064 2120 -866 2939
3388 -498 -2802 2124 -543 3002
3341 -488 -2338 1793 9 3211
3222 -240 -1700 1206 545 3522
2960 192 -1388 805 764 3722
2600 412 -1534 467 733 3816
2176 448 -1882 480 590 3699
1552 413 -2025 668 285 3329
1286 279 -2004 811 209 3055
1123 153 -1579 832 463 2786
1134 135 -1082 656 799 2742
1165 86 -448 351 1237 2793
1166 -28 -132 -266 1954 2989
1176 -151 -11 -899 2641 3277
1189 -299 -93 -1256 2923 3498
1192 -579 -321 -1658 2910 3813
1201 -629 -400 -1810 2648 3990
1115 -840 -462 -1931 2071 4143
1036 -1005 -405 -1979 1607 4167
1058 -1192 -204 -2030 1447 4147
1105 -1284 -12 -2195 1439 4112
1196 -1289 259 -2360 1586 4112
1222 -1298 354 -2654 1894 4142
1212 -1375 393 -2923 2166 4198
1182 -1424 356 -3049 2252 4245
1118 -1563 251 -3135 2129 4331
1120 -1717 213 -3133 1870 4403
1146 -1958 192 -3069 1320 4514
1333 -2405 314 -3037 916 4585
1454 -2688 507 -3103 468 4618
1689 -3067 813 -3335 299 4575
1918 -3414 1102 -3723 384 4467
2341 -3742 1067 -3987 625 4431
4556 -1989 -157 -6775 2803 2279
4571 -1366 -205 -6830 3091 1772
4466 -918 -209 -6923 3311 953
4603 -195 -195 -7030 2706 244
4631 576 -125 -7042 1367 -405
5077 1334 111 -6923 719 -800
5690 1673 444 -6581 864 -1337
6850 1966 926 -6264 1509 -1618
7481 2061 1105 -5608 2470 -1919
7677 2348 1388 -4723 2567 -2246
7418 2600 1685 -3988 2047 -2533
7117 2639 2141 -2781 820 -3128
7392 2480 3780 -1999 297 -3539
7632 2302 4287 -972 635 -3990
8282 1569 5672 -90 1782 -4266
8974 265 6441 983 2831 -4537
9424 -494 6284 2013 3492 -4821
9824 -1205 6060 3892 4688 -5491
10031 -1894 5433 5253 5596 -6090
9851 -2503 4596 7349 6821 -7085
9591 -3554 2782 9285 7335 -7950
8096 -3582 4830 8732 5926 -7786
6689 -4902 -836 11034 7395 -9608
7299 -6033 -1942 12024 7733 -10428
7184 -6401 -1643 11397 7597 -10464
6619 -7117 -1683 9661 7480 -10398
6177 -7611 -2433 8509 7169 -10091
5883 -7729 -2735 6943 6502 -9245
3925 -8167 -2965 5558 5658 -8450
3385 -8226 -2992 4808 4577 -7905
2120 -8105 -3267 3957 2854 -6842
1025 -7488 -2659 3381 1974 -6046
331 -7083 -2090 2435 1469 -4913
-591 -6236 -1633 1548 1531 -3892
-1224 -5222 -1470 826 1770 -2958
-1645 -4325 -1697 477 1833 -2375
-1676 -3790 -1947 160 1609 -1453
-1421 -3143 -2473 74 1252 -448
2026 1477 -2569 1127 55 1413
2346 1654 -2251 1216 1015 1562
2523 1699 -2090 1208 1484 1751
2525 1484 -2273 1315 1702 1989
2239 1120 -2490 1464 1564 2045
2071 868 -2376 1666 1326 2027
2055 545 -2051 1741 1427 2122
2190 189 -1648 1697 1675 2333
2359 -57 -1464 1544 2117 2902
2623 -473 -1250 1399 2302 3410
2739 -727 -1280 1206 2276 4226
2780 -1136 -1310 1030 1974 4971
1907 -2003 -80 -2661 1388 5148
1818 -2114 -219 -2776 428 5248
1651 -2141 -331 -2709 -268 5148
1439 -2188 -241 -2649 -425 4940
1382 -2227 -161 -2632 -235 4539
1497 -2190 23 -2714 105 4303
1676 -2181 102 -2980 802 4114
3279 -810 -470 -5320 1930 3912
3880 -150 -417 -5397 2159 4010
4136 215 -489 -5438 2276 3929
4456 830 -542 -5412 2073 3642
4642 1021 -490 -5282 1649 2815
4847 1025 -438 -5040 1338 1596
5197 777 -204 -4857 1174 691
5491 566 33 -4599 897 -504
5975 256 497 -4442 677 -1087
6182 106 621 -4073 605 -1668
6305 -154 799 -3493 925 -2029
6506 -378 894 -3019 1315 -2185
6592 -527 1037 -2340 1920 -2352
6418 -640 1251 -1959 2199 -2493
6160 -795 1337 -1495 2063 -2813
5911 -924 1478 -1125 1373 -3191
6022 -1134 1695 -906 1039 -3438
6194 -1362 2031 -639 1153 -3741
6526 -1923 2657 -354 1917 -3896
6795 -2778 3181 -61 2500 -3893
6970 -3657 3342 698 2824 -3805
7386 -5320 3467 1437 2710 -3787
7997 -6799 3613 2837 2455 -3989
8013 -7506 3612 4460 2726 -4789
7997 -8647 3293 5566 2981 -5541
8027 -9426 3001 7043 3141 -6607
7789 -10333 2314 8265 3109 -7357
7622 -10703 1493 8911 3109 -7506
7581 -10494 914 8616 3641 -6917
4982 -9808 -1066 8379 3426 -6904
4224 -9403 -1953 8748 2758 -7704
4789 -8474 -960 7871 1981 -8044
4900 -7716 142 5972 2170 -7537
4144 -7348 -294 4832 2615 -7102
3250 -7176 -1219 3871 3495 -6662
-807 -1853 -2942 1957 1765 -794
-756 -1417 -2575 1812 1373 -469
-711 -1228 -2272 1493 1068 -48
-568 -964 -1847 1222 967 214
-415 -872 -1641 799 851 641
30 -954 -1555 490 663 1216
738 -1189 -1650 386 394 1719
1331 -1355 -1732 375 -216 2578
2317 -1622 -1735 471 -939 3443
3623 -1788 -1812 604 -1438 3989
4795 -2022 -1936 867 -2100 4618
5116 -2126 -2075 1194 -2374 4693
5015 -1964 -2354 1505 -2066 4165
4920 -1489 -2218 1581 -1551 3718
5087 -1141 -1986 1399 -376 3360
5487 -730 -1543 1076 458 3434
5676 -392 -1200 349 1569 3891
5377 323 -914 -448 2347 4309
4485 854 -1247 -824 2454 4373
3851 925 -1646 -1007 1914 4132
3116 880 -2250 -881 1299 3859
2750 923 -2325 -571 419 3438
2207 1001 -1704 -459 -61 3106
2004 950 -1368 -534 -77 2965
1823 897 -994 -878 145 2887
1484 784 -481 -1220 353 2872
1310 725 -297 -1754 814 2908
1072 495 -96 -2078 1120 2955
956 323 -116 -2397 1502 3036
905 -28 -333 -2463 1743 3156
900 -457 -423 -2423 1739 3242
862 -713 -379 -2344 1543 3335
772 -1016 -249 -2299 1400 3358
739 -1148 -142 -2282 1237 3370
735 -1239 104 -2343 1170 3371
733 -1280 283 -2548 1152 3369
723 -1300 438 -2720 1204 3372
740 -1258 469 -2967 1308 3398
702 -1280 406 -3085 1363 3410
669 -1305 327 -3160 1442 3406
583 -1486 269 -3167 1509 3357
601 -1662 271 -3161 1575 3332
663 -1771 308 -3199 1668 3352
758 -2023 422 -3290 1698 3397
820 -2262 538 -3571 1710 3468
961 -2700 739 -4036 1676 3519
1185 -3110 808 -4396 1628 3555
1440 -3278 663 -4857 1558 3682
2041 -3607 338 -5084 1482 3829
2476 -3788 97 -5285 1364 4083
2912 -3841 -167 -5338 1318 4200
3078 -3725 -297 -5359 1327 4154
3278 -3515 -436 -5394 1558 3812
3777 -3211 -493 -5473 1852 3517
4166 -2956 -496 -5706 2288 3064
4616 -2518 -516 -6033 2653 2551
4814 -2070 -642 -6254 2793 2117
4541 -1451 -912 -6512 2415 949
4369 -820 -1121 -6504 1640 53
4641 -305 -979 -6461 1151 -418
4943 71 -636 -6462 713 -943
5254 739 183 -6519 629 -1246
5436 1117 810 -6568 803 -1683
5810 1578 1475 -6442 1016 -1931
6065 1804 1831 -5865 1226 -2234
6414 2034 2273 -5173 1213 -2400
6663 2045 2649 -3699 1159 -2657
6982 1983 3251 -1878 1278 -2957
7333 1710 4162 -682 1238 -3213
7410 1445 4795 940 1400 -3890
8133 743 5325 2356 2635 -4627
9317 -143 5702 3104 3976 -4957
9453 -759 5362 4162 5592 -5367
8622 -1678 4102 5450 6134 -5967
7711 -2615 2548 6422 5973 -6419
7168 -3520 1458 7743 5850 -7052
6859 -4065 833 8725 6117 -7500
6288 -5372 -328 7882 4054 -7061
2075 -6628 -2724 3831 4768 -5325
1387 -6480 -2727 3531 4704 -4801
696 -5954 -2704 3098 4253 -3930
339 -5406 -2467 2462 3418 -3003
-250 -4427 -2163 1721 2598 -2211
-966 -3542 -2182 1297 2163 -1827
-1283 -3004 -2370 909 1596 -1349
-1465 -2312 -2779 819 1158 -796
-1262 -1707 -3187 887 960 -301
-1009 -1415 -3331 1015 724 590
-569 -961 -3251 983 398 1484
-131 -445 -2918 729 10 2185
131 -92 -2769 526 -210 2487
540 210 -2776 320 -500 2716
1243 511 -2864 276 -680 2785
1792 568 -2856 340 -704 2884
2930 579 -2860 554 -438 3184
3946 438 -2874 761 -271 3534
5012 89 -3052 1165 -130 3944
4895 -285 -3096 1431 -151 3883
4364 -440 -2913 1698 -267 3189
3532 -576 -2400 1753 -240 2519
3348 -594 -1974 1638 252 1787
3425 -732 -1300 1288 1230 1700
3400 -854 -996 999 2030 1946
3273 -856 -942 559 2994 2572
2848 -677 -923 127 3317 3287
2488 -560 -921 -151 3189 3686
2037 -478 -952 -467 2675 4052
1619 -410 -958 -622 2205 4151
1160 -422 -840 -830 1496 4194
941 -475 -609 -982 1113 4211
883 -556 -430 -1270 750 4288
853 -775 -129 -1502 624 4378
859 -905 20 -1880 573 4557
889 -1048 164 -2247 596 4754
875 -1183 204 -2469 601 4853
859 -1449 194 -2727 586 4943
969 -1707 86 -2834 565 4978
1071 -1836 32 -2908 519 4987
1054 -1856 49 -2975 587 4870
1142 -2002 133 -3064 707 4734
1264 -2116 183 -3271 856 4502
1413 -2185 177 -3431 934 4332
1470 -2234 186 -3680 1036 4059
1449 -2117 157 -3888 1143 3762
1453 -1941 -58 -3968 1261 3565
1502 -1880 -252 -4006 1535 3302
1638 -1751 -432 -4022 1772 3182
1763 -1607 -501 -4097 2071 3105
2083 -1426 -561 -4301 2213 3157
2378 -1266 -526 -4526 2259 3216
2647 -1158 -521 -4964 2360 3283
3130 -985 -487 -5302 2496 3283
3455 -778 -559 -5746 2970 3193
4126 -255 -773 -5940 3391 3104
4764 242 -1090 -6024 3785 2871
4934 401 -1280 -5857 3587 2312
5118 602 -1402 -5623 3124 1720
5152 652 -1425 -5123 2007 514
5445 747 -1076 -4543 1074 -861
5660 817 -844 -4239 825 -1668
6553 832 318 -4155 898 -2479
7554 831 1530 -4277 1212 -2750
7931 839 2046 -4351 2037 -3030
7754 358 2238 -4089 2509 -3306
7180 -302 2001 -3014 2418 -3810
7011 -732 2163 -1506 1569 -4143
7314 -1305 3128 -593 1313 -4200
7755 -1679 4110 294 1818 -4138
7911 -2424 5116 871 2382 -4221
7626 -3935 4893 1441 2437 -4458
7625 -5231 4592 2697 2353 -4875
8382 -7293 4582 3639 2438 -5003
9000 -8702 4679 5005 2577 -5014
9229 -10553 4267 6460 2384 -5319
8659 -12210 3325 7515 1967 -5895
8041 -12467 3029 8913 1412 -7152
7263 -12402 2590 9584 1570 -7942
7120 -12314 2279 8198 2770 -7321
5688 -12206 169 9219 2576 -7725
4877 -10580 131 9315 2088 -7866
4637 -9928 1233 7997 1626 -7722
4172 -8758 1491 6733 1718 -7447
3405 -8223 813 5175 1991 -7152
2150 -7598 -578 4383 2319 -7027
1512 -6872 -1735 4208 2599 -6859
1225 -6234 -1943 4069 3227 -6347
1027 -5609 -1964 3901 3780 -5854
-47 -1480 -2029 669 1098 515
180 -1446 -1909 470 951 1026
578 -1505 -1739 324 779 1492
1207 -1766 -1575 235 511 1817
1855 -1977 -1531 165 -62 2425
3476 -2184 -1700 270 -674 3202
3788 -2172 -1746 438 -1000 3707
4509 -2059 -1898 784 -1149 4273
5017 -1800 -1918 991 -1077 4462
5146 -1487 -1912 1181 -919 4422
5259 -1083 -1966 1221 -772 4133
5332 -866 -1952 1149 -606 3928
5572 -752 -1917 888 -196 3780
5542 -589 -1768 608 212 3790
5334 -265 -1676 104 1001 3873
4771 351 -1588 -260 1483 3907
4235 653 -1512 -805 1815 3788
3305 958 -1387 -1261 1687 3439
2754 1065 -1326 -1467 1477 3137
2078 1057 -1271 -1630 1266 2698
1744 996 -1172 -1666 1274 2481
1415 876 -1027 -1668 1477 2339
1208 715 -818 -1664 1676 2371
1056 546 -607 -1692 1943 2568
914 401 -536 -1730 2172 2846
762 233 -502 -1760 2321 3054
729 76 -468 -1831 2406 3367
634 -209 -453 -1894 2376 3547
556 -389 -426 -2009 2278 3731
499 -572 -291 -2132 2204 3807
457 -650 -162 -2400 2093 3848
553 -902 138 -2638 2060 3853
654 -960 186 -3056 2024 3894
898 -1197 287 -3485 1941 3934
1014 -1487 190 -3711 1888 3927
1071 -1633 68 -3909 1788 3842
1101 -1670 -124 -3917 1641 3661
2755 -3367 -391 -6077 1902 2656
2974 -3342 -708 -6406 1723 2529
3290 -3216 -800 -6637 1685 2312
3730 -2760 -644 -5928 -468 -3367
6574 582 4155 -4831 -3 -3672
7443 501 5216 -3240 1084 -4058
8161 397 5932 -1933 1923 -4369
8480 190 6059 333 2734 -4893
8466 121 6150 1885 3158 -5336
8453 111 6034 4035 4493 -6064
8224 -170 5255 5228 5770 -6484
7764 -419 4282 6629 7402 -6877
6876 -1159 2066 7791 8205 -7016
5869 -1950 -373 8450 8198 -7075
4549 -1600 -1546 8041 8226 -6423
2795 -3774 -5701 9995 5947 -7231
3157 -2868 -4493 10431 4934 -7448
3022 -3353 -3643 9944 5418 -7173
2832 -3844 -2962 8902 6061 -6104
1864 -4064 -2968 8149 6059 -5377
844 -3993 -2570 6909 5915 -4718
86 -2574 -1224 1754 987 -751
46 -1972 -1299 1551 783 -494
62 -1648 -1417 1358 613 -130
157 -1200 -1619 1272 583 234
4194 165 -2941 609 -613 2028
4497 159 -2878 839 62 2037
4421 89 -2504 910 922 2170
4130 -19 -2206 839 1430 2247
3837 -131 -1953 583 1966 2365
3356 -361 -1645 348 2139 2473
3047 -555 -1497 -60 2188 2696
2569 -806 -1292 -362 2163 2909
2300 -909 -1220 -812 2088 3347
1987 -1033 -1096 -1114 1973 3717
1799 -1030 -971 -1584 1551 4318
1459 -1075 -780 -2032 894 4814
1012 -1178 -598 -2306 440 5004
763 -1225 -506 -2640 -188 5078
403 -1474 -224 -3040 -904 4850
352 -1619 43 -3208 -1124 4680
351 -1677 110 -3309 -1143 4580
2030 -2030 -108 -4745 2607 4663
2267 -1888 -230 -5011 2779 4408
2467 -1817 -445 -4852 540 -476
6803 -179 618 -4926 555 -953
6993 -273 916 -4900 658 -1631
7270 -425 1104 -4472 1221 -2231
7474 -801 1294 -3983 1807 -2570
7457 -908 1586 -3098 2512 -2959
7041 -1058 2073 -2126 2558 -3231
6708 -1263 2209 -1451 2219 -3422
6445 -1508 2452 -540 1397 -3744
6431 -1977 3033 -40 1172 -3957
6681 -2418 3525 581 1650 -4149
6974 -3696 4086 1277 2654 -4154
7261 -5175 4280 1920 3120 -4071
7583 -6949 4180 3171 2720 -4032
7253 -7497 3914 4746 1671 -4738
6972 -8111 3374 6313 1603 -6178
7098 -8740 3132 7022 2239 -7084
7373 -9185 2852 7470 3106 -7609
7353 -9721 2002 7492 3351 -7428
7542 -9972 2994 5685 3884 -6061
3926 -9494 -2097 7340 1281 -6836
3440 -7837 -1609 7858 -400 -7382
4221 -7583 -93 6978 -993 -7370
4303 -6866 491 5990 -286 -7031
3580 -6607 8 4863 948 -6608
2301 -6226 -931 4330 2269 -6501
1634 -5694 -1237 4070 3034 -6395
1534 -5366 -1295 3615 4002 -5931
1489 -4782 -1248 3254 4515 -5437
1290 -4409 -1350 2739 5186 -4690
769 -3927 -1526 2352 5559 -4124
356 -3364 -1774 2192 5605 -3827
183 -3096 -1846 2047 5487 -3410
103 -2802 -1986 2002 5322 -3100
85 -2619 -2140 2016 4905 -2545
4 -2363 -2329 2054 4413 -2142
-45 -2143 -2343 2083 3504 -1525
-12 -1854 -2210 2041 2887 -1123
15 -1705 -2066 1864 2056 -555
232 -1526 -1986 1620 1380 57
801 -1511 -1889 1418 1005 546
1290 -1542 -1904 1136 604 1392
2028 -1665 -2106 987 338 1973
2515 -1700 -2146 824 -285 2820
3431 -1643 -2253 740 -921 3554
4016 -1765 -2287 729 -1200 3870
4149 -1704 -2345 810 -1232 3987
4312 -1391 -2624 954 -897 3900
4544 -1268 -2743 1136 -6 3781
4928 -1125 -2446 1072 615 3805
4996 -933 -2090 617 1409 3976
4852 -326 -1781 -61 1730 4200
4585 22 -1692 -527 1634 4255
4000 367 -1583 -1112 1328 4161
3480 660 -1435 -1405 1050 4015
3141 648 -1318 -1682 565 3727
2595 517 -1317 -1703 220 3432
2298 407 -1424 -1613 187 3275
1954 261 -1273 -1504 447 3169
1770 201 -1052 -1530 804 3186
1517 167 -616 -1765 1462 3306
1223 101 -249 -2020 1865 3404
1024 54 -120 -2433 2315 3540
727 -66 -79 -2784 2536 3605
521 -264 -135 -2942 2543 3621
444 -435 -165 -3076 2362 3643
423 -740 -163 -3113 2167 3685
439 -920 -112 -3137 1810 3796
494 -1172 -3 -3149 1554 3898
544 -1280 48 -3160 1191 4060
623 -1407 106 -3154 872 4196
617 -1460 140 -3142 605 4227
563 -1500 272 -3163 511 4168
542 -1580 413 -3294 529 3985
592 -1706 622 -3445 640 3844
678 -1763 744 -3743 921 3668
827 -1953 913 -3982 1159 3592
3802 -4581 -100 -5507 2433 3884
4335 -3965 -93 -5666 3232 3349
4913 -3541 -169 -6010 4246 2755
5214 -2848 -361 -6378 4697 2241
4849 -1961 -680 -6545 4588 1785
4401 -1429 -891 -6647 3880 809
3915 -789 -1015 -6641 3083 33
3848 -411 -922 -6624 1649 -1034
4360 125 -343 -6681 536 -1706
5005 647 529 -6737 376 -1974
5390 931 1211 -6698 832 -2214
5974 1196 2187 -6506 1260 -2335
6214 1297 2916 -5866 1590 -2611
6622 1403 4003 -5112 1505 -2865
7072 1369 4659 -3402 1148 -3339
8098 1529 6104 -1992 1266 -3692
8984 1448 7131 276 2646 -4273
9728 1195 7944 2622 4571 -4991
9481 756 7405 4206 5487 -5627
8995 449 6495 6506 6147 -6784
8527 -274 4827 7840 6638 -7532
8749 -1164 3840 9271 7777 -8154
8638 -2669 1610 10020 8654 -8326
6729 -2928 2702 9781 9471 -7887
5092 -4716 -3941 11492 7224 -9021
5649 -4245 -2037 11274 6046 -9277
5672 -4332 -759 9594 5690 -8994
5018 -4810 -950 7784 5788 -8512
3836 -5361 -1908 6927 5537 -8233
-63 -3804 -1376 312 1994 -1365
-193 -3121 -1813 314 1460 -804
-275 -2501 -2046 462 1211 -430
-279 -2101 -2110 740 1033 139
-80 -1547 -2148 962 1006 750
3242 926 -3240 1527 913 2337
3487 649 -3343 -1223 4398 4108
1761 -1208 41 -2026 4700 4762
1704 -1384 -97 -2493 4510 5171
1735 -1606 -263 -3019 3559 5720
1704 -1892 -389 -3237 2621 6018
1752 -2072 -481 -3354 1187 6332
1634 -2309 -415 -3359 60 6364
1446 -2411 -177 -3371 -425 6206
1369 -2370 -8 -3444 -769 5787
1375 -2233 237 -3540 -816 5466
1598 -2268 318 -3738 -607 5077
2055 -2502 249 -3860 -235 4906
2213 -2614 134 -3997 600 4689
2140 -2457 -62 -4103 1522 4462
2016 -2257 -118 -4184 1999 4309
1865 -2031 -132 -4358 2409 4072
1644 -1712 -134 -4509 2522 3924
1546 -1576 -143 -4792 2560 3720
1948 -1595 -267 -5009 2528 3653
2163 -1587 -326 -5316 2287 3740
2812 -1509 -578 -5525 1793 3925
3087 -1219 -628 -5695 1266 3906
3424 -823 -539 -5812 1060 3701
3746 -536 -504 -5963 900 3143
4286 -16 -494 -6010 712 2663
4827 227 -525 -5921 576 1923
5586 459 -359 -5715 940 1134
6279 771 -118 -5541 1413 569
6637 919 46 -5279 2070 -373
6640 1059 336 -5125 2125 -1099
6590 1025 663 -5005 1406 -2206
6781 538 1484 -5022 716 -2870
6997 384 1642 -4993 250 -3538
7562 -180 1925 -4584 801 -3821
7818 -1032 1863 -3704 2103 -3806
7805 -1658 2057 -3041 2627 -3613
7619 -1989 2256 -2179 2291 -3244
7292 -2434 2587 -1513 1832 -3178
7474 -3213 3013 -882 2252 -3437
8194 -4327 3052 -298 2766 -3587
8444 -5169 2751 1024 3279 -3737
8499 -6583 2447 2119 3176 -3899
8570 -7531 2361 3787 2813 -4415
8576 -8612 2458 4766 2769 -5001
8430 -9544 2025 6028 3113 -6082
8182 -10074 1473 7013 3433 -6972
7832 -10548 580 7519 3635 -7250
3555 -9655 -4448 6944 1929 -6431
5752 -9645 -1924 7990 3820 -7150
5446 -9417 -2644 8285 4673 -7337
-148 -4021 -3357 2462 5512 -3521
-695 -3356 -3414 2263 5050 -3093
-963 -2944 -3451 1983 4008 -2522
-1145 -2337 -3316 1791 3219 -2153
-1121 -1987 -3083 1474 2121 -1553
-842 -1569 -2772 1206 1386 -928
-694 -1439 -2680 1088 1120 -528
-473 -1358 -2634 1029 867 69
-134 -1316 -2628 1055 719 501
602 -1359 -2585 1116 427 1217
1501 -1269 -2507 1152 187 1733
2124 -1107 -2415 1181 -230 2467
2853 -797 -2296 1203 -571 2861
3145 -586 -2310 1307 -1059 3194
3333 -206 -2364 1503 -1354 3158
3646 -37 -2474 1726 -1197 2944
4112 -9 -2531 1839 -880 2906
4608 -28 -2595 1921 -334 3128
4884 -30 -2340 1786 57 3467
4776 77 -2234 1584 139 3605
4220 242 -1969 1185 107 3572
3642 185 -1628 872 104 3432
3447 247 -1386 382 212 3234
3157 243 -1226 -14 612 3084
2864 146 -1174 -212 1042 2987
2422 151 -1044 -458 1686 2868
2140 170 -966 -604 2059 2804
1647 237 -861 -811 2531 2720
1207 299 -656 -983 2750 2687
981 347 -534 -1274 2847 2693
714 299 -412 -1595 2615 2788
650 162 -352 -1790 2352 2916
654 36 -321 -2028 1878 3201
692 -153 -374 -2127 1584 3430
714 -276 -419 -2180 1234 3782
626 -413 -389 -2172 1050 3973
577 -431 -354 -2137 850 4185
461 -490 -238 -2131 792 4264
402 -601 -100 -2210 829 4300
432 -869 176 -2430 1018 4331
619 -1056 409 -2649 1196 4390
832 -1236 463 -3003 1475 4572
1286 -1576 373 -3205 1600 4768
1527 -1731 272 -3419 1603 5084
1520 -1899 180 -3544 1488 5193
1314 -2117 225 -3617 1431 5084
1284 -2401 327 -3792 1462 4718
1509 -3091 517 -3979 1546 4428
1777 -3563 625 -4372 1721 4086
2389 -4146 649 -4684 1859 3972
2796 -4440 573 -5153 2064 3978
3340 -4615 323 -5583 2150 4075
3643 -4521 31 -5824 2173 4087
3642 -4245 -207 -6094 2356 3886
3699 -3711 -439 -6252 2526 3614
3964 -3478 -630 -6498 2788 3111
6686 1174 3231 -6220 278 -2967
7176 1312 4175 -5332 503 -3135
7811 1327 5230 -3424 1259 -3520
8300 1147 5937 -1126 2309 -4125
8651 657 6653 1295 3236 -4905
9014 121 6656 2965 3985 -5466
9280 -604 5925 5343 5331 -6380
8714 -811 5088 6594 6128 -7012
8137 -901 4601 7734 7541 -7924
7448 -1810 3065 8523 9027 -8461
6838 -3337 431 8456 9054 -8199
5207 -3263 -932 9489 9532 -8089
4526 -4545 -3962 10569 8599 -8327
4377 -4696 -3432 10860 6821 -8134
3726 -4839 -2799 10170 5942 -7589
3110 -5019 -2862 9563 5601 -7197
2382 -5046 -2613 8343 5005 -6785
1772 -4650 -1983 1301 1374 -1382
-41 -2866 -1255 806 1144 -1044
-502 -1903 -1665 543 1015 -827
-543 -1469 -1851 468 904 -646
-530 -1089 -2008 457 777 -246
3774 235 -3374 1349 -183 3024
3853 105 -3319 1469 -171 3123
3378 -25 -2780 1423 -80 3080
2998 -103 -2248 1112 339 2931
2685 -336 -1494 553 1004 2922
2568 -656 -1000 133 1502 3070
2446 -876 -879 -436 2235 3486
2092 -1233 -899 -834 2792 4030
1887 -1355 -958 -1007 2947 4415
1744 -1543 -1080 -1114 2840 4975
1517 -1785 -1100 -1144 2621 5295
1368 -1894 -936 -1263 2151 5644
1219 -2047 -708 -1394 1765 5783
1154 -2141 -564 -1666 1130 5848
1293 -2176 -159 -1944 660 5844
1305 -2204 103 -2488 -1 5697
1132 -2259 394 -2894 -252 5472
1072 -2214 536 -3485 -302 5045
1066 -2042 693 -3836 -206 4773
1109 -2018 652 -4226 71 4415
1132 -2107 472 -4366 363 4221
1198 -2070 281 -4382 932 4030
1382 -2114 26 -4249 1347 3983
1526 -2162 -91 -4139 1506 4022
1678 -2129 -214 -4004 1540 4129
1742 -1930 -135 -3990 1418 4181
1803 -1887 -68 -4081 1121 4203
2165 -1927 -61 -4286 829 4164
2600 -1920 71 -4490 775 4070
2834 -1933 107 -4830 994 3821
3226 -1736 30 -5013 1282 3620
3521 -1555 -55 -5146 1762 3309
3735 -1266 -270 -5102 2144 2912
3786 -1007 -424 -5009 2212 2571
3806 -1014 -440 -4867 1984 1990
4113 -964 -345 -4770 1452 1490
4615 -935 -191 -4740 947 1248
4910 -950 -97 -4712 275 938
5415 -992 -4 -4666 82 741
6174 -1000 75 -4495 302 528
6751 -910 7 -4089 1088 375
7103 -456 -184 -3459 2176 1
7139 8 -304 -3002 2660 -432
6816 598 -135 -2506 2558 -1349
6543 1056 757 -2428 1944 -2054
6564 1005 1226 -2505 1024 -2985
6853 719 1857 -2581 201 -3527
7343 9 2290 -2423 89 -3703
7381 -216 2386 -1694 721 -3905
7232 -1033 2916 -682 1724 -4160
7249 -2202 3929 -88 2213 -4247
7358 -2976 4550 664 2533 -4240
7096 -4053 5036 1219 2587 -4318
7019 -5545 4998 2318 2500 -4645
7693 -7015 4864 3749 2531 -4873
9124 -9835 4425 5392 2890 -5093
8859 -10721 3695 6644 3283 -5531
8160 -11270 2878 8520 3318 -6577
7464 -11591 2142 9394 3234 -7261
7403 -11360 2034 9348 4150 -7600
5858 -8731 2790 7707 4317 -7138
5315 -11453 -835 8691 4050 -8055
5229 -9758 -1144 8068 3656 -8128
5090 -8671 -123 6881 3425 -7814
4402 -8145 -205 5115 3247 -7370
3157 -7562 -1477 4392 3278 -7248
2592 -7271 -2201 3938 3572 -7054
2094 -6692 -2749 3818 3900 -6748
1735 -6187 -2597 3510 4372 -6039
1151 -5386 -2323 3027 4610 -5174
695 -4836 -2367 2733 4570 -4620
32 -4199 -2467 2490 4375 -4118
-294 -3795 -2644 2274 3891 -3437
-593 -3301 -2812 2209 3494 -2991
-664 -2985 -2746 2087 2840 -2282
-549 -2571 -2551 1905 2344 -1509
-493 -2504 -2492 1729 2120 -983
-296 -2205 -2275 1511 1923 -461
-161 -2045 -2175 1120 1610 275
497 -1754 -2082 742 1253 1049
729 -1664 -2095 473 860 1918
1757 -1390 -2232 357 364 2826
2413 -1285 -2304 375 -75 3413
3563 -1007 -2415 534 -885 4167
4061 -876 -2496 737 -1453 4535
4504 -866 -2620 1155 -2160 4792
5002 -1020 -2823 1454 -2416 4748
5270 -1063 -3023 1859 -2133 4466
5368 -1040 -3025 1959 -1350 4203
5306 -519 -2530 1690 494 3954
5219 23 -2086 1228 1577 3924
4808 718 -1656 304 2347 3914
4298 1040 -1512 -306 2281 3814
3414 1213 -1496 -990 1608 3475
2673 1128 -1613 -1218 1037 3187
2316 1018 -1633 -1254 419 2792
1826 787 -1602 -1123 293 2587
1517 709 -1428 -872 455 2385
1132 642 -833 -746 850 2362
981 505 -615 -756 1203 2430
869 389 -417 -926 1748 2628
710 213 -252 -1115 2094 2803
550 -1665 65 -3476 634 4524
629 -1778 2 -3310 333 4639
716 -1920 88 -3219 186 4642
852 -2116 291 -3190 190 4535
997 -2252 430 -3334 476 4353
1364 -2522 573 -3626 916 4169
1660 -2919 648 -3886 1251 4040
1821 -3185 630 -4325 1772 3864
2256 -3468 411 -4739 2109 3824
2830 -3660 74 -4976 2186 3900
3207 -3792 -131 -5271 2167 4082
3545 -3952 -393 -5451 2119 4146
3698 -3903 -492 -5722 1956 4076
3997 -3607 -461 -6029 1770 3742
4060 -3501 -405 -6288 1756 3362
4314 -2995 -242 -6705 2080 2654
4791 -2408 -161 -6950 2517 2179
4999 -2002 -133 -7219 3096 1476
4951 -1244 -365 -7258 3293 964
4626 -683 -577 -7083 2901 64
4176 -4 -635 -6753 1726 -890
4019 447 -337 -6522 972 -1484
4247 727 63 -6236 315 -2152
4734 1053 669 -5989 323 -2536
5172 1273 1296 -5817 591 -2670
5481 1429 1648 -5444 1133 -2717
5845 1444 2079 -5080 1481 -2697
6106 1446 2473 -4377 1850 -2602
6380 1339 3089 -3759 2011 -2523
6428 1299 3362 -2433 1742 -2410
6255 1233 3741 -1246 1203 -2449
6168 1194 4273 682 847 -2867
7015 907 5466 2280 1924 -3394
8181 173 6221 3089 3225 -3650
8567 -496 6061 4208 5077 -4016
8098 -1506 4722 5661 5781 -4536
7601 -2539 3045 6765 5620 -4929
7191 -2966 2383 8123 5228 -5675
6754 -3610 1521 9000 5300 -6507
6324 -4400 218 9292 5368 -6949
1908 -7054 -2877 3919 4806 -5861
1091 -6683 -2939 3457 4896 -5193
56 -813 -3208 -56 -1119 2652
292 39 -3022 -152 -1073 2836
581 293 -2987 -54 -752 2781
1472 522 -2846 76 -518 2805
2272 492 -2748 327 -237 3056
3552 207 -2938 593 -61 3354
4288 -15 -3232 1215 -78 3835
4808 -296 -3455 1924 -529 3917
4155 -594 -3208 2465 -926 3242
3440 -656 -2866 2682 -856 2588
3302 -574 -2497 2694 -261 1897
3409 -691 -1808 2299 718 1864
3449 -788 -1299 1882 1487 2160
3326 -769 -1049 1094 2525 2845
2952 -639 -729 194 3128 3541
2299 -531 -583 -391 3242 3880
1811 -465 -646 -1100 3077 4120
1228 -524 -713 -1452 2774 4163
997 -565 -639 -1879 2079 4199
796 -640 -432 -2240 1205 4286
699 -850 -212 -2444 634 4378
670 -1030 -90 -2692 -54 4541
667 -1332 19 -2840 -406 4709
724 -1579 97 -2896 -424 4822
724 -1739 205 -2979 -303 4957
832 -2011 374 -3081 -64 5066
877 -2088 394 -3172 178 5127
1008 -2318 424 -3332 587 5175
1229 -2494 322 -3448 839 5202
1409 -2582 208 -3626 1143 5234
1746 -2608 12 -3826 1292 5241
1896 -2565 -55 -3977 1301 5223
2089 -2510 -149 -4196 1185 5155
2162 -2334 -247 -4325 1090 5045
2119 -2099 -324 -4458 1087 4744
2170 -1855 -387 -4569 1173 4362
2344 -1622 -310 -4667 1230 4122
2579 -1378 -251 -4848 1393 3888
3127 -1254 -194 -4964 1535 3844
3339 -1137 -130 -5138 1711 3820
3606 -835 -148 -5217 1845 3788
3783 -687 -139 -5261 1978 3631
3814 -291 -310 -5127 2120 3232
3911 -79 -426 -4956 2116 2832
4083 -18 -454 -4618 2041 2124
4420 44 -459 -4345 2029 1614
4696 54 -497 -3889 2073 818
4924 -64 -486 -3592 2091 278
5282 -322 -26 -3308 1703 -507
5541 -457 207 -3212 1136 -984
5800 -506 269 -3023 532 -1610
6373 -759 415 -2715 762 -2092
6894 -989 306 -2372 1429 -2315
7016 -987 180 -1677 2721 -2530
6732 -737 582 -1115 3460 -2666
6251 -614 905 -949 3235 -2836
5825 -594 1318 -983 1948 -3276
5618 -678 1864 -1059 1089 -3615
5840 -898 2304 -1066 781 -3993
6494 -1575 3020 -800 1854 -4082
6959 -2801 3492 -372 2752 -4006
7140 -3853 3359 868 3372 -3794
7067 -5596 3006 2667 2638 -3825
7247 -6835 2752 4013 1769 -4126
7342 -7442 2843 5813 1275 -5175
7756 -8264 3161 6954 1890 -6499
7912 -9158 2941 7392 2439 -7254
7861 -9785 2313 7936 2729 -7887
7733 -10261 1096 8305 2613 -7946
4631 -8383 3509 7240 2553 -7076
5116 -10053 -1295 8476 2009 -7896
4862 -8633 -1234 8781 1932 -8361
4926 -8442 -46 7903 2342 -8421
4559 -7777 674 6876 3059 -8158
3935 -7443 400 5417 4100 -7650
2821 -6938 -588 4721 4631 -7312
2226 -6492 -1177 4028 5134 -6746
1712 -5761 -1677 3542 5608 -5990
1391 -4981 -1800 3258 5975 -5373
1060 -4477 -1806 2803 6186 -4466
315 -3903 -1999 2516 5873 -3973
-54 -3595 -2184 2156 4920 -3366
-393 -3129 -2330 1972 4157 -2991
-461 -2883 -2474 1805 2939 -2380
-399 -2631 -2574 1742 1868 -1705
-264 -2307 -2464 1727 1401 -1249
-234 -2107 -2319 1686 1077 -631
-136 -1790 -2073 1589 1058 -83
15 -1673 -1915 1476 1094 284
566 -1556 -1719 1229 1072 878
774 -1569 -1736 1054 997 1344
1626 -1644 -1899 844 627 2218
2653 -1715 -2098 756 103 2895
3419 -1848 -2226 734 -908 3918
4266 -1834 -2311 803 -1609 4495
4422 -1664 -2386 1046 -2401 4963
4548 -1396 -2567 1407 -2621 5029
4880 -1344 -2568 1612 -2573 4990
5278 -1154 -2432 1793 -2017 4879
5338 -918 -2254 1809 -1249 4785
5318 -623 -2013 1630 149 4668
4997 -68 -1693 1409 1093 4566
4554 167 -1638 1025 2466 4272
3907 477 -1851 826 3195 4016
3447 624 -2109 666 3817 3596
2716 749 -2313 595 3982 3329
2354 790 -2270 394 3903 3038
1916 872 -1839 104 3591 2924
1627 909 -1440 -547 2832 2833
1220 895 -915 -1066 2314 2815
1081 765 -630 -1839 1696 2872
932 455 -434 -2263 1450 2955
873 286 -440 -2671 1383 3103
745 -42 -546 -2786 1436 3195
660 -326 -616 -2759 1540 3299
591 -703 -671 -2578 1650 3391
560 -846 -555 -2450 1730 3446
555 -1022 -344 -2387 1859 3531
591 -1246 27 -2471 1950 3603
662 -1342 227 -2751 2122 3736
770 -1476 427 -3010 2246 3832
792 -1581 480 -3391 2388 3937
810 -1647 463 -3701 2389 3971
821 -1729 402 -3863 2272 3940
828 -1870 382 -4068 2060 3799
992 -2158 362 -4198 2018 3662
1175 -2400 342 -4397 2135 3427
1346 -2543 377 -4646 2320 3167
1705 -2862 265 -4930 2524 2925
1857 -2867 198 -5239 2700 2708
2187 -3109 -8 -5442 2807 2590
2454 -3037 -131 -5804 2922 2447
2859 -3034 -232 -6083 2894 2377
3050 -2898 -377 -6493 2761 2253
3288 -2584 -635 -6736 2506 2135
3415 -2460 -800 -7015 1856 1852
3674 -2296 -993 -7158 1056 1402
3988 -2209 -1080 -7199 442 992
4293 -2150 -1007 -7243 -168 254
4786 -2180 -708 -7380 -20 -589
5138 -1969 -348 -7522 397 -1149
5292 -1713 -217 -7678 1009 -1834
5237 -1313 -81 -7694 1047 -2172
5030 -1056 106 -7559 451 -2574
4675 -549 884 -7244 -314 -2876
4905 52 1988 -6882 -609 -2987
5414 311 2734 -5882 -309 -2986
6194 705 3678 -4156 717 -2970
6840 1002 5075 -2832 1555 -3126
7428 1073 5855 -759 2870 -3586
8311 1117 6677 1313 4399 -4223
8111 1116 6432 3363 6076 -5065
7030 1105 5237 5251 7200 -5930
6400 917 3656 6628 8059 -6382
6110 516 2102 7404 9335 -6449
5911 -581 -348 6949 10005 -6180
4795 -1430 -3418 8092 9688 -5645
3348 -2541 -5217 10043 7806 -6209
2533 -2556 -5432 10845 6350 -6496
2348 -2682 -4974 11041 4852 -6509
2209 -2699 -3450 9820 4575 -6209
2199 -2974 -1660 8325 4950 -5964
2304 -3249 -1110 5891 5897 -5431
2077 -3587 -1232 4060 6335 -4786
1966 -3744 -1427 3368 6359 -4385
1581 -4125 -2037 3017 6132 -3815
1053 -4109 -2402 3058 5750 -3467
556 -3964 -2487 3237 4704 -3047
16 -3667 -2315 3250 3298 -2680
-196 -3317 -1854 3089 2354 -2427
-216 -3031 -1488 2539 1111 -2018
-194 -2630 -1069 2023 540 -1725
-108 -2331 -1019 1266 153 -1201
65 -1934 -1187 702 54 -569
195 -1544 -1461 482 60 -121
222 -1229 -1691 379 128 500
217 -888 -2058 434 201 862
370 -702 -2291 644 238 1400
930 -519 -2544 851 99 1997
1415 -397 -2608 923 -112 2372
1936 -96 -2621 933 -514 2745
2482 266 -2763 932 -739 2852
2750 557 -2912 994 -953 2756
3096 735 -3076 1082 -925 2558
3369 757 -3107 1238 -631 2233
3860 857 -3094 1394 -201 2117
4392 759 -3046 1489 62 2208
4308 699 -2987 1576 429 2360
3662 526 -2568 1479 821 2341
3080 245 -2017 1296 1093 2310
2832 10 -1753 924 1470 2395
2556 -393 -1343 615 1662 2566
2360 -667 -1096 103 1877 2961
2042 -999 -993 -326 2113 3473
1845 -1161 -1003 -560 2137 3849
1578 -1379 -995 -851 1848 4403
1254 -1540 -992 -1011 1500 4714
1019 -1648 -937 -1224 940 5021
682 -1814 -762 -1395 581 5115
497 -1901 -362 -1762 136 5160
433 -1915 -56 -2309 -184 5134
407 -1953 364 -2751 -293 5100
418 -1999 558 -3437 -246 5043
427 -2065 669 -3865 -93 4999
435 -2083 661 -4412 209 4916
485 -2212 613 -4694 420 4867
549 -2215 521 -4971 786 4826
694 -2210 404 -5119 1059 4838
845 -2324 275 -5156 1119 4874
977 -2433 145 -5096 1053 4975
1344 -2610 -86 -4981 926 5105
1865 -2718 -205 -4727 572 5373
2169 -2695 -208 -4460 134 5602
2330 -2758 -64 -4331 -40 5617
2657 -2788 129 -4241 -44 5428
3027 -2706 271 -4298 291 5095
3531 -2461 347 -4386 744 4824
3884 -2328 296 -4534 1548 4411
4344 -2145 120 -4623 2206 3973
4538 -2039 -74 -4607 2575 3619
4418 -1879 -421 -4493 2982 2882
4185 -1582 -488 -4406 3092 2316
4261 -1347 -472 -4337 2710 1593
4590 -1149 -330 -4341 2109 1262
4768 -1214 -251 -4387 1085 899
5074 -1355 -228 -4374 576 720
5402 -1333 -235 -4175 510 554
5729 -826 -301 -3665 1381 399
5804 -264 -218 -3246 2201 211
5585 257 -63 -2669 3043 -322
5260 539 -56 -2113 2839 -1183
5052 683 -32 -1751 2172 -1806
5230 515 279 -1416 897 -2577
5972 274 1349 -1404 249 -2876
6596 87 2050 -1469 304 -3052
7234 -513 2809 -1233 1335 -3191
7391 -1683 3078 -803 2014 -3392
7322 -2641 3235 172 2461 -3900
7145 -3844 3588 1379 2265 -4582
7103 -4637 3764 2272 2208 -5094
7470 -5994 3946 3643 2539 -5701
7746 -7194 3976 4956 3194 -6182
7336 -8006 3482 5766 3515 -6521
7023 -8430 2996 6778 3412 -6985
6722 -8800 2364 7397 3123 -7342
6808 -9152 1780 7565 2963 -7444
7107 -9758 1201 7578 2437 -7362
5658 -8589 5087 6194 -999 -6347
4732 -9429 -2990 6827 1616 -7708
5663 -9273 -1772 7601 2952 -8780
5997 -9524 -1121 7354 3315 -8598
5911 -8885 -808 6344 3635 -7680
4962 -8385 -805 5550 3673 -7197
3229 -7457 -1422 4610 3918 -6925
2110 -6643 -2009 4171 4146 -6833
1748 -6076 -2096 3587 4535 -6468
1434 -5349 -2032 2980 5187 -5797
1212 -4894 -2040 2613 5700 -5258
616 -4351 -2240 2205 6146 -4467
148 -4030 -2525 2061 5987 -3975
-456 -3488 -3016 2024 5062 -3249
-746 -3108 -3227 2073 4158 -2756
-954 -2581 -3341 2144 2756 -1995
-996 -2153 -3193 2145 1967 -1491
-918 -1885 -2921 1990 1082 -770
-636 -1663 -2369 1764 713 -319
-309 -1595 -2057 1295 460 334
275 -1546 -1757 948 364 782
1189 -1580 -1868 557 251 1551
1816 -1680 -2112 432 22 2371
2809 -1856 -2453 481 -338 2910
3516 -1781 -2558 678 -1100 3650
4096 -1538 -2505 895 -1726 4026
3964 -1289 -2319 999 -1902 3969
3867 -1059 -2275 1100 -1606 3620
4147 -772 -2185 1111 -1088 3441
4484 -649 -2147 1003 -84 3469
4925 -436 -2028 728 1036 3799
4938 -249 -1925 405 1694 4090
4719 645 -1533 -225 2205 4416
4119 1214 -1323 -660 2075 4438
3632 1270 -1276 -1149 1345 4125
2931 1183 -1369 -1308 615 3533
2513 1028 -1340 -1262 395 3129
2364 901 -1268 -1068 459 2655
2067 675 -1269 -895 674 2444
1837 550 -1187 -687 1104 2266
1533 469 -905 -654 1388 2240
1350 449 -684 -810 1715 2315
1072 341 -405 -1172 1924 2472
839 282 -170 -1488 1985 2611
772 266 -126 -1970 1985 2871
614 50 -164 -2257 1924 3040
511 -152 -204 -2612 1786 3258
401 -461 -236 -2876 1598 3437
371 -706 -196 -3021 1430 3551
395 -867 -205 -3171 1186 3738
460 -1083 -172 -3249 1044 3870
542 -1201 -123 -3350 811 4087
709 -1317 -96 -3408 537 4298
774 -1417 -73 -3424 347 4395
817 -1493 -57 -3423 127 4429
937 -1691 -24 -3416 48 4381
1057 -1917 38 -3437 138 4209
1243 -2143 102 -3495 322 4056
1329 -2253 111 -3660 675 3818
1648 -2636 206 -3963 1023 3645
4423 -2755 -421 -6328 1337 2328
4652 -2481 -510 -6523 1726 1957
4578 -1865 -456 -6606 2015 1628
4341 -1348 -456 -6649 2345 942
4010 -555 -544 -6604 2386 418
3896 -144 -522 -6479 2056 -341
3954 353 -404 -6372 1646 -779
4064 770 -146 -6224 850 -1306
4398 1366 450 -6127 402 -1580
4975 1806 1173 -5936 202 -1890
5533 2035 1713 -5684 566 -2043
6395 2240 2473 -5418 1029 -2062
6833 2258 2927 -4664 1735 -2025
6989 2151 3314 -3198 1863 -2037
6775 1883 3739 -1846 1537 -2184
6608 1767 4472 245 976 -2738
7245 1382 6159 1790 1407 -3408
8680 408 7381 2557 2528 -3743
9246 -542 7218 3892 4805 -4168
9483 -2320 5702 5093 6026 -4476
9094 -3163 4586 7027 6801 -5121
8221 -4049 3182 8176 6705 -5680
7605 -4550 2332 9572 6161 -6568
6917 -5260 1049 8547 6097 -6522
5463 -4338 -969 9570 5661 -7001
3962 -7137 -4163 11899 3696 -8556
5056 -6122 -3482 12099 3117 -8784
5408 -6590 -1626 10702 3873 -8473
4894 -6738 -1611 9400 4557 -8314
2960 -7039 -2433 8159 4832 -8345
2343 -7113 -2756 6484 4644 -8277
2179 -7111 -2775 4936 4402 -7654
2034 -6972 -2611 3993 4371 -7008
1744 -6906 -2558 2877 4930 -5990
1102 -6717 -2622 2323 5439 -5345
650 -6422 -2745 1731 5504 -4387
-122 -5859 -3205 1481 4829 -3764
-573 -5276 -3308 1185 2994 -2863
-1016 -4262 -3271 1017 1869 -2305
-1179 -3571 -3155 789 791 -1530
-1182 -2560 -3131 650 613 -733
-1044 -1999 -3208 605 760 -145
-768 -1324 -3389 549 937 799
-303 -682 -3425 462 893 1431
-16 -227 -3394 262 593 2191
59 430 -3308 134 259 2414
125 719 -3374 115 -183 2413
794 830 -3449 225 -373 2393
1587 800 -3379 494 -503 2642
3071 700 -3332 855 -507 3289
4418 483 -3400 1142 -573 3783
4748 326 -3562 1630 -783 4140
4059 -105 -3236 2045 -984 3351
3372 -340 -2618 2049 -839 2680
3238 -367 -2048 1705 -242 1989
3277 -559 -1212 1034 594 1938
3144 -748 -868 308 1547 2368
2786 -780 -678 -151 2011 2777
2426 -750 -678 -702 2257 3348
1769 -799 -802 -954 2161 3621
959 -2169 345 -3721 82 5237
1117 -2274 178 -3800 207 5230
1237 -2367 104 -3824 377 5203
1365 -2454 -60 -3787 492 5153
1539 -2527 -185 -3688 660 5085
1765 -2519 -283 -3606 741 5005
1915 -2469 -355 -3564 790 4923
1973 -2364 -392 -3554 907 4730
2006 -2164 -338 -3598 981 4550
2012 -2057 -345 -3727 1071 4233
2055 -1798 -346 -3856 1082 4012
2123 -1657 -339 -4089 1079 3703
2371 -1437 -337 -4261 1137 3556
2597 -1265 -289 -4516 1331 3457
3248 -1004 -225 -4760 1660 3495
3415 -910 -321 -4833 1866 3579
3996 -441 -484 -4864 1858 3695
4394 -50 -526 -4863 1747 3628
4530 157 -531 -4878 1426 3141
4783 491 -403 -4885 1227 2563
5185 686 -382 -4809 1235 1517
5948 783 -259 -4706 1381 797
6341 772 -221 -4425 1885 -270
6694 541 -43 -4041 2289 -1271
6900 547 116 -3776 2235 -1819
7124 641 252 -3368 1991 -2452
7366 533 565 -3096 2022 -2799
7504 411 848 -2705 2459 -3186
7521 263 1477 -2476 2668 -3336
7488 182 1685 -2043 2562 -3427
7202 -197 1853 -1609 2225 -3492
6962 -454 2041 -743 1805 -3727
6799 -1117 2704 121 1871 -4034
7030 -2216 3857 534 2273 -4174
7155 -3296 4467 1013 3085 -4249
6900 -5039 4833 1403 3185 -4248
6643 -6212 4595 2456 2309 -4137
7781 -9063 3861 4126 1190 -3813
8084 -9678 3761 5412 889 -3751
8480 -11912 3730 7220 1148 -4501
7720 -12819 3232 8277 1523 -5639
6755 -12616 2491 9623 2296 -7672
6476 -12060 1616 10165 2931 -8447
4314 -10952 3568 9027 3939 -7824
5260 -11386 282 9023 3973 -7908
4582 -9564 710 8218 4296 -7897
3914 -8842 794 6778 4823 -7747
3260 -7775 95 5926 5210 -7498
2805 -7410 -747 5106 5687 -6971
2100 -6767 -2118 4818 5620 -6199
1528 -5768 -2856 4720 5227 -5563
845 -4814 -2892 4413 4388 -4618
385 -4210 -2840 3891 3428 -3832
-7 -3679 -3010 3524 2890 -3367
-117 -3320 -2979 2960 2417 -2667
-113 -2833 -2748 2559 2351 -2189
-85 -2497 -2586 1965 2468 -1469
61 -2152 -2514 1615 2511 -998
133 -1924 -2454 1172 2317 -372
165 -1719 -2370 935 1980 -48
425 -1573 -2328 775 1561 229
541 -1551 -2291 654 856 608
1055 -1607 -2080 559 251 991
1450 -1672 -1887 484 -37 1282
2275 -1565 -1671 379 -361 1841
3109 -1294 -1494 315 -530 2244
3452 -1174 -1454 272 -701 2735
3814 -945 -1580 369 -798 3027
4130 -903 -1828 519 -870 3134
4577 -987 -2152 820 -1071 3207
4811 -681 -2472 1077 -1152 3212
4902 -249 -2682 1501 -920 3227
4999 122 -2729 1681 -646 3274
4982 204 -2532 1608 -373 3376
4596 339 -1974 1302 -292 3406
4256 480 -1603 548 -149 3398
3833 656 -1199 -54 -3 3399
3502 671 -1034 -938 350 3374
2862 623 -988 -1421 626 3315
2415 549 -1059 -1884 992 3162
1725 489 -1130 -2023 1183 3029
1337 436 -1131 -2036 1362 2857
960 349 -1049 -1974 1455 2806
807 243 -912 -1881 1580 2872
716 93 -697 -1850 1656 3019
675 16 -571 -1872 1718 3349
551 -24 -393 -1939 1672 3586
430 -99 -339 -2068 1477 3880
248 -214 -293 -2192 1217 4056
198 -304 -300 -2262 1038 4124
235 -501 -178 -2344 883 4166
300 -599 -135 -2477 686 4190
404 -732 -80 -2634 584 4173
510 -1045 66 -2789 581 4107
632 -1308 160 -3095 707 3970
1009 -1683 259 -3447 999 3873
1303 -1943 292 -4098 1748 3800
1657 -2809 51 -4214 1833 3692
1458 -3003 50 -4408 1910 3369
1280 -3418 94 -4564 1934 3125
1442 -3813 20 -4817 1877 2911
1734 -4024 -65 -5058 1636 3039
2149 -4031 -212 -5197 1409 3333
2755 -3887 -466 -5399 1042 3895
3045 -3594 -717 -5549 890 4149
3173 -3392 -810 -5894 956 4133
6843 430 3635 -6879 -817 -2903
7273 566 4642 -5842 -666 -3400
7755 746 5878 -4742 26 -3893
8340 803 6727 -2625 1819 -4615
9402 636 7556 -288 3574 -5086
9416 476 7537 1253 4320 -5513
8452 447 6606 3479 5369 -6593
7841 70 5049 5556 6985 -7542
7655 -417 3753 7317 8680 -7647
6550 -1096 1573 8238 9553 -7535
5465 -1677 -394 8304 9943 -6910
3660 -1697 -3202 9364 8987 -6970
2651 -2324 -4880 10977 6864 -7534
2757 -2209 -3945 10837 5297 -7553
2690 -2232 -2331 9884 5098 -7444
2577 -2426 -1796 8028 5475 -7133
2489 -2962 -1565 6819 5665 -6792
2543 -3338 -1580 5318 5779 -6015
2402 -3732 -1804 4648 5753 -5413
2124 -3930 -1903 4099 5556 -4564
1590 -4051 -1885 3863 5402 -3859
1189 -4109 -1793 3724 4893 -3469
355 -3972 -1468 3457 3368 -3026
72 -3820 -1290 3232 2348 -2829
-71 -3635 -1106 2820 1316 -2596
-90 -3356 -938 2475 971 -2409
103 -2891 -806 2095 849 -2137
301 -2745 -907 1537 916 -1498
487 -2579 -1102 1125 997 -613
586 -2349 -1392 974 1022 1
415 -1953 -1686 891 1051 757
126 -1420 -1956 909 1109 1108
10 -1059 -2240 978 1215 1423
88 -719 -2473 898 1275 1609
717 -544 -2543 701 1274 1790
1398 -586 -2602 239 1021 2239
2466 -610 -2589 -327 381 2791
3388 -497 -2797 -602 -70 3109
3795 -367 -2952 -710 -519 3384
4291 -294 -3227 -576 -584 3434
4776 -335 -3421 -154 -333 3415
4906 -255 -3488 406 88 3331
4613 -150 -3244 731 345 3219
4272 -144 -2895 994 811 3037
3740 -214 -2405 1014 1155 2973
3366 -293 -2117 832 1575 3027
2683 -447 -1543 592 1774 3184
2537 -493 -1384 66 1958 3562
2029 -555 -892 -598 2022 4042
1730 -659 -721 -1071 1967 4339
1404 -758 -619 -1749 1693 4663
984 -872 -490 -2156 1370 4788
751 -1023 -400 -2673 713 4818
435 -1286 -247 -2946 261 4745
261 -1524 -162 -3234 -306 4563
216 -1737 -177 -3374 -527 4355
197 -1959 -99 -3459 -450 4236
278 -2155 200 -3699 -164 4147
412 -2215 485 -3926 102 4159
505 -2182 603 -4194 385 4223
566 -2171 656 -4599 738 4370
660 -2254 450 -4809 918 4473
765 -2270 156 -4972 1044 4618
892 -2272 -82 -4970 978 4746
1197 -2312 -383 -4905 860 4808
5333 -500 -641 -5088 571 1598
5641 -243 -90 -4915 60 1080
5912 -277 133 -4717 -309 183
6268 -304 279 -4498 215 -649
6635 -325 449 -4336 966 -1064
7211 -332 657 -4064 2298 -1410
7410 -211 798 -3838 3044 -1507
7251 225 768 -3534 3363 -1593
6836 474 569 -2860 2850 -1904
6123 751 556 -2048 1575 -2499
5867 832 744 -1513 796 -2954
6156 546 1550 -1052 426 -3372
6340 364 1918 -685 634 -3767
6833 -206 3177 -686 1395 -3823
6891 -1068 3880 -494 2090 -3734
6423 -3005 3745 -17 2230 -3708
6373 -3494 3721 7449 5152 -7148
5438 -9739 656 7186 5138 -7036
4473 -9049 244 6674 3829 -6863
4055 -8155 -130 5752 1941 -6591
3530 -7265 -552 5211 1547 -6513
2912 -6630 -1209 4696 2137 -6531
2420 -6275 -1706 4510 3259 -6484
1777 -5612 -2069 4394 3755 -6302
1341 -5205 -2214 4127 4126 -5802
840 -4471 -2291 3878 4227 -5335
511 -4033 -2441 3503 4273 -4525
40 -3433 -2655 3269 4244 -3966
-213 -2871 -2634 3009 4181 -3389
-271 -2717 -2622 2586 4142 -2522
-369 -2193 -2616 2191 4175 -1696
-393 -2100 -2640 1961 4149 -1190
-427 -1811 -2612 1616 3808 -506
-324 -1607 -2425 1365 3346 -88
-182 -1496 -2261 965 2472 501
266 -1443 -1988 688 1796 892
736 -1488 -1769 292 725 1522
1594 -1622 -1631 99 145 1980
2203 -1827 -1609 -26 -528 2703
3596 -2011 -1682 75 -1192 3472
4197 -1952 -1710 261 -1634 3936
4566 -1891 -1850 711 -1999 4329
4692 -1835 -2151 1081 -1982 4310
4822 -1729 -2331 1605 -1658 3996
5029 -1624 -2349 1810 -1279 3734
5400 -1232 -2088 1787 -297 3535
5802 -488 -1811 1560 450 3597
5844 83 -1589 943 1410 3828
5562 1087 -1351 416 1876 3956
5027 1681 -1304 -382 2071 3867
3975 2036 -1298 -840 1826 3596
3482 2039 -1306 -1315 1125 3083
2993 1872 -1230 -1478 682 2777
2701 1741 -1191 -1526 346 2389
2154 1483 -1183 -1444 384 2136
1786 1292 -1147 -1234 723 1791
1382 1060 -1077 -1064 1024 1610
1190 885 -1210 -756 1511 1470
984 531 -1236 -577 1831 1469
905 402 -1098 -472 2118 1601
737 249 -945 -508 2187 1744
684 102 -887 -684 2231 2009
582 -54 -638 -911 2191 2192
494 -158 -460 -1419 2013 2422
330 -380 -143 -1868 1857 2517
276 -555 55 -2639 1638 2587
315 -790 242 -3167 1527 2634
401 -915 293 -3875 1391 2746
568 -1205 188 -4256 1319 2846
606 -1289 140 -4663 1196 3029
742 -1480 -76 -4842 983 3242
921 -1659 -255 -4858 753 3397
1052 -1805 -349 -4786 309 3608
1070 -1890 -399 -4650 -100 3690
1023 -1987 -382 -4564 -267 3643
958 -2089 -279 -4559 -304 3430
1114 -2375 -91 -4759 -166 3186
1576 -2686 -115 -4956 -39 3100
1926 -2851 -241 -5262 117 3154
2786 -3209 -730 -5437 164 3308
3008 -3249 -863 -5638 188 3657
3606 -3291 -1090 -5826 267 3995
4064 -3079 -1138 -5989 474 4069
4162 -2850 -1105 -6348 1192 3747
4220 -2392 -948 -6886 2075 2901
4234 -1941 -894 -7284 2535 2158
4239 -1689 -961 -7765 2305 1023
4199 -1368 -1155 -7923 913 34
4293 -1265 -1187 -7814 -123 -531
4509 -1018 -935 -7453 -851 -1236
5134 -648 -55 -7231 -714 -1581
5629 -263 800 -7087 -349 -1875
5897 210 2254 -7085 -351 -2113
6377 600 3536 -6909 -478 -2303
7161 697 3960 -5734 -304 -2735
7878 858 4421 -3595 603 -3345
9007 1143 5841 -1429 1963 -4041
9426 1142 6961 -175 3091 -4617
9364 902 6774 1790 4825 -5590
8793 548 5202 3298 5734 -6204
1978 -3528 -2495 7671 6321 -6018
2156 -3801 -2047 6327 6418 -5450
2120 -3921 -2030 4597 6510 -4416
1744 -4276 -2296 3783 6434 -3775
1293 -4372 -2617 3169 5709 -3050
306 -4270 -3086 3136 3865 -2704
-527 -3824 -3013 3333 1564 -2621
-529 -3681 -2870 3406 424 -2585
-286 -3342 -2080 3164 -368 -2419
48 -2995 -1123 2747 -372 -2167
235 -2748 -758 1975 64 -1582
269 -2243 -850 1518 450 -1102
215 -2045 -957 1065 962 -369
61 -1468 -1376 938 1235 92
-74 -1130 -1767 994 1558 714
19 -635 -2254 1127 1697 1112
307 -370 -2448 1282 1752 1696
988 -201 -2571 1256 1597 2231
1686 92 -2727 1135 1228 2473
2275 396 -2744 838 330 2556
2673 517 -2787 541 -672 2366
3150 820 -2875 423 -1106 2152
3538 988 -2931 437 -1116 1894
4424 1210 -2985 546 -808 1872
4909 1163 -2966 735 -158 1986
4855 1010 -2962 901 649 1902
4009 837 -2749 956 1263 1661
3271 660 -2203 840 2063 1262
3104 601 -2013 646 2409 1138
2817 276 -1573 385 2595 1191
2620 18 -1445 -18 2716 1548
2249 -357 -1420 -254 2757 1907
1959 -564 -1404 -582 2705 2543
1510 -875 -1325 -796 2513 2979
1253 -1056 -1247 -1117 1917 3600
797 -1463 -1194 -1305 1362 3968
589 -1608 -1149 -1528 499 4414
408 -1662 -981 -1773 -297 4692
107 -1755 -554 -2007 -738 4775
-67 -1787 -277 -2489 -1085 4760
-184 -1781 209 -2912 -1085 4706
-170 -1806 524 -3680 -852 4640
-13 -1904 853 -4237 -614 4650
105 -1973 930 -5023 -261 4740
286 -2042 827 -5436 -96 4835
491 -2224 567 -5878 -25 5008
678 -2455 312 -6018 -61 5140
961 -2655 57 -6018 -124 5355
1408 -2876 -263 -5918 -89 5489
1736 -2870 -413 -5719 58 5652
2369 -2844 -457 -5624 161 5713
2803 -2809 -406 -5621 384 5680
3283 -2484 -316 -5703 669 5519
3446 -2085 -323 -5884 1228 4992
3636 -1452 -416 -5990 1633 4480
3949 -808 -634 -6055 2137 3634
4330 -430 -674 -6016 2261 2956
4775 140 -785 -5918 2004 2606
4983 567 -748 -5707 1238 2111
5190 1126 -546 -5557 830 1714
5359 1385 -211 -5432 526 971
5887 1919 261 -5321 1002 160
6301 2135 361 -5155 1827 -377
6842 2096 390 -4890 2644 -865
6946 1805 413 -4384 2887 -1520
6721 1130 917 -4077 2099 -1965
6821 332 1810 -3709 179 -2608
7131 -351 2426 -3318 -830 -3199
7663 -1736 3163 -2895 -379 -3500
8093 -2346 3788 -2114 992 -3549
8270 -3197 4618 -1551 1941 -3391
8041 -3738 4733 -470 2879 -3167
7131 -4990 4207 927 3045 -3340
6938 -5767 4034 1868 2774 -3674
7094 -6627 4000 3027 2082 -4285
7407 -7998 3909 3627 1870 -4741
7491 -8242 3824 4369 2238 -5378
7527 -9120 3342 5059 2941 -5789
7350 -9611 2574 5519 3172 -5885
7131 -9694 1904 6263 3157 -5918
7080 -9574 640 7166 3023 -5942
6741 -9118 -440 7757 2870 -6080
4338 -6856 2079 7408 3083 -6181
4747 -8219 -2294 8672 3379 -7345
5069 -7621 -1686 8603 3595 -7364
5051 -7108 -1334 7435 3837 -6627
3738 -6581 -1674 6518 4114 -6179
2660 -6091 -2245 5472 4592 -5856
1785 -5711 -2689 4929 4863 -5707
1232 -5113 -2800 4398 5127 -5416
1141 -4748 -2790 3576 5614 -4636
939 -4223 -2741 3052 5925 -3969
678 -3867 -2822 2432 6095 -2981
140 -3381 -3099 2180 5921 -2419
-236 -3092 -3301 2035 5190 -1757
-696 -2609 -3353 2021 3821 -1226
-812 -2067 -3100 2003 2772 -899
-774 -1799 -2782 1893 1465 -453
-569 -1470 -2254 1763 888 -202
-436 -1269 -1906 1510 405 96
-148 -1153 -1614 1361 281 255
141 -1168 -1551 1223 236 507
666 -1164 -1573 1202 215 702
1102 -1307 -1633 1235 151 1056
1932 -1529 -1657 1247 58 1353
2584 -1603 -1691 1243 -193 1883
3522 -1492 -1749 1238 -477 2266
3976 -1376 -1748 1222 -1034 2724
4263 -1084 -1739 1240 -1400 2859
4439 -856 -1875 1279 -1396 2797
4792 -828 -2081 1398 -1188 2697
5503 -881 -2557 1520 -1006 2724
5691 -859 -2776 1651 -639 2822
5218 -529 -2642 1609 -284 2834
4791 -185 -2319 1230 370 2803
4287 177 -1698 769 740 2815
4066 331 -1294 -150 1075 2932
482 137 -574 -1459 1057 3158
503 55 -459 -1477 1013 3485
467 -73 -328 -1599 969 3950
411 -167 -264 -1745 958 4191
130 -331 -21 -2086 933 4354
-1 -539 178 -2415 933 4327
-11 -798 358 -3042 994 4200
136 -1051 475 -3498 1058 4149
501 -1466 516 -3940 1088 4153
763 -1746 421 -4471 1079 4284
1212 -2048 109 -4680 1007 4444
1567 -2291 -147 -4762 716 4743
1747 -2529 -404 -4696 484 4876
1679 -2563 -430 -4552 266 4815
1532 -2740 -211 -4524 259 4582
1671 -2978 -1 -4632 478 4110
1867 -3145 128 -4895 792 3692
2220 -3347 79 -5097 977 3529
2481 -3421 -51 -5333 1010 3512
2998 -3511 -332 -5431 858 3647
3292 -3594 -507 -5490 467 3889
3505 -3751 -694 -5510 298 3897
3539 -3753 -704 -5537 408 3720
3747 -3730 -645 -5699 838 3263
4150 -3471 -468 -6050 1390 2764
4441 -3036 -403 -6324 1699 2468
4498 -2711 -460 -6663 1923 2031
4424 -2121 -559 -6814 1918 1695
4250 -1722 -543 -6918 1885 1052
4090 -1093 -422 -6921 1859 566
3949 -661 -241 -6881 1524 -154
4060 184 420 -6786 588 -715
4149 373 654 -6650 -89 -1017
4536 884 1744 -6287 -635 -1430
5520 1343 3081 -5859 -429 -1633
6242 1466 3953 -4841 349 -1858
7312 1619 4967 -3351 1324 -2180
8005 1759 5984 -2224 2040 -2573
8465 1804 6589 -449 2966 -3398
8622 1632 6723 1374 3627 -4379
8754 1114 6624 2542 4280 -5039
9131 501 6227 4144 5846 -5767
8994 -457 4986 5643 7228 -6231
8362 -1495 2829 6747 7752 -6489
7609 -2482 580 8486 7872 -6874
7074 -3068 -895 8987 9183 -7298
6507 -2581 -1534 9869 8385 -6885
4616 -5037 -5222 11492 7451 -7395
4247 -3815 -3781 11403 6649 -7800
3508 -4357 -3188 10502 6778 -8017
3334 -4230 -2095 9181 6830 -7976
3238 -4706 -2064 7165 7071 -7501
3122 -5234 -2634 5717 7003 -6568
2898 -5501 -3073 5168 6849 -5812
2130 -5524 -3431 4875 6727 -5035
1526 -5379 -3324 4618 6392 -3997
737 -5188 -3314 4411 4985 -3238
-95 -4627 -3117 4229 3317 -2836
-288 -4161 -2696 3717 969 -2346
-372 -3461 -1769 2835 -99 -2059
-365 -3006 -1244 2135 -102 -1898
-246 -2497 -969 1196 323 -1535
-135 -2216 -1353 782 554 -1208
-160 -2045 -1754 560 650 -682
-257 -1757 -2330 636 600 -338
-228 -1593 -2623 911 514 197
233 -1207 -2569 1063 485 815
421 -1101 -2532 1028 523 1259
1335 -932 -2404 739 548 1913
1610 -834 -2410 453 340 2326
2684 -358 -2571 31 -209 2761
2846 -197 -2663 -160 -438 2836
3193 237 -2997 -211 -488 2728
3418 450 -3193 -46 -385 2358
3858 666 -3352 177 -205 2093
4219 683 -3284 527 194 1837
4409 715 -3159 731 475 1753
4156 808 -3018 967 889 1621
3410 853 -2593 1031 1159 1497
2956 749 -2237 961 1445 1387
2609 440 -1835 770 1595 1559
2448 -4 -1664 612 1689 1859
2323 -271 -1505 315 1775 2509
1899 -657 -1303 111 1870 2999
1786 -742 -1226 -253 1957 3718
1342 -1007 -1063 -642 1718 4341
1224 -1067 -1088 -860 1440 4651
829 -1276 -1005 -1072 1098 4866
634 -1403 -854 -1420 452 5040
453 -1557 -535 -1866 -137 5106
382 -1717 -225 -2240 -432 5119
423 -1900 264 -2901 -715 5167
535 -2007 605 -3350 -803 5232
589 -2097 711 -3937 -843 5344
679 -2306 707 -4354 -766 5451
736 -2453 628 -4519 -667 5508
1080 -2920 345 -4598 -587 5569
1199 -3013 277 -4603 -544 5682
1557 -3253 97 -4497 -417 5791
1881 -3329 -9 -4387 -260 5869
2306 -3299 -110 -4224 63 5932
2584 -3215 -139 -4162 290 5904
2813 -3055 -151 -4167 628 5657
2615 -2614 -177 -4218 942 5314
2484 -2250 -177 -4361 1519 4676
2634 -1718 -67 -4498 1889 4316
2954 -1489 -21 -4777 2419 4043
3559 -1294 -47 -4992 2691 4038
3976 -933 -217 -5282 2771 4151
3920 -625 -333 -5435 2209 4116
3579 -198 -454 -5410 1371 3672
3420 23 -441 -5316 1003 3166
3538 420 -361 -5045 986 2253
3695 470 -365 -4781 1318 1697
4549 416 -263 -4495 1701 1270
4697 433 -234 -4093 2091 816
5006 496 -133 -3788 1917 412
4992 425 8 -3674 1289 29
5039 257 196 -3533 340 -670
5573 72 211 -3391 285 -1084
6572 -315 315 -3212 721 -1420
7133 -536 370 -2835 2078 -1718
7503 -657 502 -2360 3408 -1861
7068 -502 542 -1979 3635 -1989
6490 -386 416 -1338 2741 -2422
5838 -222 816 -1009 1709 -2862
5833 -162 1369 -827 852 -3561
6287 -433 2503 -1038 1436 -4053
6731 -1104 3344 -1244 2240 -4188
6722 -1902 3377 -1153 3149 -4144
6469 -3361 2771 -254 3011 -3923
5982 -4711 2348 672 2425 -3817
5888 -5387 2661 1947 1639 -3874
6242 -6168 3485 2678 1925 -4174
6643 -6837 3601 3030 2572 -4385
7017 -7790 2276 3983 3022 -4521
6913 -8765 -39 5006 2471 -4619
6651 -9021 -869 6447 1367 -5130
6607 -8781 -550 6870 1356 -5657
6721 -8349 -57 5052 492 -5590
5407 -7671 -2547 5468 4361 -6425
5219 -7441 -2752 6230 4499 -6778
5065 -7308 -2073 6040 3536 -6452
4756 -6656 -1924 5140 2661 -5952
3722 -6156 -2091 4402 3219 -5892
3178 -5876 -2484 4127 3872 -5829
2750 -5394 -2814 3790 4517 -5337
2308 -4774 -2813 3522 4810 -4823
1820 -4338 -2818 3104 5184 -4103
963 -3881 -2981 2884 5271 -3752
495 -3658 -3151 2676 4994 -3361
47 -3391 -3340 2616 4598 -3139
-136 -3168 -3357 2572 3892 -2787
-375 -2748 -3272 2539 3379 -2544
-536 -2467 -3122 2430 2662 -2195
-589 -2162 -2855 2238 2119 -1835
-383 -1962 -2520 2043 1834 -1550
-191 -1941 -2369 1713 1633 -1052
180 -1967 -2283 1495 1595 -682
504 -1968 -2228 1181 1507 -63
1042 -1991 -2227 920 1348 602
1591 -1994 -2313 812 1200 1049
1922 -1870 -2470 810 865 1681
2501 -1687 -2701 904 571 2079
2951 -1402 -2776 1052 220 2441
3051 -1266 -2810 1349 -305 2847
3214 -744 -2916 1612 -533 3018
3459 -418 -3088 2091 -672 3237
3856 -162 -3347 2420 -753 3397
4033 17 -3409 2799 -893 3643
3881 373 -3014 2866 -923 3763
3639 702 -2417 2555 -716 3885
3435 1484 -1542 2122 -472 3995
3295 1932 -1292 1392 -92 4172
2814 2028 -1249 963 89 4181
2315 1856 -1387 533 327 3917
1643 1524 -1580 386 532 3608
1391 1269 -1592 256 932 3158
1277 888 -1367 143 1237 2952
1278 573 -1077 -194 1633 2804
1335 -39 -728 -507 1846 2795
1455 -408 -655 -1002 2038 2901
1556 -886 -628 -1308 2051 3017
1525 -1162 -582 -1745 1913 3168
1371 -1619 -444 -2017 1768 3224
1284 -1810 -323 -2404 1580 3266
1200 -1915 -160 -2723 1557 3320
1167 -1923 -74 -2900 1646 3394
1123 -1851 12 -3047 1785 3499
1098 -1818 -8 -3184 2030 3712
1058 -1719 -74 -3239 2233 4001
1014 -1572 -123 -3237 2293 4328
979 -1482 -150 -3222 2213 4541
935 -1500 -124 -3231 1924 4793
3947 -4071 367 -5816 1781 4653
4275 -3982 286 -6203 2300 4564
4320 -3635 203 -6439 2470 4380
4154 -3322 152 -6749 2591 3808
3958 -3045 108 -6916 2572 3275
3990 -2905 7 -7029 2371 2438
4140 -2649 -111 -7001 2235 1915
6042 1686 2852 -5429 2409 -2052
5919 2197 3573 -4171 1938 -2323
5876 2372 3949 -2816 1720 -2563
6270 2038 4170 -244 1975 -3049
7030 1825 4876 1453 2487 -3455
7424 1727 5234 3540 3308 -4174
8015 1414 5711 4439 3686 -4713
8339 1237 5754 5269 4447 -5674
8238 621 4710 6273 5458 -6724
7992 -47 3426 7241 5929 -7324
7092 -1083 1554 8787 6620 -8136
4571 -2014 2121 8876 7576 -8097
4465 -3087 -950 10132 7904 -8824
3883 -3446 -2274 10922 7352 -9139
3282 -3722 -1393 10420 6941 -9089
2912 -3825 -1148 9077 6991 -8830
2517 -3915 -1350 7659 6968 -8241
2572 -3981 -1270 6659 6695 -7651
2572 -4269 -1518 5397 6319 -6642
2174 -4314 -1869 4847 5610 -6020
1702 -4342 -2179 4371 3753 -5316
1154 -4477 -2217 4036 1885 -4799
1087 -4351 -2033 3736 990 -4460
1060 -4423 -1440 3262 508 -4127
1172 -4413 -985 2206 457 -3521
1391 -4386 -696 1035 953 -2756
1351 -4272 -742 366 1343 -2211
707 -3450 -1385 -253 1741 -1511
467 -3242 -1640 -349 1860 -1171
-169 -2607 -2304 -147 1819 -776
-531 -1904 -2580 69 1680 -488
-604 -1494 -2616 309 1398 78
-427 -823 -2437 319 956 862
-10 -260 -2442 252 567 1429
119 117 -2457 124 -32 2058
78 665 -2497 84 -299 2222
139 1007 -2600 205 -367 2220
828 1255 -2817 419 -229 2209
1141 1257 -2875 866 189 2407
2059 1162 -2869 1171 442 2678
2572 1063 -2893 1578 719 3142
3032 966 -3002 1821 814 3384
3188 824 -2977 2078 727 3520
3140 362 -2384 2078 641 3322
3111 227 -2205 1937 869 3090
3519 -160 -1762 1532 1857 2954
4204 -561 -1244 1106 2712 3081
4496 -853 -964 266 3457 3480
4514 -1182 -727 -330 3330 3754
3995 -1457 -807 -1019 2432 3983
3383 -1484 -960 -1289 1214 3862
2401 -1363 -1093 -1261 477 3609
1890 -1256 -1066 -1057 -251 3137
1417 -1196 -939 -894 -438 2873
1115 -1251 -747 -707 -238 2647
960 -1187 -664 -634 458 2665
708 -1058 -420 -713 946 2811
598 -914 -307 -982 1501 3236
441 -849 -245 -1244 1688 3612
282 -926 -295 -1667 1664 4181
-10 -1023 -454 -1943 1445 4495
-208 -1084 -543 -2310 929 4804
-373 -1262 -605 -2666 372 4921
-362 -1430 -546 -2926 39 4960
-75 -1652 -474 -3197 -195 4999
185 -1807 -413 -3655 -309 5077
557 -2069 -239 -4190 -199 5158
815 -2146 -230 -4547 -62 5219
1271 -2199 -282 -5063 73 5311
1566 -2189 -345 -5369 81 5332
1897 -2181 -479 -5721 103 5303
2377 -2251 -671 -5854 98 5290
3108 -2133 -864 -5930 174 5183
3394 -1966 -900 -5934 457 5005
3884 -1882 -866 -5969 1243 4668
4644 -1580 -725 -6032 1952 4427
5057 -1210 -717 -6147 2843 4049
5511 -754 -825 -6202 2996 3737
5555 -417 -1010 -6121 2501 3050
5579 109 -1282 -5912 1935 2442
5630 327 -1298 -5455 1319 1321
5942 375 -1103 -5149 1244 532
6246 366 -567 -4951 1014 -473
6711 282 103 -4958 765 -996
6880 171 377 -4989 618 -1680
7257 -581 793 -4893 927 -2247
7555 -1015 911 -4670 1333 -2454
7772 -1328 1007 -4056 1944 -2474
7756 -1600 1100 -3186 2059 -2437
7238 -1976 1368 -2538 1917 -2611
6958 -2344 1683 -1585 1762 -3221
6936 -3113 2310 -996 1690 -3680
7212 -3583 2697 -72 1672 -4106
7556 -4138 3066 626 1823 -4223
7777 -4946 3457 1815 2248 -4451
7802 -5588 3515 2705 2604 -4744
7870 -6470 3240 4171 3295 -5338
7899 -7200 2916 5080 3914 -5739
7880 -7546 2735 5997 4652 -6199
7675 -7767 2042 6369 4860 -6393
7517 -8024 1327 6772 4870 -6588
7350 -8402 70 7030 4737 -6649
6978 -7938 1141 6012 5235 -5814
5152 -9087 -3726 7375 4211 -6465
5465 -7855 -2873 7996 2909 -6908
5704 -7638 -1283 6934 2784 -6760
5128 -7249 -1436 6043 3062 -6553
4349 -7170 -2196 5093 3513 -6353
3375 -6803 -2909 4637 3635 -6222
2935 -6459 -2927 3951 3747 -5880
2390 -5807 -2750 3474 3965 -5560
1982 -5385 -2581 2782 4429 -5032
1335 -4778 -2488 2388 4715 -4688
963 -4449 -2505 1965 4948 -4187
507 -4017 -2662 1811 4994 -3842
248 -3685 -2723 1726 4767 -3299
1963 -802 -2730 1640 614 1817
2274 -482 -2765 1608 97 2424
2703 -89 -2833 1627 -307 2755
2910 112 -2911 1739 -898 3084
3253 203 -2997 1851 -1147 3214
3477 194 -3034 2016 -1183 3329
3559 65 -2708 2017 -756 3380
3469 23 -2217 1822 -298 3432
3400 67 -1733 1256 442 3619
3365 324 -1308 815 806 3837
3263 423 -1176 202 982 4156
2864 417 -1252 -174 966 4250
2316 364 -1382 -272 940 4161
1950 334 -1309 -292 906 3860
1514 253 -1245 -227 948 3623
1358 125 -1270 -76 1195 3354
1277 -22 -1010 -44 1450 3288
1285 -71 -718 -199 1818 3362
1280 -105 -432 -406 2102 3500
1321 -173 -236 -863 2471 3784
1300 -272 -80 -1214 2602 3968
1220 -258 -68 -1713 2584 4146
1023 -278 -131 -2081 2370 4171
782 -376 -181 -2243 2157 4105
672 -479 -137 -2414 1830 3935
641 -624 -63 -2506 1677 3826
703 -886 88 -2654 1593 3756
932 -1126 265 -2791 1596 3795
1092 -1287 346 -3010 1619 3980
1353 -1491 314 -3115 1635 4176
1498 -1550 232 -3172 1571 4499
1491 -1572 100 -3139 1495 4656
1348 -1570 33 -3021 1398 4678
1187 -1677 33 -2911 1295 4472
1119 -1815 175 -2894 1268 4262
1132 -1917 338 -3035 1302 3919
1280 -2114 538 -3265 1347 3730
4588 -2868 62 -6397 2837 3180
4934 -2576 -24 -6959 3037 2598
5189 -2041 -315 -7227 3081 2077
5045 -1548 -547 -7348 2839 1057
4762 -866 -821 -7136 2295 -48
4682 -191 -907 -6876 1753 -692
4718 42 -804 -6475 868 -1488
4875 503 -311 -6204 283 -2102
5283 888 286 -6085 265 -2422
5612 1153 607 -5890 877 -2764
6069 1464 1029 -5688 1376 -2880
6426 1733 1338 -5196 1570 -2805
6689 2162 1807 -4615 1312 -2686
6605 2381 2140 -3186 1035 -2728
6521 2497 2739 -1422 1244 -3152
6879 2462 4033 -316 1604 -3496
7146 2135 4669 1221 2324 -3955
7693 1300 5271 2693 2997 -4287
7932 713 5355 3714 3692 -4545
8229 -421 5301 5190 4972 -5056
7722 -1344 4797 6109 5811 -5534
7201 -2015 4114 7455 6529 -6195
6659 -3149 2920 8678 6722 -6559
6203 -3777 1953 9245 6768 -6592
4289 -3076 2089 9205 6800 -6323
3121 -5322 -2619 10514 5761 -7122
4125 -4712 -1457 10693 4616 -7301
4567 -5198 -437 9520 4624 -6871
377 -4363 -1719 1901 3642 -3292
-261 -3759 -2065 1663 3345 -2908
-589 -3394 -2288 1399 2613 -2436
-816 -3085 -2342 1208 2105 -2148
-846 -2547 -2421 1001 1728 -1817
-718 -2295 -2493 659 1406 -1161
-416 -2061 -2672 436 1291 -591
4690 16 -3219 1097 20 3710
4618 -100 -3203 1507 -343 3686
3955 -336 -2989 1737 -483 3318
3576 -514 -2844 1973 -206 2575
3433 -663 -2409 1992 267 2236
3514 -761 -1960 1725 1203 2212
3516 -762 -1235 1340 1882 2470
3338 -677 -925 565 2795 3027
2847 -583 -574 -30 3236 3395
2415 -516 -471 -925 3584 3788
1582 -454 -493 -1675 3504 3979
1420 -451 -465 -2103 3188 4031
1041 -539 -326 -2640 2443 4067
872 -697 -260 -2930 1911 4104
734 -1023 -180 -3156 1419 4156
676 -1370 -151 -3393 795 4283
682 -1569 -61 -3585 250 4453
676 -1732 75 -3712 -35 4563
706 -1877 276 -3925 -263 4706
684 -2023 420 -4073 -283 4760
676 -2120 445 -4297 -183 4773
737 -2265 473 -4524 -29 4747
882 -2467 376 -4650 98 4725
1050 -2566 217 -4735 239 4733
1333 -2715 4 -4740 246 4774
1487 -2787 -119 -4661 198 4853
1739 -2749 -349 -4551 168 4896
1878 -2687 -412 -4376 76 4895
1876 -2585 -345 -4275 114 4728
1933 -2498 -281 -4259 285 4558
2225 -2309 -174 -4326 644 4301
2399 -2084 -64 -4435 940 4136
3060 -1704 120 -4596 1289 3988
3226 -1608 198 -4947 1913 3769
3800 -1294 274 -5207 2477 3608
4185 -1029 213 -5535 3220 3305
4415 -645 -96 -5641 3274 2802
4507 -417 -416 -5552 2858 2353
4709 -277 -544 -5206 1901 1585
5262 -221 -463 -4743 1049 725
5445 -278 -165 -4491 574 78
5746 -365 191 -4240 480 -870
6639 -403 799 -4061 1152 -1574
7080 -460 887 -3895 1926 -1873
7309 -605 830 -3443 3317 -2145
7124 -521 787 -3012 3773 -2275
6779 -327 583 -2136 3164 -2509
6017 -72 612 -1491 2385 -2776
5892 -1 779 -703 1496 -3345
5824 29 1640 -452 1253 -3708
6015 -149 2453 -525 1228 -4002
6346 -630 3383 -714 1542 -3969
6435 -1561 3659 -463 2001 -3844
6452 -2534 3694 75 2289 -3782
6889 -4761 3840 1319 2699 -3638
7041 -5289 3914 2294 2708 -3561
7127 -6874 3921 3910 2188 -3776
7217 -8347 3603 5061 1793 -4196
7409 -9495 3418 6661 1537 -5186
7278 -10539 3106 7513 1638 -5986
7132 -10718 2622 8470 2116 -7014
6815 -10469 1766 8872 2575 -7392
6571 -10222 1458 6796 1886 -6620
5220 -9049 -270 7504 3658 -6729
4778 -9701 299 7887 3472 -7374
4504 -8742 -261 7755 3612 -7514
4568 -7816 250 6734 3354 -7191
4240 -7404 175 5561 3532 -6699
3335 -6715 -545 4971 3764 -6486
2772 -6297 -1020 4374 4044 -6278
2250 -5665 -1708 4148 4248 -6098
1984 -5316 -2034 3933 4632 -5662
1620 -4686 -2124 3648 4934 -5055
1199 -4077 -2032 3376 5030 -4614
795 -3551 -2015 2914 4945 -3973
607 -3242 -2129 2531 4584 -3374
435 -3037 -2323 2364 4236 -2994
317 -2765 -2519 2254 3808 -2611
283 -2545 -2549 2118 3074 -2040
277 -2312 -2440 1996 2585 -1672
302 -2179 -2326 1766 1998 -1130
457 -2011 -2183 1592 1708 -757
623 -1939 -2076 1290 1393 -137
1176 -1787 -1857 989 1264 619
1574 -1721 -1886 834 1223 1217
1924 -1602 -1980 689 1018 2174
2474 -1411 -2105 623 546 3102
3078 -1261 -2126 602 114 3663
3410 -1114 -2143 635 -626 4327
3690 -795 -2217 705 -1000 4588
3944 -762 -2280 828 -1061 4735
4484 -874 -2410 884 -755 4742
4875 -832 -2446 853 -75 4761
5192 -530 -2287 629 646 4766
5057 -417 -2218 374 1130 4705
4836 -288 -2128 -140 1693 4521
4432 -40 -1749 -584 1828 4366
4088 133 -1472 -1346 1755 4084
3455 335 -1101 -1861 1618 3866
3043 384 -880 -2553 1344 3546
2488 377 -771 -2896 1191 3371
2157 327 -795 -3209 1032 3176
1748 165 -765 -3342 983 3095
1545 100 -701 -3370 1012 3122
1312 -12 -536 -3377 1102 3271
1130 -155 -375 -3375 1179 3424
985 -241 -269 -3381 1330 3691
909 -301 -192 -3400 1430 3890
876 -471 -73 -3448 1471 4101
839 -694 51 -3556 1370 4374
726 -856 135 -3715 1174 4522
672 -1173 265 -3843 1023 4566
