0 0 0 0 0 0
4318 -637 -1654 886 -1062 3300
4341 -555 -1469 569 -568 3379
4358 -287 -1075 19 -42 3453
4219 19 -931 -395 241 3489
4024 168 -1060 -878 565 3439
3644 399 -1305 -1083 784 3253
3212 602 -1413 -1093 911 3062
2908 673 -1377 -1032 1089 2741
2550 723 -1292 -986 1179 2557
2331 699 -1247 -965 1255 2380
2210 565 -1164 -997 1279 2356
2278 448 -1044 -1153 1243 2508
2245 359 -759 -1349 1143 2679
2119 362 -634 -1703 939 2895
1761 359 -542 -2024 728 2901
1400 335 -512 -2173 601 2781
1192 282 -521 -2288 460 2467
995 197 -497 -2295 460 2108
947 129 -409 -2280 558 1916
949 27 -239 -2291 849 1768
923 -76 -98 -2330 1105 1751
864 -164 -72 -2405 1486 1812
824 -285 -107 -2440 1667 1909
786 -350 -154 -2439 1779 2109
687 -450 -281 -2399 1770 2247
677 -605 -351 -2275 1512 2470
625 -674 -391 -2103 986 2642
498 -839 -365 -1982 615 2687
451 -961 -294 -1849 152 2628
516 -1175 -66 -1824 -38 2543
621 -1319 142 -1951 -94 2401
794 -1637 427 -2141 18 2307
873 -2021 524 -2534 315 2187
967 -2556 605 -2955 616 2087
1030 -3250 622 -3234 759 2030
1106 -3693 556 -3613 1007 1992
1492 -4298 338 -3806 1229 2072
1870 -4693 133 -3985 1482 2444
2548 -5045 -140 -4084 1402 3130
2928 -5013 -263 -4123 1241 3670
2976 -4771 -227 -4191 1046 4378
2766 -4291 -1 -4366 945 4702
2536 -3781 223 -4559 986 4641
2529 -3467 360 -4943 1208 4237
2800 -3038 406 -5223 1426 3871
3103 -2816 362 -5581 1811 3362
3560 -2564 178 -5735 2034 3076
3755 -2381 106 -5840 2139 2695
3787 -2125 38 -5827 2018 2403
3429 -1692 10 -5729 1542 1739
3021 -1213 151 -5646 1049 1136
3067 -975 373 -5579 304 209
3629 -571 982 -5625 -66 -267
4142 -49 1330 -5753 -22 -659
4794 537 1466 -5682 676 -798
5100 1000 1071 -5377 1206 -871
5045 1198 795 -4529 1628 -1138
4919 1479 870 -3833 1607 -1467
4954 1657 1439 -3032 1365 -2089
5302 1915 2829 -2852 1265 -2436
5674 1978 3675 -2948 1325 -2667
6031 1803 4320 -2926 1512 -2635
6017 1144 3809 -2371 1772 -2658
5934 573 3354 -535 2356 -2886
6159 -189 3503 975 2704 -3114
6550 -630 4149 2720 3217 -3393
7100 -1276 4804 3573 3788 -3727
7176 -2199 3979 3992 3930 -4086
6962 -2792 2846 5019 3711 -4844
6672 -3354 1683 6306 3572 -5651
6579 -3507 1367 6968 3642 -6061
6170 -3890 757 7392 3754 -6375
5685 -4121 115 5161 -1797 -5780
3731 -4587 -3410 7275 3907 -6664
3186 -4517 -4097 8681 2924 -7476
3973 -3924 -2480 9145 1965 -7757
4311 -4043 -1109 8036 2695 -7283
3918 -4203 -1005 7090 3677 -6848
2794 -4498 -1792 5991 4826 -6392
1893 -4576 -2779 5570 5114 -6210
1597 -4592 -3106 5177 5176 -5909
1439 -4496 -2931 4709 5114 -5396
1239 -4317 -2744 4311 5117 -4974
816 -4175 -2720 3699 5101 -4363
451 -3993 -2814 3144 4635 -3862
24 -3551 -2975 2843 3957 -3570
-207 -3256 -3065 2494 2719 -3181
-426 -2863 -3051 2302 2032 -2945
-470 -2569 -2965 1989 1429 -2542
-399 -2223 -2841 1626 1333 -1991
-282 -1996 -2795 1367 1379 -1490
-109 -1594 -2784 997 1348 -615
-27 -1202 -2795 786 1276 -23
26 -920 -2753 520 1137 740
165 -467 -2669 378 1003 1128
311 -209 -2651 230 788 1543
917 62 -2635 178 385 1895
1819 117 -2558 164 57 2151
2428 88 -2469 206 -408 2575
3329 74 -2389 349 -762 2967
3686 152 -2339 503 -810 3117
3798 206 -2309 780 -553 3105
3951 -12 -2142 935 -339 2986
3883 -143 -1873 1045 -7 2749
3755 -82 -1630 987 428 2568
3530 -58 -1185 730 859 2556
3351 -117 -829 476 1104 2666
3223 -208 -747 89 1358 2970
3003 -402 -717 -130 1427 3231
2853 -476 -753 -357 1336 3675
2658 -615 -835 -463 1084 4130
2474 -718 -816 -512 874 4400
2130 -836 -635 -582 688 4615
1910 -1271 -9 -1461 741 5199
1828 -1508 165 -1835 928 5265
1851 -1580 151 -2416 1086 5332
1855 -1752 0 -2752 1030 5379
1840 -1875 -136 -3113 745 5403
1760 -1935 -297 -3254 267 5333
1592 -1922 -310 -3248 -18 5203
1535 -1904 -233 -3190 -208 4891
1465 -1793 -27 -3175 -183 4633
1487 -1731 72 -3246 47 4232
1704 -1685 188 -3421 340 3927
1793 -1626 219 -3572 482 3770
1723 -1517 175 -3718 598 3603
1652 -1445 39 -3878 729 3300
1599 -1400 -112 -3898 796 2951
1534 -1429 -191 -3848 789 2574
1600 -1449 -198 -3802 735 2240
1738 -1427 -166 -3789 709 2074
1784 -1403 -128 -3830 631 1903
1870 -1396 -99 -3885 581 1829
1955 -1411 -71 -4005 504 1774
2149 -1464 -48 -4094 464 1782
2306 -1570 -10 -4230 477 1833
2477 -1622 -28 -4317 549 1924
2803 -1613 -62 -4327 599 2038
2907 -1502 -100 -4242 730 2211
3024 -1219 -181 -4118 873 2302
3048 -994 -258 -3816 1132 2357
2973 -597 -363 -3393 1400 2250
2811 -133 -361 -3096 1526 2055
2711 92 -263 -2744 1646 1543
2703 389 -51 -2616 1741 1097
2839 550 51 -2564 1963 488
3131 801 32 -2574 2134 195
3209 895 -181 -2493 2239 -98
3212 984 -569 -2213 1840 -328
3464 961 -670 -1851 1177 -542
3740 916 -511 -1584 763 -737
4085 784 25 -1558 732 -904
4241 670 495 -1800 1009 -1277
4551 338 970 -2181 1410 -1713
4762 14 981 -2314 1572 -1992
4877 -172 901 -2146 1540 -2322
5025 -609 701 -1725 1445 -2479
5139 -875 745 -727 1243 -2616
5226 -1037 1455 -25 1175 -2679
5290 -1024 2096 799 1188 -2785
5254 -1058 2645 1199 1183 -2917
5285 -1358 2920 1582 1108 -3122
5601 -2011 2567 2418 901 -3498
6666 -3125 2213 3490 550 -3716
7542 -3984 2909 4042 547 -3818
7775 -4585 3532 4306 852 -4008
7669 -5244 3840 4359 1437 -4607
7446 -6315 3392 4462 1600 -5190
7518 -7194 2905 4963 1558 -6079
7915 -8177 2217 5711 1829 -6755
7850 -9144 1890 6132 2355 -7108
7749 -9701 1637 6457 3073 -7371
7405 -10142 1013 6512 3380 -7340
7316 -6221 -4 3752 3780 -6459
5092 -10202 -1566 5439 3526 -6505
4819 -9129 -1140 6119 3150 -7096
4902 -8579 -252 5781 3535 -7109
4620 -7710 -95 5260 4101 -6790
4089 -7224 -464 4509 4804 -6083
3070 -6423 -1344 4191 5075 -5627
2451 -5801 -1821 3975 5104 -5040
1675 -5008 -2460 3958 4987 -4698
1306 -4456 -2576 3931 4706 -4201
955 -3686 -2439 3810 4460 -3835
765 -3231 -2394 3480 4007 -3244
512 -2676 -2449 3117 3521 -2668
286 -2298 -2476 2886 3222 -2310
209 -2038 -2477 2570 2817 -1817
167 -1753 -2388 2381 2598 -1506
191 -1577 -2262 2093 2321 -1064
180 -1259 -2031 1785 2001 -675
255 -1057 -1892 1598 1789 -452
414 -998 -1774 1328 1418 -146
626 -1034 -1613 1153 1104 40
902 -1071 -1610 968 726 358
1455 -1212 -1600 898 553 648
1851 -1293 -1682 879 309 1192
2442 -1259 -1777 916 99 1618
2803 -1134 -1777 993 -327 2259
3117 -917 -1788 1042 -580 2616
3199 -792 -1795 1097 -759 2952
3461 -572 -1749 1056 -705 3148
3904 -484 -1782 973 -586 3289
4203 -448 -1818 765 -408 3528
4382 -393 -1822 469 -368 3791
4403 -290 -1689 87 -434 3971
4165 -110 -1461 -202 -478 3993
3933 100 -1232 -682 -488 3866
3604 475 -1056 -974 -412 3710
3363 652 -1145 -1220 -148 3406
2878 634 -1511 -1206 53 3158
2517 584 -1743 -959 366 2747
2069 571 -1709 -701 720 2420
1796 603 -1204 -685 959 2313
1702 644 -789 -987 1297 2380
1524 652 -237 -1605 1577 2624
1357 563 61 -2098 1673 2833
1242 429 18 -2745 1696 3140
1117 63 -365 -3053 1547 3390
1007 -290 -763 -3037 1330 3518
910 -583 -1019 -2745 903 3658
861 -728 -1013 -2323 576 3733
829 -720 -646 -2111 506 3753
844 -649 -256 -2080 583 3778
865 -548 243 -2391 868 3775
800 -541 489 -2719 1160 3740
776 -564 507 -3242 1608 3641
770 -679 338 -3525 1817 3565
802 -860 148 -3770 1949 3475
882 -1130 -137 -3770 1884 3424
1099 -1433 -331 -3654 1730 3423
1258 -1615 -391 -3366 1295 3479
1227 -1844 -357 -3156 954 3467
1052 -2087 -182 -2900 577 3257
983 -2304 3 -2827 450 2824
1139 -2776 225 -2896 483 2513
1364 -3080 256 -3127 602 2164
1713 -3462 112 -3292 678 2053
1991 -3664 -24 -3476 800 2092
2314 -3961 -211 -3555 862 2213
2530 -4089 -282 -3640 1009 2484
2792 -4087 -252 -3767 1207 2773
3003 -4020 -182 -3894 1349 2935
3123 -3914 -121 -4145 1502 3103
3202 -3691 -3 -4456 1493 3087
3126 -3379 91 -4661 1451 2933
3097 -3078 109 -4902 1414 2526
2954 -2681 135 -5024 1389 2147
2836 -2436 170 -5167 1377 1475
2714 -2080 264 -5249 1344 1035
2662 -1888 315 -5341 1194 499
2594 -1551 342 -5333 900 186
2625 -1232 379 -5269 678 100
2638 -1081 402 -5084 387 59
2656 -882 450 -4914 218 34
2844 -543 537 -4617 11 -39
3152 -211 666 -4408 1 -122
3398 48 760 -4086 239 -276
3859 358 846 -3760 567 -421
4258 615 971 -3546 747 -511
4476 847 1131 -3278 845 -675
4680 1078 1499 -3153 782 -850
4925 1270 1801 -3062 603 -1141
5356 1510 2282 -3023 495 -1334
5482 1572 2439 -2779 699 -1693
5372 1446 2451 -2090 1384 -2214
5359 987 2487 -1407 1868 -2563
5438 617 2671 -261 2275 -2876
5662 105 3111 446 2270 -2930
5730 -208 3395 1348 2254 -3014
5834 -729 3546 1910 2504 -3204
5986 -1219 3411 2806 3335 -3642
6168 -2011 2872 3503 4010 -3927
6287 -2483 2345 4266 4547 -4144
6124 -3055 1657 5457 4866 -4367
5790 -3223 1313 6425 4716 -4772
5529 -3474 743 6897 4427 -5171
5457 -3582 290 7438 3951 -5796
5337 -3799 -587 7968 3982 -6335
5031 -3168 -1214 6767 6404 -5765
3586 -4598 -4593 8348 5262 -6063
3176 -3351 -3539 9282 4245 -6364
3026 -3435 -3239 9477 3181 -6608
2897 -3333 -2231 8537 3091 -6595
2489 -3693 -1934 7578 3408 -6455
2173 -4014 -1956 5990 4233 -6175
2086 -4230 -2090 4962 4729 -5854
2036 -4350 -2328 3678 5364 -5153
1694 -4316 -2791 3070 5686 -4644
1337 -4122 -3077 2530 5692 -3954
743 -3728 -3543 2386 5006 -3433
356 -3462 -3798 2432 4257 -3165
-66 -2912 -3822 2524 2834 -2806
-182 -2364 -3501 2504 1923 -2543
-123 -2024 -3195 2293 984 -2042
-43 -1591 -2794 1908 651 -1440
9 -1343 -2586 1589 605 -1019
94 -996 -2433 1111 663 -416
222 -694 -2405 824 740 -55
402 -597 -2440 491 747 450
775 -481 -2570 370 662 785
1095 -480 -2680 362 414 1305
1478 -420 -2787 466 182 1648
1688 -295 -2786 723 -132 2090
1909 -139 -2671 992 -267 2423
2197 120 -2534 1156 -174 2593
2372 255 -2408 1320 177 2789
2565 327 -2165 1329 432 2866
2765 339 -2009 1199 663 2953
3117 208 -1816 1036 646 3017
3315 116 -1714 757 342 3118
3443 -13 -1523 583 27 3164
3369 -70 -1372 359 -392 3163
3264 -157 -1107 192 -615 3130
3240 -327 -892 105 -640 3146
3282 -499 -759 -1 -487 3275
3257 -699 -617 -80 -339 3427
3173 -829 -559 -201 -124 3683
2959 -924 -503 -331 -19 3923
2554 -988 -405 -434 -2 4034
2238 -1049 -290 -643 57 4089
1903 -1151 -142 -822 168 4091
1744 -1307 -26 -1131 385 4126
1712 -1385 12 -1463 692 4260
1781 -1523 -17 -1681 905 4430
1876 -1655 -71 -1997 1152 4779
2001 -1736 -158 -2192 1202 5052
2109 -1730 -216 -2449 1073 5434
2041 -1686 -322 -2642 789 5632
1857 -1627 -331 -2759 560 5576
1706 -1530 -268 -2939 258 5220
1703 -1477 -271 -3132 51 4664
1741 -1377 -226 -3262 0 4256
1817 -1337 -183 -3482 63 3682
1973 -1354 -203 -3623 146 3386
2153 -1359 -338 -3781 252 3062
2150 -1268 -414 -3837 317 2890
2054 -1160 -380 -3919 410 2625
1898 -1090 -303 -4014 467 2310
1776 -1021 -264 -4082 497 2090
1756 -1031 -217 -4177 496 1803
1784 -1050 -184 -4225 456 1665
1881 -1095 -198 -4255 358 1580
2157 -1236 -238 -4226 296 1623
2373 -1328 -283 -4108 267 1854
2742 -1375 -312 -3980 274 2098
3043 -1337 -323 -3736 285 2575
3397 -1085 -363 -3414 400 3071
3356 -541 -338 -3182 622 3282
3175 -168 -252 -2876 1179 3279
2847 272 -98 -2737 1646 3053
2668 494 -52 -2624 2419 2439
2512 700 -9 -2604 2880 1918
2479 764 26 -2646 3371 1110
2464 806 28 -2739 3613 383
2530 720 -1 -2802 3616 -7
2566 699 -70 -2845 3345 -421
2546 513 -291 -2761 2795 -725
2442 288 -579 -2605 2304 -925
2489 161 -783 -2228 1503 -1205
2746 -212 -719 -1970 981 -1370
3066 -421 -504 -1742 396 -1542
3784 -670 -136 -1708 260 -1552
4279 -694 104 -1766 423 -1398
4816 -744 221 -1797 675 -1229
4901 -824 87 -1657 774 -1074
4640 -750 -228 -1347 590 -1137
4456 -689 -356 -558 12 -1530
4346 -428 -124 383 -581 -2153
4615 -168 796 880 -770 -2559
4932 -206 1560 1236 -572 -3021
5477 -575 2578 1227 -112 -3181
5744 -987 3035 1014 727 -3236
5907 -1796 3239 929 1238 -3261
5853 -2371 3014 1227 1730 -3400
5498 -3331 2430 1818 1726 -3636
5521 -3933 2213 3073 1261 -4108
6199 -4809 2585 4160 971 -4520
6817 -5266 2989 4573 1290 -4733
7498 -6007 3212 4807 2423 -5051
7565 -6854 2477 4907 3240 -5326
7236 -7390 1398 5244 3810 -5789
6900 -7612 754 5765 3498 -6234
6667 -7446 417 6049 3101 -6454
6558 -7449 289 6236 2967 -6661
5689 -5294 -3296 2485 3324 -6010
5544 -7215 -1475 5232 4698 -6476
5301 -6775 -1990 6493 5310 -6625
4854 -6383 -1125 6381 4856 -6273
4514 -5806 -985 5610 4139 -5656
3775 -5374 -1281 5010 3940 -5346
3320 -5080 -1753 4354 4022 -5016
2689 -4545 -2203 4069 4112 -4803
2247 -3935 -2322 3683 4082 -4407
2026 -3529 -2330 3274 4008 -3896
1671 -3008 -2147 2941 3965 -3524
1455 -2678 -2046 2400 3882 -2983
1129 -2289 -1958 2060 3789 -2654
940 -2087 -1941 1646 3568 -2230
700 -1865 -2152 1462 3288 -1871
562 -1751 -2274 1464 3032 -1649
410 -1498 -2293 1550 2549 -1327
351 -1322 -2143 1616 2231 -1117
338 -1154 -2001 1635 1800 -817
345 -955 -1798 1598 1575 -634
331 -900 -1723 1477 1322 -415
369 -765 -1677 1321 1091 -199
610 -731 -1720 1218 871 16
863 -702 -1769 1077 511 499
1324 -510 -1852 973 204 1201
1559 -335 -1898 915 21 1738
1979 -100 -1995 850 -295 2554
2198 115 -1960 800 -596 3013
2268 269 -1937 714 -1079 3433
2414 497 -1885 627 -1447 3550
2818 529 -1778 552 -1544 3548
3176 479 -1671 378 -1428 3563
3605 304 -1563 134 -996 3630
3837 112 -1592 -32 -619 3688
3856 56 -1574 -271 -69 3721
3705 -15 -1518 -513 354 3615
3400 -89 -1392 -684 532 3453
3154 -94 -1360 -913 715 3132
2725 -150 -1427 -1016 789 2913
2435 -178 -1426 -1106 794 2652
2035 -164 -1502 -1123 651 2529
1707 -262 -1414 -1137 498 2552
1465 -276 -1083 -1273 411 2711
1236 -271 -749 -1435 386 2865
1093 -330 -674 -1687 411 3114
844 -455 -679 -1814 477 3250
727 -497 -635 -1958 569 3416
664 -607 -608 -2076 661 3569
710 -706 -473 -2156 733 3679
749 -739 -328 -2329 784 3859
763 -755 -161 -2473 769 3971
726 -824 -86 -2682 713 4082
721 -885 -72 -2842 625 4116
742 -1004 -49 -2909 535 4116
787 -1137 -21 -2967 365 4083
1044 -1458 -14 -2982 162 4079
1247 -1603 -21 -2955 22 4109
1475 -1832 -78 -2899 -104 4143
1607 -2011 -72 -2788 -196 4154
1721 -2219 56 -2748 -231 4049
1740 -2490 276 -2804 -189 3887
1788 -2895 510 -3047 -15 3539
1901 -3176 610 -3423 189 3209
2311 -3627 569 -3694 290 3089
2675 -3967 432 -4011 330 3144
3115 -4379 176 -4134 289 3314
3349 -4471 -115 -4140 250 3659
3400 -4450 -208 -4009 317 3959
3479 -4263 -95 -3944 431 4079
3593 -3987 51 -3972 802 4158
3760 -3461 266 -4145 1419 4107
3852 -2783 364 -4305 2005 3995
3853 -2370 347 -4547 2921 3680
3711 -1829 200 -4671 3413 3364
3546 -1503 64 -4766 3691 2746
3179 -1098 -138 -4748 3358 2251
2978 -826 -205 -4574 2370 1469
2789 -514 -139 -4319 1416 705
2885 -292 130 -4169 938 277
3049 -152 351 -4032 573 -179
3322 54 647 -3995 579 -348
3468 147 741 -3968 800 -477
3588 170 676 -3925 974 -540
3624 264 512 -3749 1135 -647
3658 367 257 -3547 1069 -739
3692 409 109 -3151 835 -914
3773 606 127 -2736 708 -1103
3885 919 304 -2521 718 -1212
3878 1102 389 -2258 748 -1366
3777 1245 368 -2067 627 -1476
3720 1325 361 -1713 387 -1648
3787 1496 451 -1465 297 -1748
3849 1571 716 -1213 456 -1921
4135 1774 1226 -1180 704 -2003
4268 1708 1436 -1141 1111 -2023
4114 1555 1586 -997 1219 -2015
3968 1316 1700 -490 1052 -2105
4056 946 2160 17 985 -2235
4309 607 2583 871 1368 -2471
4890 -83 3056 1434 1867 -2629
5093 -564 3016 2352 2582 -2973
4938 -1156 2709 3032 2910 -3384
4905 -1562 2411 4053 3201 -4114
5079 -2165 1960 4660 3378 -4525
5119 -2382 1737 5309 3748 -4955
4954 -2709 1211 5586 4197 -5170
4687 -2850 669 5942 4613 -5402
4092 -3071 -383 6226 4669 -5560
3699 -1381 -1662 5348 2939 -5263
2238 -3430 -2900 6676 3633 -6258
2893 -2852 -2848 7330 3403 -6547
3233 -2851 -2091 6977 3237 -6200
2933 -2816 -1930 5888 4232 -5630
2084 -2898 -2872 5247 4948 -5347
1638 -2896 -3403 4547 5363 -5012
1344 -2803 -3642 3886 5295 -4560
1165 -2616 -3495 3410 5215 -4195
990 -2487 -3404 2723 5147 -3645
633 -2331 -3427 2227 4939 -3177
398 -2159 -3483 2030 4518 -2888
3 -1915 -3576 1905 3524 -2487
-305 -1560 -3432 1870 2658 -2231
-399 -1316 -3289 1831 1474 -1824
-288 -1012 -2942 1745 831 -1315
-192 -788 -2666 1634 703 -915
27 -553 -2376 1485 759 -477
231 -244 -2238 1245 1040 222
353 -101 -2259 1065 1295 877
540 118 -2382 1022 1390 1251
681 267 -2423 1035 1325 1707
1014 425 -2463 1070 1168 1947
1315 511 -2428 1135 844 2240
1904 735 -2385 1188 635 2415
2144 867 -2288 1242 305 2571
2372 1078 -1981 1216 137 2559
2600 1071 -1727 1062 1 2454
3031 924 -1385 876 -92 2370
3268 811 -1279 573 -226 2249
3635 532 -1189 334 -498 2180
3736 214 -1211 256 -707 2140
3727 -84 -1185 248 -957 2062
3776 -521 -1056 270 -1049 2060
3772 -760 -919 273 -1012 2188
3648 -938 -702 232 -854 2364
3422 -971 -542 69 -508 2659
3097 -960 -434 -78 -266 2823
2550 -938 -404 -294 68 2984
2243 -925 -383 -439 245 3062
1902 -918 -307 -692 416 3200
1675 -1030 -323 -853 498 3315
1565 -1092 -361 -1056 568 3549
1384 -1182 -438 -1197 528 3805
1218 -1284 -413 -1289 448 3945
1167 -1297 -364 -1490 261 4094
1108 -1358 -313 -1665 75 4137
1073 -1394 -260 -2005 -204 4124
1046 -1411 -192 -2409 -441 4081
1045 -1428 -263 -2655 -562 4064
1018 -1461 -322 -2927 -733 4030
1053 -1523 -519 -2998 -806 4006
1182 -1605 -634 -2924 -827 3984
1450 -1676 -687 -2798 -775 3974
1543 -1651 -625 -2624 -576 3858
1554 -1544 -426 -2597 -236 3559
1562 -1385 -219 -2686 30 3294
1603 -1344 -180 -2945 402 2887
1705 -1414 -334 -3122 568 2651
1830 -1569 -557 -3282 609 2429
2066 -1753 -862 -3244 367 2396
2112 -1770 -959 -3138 163 2417
2070 -1727 -860 -2989 -95 2417
2200 -1669 -644 -2943 -209 2416
2336 -1620 -489 -2974 -257 2464
2586 -1557 -433 -3015 -222 2551
2717 -1496 -479 -3011 -108 2734
2812 -1257 -549 -2891 55 2885
2819 -975 -568 -2780 196 2904
2800 -788 -541 -2606 442 2815
2794 -605 -499 -2519 611 2687
2770 -307 -384 -2468 804 2419
2636 -98 -354 -2477 914 2169
2567 6 -344 -2559 968 1717
2507 21 -466 -2621 854 1411
2556 -7 -664 -2603 457 994
2609 -51 -1046 -2361 95 616
2674 -69 -1065 -2170 -20 367
2828 -54 -852 -2029 138 15
2984 -113 -542 -2080 389 -180
3092 -158 -469 -2290 759 -394
3287 -334 -562 -2430 982 -490
3420 -472 -662 -2533 1266 -606
3693 -645 -734 -2448 1444 -675
3839 -879 -839 -2260 1552 -749
3914 -925 -805 -1848 1631 -917
3913 -900 -716 -1352 1586 -1133
3824 -759 -536 -1041 1520 -1333
3759 -673 -349 -671 1444 -1690
3778 -617 -71 -505 1393 -1913
3728 -637 5 -310 1122 -2199
3544 -647 28 -22 448 -2507
3591 -670 161 235 64 -2733
3810 -700 408 571 27 -3033
4206 -862 969 642 485 -3188
4458 -1060 1290 430 1330 -3316
4708 -1658 1242 235 1620 -3322
4720 -2015 1052 187 1297 -3295
4706 -2451 1000 579 822 -3422
5034 -2744 1467 992 918 -3579
5350 -3065 1914 1610 1669 -3834
5677 -3639 2370 1969 2333 -3991
5676 -4263 2217 2585 3126 -4240
5698 -4844 1841 3485 3420 -4533
5950 -5666 1359 4220 3346 -4738
6197 -6201 1135 5322 3308 -5071
6269 -6680 918 6197 3727 -5501
6313 -6869 629 6694 4229 -5818
5672 -4450 1700 5601 3273 -5500
4950 -5949 -906 5826 4490 -5986
4760 -6010 -1363 6336 4281 -6504
4538 -5859 -848 6303 4102 -6478
3889 -4984 -821 5363 3528 -5944
3396 -4660 -1042 4598 3434 -5590
2856 -4299 -1562 4261 3489 -5393
2555 -4053 -1836 3970 3714 -5067
2264 -3536 -1909 3728 3948 -4556
1939 -3004 -1822 3509 4089 -4142
1669 -2698 -1806 3135 4301 -3518
1268 -2299 -1928 2905 4418 -3138
1036 -2088 -2078 2665 4452 -2619
747 -1774 -2340 2572 4364 -2294
625 -1579 -2361 2419 3976 -1804
471 -1259 -2219 2143 3342 -1344
326 -942 -2067 1900 2873 -1092
284 -801 -1969 1521 2116 -802
315 -633 -1874 1289 1634 -646
431 -642 -1797 973 1062 -412
819 -751 -1823 729 625 -14
1377 -868 -1884 624 350 395
1680 -861 -1955 569 -42 1136
1879 -791 -2031 598 -285 1602
1992 -603 -2081 679 -637 2114
2215 -424 -2060 727 -837 2340
2465 -393 -2017 718 -1052 2593
2918 -449 -2002 651 -1118 2758
3166 -459 -2029 497 -1095 3027
3380 -439 -2174 390 -1047 3189
3447 -426 -2342 283 -981 3354
3466 -368 -2471 241 -910 3402
3420 -263 -2340 108 -804 3385
3242 -96 -1984 -171 -684 3252
2963 64 -1746 -391 -498 3110
2765 164 -1729 -668 -110 2885
2563 193 -1779 -786 95 2767
2230 182 -2020 -842 296 2670
1904 228 -1997 -875 391 2657
1685 268 -1864 -1032 502 2693
1369 234 -1585 -1229 585 2720
1206 111 -1372 -1666 644 2757
1164 -90 -1077 -2207 662 2902
1246 -168 -855 -2589 628 3108
1267 -223 -737 -3112 461 3512
1241 -318 -759 -3361 231 3788
1152 -411 -828 -3491 -257 4133
1081 -476 -859 -3342 -826 4308
934 -613 -804 -3118 -1198 4318
870 -715 -692 -2701 -1641 4195
1051 -939 -505 -2412 -1806 4081
1506 -1145 -278 -2047 -1956 3996
1765 -1225 -161 -1773 -2025 4025
2037 -1330 -84 -1616 -1973 4064
2085 -1303 3 -1444 -1799 4053
2025 -1226 100 -1370 -1646 3947
1865 -1223 146 -1330 -1224 3590
1812 -1223 205 -1384 -628 3094
1874 -1297 276 -1463 -216 2788
1930 -1328 284 -1609 299 2454
1903 -1503 228 -1732 651 2230
1849 -1710 2 -1759 824 2125
1779 -1898 -101 -1743 973 1995
1741 -2220 -170 -1765 1069 1879
1827 -2618 -228 -1839 1174 1830
1967 -2953 -264 -2083 1283 1859
2420 -3335 -382 -2306 1275 2016
2868 -3529 -517 -2676 1094 2474
3010 -3553 -636 -2996 846 3029
3077 -3346 -801 -3143 739 3350
2997 -3143 -797 -3322 732 3610
2801 -2778 -687 -3530 906 3550
2682 -2424 -571 -3775 1188 3290
2729 -2068 -512 -3939 1349 3096
2752 -1893 -513 -4149 1436 2854
2668 -1606 -604 -4216 1400 2714
2581 -1449 -646 -4203 1226 2511
2438 -1236 -640 -4092 1001 2253
2316 -988 -561 -3998 877 2046
2352 -848 -467 -3871 733 1703
2486 -759 -416 -3788 625 1422
2690 -633 -349 -3737 519 1199
2760 -483 -299 -3721 461 1059
2868 -176 -312 -3684 427 839
2948 22 -277 -3660 428 672
3098 142 -249 -3645 484 457
3467 292 -121 -3675 591 351
3881 409 72 -3722 819 327
4123 507 250 -3848 1460 300
4409 961 570 -3955 2005 292
4399 1296 736 -4070 2422 256
4106 1765 827 -4013 2202 168
3786 1932 807 -3547 1305 -159
3564 1944 999 -2975 614 -510
3775 1936 1348 -1877 156 -1022
4330 1777 2142 -1138 376 -1250
4643 1588 2731 -222 1113 -1360
4919 1219 3395 433 1735 -1314
4911 611 3437 866 1940 -1356
4852 201 3401 1653 2116 -1715
4742 -381 3420 2253 2274 -2149
4848 -783 3463 3195 2567 -2876
5040 -1505 3199 4221 2631 -3449
5147 -1996 2746 4957 2621 -3723
5006 -2231 2470 6032 2850 -4172
4822 -2520 2102 6928 3538 -4682
4929 -2954 1545 7413 4036 -4967
4922 -3425 867 7983 4111 -5264
4744 -3476 155 8231 2951 -5618
11430 -3429 791 5992 385 -5476
3323 -3370 -3460 7257 2313 -6684
2826 -3328 -2944 7982 1914 -7823
3590 -3137 -1869 8106 2629 -8299
4033 -3203 -726 6790 3931 -7601
3203 -3317 -1213 5823 5194 -6981
2369 -3417 -1998 4805 6492 -6280
1442 -3161 -3117 4395 6708 -5812
948 -2881 -3586 4295 6461 -5545
839 -2654 -3492 4086 5897 -5100
781 -2396 -3087 3831 5600 -4760
682 -2340 -2847 3312 5410 -4241
486 -2328 -2723 2786 5268 -3714
430 -2233 -2716 2481 4995 -3309
418 -2127 -2754 2103 4263 -2604
368 -1751 -2812 1923 3562 -2094
315 -1504 -2834 1765 2326 -1347
348 -1179 -2835 1732 1206 -655
501 -944 -2691 1730 624 -218
716 -814 -2547 1697 -29 459
1175 -740 -2390 1641 -315 934
1396 -710 -2157 1448 -561 1618
1729 -561 -1883 1104 -518 2215
1959 -506 -1688 829 -288 2524
2272 -504 -1688 420 129 2901
2435 -461 -1777 139 448 3212
2697 -506 -2039 73 516 3404
2923 -616 -2186 130 335 3643
3101 -677 -2180 306 -107 3869
3195 -697 -1919 426 -472 3996
3237 -673 -1671 527 -901 4131
3450 -751 -1269 509 -1092 4282
3943 -879 -939 429 -1137 4461
4152 -983 -722 220 -1037 4778
4198 -1054 -537 -46 -724 5012
4107 -1119 -479 -214 -512 5094
3954 -1126 -433 -446 -358 5089
3506 -1170 -320 -598 -344 4978
3157 -1173 -224 -831 -337 4690
2769 -1143 -45 -1090 -269 4400
2585 -1214 92 -1369 -149 4240
2577 -1344 165 -1552 -79 4246
2550 -1393 154 -1792 71 4369
2405 -1376 104 -1921 223 4480
2141 -1322 63 -2065 489 4609
1963 -1227 6 -2136 817 4636
1764 -1076 26 -2163 1071 4600
1730 -992 86 -2218 1553 4516
1749 -883 226 -2291 1990 4439
1813 -763 381 -2494 2869 4297
1962 -625 548 -2811 4123 4097
1976 -613 463 -3047 5059 3897
1924 -592 364 -3380 6365 3468
1763 -455 207 -3684 7209 2905
1376 -339 -55 -3838 7337 2432
1079 -376 -268 -3962 6642 1583
799 -631 -551 -3951 5549 995
770 -866 -675 -3817 3073 215
884 -1018 -716 -3594 184 -319
1283 -1251 -630 -3439 -1443 -526
1547 -1433 -495 -3295 -2977 -717
1831 -1683 -233 -3310 -3570 -856
2144 -1828 -47 -3403 -3513 -907
2383 -1960 67 -3663 -2883 -860
2681 -2025 165 -4009 -1812 -637
3162 -1871 187 -4253 -1009 -344
3495 -1627 42 -4556 231 294
3768 -1014 -345 -4675 1362 991
3741 -388 -710 -4647 1999 1353
3569 31 -919 -4453 2724 1566
3062 569 -1103 -4253 2907 1404
2729 845 -1168 -3872 2624 761
2437 1152 -1196 -3591 2155 166
2450 1274 -1087 -3172 1109 -724
2937 1390 -556 -2977 257 -1166
3447 1510 33 -2908 -748 -1477
4153 1714 1171 -3095 -638 -1527
4743 1754 2210 -3282 66 -1524
4979 1815 2700 -3407 1528 -1553
5057 1642 3178 -3301 2369 -1627
4934 1164 3400 -2775 2568 -1912
4786 104 3591 -2148 1783 -2237
5081 -720 3647 -725 294 -2796
5949 -1854 3947 489 -245 -3120
6517 -2468 4479 2321 158 -3437
7141 -3277 5564 3300 930 -3499
7304 -3706 5911 4487 2130 -3428
6794 -4578 5605 5565 2538 -3649
6587 -5173 5171 6171 2075 -4091
6722 -6132 4674 6770 872 -5044
7313 -7162 4449 6950 308 -5665
7747 -7973 4462 6919 491 -6306
8074 -9228 4166 6836 1801 -6526
3454 -6298 -2168 4238 4863 -5362
2910 -5658 -2355 4008 6028 -4786
2066 -4757 -2308 3731 6479 -4404
1580 -4180 -2313 3200 6872 -3893
887 -3493 -2558 2728 6765 -3447
414 -2910 -2787 2493 6342 -3133
93 -2440 -3038 2272 5297 -2593
-126 -2240 -3119 2202 3943 -2016
-334 -1928 -3054 2196 2703 -1446
-405 -1602 -2809 2183 1879 -873
-392 -1269 -2419 2096 1482 -301
-381 -982 -2071 1925 1360 226
-337 -733 -1809 1787 1311 529
-181 -604 -1634 1556 1158 903
11 -574 -1573 1327 833 1194
554 -682 -1537 1191 528 1373
1096 -823 -1530 1016 -15 1715
2087 -1088 -1540 889 -657 2153
3198 -1265 -1562 833 -1197 2493
3879 -1339 -1497 762 -2058 2969
4284 -1242 -1305 689 -2459 3149
4348 -1112 -1200 552 -2470 3105
4465 -1042 -1175 363 -1912 2873
4857 -892 -1086 208 -1401 2804
5235 -695 -1063 -54 -682 2995
5231 -611 -1088 -330 -67 3366
4981 -469 -1043 -669 327 3673
4569 -222 -914 -949 454 3788
4073 32 -835 -1377 436 3802
3720 124 -770 -1745 222 3662
3190 327 -721 -1980 149 3444
2862 459 -693 -2064 209 3293
2331 547 -706 -2080 328 3091
1847 450 -941 -1998 426 2986
1655 348 -1022 -1804 630 2932
1568 196 -977 -1670 868 3081
1593 108 -693 -1740 973 3410
1589 45 -332 -1918 929 3684
1497 5 -150 -2325 791 4051
1189 -40 -20 -2612 712 4188
850 -165 -40 -2981 627 4188
677 -303 -96 -3210 598 3990
640 -601 -112 -3297 659 3828
727 -791 -21 -3423 863 3658
961 -1108 112 -3601 1097 3627
1232 -1371 195 -3728 1239 3684
1321 -1464 213 -3925 1375 3807
1330 -1455 166 -4021 1420 3873
1279 -1450 142 -4097 1407 3885
1156 -1468 44 -4073 1397 3754
1039 -1507 -50 -3996 1438 3583
1079 -1577 1 -3873 1615 3247
1094 -1743 151 -3842 1808 2988
1114 -1961 209 -3911 2188 2549
1199 -2358 358 -4164 2462 2120
1308 -2794 536 -4451 2397 1871
1425 -3118 623 -5004 1912 1600
1822 -3610 655 -5406 1460 1530
2295 -3972 581 -5965 712 1670
3277 -4406 367 -6303 166 2139
4118 -4396 191 -6354 68 2571
4350 -4142 78 -6180 397 3136
4188 -3611 -50 -5929 872 3307
3795 -3273 -153 -5439 1837 3052
3122 -2787 -294 -4946 2578 2227
2683 -2374 -357 -4659 2623 1507
2613 -2124 -373 -4298 1935 497
2778 -1826 -256 -4065 730 -170
3055 -1509 59 -4007 17 -407
3228 -1199 223 -3994 -542 -543
3532 -838 512 -4023 -477 -556
3717 -437 834 -4055 -144 -585
3665 -110 1023 -4095 634 -785
3520 338 1194 -4062 1022 -1005
3403 551 1254 -3828 972 -1398
3348 702 1455 -3520 561 -1673
3418 728 1769 -2902 -132 -2081
3776 870 2480 -2248 -223 -2456
4470 926 3420 -1892 120 -2619
4990 870 3923 -1479 1110 -2726
5524 524 4349 -1179 1842 -2745
5646 381 4416 -443 2458 -2814
5576 76 4197 347 2528 -2968
5695 -180 4057 1914 2741 -3391
6256 -684 3792 3608 3378 -3857
6652 -1120 3519 4603 3871 -4156
6502 -1415 3129 5784 4473 -4704
5842 -1719 2095 6438 4526 -5134
5354 -1946 1199 7356 4026 -5803
4999 -2111 25 8100 3136 -6414
5011 -2157 -525 8380 2995 -6760
4680 160 4460 7035 4025 -6411
5038 -2994 -2169 7703 6737 -6381
4285 -2746 -2841 7922 7770 -6129
3093 -2957 -2940 7667 7548 -5602
2423 -2787 -2864 6944 6750 -5377
1758 -2772 -2814 6399 6303 -5340
1562 -2787 -2847 5722 5890 -5212
1368 -2667 -2850 5243 5620 -4835
1211 -2724 -2981 5034 5500 -4445
1109 -2779 -2986 4779 5222 -3694
906 -2765 -2919 4525 4764 -2888
481 -2873 -2751 4311 4396 -2438
175 -2803 -2492 3813 3630 -2025
-86 -2588 -2123 3349 2985 -1907
-87 -2438 -1943 2556 1973 -1832
79 -2150 -1849 1824 1120 -1705
229 -1833 -1967 1458 751 -1584
274 -1606 -2072 1147 470 -1366
335 -1284 -2314 1107 345 -1114
503 -971 -2549 1194 314 -894
686 -807 -2674 1421 372 -448
1106 -504 -2702 1553 393 -62
1362 -329 -2676 1621 343 600
2082 -109 -2645 1587 422 1110
2638 -60 -2591 1389 547 1959
3465 -8 -2335 1002 439 2819
4193 254 -2062 670 216 3319
4682 528 -2025 244 -274 3868
4594 599 -2003 6 -1035 3927
4337 479 -2239 -2 -1558 3669
3943 533 -2557 302 -2090 3034
3600 624 -2525 795 -2326 2283
3351 860 -2042 1070 -2252 1877
3220 899 -1469 1195 -1830 1512
2985 840 -669 898 -1075 1400
2671 547 -198 543 -429 1417
2280 262 -108 -42 644 1462
1888 -19 -198 -524 1784 1551
1605 -183 -276 -775 2379 1659
1423 -314 -326 -1066 2932 1905
1225 -436 -350 -1295 3138 2215
1009 -618 -418 -1486 3194 2571
909 -829 -340 -1634 3033 2857
924 -1015 -107 -2022 2308 3391
994 -1333 159 -2569 1356 4064
1109 -1530 228 -2949 847 4573
1126 -1642 174 -3416 315 5345
1076 -1791 29 -3622 -28 5816
908 -1890 -108 -3733 -605 6309
619 -2177 -273 -3627 -1077 6443
591 -2388 -308 -3494 -1274 6369
711 -2479 -257 -3302 -1425 6139
991 -2561 -28 -3258 -1428 5950
1498 -2670 190 -3365 -1312 5692
1807 -2653 234 -3623 -1029 5475
2085 -2586 237 -3837 -700 5293
2250 -2523 117 -4141 54 4943
2593 -2546 -208 -4286 634 4691
2725 -2481 -442 -4390 1326 4294
2736 -2310 -682 -4395 1587 4004
2671 -2177 -761 -4354 1691 3514
2450 -1989 -643 -4341 1617 3131
2373 -1870 -527 -4393 1414 2544
2464 -1669 -332 -4519 1212 2118
2863 -1477 -68 -4652 1091 2013
3200 -1337 124 -4919 943 2173
3777 -1252 285 -5124 893 2469
4069 -1183 344 -5401 903 3029
4386 -1092 287 -5512 1015 3532
4649 -633 247 -5426 1205 3754
4621 -165 294 -5070 1835 3680
4289 398 336 -4494 3019 2860
3893 717 400 -4020 3683 1963
3860 933 711 -3359 3649 557
3948 1177 1092 -2976 3185 -231
4047 1249 1332 -2472 2409 -1117
4292 1276 1389 -2130 2036 -1525
4493 1138 1291 -1499 1857 -1926
4778 763 1098 -760 1960 -2152
4998 499 1227 -319 2041 -2250
5126 276 1388 168 2032 -2381
5416 -15 1567 381 1774 -2446
5472 -144 1615 648 1035 -2598
5295 -499 1662 826 421 -2860
5297 -831 1661 1181 -205 -3432
5689 -1327 2038 1420 -210 -3788
6145 -1689 2399 1682 299 -4044
6350 -2324 2797 1796 721 -4097
6080 -3080 2888 2021 1132 -4211
5910 -3726 2861 2410 1105 -4528
5854 -4871 2938 2755 1081 -4802
6087 -5819 3159 3294 1084 -5131
6762 -7261 3320 3899 1313 -5218
6929 -8569 3129 4389 1586 -5280
6601 -9270 2788 5227 2025 -5732
6411 -10076 1932 5836 2147 -6152
6661 -10515 1360 6645 2073 -6529
7065 -10666 703 6984 2183 -6545
6940 -10451 296 4815 1914 -5785
5189 -9649 -2511 6068 3897 -6129
4457 -9465 -1792 6521 3541 -6739
4138 -8301 -1172 6356 3468 -6980
3846 -7055 -441 5589 3348 -6713
3408 -6526 -762 4494 3760 -6064
2440 -5794 -2105 4147 4117 -5663
1883 -5283 -2838 4145 4615 -5099
1382 -4327 -3034 4195 4826 -4646
1159 -3720 -2895 3999 5065 -3806
702 -2889 -2788 3711 5231 -3214
340 -2407 -2844 3192 5258 -2387
-220 -1817 -2963 2845 4992 -1921
-479 -1469 -3067 2398 4282 -1338
-669 -1187 -2992 1999 3415 -816
-645 -936 -2596 1713 2853 -458
-592 -809 -2408 1311 2080 111
-468 -802 -2245 1068 1388 663
-311 -775 -2094 1012 983 1000
-128 -812 -1984 1063 422 1458
200 -850 -1833 1248 -61 1848
635 -856 -1670 1480 -423 2146
1248 -963 -1387 1615 -619 2333
1749 -1029 -1157 1569 -698 2336
2185 -1160 -1040 1462 -727 2232
2653 -1321 -1018 1224 -778 2011
2895 -1440 -1009 935 -784 1787
3265 -1499 -1035 744 -664 1703
3639 -1565 -1158 515 -260 1748
3805 -1586 -1202 327 112 2021
3977 -1532 -1296 214 213 2317
4098 -1412 -1323 32 18 2851
3968 -1269 -1285 -105 -286 3162
3766 -928 -1286 -292 -788 3485
3756 -755 -1163 -419 -1187 3636
3785 -698 -1188 -2594 3555 3024
2067 444 -760 -2625 3502 2777
1700 239 -973 -2512 3157 2638
1470 94 -1089 -2201 2322 2477
1356 -133 -1085 -1850 1364 2440
1432 -255 -962 -1678 749 2514
1440 -317 -727 -1550 96 2671
1260 -296 -452 -1558 -118 2732
1129 -267 -276 -1715 -211 2732
992 -233 -63 -1992 -40 2663
902 -317 -10 -2198 186 2613
880 -362 -63 -2450 607 2596
883 -442 -190 -2580 1030 2667
884 -508 -280 -2611 1293 2754
895 -501 -443 -2566 1628 2922
853 -402 -485 -2512 1834 3020
753 -311 -393 -2505 2165 3028
545 -136 -231 -2642 2399 2823
315 -237 -255 -2786 2407 2573
295 -554 -374 -2998 1937 2135
421 -1227 -633 -3085 1233 1890
520 -1844 -771 -3117 -84 1626
954 -2791 -768 -3105 -929 1546
1529 -3474 -698 -3116 -1754 1661
2548 -4531 -440 -3241 -1922 2049
3510 -5220 -122 -3410 -1702 2410
3936 -5304 12 -3742 -957 2928
3976 -5192 -70 -4017 218 3096
3348 -4790 -240 -4151 1120 2876
2820 -4152 -405 -4286 2260 2219
2623 -3711 -485 -4336 2706 1577
2441 -3148 -582 -4327 2656 1294
2335 -2553 -598 -4276 2205 1135
2255 -2166 -570 -4197 1494 1184
2206 -1708 -489 -4136 1003 1241
2132 -1430 -420 -4052 550 1192
2170 -1003 -218 -4009 399 961
2426 -623 -151 -3989 365 648
2752 -356 -125 -3963 295 426
3055 -144 -38 -3919 204 127
3450 213 327 -3923 317 -76
3652 469 630 -4008 763 -425
3794 883 1034 -4117 1241 -858
4086 1257 1422 -4142 1460 -1143
4163 1448 1700 -4055 1582 -1555
4154 1652 2199 -3724 1657 -1975
4710 1640 3015 -3411 1764 -2154
5346 1555 3480 -2757 1883 -2198
6072 1140 3900 -2106 1931 -2232
6515 661 3872 -675 2215 -2550
6927 55 3833 540 2592 -3021
7133 -370 3832 2455 3231 -3995
7016 -532 3810 4064 3697 -5040
6857 -796 3392 4890 3987 -5596
6901 -1114 2860 5885 4393 -6016
6525 -1590 1860 6495 4849 -6130
1805 -3012 -1806 5392 5784 -4650
1382 -2903 -2294 4660 5697 -3988
910 -2710 -2698 4358 5277 -3590
594 -2563 -2808 4040 4164 -3110
262 -2280 -2688 3855 3269 -2862
109 -2121 -2459 3488 1994 -2623
41 -1914 -2078 3152 1365 -2529
140 -1800 -1830 2526 787 -2358
316 -1639 -1646 2080 588 -2180
392 -1531 -1717 1496 479 -1835
486 -1367 -1941 1134 444 -1420
561 -1182 -2079 1007 389 -1116
728 -944 -2175 929 300 -630
1020 -747 -2149 905 239 -286
1344 -627 -2111 840 103 257
1847 -521 -2050 701 -84 784
2111 -404 -2019 566 -167 1080
2614 -275 -2029 337 -309 1476
3078 -221 -2068 204 -406 1710
3217 -122 -2113 76 -386 1944
3315 0 -2219 70 -191 2001
3373 158 -2302 191 256 2013
3315 393 -2411 346 544 1996
3093 455 -2309 597 893 1916
3028 496 -2101 722 1153 1906
3012 516 -1600 628 1225 2096
3018 497 -1120 449 1242 2323
2942 492 -884 86 1351 2718
2787 459 -566 -201 1414 2981
2691 332 -404 -630 1429 3356
2601 201 -354 -997 1317 3679
2281 46 -208 -1208 1240 3823
2094 -144 -140 -1486 1261 3924
2078 -458 -135 -1711 1264 4030
1958 -756 -204 -1820 1113 4126
1831 -906 -301 -1891 652 4279
1736 -1187 -406 -1865 -82 4446
1584 -1395 -378 -1825 -928 4573
1466 -1573 -240 -1817 -1341 4611
1479 -1721 -147 -1883 -1584 4612
1584 -1867 5 -1989 -1532 4606
1621 -1852 70 -2230 -1285 4587
1734 -1791 48 -2513 -955 4574
1666 -1690 -33 -2702 -774 4532
1554 -1617 -144 -2943 -523 4339
1601 -1675 -403 -3060 -360 4152
1730 -1770 -557 -3171 -260 3863
1864 -1925 -767 -3205 -267 3662
1884 -1969 -856 -3236 -286 3335
1943 -2027 -849 -3305 -322 2976
2011 -1969 -769 -3398 -359 2749
2011 -1766 -562 -3635 -394 2433
1985 -1686 -422 -3983 -285 2165
1932 -1556 -342 -4240 -91 2015
1960 -1475 -287 -4602 274 1892
2059 -1418 -256 -4912 543 1929
2249 -1427 -280 -5055 643 2046
2424 -1507 -251 -5172 697 2328
2554 -1447 -240 -5167 777 2691
3074 -1181 -252 -5069 948 3011
3390 -958 -264 -4811 1422 3543
3736 -525 -162 -4498 2241 3971
3840 -27 126 -4325 3020 4085
3721 305 370 -4185 4516 3863
3377 693 661 -4168 5644 3397
3099 929 763 -4140 7030 2309
2483 1115 587 -3913 6848 977
2008 887 505 -3626 5444 93
2194 626 568 -3067 1925 -882
3072 248 911 -2667 -694 -1187
4029 -78 1425 -2089 -3104 -1345
4463 -254 1951 -1658 -2895 -1547
4733 -415 2529 -1478 -1650 -1782
4764 -395 2744 -1289 716 -2161
4664 -351 2676 -1114 2104 -2351
4164 -420 2379 -878 1924 -2495
3870 -575 2218 -679 1055 -2632
3947 -871 2075 -253 -568 -2809
4539 -1360 2207 132 -1193 -2878
5037 -1529 2507 774 -903 -2913
5472 -2056 2968 1352 548 -2923
5780 -2974 3310 1646 1494 -2906
5843 -3654 3288 1994 1949 -2883
5702 -4669 3011 2275 1611 -2992
5560 -5137 2746 2947 795 -3509
5488 -5606 2474 3871 680 -4361
5945 -6228 2668 4433 1087 -4894
6370 -6741 2582 5133 1995 -5291
6378 -7487 2065 5802 2479 -5385
5989 -7980 1194 6588 2376 -5475
5938 -7911 872 7070 2210 -5541
6135 -7687 699 7537 2441 -5644
11902 -7393 6494 4162 1891 -4921
5276 -7926 -2253 6540 4428 -5438
5505 -7611 -2624 8093 4463 -6392
5647 -7349 -1842 8396 4022 -6582
5429 -6768 -1306 7614 2264 -6573
4947 -5814 -956 6216 1054 -6519
4167 -5336 -1286 5354 1276 -6540
3538 -5001 -1619 4461 2717 -6529
2602 -4464 -2125 4082 3633 -6381
2043 -4077 -2301 3639 4422 -5899
1442 -3412 -2135 3277 4627 -5434
1108 -3023 -2020 2616 4822 -4653
602 -2574 -1960 1929 4970 -3943
209 -2254 -2026 1532 4985 -3518
53 -2080 -2202 1120 4857 -2908
-175 -1858 -2503 983 4167 -2250
-431 -1608 -2621 1001 3289 -1810
-504 -1464 -2611 1162 1733 -1178
-466 -1272 -2302 1345 517 -621
-281 -1059 -1831 1411 41 -289
-70 -968 -1560 1398 -218 200
273 -925 -1358 1310 -173 710
752 -941 -1378 1237 -129 1073
1388 -1051 -1535 1143 -100 1676
1851 -1071 -1664 1082 -187 2315
2238 -949 -1784 1066 -325 2678
2373 -773 -1814 1048 -531 3038
2662 -606 -1811 1007 -687 3239
3263 -502 -1775 935 -789 3370
3588 -527 -1736 771 -926 3553
3890 -500 -1825 648 -917 3635
3976 -444 -1989 502 -588 3650
2266 153 -1011 -1158 1136 2681
2115 264 -757 -1531 1295 2910
1780 354 -467 -1819 1253 3067
1491 334 -418 -2185 1056 3205
1083 210 -674 -2286 862 3226
809 55 -783 -2192 792 3215
744 -74 -736 -2092 806 3253
751 -127 -546 -2036 933 3425
787 -206 -226 -2114 1079 3595
809 -255 -32 -2374 1314 3881
872 -1413 67 -2602 -589 3566
798 -1662 173 -2553 -862 3365
801 -1949 310 -2612 -1354 2984
1187 -2667 492 -2815 -1684 2625
1835 -3760 415 -2974 -1716 2455
2440 -4519 72 -3036 -1399 2389
3456 -5283 -460 -2792 -835 2726
4147 -5170 -624 -2566 -471 3152
4246 -4778 -504 -2310 123 3833
4023 -4318 -288 -2322 894 4224
3480 -3588 43 -2703 1750 4122
3122 -3031 74 -3075 2248 3851
2995 -2766 -6 -3661 2732 3348
2956 -2432 -203 -4153 2781 2921
2959 -2173 -458 -4364 2632 2726
2964 -2016 -614 -4490 2296 2549
2930 -1692 -671 -4457 1871 2431
2836 -1432 -611 -4408 1641 2299
2714 -1062 -417 -4383 1423 1962
2742 -697 -164 -4417 1296 1671
2839 -429 -62 -4487 1228 1229
3178 -108 15 -4516 1268 857
3614 310 43 -4491 1296 681
3835 529 85 -4362 1301 435
3970 858 227 -4225 1284 195
3986 1224 430 -3984 1295 -342
3925 1336 615 -3715 1405 -1122
4180 1346 1129 -3590 1518 -1620
4876 1360 1615 -3511 1608 -1989
5340 1371 1824 -3427 1559 -1831
5320 1415 1803 -3189 1571 -1692
4914 1355 1727 -2374 1741 -1856
4409 1099 1756 -1163 1860 -2418
4680 806 2390 -382 1713 -2765
5064 526 2760 549 1410 -3093
5721 -14 3018 1072 1255 -3255
6116 -440 2880 1919 1439 -3589
6313 -1011 2461 3007 2322 -4142
6459 -1517 2206 3770 3127 -4576
6341 -1799 1989 4776 4392 -5243
6054 -2292 1347 5621 5031 -5807
5387 -2677 544 6120 5007 -6136
4878 -2798 60 6766 4524 -6590
4282 -2983 -661 7030 3702 -6879
4034 -2249 -2154 5337 2591 -6446
3185 -3415 -2197 6861 3239 -6911
3168 -2987 -2159 7377 3288 -7107
3171 -3120 -1788 7533 3748 -7049
2901 -3126 -1480 7069 4585 -6755
2431 -3280 -1463 6549 5078 -6520
2108 -3359 -1669 5674 5575 -6218
1824 -3349 -1937 5116 5759 -6001
1713 -3391 -2097 4350 5793 -5615
1530 -3415 -2408 3765 5797 -5174
1268 -3325 -2672 3367 5664 -4679
966 -3098 -2879 3177 5319 -4313
776 -2879 -2935 2957 4428 -3708
533 -2521 -3000 2856 3717 -3290
394 -2242 -2996 2749 2673 -2673
230 -1791 -2955 2660 1783 -2112
230 -1315 -2752 2567 1336 -1753
338 -1084 -2581 2326 923 -1198
640 -825 -2341 2102 794 -795
942 -762 -2210 1700 789 -93
1468 -729 -2077 1271 868 700
1895 -639 -2000 995 847 1208
1996 -532 -1957 613 647 1770
2027 -406 -1985 361 448 2039
2240 -303 -2090 292 424 2130
2485 -175 -2178 332 542 2280
3005 -107 -2285 428 649 2420
3429 -148 -2231 619 728 2690
3672 -100 -2134 794 686 3008
3885 41 -1928 930 472 3320
3808 256 -1604 975 288 3464
3713 337 -1347 940 50 3557
3673 242 -999 779 -65 3567
3721 79 -736 599 -113 3595
3665 -12 -585 264 -235 3671
3414 -147 -443 -90 -307 3738
3114 -297 -377 -402 -259 3783
2810 -464 -403 -556 -188 3811
2477 -598 -464 -709 -86 3860
2198 -624 -463 -791 -1 3905
1796 -645 -425 -851 139 3947
1518 -689 -336 -909 286 3990
1403 -729 -252 -1059 553 4082
1318 -795 -146 -1282 818 4222
1308 -837 -81 -1460 964 4350
1271 -828 -41 -1758 1074 4542
1135 -770 -54 -2068 1048 4650
994 -754 -107 -2245 983 4644
886 -754 -107 -2493 748 4498
729 -683 -73 -2650 546 4306
644 -620 -40 -2879 304 3925
637 -684 27 -3126 239 3503
717 -741 57 -3288 294 3259
940 -813 -23 -3490 433 3007
1313 -1060 -196 -3580 487 2945
1477 -1223 -364 -3613 440 2969
1643 -1397 -587 -3543 333 3041
1667 -1519 -642 -3479 256 3066
1735 -1640 -620 -3421 214 3033
1936 -1819 -472 -3450 252 2983
2063 -1900 -345 -3593 408 2908
2238 -1951 -220 -3820 755 2855
2466 -2003 -74 -4013 1058 2860
2684 -1983 -101 -4298 1531 2985
3172 -1861 -323 -4439 1915 3341
3578 -1478 -590 -4410 2048 3686
3621 -1092 -684 -4224 2152 4151
3436 -668 -751 -4041 2223 4285
3140 -432 -758 -3745 2386 4062
2737 -134 -825 -3425 2749 3346
2610 -41 -907 -3203 2970 2713
2586 -35 -924 -2878 2998 1687
2609 -17 -876 -2686 2828 1037
2646 12 -774 -2484 2383 212
2738 191 -544 -2434 2018 -203
2829 245 -434 -2486 1377 -648
3028 270 -312 -2590 851 -844
3304 317 -207 -2774 55 -979
3734 264 -142 -2864 -276 -1008
4191 -68 122 -2935 -212 -1061
4569 -297 430 -3031 279 -1153
4965 -548 825 -3096 564 -1249
5188 -659 988 -3089 779 -1482
5517 -1078 1072 -2798 1129 -1855
5732 -1567 1067 -2391 1575 -2203
5910 -1740 1117 -1481 2306 -2727
5992 -2053 1445 -443 2556 -3136
5876 -2299 1778 226 2437 -3364
5701 -2455 2097 1069 1960 -3729
5437 -2793 2572 1504 1558 -4036
5443 -3187 2787 2026 1169 -4542
5707 -4014 3086 2329 1147 -4824
6011 -4641 3139 2816 1475 -5087
6447 -5688 2961 3243 1905 -5168
6526 -6312 2674 4099 2666 -5254
6550 -7331 2117 5171 3139 -5381
6518 -8448 1693 5906 3216 -5525
6462 -9042 1510 6845 3290 -5861
6273 -9313 706 7652 3349 -6213
6055 -8873 -61 8097 3153 -6356
5223 -6759 -3310 6658 2069 -5844
4358 -8184 -1727 7874 2813 -6620
3933 -7081 -1850 8299 2537 -7060
3866 -6869 -1061 7935 2198 -7293
3834 -6191 -345 6675 2154 -6981
3396 -5757 -273 5710 2488 -6607
2982 -5414 -515 4432 3238 -5997
2359 -4874 -1109 3821 3806 -5601
1965 -4511 -1480 3250 4646 -5050
1594 -3970 -1926 2979 5362 -4447
1397 -3357 -2248 2900 5725 -3965
1221 -2980 -2316 2794 6042 -3196
841 -2425 -2376 2612 5921 -2520
391 -1931 -2375 2451 5496 -2175
76 -1490 -2301 2170 4450 -1823
-41 -1267 -2208 1858 3240 -1603
-52 -988 -2046 1546 2159 -1397
121 -880 -1770 1320 1581 -1218
294 -931 -1609 985 995 -852
572 -973 -1450 716 710 -346
947 -950 -1435 609 569 73
1210 -990 -1486 578 291 769
1573 -979 -1578 644 19 1243
1911 -957 -1660 849 -489 1934
2446 -917 -1692 1028 -848 2374
2686 -834 -1668 1289 -1296 2908
3060 -704 -1569 1481 -1585 3306
3594 -608 -1558 1566 -1699 3544
3913 -679 -1639 1652 -1750 3840
4202 -728 -1700 1669 -1600 4023
4359 -622 -1569 1614 -1365 4080
4365 -492 -1372 1377 -840 4055
4336 -368 -1298 1002 -354 3937
4024 -217 -1416 647 101 3682
3618 -60 -1544 465 463 3428
3340 59 -1695 280 1090 3018
2895 132 -1762 193 1501 2756
2639 221 -1609 -14 1959 2467
2272 400 -1261 -380 2183 2317
1965 497 -949 -687 2264 2289
1837 527 -718 -1229 2288 2337
1628 477 -428 -1620 2233 2420
1542 446 -345 -2164 2112 2603
842 -514 -128 -1767 1304 3889
831 -515 8 -1985 1388 4004
911 -563 27 -2276 1451 4086
1120 -705 -27 -2461 1393 4139
1114 -780 -44 -2684 1156 4134
1025 -911 -97 -2817 909 3968
1029 -1072 -77 -2856 788 3785
1011 -1150 -34 -2873 648 3445
1019 -1338 75 -2892 622 3045
1110 -1692 244 -2944 688 2766
1202 -2052 332 -3114 900 2376
1392 -2769 424 -3382 1209 2047
1591 -3612 456 -3605 1439 1863
2243 -2721 -585 -6053 2181 2694
2165 -2390 -582 -6095 2545 2243
2164 -2007 -569 -6109 2697 1873
2269 -1672 -675 -6079 2585 1706
2347 -1495 -660 -5977 1906 1570
2589 -1183 -408 -5859 760 1507
3021 -987 -130 -5742 125 1454
3228 -771 193 -5533 -286 1183
3456 -335 547 -5245 166 575
3738 -81 770 -4985 833 28
4120 47 993 -4555 1643 -717
4607 299 1510 -4310 1769 -1050
4794 574 1977 -4000 1470 -1409
4731 693 2289 -3635 1117 -1822
4744 637 2682 -3294 1116 -2176
5041 451 2899 -2568 1377 -2612
5419 399 3303 -1957 1604 -2775
5422 347 3566 -878 2081 -2970
5193 223 3503 376 2567 -3283
4963 -30 3374 1256 2685 -3542
5031 -224 3326 2460 2673 -3884
5414 -649 3262 3370 2940 -4095
5662 -994 2941 3799 3468 -4208
5831 -1318 2553 4257 4473 -4304
6149 -1898 1671 4662 5149 -4207
5828 -2353 523 5000 5260 -4176
5170 -2626 -673 5774 4835 -4450
4814 -2765 -1291 6755 4170 -5081
4369 -2669 -1681 7560 3637 -5896
4323 -1240 -2953 4293 2311 -5735
3338 -2800 -3266 7128 4156 -6488
2792 -2354 -3495 7862 3899 -6924
2792 -2206 -2340 8007 3033 -7058
2749 -2253 -1853 7074 2358 -6874
2512 -2688 -1736 6264 2582 -6666
2332 -3024 -1960 5211 3540 -6267
1916 -3336 -2219 4427 4556 -5816
1442 -3392 -2400 3991 4944 -5519
1174 -3299 -2494 3449 4904 -5101
716 -3017 -2718 3166 4565 -4868
388 -2860 -3013 2940 3924 -4625
83 -2724 -3243 2880 3485 -4388
14 -2409 -3130 2844 3334 -4133
229 -2200 -2962 2652 3195 -3502
471 -1875 -2620 2236 3225 -2663
570 -1546 -2335 1850 3322 -2086
660 -1417 -2305 1234 3469 -1296
618 -1152 -2490 881 3454 -853
541 -975 -2610 522 2895 -336
663 -731 -2684 389 2218 -22
840 -601 -2658 349 1256 450
1147 -498 -2508 429 663 951
1659 -363 -2316 498 441 1327
1959 -312 -2126 519 209 1917
2631 -345 -2115 560 32 2567
3525 -564 -2249 650 -181 3049
4225 -890 -2387 950 -827 3857
4613 -1309 -2350 1213 -1430 4299
4193 -1252 -2081 1629 -2099 4537
4009 -1069 -1892 1937 -1801 4285
3865 -391 -1282 1983 -498 3986
3830 273 -511 1642 1252 3953
3895 649 -27 1219 2349 4117
3968 702 136 373 3476 4597
3613 725 416 -298 3707 4957
2569 899 721 -1423 3539 5057
1921 604 657 -2402 3399 4862
1687 121 596 -2932 3177 4738
1538 -104 473 -3494 2618 4644
1236 -298 160 -3675 2223 4617
1016 -565 -134 -3704 1708 4619
1044 -812 -298 -3528 1308 4706
1308 -1162 -436 -3352 1007 4847
1535 -1341 -480 -3061 377 5198
1726 -1524 -474 -2852 -145 5454
1664 -1552 -397 -2567 -876 5679
1543 -1579 -232 -2372 -1343 5606
1338 -1601 15 -2327 -1477 5370
1428 -1705 155 -2415 -1335 4826
1956 -1842 170 -2646 -1003 4379
2676 -2039 231 -2969 -1006 4159
2778 -1947 70 -3149 -1079 4022
2572 -1848 30 -3324 -905 3627
2142 -1682 -85 -3408 -187 2987
2363 -1788 -330 -3404 392 2572
2599 -1915 -554 -3277 921 2133
2872 -2050 -939 -3005 1058 1914
2622 -2055 -1216 -2642 951 1727
2038 -2044 -1470 -2360 784 1543
1801 -1884 -1357 -2021 319 1288
1653 -1569 -1026 -1889 -144 1175
1742 -1430 -425 -1975 -226 1197
1922 -1296 -38 -2382 46 1401
2233 -996 276 -2774 413 1657
2316 -733 268 -3368 1047 2100
2300 -326 36 -3797 1513 2450
2205 -91 -392 -3909 1651 2575
2126 19 -684 -3770 1650 2593
2006 18 -1097 -3495 1563 2483
1840 -39 -1254 -2898 1470 2098
1725 -161 -1301 -2277 1506 1522
1890 -274 -1221 -1917 1524 1119
2077 -330 -1046 -1589 1399 610
2217 -259 -754 -1569 1287 169
2310 -218 -614 -1685 1349 -111
2277 -167 -520 -1988 1606 -530
2275 -17 -481 -2354 2014 -907
2468 32 -584 -2568 2324 -1083
2683 16 -628 -2780 2648 -1196
3056 -12 -632 -2858 2702 -1177
3241 -109 -567 -2901 2518 -1131
3568 -384 -418 -2848 2147 -1131
4297 -742 -386 -2713 1746 -1097
4639 -1048 -442 -2281 939 -1071
4779 -1372 -602 -1443 332 -1285
4712 -1269 -554 -692 228 -1602
4817 -1086 -103 427 449 -2177
5226 -900 1111 1075 970 -2612
5572 -827 2092 1210 1396 -2773
5455 -825 2398 1193 1377 -3015
5041 -1111 2239 1251 551 -3297
4923 -1400 2029 1667 -1144 -3981
5387 -2088 2097 2325 -1515 -4816
6318 -3052 2731 2697 -662 -5268
6914 -3833 3108 2984 1347 -5609
7105 -5126 3125 3145 3088 -5782
6942 -6506 2737 3317 3650 -5914
6741 -7687 2432 3775 3404 -6233
6617 -8875 1927 4255 2911 -6515
6569 -9067 1557 5256 2495 -6881
6242 -8972 1238 6313 3180 -7181
8668 -10300 2631 6756 4545 -6953
4961 -7986 -1541 6134 5087 -6725
4843 -8774 -453 7280 5068 -7118
4526 -8323 -661 7638 5293 -6995
4231 -7653 89 7052 4677 -6503
3598 -6478 2 6313 4248 -6107
3033 -5986 -399 5291 4037 -5643
2348 -5156 -1053 4786 4003 -5392
1985 -4607 -1412 4275 3988 -5018
1550 -3945 -1725 3902 3977 -4601
1324 -3542 -1777 3649 3979 -4280
1095 -2960 -1826 3241 3917 -3708
881 -2521 -1789 2939 3775 -3307
796 -2285 -1833 2514 3482 -2699
641 -2017 -1943 2284 3279 -2319
516 -1822 -1994 2028 2957 -1804
384 -1502 -1952 1832 2561 -1368
250 -1210 -1804 1709 2278 -1124
233 -1058 -1686 1517 1902 -791
244 -890 -1488 1382 1660 -582
333 -809 -1403 1199 1298 -238
456 -735 -1265 1048 938 139
602 -711 -1197 975 735 417
947 -715 -1097 889 496 899
1418 -749 -1082 853 395 1276
1850 -758 -1098 805 194 1924
2265 -825 -1105 768 -89 2384
2943 -828 -1180 718 -684 3066
3671 -845 -1252 705 -1133 3513
3909 -774 -1239 708 -1776 4015
4074 -577 -1291 729 -2012 4176
4115 -542 -1328 771 -1945 4152
4276 -471 -1424 786 -1393 3975
4536 -305 -1405 761 -871 3913
4558 -132 -1232 564 -176 3936
4411 4 -1251 247 164 4005
4007 246 -1358 -44 102 4001
3624 431 -1636 -150 -149 3941
3274 440 -1840 -132 -703 3767
3063 401 -1862 18 -1141 3493
2833 323 -1758 181 -1142 3160
2572 284 -1506 241 -859 2920
2450 277 -1304 188 -107 2584
2231 257 -969 -79 890 2303
2087 262 -733 -367 1571 2149
1846 296 -503 -882 2412 1947
1479 317 -448 -1378 2949 1726
1101 258 -496 -1738 3280 1469
876 148 -559 -1895 3451 1323
763 49 -595 -2035 3637 1200
722 -20 -607 -2071 3680 1222
677 -74 -657 -2038 3600 1316
608 -123 -673 -1909 3278 1498
623 -761 486 -2397 1548 2012
698 -1054 599 -2851 1564 1534
852 -1548 563 -3163 1586 1215
1135 -1920 427 -3581 1442 919
1504 -2402 332 -3910 850 952
2025 -2985 307 -4089 223 1153
2386 -3658 318 -4328 -805 1641
2518 -3964 318 -4551 -1460 2132
2739 -4237 451 -4813 -1547 2522
3002 -4294 520 -5019 -1370 2733
3083 -4230 542 -5326 -886 2954
3097 -3985 390 -5487 -401 3024
3028 -3741 261 -5633 466 2986
2897 -3370 46 -5666 1417 2785
2873 -2993 -123 -5639 2009 2613
2890 -2781 -216 -5563 2648 2351
2878 -2596 -274 -5456 2992 2058
2644 -2179 -301 -5381 3091 1820
2512 -1996 -322 -5235 3043 1384
2293 -1726 -251 -5133 2881 1053
2282 -1505 -126 -5020 2399 562
2488 -1204 98 -5001 1913 304
2739 -984 231 -5041 994 67
3128 -790 436 -5138 66 -43
3377 -623 630 -5208 -295 -128
3601 -429 790 -5282 -347 -288
3940 62 824 -5261 -103 -389
4025 379 794 -5043 455 -602
3986 548 970 -4728 776 -933
4054 905 1488 -4547 715 -1146
4162 1115 1878 -4290 321 -1374
4297 1340 2369 -3930 -24 -1541
4399 1283 2624 -3512 25 -1677
4498 1098 2717 -2529 612 -1943
4849 608 3042 -1701 1190 -2097
5061 320 3338 -426 1953 -2209
5023 -108 3635 760 2236 -2330
4916 -633 3671 1489 2225 -2530
4796 -884 3574 2559 2390 -3105
4859 -1360 3365 3231 2725 -3583
4914 -1656 3094 4200 3314 -4190
4914 -2092 2428 4842 3564 -4428
4888 -2424 1690 5820 3445 -4609
4747 -2521 1396 6624 3380 -4950
4794 -2765 1159 7094 4084 -5542
4922 -3107 698 7238 4854 -5919
4769 -3357 2 6689 3775 -5873
3973 -3091 -1985 6888 5162 -6271
3285 -3102 -2870 7863 4694 -6852
3021 -2818 -2544 8229 3195 -7003
3078 -2533 -1548 7784 2314 -6978
2910 -2557 -1341 6683 2840 -6890
2511 -2655 -1650 5683 4544 -6686
2133 -2716 -2221 5195 5490 -6390
1868 -2806 -2640 4696 6003 -5806
1385 -2795 -2912 4340 6079 -5256
951 -2650 -2969 4147 6098 -4960
760 -2544 -2849 3819 6033 -4560
732 -2297 -2626 3383 5946 -4057
736 -2116 -2515 3048 5847 -3644
716 -1912 -2596 2571 5476 -2968
649 -1655 -2831 2331 4981 -2495
697 -1525 -3030 2113 3809 -1770
876 -1338 -2959 1964 2225 -952
1142 -1061 -2731 1817 763 -102
1250 -868 -2498 1727 150 401
1311 -796 -2351 1606 -203 1020
1630 -733 -2150 1519 -240 1394
1882 -670 -1985 1361 -172 1926
2120 -605 -1786 1230 -43 2232
2234 -442 -1619 998 236 2587
2407 -360 -1557 740 442 2862
2683 -224 -1502 497 444 3103
3014 -211 -1517 380 338 3261
3449 -233 -1478 313 98 3543
3650 -209 -1357 339 -98 3834
3845 -124 -1143 373 -73 3986
4007 -109 -964 412 131 4171
4364 -178 -677 362 296 4338
4591 -224 -434 279 267 4436
4513 -242 -290 101 46 4473
4237 -238 -182 -76 -226 4319
3873 -329 -138 -178 -393 4126
3655 -396 -117 -308 -574 3800
3448 -424 -44 -403 -649 3625
3288 -416 -17 -550 -726 3482
2962 -359 31 -699 -782 3424
2490 -311 101 -809 -762 3389
2169 -285 133 -987 -545 3312
1759 -236 156 -1168 -126 3209
1443 -231 136 -1283 214 3148
1287 -246 97 -1450 706 3088
1129 -262 32 -1547 992 3084
1062 -253 -20 -1691 1322 3146
953 -229 -100 -1780 1458 3220
850 -205 -153 -1911 1485 3355
768 -226 -203 -2031 1349 3450
699 -304 -319 -2090 1218 3473
657 -329 -370 -2159 935 3426
574 -391 -399 -2234 525 3249
554 -553 -441 -2282 278 3078
591 -636 -453 -2346 60 2798
787 -785 -442 -2396 7 2641
1034 -982 -479 -2473 3 2526
1280 -1264 -646 -2518 48 2497
1310 -1689 -869 -2519 144 2454
1187 -1932 -1005 -2506 453 2214
775 -2380 -978 -2538 800 1894
677 -2622 -789 -2789 1714 1283
703 -2711 -452 -3287 3104 782
1560 -2128 264 -3814 3915 750
2743 -1883 784 -4938 4100 1583
5235 -1366 744 -5737 3951 2876
5506 -1125 449 -6734 3476 4914
4173 -599 -243 -7231 2849 5529
3221 -174 -704 -7177 2346 5042
2279 -199 -1410 -6467 1694 3435
2320 -802 -1708 -5286 1386 1589
2833 -1203 -1220 -4533 1130 616
3203 -1295 -734 -3772 627 -183
3582 -1277 -4 -3588 246 -324
3489 -1101 284 -3658 -249 -230
3245 -1053 250 -3802 -530 -137
2900 -1012 2 -3795 -572 -170
2838 -1060 -108 -3629 -431 -304
2926 -1160 -124 -3348 -194 -451
3036 -1215 -100 -3023 -28 -560
3211 -1099 -44 -2784 34 -600
3276 -1065 22 -2430 141 -669
3301 -1045 -4 -2053 366 -825
3387 -961 32 -1787 608 -963
3457 -917 127 -1456 1020 -1171
3680 -786 324 -1287 1247 -1281
3860 -621 455 -1076 1488 -1360
4064 -239 746 -889 1537 -1407
4020 -193 1193 -812 1354 -1511
3897 -281 1427 -674 696 -1869
3978 -599 1677 -463 197 -2205
4183 -853 1809 109 -164 -2729
4606 -1346 2194 886 220 -3169
5048 -1979 2824 1366 700 -3385
5223 -2485 3084 1973 1372 -3608
5247 -3280 3145 2348 1569 -3748
5301 -3718 3082 2941 1530 -4012
5564 -4301 3054 3576 1498 -4344
5774 -4913 2987 3990 1737 -4644
5961 -5371 2894 4596 2515 -5097
6265 -6057 2612 5103 3204 -5415
6450 -6734 2148 5361 3480 -5561
6515 -7057 1846 5595 3564 -5771
6292 -7554 1217 5766 3378 -6125
6180 -7657 589 5892 3133 -6345
5399 -7400 2163 4767 3474 -6071
5634 -7426 -1215 5176 2866 -6118
5332 -7681 -1549 6166 2690 -6506
6173 -6967 -806 6302 2393 -6312
6412 -6990 -610 6026 2769 -6046
5855 -6556 -870 5510 3872 -5771
4632 -6177 -1703 5244 4400 -5784
3912 -5646 -2179 4979 4433 -5903
3110 -4683 -2408 4781 4074 -5926
2586 -3870 -2261 4324 3527 -5821
2274 -3517 -2099 3685 3400 -5548
1905 -3096 -1865 3209 3522 -5288
1702 -2942 -1920 2569 3837 -4800
1259 -2742 -2306 2209 4149 -4270
826 -2454 -2565 2091 4201 -3904
567 -2276 -2644 2002 4031 -3337
251 -1957 -2571 1944 3784 -2947
77 -1747 -2485 1827 3268 -2341
-108 -1544 -2416 1712 2718 -1715
-35 -1342 -2286 1627 2354 -1235
79 -1199 -2180 1454 1785 -424
270 -1043 -2113 1331 1491 139
518 -1013 -2106 1160 1239 1031
841 -986 -2159 1003 1042 1907
1011 -854 -2184 902 855 2449
1437 -713 -2139 714 364 3182
2051 -676 -2120 578 -57 3631
2462 -678 -2104 401 -737 4209
3196 -738 -2180 318 -1331 4628
3741 -854 -2263 323 -1578 4780
3943 -759 -2246 361 -1526 4757
4184 -204 -1941 300 -989 4455
4254 523 -1468 155 -393 4113
4209 915 -1149 -215 764 3403
3887 1262 -951 -503 1522 2838
3523 1295 -1221 -765 2269 1929
2979 1129 -1943 -725 2504 1397
2776 1011 -2123 -540 2498 912
2651 964 -1757 -534 2189 854
2570 991 -1320 -869 1364 1087
2341 911 -633 -1572 690 1508
1953 729 -250 -2116 552 1771
1693 592 -234 -2809 730 2046
1315 344 -471 -3086 957 2141
1101 218 -683 -3167 1247 2196
925 3 -1070 -2884 1292 2262
810 -236 -1341 -2556 1186 2342
765 -358 -1325 -2042 890 2540
727 -425 -987 -1804 625 2719
650 -462 -561 -1689 195 3008
651 -460 -330 -1804 -148 3283
575 -458 -60 -1965 -301 3445
562 -450 50 -2277 -464 3639
497 -491 106 -2587 -574 3752
446 -588 90 -2761 -572 3766
500 -689 55 -2997 -394 3704
625 -786 40 -3041 -294 3661
712 -817 16 -3015 -152 3597
728 -927 -92 -2856 13 3516
779 -1224 -53 -2710 120 3431
844 -1531 89 -2568 283 3268
989 -2103 354 -2605 424 3088
1097 -2585 611 -2775 496 2971
1378 -3321 940 -3218 593 2879
1659 -3816 1054 -3595 691 2925
3671 -2982 414 -4764 2127 3861
3731 -2501 383 -4961 2262 3653
3690 -2253 292 -5204 2330 3306
3354 -1857 102 -5299 2281 2979
3071 -1628 7 -5304 2004 2326
2744 -1435 -104 -5242 1678 1826
2619 -1337 -180 -5070 789 1132
2728 -1244 -190 -4837 -525 673
3107 -1147 70 -4692 -1314 519
3402 -1051 376 -4561 -1686 427
3932 -730 799 -4535 -1289 433
4281 -493 906 -4512 -25 561
4682 -225 1005 -4502 910 687
4807 128 1001 -4482 1925 876
4683 830 781 -4399 2230 931
4410 1214 508 -4019 1943 772
4013 1623 94 -3541 1311 474
3911 1733 4 -2540 484 -232
4199 1898 402 -1845 349 -754
4552 1901 972 -1134 793 -1405
5042 1703 1715 -958 1309 -1682
5261 1456 1914 -927 2035 -1880
5170 1043 1909 -908 2346 -2000
5057 703 1803 -656 2667 -2299
5034 158 1827 -320 2803 -2538
5073 -183 2016 312 2890 -2905
5049 -811 2223 826 2913 -3173
5188 -1553 2270 1822 2976 -3648
5481 -2109 2241 3037 3349 -4152
5718 -2762 2182 4239 4233 -4696
5771 -3488 1733 4952 4705 -5065
5545 -3783 1226 5978 4797 -5624
5044 -4192 267 6698 4562 -6074
4825 -4201 -65 7713 4098 -6778
4578 -4222 -276 8312 4241 -7362
3747 -3392 -2828 6991 1946 -6992
3863 -4337 -1044 7649 6569 -7781
3503 -4028 -2429 8006 7273 -7741
2844 -3994 -1997 8074 7008 -7051
2473 -3515 -1978 7295 5373 -6341
1840 -3390 -2110 6641 4820 -6074
1672 -3182 -2347 5688 4679 -5759
1634 -3138 -2457 4866 4711 -5228
1535 -2882 -2544 4370 4615 -4752
1349 -2762 -2593 3739 4291 -4047
905 -2510 -2668 3290 3804 -3526
578 -2249 -2645 3082 3392 -3268
445 -2070 -2676 2874 2675 -2938
410 -1874 -2724 2752 2139 -2595
582 -1623 -2534 2631 1967 -2295
706 -1422 -2372 2336 1960 -1717
879 -1179 -2262 2081 2040 -1270
1021 -893 -2186 1662 2141 -559
1141 -794 -2213 1261 2117 137
1286 -604 -2263 1057 1956 556
1377 -487 -2319 868 1547 1071
1609 -380 -2439 852 1259 1338
1777 -343 -2494 949 880 1647
2082 -308 -2595 1088 697 1819
2362 -297 -2572 1334 389 2098
2778 -267 -2385 1525 -52 2431
3099 -304 -1994 1582 -355 2631
3239 -372 -1695 1537 -606 2859
3409 -376 -1381 1414 -522 3063
3769 -403 -1108 1311 -425 3249
3942 -412 -907 1119 -300 3591
4040 -396 -655 879 -110 3929
3984 -446 -432 687 -10 4119
3840 -534 -304 344 119 4298
3465 -604 -188 -16 224 4321
3078 -718 -199 -234 238 4276
2931 -803 -228 -491 166 4233
2725 -917 -273 -678 3 4269
2412 -953 -173 -787 -95 4321
2191 -936 -107 -957 -79 4416
1938 -969 1 -1154 103 4544
1909 -1057 60 -1308 275 4670
1955 -1122 20 -1524 561 4947
2046 -1182 -41 -1721 728 5288
2285 -1249 -163 -1872 611 5646
2007 -1110 -161 -1949 415 5763
1566 -959 -84 -2068 177 5638
1356 -847 -55 -2218 104 5195
1371 -755 -31 -2333 113 4819
1317 -789 2 -2530 284 4237
1484 -826 -64 -2667 470 3884
1797 -918 -157 -2842 725 3528
2184 -1143 -352 -2942 766 3399
2342 -1329 -663 -2939 725 3347
2374 -1375 -799 -2858 632 3225
2161 -1396 -766 -2812 460 2901
1931 -1447 -669 -2846 367 2565
1879 -1505 -589 -2998 345 1990
1898 -1572 -442 -3253 532 1494
2055 -1572 -330 -3456 708 1292
2208 -1577 -353 -3738 976 1227
2401 -1520 -402 -3880 1161 1328
2461 -1400 -468 -4014 1401 1609
2468 -1188 -570 -4057 1550 1948
2580 -1059 -571 -4065 1599 2173
2746 -990 -589 -4061 1604 2525
2883 -749 -640 -4004 1570 2796
2843 -431 -779 -3896 1593 2869
2780 -275 -868 -3625 1749 2760
2686 -57 -976 -3261 2064 2383
2492 122 -862 -3040 2283 1976
2343 237 -684 -2841 2512 1198
2329 286 -622 -2750 2555 380
2465 266 -587 -2713 2462 -70
2602 217 -595 -2666 2178 -506
2671 238 -577 -2595 1789 -734
2664 328 -513 -2537 1500 -829
2626 289 -410 -2472 1112 -983
2652 68 -187 -2457 949 -1120
2716 -103 -60 -2453 857 -1334
2877 -387 73 -2419 853 -1508
3070 -747 1 -2324 855 -1588
3233 -1028 -70 -2035 761 -1627
3381 -1321 -39 -1616 589 -1621
3215 -1319 82 -1288 549 -1662
3091 -1294 141 -743 697 -1798
3046 -1350 241 -197 1017 -1888
3128 -1320 177 157 1040 -1827
3148 -1245 157 653 393 -1579
3135 -1128 346 1037 -448 -1400
3233 -1083 901 1176 -672 -1434
3294 -1163 1176 1243 -377 -1734
3618 -1473 1327 1324 246 -2102
4050 -1956 1263 1442 510 -2270
4200 -2294 1228 1728 609 -2469
4356 -2828 1204 1975 584 -2635
4424 -3082 1324 2364 601 -3010
4625 -3415 1721 2604 903 -3457
4929 -3712 2008 2673 1312 -3737
5175 -3995 2009 2753 2039 -4011
5501 -4536 1660 3005 2626 -4140
5779 -5110 1140 3320 2927 -4199
5848 -5520 689 3930 3082 -4382
5916 -5713 533 4495 3091 -4777
5926 -6010 285 4888 3131 -5354
5780 -6123 -75 5061 3172 -5757
5613 -5970 -370 5262 2737 -6235
4937 -4762 -2166 3547 1398 -5597
3968 -5920 -3013 5428 2632 -6468
4368 -4859 -1884 6325 1973 -6767
4668 -4665 -584 5737 2228 -6439
4393 -4357 -367 5010 2836 -6019
3907 -4286 -819 4092 3786 -5414
3050 -4010 -1711 3648 4375 -4982
2422 -3625 -2116 3515 4479 -4724
1993 -3202 -2099 3340 4441 -4310
1801 -2862 -1913 3030 4435 -3837
1511 -2467 -1789 2772 4470 -3501
1297 -2247 -1815 2439 4451 -3021
1017 -1931 -1952 2209 4262 -2592
774 -1698 -2031 2076 3838 -2226
534 -1489 -2076 2007 3436 -2035
456 -1360 -2066 1903 2770 -1793
490 -1224 -1987 1820 2306 -1623
538 -1158 -1943 1667 1683 -1323
617 -1080 -1910 1511 1216 -977
751 -1014 -1942 1421 964 -709
841 -997 -1978 1308 657 -236
1023 -866 -2047 1231 430 332
1162 -716 -2118 1209 273 739
1229 -547 -2179 1193 9 1348
1340 -364 -2207 1190 -141 1727
1507 -300 -2164 1128 -336 2275
1811 -232 -2165 1049 -465 2604
1971 -200 -2188 896 -647 2986
2198 -135 -2200 720 -762 3234
2378 -11 -2095 595 -773 3340
2641 33 -1907 364 -752 3426
2813 17 -1746 54 -738 3447
2994 60 -1585 -176 -688 3410
3066 85 -1501 -505 -524 3286
3145 81 -1383 -790 -322 3138
3152 126 -1480 -891 -165 3045
3093 130 -1522 -889 48 2936
2901 91 -1556 -772 211 2855
2726 106 -1542 -661 297 2841
2605 82 -1448 -522 379 2889
2404 20 -1238 -490 419 2960
2274 -14 -1077 -542 461 3111
2051 -46 -880 -678 496 3295
1768 -103 -761 -780 508 3419
1557 -131 -732 -919 541 3567
1241 -44 -662 -1016 544 3687
898 19 -574 -1084 496 3743
584 -1 -504 -1121 483 3749
430 -43 -491 -1151 552 3751
363 -115 -465 -1193 651 3830
366 -217 -493 -1237 690 3928
415 -330 -484 -1338 545 4127
487 -400 -471 -1457 203 4340
829 -640 -522 -2036 1299 2504
2123 -2990 342 -2368 1579 2146
2173 -3475 422 -2943 1883 1792
2318 -4059 459 -3545 2095 1709
2552 -4364 395 -3918 2127 1817
2716 -4478 226 -4362 1996 2164
2713 -4451 81 -4607 1795 2595
2606 -4201 -127 -4650 1717 2837
2472 -3966 -214 -4564 1746 3059
2256 -3480 -279 -4389 1912 3094
2061 -3017 -245 -4270 2057 3025
1973 -2726 -220 -4146 2236 2850
1893 -2283 -208 -4113 2304 2712
1873 -2046 -270 -4094 2244 2524
1765 -1657 -427 -4083 2071 2391
1762 -1446 -584 -3997 1697 2177
1914 -1246 -814 -3820 1248 1988
2201 -1145 -960 -3675 923 1863
2314 -1146 -969 -3495 374 1613
2546 -1128 -928 -3420 -88 1244
2760 -1054 -858 -3431 -288 982
3227 -911 -630 -3552 -312 647
3871 -723 -296 -3712 -108 527
4158 -588 -84 -4044 444 471
4647 -429 157 -4415 1055 554
5089 102 280 -4594 1355 700
5146 707 365 -4685 1597 854
4667 1426 483 -4522 1694 540
3852 1745 586 -4263 1682 -40
3530 1694 726 -3733 1523 -1256
3682 1354 1223 -3393 1188 -2030
4200 1002 1535 -2917 544 -2754
5032 565 1837 -2236 575 -2900
5450 173 2150 -1638 1141 -2836
5305 -288 2207 -578 2267 -2720
4926 -476 2312 463 2946 -2811
4666 -792 2438 1033 3091 -3014
4786 -1057 2435 1755 3192 -3398
4758 -1343 2226 2217 3287 -3718
4620 -1603 1925 3011 3287 -4327
4533 -1901 1308 4030 3408 -4975
4919 -2236 807 4777 3746 -5281
5093 -2365 605 5743 4561 -5476
4697 -2380 484 6136 5096 -5568
4257 -2422 184 6425 5650 -5823
3505 -2455 -498 6622 5907 -6222
4288 550 1399 5237 5913 -5958
2162 -2674 -2393 6392 6388 -6676
1806 -2173 -2973 7050 5899 -6981
1845 -2136 -2892 7449 4596 -6956
2061 -1819 -2270 7205 3769 -6662
2061 -1702 -1949 6346 3464 -5960
1735 -1792 -1817 5284 4223 -5205
1447 -1782 -1918 4315 5052 -4411
1364 -1768 -2042 3741 5367 -3881
1241 -1800 -2120 2961 5704 -3249
1058 -1836 -2446 2533 5711 -2962
1036 -1853 -2690 2097 5096 -2653
1034 -1772 -3040 1926 3915 -2368
1201 -1623 -3170 1923 2978 -2134
1306 -1495 -3154 2020 1651 -1729
1394 -1290 -2948 2101 977 -1458
1422 -1083 -2733 2175 359 -1050
1478 -789 -2354 2113 129 -676
1554 -669 -2048 1980 108 -442
1822 -570 -2004 1725 233 -15
2238 -465 -1947 1455 488 527
2332 -390 -2003 1282 761 859
2379 -401 -2059 1079 1258 1287
2314 -130 -2078 984 1563 1525
2156 42 -2081 867 1958 1738
1806 10 -2130 798 2113 1750
1626 -32 -2074 690 2000 1649
1507 -119 -1998 530 1088 1485
1704 -241 -1801 352 -165 1384
2576 -429 -1429 3 -2439 1344
3713 -558 -1259 -202 -3491 1429
4280 -632 -1199 -355 -3610 1719
4559 -659 -937 -400 -2758 1964
4556 -530 -766 -467 -744 2451
4396 -99 -527 -662 1072 3132
4201 61 -420 -892 1830 3676
3952 240 -404 -1304 2318 4495
3466 372 -546 -1552 2333 4992
3258 386 -748 -1743 2050 5665
3173 425 -1068 -1707 1674 6105
2972 459 -1148 -1424 977 6662
2376 389 -1104 -1146 542 6869
1845 196 -1008 -659 44 6941
1536 150 -913 -178 -325 6742
1040 71 -657 49 -523 6439
813 -41 -428 147 -694 5763
662 -155 -174 -13 -689 4999
676 -277 -11 -235 -613 4521
754 -346 64 -680 -518 3959
911 -559 135 -1192 -485 3611
1095 -777 165 -1542 -470 3485
1279 -913 182 -2059 -479 3442
1407 -1106 227 -2400 -489 3456
1495 -1264 217 -2886 -411 3469
1535 -1363 195 -3311 -189 3416
1506 -1502 78 -3663 155 3226
1422 -1680 -59 -3852 447 3015
1482 -1845 -225 -4062 899 2658
1728 -2053 -405 -4206 1152 2413
1914 -2075 -546 -4278 1162 2329
1984 -2097 -668 -4327 1017 2300
2012 -2074 -707 -4347 733 2317
2055 -2094 -693 -4362 467 2331
2059 -2164 -672 -4395 29 2312
2207 -2054 -730 -4393 -243 2295
2347 -1876 -836 -4308 -698 2312
2590 -1447 -1105 -4086 -1232 2390
2708 -989 -1228 -3875 -1595 2413
2718 -669 -1132 -3580 -1958 2323
2686 -265 -893 -3436 -1867 2144
2696 -183 -697 -3321 -1125 1762
2722 34 -476 -3308 -41 1404
2763 246 -433 -3315 575 1243
2862 296 -578 -3258 1171 1167
2962 386 -815 -3155 1420 1188
2852 450 -946 -2912 1758 1159
2514 384 -1166 -2724 1987 1016
2242 233 -1332 -2409 2154 584
2085 -41 -1502 -2124 1817 36
2224 -439 -1548 -1966 1382 -308
2411 -691 -1530 -1788 712 -749
2822 -943 -1511 -1673 425 -960
3158 -968 -1467 -1467 353 -1129
3436 -862 -1467 -1185 611 -1187
3450 -716 -1446 -980 772 -1243
3397 -571 -1376 -758 868 -1402
3516 -408 -1111 -712 901 -1591
3845 -140 -808 -798 926 -1678
4162 -24 -597 -1030 1034 -1703
4691 -131 -391 -1251 1044 -1620
5197 -373 -32 -1380 1002 -1569
5479 -600 428 -1604 1093 -1624
5758 -781 1218 -1837 1699 -1920
5937 -1240 1634 -1852 2360 -2229
5930 -1848 1464 -1353 3200 -2803
5740 -3076 879 -558 3414 -3252
5840 -3779 794 1059 3256 -3863
6162 -4673 1272 2120 3120 -4186
6472 -5333 1637 3372 3423 -4612
6938 -6520 1707 4322 4125 -4967
6796 -7400 1216 4931 4513 -5207
6658 -7698 739 5880 4802 -5625
6720 -8155 43 6753 4956 -6018
6752 -8392 -268 7123 5075 -6234
6762 -8313 -274 7222 5019 -6432
7248 -9009 1779 -854 -421 -5941
5613 -7561 -2139 5109 4806 -6080
4821 -7370 -2684 6237 4578 -6654
4671 -6559 -2227 6491 3451 -6830
4455 -5991 -2081 6203 3058 -6755
4080 -5507 -2018 5846 3255 -6581
3785 -5130 -2009 5139 3807 -6108
3256 -4490 -2133 4596 4149 -5683
2627 -3842 -2414 3799 4532 -4995
2169 -3477 -2645 3147 4817 -4359
1528 -3000 -2834 2650 4912 -3830
1005 -2617 -2854 2360 4829 -3524
705 -2392 -2863 2005 4534 -3115
349 -2098 -2749 1702 4040 -2711
97 -1819 -2631 1534 3697 -2426
-17 -1638 -2488 1314 3213 -1964
-152 -1419 -2357 1197 2895 -1623
-233 -1274 -2280 1078 2352 -1090
-272 -1105 -2184 1034 1745 -544
-198 -993 -2115 1055 1048 16
80 -921 -2065 1096 575 400
406 -955 -2052 1202 -15 1027
1036 -979 -2110 1372 -399 1734
1776 -878 -2071 1486 -596 2236
2135 -825 -2006 1574 -786 2880
2631 -649 -1932 1560 -830 3193
3008 -602 -1864 1447 -876 3522
3370 -559 -1820 1224 -847 3647
3618 -522 -1923 1061 -728 3629
3818 -531 -1946 799 -425 3540
4027 -382 -1785 473 -132 3461
4033 -131 -1481 202 18 3415
3925 59 -1324 -237 265 3315
3650 306 -1251 -604 569 3164
3352 505 -1303 -790 683 3053
3132 615 -1374 -967 720 2897
2775 678 -1338 -1051 728 2794
2599 686 -1136 -1263 682 2680
2458 756 -806 -1584 553 2682
2399 765 -682 -1809 452 2759
2295 653 -563 -2086 280 2943
2152 610 -637 -2187 166 3077
1986 618 -847 -2120 85 3238
1668 549 -1058 -1957 130 3271
1458 487 -1099 -1651 323 3209
1231 432 -985 -1418 557 3086
1156 495 -693 -1368 677 3030
1080 564 -521 -1448 800 2989
1000 566 -411 -1563 882 2972
846 517 -374 -1750 1008 2917
743 477 -396 -1856 1076 2856
570 335 -483 -1943 1083 2735
455 145 -585 -1948 1019 2644
471 105 -604 -1905 822 2584
550 105 -560 -1867 591 2610
603 15 -517 -1815 150 2759
738 -19 -370 -1803 -270 3004
722 -174 -302 -1788 -476 3166
618 -388 -232 -1765 -443 3092
642 -742 -120 -1761 -345 2923
688 -1058 -68 -1804 -88 2536
828 -1631 -72 -1868 132 2239
929 -2158 -117 -2042 403 1778
1250 -3211 -210 -2321 459 1438
1852 -4268 -349 -2547 354 1379
2410 -4756 -473 -2898 -2 1678
3176 -5125 -450 -3274 -451 2369
3733 -5140 -409 -3532 -679 2941
3858 -4989 -383 -3895 -682 3735
3726 -4479 -325 -4121 -418 4108
3576 -4062 -300 -4459 269 4365
3413 -3493 -385 -4686 770 4366
3365 -3141 -488 -4982 1402 4224
3203 -2729 -619 -5216 1726 3969
3020 -2316 -778 -5301 1794 3756
2895 -2114 -877 -5316 1583 3422
2633 -1939 -1102 -5234 1146 3174
2463 -1868 -1207 -4985 3 2749
2344 -1740 -1175 -4752 -953 2434
2392 -1663 -1017 -4412 -2164 1942
2688 -1520 -634 -4173 -2553 1482
3151 -1336 -197 -4113 -2345 1257
3376 -1211 13 -4158 -1506 1078
3607 -1121 208 -4326 -416 1064
3594 -874 244 -4467 223 1117
3442 -716 135 -4611 808 1195
3190 -529 -38 -4602 876 1199
3138 -261 -98 -4504 823 1184
3230 -61 -41 -4251 804 1196
3404 360 198 -3933 987 1250
3509 784 457 -3703 1199 1290
3506 1011 553 -3291 1529 1289
3342 1247 553 -2938 1673 1194
3101 1381 407 -2243 1664 874
3050 1373 380 -1403 1317 405
3226 1343 474 -826 997 88
3425 1322 668 -93 583 -344
3779 1228 989 261 470 -591
4133 1170 1340 542 568 -908
4239 1101 1519 559 1018 -1229
4248 947 1630 495 1454 -1468
4208 784 1594 460 1955 -1823
4136 492 1535 615 2195 -2173
4103 112 1498 829 2357 -2429
4158 -175 1443 1310 2701 -2852
4373 -639 1328 1704 2968 -3141
4428 -953 1226 2360 3382 -3603
4726 -1596 971 2837 3584 -3877
4856 -1968 743 3656 3932 -4242
5099 -2399 355 4263 4303 -4482
5057 -2600 56 5129 4867 -4868
4719 -2759 -308 5769 5032 -5390
4201 -2873 -982 6126 4916 -5814
3774 -2872 -1499 6690 4301 -6527
3367 -2413 1621 7262 2518 -6596
2059 -2421 -2280 6284 3215 -7686
1996 -1918 -3103 6952 3244 -8721
2674 -1771 -1850 6802 2772 -8588
2888 -1759 -1327 5646 3044 -7768
2621 -1921 -1449 4419 5250 -6756
2026 -1984 -2143 3739 6491 -6096
1584 -1811 -2693 2960 7136 -5237
1083 -1589 -3455 2522 6777 -4543
691 -1388 -3760 2357 5945 -4182
510 -1305 -3830 2276 4344 -3818
406 -1176 -3806 2393 3153 -3542
512 -1078 -3547 2528 2677 -3296
685 -1075 -3289 2687 2202 -2691
986 -1024 -2864 2716 2010 -2109
1097 -894 -2563 2603 1956 -1085
1012 -767 -2267 2357 2239 -167
899 -680 -2118 2157 2550 288
912 -612 -2043 1849 2996 766
920 -471 -2001 1643 3195 971
947 -393 -2073 1418 3286 1144
1125 -379 -2080 1264 3029 1303
1427 -290 -2118 1208 2690 1472
1617 -282 -2084 1183 1922 1826
1834 -291 -1952 1193 1278 2090
1973 -245 -1882 1271 267 2491
2258 -159 -1837 1380 -398 2740
2380 -112 -1722 1594 -1455 3040
2666 28 -1581 1767 -2182 3193
2912 91 -1475 1960 -2871 3328
3457 100 -1338 2268 -3534 3496
3933 9 -1314 2469 -3555 3601
4318 -75 -1277 2706 -2980 3747
4554 -70 -1120 2731 -1932 3803
4411 -32 -969 2594 -1151 3746
4061 -77 -909 2191 -93 3481
3560 -114 -739 1588 512 3121
3102 -160 -493 1114 594 2909
2796 -160 -373 405 547 2705
2445 -171 -190 -270 505 2659
2104 -173 -88 -673 526 2686
1885 -199 -90 -1160 664 2756
1589 -255 -117 -1507 919 2821
1367 -301 -172 -1671 1122 2865
1184 -315 -242 -1826 1423 2921
1070 -330 -273 -1911 1684 2960
993 -333 -322 -1951 1871 2999
966 -362 -355 -1971 1941 3013
913 -355 -352 -2025 1936 2985
857 -356 -372 -2122 1752 2876
923 -410 -398 -2208 1485 2773
952 -441 -404 -2361 882 2592
928 -468 -404 -2515 206 2359
897 -486 -422 -2599 -196 2169
893 -511 -434 -2677 -652 1844
901 -597 -471 -2697 -811 1614
898 -712 -499 -2689 -778 1276
904 -905 -584 -2647 -477 1025
997 -1108 -687 -2628 -195 947
1023 -1351 -773 -2631 268 965
1162 -1903 -680 -2708 535 1071
1361 -2267 -474 -3026 752 1411
1936 -2468 -286 -3485 718 2097
2771 -2268 -462 -3752 576 2797
3290 -1983 -689 -3962 229 4110
3417 -1397 -885 -3978 -38 5330
2868 -932 -781 -3962 54 5845
2364 -795 -686 -3991 674 5952
1971 -608 -806 -4045 1614 5442
2102 -417 -1065 -4039 2125 4964
2298 -412 -1219 -3931 2380 4286
2643 -579 -1519 -3781 2256 3911
2834 -656 -1561 -3509 1707 3474
3019 -521 -1446 -3355 1117 3229
3151 -472 -1298 -3223 177 2848
3279 -492 -1089 -3202 -308 2536
3336 -544 -953 -3250 -572 1936
3397 -565 -736 -3353 -255 1219
3460 -598 -551 -3472 347 510
3683 -826 -476 -3530 697 133
3878 -990 -463 -3545 941 -228
4087 -1127 -487 -3432 925 -413
4027 -1253 -559 -3263 929 -544
3786 -1262 -622 -2838 1097 -848
3681 -1150 -606 -2295 1405 -1235
3625 -1015 -434 -1950 1545 -1473
3620 -928 -250 -1584 1345 -1728
3619 -689 56 -1386 825 -1896
3544 -522 369 -1288 462 -2016
3508 -426 567 -1115 102 -2257
3569 -375 929 -850 209 -2511
3806 -466 1392 -635 470 -2633
4045 -570 1817 -336 922 -2677
4504 -658 2373 -29 1239 -2573
4482 -1259 2403 287 1346 -2596
4413 -1740 2263 1041 1291 -2900
4847 -2663 2274 1678 1144 -3201
5477 -3280 2547 2540 1115 -3633
6387 -4308 3182 2909 1664 -3912
7007 -5652 3346 3176 2991 -4332
6969 -6500 2783 3695 3933 -4737
6446 -7371 1439 4932 4026 -5229
6097 -7679 558 5975 3911 -5573
5946 -7525 711 7178 3960 -6044
5846 -7351 833 7538 4389 -6401
5566 -7219 413 7405 4534 -6544
4876 -5169 -1903 6204 3636 -6191
4401 -7133 -1577 6403 3150 -6633
4149 -6387 -2145 6715 2769 -6784
4046 -6103 -2030 6744 2566 -6658
3766 -5447 -1823 6320 3315 -6154
3141 -4946 -1594 5811 4001 -5711
2712 -4474 -1489 4822 4908 -4969
2128 -3787 -1448 3735 5299 -4217
1711 -3159 -1831 3127 5378 -3740
1402 -2710 -2305 2539 5404 -3104
1317 -2480 -2507 2278 5286 -2536
1181 -2086 -2467 2147 4928 -2010
1081 -1763 -2305 2035 4499 -1569
890 -1459 -2044 1937 4118 -1338
793 -1278 -1883 1770 3335 -1086
625 -1050 -1734 1628 2439 -953
552 -964 -1632 1571 1842 -928
637 -962 -1535 1501 990 -905
854 -988 -1376 1435 351 -798
1198 -994 -1322 1401 48 -633
1404 -1026 -1411 1430 -181 -255
1767 -1001 -1553 1566 -233 272
2068 -895 -1685 1676 -308 688
2278 -807 -1804 1844 -511 1359
2630 -595 -1886 1949 -907 2017
2938 -433 -1888 1957 -1207 2389
3102 -374 -1900 1883 -1565 2831
3367 -228 -1788 1673 -1624 3146
3687 -48 -1811 1490 -1467 3332
3808 48 -1889 1213 -1119 3552
3813 121 -1844 890 -807 3681
3695 296 -1605 618 -652 3707
3534 372 -1385 117 -475 3626
3230 486 -1151 -243 -338 3500
2952 614 -1037 -736 -30 3269
2630 669 -1026 -1089 332 3056
2416 663 -1095 -1233 650 2896
2079 558 -1222 -1164 875 2796
1843 422 -1331 -1033 994 2780
1695 341 -1322 -794 1151 2849
1523 310 -1105 -644 1216 3017
1364 248 -859 -624 1219 3165
1274 175 -723 -699 1225 3397
1098 129 -544 -800 1245 3527
959 127 -438 -1002 1254 3633
690 71 -336 -1158 1230 3618
561 -59 -318 -1391 1202 3493
508 -245 -348 -1514 1212 3403
526 -340 -380 -1656 1237 3331
569 -479 -385 -1773 1212 3384
640 -561 -355 -1855 1141 3496
699 -594 -284 -2037 827 3828
689 -702 -200 -2134 610 3990
638 -741 -145 -2286 393 4109
621 -858 -120 -2404 393 4096
707 -1011 -120 -2456 498 4047
756 -1004 -101 -2481 659 3936
835 -1177 -161 -2463 786 3771
951 -1456 -204 -2435 924 3641
1168 -1732 -84 -2465 1168 3468
1376 -1966 144 -2573 1281 3370
1456 -2295 250 -2879 1397 3175
1517 -2981 279 -3148 1540 2973
1658 -3554 167 -3574 1779 2633
2059 -4511 -203 -3807 1856 2462
2446 -5012 -497 -3974 1767 2411
2964 -5343 -852 -3937 1389 2653
3245 -5343 -968 -3856 1105 2899
3268 -5125 -957 -3727 905 3215
2357 -1358 -533 -4920 1185 1755
2398 -1321 -455 -4858 1000 1456
2655 -1313 -257 -4798 1040 1138
3012 -1489 -51 -4760 1265 834
3219 -1721 -31 -4719 1434 630
3549 -1879 78 -4614 1686 358
3532 -1433 263 -4520 1802 165
3452 -843 559 -4379 1627 -198
3537 249 1212 -4305 1358 -465
3608 1148 1495 -4114 1388 -934
3764 2253 1525 -3831 1849 -1306
3922 2860 1555 -3158 2546 -1776
4077 3232 1759 -2365 2427 -2054
4003 3082 2057 -1890 1969 -2238
4098 2780 3009 -1451 1280 -2541
4611 2170 3979 -1311 1223 -2688
5070 1611 4339 -1103 1882 -2678
5752 540 4307 -790 2591 -2511
6071 -338 4000 156 3632 -2136
6287 -1540 3325 1123 4067 -1894
6157 -2262 2890 2936 4130 -1799
5759 -2966 2607 4177 3796 -2048
5642 -3293 2515 5751 3187 -2869
5762 -3654 2341 6790 2760 -3942
5843 -3953 1929 7236 2705 -4624
6011 -4207 1537 7658 2882 -5321
5934 -4517 654 7868 3052 -5570
5579 -4519 -44 8178 3138 -5865
4955 -4477 -1097 2117 -2717 -10164
3689 -4257 -3602 6825 3625 -6220
3137 -4038 -3769 7926 3053 -6875
3477 -3807 -2748 8190 2532 -7378
3828 -3828 -1692 7509 2307 -7296
3582 -4010 -1652 6043 2863 -6804
3059 -4170 -2056 4732 3800 -6271
2289 -4116 -2722 3852 4409 -5831
1716 -3947 -3219 3479 4570 -5565
1412 -3870 -3399 3109 4714 -5175
1067 -3658 -3415 2794 4662 -4742
697 -3440 -3398 2576 4458 -4441
492 -3176 -3348 2228 3846 -3958
178 -2761 -3291 1989 3339 -3636
-21 -2510 -3304 1673 2664 -3160
-198 -2118 -3329 1468 2153 -2651
-286 -1811 -3311 1361 1759 -2056
-184 -1495 -3228 1319 1529 -1589
-105 -1306 -3111 1236 1243 -835
-38 -1038 -2885 1149 1138 -344
72 -829 -2753 1008 1151 370
193 -526 -2696 923 1231 1021
280 -344 -2719 927 1222 1417
586 -97 -2771 1000 1018 1952
976 75 -2833 1079 762 2263
1291 177 -2904 1250 364 2676
1838 320 -2952 1388 147 2910
2236 330 -2925 1596 -246 3179
3005 133 -2924 1723 -609 3307
3748 -116 -2903 1902 -1408 3500
4616 -833 -2765 2060 -2553 3608
4579 -1097 -2471 2167 -3204 3552
4482 -1351 -1918 2280 -3569 3279
4571 -1279 -1629 2254 -2801 3076
4540 -852 -980 2015 -1208 3133
4443 -604 -445 1707 -28 3315
4281 -491 -221 1067 1557 3700
3955 -311 -50 300 2530 4108
3523 -157 -49 -449 2832 4417
2792 -49 -10 -893 2761 4506
2135 86 60 -1489 2477 4366
1619 9 94 -1963 2177 4114
1465 -275 140 -2232 1946 4000
1468 -452 130 -2562 1571 3985
1319 -605 152 -2805 1221 4090
1126 -751 153 -2918 1029 4177
1075 -854 143 -3034 855 4343
1072 -945 118 -3093 763 4575
1143 -1024 82 -3105 675 4743
1233 -1123 4 -3082 476 4998
1251 -1198 -105 -3032 321 5127
1238 -1150 -154 -2938 127 5191
1233 -1138 -166 -2873 55 5141
1440 -1185 -160 -2801 -17 4977
1567 -1189 -106 -2791 -96 4752
1806 -1240 -127 -2814 -83 4481
1976 -1348 -125 -2843 -17 4273
1997 -1307 -139 -2902 150 3887
2111 -1371 -312 -2938 444 3450
2202 -1482 -373 -2971 631 3157
2357 -1551 -462 -3029 792 2781
2466 -1620 -489 -3077 818 2582
2497 -1645 -519 -3151 810 2337
2532 -1669 -568 -3221 804 2151
2693 -1732 -559 -3279 803 2060
2828 -1764 -528 -3393 822 1995
2937 -1606 -452 -3485 888 1989
2970 -1404 -398 -3629 1143 2009
2934 -1124 -312 -3724 1413 2009
2868 -886 -286 -3824 1836 1976
2791 -540 -279 -3847 2077 1936
2770 -396 -311 -3787 2320 1863
2796 -271 -437 -3570 2419 1764
2682 -157 -678 -3318 2446 1667
2501 37 -910 -2769 2466 1402
2194 308 -1165 -2089 2417 991
2038 430 -1233 -1653 2288 661
2081 481 -1171 -1171 1986 156
2281 483 -1065 -1002 1743 -155
2559 460 -1075 -939 1348 -515
2959 551 -1099 -977 1001 -667
3096 654 -942 -1140 237 -853
3426 723 -562 -1333 -266 -992
4027 679 -94 -1717 -557 -1164
4460 691 243 -2146 -193 -1293
5048 676 533 -2430 624 -1424
5320 586 578 -2431 1276 -1558
5606 420 634 -2109 2148 -1885
5623 233 681 -1715 2442 -2200
5487 -32 1073 -1267 2296 -2598
5398 -512 1482 -529 1562 -3300
5492 -1037 1797 258 942 -3963
5828 -1600 2177 802 886 -4272
6024 -2066 2395 1608 1376 -4465
6321 -2889 2689 2087 1856 -4418
6351 -3491 2814 2706 2515 -4196
6514 -4603 2653 3114 2710 -4010
6602 -5287 2486 3763 2401 -3846
6551 -6315 2190 4476 1803 -4149
6349 -7211 2139 4908 1525 -4688
6377 -7858 2081 5432 1610 -5713
6736 -8541 1693 5748 1883 -6214
6890 -8928 1185 6303 2451 -6475
6942 -9210 428 6693 2813 -6365
6849 -9382 -7 7142 3196 -6000
8171 -6563 574 5288 3448 -4873
4408 -9166 -1972 6186 3520 -5580
3326 -8124 -1902 6688 2033 -6998
3591 -7432 40 6397 1806 -7561
4021 -6508 626 5156 2150 -7571
3899 -6201 336 3971 3301 -6814
3145 -5460 -592 3460 4018 -6209
2465 -4961 -1149 3111 4673 -5437
1569 -4202 -1712 3038 4899 -4882
993 -3512 -1854 3027 4869 -4550
762 -3144 -2027 3001 4429 -4020
514 -2587 -2230 2994 3899 -3617
349 -2177 -2333 2968 2985 -2994
312 -2009 -2376 2941 2372 -2428
331 -1747 -2327 2917 2187 -2080
315 -1563 -2204 2784 2086 -1595
280 -1305 -1967 2515 2109 -1168
219 -1010 -1695 2252 2138 -917
156 -848 -1560 1791 2119 -604
146 -718 -1386 1456 2030 -421
491 -779 -1254 960 1709 -85
851 -847 -1193 529 1099 398
1277 -952 -1285 275 462 958
1666 -1094 -1488 230 86 1324
2105 -1175 -1650 369 -521 1922
2800 -1175 -1905 716 -1127 2554
3401 -1117 -1960 997 -1355 2938
3534 -977 -1825 1313 -1284 3336
3705 -755 -1761 1411 -738 3499
4058 -588 -1779 1349 -340 3556
4320 -450 -1755 1063 18 3648
4576 -163 -1916 674 126 3743
4512 43 -2181 435 174 3761
4295 130 -2250 94 277 3629
3926 383 -2229 -138 371 3458
3674 628 -2134 -503 632 3137
3356 1151 -1777 -786 851 2940
3113 1450 -1487 -1273 1202 2681
2628 1784 -1195 -1751 1562 2412
2049 1894 -1081 -2100 1895 2098
1592 1790 -1074 -2236 2076 1884
1445 1654 -1029 -2328 2200 1670
1432 1408 -1049 -2300 2007 1664
1519 1081 -1199 -2191 1718 1774
1592 874 -1224 -1937 1102 2071
1554 684 -1221 -1616 476 2403
1299 513 -1211 -1381 186 2556
1069 388 -1031 -1111 -55 2609
765 360 -727 -1048 -178 2467
512 335 -388 -1142 -190 2298
438 175 -167 -1441 -55 2008
455 59 -80 -1846 246 1784
576 -138 -46 -2117 451 1729
621 -288 -90 -2454 646 1782
680 -311 -220 -2588 721 1890
677 -427 -353 -2631 695 2143
550 -688 -455 -2465 318 2395
365 -892 -474 -2329 108 2418
298 -1000 -411 -2138 -116 2335
246 -1215 -213 -2074 -220 2234
253 -1446 -19 -2130 -285 2034
280 -1952 96 -2354 -175 1868
640 -2578 232 -2593 -58 1871
933 -3047 250 -3040 86 2082
1542 -3597 227 -3369 130 2389
1994 -3881 118 -3824 90 3058
2599 -4309 -160 -4162 -11 3838
2884 -4504 -427 -4296 -52 4281
3012 -4495 -528 -4411 -79 4728
3089 -4487 -598 -4461 -68 4829
3081 -4366 -580 -4533 103 4704
3085 -3909 -506 -4643 452 4348
3209 -3400 -359 -4764 686 4077
3335 -3116 -288 -5005 964 3720
3523 -2597 -146 -5361 1255 3364
3505 -2175 -137 -5504 1368 3189
3441 -1872 -156 -5606 1445 2869
4029 407 611 -4007 1006 125
4090 637 577 -3726 1387 -89
4192 987 605 -3505 1458 -173
4196 1229 658 -3137 1403 -258
4010 1578 837 -2872 1235 -347
3748 1712 978 -2435 647 -643
3655 1893 1253 -2100 187 -918
3828 1929 1500 -1547 -138 -1292
4191 1843 1938 -1169 -1 -1464
4376 1721 2209 -656 626 -1613
4477 1469 2460 -348 1156 -1681
4472 1235 2534 84 1832 -1784
4365 845 2612 349 2085 -1875
4323 535 2597 756 2181 -2068
4367 -21 2490 1243 2217 -2355
4709 -609 2363 1622 2287 -2552
5066 -1055 2267 2261 2481 -2785
5276 -1513 2139 2720 2681 -2949
5167 -1749 2053 3412 3077 -3354
5144 -2211 1769 3872 3362 -3667
5119 -2416 1496 4566 3557 -4097
4925 -2693 934 5045 3430 -4393
4832 -2814 529 5768 3150 -4940
4620 -2923 164 6356 3186 -5583
4483 -3034 -27 6601 3440 -5977
4496 -3208 -280 5849 4645 -6332
4440 -2660 -1589 6226 5226 -6190
3434 -3779 -2374 6752 5874 -6429
3347 -3521 -2369 7056 5595 -6355
2826 -3570 -2363 6859 5164 -6264
2449 -3462 -2424 6164 4687 -6137
2209 -3523 -2691 5372 4575 -5996
1980 -3492 -3161 4697 4449 -5639
1786 -3349 -3416 4298 4280 -5255
1614 -3094 -3513 3732 4008 -4537
1246 -2680 -3534 3216 3744 -3794
834 -2227 -3520 2914 3538 -3328
592 -1999 -3576 2582 3197 -2691
445 -1684 -3690 2447 2940 -2273
446 -1458 -3633 2238 2537 -1605
545 -1124 -3432 1892 2250 -921
797 -875 -3228 1591 2155 -452
891 -677 -3129 1127 2083 246
803 -355 -3165 874 2072 642
783 -129 -3174 653 1997 1144
941 161 -3073 594 1795 1433
1018 185 -2919 563 1278 1756
1307 52 -2678 588 869 1913
1633 -56 -2503 690 183 2194
2041 -194 -2233 859 -524 2511
2379 -346 -1905 995 -963 2721
2553 -364 -1679 1200 -1434 3002
2809 -430 -1293 1298 -1595 3171
3045 -496 -1031 1356 -1626 3457
3513 -535 -616 1237 -1497 3862
3933 -710 -362 1062 -1360 4176
4108 -833 -304 740 -1193 4645
3898 -922 -277 415 -1148 4884
3313 -997 -299 237 -1079 4837
2826 -1086 -225 2 -807 4556
2602 -1110 -89 -254 -345 4274
2552 -1169 -16 -553 137 4164
2531 -1231 -72 -756 429 4215
2609 -1273 -184 -1001 731 4456
2658 -1291 -385 -1122 789 4693
2425 -1152 -431 -1258 733 5006
2145 -1030 -429 -1388 662 5090
1721 -869 -352 -1569 673 4875
1461 -725 -229 -1735 715 4623
1393 -647 -135 -2049 794 4214
1398 -577 -86 -2402 868 3872
1580 -619 -201 -2610 913 3726
