0 0 0 0 0 0
-2083 -3006 68 -4418 299 -3361
-2593 -3289 -73 -4438 532 -3525
-3131 -3452 -197 -4389 836 -3856
-3282 -3381 -268 -4340 976 -4032
-3411 -3292 -268 -4298 905 -4146
-3498 -3101 -275 -4294 647 -4094
-3521 -2900 -187 -4381 98 -3839
-3520 -2470 -23 -4592 -541 -3419
-3509 -2140 -37 -4738 -914 -3102
-3448 -1686 -277 -4845 -1278 -2630
-3379 -1192 -704 -4787 -1179 -2339
-3182 -889 -1049 -4449 -132 -1896
-3457 -498 -1273 -4141 911 -1602
-4482 117 -1158 -3803 1705 -1314
-5201 563 -829 -3948 1183 -1246
-6252 1042 -439 -4560 3 -1313
-7102 1445 -39 -5044 -632 -1362
-7300 1435 148 -5541 -878 -1148
-7246 1451 547 -5471 -578 -336
-7207 1448 1108 -5096 -592 510
-7111 1388 2232 -4277 -1301 1978
-6952 1238 3205 -3440 -1884 3253
-6848 546 4240 -2826 -1870 3829
-6833 6 4474 -1485 -1630 4357
-6630 -879 4366 497 -2206 4868
-6196 -1586 4007 2035 -3173 5263
-5693 -1920 3705 4217 -4398 5697
-5102 -2147 3493 5298 -4552 5833
-4486 -2541 2618 6348 -4755 6058
-4210 -2724 1986 7028 -5338 6466
-5247 -1709 4831 6503 -6573 6465
-3312 -3867 -687 7184 -6950 6793
-3006 -3825 -1256 8255 -7363 7185
-3096 -3831 -1544 8746 -6768 7011
-3030 -3558 -1194 8369 -5448 6584
-2767 -3304 -1538 7864 -4792 6291
-2386 -3191 -1889 7090 -4085 6101
-1430 -1092 -2585 1944 -1402 2533
-1093 -1083 -2511 1620 -1546 2145
-857 -1109 -2458 1191 -1747 1624
-509 -1087 -2352 824 -1736 1116
-663 -1181 -2211 620 -1493 696
-748 -1244 -2062 353 -1071 -36
-935 -1191 -1743 187 -896 -564
-1106 -1076 -1526 -28 -822 -1397
-1312 -969 -1209 -223 -969 -2193
-1832 -908 -846 -373 -1091 -2726
-2331 -875 -694 -577 -1271 -3582
-3212 -918 -529 -678 -1276 -4486
-4225 -1119 -448 -665 -1044 -5122
-4843 -1095 -305 -592 -519 -6056
-5367 -946 -23 -569 -381 -6706
-5163 -883 235 -651 -648 -6819
-4858 -740 317 -895 -1296 -6485
-4389 -597 414 -1217 -1865 -5791
-3919 -430 451 -1441 -2025 -5286
-3553 -320 490 -1765 -1894 -4612
-2872 -228 452 -1961 -1649 -4211
-2451 -147 374 -2202 -1197 -3687
-1950 -4 234 -2337 -926 -3406
-1674 73 39 -2458 -618 -3111
-1510 96 -234 -2474 -217 -2990
-1576 125 -272 -2487 164 -3026
-1850 -5 -335 -2492 760 -3227
-2131 -182 -365 -2490 1093 -3411
-2127 -171 -298 -2520 1296 -3538
-1978 -102 -288 -2564 1105 -3467
-1671 -20 -337 -2685 449 -3122
-1353 102 -260 -2844 -76 -2759
-1220 164 -378 -3106 -689 -2170
-1053 236 -479 -3360 -783 -1691
-885 297 -460 -3528 -578 -1453
-696 381 -484 -3756 -64 -1163
-515 576 -467 -3871 350 -1015
-492 689 -500 -3965 987 -913
-513 778 -667 -3931 1274 -909
-526 823 -682 -3802 1406 -982
-769 771 -599 -3719 1412 -1096
-950 644 -562 -3634 1453 -1390
-1136 558 -633 -3583 1495 -1642
-1372 453 -804 -3451 1456 -2084
-1684 318 -750 -3380 1371 -2392
-1650 304 -792 -3325 1037 -2693
-1955 186 -915 -3287 688 -2801
-2025 178 -975 -3234 255 -2858
-1996 103 -1222 -3114 -33 -2684
-2213 -67 -1364 -2979 39 -2489
-2250 -132 -1408 -2769 444 -2052
-2762 -494 -1566 -2550 656 -1560
-3723 -973 -1746 -3251 54 1873
-5443 -1441 -250 -4069 270 2487
-6017 -2051 483 -4640 344 2823
-6528 -2772 1012 -4684 98 2968
-6732 -3328 1393 -4118 -588 3117
-7232 -4313 2158 -3351 -1056 3168
-7540 -4923 2573 -1722 -1678 3152
-7790 -5750 3262 194 -2403 3230
-7460 -5916 3699 1416 -2956 3552
-6483 -6100 3766 3065 -3378 4512
-6230 -6129 3515 4332 -3557 5650
-6216 -6240 2876 4930 -4113 6325
-5941 -6290 2306 5585 -4762 7030
-4881 -5788 854 5041 -4737 6812
-3707 -6371 -606 5821 -4207 7449
-4340 -5549 18 6348 -3202 8079
-4492 -5376 -276 6221 -3357 8209
-4614 -5036 -515 5718 -4157 7947
-4526 -4889 -1221 5276 -4915 7307
-4346 -4835 -1878 5110 -5244 6837
-4085 -4597 -2207 5032 -5513 6238
-3776 -4232 -2492 5017 -5695 5797
-3343 -3733 -2578 4948 -5737 5595
-3014 -3400 -2532 4693 -5489 5399
-2710 -2970 -2386 4398 -5087 5313
-2658 -2761 -2388 3842 -4308 5172
-2501 -2616 -2391 3246 -3658 5037
-2332 -2514 -2339 2817 -3404 4942
-2094 -2278 -2222 2153 -3269 4734
-1588 -2251 -2286 1769 -3173 4573
-1106 -2306 -2221 1265 -2632 4356
-619 -2181 -2154 837 -1920 4078
-592 -2103 -2099 580 -1503 3741
-763 -2089 -2081 219 -846 2886
-1151 -2075 -2154 42 -434 2098
-1224 -1926 -2279 -46 -141 787
-1473 -1655 -2389 66 -166 -580
-1575 -1269 -2447 203 -337 -1459
-1617 -901 -2310 315 -822 -2658
-1504 -331 -2070 183 -1376 -3694
-1597 205 -2111 -123 -1514 -4657
-2254 388 -1954 -391 -1272 -5319
-2731 504 -1756 -880 -902 -6246
-3239 649 -1590 -1230 -911 -6743
-3754 908 -1757 -1599 -1222 -7237
-3837 1386 -1623 -1754 -1294 -7355
-3680 1640 -1505 -1830 -977 -7127
-3257 1603 -1367 -1805 -845 -6580
-2865 1291 -1093 -1742 -931 -5388
-2924 1203 -909 -1673 -939 -4637
-2883 1097 -642 -1570 -677 -3779
-2699 876 -381 -1551 -412 -3368
-2583 752 -477 -1506 -125 -2974
-2397 620 -567 -1443 -83 -2845
-2212 600 -524 -1388 -173 -2799
-1810 579 -598 -1392 -527 -2803
-1384 590 -442 -1480 -858 -2791
-1134 601 -319 -1763 -1400 -2743
-762 597 -244 -2172 -1839 -2653
-464 482 -331 -2437 -1918 -2578
-487 259 -398 -2744 -1596 -2530
-533 -82 -443 -2927 -815 -2562
-575 -157 -441 -2966 -235 -2609
-566 -193 -472 -2900 277 -2660
-519 -247 -380 -2755 448 -2642
-501 -283 -240 -2661 421 -2608
-485 -360 -182 -2567 248 -2546
-486 -526 15 -2564 168 -2499
-594 -686 46 -2629 100 -2487
-734 -1031 36 -2712 132 -2549
-973 -1384 86 -2761 265 -2636
-1083 -1592 118 -2841 562 -2793
-1096 -1919 286 -2919 704 -2841
-1202 -2097 363 -3100 657 -2837
-1513 -2463 280 -3305 307 -2831
-1960 -2868 254 -3447 81 -2871
-2175 -3028 177 -3666 35 -3034
-2414 -3347 -14 -3848 77 -3231
-2830 -3605 -203 -3940 170 -3391
-3110 -3639 -359 -3993 451 -3688
-3621 -3654 -542 -3969 589 -3985
-3863 -3465 -644 -3950 398 -4084
-4148 -3144 -696 -3995 -378 -4045
-4130 -2782 -745 -4148 -1353 -3769
-3723 -2254 -908 -4318 -1830 -3199
-3383 -1652 -1156 -4383 -1560 -2689
-3271 -1302 -1191 -4517 -751 -1824
-3717 -615 -936 -4866 -14 -1086
-4368 -90 -589 -5444 327 -548
-7825 -454 5244 -38 -2092 4096
-8048 -1001 5379 1543 -3006 4797
-7721 -1302 5174 3844 -4568 5599
-6904 -1842 4357 5161 -5500 6002
-6056 -2297 3494 6772 -6317 6525
-4758 -2763 2175 7597 -6343 6887
-4393 -2297 415 7277 -7207 6377
-2181 -4419 -1832 8805 -5106 7303
-3664 -3239 -593 9314 -4213 7659
-3973 -3741 -1019 9122 -5158 7588
-3691 -3639 -1352 8733 -5905 7248
-3210 -3569 -1737 8072 -6012 6571
-2401 -3425 -2454 7560 -5495 6091
-2094 -2910 -2969 7342 -5010 5815
-1906 -2501 -3139 7054 -4129 5464
-1912 -2286 -3176 6707 -3012 5180
-1943 -2083 -3091 6401 -2291 5049
-1921 -2028 -2770 5731 -1416 4930
-1962 -1937 -2582 4867 -927 4770
-1786 -1766 -2314 3944 -700 4542
-1460 -1646 -2352 3382 -572 4370
-1261 -1537 -2324 2676 -400 4040
-999 -1472 -2404 2267 -353 3753
-881 -1501 -2485 1764 -468 3206
-674 -1690 -2507 1458 -650 2771
-358 -2032 -2406 948 -1012 2078
-189 -2097 -2359 416 -1325 1349
-2 -1941 -2255 -27 -1513 551
-169 -1679 -2092 -243 -1502 -70
-280 -1544 -1929 -469 -1350 -1113
-571 -1424 -1613 -560 -1195 -1795
-870 -1335 -1479 -515 -976 -2801
-1478 -1170 -1261 -279 -1039 -3735
-1927 -1165 -1088 -91 -1320 -4321
-2933 -1166 -775 125 -1817 -5254
-4061 -1263 -252 122 -2060 -5949
-4645 -1255 63 -166 -2133 -7016
-5204 -1259 474 -559 -1949 -7645
-5422 -1228 916 -1316 -1542 -8159
-5282 -1090 1004 -1804 -1358 -8107
-4864 -1133 843 -2316 -1436 -7376
-4399 -1087 538 -2461 -1619 -6617
-4148 -1002 448 -2455 -1612 -5451
-3703 -943 420 -2337 -1341 -4438
-3223 -719 420 -2277 -1182 -3892
-2902 -540 414 -2292 -1066 -3270
-2368 -232 383 -2440 -1082 -2844
-1881 87 299 -2592 -1118 -2655
-1581 246 174 -2845 -1116 -2454
-1151 362 23 -3008 -1039 -2354
-932 386 -150 -3204 -788 -2232
-653 388 -337 -3297 -619 -2164
-558 402 -346 -3477 -391 -2078
-549 267 -462 -3678 -153 -2066
-757 132 -508 -3842 70 -2126
-914 47 -705 -4009 505 -2313
-1136 -34 -934 -4036 744 -2450
-1221 18 -956 -4017 994 -2630
-1178 108 -937 -4000 982 -2665
-1248 186 -738 -4040 919 -2607
-1314 235 -716 -4154 879 -2449
-1530 341 -717 -4262 994 -2316
-1831 448 -905 -4300 1148 -2294
-2051 431 -1057 -4237 1435 -2352
-2412 390 -1106 -4111 1816 -2490
-2551 385 -1196 -3992 1882 -2569
-2895 423 -1284 -3804 1343 -2655
-5466 -583 -2126 -3674 -621 1194
-5201 -699 -1944 -4047 -96 1795
-5218 -804 -1391 -4335 570 2177
-5507 -755 -1041 -4737 861 2564
-5931 -976 -303 -4960 171 2695
-6004 -1176 302 -4969 -579 2702
-5936 -1789 994 -4597 -1472 2655
-5818 -2350 1451 -4042 -1649 2590
-6321 -3552 1991 -2789 -1557 2355
-6486 -4193 2618 -1841 -1442 2245
-7074 -5212 3412 -899 -1409 2239
-7555 -6122 3689 559 -1488 2487
-8520 -7276 3727 2070 -2062 3014
-8585 -8138 3182 3126 -2628 3571
-7901 -8168 2823 4620 -3142 4834
-7042 -8036 2202 5403 -3197 5815
-3012 -4271 -2573 4365 -4360 7066
-2590 -3776 -2944 4290 -4194 6817
-2278 -3403 -2884 4124 -4058 6437
-1948 -3043 -2735 3911 -4067 6180
-1782 -2849 -2669 3470 -4141 5707
-1565 -2545 -2583 2939 -4023 5109
-1452 -2395 -2701 2601 -3862 4653
-1507 -2390 -2719 2155 -3541 3879
-1380 -2086 -2647 1874 -3383 3348
-1178 -1945 -2624 1496 -3425 2650
-774 -1821 -2494 -251 212 -1531
-1330 -723 -1648 -201 293 -2168
-1318 -618 -1549 -197 102 -2993
-1444 -373 -1555 -247 -140 -3478
-2803 969 -1602 -800 -1669 -4617
-2267 888 -963 -290 -698 -3467
-2266 964 -406 -97 206 -2222
-2483 1041 134 -554 222 -1659
-2488 1251 329 -1079 -125 -1616
-2203 1308 266 -1918 -889 -1795
-1518 1260 61 -2408 -1352 -1930
-980 1123 -213 -2883 -1690 -1970
-341 908 -539 -3010 -1546 -1837
30 759 -633 -2983 -1287 -1716
131 623 -611 -2883 -807 -1576
103 360 -617 -2819 -503 -1547
-83 212 -495 -2802 -143 -1695
-377 9 -369 -2837 73 -1929
-543 -144 -341 -2913 285 -2408
-769 -401 -342 -2934 359 -2942
-918 -742 -471 -2867 352 -3271
-1002 -882 -499 -2648 311 -3699
-1078 -1094 -553 -2344 185 -4018
-1062 -1249 -559 -2155 20 -4140
-1024 -1462 -275 -2067 -244 -4173
-1110 -1607 -10 -2175 -443 -4125
-1279 -1894 16 -2492 -715 -4028
-1328 -2347 0 -2756 -824 -3912
-1447 -2662 -82 -3137 -774 -3684
-1782 -3150 -328 -3395 -461 -3497
-2051 -3497 -399 -3524 -159 -3385
-2237 -3621 -446 -3680 218 -3218
-2551 -3714 -432 -3859 409 -3081
-2858 -3697 -461 -3987 420 -3004
-3093 -3586 -496 -4179 292 -2949
-3247 -3360 -768 -4287 57 -2884
-3417 -2988 -1048 -4300 -209 -2824
-3658 -2675 -1264 -4224 -866 -2705
-3559 -2027 -1624 -4119 -1817 -2401
-3320 -1315 -1620 -4130 -2189 -2055
-3281 -696 -1347 -4412 -1951 -1409
-3541 -331 -1178 -5012 -960 -765
-4189 84 -919 -5806 -180 -148
-4987 358 -823 -6320 11 279
-5223 471 -501 -6918 -326 954
-6013 527 173 -7141 -743 1299
-6671 474 1081 -7163 -1104 1483
-6899 392 1672 -6630 -1055 1474
-7327 85 2673 -5925 -1120 1490
-7557 -264 3320 -4306 -1653 1680
-7695 -950 4533 -2196 -2168 2172
-7203 -1481 5737 -655 -2340 2751
-6871 -1768 5873 1858 -2637 3949
-7039 -2129 5581 3562 -3218 4696
-6755 -2463 4794 5741 -4666 5455
-6062 -2683 3963 7310 -5844 5902
-4652 -3136 2425 8065 -5897 6212
-3955 -3426 1493 7929 -4001 6476
-3396 -3469 -325 8576 -4562 7250
-3251 -4001 -1157 9038 -4974 7802
-3440 -4004 -1648 9317 -5676 7911
-3120 -4026 -1998 9166 -5780 7685
-2798 -3777 -2351 8610 -5631 7197
-2170 -3449 -2749 7914 -5143 6754
-1585 -2833 -3108 7235 -4500 6389
-1265 -2412 -3151 6799 -3871 6186
-1189 -2232 -3313 6169 -2845 5910
-1220 -1991 -3300 5549 -2003 5615
-1413 -1808 -3051 5086 -1495 5353
-1467 -1655 -2824 4322 -922 4917
-1400 -1484 -2403 3751 -778 4658
-1194 -1511 -2317 2887 -897 4383
-786 -1285 -2311 2134 -963 4151
-542 -1184 -2373 1718 -880 3917
-492 -1080 -2455 1185 -750 3338
-507 -1159 -2465 886 -670 2799
-598 -1273 -2399 468 -441 1796
-1139 -1621 -2413 184 -371 573
-1332 -1706 -2317 76 -450 -268
-2883 -857 -286 -1318 -1170 -5822
-3553 -955 -310 -1343 -776 -6588
-4600 -1221 -232 -1290 -456 -7240
-4950 -1574 -106 -1264 -374 -7428
-5036 -1450 -45 -1239 -642 -7196
-4631 -1304 -56 -1229 -988 -6694
-3975 -1176 224 -1345 -1413 -5491
-3701 -933 381 -1652 -1448 -4236
-3214 -679 466 -1913 -1346 -3532
-2901 -567 425 -2304 -1111 -2734
-2481 -322 286 -2608 -729 -2273
-2144 -156 -25 -2719 -488 -2120
-2004 -81 -123 -2814 -219 -2054
-1788 -22 -233 -2863 -95 -2076
-1673 -4 -308 -2924 -27 -2148
-1509 15 -364 -2997 -33 -2211
-1544 -134 -393 -3044 18 -2266
-1495 -132 -385 -3138 260 -2347
-1358 -52 -570 -3151 374 -2334
-1217 -57 -735 -3103 387 -2247
-1114 -10 -754 -3034 461 -2039
-1095 111 -806 -2964 562 -1823
-1093 151 -736 -2964 672 -1708
-1045 207 -693 -3024 868 -1575
-1046 405 -762 -3079 938 -1525
-1094 487 -863 -3168 907 -1519
-1320 533 -916 -3347 797 -1641
-1328 684 -1075 -3504 689 -1779
-1413 743 -1489 -3693 341 -2006
-1922 451 -1794 -3835 84 -2380
-2785 -20 -2045 -3915 313 -2777
-3053 -35 -2206 -3967 948 -3254
-3355 87 -2172 -3994 1127 -3265
-3446 208 -2158 -4045 820 -2882
-3789 190 -2282 -4107 -73 -1874
-4358 -88 -2092 -4202 -479 -1103
-4735 -121 -1980 -4488 -577 -41
-5371 -628 -1661 -4934 -290 703
-5843 -1003 -1340 -5240 114 1052
-6042 -1188 -918 -5526 494 1502
-6122 -1208 -401 -5627 318 1980
-6279 -1289 424 -5594 -157 2274
-6290 -1424 1112 -5390 -1108 2633
-6402 -2104 2024 -4806 -1453 2805
-6914 -3375 2777 -4078 -1046 2772
-7737 -4366 3199 -2420 -724 2553
-9079 -6093 4189 -1129 -965 2411
-9636 -6830 4675 871 -1957 2510
-9177 -7737 5089 2713 -2665 3403
-7693 -7788 4922 3784 -2633 4528
-7359 -7868 4401 5109 -2212 6320
-7741 -7894 3635 5731 -2484 7139
-7712 -7964 2847 6421 -4076 7692
-6532 -7755 -304 6240 -5411 7365
-5379 -8020 -471 7317 -5754 7822
-5157 -7510 -995 8323 -5718 8131
-5073 -6988 -818 8157 -4954 7865
-4810 -6118 -1093 7246 -4744 7334
-4300 -5532 -1825 6623 -4797 6973
-3744 -5078 -2348 6001 -4851 6666
-3142 -4516 -2972 5779 -4755 6597
-2958 -4123 -3019 5486 -4524 6497
-2687 -3590 -2844 4991 -4320 6310
-2584 -3241 -2646 4513 -4229 6101
-2323 -2909 -2566 3712 -4134 5689
-1985 -2670 -2492 3190 -4021 5380
-1732 -2530 -2467 2505 -3654 4930
-1413 -2414 -2473 2134 -3364 4637
-1238 -2319 -2444 1700 -3016 4156
-998 -2134 -2299 1322 -2779 3627
-736 -2028 -2090 1079 -2730 3261
-493 -1945 -1902 693 -2729 2720
-136 -1841 -1682 439 -2605 2366
-24 -1750 -1584 97 -2129 1825
-164 -1710 -1626 -97 -1442 1136
-495 -1594 -1577 -148 -965 582
-754 -1537 -1525 -143 -298 -323
-973 -1295 -1326 -97 104 -1199
-1074 -978 -1216 -74 66 -1740
-1409 -710 -1072 -119 -225 -2546
-1940 -579 -1071 -193 -368 -3116
-2251 -480 -993 -404 -408 -4008
-2697 -247 -951 -703 -480 -4877
-2929 55 -968 -920 -548 -5392
-3513 262 -1116 -1204 -570 -6101
-4163 317 -1192 -1374 -483 -6511
-4451 453 -1036 -1647 -346 -6925
-4862 643 -713 -2003 -505 -7044
-4885 900 -765 -2217 -722 -6770
-4222 1047 -932 -2189 -721 -6252
-3718 1081 -1011 -1962 -599 -5038
-3286 1074 -677 -1816 -506 -4161
-3144 1088 -281 -1825 -281 -3113
-2912 1070 65 -1952 -231 -2665
-2671 992 -41 -2124 -369 -2293
-2219 855 -305 -2125 -526 -2194
-1951 788 -334 -2048 -698 -2208
-1572 661 -405 -1907 -759 -2359
-1275 561 -483 -1810 -812 -2492
-1214 485 -615 -1636 -921 -2762
-1012 430 -532 -1587 -990 -2949
-907 375 -381 -1708 -962 -3177
-857 250 -276 -1993 -736 -3346
-736 196 -246 -2206 -592 -3397
-652 118 -240 -2495 -439 -3363
-625 -51 -152 -2713 -219 -3228
-576 -140 -117 -2804 -114 -3102
-593 -280 -118 -2867 -121 -2894
-670 -418 -44 -2878 -224 -2735
-745 -566 -21 -2870 -308 -2674
-863 -915 -10 -2854 -402 -2645
-1012 -1144 -43 -4125 -467 -3090
-2378 -3739 -550 -4379 -189 -2939
-3019 -3785 -761 -4496 -109 -2869
-3457 -3764 -891 -4625 -200 -2840
-3914 -3446 -1076 -4773 -733 -2747
-3820 -2895 -1127 -4940 -1145 -2543
-3537 -2365 -1197 -5242 -1187 -1951
-3173 -1634 -1131 -5627 -573 -1077
-3578 -964 -660 -6005 -149 -511
-4031 -697 -483 -6592 238 73
-4722 -377 -334 -6831 442 326
-5394 -175 -142 -6792 448 598
-5931 -8 311 -6409 6 817
-6962 197 1452 -6130 -447 896
-7630 285 2424 -5739 -1104 903
-3552 -3437 792 9517 -7761 6928
-3222 -3767 -806 10855 -6676 7217
-3746 -3701 -1027 10956 -6230 7178
-3828 -3804 -1125 10229 -6048 6892
-3700 -3610 -1476 9017 -5593 6346
-3199 -3359 -2303 8072 -4825 5900
-2700 -2932 -2851 7706 -4332 5711
-2392 -2696 -3031 7342 -3580 5513
-2087 -2458 -3137 7037 -2605 5353
-1975 -2115 -3176 6783 -1893 5245
-1955 -1989 -3054 6214 -1157 5091
-2090 -1911 -2427 5176 -723 4821
-2010 -1924 -1737 3747 -513 4499
-1752 -1863 -1527 2813 -472 4277
-1507 -1893 -1678 1777 -368 3975
-1004 -1889 -2231 1334 -226 3705
-647 -1856 -2562 1266 -100 3463
-1527 -1325 -1277 120 -1981 -4056
-2095 -1296 -1039 -14 -1888 -4582
-3233 -1301 -716 -151 -1685 -5060
-4216 -1412 -372 -476 -1409 -5958
-5425 -1506 43 -961 -1448 -6845
-5791 -1514 212 -1336 -1726 -7194
-5795 -1295 227 -1849 -2247 -7301
-5298 -1023 174 -2102 -2417 -7061
-4580 -992 79 -2342 -2267 -6251
-4282 -937 139 -2479 -1696 -5247
-3918 -792 337 -2678 -1005 -4401
-3377 -563 371 -2868 -746 -3963
-2943 -406 290 -3159 -651 -3483
-2273 -290 127 -3422 -740 -3159
-1795 -239 -162 -3539 -712 -3023
-1751 -308 -414 -3526 -302 -3021
-1613 -334 -735 -3296 274 -3178
-1427 -141 -845 -3005 560 -3333
-1232 14 -727 -2872 547 -3389
-1099 90 -599 -2892 277 -3398
-1007 239 -337 -3211 -70 -3376
-805 355 -375 -3503 -262 -3328
-704 400 -473 -3946 -348 -3191
-847 269 -680 -4272 -98 -3056
-1033 138 -780 -4419 184 -2970
-1126 138 -884 -4526 550 -2837
-1276 113 -975 -4533 894 -2692
-1745 -24 -1036 -4519 1071 -2613
-2174 -87 -1071 -4472 1204 -2606
-2602 -15 -1105 -4435 1150 -2652
-2943 105 -1037 -4435 992 -2667
-3282 128 -1111 -4443 531 -2690
-3770 63 -1070 -4460 -130 -2695
-4083 99 -1032 -4514 -628 -2602
-4349 -52 -1093 -4526 -1139 -2362
-4060 61 -1104 -4432 -1272 -1768
-3714 299 -1308 -4152 -1300 -844
-3635 609 -1351 -3905 -1337 -163
-3791 603 -1345 -3610 -1420 760
-4154 538 -1205 -3551 -1086 1401
-4357 339 -959 -3657 -528 1704
-4617 123 -824 -3956 104 2029
-4864 -194 -355 -4342 -78 2355
-5153 -720 163 -4547 -325 2604
-5634 -1497 474 -4630 -326 2862
-6160 -2509 813 -4237 -249 2964
-6686 -3199 1412 -3669 -354 2923
-6903 -3457 1977 -2451 -702 2744
-7326 -4069 2860 -964 -1382 2529
-7390 -4689 3639 93 -1828 2499
-7457 -5226 4097 1642 -2195 2703
-7686 -6103 4232 3126 -1985 3285
-7507 -6687 3805 4097 -1838 3928
-7361 -6863 3458 5387 -1728 5076
-7385 -6905 3099 5992 -1796 5757
-7349 -7010 2784 6473 -2385 6512
-8488 -6026 4256 5277 -4899 6101
-5064 -7493 -152 5967 -3620 6574
-4625 -6285 465 7156 -2806 7672
-5007 -5973 387 7114 -2823 8029
-5240 -5764 315 6447 -3990 7738
-4849 -5443 -314 5730 -4703 7032
-4048 -5080 -1165 5400 -4721 6580
-3662 -4686 -1583 5146 -4265 6008
-3220 -4120 -1900 5023 -3793 5614
-2896 -3620 -1994 4926 -3704 5477
-2797 -3362 -2019 4693 -3842 5318
-2598 -3008 -1995 4328 -3968 5129
-2327 -2834 -1944 3994 -3996 4980
-2078 -2746 -1767 3329 -3838 4723
-1768 -2406 -1728 2627 -3503 4417
-1390 -2310 -1876 2253 -3321 4228
-1220 -2254 -1924 1826 -3062 3917
-1174 -2147 -1974 1520 -2754 3488
-1168 -2266 -2061 1367 -2558 3172
-1217 -2499 -2105 1230 -2237 2646
-1170 -2427 -2001 1140 -1862 2114
-923 -2146 -2002 1116 -1695 1815
-821 -2022 -1926 1062 -1552 1434
-1016 -1915 -1712 892 -1204 965
-1407 -1778 -1614 743 -823 567
-1873 -1621 -1638 583 -208 -209
-2234 -1187 -1682 529 93 -1023
-2534 -780 -1628 510 -55 -1532
-2796 -498 -1622 434 -731 -2289
-3030 -6 -1568 304 -1289 -2823
-3421 390 -1340 -190 -1606 -3858
-3770 960 -1271 -661 -1568 -4622
-3807 1140 -1299 -1398 -1647 -5500
-4076 1507 -1236 -2038 -1615 -6066
-4285 1657 -1187 -2354 -1544 -6294
-4122 1587 -965 -2682 -1315 -6315
-3712 1348 -702 -2821 -1186 -6080
-3327 1174 -568 -2928 -1216 -5401
-2769 809 -519 -2889 -1376 -4552
-2290 692 -403 -2792 -1389 -4064
-1999 662 -358 -2580 -1153 -3579
-1558 580 -321 -2320 -780 -3326
-1243 476 -275 -2155 -533 -3246
-1147 393 -260 -1950 -314 -3216
-1338 197 -195 -1839 -150 -3349
-1399 114 -120 -1835 -29 -3550
-1252 100 -37 -1896 -106 -3638
-1091 128 -25 -2067 -492 -3649
-827 131 -37 -2220 -897 -3572
-605 121 -17 -2505 -1480 -3403
-498 18 -94 -2830 -1741 -3246
-687 -351 -179 -3028 -1666 -3212
-860 -661 -158 -3300 -1071 -3313
-946 -811 -91 -3533 -203 -3491
-953 -879 -77 -3703 304 -3608
-973 -1029 80 -3896 164 -3557
-1066 -1246 266 -4071 -63 -3467
-1355 -1516 372 -4395 -246 -3381
-1700 -1972 377 -4693 -240 -3371
-1837 -2350 272 -4867 -250 -3304
-2021 -2933 324 -4945 -197 -3213
-2244 -3294 332 -5035 17 -3064
-2709 -3695 270 -5077 204 -2982
-3098 -3862 246 -5116 253 -2958
-3322 -3890 136 -5193 -9 -2931
-3612 -3835 -50 -5257 -460 -2920
-3882 -3586 -128 -5313 -601 -2948
-4157 -3368 -125 -5429 -885 -3034
-3944 -2842 -320 -5496 -1305 -2902
-3412 -2310 -477 -5441 -1116 -2399
-2990 -1565 -814 -5284 -618 -1946
-2877 -1200 -825 -4979 709 -1208
-3212 -636 -634 -4781 1742 -550
-4264 -52 -161 -4791 1626 -258
-5336 443 394 -4894 1008 -271
-5826 654 706 -5022 -28 -416
-6264 968 1048 -4804 -649 -454
-6711 1185 1401 -4377 -891 -340
-6942 1307 1964 -3511 -1051 140
-6995 1570 2980 -2572 -1439 1089
-6816 1736 4187 -1936 -1788 1941
-6808 1621 4735 -846 -2108 3268
-6822 1135 4879 651 -2892 4509
-6486 659 4391 1912 -3767 5235
-6105 256 3976 3951 -5126 6053
-5521 -315 3238 5663 -6289 6568
-4859 -1059 2235 6542 -7063 6808
-2676 -1044 2815 6377 -6750 6555
-3906 -2265 -233 7513 -7838 6730
-2964 -2863 -1130 8302 -7363 6928
-2973 -2791 -1575 9086 -6408 6927
-2977 -2719 -1649 9170 -5292 6592
-3337 -2398 -1652 8850 -4776 6166
-3109 -2324 -1726 8098 -4578 5468
-2812 -2117 -1788 7244 -4622 4889
-2263 -1859 -1960 6517 -4406 4509
-1845 -1694 -2275 6171 -4133 4369
-1808 -1601 -2474 5859 -3564 4184
-1612 -1452 -2522 5645 -2780 3994
-1580 -1272 -2331 5329 -1919 3796
-1657 -1210 -1878 4776 -1208 3565
-1605 -1139 -1534 4278 -840 3415
-1565 -1036 -1332 3456 -465 3189
-1406 -846 -1328 2729 -109 2948
-1439 -750 -1435 2355 212 2746
-1618 -748 -1585 2007 929 2280
-1781 -744 -1743 1889 1374 1898
-1986 -827 -1798 1768 1582 1231
-2065 -926 -1725 1562 1066 534
-2228 -1137 -1559 1323 439 61
-2254 -1245 -1523 865 -593 -682
-2084 -1209 -1409 337 -1581 -1317
-1585 -802 -1447 8 -2108 -1630
-1024 -538 -1562 -337 -2651 -1913
-944 -336 -1535 -572 -2729 -2183
-996 -207 -1363 -818 -2442 -2643
-1231 -133 -1035 -1062 -2161 -3056
-1582 -120 -893 -1491 -1694 -3848
-1927 -213 -691 -1938 -1337 -4668
-2128 -308 -551 -2232 -1252 -5114
-2450 -422 -390 -2622 -1121 -5633
-2847 -789 -347 -2810 -889 -5892
-2889 -1000 -452 -2857 -208 -6060
-2673 -1202 -533 -2654 427 -5826
-2516 -1253 -601 -2434 666 -5490
-2546 -1221 -522 -2137 813 -4901
-2847 -1267 -302 -2025 855 -4413
-2842 -1190 -144 -2071 830 -4144
-2791 -1086 -100 -2282 565 -3792
-2605 -860 -30 -2597 130 -3497
-2232 -668 -135 -2794 -206 -3305
-1910 -559 -188 -3036 -521 -3000
-1479 -441 -359 -3173 -542 -2696
-1132 -332 -514 -3212 -505 -2521
-940 -308 -565 -3260 -388 -2324
-794 -228 -527 -3383 -142 -2260
-883 -224 -684 -3482 41 -2311
-1076 -345 -784 -3604 455 -2573
-1084 -338 -845 -3698 1062 -2898
-1096 -248 -922 -3695 1589 -3140
-1076 -134 -900 -3628 1810 -3230
-1066 80 -854 -3587 1755 -3213
-1061 163 -766 -3612 1523 -3095
-1298 175 -674 -3782 1246 -3003
-1951 -52 -682 -3944 1163 -3071
-2501 -310 -872 -4090 1127 -3385
-2973 -386 -1078 -4045 802 -3725
-3092 -300 -1396 -3904 358 -3819
-3299 -320 -1640 -3605 -386 -3718
-3476 -531 -1663 -3375 -782 -3363
-3953 -769 -1478 -3404 -819 -2847
-4391 -954 -1310 -3538 -710 -2470
-4702 -1120 -1645 -3698 -248 -1684
-5055 -1281 -1890 -3611 238 -810
-5438 -1396 -2000 -3461 264 116
-6077 -1379 -1888 -3443 -112 635
-6357 -1293 -1608 -3654 -791 1169
-6721 -1596 -1207 -4042 -923 1509
-6328 -1780 -751 -4267 -650 1850
-6086 -1822 -254 -4509 -378 2583
-6096 -1961 645 -4638 -609 3301
-6091 -2282 1513 -4579 -1002 3653
-5971 -2579 2064 -4141 -1676 4008
-5974 -3116 2849 -3121 -1937 3940
-6352 -4002 3298 -2015 -1844 3607
-6934 -4736 3555 107 -1806 2824
-7829 -5926 4095 2202 -2389 2200
-7718 -6645 4327 3368 -3008 2254
-7204 -7109 3986 4888 -3524 3271
-6385 -7621 3205 5817 -3230 4425
-6203 -7545 2848 6827 -2311 6247
-6441 -7490 2354 7170 -1635 7412
-5278 -6194 -470 5425 -833 6754
-5697 -7506 146 6289 -2378 7780
-5062 -7012 -515 6912 -2608 8431
-5063 -6678 -286 7065 -3362 8697
-4973 -6292 -257 6261 -3464 8364
-4794 -6024 -776 5270 -3502 7849
-4313 -5715 -1624 4774 -3645 7598
-4046 -5347 -2030 4372 -4250 7329
-3707 -4931 -2323 4150 -4630 7024
-3309 -4499 -2415 3999 -4686 6808
-3066 -4157 -2417 3653 -4561 6446
-2768 -3842 -2385 3168 -4213 6077
-2414 -3565 -2368 2788 -3955 5866
-2183 -3364 -2368 2185 -3778 5614
-1719 -3150 -2492 1814 -3865 5472
-1272 -2997 -2614 1354 -4076 5220
-974 -2929 -2618 952 -3944 4849
-427 -2649 -2566 566 -3497 4320
-167 -2532 -2577 236 -2892 3675
149 -2426 -2493 -65 -2237 2947
-5 -2367 -2580 -208 -1741 2353
-269 -2299 -2588 -276 -877 1232
-743 -1946 -2532 -237 -334 336
-1333 -1513 -2433 -41 158 -1158
-1467 -1184 -2330 190 80 -2515
-1722 -739 -2100 261 -318 -3266
-1983 -336 -1893 105 -1135 -4326
-2473 184 -1645 -387 -1803 -5349
-2726 617 -1371 -831 -1856 -5925
-3087 921 -1110 -1514 -1205 -6621
-3715 1111 -934 -1838 -601 -6941
-4197 1101 -1178 -1872 179 -7193
-4761 1164 -1851 -1492 380 -7208
-4725 1214 -1979 -669 -43 -6789
-4378 1022 -1427 -252 -498 -6200
-3900 1127 -934 18 -802 -5189
-3554 1187 -692 -2 -744 -4288
-3017 1200 -768 -142 -671 -3535
-2521 1181 -613 -313 -788 -3104
-2236 1167 -402 -794 -1140 -2556
-1731 1117 -188 -1216 -1430 -2243
-1382 1099 -163 -1880 -1918 -1817
-947 903 -400 -2241 -2172 -1564
-748 715 -562 -2603 -2265 -1292
-555 498 -637 -2808 -1850 -1191
-488 285 -542 -2912 -1387 -1221
-460 186 -510 -3056 -699 -1394
-478 36 -465 -3130 -355 -1569
-506 -47 -437 -3196 -69 -1888
-482 -213 -379 -3233 12 -2204
-482 -404 -263 -3272 35 -2414
-511 -577 -191 -3341 2 -2727
-654 -814 -144 -3411 -19 -3056
-926 -1133 -162 -3426 33 -3314
-1011 -1298 -152 -3423 225 -3682
-1241 -1570 -141 -3402 439 -4003
-1217 -1751 -110 -3381 522 -4123
-1234 -1890 -105 -3374 429 -4129
-1394 -2206 -71 -3427 196 -4014
-1635 -2559 -12 -3521 76 -3918
-1774 -2821 51 -3800 -52 -3755
-2004 -3168 74 -4201 -88 -3638
-2441 -3345 54 -4639 112 -3648
-2772 -3631 -80 -4893 328 -3680
-3073 -3864 -184 -5167 703 -3715
-3572 -3945 -341 -5252 900 -3747
-4071 -3839 -410 -5277 832 -3751
-4256 -3489 -453 -5270 143 -3533
-4440 -3166 -448 -5300 -703 -3118
-4042 -2523 -472 -5342 -962 -2706
-3669 -2027 -494 -5385 -534 -1844
-3543 -1329 -471 -5405 512 -968
-4205 -689 -196 -5464 1103 -544
-4849 -358 -63 -5600 1139 -235
-5556 142 142 -5686 338 -130
-5819 433 276 -5638 -164 -51
-6033 710 526 -5355 -393 111
-6384 1137 1246 -5070 -395 264
-6560 1458 1906 -4560 -703 646
-6958 1864 3121 -4140 -1108 951
-7097 1875 3998 -3337 -1538 1513
-7458 1455 5293 -2202 -1578 2234
-7787 871 6078 -1157 -1792 2863
-7690 140 6321 845 -2639 4162
-7813 -756 6155 2366 -3576 5073
-7799 -1382 5814 4528 -5314 6142
-7444 -2359 4665 6193 -6840 6778
-6356 -3342 3031 7038 -7363 7092
-9454 -3570 5603 5976 -10919 6639
-3941 -5261 -728 8113 -6198 7132
-3764 -4479 -2136 9563 -4620 7824
-4353 -4339 -2076 10187 -4039 8092
-4448 -4293 -1759 9546 -5035 7616
-3921 -4082 -2169 8852 -5334 7013
-3190 -4033 -2697 8038 -5326 6262
-2237 -3552 -3633 7723 -5027 5886
-1655 -3104 -3840 7612 -4705 5745
-1525 -3032 -3844 7260 -3873 5533
-1386 -2699 -3614 6571 -2549 5296
-1393 -2503 -3288 5579 -1374 5029
-1384 -2329 -2819 4797 -967 4820
-1342 -2153 -2556 3602 -728 4410
-1097 -2065 -2411 2567 -728 3947
-720 -1858 -2424 2010 -578 3618
-527 -1779 -2505 1424 -78 3072
-496 -1727 -2613 1061 265 2395
-489 -1820 -2621 895 337 1870
-566 -1827 -2578 679 197 974
-550 -1769 -2487 470 -283 8
-587 -1628 -2292 262 -809 -970
-759 -1489 -1974 108 -1078 -1634
-705 -1274 -1811 -110 -1487 -2462
-924 -1079 -1625 -214 -1830 -3128
-1105 -848 -1391 -252 -2129 -3694
-1665 -887 -1143 -284 -2378 -4077
-2049 -883 -925 -395 -2663 -4707
-2646 -848 -592 -612 -2759 -5385
-3486 -933 -234 -826 -2720 -5900
-3787 -1082 15 -1294 -2327 -6622
-4121 -1085 373 -1841 -1612 -7118
-4155 -928 300 -2100 -1256 -7254
-3820 -1106 181 -2287 -1090 -6931
-3477 -1260 56 -2285 -1055 -6147
-3259 -1091 5 -2201 -1013 -5577
-3165 -1173 -25 -2046 -774 -4795
-2912 -1209 -23 -1936 -249 -4155
-2722 -1031 -9 -1932 91 -3810
-2610 -888 -67 -1994 379 -3435
-2379 -684 -40 -2104 413 -3252
-2230 -533 -105 -2358 313 -3055
-2112 -450 -219 -2624 84 -2950
-1868 -293 -342 -2882 -208 -2872
-1542 -209 -388 -3175 -421 -2772
-1256 -108 -442 -3384 -509 -2678
-1033 -85 -541 -3675 -625 -2507
-904 -130 -626 -3937 -643 -2323
-976 -282 -771 -4132 -412 -2223
-989 -364 -884 -4250 94 -2205
-972 -356 -986 -4281 492 -2213
-2985 -375 -1188 -3862 -342 -2949
-3398 -483 -1565 -3433 -520 -3183
-3491 -593 -1460 -3054 -264 -3165
-3748 -875 -1213 -2906 -151 -2736
-4273 -1044 -1204 -2910 -459 -2315
-4484 -1186 -1342 -2941 -1007 -1527
-4585 -1554 -1254 -2985 -1087 -920
-4470 -1750 -1852 -2920 -469 86
-4964 -1869 -2280 -2547 636 822
-5982 -1775 -2225 -2290 1111 1088
-6767 -1532 -1774 -2357 538 1116
-6772 -1412 -1412 -2799 -1113 1246
-6042 -1427 -1140 -3151 -1887 1506
-5218 -1476 -575 -3598 -1860 2220
-5102 -1703 -66 -3880 -1232 3047
-5568 -2235 879 -3956 -781 3454
-5982 -2718 1450 -3723 -407 3757
-6638 -3565 2173 -3245 -516 3800
-7023 -4389 2568 -1985 -1286 3817
-7601 -5581 3086 -861 -1949 3822
-7764 -6605 3260 1124 -2926 3878
-7290 -6925 3233 3191 -3606 4269
-6673 -7218 2984 4975 -3914 5069
-6315 -7336 2663 5902 -4019 5716
-5633 -7175 2123 6882 -3920 6688
-5325 -6655 137 5962 -3185 6509
-4344 -7181 362 6604 -3311 7527
-4053 -6474 248 7195 -2292 8439
-4490 -6004 369 7063 -2516 8635
-4574 -5731 426 6164 -3061 8394
-4266 -5469 -248 5462 -3575 8058
-3883 -5253 -774 4686 -4102 7524
-3359 -4842 -1481 4327 -4406 7112
-3017 -4464 -2088 4302 -4527 6860
-2973 -4176 -2286 4409 -4459 6366
-2713 -3711 -2290 4430 -4297 6007
-2612 -3348 -2134 4204 -4065 5478
-2372 -2888 -1969 3717 -4001 5019
-2181 -2645 -1854 3286 -4071 4770
-1869 -2332 -1820 2599 -4293 4458
-1554 -2194 -1991 2206 -4381 4256
-1367 -2117 -2059 1705 -4199 3930
-1314 -2117 -2160 1335 -3580 3505
-1219 -2149 -2173 1045 -2835 3036
-943 -2247 -2055 856 -2430 2782
-773 -2160 -1963 578 -1956 2455
-509 -1933 -1905 361 -1753 2163
-592 -1871 -1853 178 -1559 1735
-916 -1731 -1776 53 -1259 1288
-1133 -1693 -1743 -127 -850 472
-1532 -1483 -1813 -190 -598 -173
-1898 -1278 -1821 -170 -196 -1298
-2521 -836 -1788 -105 -255 -2452
-3071 -406 -1621 -171 -686 -3186
-3296 -39 -1556 -510 -1552 -4169
-3733 470 -1421 -1101 -1996 -5071
-4156 920 -1396 -1530 -1986 -5620
-4361 1197 -1270 -2090 -1534 -6212
-4491 1499 -1519 -2212 -764 -6421
-4489 1671 -2004 -1965 -451 -6352
-4109 1797 -2128 -1352 -489 -5833
-3192 1622 -1785 -873 -588 -4796
-2598 1543 -1118 -755 -475 -4080
-2295 1584 -661 -920 -138 -3264
-1979 1599 -138 -1401 5 -2791
-1740 1564 -71 -1777 -149 -2601
-1354 1369 -227 -2108 -480 -2472
-1173 1171 -226 -2536 -916 -2370
-904 851 -229 -2865 -1023 -2335
-1001 511 -281 -3019 -921 -2384
-1113 339 -372 -3089 -559 -2595
-1085 128 -650 -2926 -261 -2836
-1016 28 -753 -2734 -162 -2975
-892 21 -663 -2476 -261 -3099
-687 -7 -418 -2406 -482 -3116
-548 -20 -220 -2516 -898 -3082
-399 -36 51 -2731 -1149 -3047
-299 -88 54 -3142 -1400 -3000
-330 -381 -78 -3375 -1394 -2996
-348 -667 -262 -3584 -995 -3026
-500 -1008 -407 -3555 -284 -3121
-779 -1342 -503 -3350 553 -3305
-1256 -1601 -474 -3166 987 -3496
-1451 -1694 -358 -2953 1200 -3743
-1616 -1887 -160 -2904 1069 -3821
-1831 -2146 -114 -2972 626 -3844
-2062 -2399 -6 -3174 218 -3816
-2326 -2677 24 -3377 8 -3788
-2450 -2852 -40 -3677 -106 -3738
-2632 -3142 -107 -3850 -13 -3694
-2743 -3247 -147 -4054 221 -3593
-3021 -3408 -228 -4146 358 -3519
-3145 -3463 -269 -4244 469 -3344
-3463 -3521 -303 -4312 437 -3136
-3440 -3236 -284 -4361 282 -2934
-3431 -2994 -257 -4461 -144 -2541
-3374 -2639 -208 -4563 -510 -2243
-3379 -2240 -412 -4709 -927 -1843
-3374 -1990 -600 -4732 -967 -1537
-3389 -1525 -971 -4578 -550 -1351
-3517 -1051 -1191 -4376 -62 -1278
-3804 -821 -1116 -4155 478 -1213
-4295 -486 -878 -4204 357 -1117
-4855 -113 -562 -4410 23 -1022
-5017 47 -417 -4803 -350 -692
-5162 287 -226 -5002 -482 -314
-5180 417 57 -5156 -605 442
-5282 627 714 -5130 -658 1251
-5574 689 1493 -4972 -750 1703
-5817 711 2089 -4468 -1032 2158
-6070 555 2994 -3555 -1374 2403
-3905 -3047 -290 6352 -5741 5939
-3331 -4069 -1406 7920 -5894 7337
-3617 -3769 -1436 8700 -5512 7611
-3519 -3867 -1562 9053 -5216 7405
-3374 -3736 -1636 8704 -5316 6937
-3007 -3572 -1872 8282 -5454 6545
-2687 -3357 -2084 7575 -5507 5993
-2118 -2940 -2477 7011 -5398 5568
-1512 -2575 -2875 6669 -4790 5339
-1330 -2240 -3068 6511 -3902 5220
-1363 -2056 -3115 6229 -2334 5074
-1609 -1762 -2829 5904 -1444 4954
-1665 -1640 -2566 5129 -554 4741
-1668 -1448 -2162 4447 -268 4572
-1733 -1450 -2110 3383 -221 4200
-1619 -1376 -2161 2485 -422 3712
-1370 -1359 -2351 2045 -538 3345
-1221 -1387 -2439 1570 -668 2727
-995 -1505 -2497 1320 -756 2271
-824 -1624 -2444 921 -1004 1523
-585 -1669 -2424 637 -1224 995
-646 -1710 -2396 236 -1487 84
-744 -1634 -2185 -116 -1457 -946
-793 -1399 -2022 -283 -1362 -1610
-877 -1318 -1858 -419 -1269 -2493
-1221 -1136 -1485 -511 -1155 -3321
-1961 -1099 -1108 -586 -1126 -3913
-2374 -1039 -910 -723 -1198 -4811
-3205 -1001 -556 -905 -1278 -5720
-3910 -1014 -261 -1075 -1323 -6289
-4348 -1130 -84 -1392 -1126 -6963
-4800 -1236 13 -1560 -781 -7270
-4889 -1199 25 -1661 -322 -7342
-4617 -1201 -57 -1575 -244 -6831
-4350 -1185 -49 -1480 -359 -6258
-4023 -983 52 -1385 -503 -5346
-3587 -734 328 -1435 -549 -4790
-3165 -577 501 -1745 -659 -4038
-2766 -394 604 -2054 -766 -3590
-2115 -134 416 -2486 -946 -3002
-1559 39 84 -2674 -1007 -2690
-1272 139 -67 -2837 -937 -2348
-1033 208 -193 -2926 -697 -2187
-863 220 -278 -2966 -475 -2172
-910 162 -374 -2994 -102 -2295
-1027 48 -492 -2978 167 -2479
-1268 -107 -487 -2962 508 -2840
-1289 -124 -544 -2949 623 -3146
-1214 -142 -635 -2914 509 -3280
-1244 -123 -569 -2917 372 -3292
-1228 -92 -534 -2979 197 -3194
-1184 4 -438 -3047 150 -3060
-1096 135 -324 -3213 146 -2744
-1038 297 -286 -3337 164 -2486
-1059 335 -327 -3488 235 -2115
-1390 337 -323 -3596 428 -1927
-1897 168 -356 -3643 656 -1960
-2237 6 -493 -3615 1093 -2204
-2449 -94 -661 -3520 1342 -2388
-2628 -190 -815 -3296 1407 -2582
-2699 -285 -929 -3142 1143 -2612
-2750 -325 -1065 -2975 280 -2492
-2722 -273 -1133 -2918 -478 -2341
-2575 -134 -1163 -2934 -1514 -2010
-2565 -218 -1425 -2978 -2027 -1680
-2491 -422 -1780 -2963 -1880 -1459
-2758 -671 -2081 -2791 -772 -1205
-2866 -851 -2283 -2586 510 -946
-3574 -938 -2469 -2496 859 -788
-4182 -1113 -2492 -2423 417 -684
-4852 -1218 -2611 -2465 -166 -650
-5082 -1359 -2838 -2513 -696 -543
-4905 -1555 -2546 -2756 -256 -51
-5097 -1538 -2237 -3047 177 459
-5598 -1693 -2103 -3538 409 1249
-6312 -1802 -1665 -3875 399 1659
-6333 -1782 -1261 -4381 -114 2270
-6183 -1943 -492 -4685 -556 2702
-6058 -2079 167 -5026 -792 3256
-6026 -2596 1242 -5141 -747 3547
-5966 -2998 1930 -4969 -519 3890
-6172 -3957 2536 -4007 -432 4080
-7119 -5153 3259 -2855 -526 3982
-7906 -5888 3904 -705 -1349 3521
-8270 -6586 5055 713 -2281 3253
-7882 -6849 5211 2704 -3689 3377
-6577 -6948 4793 4605 -4347 4405
-6069 -7091 4269 5716 -4644 5396
-5732 -7218 3018 7043 -4904 6682
-7318 -6166 6907 5820 -3968 6649
-5288 -7288 1017 7275 -4513 7346
-4847 -6748 225 7842 -4016 7853
-5043 -6363 -43 7969 -4437 8005
-5042 -6058 -50 7579 -4562 7737
-5008 -5743 -394 6684 -4555 7032
-4552 -5392 -1113 5919 -4468 6421
-3948 -5019 -1982 5651 -4582 6234
-3593 -4566 -2310 5488 -4772 6104
-3412 -4225 -2361 5314 -4456 6001
-3099 -3743 -2210 5083 -4177 5936
-2821 -3283 -1952 4508 -3740 5825
-2601 -3071 -1940 3789 -3410 5701
-2422 -2945 -1980 3307 -3320 5570
-2275 -2820 -2045 2632 -3021 5248
-1870 -2626 -2134 2223 -2804 5010
-1559 -2582 -2150 1656 -2688 4675
-1090 -2479 -2038 1276 -2733 4448
-781 -2436 -1926 697 -2863 4057
-370 -2287 -1781 319 -2874 3723
-155 -2173 -1792 -133 -2621 3051
-98 -1945 -1946 -337 -1977 2081
-302 -1881 -2043 -356 -1372 1272
-497 -1755 -1981 -329 -354 -106
-1030 -1476 -1955 -200 322 -1589
-1582 -1203 -2069 -28 455 -2557
-1990 -1041 -1959 187 215 -3841
-2796 -707 -1573 168 -236 -4590
-3182 -455 -1401 -195 -1278 -5556
-3705 -169 -1262 -830 -1865 -6374
-4191 174 -1094 -1293 -1849 -6811
-4558 343 -898 -1937 -1701 -7223
-4719 593 -739 -2266 -1480 -7281
-4743 740 -1044 -2273 -793 -7028
-4562 1012 -1548 -1910 -409 -6635
-4115 1004 -1636 -1175 -342 -5607
-3559 1033 -1080 -772 -705 -4376
-3328 1253 -652 -779 -796 -3732
-3036 1395 -623 -934 -546 -3166
-2805 1355 -535 -1636 131 -3053
-2102 984 -117 -1916 68 -3055
-1698 706 -380 -1974 -160 -2950
-1430 579 -517 -1889 -685 -2667
-1166 536 -462 -1775 -1125 -2367
-952 466 -274 -1773 -1302 -2208
-854 405 -194 -1885 -1478 -2036
-655 330 -131 -2104 -1579 -1953
-475 281 -193 -2270 -1532 -1942
-311 212 -249 -2468 -1276 -1929
-113 26 -250 -2596 -990 -1921
-55 -189 -263 -2743 -414 -1894
-108 -499 -276 -2790 29 -1900
-257 -659 -309 -2760 589 -1982
-587 -1005 -341 -2639 856 -2168
-1011 -1343 -285 -2542 920 -2369
-1210 -1467 -240 -2401 883 -2721
-1349 -1615 -163 -2334 730 -2929
-1442 -1746 -116 -2309 256 -3175
-1650 -1888 -17 -2438 -387 -3376
-1989 -2206 -16 -2689 -869 -3587
-2045 -2364 53 -2927 -974 -3691
-2016 -2540 63 -3324 -979 -3707
-2071 -2671 -21 -3564 -863 -3649
-2149 -2822 -77 -3822 -469 -3520
-2458 -3054 -202 -3968 -41 -3407
-2941 -3325 -228 -4026 183 -3376
-3094 -3323 -199 -4111 293 -3276
-3320 -3211 -152 -4238 2 -3070
-3363 -3079 -137 -4353 -345 -2857
-3367 -2841 -223 -4479 -780 -2468
-3331 -2546 -361 -4512 -892 -2191
-3172 -2238 -429 -4479 -885 -1744
-3056 -1692 -616 -4355 -627 -1308
-2933 -1248 -799 -4230 -238 -1023
-3159 -922 -731 -4140 594 -721
-3736 -562 -755 -4165 1247 -617
-4376 -276 -836 -4220 1286 -557
-4691 -26 -647 -4512 662 -343
-4849 239 -264 -4867 111 -66
-5415 -20 -88 -5454 -382 339
-5889 -133 62 -5800 -357 459
-6015 90 290 -5749 -322 507
-5828 329 591 -5224 -633 835
-5468 600 1483 -4690 -1054 1260
-5467 536 2396 -3921 -1480 2076
-5709 444 3552 -3426 -1540 2608
-6035 459 4232 -2531 -1517 3316
-6392 526 4657 -1704 -1936 3773
-6500 403 4623 43 -3282 4374
-6552 205 4411 2165 -4561 4628
-6016 -71 3892 3552 -4874 4644
-5641 -333 3532 5284 -4909 4750
-4881 -770 2601 6171 -5142 5009
-4424 -1161 2024 6522 -6102 5445
-3548 -1489 51 6374 -6362 5413
-2984 -2643 -1091 7934 -7145 6416
-2969 -2385 -1167 8919 -6746 6951
-3018 -2640 -1250 8859 -5995 6945
-3025 -2483 -1415 8399 -5437 6743
-2782 -2549 -1573 7454 -4769 6368
-2376 -2331 -1844 6799 -4362 6125
-2037 -2195 -2194 6096 -4088 5852
-1658 -1989 -2735 5808 -3768 5598
-1173 -1806 -2455 1441 -1012 1769
-824 -1987 -2456 1243 -1122 1481
-684 -2047 -2446 946 -1270 990
-426 -1981 -2309 653 -1363 421
-404 -1820 -2155 481 -1333 -31
-493 -1480 -1960 352 -1251 -562
-516 -1298 -1822 231 -1206 -1408
-830 -1280 -1583 170 -1229 -2326
-1444 -1366 -1343 157 -1220 -2992
-2144 -1424 -1241 245 -1188 -4127
-3499 -1579 -1090 379 -1186 -4986
-4433 -1557 -856 578 -1276 -6338
-5305 -1610 -488 563 -1467 -7188
-6214 -1645 66 213 -1743 -8157
-6536 -1512 528 -203 -1802 -8469
-6294 -1268 682 -884 -1850 -8206
-5550 -1025 527 -1252 -2014 -7524
-5075 -902 473 -1578 -2096 -6094
-4561 -606 374 -1666 -1858 -5146
-4142 -439 286 -1691 -1440 -3927
-3478 -152 232 -1723 -1259 -3284
-2828 211 306 -1896 -1129 -2604
-2392 434 311 -2222 -1111 -2192
-1773 647 207 -2461 -1094 -2016
-1399 703 89 -2761 -935 -1849
-949 683 -193 -2877 -765 -1767
-726 606 -395 -2910 -547 -1680
-521 478 -573 -2865 -372 -1643
-555 383 -592 -2838 -258 -1679
-649 287 -602 -2853 -60 -1851
-683 190 -549 -2899 115 -2009
-705 168 -590 -2969 362 -2222
-735 120 -710 -2981 388 -2350
-676 146 -673 -2985 306 -2350
-554 180 -685 -3011 32 -2199
-564 203 -582 -3069 -148 -2042
-529 327 -537 -3220 -137 -1802
-541 436 -652 -3343 22 -1601
-761 388 -760 -3387 188 -1556
-997 331 -792 -3415 556 -1660
-1531 191 -799 -3407 971 -2001
-1737 207 -724 -3412 1099 -2259
-1719 238 -718 -3436 984 -2483
-1781 155 -991 -3402 729 -2525
-1730 187 -1130 -3273 75 -2463
-1989 -10 -1366 -3136 -541 -2371
-2382 -348 -1399 -3077 -575 -2399
-2285 -325 -1464 -3043 -310 -2353
-2288 -243 -1786 -3003 -262 -2230
-2523 -195 -1871 -2918 -413 -2048
-3475 -461 -1855 -2927 -660 -2029
-4035 -766 -1787 -2971 -636 -2022
-4219 -905 -1911 -3047 -221 -1738
-4675 -1389 -2539 -2976 234 -1351
-5099 -1820 -2634 -2879 641 -504
-5999 -2109 -2354 -3098 531 313
-6711 -2039 -2230 -3390 72 757
-6831 -1972 -2130 -3880 -312 1277
-6666 -1680 -1672 -4362 -225 1810
-6288 -1460 -741 -4703 -96 2246
-6078 -1523 -91 -5159 -48 3017
-5967 -1681 965 -5324 -241 3481
-5888 -2012 1733 -5267 -707 3966
-6017 -2856 2666 -4900 -1006 4095
-6394 -3819 2986 -3604 -1298 3935
-7658 -5522 3487 -2251 -1237 3512
-8389 -6597 3875 135 -1496 2799
-8863 -7779 4551 1670 -2094 2622
-8261 -7982 4899 3579 -3036 3220
-6806 -7992 4641 4601 -3283 4276
-6270 -7978 4049 5947 -3370 6238
-6305 -8135 2821 7132 -3459 7538
-6446 -7614 692 6364 -6047 7105
-5317 -8488 750 7420 -4286 7411
-4672 -7432 682 8084 -3438 7950
-4842 -6976 415 7839 -3499 8066
-4757 -6554 155 7048 -4206 7981
-4381 -6186 -586 6481 -4576 7787
-3974 -5854 -1158 5822 -4813 7527
-3793 -5491 -1896 5440 -4692 7162
-3548 -4976 -2289 5299 -4316 6844
-3433 -4625 -2582 5176 -3733 6356
-3118 -4133 -2712 5075 -3555 6079
-2869 -3783 -2517 4687 -3429 5786
-2703 -3393 -2296 4009 -3389 5502
-2478 -3189 -2219 3487 -3461 5323
-2006 -2909 -2264 2740 -3558 5077
-1516 -2694 -2434 2325 -3503 4905
-1211 -2524 -2490 1822 -3332 4580
-803 -2374 -2396 1514 -3236 4300
-556 -2291 -2272 1026 -3092 3779
-338 -2233 -2076 688 -2959 3356
-257 -2164 -1983 204 -2673 2566
-326 -1972 -1901 -81 -2361 1928
-455 -1918 -1939 -375 -1548 840
-763 -1829 -1998 -459 -641 -295
-1379 -1611 -2049 -381 -142 -1097
-1720 -1399 -2032 -154 148 -2253
-2636 -1189 -1837 -37 34 -3014
-2971 -1027 -1637 -115 -713 -4094
-3369 -421 -1239 -425 -1398 -4727
-3597 -118 -1147 -1152 -2089 -5597
-3646 199 -910 -1714 -2067 -6039
-3627 411 -813 -2433 -1366 -6364
-3679 740 -985 -1422 -1140 -3456
-1964 962 -968 -1294 -1239 -2958
-1814 933 -618 -1551 -1173 -2514
-1454 886 -271 -1857 -1116 -2231
-1228 821 -188 -2336 -1057 -1830
-861 659 -289 -2639 -928 -1469
-606 415 -409 -2705 -768 -1278
-518 263 -440 -2650 -438 -1110
-465 58 -441 -2550 -258 -1091
-447 -6 -418 -2376 -96 -1194
-420 -108 -284 -2275 -4 -1339
-419 -157 -207 -2188 136 -1647
-338 -249 -192 -2139 208 -1880
-371 -380 -157 -2082 326 -2233
-559 -530 -83 -2046 441 -2634
-646 -626 -4 -2029 418 -2877
-757 -764 1 -2044 111 -3160
-808 -913 66 -2096 -132 -3292
-765 -977 124 -2247 -336 -3352
-874 -1300 135 -2480 -427 -3320
-1246 -1759 125 -2660 -444 -3325
-1523 -2052 158 -2984 -376 -3418
-1917 -2505 189 -3225 -322 -3523
-2079 -2686 178 -3594 -197 -3661
-2308 -3085 62 -3908 -116 -3708
-2475 -3421 -54 -4065 -120 -3676
-2610 -3578 -131 -4265 -251 -3538
-2813 -3675 -178 -4394 -351 -3436
-2977 -3701 -297 -4553 -475 -3292
-3345 -3751 -615 -4610 -668 -3208
-3527 -3496 -743 -4634 -875 -3145
-3568 -3208 -872 -4666 -1209 -3009
-3401 -2604 -1038 -4702 -1298 -2839
-3276 -2120 -1236 -4759 -992 -2442
-3279 -1402 -1244 -4841 -659 -2095
-3478 -765 -1192 -5116 -166 -1494
-3700 -336 -1185 -5509 207 -853
-4072 7 -1065 -5824 334 -373
-4341 173 -890 -6320 311 403
-4746 265 -479 -6616 285 895
-5537 330 230 -6914 441 1347
-6152 312 866 -6930 366 1434
-7266 107 2125 -6750 -43 1358
-8092 -26 2921 -5999 -1068 1062
-8690 -271 4204 -5061 -1639 871
-8667 -367 5103 -3016 -2141 1037
-8588 -683 6503 -500 -2476 2034
-8441 -1271 7263 1272 -2675 3139
-8365 -1672 7472 3623 -3292 5037
-8317 -2387 6804 5565 -4417 6559
-7652 -3242 5152 6665 -5322 7204
-6959 -3717 3991 7952 -6206 7706
-7592 -4124 6193 6802 -7895 6940
-4133 -5828 -1561 8468 -6956 7379
-4045 -5294 -1469 10543 -6060 8322
-5276 -5256 -1174 10911 -6013 8342
-5174 -5439 -1119 10442 -6580 7891
-4599 -5057 -1595 9432 -6113 7190
-3646 -4773 -2558 8799 -5263 6875
-3162 -4513 -3140 8118 -3881 6726
-2877 -4184 -3495 7735 -3143 6677
-2833 -4023 -3488 7010 -2339 6478
-2842 -4006 -3383 6417 -2107 6200
-2642 -3952 -3152 5358 -1856 5598
-2082 -3751 -2916 4247 -1489 4938
-1585 -3433 -2879 3578 -1171 4541
-1286 -3258 -2870 2729 -707 4060
-846 -3013 -2743 2201 -566 3811
-624 -2880 -2620 1414 -725 3455
-360 -2601 -2626 941 -968 3161
-194 -2473 -2792 446 -1323 2594
66 -2470 -3138 292 -1410 2142
218 -2521 -3327 257 -1247 1354
302 -2367 -3440 337 -760 410
324 -2016 -3348 407 -422 -284
383 -1663 -2950 407 -226 -1312
320 -1359 -2594 202 -497 -2275
83 -1074 -2082 -39 -813 -2857
-63 -946 -1723 -479 -1136 -3545
-594 -966 -1491 -690 -1159 -3915
-997 -1096 -1541 -727 -979 -4364
-2066 -1331 -1403 -551 -769 -4886
-3899 -1484 -994 -484 -832 -5429
-5414 -1606 -461 -628 -1193 -6435
-6067 -1728 -255 -972 -1284 -7368
-6322 -1829 -47 -1167 -1029 -7727
-6184 -1756 -91 -1264 -685 -7639
-5761 -1633 -321 -1142 -916 -6816
-5417 -1612 -305 -1076 -1162 -6053
-5075 -1408 -24 -1155 -1212 -5037
-4673 -1168 239 -1351 -1091 -4556
-4291 -920 260 -1780 -955 -4100
-3527 -520 140 -2060 -987 -3901
-2924 -278 -83 -2356 -1095 -3647
-2101 -58 -305 -2484 -977 -3401
-1521 110 -325 -2538 -848 -3254
-1237 222 -264 -2666 -723 -3072
-1029 309 -227 -2791 -671 -3001
-907 320 -275 -2987 -636 -2962
-835 212 -375 -3134 -547 -2973
-815 86 -501 -3189 -421 -3001
-850 -56 -558 -3221 -222 -3038
-934 -214 -478 -3256 -11 -3047
-975 -203 -450 -3314 314 -3019
-982 -164 -473 -3357 380 -2919
-1224 -213 -473 -3412 296 -2803
-1443 -306 -467 -3459 267 -2731
-1650 -346 -451 -3534 218 -2653
-1726 -249 -485 -3577 218 -2547
-1684 -153 -467 -3584 267 -2421
-1810 -11 -406 -3581 293 -2206
-2037 115 -406 -3588 223 -2068
-2213 142 -395 -3610 89 -1910
-2562 109 -445 -3630 97 -1848
-2929 139 -651 -3592 73 -1895
-3053 247 -825 -3429 -202 -1995
-3199 370 -1134 -3156 -741 -2047
-3000 491 -1282 -3005 -1163 -1947
-3004 611 -1379 -2924 -1601 -1613
-3473 329 -1583 -2934 -1681 -1268
-3489 151 -1626 -2994 -1443 -962
-3594 -10 -1696 -3150 -1022 -273
-3945 -139 -1979 -3223 -814 224
-4424 -204 -2320 -3247 -667 956
-4823 -297 -2320 -3270 -925 1458
-5065 -344 -2315 -3358 -1050 1675
-4946 -346 -2038 -3652 -804 1965
-4815 -394 -1686 -4104 -11 2361
-4997 -634 -877 -4468 197 2679
-5261 -937 -160 -5083 -22 3111
-5678 -1450 649 -5364 -512 3310
-5984 -2006 1229 -5355 -992 3336
-6567 -2727 1616 -4894 -776 3050
-7187 -3457 2371 -3479 -528 2329
-7583 -4564 3484 -2183 -795 1884
-8120 -5503 4169 102 -1364 1473
-8715 -6789 5070 2411 -1899 1599
-8507 -7414 5515 3736 -2223 2267
-7777 -7980 5465 5396 -2209 4069
-7336 -8108 5160 6243 -2091 5478
-7365 -8215 4414 7081 -2244 7048
-7404 -8325 3493 7393 -2728 7516
-5228 -8479 -1467 6184 -3931 6604
-4277 -8026 25 7375 -3454 7255
-4472 -7575 375 8428 -2466 8092
-4644 -6780 892 8001 -2614 8259
-4562 -6340 506 7284 -2974 8059
-4320 -6239 -99 6244 -3271 7570
-3832 -5888 -1169 5783 -3308 7293
-3622 -5524 -1656 5382 -3275 6940
-3422 -5077 -2164 5183 -3361 6596
-3179 -4455 -2261 5034 -3555 6334
-2890 -4204 -2227 4630 -3832 5954
-2576 -3858 -2152 4223 -3911 5713
-2338 -3708 -2153 3478 -3866 5380
-1903 -3440 -2169 2677 -3673 5126
-1679 -3225 -2191 2160 -3475 4975
-1317 -3044 -2417 1554 -3323 4747
-1025 -2748 -2623 1292 -3346 4542
-826 -2591 -2555 970 -3346 4130
-518 -2458 -2401 748 -3195 3801
-322 -2381 -2337 403 -2815 3260
-134 -2214 -2194 45 -2384 2664
-309 -2128 -1961 -222 -2053 2171
-446 -2049 -1829 -622 -1435 1292
-841 -1818 -1761 -817 -953 628
-1325 -1617 -1765 -873 -253 -549
-1797 -1331 -1709 -715 21 -1703
-2599 -1106 -1560 -582 -80 -2469
-3026 -820 -1505 -464 -641 -3615
-3547 -263 -1521 -512 -1224 -4731
-4014 272 -1474 -673 -1271 -5431
-4317 603 -1392 -1015 -774 -6283
-4748 931 -1383 -1211 -177 -6636
-4991 979 -1439 -1316 498 -6822
-5185 1255 -1419 -1286 440 -6722
-5113 1344 -1265 -1276 -299 -6218
-4797 1364 -1368 -1268 -941 -5674
-4221 1436 -1253 -1246 -1285 -4770
-3682 1366 -1003 -1281 -1023 -4168
-2920 1187 -577 -1464 -509 -3320
-2433 1118 -165 -1678 -290 -2848
-2166 1022 -159 -2019 -315 -2327
-1693 858 -366 -2173 -546 -2086
-1323 763 -443 -2298 -918 -1820
-822 634 -356 -2366 -1022 -1704
-602 533 -295 -2476 -980 -1624
-423 353 -434 -2498 -786 -1684
-392 206 -566 -2449 -613 -1804
-431 77 -612 -2340 -345 -2126
-575 -62 -555 -2270 -21 -2591
-650 -176 -457 -2251 164 -2922
-688 -239 -376 -2261 299 -3366
-662 -316 -280 -2276 299 -3583
-665 -383 -208 -2321 106 -3769
-719 -555 -170 -2355 -107 -3813
-716 -679 -153 -2413 -463 -3748
-658 -910 -141 -2509 -677 -3552
-757 -1173 -62 -2606 -614 -3390
-889 -1374 -38 -2763 -263 -3179
-1021 -1606 23 -2959 55 -2982
-1248 -1823 135 -3143 96 -2868
-1525 -2006 200 -3485 -14 -2813
-2076 -2339 182 -3814 -33 -2978
-2408 -2724 12 -3972 18 -3145
-2711 -2942 -67 -4081 182 -3461
-2935 -3257 -190 -4092 339 -3627
-3073 -3493 -256 -4061 435 -3706
-3455 -3579 -277 -4018 484 -3653
-3679 -3525 -171 -4042 398 -3510
-4433 -150 -766 -4126 245 -1114
-4744 513 -318 -4279 -76 -1183
-4799 769 -89 -4684 -152 -949
-5029 1070 327 -4921 188 -574
-5401 1127 676 -5083 640 192
-6327 1343 1385 -4926 375 887
-7205 1642 2380 -4622 -133 1235
-7518 1648 2965 -3781 -1263 1699
-7341 1394 3964 -2436 -2279 2326
-7048 1108 4907 -1339 -2519 2836
-6847 854 5313 532 -2949 3795
-6784 424 5428 1830 -3587 4448
-6479 145 5067 3855 -5203 5355
-5785 -739 4033 5773 -6531 6008
-4629 -1540 2624 6932 -6697 6305
-2100 -2321 564 7417 -5556 6394
-3635 -2234 -202 8109 -5935 6633
-2936 -2853 -1012 9097 -6387 7116
-2898 -2808 -1259 9360 -5736 7076
-2794 -2925 -1585 9125 -5098 6839
-2773 -2803 -1805 8431 -4720 6312
-2500 -2749 -2125 7928 -4780 5938
-2242 -2564 -2257 7249 -5139 5503
-1963 -2321 -2457 6729 -5552 5099
-1595 -2111 -2627 6491 -5404 4843
-1540 -1892 -2668 6205 -4106 4465
-1382 -1511 -2035 720 -229 1837
-1588 -1788 -2091 530 -149 991
-1567 -1740 -2001 414 -292 417
-1545 -1629 -1902 243 -786 -408
-1495 -1479 -1736 77 -1393 -1186
-1462 -1202 -1504 -41 -1742 -1679
-1574 -1060 -1383 -183 -2129 -2431
-1744 -818 -1165 -246 -2271 -2941
-2117 -755 -970 -367 -2241 -3768
-2687 -700 -585 -612 -1935 -4618
-3649 -742 -189 -848 -1596 -5215
-4123 -721 90 -1298 -994 -6130
-4580 -603 344 -1637 -646 -6682
-5164 -585 473 -2055 -475 -7241
-4792 -720 415 -2251 -710 -7203
-4418 -748 286 -2390 -1382 -6510
-3954 -637 158 -2376 -1692 -5835
-3603 -610 142 -2225 -1515 -4816
-3008 -564 167 -2113 -1157 -4196
-2602 -500 217 -2035 -596 -3386
-2131 -311 332 -2083 -225 -2960
-1897 -180 329 -2281 106 -2514
-1546 -16 142 -2440 142 -2325
-1361 14 8 -2654 95 -2169
-1176 17 -230 -2770 78 -2149
-1029 17 -311 -2907 140 -2228
-959 -51 -401 -3014 323 -2378
-1004 -248 -522 -3095 614 -2572
-1100 -397 -514 -3188 937 -2744
-1139 -477 -526 -3255 1077 -2816
-1052 -438 -668 -3281 1049 -2807
-893 -326 -750 -3270 906 -2724
-895 -282 -719 -3282 753 -2555
-969 -195 -600 -3332 787 -2475
-977 -42 -537 -3474 928 -2401
-1161 87 -495 -3634 1016 -2441
-1277 207 -438 -3747 1056 -2516
-1710 195 -425 -3855 1032 -2637
-2189 29 -293 -3999 966 -2919
-2493 -64 -222 -4124 889 -3230
-2735 -82 -255 -4155 700 -3387
-2894 -80 -314 -4113 101 -3475
-2944 -105 -493 -3968 -728 -3326
-2545 -64 -695 -3820 -1266 -3042
-2282 -146 -817 -3557 -1637 -2390
-2274 -495 -783 -3318 -1227 -1739
-2184 -501 -588 -3234 -625 -1347
-2242 -553 -408 -3222 166 -827
-2373 -493 -364 -3254 418 -541
-2506 -538 -602 -3167 281 -233
-2815 -949 -1042 -2834 -146 -117
-3379 -1297 -1372 -2485 -187 -243
-3848 -1747 -1733 -1902 64 -556
-3869 -1895 -1778 -1602 180 -644
-4056 -1828 -1851 -1348 67 -613
-4514 -1846 -1917 -1324 -190 -543
-4862 -1905 -1955 -1500 -343 -399
-4919 -1809 -2132 -1693 -80 -183
-4927 -1635 -2175 -2020 452 417
-5128 -1353 -1914 -2519 546 1175
-5496 -1345 -1440 -2955 313 1650
-5701 -1389 -899 -3732 -146 2264
-5657 -1660 -28 -4253 -289 2672
-5691 -1945 581 -4807 -251 3280
-6207 -2564 1535 -4898 -259 3581
-6762 -3240 2060 -4372 -569 3779
-7309 -4230 2790 -3508 -957 3798
-7639 -5305 3395 -1536 -1707 3784
-7567 -5844 4045 728 -2440 3898
-7316 -6166 4459 2171 -2756 4128
-6690 -6423 4369 4134 -3120 4768
-6432 -6441 4076 5198 -3475 5298
-6404 -6580 3648 6368 -4562 6116
-6235 -6848 2713 6950 -5310 6568
-7607 -6393 4052 6324 -5955 6402
-5400 -7297 603 6867 -6020 6898
-5556 -6885 251 7747 -5868 7800
-5954 -6895 52 7770 -5874 7952
-6109 -6583 -186 7391 -5715 7734
-5975 -6322 -460 6505 -5021 7241
-5409 -5985 -1118 5695 -4278 6953
-5070 -5588 -1844 5367 -4057 6894
-4843 -5327 -2373 5228 -4149 6866
-4438 -4769 -2663 5195 -4306 6743
-3960 -4280 -2621 5030 -4273 6582
-3560 -3988 -2502 4498 -4104 6290
-2924 -3520 -2443 3984 -3959 6071
-2456 -3287 -2456 3100 -3836 5734
-1765 -3054 -2535 2500 -3777 5497
-1344 -2888 -2586 1708 -3584 5102
-747 -2718 -2734 1109 -3236 4608
-261 -2517 -2674 789 -2894 4209
-9 -2343 -2545 357 -2210 3487
144 -2134 -2393 107 -1720 2918
55 -1917 -2273 -159 -1015 1895
-6 -1765 -2253 -253 -456 735
-293 -1630 -2277 -221 -195 -74
-593 -1526 -2301 -44 52 -1345
-1018 -1247 -2194 108 160 -2207
-1252 -1044 -2056 263 121 -3418
-1479 -691 -1926 279 -88 -4100
-1781 -439 -1881 181 -591 -4953
-2125 -326 -1904 -44 -1006 -5623
-2380 -264 -1801 -270 -942 -5977
-3028 -148 -1729 -602 -435 -6443
-3678 25 -1853 -740 -166 -6692
-3944 194 -1742 -870 -153 -6882
-4290 388 -1582 -963 -270 -6869
-4174 554 -1506 -1048 -393 -6526
-3769 754 -1460 -1050 -543 -5725
-3595 816 -1760 -944 -667 -5103
-3465 896 -1705 -741 -784 -4266
-3333 829 -1358 -719 -738 -3711
-3064 861 -793 -899 -718 -3476
-2790 929 -422 -1431 -860 -3227
-2301 900 -222 -1848 -1033 -3069
-1924 808 -317 -2299 -1257 -2775
-1451 595 -523 -2450 -1285 -2553
-1338 413 -643 -2460 -1044 -2300
-1310 213 -633 -2383 -736 -2245
-1264 148 -572 -2258 -281 -2313
-1265 30 -418 -2201 34 -2500
-1206 -34 -316 -2205 138 -2646
-1111 -92 -155 -2278 127 -2853
-1037 -114 -99 -2338 23 -2967
-884 -147 -100 -2394 -114 -3055
-778 -207 -120 -2424 -294 -3130
-672 -250 -60 -2430 -356 -3173
-631 -398 -40 -2431 -372 -3181
-721 -625 13 -2468 -388 -3218
-804 -806 112 -2527 -339 -3252
-944 -1083 63 -2632 -197 -3316
-1066 -1473 139 -2706 -64 -3357
-1149 -1577 178 -2830 143 -3392
-1460 -1887 165 -2951 126 -3430
-1533 -2222 186 -3053 -36 -3401
-1741 -2520 144 -3256 -398 -3314
-1973 -2909 64 -3419 -635 -3261
-2113 -3057 11 -3690 -911 -3182
-2494 -3404 -91 -3967 -1029 -3203
-2796 -3570 -210 -4144 -969 -3270
-2980 -3562 -297 -4366 -759 -3402
-3235 -3518 -604 -4473 -648 -3472
-3482 -3505 -851 -4526 -710 -3498
-3778 -3210 -909 -4569 -838 -3428
-3778 -2723 -873 -4744 -960 -3127
-3793 -2252 -845 -5060 -908 -2576
-3867 -1451 -728 -5496 -647 -1846
-3894 -954 -738 -5778 -293 -1279
-4047 -522 -653 -6147 285 -363
-4497 -111 -339 -6365 491 199
-7867 -1221 6005 2544 -3423 4138
-7616 -1692 5437 5080 -4441 5197
-6811 -2147 4403 6521 -5146 5801
-6021 -2460 3725 8055 -5776 6659
-7090 -2465 4870 7463 -8558 6627
-3681 -3786 1325 8372 -6031 6994
-3433 -4162 -871 9537 -5458 7673
-4372 -4101 -655 10132 -4831 7857
-4527 -4402 -855 9647 -5435 7406
-4203 -4300 -1386 9060 -5652 6912
-3507 -4306 -2118 8312 -5592 6340
-2570 -3814 -3051 8045 -5191 6126
-2197 -3436 -3265 7762 -4163 5889
-1987 -2990 -3343 7350 -3140 5649
-2112 -2867 -3295 6958 -2607 5415
-2224 -2779 -3096 6175 -1964 4998
-1996 -2761 -2895 5220 -1449 4711
-1492 -2704 -2516 4541 -1111 4609
-1261 -2592 -2423 3543 -844 4540
-1074 -2325 -2355 2707 -824 4406
-904 -2118 -2440 2271 -804 4216
-683 -1982 -2537 1749 -725 3794
-407 -1905 -2700 1465 -638 3442
-248 -2013 -2782 1081 -511 2795
-283 -2025 -2711 673 -239 1938
-338 -1959 -2658 407 -56 1268
-308 -1932 -2659 126 -105 230
-310 -1793 -2662 43 -316 -447
-519 -1624 -2550 45 -691 -1453
-623 -1470 -2192 56 -953 -2048
-801 -1262 -1888 32 -1229 -2819
-970 -1096 -1622 -10 -1359 -3227
-1194 -916 -1375 -62 -1498 -3531
-1639 -955 -1203 -169 -1703 -3942
-2502 -859 -902 -348 -1754 -4517
-3626 -756 -546 -507 -1655 -5058
-4218 -797 -252 -807 -1373 -5932
-4923 -879 105 -1034 -1148 -6433
-5167 -802 199 -1317 -1110 -6922
-5188 -779 210 -1509 -1422 -6948
-4890 -880 191 -1593 -1646 -6667
-4662 -875 162 -1670 -1797 -5924
-4291 -926 210 -1714 -1754 -5339
-4024 -886 302 -1848 -1489 -4528
-3545 -685 334 -1992 -1238 -4095
-3155 -544 253 -2221 -1067 -3591
-2537 -361 173 -2480 -1068 -3239
-2146 -247 139 -2654 -1083 -3071
-1638 -65 -43 -2850 -1087 -2899
-1170 17 -339 -2906 -1062 -2820
-928 68 -387 -2937 -922 -2731
-678 90 -427 -2976 -761 -2712
-651 31 -373 -3125 -401 -2756
-745 -57 -303 -3288 -86 -2856
-940 -164 -394 -3516 355 -3096
-1325 -460 -564 -3637 666 -3381
-1534 -530 -636 -3661 852 -3527
-1579 -501 -712 -3618 894 -3576
-1670 -451 -624 -3604 773 -3485
-1686 -384 -596 -3645 441 -3159
-1668 -307 -545 -3729 122 -2831
-1723 -234 -488 -3960 -270 -2305
-1812 -176 -574 -4217 -296 -1890
-1965 -79 -710 -4370 -114 -1735
-2170 -3 -853 -4523 247 -1720
-2519 -72 -1060 -4550 451 -1852
-2765 -22 -1155 -4495 558 -2182
-3161 183 -1312 -4393 397 -2439
-3366 276 -1281 -4226 -201 -2759
-3229 468 -1331 -4082 -903 -2759
-3126 630 -1287 -4009 -1144 -2539
-2816 894 -1233 -3938 -1181 -1882
-2596 1003 -1300 -3896 -1065 -1269
-2573 1009 -1441 -3777 -759 -275
-3474 733 -1703 -3648 -407 416
-4429 538 -1901 -3603 -154 635
-5096 311 -1861 -3654 114 765
-5538 250 -1588 -3789 208 863
-5728 91 -1468 -4047 -40 1310
-5860 -341 -992 -4324 -471 2200
-5800 -786 -399 -4506 -552 2977
-5992 -1334 58 -4648 -515 4105
-6326 -2253 929 -4663 -443 4649
-6893 -2848 1428 -4432 -577 4841
-8009 -3792 2266 -3691 -656 4150
-8416 -4350 2957 -2836 -855 3469
-7989 -4841 3392 -1077 -1779 2889
-7316 -5712 3920 271 -2397 2965
-7409 -6297 4179 2346 -2595 3365
-7654 -6940 4379 3577 -2306 3708
-7557 -7127 4219 5085 -2229 4583
-7390 -7248 3609 6248 -2639 5621
-7216 -7313 2991 6823 -2930 6184
-8365 -6971 -1229 5485 -4489 5770
-5539 -7701 714 7047 -3933 6697
-5368 -6812 931 7740 -3325 7254
-5405 -6355 977 7728 -3399 7532
-5388 -5863 818 7288 -3791 7424
-5002 -5745 47 6505 -4287 6960
-4519 -5455 -487 5856 -4084 6447
-4040 -4896 -1176 5562 -3720 6122
-3729 -4565 -1563 5325 -3253 5744
-3445 -4037 -1839 5226 -3150 5561
-3216 -3712 -1920 5045 -3287 5370
-2891 -3403 -1926 4708 -3589 5252
-2658 -3147 -1755 4355 -3683 5157
-2434 -3099 -1735 3680 -3635 4987
-2067 -2913 -1937 3221 -3597 4877
-1828 -2789 -2017 2601 -3508 4677
-1514 -2535 -2099 2053 -3296 4422
-1130 -2356 -2181 1754 -3131 4243
-888 -2280 -2144 1334 -2836 3993
-723 -2169 -2132 1085 -2621 3812
-630 -2121 -2138 778 -2347 3449
-568 -2088 -2068 529 -2010 2972
-651 -1993 -1950 370 -1661 2554
-875 -1831 -1841 216 -1255 2076
-1009 -1722 -1811 54 -744 1321
-1432 -1618 -1821 11 -451 530
-1744 -1451 -1866 56 -455 -36
-2265 -1061 -1828 116 -628 -637
-2637 -606 -1649 131 -921 -1590
-2740 -354 -1599 -12 -1168 -2464
-2963 59 -1358 -224 -1234 -2976
-3035 389 -1199 -722 -1286 -3586
-3351 665 -1165 -1330 -1432 -4102
-3893 841 -1115 -1759 -1440 -4479
-4301 915 -1002 -2389 -1268 -5099
-4522 1078 -678 -2787 -1102 -5477
-4116 1353 -423 -3287 -783 -5743
-3882 1541 -651 -3350 -418 -5710
-3525 1780 -1113 -2864 -199 -5539
-2866 1524 -1231 -2384 -94 -5330
-2569 1287 -1070 -1695 168 -4992
-2401 1204 -745 -1373 471 -4858
-2054 1234 -289 -1201 697 -4759
-1798 1229 -85 -1224 525 -4559
-1442 1085 134 -1548 -178 -4200
-1295 941 212 -1876 -702 -3919
-1172 740 227 -2411 -1277 -3529
-1047 560 24 -2715 -1458 -3289
-1012 382 -118 -3019 -1433 -3009
-878 234 -265 -3155 -1265 -2791
-840 129 -356 -3155 -1186 -2678
-728 18 -433 -3076 -1114 -2558
-653 -50 -378 -3024 -1068 -2508
-590 -111 -271 -3029 -946 -2475
-763 -354 -167 -3150 -663 -2535
-1028 -625 -35 -3268 -347 -2662
-1108 -696 -43 -3419 165 -2899
-1111 -937 -146 -3446 402 -3039
-1101 -1066 -155 -3417 509 -3130
-1250 -1343 -82 -3400 362 -3146
-1330 -1623 47 -3438 139 -3119
-1389 -1780 70 -3579 -374 -3038
-1674 -2237 -46 -3701 -714 -2999
-1854 -2594 -163 -3860 -920 -3005
-2095 -3005 -202 -4040 -806 -3039
-2226 -3316 -231 -4203 -652 -3055
-2282 -3349 -180 -4528 -388 -3005
-2444 -3500 -343 -4874 -212 -2892
-2867 -3484 -614 -5060 3 -2848
-3090 -3535 -923 -5191 474 -2870
-3489 -3354 -1016 -5256 764 -2887
-3825 -3008 -998 -5471 1009 -2925
-4350 -2430 -958 -5694 782 -2893
-4434 -1920 -863 -6156 -62 -2576
-4110 -1054 -765 -6472 -549 -2104
-3943 -617 -703 -6800 -420 -1078
-4161 -177 -460 -6910 522 -47
-5313 64 137 -6920 1007 441
-6247 208 683 -6856 760 733
-7376 500 1721 -6715 81 750
-7805 560 2380 -6150 -1144 746
-7969 528 3504 -5431 -1764 869
-7853 368 4482 -3857 -1931 1367
-7775 24 5596 -2453 -1802 1916
-7774 -318 6104 69 -2169 3053
-7717 -568 6463 2670 -3271 4306
-7165 -863 6000 4252 -4220 5057
-6408 -1050 5262 6275 -5597 6037
-5148 -1487 3877 7341 -6343 6580
-4500 -1799 3108 7478 -7843 6557
-3490 -2695 1466 7907 -6822 6789
-3008 -3252 -214 8760 -6182 7239
-3820 -3446 -684 9320 -5365 7376
-3917 -3674 -892 9195 -5332 6917
-3939 -3626 -1323 8869 -5378 6403
-3617 -3601 -1704 8273 -5436 5629
-3033 -3242 -2277 7804 -5381 5058
-2482 -2839 -2760 7603 -5303 4798
-2286 -2582 -3010 7422 -4858 4489
-1864 -2281 -3230 7323 -4156 4377
-1797 -2117 -3070 7012 -2676 4340
-1888 -2081 -2930 6667 -1760 4367
-1899 -2124 -2663 5896 -846 4413
-1814 -1967 -2316 4870 -429 4380
-1586 -1946 -2004 3771 -427 4235
-1366 -1817 -1830 3076 -524 4072
-1029 -1502 -1760 2227 -544 3742
-679 -1208 -1931 1864 -412 3486
-469 -1026 -2018 1575 -22 3052
-307 -783 -2215 1515 317 2689
-306 -788 -2241 1467 738 2014
-647 -962 -2041 1359 884 1455
-1073 -1142 -1866 1027 784 429
-1591 -1348 -1611 729 488 -310
-1916 -1430 -1390 250 -105 -1286
-2028 -1394 -1293 -176 -825 -1983
-1899 -1124 -1291 -380 -1350 -2248
-1893 -1025 -1321 -539 -2019 -2472
-2013 -772 -1304 -591 -2341 -2741
-2373 -436 -1173 -638 -2364 -3034
-2708 -266 -1016 -821 -2172 -3732
-3002 -160 -797 -1027 -1963 -4264
-3168 -81 -643 -1455 -1720 -5027
-3262 13 -465 -1945 -1734 -5579
-3246 -129 -475 -2252 -1869 -5790
-3088 -242 -511 -2639 -2146 -5846
-2766 -289 -539 -2832 -2162 -5716
-2593 -387 -547 -3005 -1761 -5396
-2286 -560 -520 -3056 -995 -4964
-2174 -626 -534 -3030 -474 -4669
-2106 -662 -488 -3000 95 -4287
-2190 -707 -367 -3027 347 -4107
-2114 -615 -262 -3087 483 -3965
-1953 -573 -207 -3230 420 -3731
-1778 -495 -211 -3336 269 -3557
-1628 -477 -338 -3465 21 -3321
-1669 -560 -507 -3535 -6 -3185
-1912 -731 -568 -3563 511 -3219
-1797 -704 -588 -3561 925 -3223
-1586 -662 -611 -3576 1152 -3089
-1466 -481 -576 -3618 1088 -2946
-1377 -355 -582 -3733 774 -2695
-1365 -298 -780 -3861 427 -2468
-3749 552 -1774 -4550 -215 -3133
-3953 328 -1980 -4369 673 -3116
-3974 416 -2624 -4035 930 -2795
-4231 714 -2804 -3440 239 -1977
-4852 935 -2288 -3299 -666 -1358
-4890 919 -1867 -3679 -1850 -364
-4693 959 -1416 -4210 -1644 318
-4757 791 -1345 -5002 40 1242
-5523 191 -994 -5599 1392 1915
-6657 -762 -582 -5775 1573 2226
-7427 -1729 322 -5700 611 2629
-7632 -2284 968 -5265 -634 2864
-7743 -3298 1963 -4736 -1168 2893
-8103 -3946 2749 -3605 -1327 2683
-8692 -4932 3903 -2664 -1461 2509
-8797 -5973 4837 -1079 -2174 2511
-8680 -6543 5056 758 -2790 3031
-8190 -7534 4773 2827 -2521 4046
-7759 -7903 4408 4185 -2099 4937
-7554 -7916 3775 5393 -1845 5795
-7674 -7996 3313 6639 -2031 6655
-7699 -8020 2976 7120 -2587 6868
-6106 -7863 -1289 5441 -2621 5989
-6124 -8593 592 6671 -3423 6721
-5778 -8071 50 7289 -3331 7223
-5666 -7574 324 7363 -3538 7474
-5435 -7017 -23 6919 -3709 7390
-5117 -6672 -525 6131 -3924 7123
-4312 -6101 -1421 5696 -3726 6999
-3881 -5617 -1829 5187 -3402 6996
-3575 -5073 -2207 4884 -3365 7010
-3513 -4759 -2391 4451 -3488 6853
-3273 -4318 -2627 4049 -3730 6458
-2816 -3773 -2650 3730 -3926 6134
-2536 -3507 -2708 3175 -4200 5596
-1945 -3196 -2783 2781 -4355 5264
-1582 -2936 -2790 2161 -4301 4820
-1030 -2742 -2902 1775 -4144 4577
-781 -2577 -2893 1251 -3788 4241
-515 -2301 -2990 856 -3401 3837
-329 -2127 -2988 664 -3230 3514
-266 -1965 -2896 413 -2943 2942
-216 -1790 -2697 247 -2714 2525
-220 -1762 -2571 19 -2340 1884
-374 -1655 -2273 -120 -2022 1463
-462 -1571 -2130 -280 -1552 885
-649 -1416 -1946 -346 -1306 547
-844 -1299 -1825 -373 -1022 44
-1155 -969 -1630 -336 -759 -547
-1382 -740 -1503 -297 -615 -996
-2036 -415 -1347 -240 -435 -1827
-2615 -105 -1215 -262 -510 -2702
-3140 89 -951 -370 -685 -3268
-3136 444 -749 -689 -1013 -3961
-2836 1050 -776 -895 -982 -4253
-2805 1264 -818 -1065 -418 -4490
-3237 1340 -1214 -965 223 -4684
-3749 1360 -1374 -815 432 -4879
-4422 1343 -1252 -728 274 -5318
-4806 1597 -774 -869 -26 -5657
-4525 1645 -553 -1315 -638 -5918
-3595 1535 -495 -1640 -1028 -5766
-2937 1481 -505 -1969 -1195 -5124
-2028 1323 -479 -2050 -972 -4193
-1327 1128 -467 -2003 -823 -3502
-1056 1026 -380 -1922 -741 -2543
-813 792 -492 -1888 -772 -2043
-813 627 -657 -1822 -708 -1588
-944 446 -629 -1837 -554 -1533
-1215 282 -471 -1995 -247 -1784
-1301 143 -464 -2135 -67 -2094
-1166 14 -448 -2323 79 -2553
-1011 -14 -491 -2418 53 -2830
-734 -18 -529 -2424 -93 -2889
-570 -24 -533 -2393 -444 -2838
-352 -73 -345 -2457 -708 -2712
-254 -189 -182 -2573 -773 -2649
-292 -401 -131 -2856 -713 -2660
-471 -732 -86 -3159 -217 -2831
-805 -1200 -131 -3309 312 -3034
-1047 -1459 -146 -3433 920 -3369
-1266 -1720 -153 -3462 1008 -3550
-1444 -1876 -116 -3497 803 -3760
-1812 -2182 43 -3551 594 -3871
-2028 -2523 140 -3729 188 -3965
-2122 -3024 254 -4022 -159 -3900
-2249 -3417 207 -4242 -254 -3783
-2351 -3574 128 -4557 -275 -3573
-2704 -3845 57 -4763 -211 -3470
-3052 -4001 89 -5078 60 -3442
-3326 -4151 -17 -5275 259 -3438
-3607 -4153 -109 -5462 526 -3452
-3897 -3933 -300 -5447 664 -3431
-4084 -3617 -314 -5379 496 -3330
-4223 -3325 -204 -5327 -82 -3051
-4129 -2816 49 -5444 -674 -2576
-3695 -2218 182 -5570 -656 -2140
-3500 -1804 206 -5741 164 -1378
-3743 -1240 292 -5792 956 -913
-4460 -933 384 -5770 1706 -537
-5595 -401 515 -5577 1227 -493
-6291 134 841 -5379 529 -510
-6642 449 1052 -4974 -285 -490
-6733 872 1703 -4670 -498 -319
-6663 1276 2247 -4230 -582 320
-6697 1737 3211 -3919 -658 957
-6857 1887 3832 -3315 -1033 2006
-6920 2159 4761 -2782 -1460 2680
-7009 1709 5054 -1608 -2520 3622
-6614 1568 4929 216 -4036 4434
-6014 992 4478 1721 -4990 4872
-5340 628 3838 4097 -5905 5305
-4435 99 3091 5449 -6141 5535
-3920 -440 2231 6924 -6510 5900
-470 -865 1631 6833 -6221 6030
-3108 -1434 -971 7309 -6957 6032
-2517 -2521 -1247 8377 -7256 6382
-2293 -2502 -1877 8835 -6533 6425
-2150 -2432 -1974 9024 -5069 6288
-2248 -2131 -1961 8828 -4457 6087
-2178 -1966 -1987 8276 -4385 5697
-1816 -1748 -1816 7770 -4651 5462
-1759 -1559 -1719 6892 -4968 5046
-1536 -1262 -1949 6185 -5038 4560
-1320 -1043 -2377 5925 -4698 4266
-1300 -936 -2483 5749 -3629 3914
-1432 -582 -2461 5622 -2289 3605
-1658 -288 -2097 5441 -1585 3431
-1863 -228 -1669 4870 -965 3226
-1893 -298 -1226 4010 -746 3102
-1747 -90 -942 3397 -576 3034
-1645 40 -855 2540 -133 2857
-1914 -81 -1005 2089 172 2627
-2279 -195 -1114 1667 854 1987
-2530 -517 -1251 1534 1294 1503
-2614 -841 -1411 1497 1280 895
-2697 -1150 -1426 1513 884 548
-2813 -1339 -1405 1529 166 77
-2724 -1521 -1256 1493 -267 -224
-2527 -1476 -1270 1404 -855 -552
-1995 -1346 -1406 1349 -1483 -736
-1572 -1050 -1416 1301 -1909 -849
-1412 -855 -1379 1139 -2482 -1154
-1317 -732 -1112 912 -2768 -1489
-1826 -872 -796 -2979 -748 -6116
-1485 -923 -717 -2956 -618 -5817
-1394 -885 -636 -2977 -563 -5255
-1414 -894 -505 -3096 -516 -4768
-2056 -1162 -252 -3291 -349 -4577
-2340 -1132 -205 -3628 184 -4536
-2185 -1079 -393 -3809 386 -4477
-2068 -1025 -450 -4015 298 -4221
-1867 -779 -654 -4143 -153 -3846
-1579 -668 -567 -4253 -537 -3549
-1485 -678 -519 -4495 -819 -3130
-1417 -607 -612 -4709 -721 -2841
-1758 -723 -870 -4763 -433 -2807
-1806 -672 -969 -4692 326 -2902
-1914 -535 -1015 -4511 897 -3016
-1974 -317 -994 -4386 964 -3044
-2000 -43 -930 -4271 626 -2989
-1923 376 -849 -4259 217 -2888
-1876 645 -715 -4373 -350 -2612
-2002 632 -869 -4535 -766 -2310
-2116 584 -1039 -4592 -806 -2143
-2252 525 -1225 -4545 -356 -1954
-2843 403 -1552 -4395 58 -1923
-3227 364 -1677 -4095 206 -1904
-4522 -31 -1815 -3903 65 -1981
-5061 -360 -1714 -3736 -162 -2052
-5391 -727 -1846 -3660 -205 -1613
-5239 -940 -1770 -3680 -91 -946
-5337 -874 -1724 -3807 56 404
-5726 -857 -1247 -4184 36 1661
-6515 -1188 -696 -4575 112 2237
-6798 -1454 -480 -5085 362 2731
-7225 -1943 -268 -5199 334 2928
-7486 -2359 79 -4939 -95 3048
-7990 -3137 786 -4573 -664 3061
-8050 -3842 1345 -3802 -1483 3147
-7598 -4581 2462 -2904 -1776 3579
-7331 -5280 3509 -2236 -1658 4022
-7401 -5838 3911 -925 -1337 4668
-7669 -6699 4126 188 -1293 4972
-7558 -6974 4132 2025 -1797 5303
-7263 -7097 3992 3662 -2525 5548
-6968 -7186 3650 4534 -3005 5716
-6453 -7277 2745 5569 -3454 6025
-6074 -7248 2063 6111 -3589 6321
-4922 -6654 -4287 5103 -2291 6145
-5082 -6651 208 5869 -4855 6943
-4910 -6469 81 6575 -5267 7834
-4924 -6241 -584 6687 -5652 7933
-4823 -5659 -456 6288 -5083 7713
-4619 -5273 -852 5433 -4417 7256
-4282 -4728 -1357 4901 -4090 6953
-4120 -4378 -1772 4339 -3946 6518
-3973 -4001 -2316 4113 -4208 6066
-3951 -3848 -2536 4059 -4336 5729
-3611 -3565 -2770 4001 -4449 5267
-3119 -3296 -2710 3881 -4557 5008
-2729 -3145 -2658 210 -2114 2174
-49 -1657 -2286 100 -1231 1546
-135 -1603 -2240 88 -599 1075
-558 -1489 -2156 171 247 235
-1033 -1149 -2034 282 585 -394
-1359 -885 -1846 413 779 -1407
-2023 -505 -1729 457 741 -2144
-2564 -320 -1630 366 328 -3299
-3297 104 -1462 161 -202 -4095
-3848 356 -1293 -392 -968 -5302
-4411 595 -1022 -897 -1436 -6058
-4636 795 -829 -1782 -2130 -6953
-4666 1180 -788 -2493 -2382 -7438
-4392 1360 -772 -2748 -2138 -7485
-4044 1502 -839 -2641 -1360 -7095
-3223 1489 -1187 -2252 -922 -6475
-2861 1327 -1468 -1293 -566 -5256
-2803 1233 -1677 -572 -402 -4544
-2817 1257 -1518 256 -137 -3853
-2973 1375 -782 404 -68 -3634
-2946 1451 -207 -128 -284 -3498
-2651 1507 261 -857 -664 -3447
-2295 1501 302 -2113 -1490 -3302
-1641 1354 110 -2841 -2007 -3080
-1223 1151 -188 -3530 -2437 -2561
-634 848 -597 -3679 -2458 -2145
-388 709 -762 -3563 -2130 -1575
-144 460 -759 -3291 -1556 -1170
-236 283 -635 -3142 -1089 -1056
-478 100 -408 -3024 -310 -1165
-708 -1 -297 -2992 132 -1385
-846 -107 -282 -2943 601 -1853
-886 -122 -242 -2888 765 -2201
-866 -123 -225 -2753 781 -2661
-767 -164 -150 -2591 568 -2965
-724 -255 -88 -2511 329 -3078
-699 -378 77 -2497 -97 -3140
-692 -612 121 -2545 -320 -3124
-700 -852 121 -2653 -349 -3020
-823 -1257 106 -2758 -76 -2875
-1009 -1627 119 -2812 186 -2782
-1063 -1799 165 -2916 480 -2586
-1234 -2299 88 -3001 407 -2417
-1417 -2648 43 -3192 47 -2192
-1740 -2916 53 -3381 -111 -2127
-2062 -3060 52 -3782 -84 -2257
-2432 -3391 -131 -4233 87 -2592
-2866 -3650 -367 -4516 244 -2884
-3165 -3658 -646 -4777 510 -3365
-3508 -3543 -1151 -4797 447 -3614
-3695 -3371 -1292 -4744 19 -3797
-4037 -2820 -1247 -4854 -570 -3756
-3925 -2296 -1296 -5040 -879 -3500
-3782 -1847 -1337 -5391 -744 -2752
-3780 -1078 -1426 -5594 -447 -2096
-3994 -629 -1231 -5940 29 -1028
-4670 -89 -796 -6371 356 -97
-5553 270 -357 -6622 465 367
-6122 551 -17 -6811 186 849
-6800 808 775 -6787 -179 1098
-7332 962 1602 -6580 -675 1336
-8156 947 3069 -6325 -1020 1401
-8507 807 3954 -5531 -1314 1477
-8682 474 5362 -3981 -1162 1787
-8440 -215 6163 -2423 -1322 2310
-8326 -710 6708 428 -2057 3609
-8195 -1382 7203 2328 -2841 4645
-7948 -1886 6987 4835 -4410 6111
-7008 -2699 5683 6279 -5436 6888
-6271 -3222 4572 8088 -6666 7679
-5938 -3139 836 7967 -7808 7284
-3318 -5110 -86 9237 -6974 7680
-3775 -4690 200 10459 -5441 8192
-4568 -4781 -274 10469 -5354 8118
-4682 -4790 -605 9798 -5733 7602
-4273 -4572 -1506 8953 -5606 6931
-3406 -4226 -2560 8499 -5259 6634
-2934 -3767 -3017 7974 -4421 6408
-2670 -3445 -3383 7626 -3712 6318
-2529 -3117 -3263 6885 -2658 6224
-2402 -2892 -3149 5893 -1876 6109
-2593 -2832 -3135 5222 -1525 5905
-2521 -2856 -3046 4229 -1166 5455
-2264 -2756 -2839 3269 -880 4926
-1837 -2536 -2711 2467 -764 4420
-1299 -2327 -2704 1856 -650 4002
-846 -2235 -2911 1565 -570 3729
-552 -2221 -2951 1221 -596 3244
-314 -2255 -2874 875 -816 2574
-274 -2253 -2724 617 -1092 1991
-236 -2246 -2707 249 -1574 957
19 -2089 -2657 -41 -1842 -106
364 -1644 -2453 -192 -1848 -751
483 -1354 -2318 -355 -1749 -1569
440 -1089 -1910 -480 -1462 -2208
111 -857 -1369 -597 -1242 -2550
-514 -766 -1130 -740 -936 -3125
-1559 -721 -871 -764 -792 -3599
-2329 -741 -711 -733 -880 -4401
-3708 -762 -461 -716 -1132 -5027
-4403 -658 -112 -841 -1325 -6001
-5238 -752 175 -1105 -1063 -6823
-5558 -758 426 -1298 -749 -7143
-5579 -686 495 -1543 -491 -7142
-5444 -748 431 -1730 -848 -6563
-5200 -815 284 -1829 -1252 -5961
-4895 -833 201 -1947 -1598 -5031
-4159 -658 146 -2031 -1602 -4464
-3471 -525 76 -2182 -1410 -3702
-2639 -310 -1 -2311 -1193 -3266
-2218 -175 -123 -2513 -871 -2787
