0 0 0 0 0 0
-424 -2384 -2589 597 -2848 3309
-306 -2184 -2386 520 -2614 2966
-236 -2073 -2231 426 -2220 2366
-45 -1971 -2009 362 -1999 1973
-63 -1902 -1831 244 -1621 1370
-318 -1781 -1563 95 -1085 667
-692 -1613 -1387 26 -741 153
-842 -1371 -1292 9 -339 -612
-1358 -1035 -1272 99 -155 -1470
-2161 -723 -1181 173 -104 -2163
-2655 -454 -985 160 -212 -3269
-3590 -27 -823 34 -409 -4060
-4088 302 -814 -265 -829 -5268
-4628 722 -646 -690 -1174 -6250
-5530 1071 -352 -1024 -1313 -6761
-5709 1193 -428 -1442 -1440 -7154
-5345 1261 -735 -1543 -1565 -6838
-4908 1522 -978 -1462 -1630 -6366
-4408 1614 -947 -1310 -1748 -5311
-3845 1723 -817 -1316 -1817 -4539
-3450 1788 -948 -1428 -1527 -3547
-3080 1779 -987 -1623 -853 -2960
-3024 1589 -842 -1824 -367 -2847
-2802 1511 -741 -2143 229 -2872
-2262 1256 -637 -2406 423 -2804
-1852 1060 -615 -2507 372 -2626
-1329 903 -625 -2530 252 -2364
-957 763 -656 -2426 -61 -1788
-660 651 -636 -2308 -251 -1460
-589 670 -359 -2326 -322 -1364
-516 664 -266 -2463 -436 -1399
-352 547 -220 -2683 -641 -1557
-226 385 -175 -2854 -784 -1701
-128 283 -217 -3084 -881 -1962
-47 123 -346 -3187 -886 -2158
41 -68 -436 -3232 -789 -2438
44 -352 -442 -3198 -475 -2729
-117 -665 -420 -3120 -60 -3082
-347 -1075 -436 -3061 100 -3329
-640 -1597 -109 -3074 160 -3674
-723 -1847 120 -3250 233 -3958
-857 -2236 230 -3472 355 -4084
-967 -2726 225 -3591 410 -4047
-976 -3059 196 -3747 339 -3746
-1464 -3823 12 -3853 159 -3476
-1955 -4256 -103 -4051 3 -3253
-2478 -4593 -167 -4315 4 -3254
-3019 -4849 -408 -4499 85 -3393
-3281 -4936 -476 -4822 293 -3729
-3929 -4937 -665 -5029 388 -4039
-4402 -4626 -704 -5314 383 -4494
-4649 -4382 -644 -5624 15 -4701
-4628 -3920 -586 -5843 -509 -4549
-4502 -3567 -518 -6170 -1182 -3851
-3953 -2959 -238 -6449 -847 -2636
-4163 -2342 75 -6563 -174 -1784
-4936 -1595 637 -6575 879 -760
-5714 -1242 993 -6370 1338 -142
-6908 -546 1686 -5857 679 243
-8028 259 2667 -5031 -528 534
-8768 1116 4226 -4426 -1167 712
-8937 1670 5533 -3612 -1457 1155
-8936 2311 7233 -2809 -1885 2092
-8600 2253 7808 -2044 -2896 3051
-7815 1825 7110 -3 -5055 4691
-6251 1204 5792 1905 -6145 5660
-5333 658 4860 4796 -6846 6621
-4333 -141 3585 6917 -7242 7147
-3541 -1458 1691 7889 -7537 7381
-3149 -1352 652 8049 -7177 7207
-2443 -2854 -1457 8968 -6907 7405
-2893 -2835 -1978 9918 -5620 7363
-3237 -2966 -2116 10145 -4471 6642
-3590 -2633 -2388 10019 -4096 5971
-3681 -2206 -2377 9527 -4307 4970
-3560 -1669 -2208 8708 -5225 4155
-3110 -1473 -2209 7772 -5980 3519
-2142 -1346 -2161 7181 -5733 3311
-1870 -1193 -2190 6510 -4167 3291
-1467 -1188 -2379 6235 -2894 3431
-1366 -1185 -2363 5937 -1193 3827
-1414 -1156 -2181 5523 -24 4205
-1516 -1239 -1905 5112 465 4370
-1431 -1316 -1628 4225 849 4489
-1312 -1436 -1222 3084 1029 4417
-1174 -1456 -1097 2323 1133 4249
-1028 -1346 -1208 1395 1296 3861
-906 -1129 -1549 1035 1386 3528
-822 -939 -1752 834 1480 2889
-853 -679 -1915 856 1417 2013
-959 -734 -1895 850 1302 1292
-1181 -968 -1746 770 1141 511
-1405 -1175 -1749 582 772 -679
-1677 -1368 -1758 431 293 -1771
-1563 -1225 -1728 390 -166 -2319
-1502 -1045 -1738 441 -1049 -2898
-1364 -803 -1688 501 -1719 -3161
-1427 -570 -1401 492 -2489 -3517
-1448 -388 -1198 230 -2879 -3947
-1772 -230 -917 -96 -2994 -4314
-1999 -283 -794 -708 -2851 -4976
-2304 -509 -625 -1150 -2507 -5391
-2817 -810 -412 -1798 -1751 -5971
-2926 -886 -427 -2240 -939 -6382
-2777 -1165 -577 -2391 -583 -6401
-2633 -1276 -661 -2377 -605 -6242
-2646 -1317 -671 -2283 -641 -5884
-2759 -1415 -588 -2151 -367 -5577
-2739 -1380 -528 -2063 -90 -5399
-2621 -1299 -433 -1988 222 -5118
-2382 -1066 -378 -1992 189 -4762
-2270 -894 -289 -2075 -70 -4518
-2288 -874 -226 -2324 -518 -4215
-1995 -774 -258 -2645 -815 -3908
-1783 -671 -305 -2872 -959 -3693
-1717 -642 -398 -3165 -984 -3449
-1483 -563 -683 -3291 -906 -3307
-1488 -604 -784 -3399 -769 -3127
-1496 -551 -825 -3480 -474 -3031
-2703 -150 -1237 -4133 972 -2005
-3044 -190 -1430 -3957 1499 -2292
-3749 -161 -1912 -3616 962 -2468
-4515 -201 -2161 -3362 154 -2494
-5398 -566 -2359 -3081 -1182 -2546
-5486 -1021 -2504 -2992 -1662 -2269
-5130 -842 -2526 -3051 -1156 -1731
-4835 -630 -2424 -3309 -333 -384
-5071 -661 -1888 -3973 -97 1172
-5854 -866 -1264 -4619 122 1926
-6459 -1262 -1244 -5441 449 2513
-7428 -2128 -1008 -5781 700 2588
-7639 -2472 -718 -5693 406 2602
-7349 -2922 31 -5200 -864 2883
-6662 -3436 1037 -4744 -1583 3241
-6321 -3771 1842 -3944 -1802 3722
-6075 -4110 2980 -3358 -1422 3910
-6037 -4729 3615 -2178 -1031 4000
-6517 -5308 3981 -613 -1260 3838
-7434 -6219 4374 553 -1842 3547
-7674 -6700 4452 2317 -3058 3138
-7381 -7554 4017 4048 -3721 3300
-6736 -7937 3315 5610 -3745 4282
-6423 -8143 2748 6408 -3617 5220
-6338 -8098 2449 7069 -3519 6532
-5438 -7776 -2426 6022 -3426 6778
-5525 -7587 916 6587 -3724 7543
-5253 -7550 -543 7231 -4042 8067
-5018 -6890 -215 7091 -3968 7949
-4707 -6393 -740 6326 -3737 7509
-4296 -5925 -1328 5481 -3508 7077
-4017 -5428 -2068 5020 -3448 6835
-3786 -5193 -2443 4555 -3523 6592
-3234 -4668 -2855 4312 -3857 6490
-2725 -4196 -3201 4240 -4181 6414
-2426 -3920 -3255 4078 -4427 6188
-1956 -3515 -3187 3685 -4295 5796
-1429 -3121 -3114 3266 -4070 5476
-1119 -2800 -3073 2505 -3652 4993
-546 -2584 -3156 1768 -3273 4580
-110 -2387 -3116 1157 -2824 4207
86 -2436 -3049 824 -2515 3921
113 -2464 -2868 382 -2020 3343
-54 -2524 -2673 142 -1653 2842
-121 -2461 -2624 -42 -1154 1966
-262 -2253 -2523 -50 -827 1011
-526 -1980 -2435 5 -691 334
-857 -1785 -2430 151 -547 -767
-1691 -1381 -2277 255 -455 -1630
-2221 -1064 -2096 312 -575 -3060
-2750 -492 -1710 151 -1510 -4398
-3014 120 -1287 -115 -2305 -5126
-3078 445 -1103 -658 -2881 -5877
-3139 639 -945 -982 -2472 -6117
-3460 323 -732 -1247 -863 -6112
-3744 182 -557 -1264 722 -5801
-4353 134 -451 -1081 1211 -5362
-4983 321 -1033 -776 673 -5155
-4993 570 -1245 -180 -567 -4945
-4292 875 -1129 116 -1178 -4772
-3549 1136 -740 153 -1680 -4325
-2649 1490 -280 -107 -1892 -3946
-1986 1533 -1248 -497 -2172 -3382
-1523 1534 -1686 -569 -2184 -2927
-990 1662 -1370 -721 -1850 -2686
-747 1674 -1053 -1222 -1266 -2413
-672 1624 -626 -1974 -1073 -2292
-678 1366 -405 -2504 -1105 -2297
-611 1085 -380 -3134 -1120 -2313
-522 690 -512 -3347 -947 -2324
-541 418 -624 -3356 -562 -2370
-656 45 -604 -3188 -285 -2497
-838 -209 -458 -3021 -266 -2720
-987 -382 -318 -2917 -519 -3002
-973 -496 -207 -2888 -756 -3179
-826 -590 -82 -2944 -1115 -3323
-653 -655 8 -3082 -1395 -3327
-545 -826 -75 -3197 -1481 -3240
-428 -1150 -65 -3259 -1319 -3137
-388 -1337 -46 -3351 -874 -2910
-576 -1696 -95 -3411 -413 -2715
-811 -1947 -55 -3454 -135 -2639
-1080 -2151 -28 -3539 213 -2652
-1581 -2588 -69 -3651 251 -2800
-1955 -2918 -37 -3824 69 -2998
-2085 -2997 -47 -3956 -93 -3125
-2293 -3018 -113 -4126 -280 -3331
-2432 -3178 -173 -4233 -260 -3452
-2698 -3361 -218 -4354 43 -3631
-2905 -3412 -279 -4385 483 -3747
-3187 -3370 -343 -4368 609 -3734
-3597 -3389 -323 -4359 371 -3628
-3939 -3122 -498 -4318 -306 -3416
-4058 -2804 -679 -4255 -761 -3184
-3989 -2548 -808 -4145 -1119 -2643
-3648 -1982 -1043 -4020 -680 -1912
-3777 -1319 -828 -4129 164 -1217
-4501 -614 -637 -4359 499 -903
-5084 -332 -695 -4811 421 -623
-5508 13 -652 -5254 201 -305
-5889 244 -661 -5464 364 94
-6647 576 -416 -5423 401 326
-7127 871 7 -5213 -284 633
-7532 1484 1094 -4904 -1223 1007
-7443 1738 2348 -4621 -1625 1422
-7594 1776 3196 -3951 -1775 2244
-8154 1519 4435 -2787 -1745 3088
-8854 800 5301 -1709 -2066 3665
-9073 192 5727 288 -3217 4612
-8709 -962 5550 2591 -4015 5604
-7977 -2150 4817 4063 -4250 6256
-7381 -2792 4153 5899 -4343 7165
-5891 -3757 2599 7098 -4541 8030
-4924 -3487 353 5984 -5950 7934
-3512 -5131 -972 7566 -4606 9065
-3677 -4840 -1005 8513 -4049 10039
-4474 -5148 -933 8397 -4381 10030
-4356 -5185 -1347 7864 -5454 9532
-3992 -5242 -2332 7547 -5918 8675
-3571 -4793 -2715 7143 -5464 7731
-3024 -4811 -3040 6821 -5061 7201
-2623 -4609 -3209 6257 -4431 6640
-2150 -4236 -3335 5844 -3586 6376
-1885 -3965 -3022 4969 -2057 6108
-1492 -3610 -2543 3770 -1053 5934
-939 -3319 -2438 2944 -544 5850
-722 -3036 -2727 1974 20 5588
-458 -2701 -3075 1520 131 5252
-327 -2510 -3138 974 31 4463
-318 -2362 -3209 650 -42 3728
-263 -2394 -3304 277 -189 2439
-53 -2434 -3407 149 -449 1168
199 -2168 -3303 198 -637 412
394 -1995 -3093 358 -910 -515
632 -1525 -2725 465 -1113 -1020
667 -1253 -2545 597 -1555 -1670
623 -876 -2079 604 -1997 -2290
399 -506 -1501 485 -2241 -2715
167 -442 -1209 145 -2492 -3392
-381 -471 -1190 -66 -2606 -3870
-929 -607 -1301 -239 -2665 -4665
-1765 -778 -1192 -375 -2369 -5556
-2987 -903 -865 -509 -2098 -6196
-3720 -1136 -608 -878 -1900 -7112
-4457 -1278 -184 -1376 -1653 -7727
-5018 -1439 -244 -1617 -1453 -7895
-4782 -1637 -433 -1694 -1569 -7538
-4342 -1359 -476 -1579 -1775 -6566
-3818 -1148 -284 -1491 -1708 -5781
-3534 -1157 -166 -1479 -1341 -4685
-3249 -913 100 -1584 -991 -4150
-3081 -733 152 -1868 -476 -3676
-2807 -566 37 -2147 -138 -3481
-2401 -433 -124 -2288 58 -3418
-2184 -371 -198 -2448 216 -3348
-2010 -353 -281 -2523 238 -3325
-1939 -413 -257 -2641 237 -3331
-1823 -441 -237 -2800 195 -3349
-1793 -486 -395 -2877 106 -3366
-1690 -503 -486 -2958 -53 -3361
-1734 -571 -525 -3022 -93 -3343
-1572 -415 -659 -3053 -79 -3306
-1554 -383 -705 -3084 -16 -3210
-1549 -204 -571 -3203 193 -3101
-1551 -4 -496 -3327 283 -3009
-1524 127 -502 -3516 277 -2818
-1532 202 -530 -3670 335 -2609
-1819 234 -676 -3729 438 -2527
-2170 345 -803 -3710 394 -2637
-2318 421 -995 -3642 177 -2751
-2510 545 -1082 -3569 -267 -2947
-2532 715 -1321 -3536 -629 -3042
-2408 731 -1475 -3526 -1193 -2994
-2800 560 -1905 -3501 -1492 -2854
-3545 95 -2163 -3461 -1413 -2813
-3555 148 -2099 -3469 -807 -2483
-3884 177 -2131 -3528 -440 -2045
-4099 186 -2135 -3665 -259 -1130
-4427 225 -1983 -3994 -395 24
-4758 -129 -1832 -4369 -481 830
-5030 -381 -1807 -4973 -296 1850
-5387 -870 -1492 -5523 516 2462
-6439 -1596 -1466 -5706 938 2551
-7069 -2134 -1261 -5591 963 2304
-7557 -2641 -641 -5087 160 2010
-7396 -2782 -35 -4610 -608 2011
-6675 -3212 1137 -3852 -1576 2464
-6307 -3846 2306 -3341 -1896 2902
-6442 -4484 3055 -2483 -1726 3430
-7326 -5612 3849 -1783 -1374 3558
-7882 -6314 4104 -414 -1466 3550
-8450 -7335 4351 1229 -2166 3603
-8237 -7930 4118 2389 -2824 3862
-7598 -8134 3815 3983 -3544 4750
-6940 -8259 3165 5192 -3720 5951
-6500 -8252 2358 5737 -3585 6702
-6302 -8125 1753 6193 -3261 7504
-5602 -7661 -2015 5269 -3133 7464
-4964 -7325 -737 6066 -3207 8095
-5202 -6981 -1402 6807 -3850 8372
-5216 -6513 -1137 6608 -4171 7793
-4942 -6103 -1607 5952 -4658 6954
-4235 -5618 -2301 5576 -5015 6494
-3789 -5293 -2656 5212 -5617 6109
-3269 -4723 -2952 4954 -6435 5898
-2593 -4194 -3261 4758 -6742 5705
-2050 -3728 -3150 4590 -6182 5558
-1747 -3389 -3001 4183 -4784 5356
-1368 -2887 -2719 3571 -3596 5268
-1110 -2586 -2532 3104 -3148 5256
-991 -2470 -2449 2398 -3073 5196
-921 -2450 -2510 1808 -3173 4910
-829 -2505 -2583 1504 -3088 4573
-704 -2584 -2588 1111 -2803 3914
-499 -2524 -2334 694 -2489 3124
-193 -2385 -2200 372 -2281 2292
141 -2294 -2063 232 -2174 1741
328 -2171 -2024 131 -1884 870
460 -1958 -1872 91 -1597 229
211 -1818 -1836 34 -943 -937
-321 -1676 -1763 19 -478 -1873
-692 -1524 -1702 50 8 -3381
-1373 -1276 -1657 127 106 -4398
-2107 -1171 -1608 262 -159 -5880
-3083 -1088 -1542 201 -1059 -7128
-4431 -1029 -1211 -111 -1624 -7830
-5307 -1119 -915 -917 -1681 -8573
-6442 -1076 -1121 -1522 -703 -8785
-6860 -723 -1537 -1475 172 -8531
-6667 -394 -1616 -963 664 -7274
-6295 43 -1545 -411 25 -5364
-5786 492 -856 -281 -357 -4186
-5303 715 -453 -571 -634 -2878
-4536 1015 -86 -973 -785 -2343
-4015 1114 3 -1661 -1111 -1917
-3154 1069 -172 -2175 -1483 -1707
-2310 895 -702 -2279 -1686 -1613
-1853 861 -780 -2221 -1837 -1545
-1266 900 -642 -2185 -1835 -1578
-838 909 -500 -2223 -1892 -1656
-610 930 -378 -2409 -2088 -1829
-289 823 -290 -2591 -2165 -1964
-134 638 -257 -2872 -1900 -2179
-25 295 -284 -3061 -1233 -2394
-121 -62 -402 -3087 -788 -2539
-207 -230 -425 -2984 -284 -2758
-307 -367 -359 -2840 -63 -2932
-429 -404 -238 -2755 -174 -3068
-475 -525 -33 -2770 -377 -3130
-530 -570 68 -2931 -659 -3215
-476 -797 11 -3136 -769 -3225
-464 -1113 -42 -3251 -631 -3182
-456 -1236 -64 -3372 -266 -3063
-699 -1604 -74 -3476 -69 -2973
-1016 -1893 19 -3562 -19 -2970
-1308 -2193 60 -3747 -29 -3058
-1725 -2705 220 -3920 -50 -3161
-1900 -2894 231 -4237 -177 -3281
-2016 -3065 144 -4506 -328 -3314
-2107 -3336 -28 -4621 -250 -3289
-2363 -3495 -161 -4674 116 -3273
-2995 -3677 -378 -4639 410 -3337
-3303 -3612 -542 -4513 501 -3428
-3827 -3372 -756 -4390 -5 -3426
-3956 -2956 -1077 -4321 -465 -3316
-3839 -2687 -1262 -4261 -927 -2908
-3781 -1987 -1391 -4310 -862 -2343
-3773 -1192 -1143 -4535 -605 -1913
-3936 -682 -1119 -5118 -81 -1233
-4432 -126 -990 -5598 195 -830
-5303 139 -990 -6233 168 -425
-6258 283 -1032 -6441 -204 -354
-6710 374 -807 -6142 -428 -410
-7075 734 94 -5641 -572 -249
-7747 930 1372 -5287 -675 28
-8414 821 2440 -4720 -1141 650
-9109 495 3602 -3771 -1869 1558
-9235 -30 4548 -2848 -2074 2336
-9424 -995 5497 -967 -1847 3619
-9432 -1950 6235 475 -2058 4561
-9316 -2528 6035 2820 -3244 5951
-8305 -3441 5091 4434 -4386 6755
-7254 -3950 4274 6551 -5347 7614
-5900 -4272 2753 7644 -5525 7944
-4415 -4004 1029 7499 -6889 7511
-4369 -4995 -1022 8518 -6452 7753
-3206 -5143 -1901 9997 -7725 8848
-3486 -4928 -1249 9950 -7698 9170
-3142 -5064 -861 9108 -6610 9130
-2941 -4523 -848 7354 -4079 9009
-2349 -4577 -1836 6430 -2698 9179
-2308 -4444 -2886 5923 -1759 9535
-2627 -4324 -3628 5989 -1576 9312
-3042 -4207 -3588 5914 -1235 8632
1093 -2475 -3140 -152 -1286 1402
1456 -2135 -3126 -331 -1294 868
1630 -1835 -3097 -301 -1428 89
1680 -1276 -2963 -152 -1678 -489
1685 -973 -2731 65 -2142 -1513
1545 -571 -2331 64 -2395 -2728
1080 -439 -1934 -72 -2345 -3658
626 -549 -1720 -428 -2076 -5111
-393 -827 -1537 -814 -1805 -6471
-1635 -1242 -1646 -994 -1750 -7242
-2589 -1627 -1529 -1162 -1558 -8198
-3977 -2166 -1111 -1283 -1230 -8681
-4533 -2483 -933 -1461 -793 -8904
-4925 -2586 -759 -1513 -238 -8430
-5112 -2641 -506 -1470 160 -7764
-5575 -2588 -312 -1411 241 -6678
-6161 -2371 16 -1448 -144 -6131
-5951 -2130 169 -1607 -860 -5514
-5018 -1693 159 -1688 -1112 -4923
-4235 -1411 112 -1663 -978 -4484
-3228 -1098 24 -1551 -592 -3814
-2616 -789 191 -1527 -274 -3429
-2259 -552 322 -1635 97 -3042
-2081 -415 358 -1872 175 -2858
-1788 -315 210 -2094 124 -2796
-1556 -363 -60 -2192 57 -2810
-1427 -382 -184 -2229 14 -2881
-1440 -527 -336 -2238 26 -2961
-1436 -637 -358 -2246 140 -3097
-1347 -487 -454 -2254 307 -3177
-1261 -336 -495 -2262 265 -3180
-1241 -251 -517 -2344 102 -3139
-1356 -104 -528 -2515 -37 -3101
-1482 -156 -534 -2762 -120 -3074
-1614 -49 -537 -2932 -10 -3078
-1754 -61 -533 -3152 244 -3071
-2007 -127 -419 -3373 364 -2988
-2225 -157 -347 -3578 337 -2869
-2340 -245 -355 -3670 217 -2748
-2413 -303 -445 -3665 -75 -2534
-2593 -402 -526 -3526 -390 -2436
-2782 -582 -748 -3382 -626 -2431
-3057 -734 -827 -3132 -741 -2568
-2996 -698 -923 -2888 -811 -2611
-2979 -607 -983 -2731 -940 -2530
-3022 -499 -1035 -2500 -1126 -2277
-3216 -568 -1141 -2306 -1215 -1920
-3228 -612 -1235 -2242 -1019 -1600
-3460 -707 -1437 -2137 -617 -1035
-3482 -831 -1478 -2117 -344 -351
-3898 -840 -1567 -2191 -209 221
-4712 -1167 -2072 -2207 -236 400
-5483 -1386 -2497 -2207 -440 498
-5907 -1672 -2673 -2242 -499 570
-5771 -1549 -2546 -2486 -155 1134
-5663 -1437 -2076 -2829 -278 1835
-5602 -1399 -1531 -3637 -996 3045
-5449 -1420 -568 -4572 -1223 4007
-5201 -1829 181 -5052 -992 4453
-5233 -2102 642 -5228 -499 4691
-5744 -2997 1488 -4916 -429 4570
-6528 -3906 2034 -3808 -856 3931
-7688 -5499 2802 -1972 -1622 2977
-8345 -6749 3124 -426 -2241 2399
-8608 -8210 3438 2089 -3150 2094
-7619 -8848 3607 3655 -3422 2582
-6893 -8803 3698 5411 -3671 4401
-6462 -8803 3443 6387 -3486 6543
-6677 -8976 2354 6838 -3430 7648
-6630 -8900 1654 7373 -4116 8723
-4162 -8158 -1210 6237 -3008 8534
-5741 -8193 151 6701 -5432 8957
-5341 -8054 -696 6849 -5212 9198
-4799 -7650 -1222 6575 -4571 8988
-4640 -7029 -1507 6055 -3874 8685
-4684 -6765 -2052 5350 -3715 8031
-4434 -6202 -2696 5020 -4086 7280
-3633 -5618 -3222 4975 -4383 6894
-2910 -5000 -3408 4992 -4643 6521
-2552 -4684 -3394 4820 -4368 6203
-2297 -4039 -3234 4508 -3988 5943
-2096 -3683 -3123 3828 -3573 5506
-1689 -3316 -2914 2948 -3658 5076
-1211 -3088 -2860 2348 -3918 4783
-835 -3012 -2958 1595 -4309 4329
-325 -2983 -2963 1191 -4289 3999
64 -3013 -2870 679 -3847 3487
447 -2872 -2623 363 -3345 3109
688 -2726 -2452 -24 -2577 2470
722 -2535 -2386 -257 -2016 1659
497 -2457 -2274 -328 -1666 990
110 -2369 -2224 -333 -938 -318
-640 -2184 -2120 -190 -179 -1878
-1474 -1953 -1944 -10 103 -2957
-1990 -1692 -1746 249 -119 -4418
-2715 -1307 -1388 311 -1358 -5599
-3433 -1037 -1109 165 -2303 -6240
-3902 -998 -1131 -307 -3096 -6980
-4734 -879 -990 -923 -2572 -7477
-5410 -472 -1122 -1200 -1618 -7671
-5677 -186 -1249 -1087 414 -7607
-5895 391 -1852 -335 1210 -6919
-5685 549 -2044 175 484 -6072
-5540 748 -1986 583 -1073 -4754
-4950 1190 -1202 282 -1961 -3807
-4069 1511 -476 -296 -2144 -3343
-3444 1612 -168 -1441 -2188 -2738
-2623 1536 80 -2220 -2214 -2325
-2095 1392 61 -3137 -2268 -1677
-1392 1112 -136 -3487 -2273 -1252
-1028 877 -342 -3580 -2105 -737
-669 520 -614 -3270 -1703 -493
-606 277 -801 -2760 -1180 -597
-816 68 -842 -2421 -892 -875
-967 -27 -777 -2061 -643 -1561
-1038 -26 -475 -2021 -559 -2398
-1021 12 -132 -2203 -498 -2969
-920 -16 -50 -2608 -400 -3687
-720 17 -30 -2863 -366 -4009
-561 24 -71 -3099 -247 -4211
-447 -183 -199 -3125 -147 -4181
-368 -341 -217 -3017 -54 -3926
-407 -536 -199 -2822 -18 -3528
-670 -665 -109 -2625 1 -3174
-934 -812 22 -2532 -2 -2984
-1123 -1038 65 -2518 -78 -2770
-1474 -1462 147 -2590 -82 -2703
-1601 -1625 120 -2747 -43 -2667
-1720 -2019 12 -2870 -192 -2628
-1781 -2323 41 -3147 -635 -2507
-2046 -2622 14 -3386 -908 -2453
-2070 -2881 29 -3815 -1134 -2399
-2156 -3199 70 -4320 -1127 -2380
-2167 -3289 57 -5186 -652 -1981
-3784 -400 -894 -5851 -54 -1141
-4229 -192 -747 -6242 386 -488
-4824 -33 -550 -6758 662 346
-5961 112 -105 -7088 338 706
-6934 118 453 -7091 -5 664
-7367 161 953 -6641 -538 436
-7716 141 2019 -6054 -993 380
-7823 0 2889 -4818 -1913 644
-7784 -137 4505 -3767 -2304 1077
-7733 -451 5542 -1922 -2168 2167
-8026 -1020 6440 -467 -2155 3098
-8190 -1509 6525 1988 -2921 4532
-8384 -2315 6144 4414 -4228 5575
-7912 -2823 5437 5795 -4913 6032
-6662 -3503 4234 7360 -5080 6620
-5633 -3875 3153 8121 -5076 7122
-4707 -4465 1864 7996 -6453 7292
-3654 -4942 79 8088 -5576 7576
-2976 -5600 -1481 9400 -5935 8562
-3794 -4978 -1094 9814 -5903 8786
-3873 -5283 -1552 9800 -6124 8433
-3761 -4832 -1755 9472 -5964 7883
-3485 -4565 -2170 8744 -5060 6904
-2681 -4083 -2999 8125 -3978 6301
-2131 -3547 -3472 7814 -3315 6104
-1856 -3256 -3405 7226 -2351 6018
-1906 -2978 -3320 6376 -1683 5922
-2418 -2880 -3121 5290 -1407 5502
-2276 -2950 -2663 4435 -1334 5172
-2116 -2694 -2482 3154 -1216 4675
-1626 -2404 -2636 2508 -1087 4394
-1210 -2262 -2719 1932 -653 4114
-678 -2031 -2899 1694 -63 3888
-489 -1829 -2921 1601 331 3651
-400 -1708 -2696 1318 667 3077
-377 -1710 -2540 1023 572 2543
-306 -1761 -2342 509 34 1591
-263 -1782 -2263 179 -444 911
-47 -1664 -2105 -89 -918 245
224 -1468 -1935 -346 -1545 -632
180 -1388 -1808 -438 -1968 -1433
131 -1086 -1412 -468 -2124 -1968
-11 -933 -1229 -491 -2289 -2741
-380 -841 -1062 -473 -2332 -3276
-606 -707 -943 -444 -2425 -4098
-1282 -761 -802 -461 -2577 -4688
-1895 -931 -625 -608 -2586 -5684
-3080 -1339 -477 -761 -2298 -6441
-3834 -1539 -214 -1075 -1607 -7610
-4489 -1561 36 -1305 -1144 -8251
-4288 -1673 -47 -1576 -904 -8595
-4209 -1824 -206 -1677 -1374 -8117
-4042 -1646 -318 -1684 -2018 -7171
-3721 -1492 -130 -1733 -2280 -6414
-3387 -1333 -50 -1940 -2513 -5214
-2903 -1211 -32 -2144 -2620 -4461
-2663 -1147 -41 -2509 -2492 -3566
-2554 -1095 -103 -2736 -2038 -3199
-2368 -1033 -185 -2978 -890 -2919
-2188 -931 -306 -3056 -126 -2834
-2067 -865 -300 -3104 755 -2775
-1888 -766 -277 -3105 1146 -2702
-1792 -660 -197 -3114 1128 -2646
-1816 -671 -235 -3129 961 -2617
-2055 -767 -316 -3094 809 -2741
-2370 -830 -355 -3056 849 -2924
-2286 -745 -479 -2889 943 -3177
-2144 -662 -569 -2663 851 -3293
-1980 -329 -579 -2520 798 -3294
-1828 -205 -568 -3952 -1296 -2026
-2501 -777 -425 -3811 -1497 -1778
-2517 -761 -460 -3714 -1279 -1684
-2436 -744 -403 -3578 -712 -1552
-2456 -691 -376 -3503 -408 -1435
-2614 -634 -352 -3393 -303 -1252
-2799 -677 -181 -3366 -452 -1129
-2820 -668 -372 -3275 -741 -902
-2777 -769 -718 -3031 -845 -618
-3103 -990 -1236 -2784 -744 -468
-4003 -1657 -1280 -2481 -50 -509
-4484 -1856 -1461 -2284 767 -733
-4880 -1757 -1688 -2128 919 -825
-5110 -1625 -1731 -1946 499 -677
-5296 -1349 -1689 -1944 -634 -168
-5175 -1250 -1617 -2059 -1342 357
-4967 -1366 -1236 -2529 -1220 1326
-4728 -1348 -605 -3031 -440 2054
-5161 -1636 93 -3879 355 3015
-5574 -2095 463 -4546 149 3642
-5708 -7171 2232 4820 -2857 6441
-5622 -7020 1700 5454 -3751 7043
-5006 -6746 1026 5805 -4421 7379
-4219 -5855 -1549 5020 -4324 7204
-3703 -6246 -409 5838 -5559 7745
-3596 -5997 -486 6505 -4718 8187
-3818 -5842 -721 6578 -4112 8128
-4102 -5533 -614 6192 -3048 7669
-4192 -5171 -982 5621 -2857 7056
-4242 -5070 -1280 5283 -3187 6638
-4062 -4710 -1775 4872 -3984 6082
-3603 -4370 -2069 4509 -4598 5658
-3211 -4135 -2423 4290 -4665 5444
-2809 -3999 -2526 3955 -4403 5240
-2260 -3699 -2550 3673 -4019 5185
-2027 -3589 -2618 3173 -3354 5119
-1755 -3415 -2633 2803 -3050 5031
-1543 -3194 -2622 2219 -2696 4775
-1021 -3138 -2679 1855 -2493 4591
-698 -3235 -2729 1375 -2293 4302
-349 -3116 -2689 1096 -2155 4031
-291 -3083 -2678 759 -1787 3409
-729 -3062 -2776 556 -1215 2413
-1199 -2948 -2661 503 -851 1579
-1574 -2682 -2583 555 -767 230
-2198 -2350 -2416 667 -1067 -694
-2428 -2076 -2293 858 -2013 -1926
-2618 -1560 -2289 974 -2707 -2624
-2862 -1232 -2286 1036 -3245 -3607
-3210 -664 -2147 948 -3119 -4245
-3405 -364 -2139 655 -2538 -5071
-3855 68 -1954 217 -1892 -5710
-4036 360 -1758 -152 -1690 -5977
-4423 755 -1553 -752 -1991 -6188
-4592 1372 -1476 -1132 -2433 -6226
-4548 1744 -1635 -1457 -2804 -6141
-4103 1935 -1801 -1463 -2650 -5926
-3700 1718 -1749 -1252 -1962 -5324
-3079 1427 -1355 -1058 -1441 -4788
-2792 1363 -940 -883 -876 -3967
-2590 1197 -372 -935 -745 -3290
-2295 1068 52 -1100 -850 -2927
-2022 982 114 -1434 -1222 -2462
-1573 820 159 -1675 -1504 -2201
-1391 707 61 -1982 -1737 -1901
-1296 400 -261 -2085 -1770 -1802
-1187 278 -305 -2131 -1658 -1786
-1134 248 -378 -2094 -1403 -1920
-962 158 -514 -2033 -1277 -2033
-806 94 -387 -2021 -1187 -2178
-703 153 -273 -2139 -1086 -2300
-566 98 -257 -2262 -1117 -2362
-512 10 -110 -2535 -1192 -2433
-438 -36 -61 -2753 -1203 -2469
-541 -191 -112 -3026 -1166 -2547
-639 -556 -159 -3159 -1009 -2607
-637 -744 -174 -3266 -591 -2660
-712 -810 -203 -3279 -363 -2674
-747 -908 -162 -3270 -201 -2656
-841 -1219 20 -3311 -189 -2607
-1072 -1445 132 -3466 -336 -2546
-1331 -1866 296 -3637 -469 -2542
-1428 -2129 392 -3977 -607 -2544
-1641 -2450 406 -4366 -659 -2564
-2001 -2846 492 -4655 -576 -2611
-2292 -3111 501 -5077 -280 -2730
-2373 -3208 430 -5383 19 -2830
-2590 -3280 209 -5513 184 -2904
-3044 -3396 -36 -5511 234 -2970
-3269 -3508 -197 -5387 175 -3057
-3376 -3474 -342 -5203 -64 -3045
-3365 -3350 -296 -5111 -259 -2960
-3259 -3063 -150 -5072 -507 -2726
-3150 -2790 13 -5152 -693 -2364
-3274 -2587 -3 -5213 -755 -2124
-3213 -2257 -13 -5259 -547 -1718
-3037 -1858 -305 -5183 -160 -1398
-3002 -1590 -517 -4873 605 -919
-3482 -979 -641 -4469 1180 -669
-4522 -455 -411 -4341 1033 -719
-5248 -109 -323 -4376 282 -1110
-5856 307 -175 -4561 -350 -1559
-5811 940 49 -4653 -464 -1613
-5699 1342 184 -4565 -320 -1099
-7086 -3238 3862 5613 -4936 5690
-6587 -3710 3283 7138 -5861 6771
-5734 -4209 2306 8262 -6864 7843
-5340 -4244 1551 7403 -8573 7893
-4311 -5234 45 8564 -7325 8318
-3693 -5424 -811 9173 -5047 8800
-4403 -4991 -1095 8994 -4077 8763
-4486 -4926 -1411 8342 -4313 8362
-3891 -4636 -2376 7964 -4893 7965
-2960 -4336 -3318 7790 -5168 7339
-2572 -3899 -3651 7831 -4447 6655
-2205 -3371 -3801 7764 -3860 6250
-2198 -3145 -3779 7357 -3312 5705
-1877 -2925 -3368 6807 -2954 5428
-1657 -2669 -3096 5572 -2173 5202
-1353 -2505 -2808 4189 -1524 5164
-1089 -2359 -2711 3348 -1196 5179
-779 -2089 -2711 2340 -634 5124
-572 -1819 -2823 1861 -292 4961
-555 -1646 -3008 1391 68 4432
-532 -1733 -3068 1188 211 3893
-575 -1860 -2915 844 200 2839
-599 -2016 -2694 564 -2 2016
-493 -2086 -2591 155 -605 769
-299 -2031 -2355 -93 -1027 12
-318 -1977 -2187 -388 -1480 -1016
-234 -1700 -1916 -520 -1671 -1613
-135 -1502 -1801 -598 -1837 -2301
-344 -1334 -1578 -542 -1738 -2948
-530 -1241 -1535 -449 -1572 -3401
-1044 -1153 -1318 -347 -1315 -4123
-1820 -1082 -1053 -344 -1220 -4647
-2318 -1035 -857 -487 -1227 -5406
-3213 -1055 -598 -825 -1375 -6144
-4167 -1146 -450 -1127 -1514 -6622
-4825 -1226 -344 -1578 -1453 -7317
-5193 -1171 -293 -1895 -1298 -7693
-4952 -1141 -275 -2014 -1231 -7578
-4453 -1079 -210 -2073 -1072 -6910
-4039 -1121 -158 -2040 -889 -6277
-3806 -1090 -23 -2007 -456 -5314
-3591 -953 100 -2044 -9 -4575
-3425 -887 201 -2112 230 -4258
-3331 -820 257 -2264 558 -4019
-3006 -654 240 -2354 754 -3968
-2700 -565 218 -2441 931 -3898
-2303 -462 167 -2468 900 -3765
-1997 -401 87 -2457 803 -3643
-1844 -336 69 -2444 611 -3456
-1652 -209 23 -2467 444 -3345
-1425 -114 -29 -2544 130 -3190
-1286 -20 -126 -2679 -167 -3043
-1360 -15 -254 -2797 -303 -3001
-1401 -25 -356 -3008 -275 -3039
-1508 -28 -457 -3198 104 -3153
-1450 22 -591 -3281 446 -3204
-1426 171 -583 -3346 736 -3191
-1464 254 -501 -3412 734 -3078
-1553 398 -414 -3474 578 -2984
-1710 382 -366 -3607 224 -2860
-1885 298 -284 -3716 89 -2797
-2056 210 -270 -3867 69 -2763
-2302 65 -479 -3866 -33 -2813
-2382 73 -820 -3737 -223 -2843
-2501 4 -970 -3453 -714 -2841
-2560 -242 -985 -3301 -1025 -2794
-2335 -217 -968 -3168 -1315 -2551
-2313 -380 -1185 -3052 -1395 -2122
-2236 -585 -1235 -3018 -1208 -1730
-2343 -653 -1380 -2973 -581 -1118
-3159 -947 -1424 -2942 -64 -875
-3521 -1067 -1654 -2835 182 -686
-4160 -1360 -1710 -2714 151 -616
-4566 -1381 -2136 -2479 -24 -493
-4407 -1427 -2036 -2410 -218 -195
-4966 -1459 -2130 -2441 -503 381
-5680 -1777 -2132 -2607 -996 726
-6086 -1881 -1766 -2822 -1246 901
-5977 -1689 -1647 -3145 -1597 1343
-5500 -1635 -1154 -3311 -1604 1845
-5380 -1725 -664 -3538 -1412 2754
-5483 -2188 422 -3779 -1256 3565
-5490 -2562 1114 -3837 -1114 4007
-5908 -3542 2043 -3443 -671 4394
-6315 -4085 2509 -2721 -564 4448
-6969 -5262 3152 -1022 -1173 4302
-7228 -5915 3514 373 -1888 4143
-7364 -6734 3978 2450 -2849 3945
-7019 -7309 4059 3663 -3244 3959
-6582 -7393 3867 5185 -3429 4366
-5899 -7638 3065 6023 -3414 4912
-5468 -7671 2476 6992 -3236 5978
-5290 -7553 1921 7567 -3128 6829
-4377 -6965 483 6487 -3630 6519
-4407 -7691 -226 7353 -3176 7125
-4794 -7155 -116 7892 -3093 7327
-4636 -6703 -11 7505 -3479 7038
-4213 -6337 -345 7099 -3542 6817
-3436 -5849 -912 6557 -2974 6711
-2839 -5231 -1281 5986 -1806 6935
-2628 -4581 -1518 5512 -1165 7161
-2540 -4289 -1730 4716 -731 7436
-2418 -4022 -1953 4190 -753 7536
-2136 -3775 -2153 3436 -924 7526
-1881 -3457 -2212 2938 -967 7411
-1377 -3106 -2150 2150 -737 7159
-769 -2737 -2163 1600 -597 6993
-474 -2616 -2288 841 -547 6712
-45 -2850 -2297 370 -500 6505
120 -3186 -2413 -282 -574 6100
358 -3306 -2048 -1017 -986 5467
-17 -2791 -1343 -1943 -1555 4262
-390 -2475 -1072 -2509 -1922 3104
-1263 -2513 -1322 -2828 -2378 716
-3480 -2265 -2110 -2238 -3192 -2500
-5170 -1639 -2864 -1455 -4268 -4833
-5753 -720 -2927 -188 -6952 -8010
-5300 106 -3207 701 -9802 -10070
-4075 543 -2765 843 -11392 -10625
-3141 643 -2653 794 -12506 -10169
-1639 -105 -1548 577 -11637 -8090
-1450 -362 -684 343 -10389 -6300
-1927 133 650 15 -8831 -4629
-2349 283 1509 -874 -6196 -2666
-2922 706 2125 -1698 -4540 -1765
-3748 1253 1901 -2857 -2445 -1113
-4284 1347 1710 -3745 -724 -1221
-4676 1157 1634 -4212 -31 -1510
-4582 994 1815 -4857 -97 -1963
-4419 727 2126 -5239 -793 -2230
-4378 549 2369 -5674 -1882 -2583
-4053 -46 1476 -5501 -2281 -2856
-3694 -71 -205 -4679 -1855 -2939
-2863 20 -815 -2590 -13 -2832
-1718 21 -1478 -855 1627 -2353
642 169 -1157 731 3319 -1324
597 600 -654 2109 5431 663
120 947 -61 2304 6404 1734
-518 1226 2030 879 7576 2556
-826 1403 941 -1449 7959 2235
-568 2181 223 -2891 7201 1647
-491 1704 -267 -4351 3980 394
-91 1019 -565 -4972 1873 -659
241 411 -541 -5057 1525 -1071
664 -179 -1039 -4495 1558 -1396
637 -414 -1397 -3730 1483 -1575
515 -809 -1248 -2497 1259 -1994
59 -975 -755 -1611 1114 -2749
-312 -953 -113 -1386 1069 -3426
-376 -1054 198 -1572 866 -4428
-454 -1127 339 -2111 222 -5175
-411 -1434 239 -2728 -667 -5482
-456 -1818 3 -3102 -1150 -5492
-755 -2270 -70 -3584 -1541 -5393
-1273 -2874 -144 -4033 -1405 -5303
-1931 -3491 -138 -4473 -908 -5253
-2253 -3795 -175 -4856 -318 -5138
-2864 -4068 -488 -4981 -53 -4997
-3277 -4188 -712 -4946 -81 -4713
-3741 -4148 -843 -4814 -429 -4358
-3938 -3905 -821 -4733 -865 -3944
-3694 -3480 -811 -4700 -1096 -3600
-3433 -3217 -782 -4635 -1224 -2956
-3151 -2756 -788 -4499 -956 -2284
-3024 -2348 -701 -4408 -711 -1896
-2983 -2038 -603 -4359 -415 -1405
-3218 -1602 -807 -4297 -430 -1096
-3503 -1400 -1095 -4215 -493 -1005
-3691 -1296 -1476 -4009 -473 -988
-4211 -950 -1714 -3844 -512 -1129
-4790 -696 -1390 -3943 -385 -1276
-5158 -299 -1176 -4358 -321 -1407
-5349 59 -1115 -4795 -528 -1167
-5500 450 -956 -4971 -826 -739
-5682 664 -676 -5030 -1185 165
-6099 805 24 -4888 -1399 1067
-6570 766 1014 -4644 -1469 1576
-7172 508 2371 -4105 -1439 2190
-7616 91 3174 -3128 -1576 2641
-8240 -656 4230 -2094 -1596 2892
-8573 -1266 4640 21 -2051 3396
-8464 -1945 5275 2363 -3063 4268
-8206 -2625 5311 3815 -3881 4993
-7757 -3087 4967 5703 -5094 6162
-6705 -3745 3825 7320 -6125 7306
-5173 -4331 2526 8216 -6501 8029
-4480 -4742 1824 7629 -8739 8234
-3132 -5864 208 8062 -5875 8138
-1831 -6190 -1964 9208 -3505 9314
-3558 -4812 -1372 9214 -2542 9666
-3811 -5171 -1800 8739 -3248 9476
-3581 -4895 -2198 7974 -4252 8713
-2576 -4577 -3064 7610 -4465 8213
-2236 -4215 -3632 7336 -4319 7601
-2095 -3762 -3921 7029 -3689 6961
-1935 -3388 -3923 6622 -3085 6540
-1803 -3086 -3851 5693 -1999 5986
-1489 -2748 -3356 4862 -1256 5707
-1278 -2487 -3106 3472 -562 5482
-959 -2210 -3029 2621 -500 5361
-746 -2086 -3023 1576 -635 5083
-402 -1890 -3170 1073 -701 4753
-255 -1821 -3253 608 -677 4030
-42 -1905 -3173 400 -681 3425
35 -1944 -3012 103 -898 2403
238 -1818 -2680 -91 -1130 1686
421 -1692 -2444 -344 -1528 659
766 -1390 -2116 -468 -1773 59
935 -1136 -1874 -563 -1934 -762
990 -817 -1594 -545 -1795 -1572
684 -798 -1236 -526 -1633 -2161
353 -764 -1003 -586 -1402 -3159
-316 -942 -857 -668 -1290 -3881
-944 -1022 -898 -708 -1005 -5002
-2110 -1209 -1022 -638 -927 -5727
-2887 -1403 -1006 -500 -1164 -6701
-3839 -1586 -870 -442 -1464 -7358
-4358 -1791 -691 -441 -1509 -7496
-4316 -1679 -582 -456 -1290 -7121
-4002 -1396 -305 -542 -953 -6151
-3893 -1237 46 -695 -681 -5382
-3972 -1110 227 -1062 -342 -4414
-4067 -1025 340 -1352 -182 -3991
-3856 -980 231 -1715 -157 -3566
-3452 -878 30 -1835 -174 -3377
-3071 -726 -40 -1880 -137 -3152
-2541 -606 -84 -1865 -134 -2977
-2138 -413 21 -1897 -41 -2878
-1770 -369 0 -1935 22 -2840
-1625 -279 22 -2021 82 -2844
-1457 -205 -32 -2099 134 -2907
-1303 -264 -123 -2131 134 -2945
-1354 -282 -222 -2147 188 -3008
-1465 -332 -502 -2053 346 -3108
-1431 -363 -619 -1929 443 -3166
-1384 -75 -637 -1882 509 -3162
-1364 67 -652 -1891 415 -3078
-1216 213 -476 -2012 174 -2947
-1133 291 -397 -2381 -159 -2708
-1142 361 -404 -2680 -226 -2582
-1359 157 -561 -3070 -34 -2527
-1637 -2 -671 -3247 553 -2672
-2026 -253 -844 -3183 1049 -2928
-2209 -383 -905 -3055 1133 -3074
-2355 -433 -879 -2879 906 -3233
-2383 -372 -845 -2817 509 -3274
-2347 -269 -879 -2841 -498 -3223
-2240 -214 -981 -2964 -1310 -3120
-2565 -646 -1211 -3215 -2028 -3017
-2364 -748 -1281 -3433 -1567 -2901
-2156 -803 -1454 -3490 -967 -2702
-2411 -943 -1622 -3406 -7 -2338
-2856 -1058 -1660 -3181 672 -2047
-3647 -1264 -1798 -2908 772 -1861
-4200 -1518 -1890 -2733 666 -1753
-4414 -1624 -1898 -2585 478 -1504
-5124 -1798 -2006 -2610 -135 -1212
-5810 -2024 -2184 -2730 -812 -997
-5799 -1911 -2364 -3013 -1706 -409
-5319 -1502 -2381 -3376 -1704 651
-4872 -1196 -1984 -3721 -1205 1534
-5022 -985 -1532 -4459 -490 2724
-5462 -1014 -663 -5351 -654 3437
-5565 -1284 127 -5805 -975 3693
-5669 -1664 630 -5969 -1317 3805
-6089 -2822 1566 -5414 -1237 3674
-6810 -4352 2245 -3904 -891 3414
-8047 -6110 2773 -2379 -996 3201
-8836 -7131 3341 261 -1844 2899
-8973 -8214 4102 2649 -2830 3121
-7633 -8289 4474 3925 -3322 3853
-6737 -8234 4316 5355 -3681 5589
-6425 -8417 3590 6143 -3590 6650
-6576 -8516 2639 7024 -3222 7573
-6447 -8493 1584 7376 -3468 7865
-4924 -7336 -2024 6104 -3996 6953
-3811 -8201 -1274 7601 -3656 8341
-4557 -7261 -900 8008 -3546 8803
-4999 -7090 -496 7408 -3851 8648
-4893 -6769 -959 6622 -4288 8254
-4481 -6628 -1656 5671 -4488 7733
-3625 -6189 -2520 5316 -4215 7618
-3133 -5552 -3073 5104 -3806 7693
-3068 -5218 -3117 4955 -3552 7696
-2990 -4779 -3035 4716 -3394 7545
-2775 -4451 -2918 4064 -3475 7178
-2418 -4026 -2729 3160 -3792 6671
-1956 -3613 -2725 2544 -4003 6286
-1600 -3489 -2841 1803 -4285 5676
-1092 -1531 -1810 52 362 -1621
-1522 -1314 -1703 309 352 -2861
-2326 -871 -1393 440 -63 -4048
-2861 -440 -1134 358 -597 -4757
-3179 -226 -1110 43 -1375 -5645
-3590 195 -1295 -278 -1581 -6350
-4096 367 -1370 -405 -1342 -6696
-4434 532 -1274 -517 -816 -6996
-4776 916 -1163 -561 -775 -6967
-4780 1244 -1292 -533 -1009 -6729
-4420 1360 -1491 -419 -1567 -5947
-3811 1436 -1900 -285 -1880 -5254
-3521 1533 -1866 -135 -1893 -4318
-3196 1602 -1494 -212 -1693 -3870
-3039 1618 -1178 -679 -1468 -3452
-2553 1564 -799 -1166 -1480 -3247
-2007 1295 -1024 -1856 -1629 -2886
-1681 1108 -1036 -2318 -1785 -2483
-1293 865 -885 -2645 -1711 -2103
-1152 634 -807 -2799 -1508 -1922
-1032 393 -636 -2969 -1063 -1793
-886 284 -552 -3032 -780 -1780
-785 139 -514 -3050 -503 -1816
-678 11 -439 -3019 -417 -1882
-633 -7 -389 -2940 -403 -2054
-593 -207 -248 -2897 -397 -2293
-587 -202 -166 -2885 -352 -2492
-578 -187 -158 -2862 -324 -2822
-542 -317 -91 -2838 -310 -3029
-558 -281 -90 -2773 -218 -3316
-590 -337 -137 -2649 -175 -3543
-686 -612 -101 -2486 15 -3708
-885 -939 -86 -2369 205 -3780
-1022 -1101 -92 -2185 404 -3821
-1270 -1478 -8 -2092 491 -3783
-2901 -3550 -72 -3910 262 -2672
-3054 -3477 -152 -3884 278 -2850
-3180 -3236 -233 -3834 177 -2935
-3173 -3058 -201 -3794 -97 -2923
-3106 -2625 -283 -3781 -413 -2811
-3037 -2381 -355 -3753 -922 -2538
-2807 -1979 -461 -3733 -1257 -2159
-2748 -1566 -730 -3672 -1244 -1917
-2926 -1330 -915 -3511 -916 -1719
-3160 -962 -1010 -3408 -404 -1599
-3364 -648 -1022 -3419 -54 -1443
-3575 -370 -1108 -3551 238 -1031
-3926 -112 -959 -3969 236 -391
-4671 59 -846 -4398 183 13
-5081 75 -850 -5021 158 442
-5486 165 -728 -5317 230 655
-5931 297 -450 -5494 112 834
-6306 547 213 -5451 -351 935
-6421 779 794 -5150 -1300 1152
-6539 981 1825 -4793 -1788 1357
-6630 982 2671 -4010 -2048 1780
-7214 746 3835 -3288 -1939 2089
-7677 505 4404 -1683 -1971 2624
-8141 -47 5055 355 -2712 3416
-8101 -544 5290 1764 -3312 4112
-7994 -1525 4880 3806 -4025 5159
-7522 -1996 4316 5010 -4162 5822
-6402 -2456 3430 6337 -4320 6904
-5796 -2781 2696 6908 -4690 7608
-4140 -3849 2535 6028 -8863 7910
-4042 -4620 34 6433 -7812 8014
-2922 -5296 -1805 7648 -7990 9009
-3746 -4497 -1530 8085 -7310 9164
-3711 -4813 -2015 8317 -7064 8808
-3751 -4112 -2315 8227 -6674 8195
-3391 -4043 -2691 7893 -5701 7138
-2763 -3484 -3405 7620 -4638 6251
-2202 -3094 -3897 7544 -4007 5779
-2192 -2917 -3841 7280 -3156 5182
-2304 -2845 -3529 6874 -2753 4814
-2056 -2724 -2968 5769 -2404 4499
-1530 -2658 -2377 4338 -1990 4508
-1220 -2548 -2289 3477 -1458 4613
-905 -2525 -2630 2594 -648 4736
-787 -2491 -2850 2243 -296 4677
-684 -2430 -2967 1857 8 4277
-739 -2446 -3027 1513 93 3483
-653 -2393 -3127 1303 -31 2754
-623 -2321 -3059 985 -407 1521
-331 -2140 -2862 655 -836 278
-96 -1894 -2634 440 -1046 -488
344 -1407 -2290 183 -1238 -1463
606 -1075 -2047 60 -1335 -1974
698 -763 -1645 -45 -1401 -2429
662 -681 -1302 -258 -1494 -3041
86 -609 -911 -510 -1538 -3757
-846 -653 -819 -621 -1546 -4372
-2022 -786 -762 -649 -1517 -5362
-3243 -975 -661 -598 -1281 -6546
-5103 -1233 -362 -612 -976 -7885
-6113 -1239 -32 -654 -617 -8590
-6410 -1239 92 -687 -413 -8995
-5910 -1238 118 -734 -1245 -8287
-5182 -1124 141 -782 -1820 -7376
-4754 -936 279 -888 -1812 -5914
-4307 -864 349 -985 -1451 -5032
-3725 -658 495 -1268 -1033 -3950
-3390 -466 529 -1538 -943 -3424
-2881 -235 439 -1967 -1048 -2895
-2389 -56 177 -2206 -1175 -2688
-2005 58 18 -2474 -1218 -2570
-1794 133 -184 -2602 -995 -2626
-1708 100 -390 -2598 -766 -2739
-1717 -80 -496 -2550 -270 -2994
-1804 -146 -520 -2513 76 -3180
-1809 -220 -552 -2476 346 -3376
-1645 -182 -373 -2566 270 -3341
-1430 48 -375 -2745 -184 -3073
-1173 147 -521 -2862 -608 -2806
-1029 186 -499 -3077 -870 -2354
-809 177 -400 -3269 -688 -2037
-878 265 -443 -3533 -203 -1650
-957 390 -513 -3638 164 -1480
-996 381 -521 -3710 589 -1325
-1183 402 -572 -3713 721 -1288
-1397 235 -745 -3613 763 -1402
-1712 273 -670 -3472 810 -1692
-1803 333 -683 -3382 724 -2089
-1980 246 -813 -3347 466 -2343
-2095 179 -923 -3326 -37 -2689
-2060 250 -1041 -3364 -595 -2846
-1903 372 -1349 -3360 -952 -2826
-1760 472 -1553 -3276 -1327 -2608
-2123 167 -1563 -3219 -1105 -2370
-2479 -210 -1600 -3207 -464 -2205
-2977 -429 -1626 -3160 516 -1884
-3493 -556 -1721 -3062 616 -1500
-4287 -902 -1716 -2957 394 -1226
-4766 -1321 -1762 -2801 222 -799
-5137 -1556 -2386 -2453 320 -284
-5694 -1692 -2576 -2218 469 20
-6015 -1434 -2457 -2120 591 403
-6412 -1147 -2232 -2269 270 651
-6182 -1026 -2151 -2733 -332 1243
-5621 -987 -1711 -3435 -148 2161
-5550 -1028 -969 -4018 102 2818
-5629 -1227 -250 -4911 62 3655
-5737 -1417 173 -5443 -376 4169
-5913 -1695 729 -5487 -746 4244
-6085 -2502 1552 -4975 -1295 4032
-6508 -3631 2375 -4202 -1465 3698
-7187 -4676 2891 -2462 -1577 2966
-8180 -6078 3737 -1006 -1833 2466
-8555 -6965 4258 1331 -2598 2143
-8217 -7829 4583 3451 -3614 2807
-7194 -8246 4166 4699 -3954 3752
-6615 -8214 3659 6231 -3769 5475
-6262 -8154 2812 6927 -3355 6465
-6334 -7926 2386 7263 -2633 7258
-5772 -7280 369 5873 -2022 6864
-5173 -7739 110 6318 -2401 7570
-5092 -7141 -484 6468 -2730 7963
-4950 -6916 -930 6191 -2667 8075
-4927 -6678 -1476 5625 -2597 7748
-4745 -6391 -2289 5290 -2762 7421
-4430 -6068 -2796 4980 -3628 7054
-3886 -5642 -3131 4774 -4594 6840
-3300 -5239 -3174 4577 -5001 6718
-2525 -4786 -3162 4141 -4925 6577
-2113 -4464 -3181 3553 -4117 6511
-1596 -4073 -3123 3084 -3534 6482
-1343 -3834 -3081 2312 -2987 6419
-1006 -3542 -3059 1798 -2944 6301
-736 -3436 -2981 1087 -3229 5987
-366 -3167 -2837 502 -3474 5428
71 -3004 -2707 208 -3489 4941
394 -2937 -2718 -54 -3279 4102
818 -2718 -2601 -111 -2767 3196
1075 -2482 -2477 -73 -2302 2559
1089 -2368 -2344 21 -1589 1523
525 -2296 -2140 127 -819 250
-200 -2075 -1729 186 -385 -696
-766 -1863 -1570 302 -55 -2165
-1358 -1502 -1552 516 -333 -3457
-2040 -1119 -1595 671 -687 -4229
-2416 -918 -1680 844 -974 -5244
-3137 -678 -1773 864 -963 -5870
-3678 -473 -1657 643 -639 -6704
-4594 -192 -1388 152 -295 -7392
-5182 249 -1364 -221 -264 -7652
-5530 554 -1496 -571 -392 -7717
-5827 920 -1425 -657 -459 -7561
-5592 1089 -1553 -589 -704 -6813
-5060 1192 -2181 -333 -902 -6015
-4547 1266 -1829 37 -846 -4702
-4311 1337 -1370 -1 -689 -3622
-3916 1609 -564 -322 -777 -3136
-3607 1707 -541 -964 -1224 -2708
-3066 1624 -649 -1329 -1617 -2556
-2699 1563 -809 -1714 -1963 -2434
-2113 1452 -1142 -1786 -1940 -2357
-1742 1403 -1206 -1732 -1876 -2303
-1237 1335 -976 -1715 -1821 -2202
-854 1234 -794 -1776 -1827 -2131
-639 1172 -606 -1982 -1872 -2026
-269 1122 -393 -2177 -1784 -1951
-76 975 -382 -2402 -1473 -1816
80 636 -457 -2481 -1105 -1677
31 389 -488 -2447 -813 -1635
-100 195 -511 -2335 -469 -1691
-453 -165 -388 -2258 -283 -1831
-637 -238 -306 -2155 33 -2199
-754 -197 -329 -2057 131 -2471
-734 -267 -268 -1912 1 -2800
-663 -345 -95 -1874 -210 -2930
-682 -483 12 -1907 -626 -3028
-692 -612 108 -2072 -963 -3043
-861 -1050 105 -2294 -955 -3024
-1042 -1440 102 -2419 -711 -3005
-1129 -1610 54 -2532 -112 -2922
-1319 -2056 -106 -2513 152 -2827
-1534 -2345 -139 -2458 86 -2650
-2106 -2896 -144 -2461 -73 -2589
-2342 -3170 -72 -2593 -221 -2589
-2707 -3367 2 -2806 -289 -2640
-2792 -3476 51 -3254 -451 -2727
-2720 -3485 11 -3775 -677 -2738
-2724 -3481 -67 -4082 -760 -2719
-2702 -3475 -267 -4405 -693 -2653
-2773 -3383 -387 -4604 -522 -2560
-2964 -3150 -494 -4667 -387 -2512
-3058 -2982 -576 -4662 -299 -2419
-3072 -2557 -676 -4601 -331 -2326
-3076 -2233 -790 -4438 -433 -2140
-3316 -1762 -952 -4243 -694 -1994
-3362 -1295 -1017 -4183 -754 -1901
-3271 -980 -976 -4268 -228 -1648
-3612 -580 -860 -4533 588 -1275
-4465 -99 -844 -4796 756 -917
-5382 214 -633 -4965 471 -693
-5896 418 -303 -5228 -92 -365
-6627 718 322 -5394 -440 -154
-7000 1023 839 -5468 -863 218
-7188 1351 1718 -5291 -882 596
-7291 1554 2444 -4639 -744 1447
-7676 1497 4036 -3706 -817 2538
-8004 1144 4931 -2927 -1109 3290
-8583 173 5986 -1360 -1819 4300
-8760 -894 5795 180 -2483 4848
-3758 -4212 -1996 8094 -5216 7835
-3003 -3993 -3022 7653 -5388 7228
-2475 -3407 -3716 7405 -4888 6247
-1915 -3057 -3861 7224 -3991 5545
-1581 -2638 -3739 6941 -3161 5281
-1513 -2445 -3640 6217 -1816 5088
-1338 -2173 -3090 5079 -792 5074
-1244 -2022 -2508 4138 -359 5060
-1149 -1973 -2330 2767 35 4890
-887 -1971 -2355 2052 218 4669
-680 -1876 -2387 1312 417 4209
-435 -1892 -2555 1026 520 3820
-382 -1910 -2585 808 648 3080
-470 -1824 -2487 662 700 2076
-535 -1889 -2311 561 593 1303
-548 -1913 -2191 387 178 140
-458 -1882 -2131 285 -239 -558
-602 -1839 -2152 222 -829 -1536
-453 -1615 -1903 194 -1147 -2098
-343 -1393 -1771 146 -1550 -2717
-314 -1048 -1609 148 -1849 -3181
-334 -860 -1410 140 -2022 -3432
-683 -837 -1245 40 -2131 -3889
-1173 -822 -907 -126 -2095 -4280
-1762 -840 -739 -502 -1988 -5016
-2563 -971 -567 -890 -1910 -5786
-3650 -1144 -380 -1124 -1898 -6280
-4360 -1309 -295 -1437 -1919 -6962
-4959 -1441 -55 -1649 -1889 -7255
-5184 -1294 -8 -1880 -1933 -7333
-4852 -1181 53 -2023 -2182 -6785
-4236 -959 181 -2104 -2343 -6084
-3875 -878 256 -2216 -2332 -4843
-3559 -831 423 -2318 -2075 -4084
-3391 -749 498 -2542 -1512 -3234
-3012 -586 417 -2692 -1124 -2868
-2773 -478 335 -2848 -521 -2538
-2567 -364 205 -2884 -141 -2439
-2274 -259 -77 -2828 173 -2394
-2035 -197 -170 -2772 283 -2419
-1912 -127 -189 -2725 399 -2496
-1746 -127 -229 -2723 405 -2544
-1609 -156 -250 -2773 366 -2578
-1515 -134 -304 -2865 273 -2534
-1427 -136 -298 -2948 203 -2474
-1344 -78 -262 -3121 189 -2337
-1296 -29 -357 -3235 220 -2235
-1195 61 -356 -3385 341 -2065
-1207 120 -355 -3529 568 -1905
-1159 233 -314 -3637 733 -1795
-1252 234 -291 -3799 984 -1658
-1470 320 -315 -3877 1122 -1629
-1736 297 -364 -3933 1233 -1724
-2316 223 -393 -3936 1341 -1898
-2709 324 -614 -3831 1362 -2298
-2809 477 -710 -3655 780 -2669
-3095 469 -915 -3564 54 -2878
-3189 438 -914 -3563 -819 -3130
-3025 487 -1026 -3696 -1049 -3140
-3011 411 -1030 -3796 -725 -3012
-2887 498 -1213 -3798 204 -2498
-3114 441 -1388 -3671 607 -1937
-3413 395 -1368 -3474 534 -901
-3823 223 -1241 -3424 176 -159
-4318 -21 -1390 -3415 -5 691
-4664 -329 -1543 -3393 88 1192
-5214 -416 -1725 -3374 275 1332
-5352 -444 -1717 -3319 478 1470
-5566 -536 -1293 -3388 590 1721
-5709 -504 -912 -3449 487 1943
-5728 -584 -480 -3521 101 2363
-5691 -841 160 -3542 -196 2678
-6124 -1453 497 -3345 -348 3003
-6594 -2255 1293 -2857 -167 3094
-6763 -2662 1965 -2432 -413 3131
-7145 -3481 3182 -1977 -851 3181
-7516 -4210 3744 -1067 -1390 3209
-7957 -5525 4163 293 -1776 3369
-7978 -6316 4156 1448 -1960 3624
-7812 -7008 3980 3311 -2207 4253
-7880 -7487 3683 4415 -2482 4761
-7631 -7632 3338 5654 -3116 5602
-6891 -7599 2652 6206 -3403 6200
-6377 -7453 2135 6679 -3485 6983
-5087 -6943 -4960 5116 -1670 5743
-5130 -7079 684 5943 -3711 7613
-5126 -6681 -422 6315 -4121 8152
-4755 -6094 -276 6253 -4063 8079
-4797 -5741 -603 5678 -3609 7471
-4480 -5512 -1194 5248 -3460 6985
-4141 -5046 -1604 4786 -3534 6410
-3443 -4471 -2045 4534 -4025 6108
-2890 -3947 -2141 4377 -4240 5981
-2657 -3618 -2177 4084 -4303 5779
-2440 -3299 -2138 3715 -4251 5504
-2385 -3159 -2128 3435 -4142 5269
-2242 -3027 -2048 2978 -3895 4907
-1926 -2846 -2021 2661 -3809 4701
-1793 -2734 -2020 2181 -3838 4390
-1572 -2628 -2032 1873 -3842 4156
-1396 -2655 -2046 1430 -3750 3805
-1163 -2652 -1983 1146 -3602 3552
-2675 -753 -1810 691 -985 -2014
-3163 -267 -1457 566 -1063 -3181
-3274 488 -1143 -29 -1265 -4170
-3521 1145 -966 -637 -1382 -4701
-3902 1375 -1023 -1601 -1486 -5337
-4676 1904 -853 -2202 -1315 -5714
-5146 2250 -659 -2958 -912 -6156
-5166 2483 -998 -3203 -985 -6194
-4851 2493 -1155 -3086 -1146 -5972
-3873 2338 -1111 -2697 -1101 -5252
-2886 1919 -850 -2410 -927 -4609
-2454 1772 -532 -2086 -460 -3726
-2038 1562 -288 -1881 52 -3192
-1840 1393 -171 -1790 250 -3052
-1694 1331 -54 -1781 259 -3056
-1372 1261 -79 -1834 71 -3115
-1175 1115 -225 -1919 -406 -3169
-1072 885 -677 -1905 -688 -3208
-1011 784 -918 -1781 -897 -3283
-1070 626 -905 -1721 -876 -3360
-1019 560 -752 -1785 -683 -3476
-869 463 -572 -1914 -573 -3515
-891 328 -322 -2234 -506 -3508
-938 257 -168 -2655 -425 -3481
-865 115 -122 -2927 -407 -3411
-848 16 -70 -3286 -474 -3239
-820 -89 -127 -3504 -569 -3019
-697 -283 -253 -3550 -658 -2846
-559 -390 -282 -3499 -752 -2552
-391 -635 -343 -3419 -708 -2349
-339 -825 -310 -3306 -479 -2093
-485 -1139 -227 -3276 -107 -1968
-903 -1600 -102 -3306 244 -2001
-1159 -1873 -10 -3401 792 -2211
-1432 -2302 -30 -3461 1004 -2392
-1717 -2865 -57 -3504 1003 -2628
-2058 -3199 -38 -3517 816 -2840
-2393 -3646 -68 -3530 688 -2967
-2511 -3800 -15 -3610 597 -3091
-2804 -3945 36 -3802 585 -3166
-2986 -4064 -46 -3949 463 -3186
-3153 -3990 -102 -4163 167 -3207
-3328 -3862 -264 -4312 42 -3227
-3532 -3563 -387 -4350 56 -3216
-3700 -3336 -473 -4340 -117 -3151
-3826 -2972 -543 -4314 -380 -3069
-3562 -2543 -519 -4309 -545 -2737
-3213 -1993 -576 -4331 -398 -2371
-3065 -1689 -544 -4422 247 -1693
-3236 -1253 -493 -4605 1028 -1009
-3622 -1018 -380 -4773 1292 -632
-4312 -741 -301 -5027 1202 -188
-4999 -440 -206 -5131 807 41
-5204 -260 -19 -5212 -3 431
-5644 85 455 -5281 -677 767
-6202 370 1180 -5314 -954 883
-6453 692 1749 -5281 -1298 1009
-6744 1282 2638 -4901 -1589 1208
-6998 1391 3354 -4264 -1798 1426
-7100 1290 3855 -2683 -2257 1939
-6840 848 4682 -1285 -2522 2456
-6803 668 5185 1037 -2925 3459
-6673 427 5256 2644 -3605 4170
-6380 232 4975 4895 -5176 5190
-5784 -493 4036 6604 -6847 6056
-5170 -1436 2580 7461 -7730 6524
-7654 -1717 4842 6940 -8559 6333
-3656 -3240 -626 8574 -8766 6925
-2370 -3483 -1743 9578 -7527 7390
-2693 -3298 -1637 10068 -5030 7546
-3377 -2956 -1470 9456 -3565 7039
-3613 -2928 -1750 8834 -3660 6460
-3298 -2765 -1998 7984 -4452 5527
-2600 -2647 -2201 7529 -4912 5121
-1748 -2231 -2413 7051 -5136 4798
-1228 -2026 -2555 6832 -4918 4727
-945 -1638 -2650 6570 -3826 4664
-1031 -1436 -2562 6353 -2770 4599
-1190 -1119 -2375 5901 -1015 4503
-1405 -843 -2173 5224 300 4400
-1708 -801 -1619 4604 648 4325
-1846 -733 -1329 3476 605 4115
-1733 -661 -1121 2695 356 3912
-1534 -627 -1237 1730 -36 3526
-1220 -669 -1650 1311 -113 3197
-1043 -827 -1915 999 91 2588
-949 -1150 -2173 915 476 1811
-1209 -1470 -2185 880 800 1172
-1653 -1927 -1998 774 1043 134
-1833 -2097 -1881 692 809 -476
-1844 -2027 -1630 596 49 -1238
-1547 -1884 -1538 510 -1016 -1651
-1324 -1758 -1508 474 -1734 -1781
-1150 -1520 -1516 476 -2217 -1922
-1254 -1203 -1318 475 -2375 -2318
-1666 -1014 -1087 357 -1893 -3143
-2335 -697 -690 193 -1499 -3868
-2952 -559 -558 -123 -1395 -5053
-3846 -426 -251 -387 -1725 -5802
-4446 -359 -49 -2796 -465 -3067
-1742 -410 -104 -2741 407 -2907
-1854 -453 -254 -2725 836 -2934
-1849 -450 -324 -2736 1249 -3078
-1792 -375 -325 -2774 1326 -3171
-1608 -277 -366 -2907 1029 -3207
-1415 -216 -365 -3165 326 -3028
-1186 -166 -361 -3424 -226 -2818
-1030 -222 -425 -3878 -855 -2507
-945 -236 -497 -4310 -863 -2284
-894 -326 -723 -4551 -297 -2144
-1032 -588 -877 -4419 1758 -2106
-1482 -398 -770 -4213 1974 -2114
-1973 -279 -715 -4068 1752 -2156
-2275 -338 -504 -3999 1051 -2334
-2958 -337 -246 -4132 296 -2749
-3218 -467 -245 -4231 -437 -3209
-3185 -533 -309 -4190 -816 -3423
-3032 -497 -274 -3992 -1193 -3479
-2648 -387 -190 -3788 -1560 -3099
-2243 -154 -64 -3700 -1785 -2638
-1989 54 85 -3747 -1889 -1794
-1773 92 248 -3915 -1651 -984
-2180 -172 326 -3995 -1274 -628
-2532 -529 332 -3887 -277 -412
-3048 -916 102 -3577 386 -412
-3372 -1052 14 -2822 564 -443
-3742 -1160 -62 -2018 -336 -353
-3854 -1114 -128 -1572 -1051 -230
-3576 -1285 -246 -1094 -1582 96
-3345 -1441 -684 -704 -958 433
-3526 -1469 -1168 -426 116 569
-3982 -1230 -1368 -150 1678 571
-4741 -897 -1642 -119 2047 530
-4933 -791 -2012 -281 1630 616
-4690 -622 -2374 -726 971 1066
-4407 -716 -2400 -1263 847 1490
-4521 -726 -2029 -2381 1015 1993
-4847 -1020 -1804 -3089 1117 2186
-4966 -1365 -1665 -3715 1113 2327
-5086 -1903 -1194 -3766 615 2350
-4971 -2412 -103 -3660 128 2305
-4993 -2733 669 -3350 -416 2108
-5110 -3360 1824 -2976 -657 1988
-5383 -3999 2457 -1995 -1274 1970
-6068 -4990 3489 -578 -1957 2038
-6853 -6236 4354 1019 -2313 2327
-7093 -7218 4537 2200 -2219 2787
-7189 -7549 4538 4036 -1854 3916
-7132 -7547 4438 5083 -1995 4905
-7214 -7626 4100 6295 -2870 6297
-4459 -6642 -3118 5428 -3631 7401
-4096 -6206 -3205 5583 -3237 7142
-3544 -5562 -3133 5396 -3348 7090
-3299 -5175 -2889 4996 -3430 6997
-2891 -4789 -2772 4121 -3401 6699
-2194 -4402 -2854 3188 -3288 6337
-1394 -4033 -2988 2620 -3202 6100
-945 -3750 -3055 1874 -3085 5713
-350 -3565 -3124 1448 -3075 5408
57 -3462 -3051 865 -3001 4865
417 -3058 -2848 490 -2828 4396
-2192 -690 -1475 -203 -625 -5765
-3145 -789 -1403 -182 -988 -6587
-4438 -908 -1158 -307 -1036 -7063
-4948 -810 -1149 -587 -1197 -7527
-5263 -440 -1172 -750 -1094 -7514
-5507 189 -1434 -677 -792 -7316
-5550 440 -1497 -316 -310 -6717
-5507 487 -1500 -68 -170 -6148
-5405 549 -1362 145 -464 -5197
-4804 814 -866 79 -795 -4589
-4320 983 -688 -262 -1225 -3817
-3649 1122 -411 -749 -1439 -3248
-3179 1123 -431 -1034 -1445 -2927
-2481 1061 -697 -1246 -1411 -2465
-1825 1014 -691 -1288 -1379 -2161
-1462 972 -585 -1359 -1293 -1768
-1079 919 -590 -1436 -1220 -1519
-758 828 -860 -1410 -1202 -1446
-656 815 -745 -1445 -1176 -1505
-535 728 -681 -1542 -1079 -1650
-539 601 -785 -1708 -897 -1997
-594 440 -718 -1944 -799 -2463
-628 315 -625 -2134 -724 -2792
-563 201 -524 -2383 -560 -3187
-500 62 -459 -2484 -452 -3347
-470 -72 -448 -2544 -370 -3436
-443 -188 -365 -2524 -361 -3418
-479 -292 -302 -2466 -396 -3339
-653 -544 -98 -2477 -477 -3288
-797 -955 68 -2594 -672 -3228
-843 -1152 153 -2799 -884 -3165
-1002 -1571 143 -2943 -968 -3127
-1072 -1961 124 -3123 -900 -3073
-1194 -2510 143 -3231 -710 -3020
-1405 -2852 135 -3380 -372 -2961
-1839 -3522 59 -3551 -295 -2922
-2201 -4051 17 -3716 -372 -2900
-2351 -4253 -32 -4031 -636 -2853
-2840 -4374 -23 -4442 -757 -2932
-3225 -4406 -185 -4746 -703 -3041
-3452 -4408 -326 -5156 -597 -3183
-3762 -4115 -621 -5358 -612 -3213
-3882 -3818 -761 -5565 -828 -3095
-3812 -3183 -898 -5731 -1060 -2722
-3396 -2559 -766 -5898 -978 -2295
-3239 -2088 -571 -6259 -183 -1455
-3479 -1542 -315 -6671 577 -591
-4251 -1026 11 -6888 713 -134
-4748 -843 117 -6953 550 331
-5678 -580 455 -6731 382 499
-6475 -224 966 -6095 114 475
-7229 394 2184 -5582 -325 449
-7531 869 3172 -4846 -1082 621
-8017 1441 4651 -4033 -1552 989
-8438 1790 5968 -3282 -1833 1345
-8463 1612 6416 -1591 -2776 2233
-7657 1223 6110 1058 -3922 3516
-6551 804 5714 3049 -4532 4477
-5756 532 5164 5752 -5715 5896
-4780 -337 4024 7122 -6480 6669
-6850 1065 8015 6955 -7697 6602
-3198 -2102 837 8023 -7876 7010
-2107 -2358 -402 9672 -6882 7615
-2601 -2344 -510 10054 -5902 7694
-2890 -2386 -425 9513 -4516 7354
-3334 -2664 -1017 8472 -4114 6629
-3415 -2819 -1632 7883 -4291 6037
-3147 -2565 -1958 7319 -4703 5211
-2751 -2327 -2334 7073 -4775 4532
-2255 -1913 -2495 6923 -4527 4059
-1804 -1551 -2521 6798 -4154 3849
-1523 -1389 -2484 6473 -3008 3753
-1541 -1413 -2311 6131 -2059 3783
-1648 -1407 -2123 5408 -851 3828
-1739 -1356 -1921 4572 -83 3787
-1612 -1510 -1900 4047 131 3736
-1564 -1407 -1856 3322 241 3532
-1436 -1295 -1841 2902 337 3293
-1243 -1203 -1791 2339 533 2824
-972 -851 -1857 2015 731 2458
-876 -776 -1899 1625 1047 1812
-733 -900 -1794 1362 1163 1359
-742 -1040 -1752 921 992 696
-1074 -1331 -1673 489 470 -35
-1208 -1358 -1555 222 120 -518
-1332 -1463 -1446 -76 -321 -1179
-1390 -1332 -1421 -156 -535 -1589
-1366 -1117 -1396 -130 -792 -2149
-1529 -980 -1301 -74 -956 -2522
-1668 -800 -1168 -32 -1255 -3139
-2084 -545 -1029 -119 -1655 -3926
-2581 -499 -786 -279 -1880 -4532
-2855 -522 -587 -714 -2143 -5426
-3404 -671 -407 -1105 -2289 -5990
-3553 -753 -334 -1703 -2333 -6643
-3475 -910 -392 -2154 -2201 -6852
-3095 -988 -475 -2337 -2098 -6713
-2788 -895 -458 -2486 -1892 -6173
-2446 -872 -385 -2584 -1610 -5429
-2245 -902 -268 -2668 -1355 -4912
-2149 -844 -205 -2837 -882 -4225
-2397 -972 -173 -3021 -259 -3840
-2437 -922 -173 -3129 193 -3729
-2351 -785 -326 -3197 551 -3651
-2199 -593 -426 -3205 588 -3616
-2059 -499 -505 -3187 387 -3524
-1826 -358 -519 -3250 -63 -3384
-1628 -294 -465 -3386 -347 -3276
-1578 -348 -551 -3670 -584 -3152
-1828 -529 -718 -3852 -508 -3162
-1883 -670 -861 -3999 -8 -3225
-1769 -676 -1129 -3986 414 -3181
-1642 -559 -1172 -3878 814 -2954
-1478 -306 -1258 -3789 863 -2710
-1441 -120 -1181 -3754 790 -2329
-1343 156 -968 -3855 822 -2104
-1381 366 -877 -4167 988 -1852
-1562 554 -935 -4502 979 -1784
-1898 735 -1171 -4693 624 -1931
-2259 834 -1230 -4759 378 -2110
-2578 684 -1303 -4816 124 -2419
-2868 492 -1419 -4791 207 -2618
-2928 561 -1683 -4690 435 -2580
-3150 539 -1761 -4451 524 -2277
-3967 595 -1943 -4154 284 -1864
-4495 641 -2128 -3929 -78 -1542
-5169 424 -2182 -3651 -329 -1001
-5330 234 -1915 -3610 -31 -531
-5751 -9 -1367 -4016 575 594
-5866 -72 -848 -4386 690 1310
-6057 -258 -509 -4888 375 2407
-6690 -674 -160 -5062 -451 3046
-6953 -1145 354 -4931 -1027 3152
-7046 -1467 879 -4446 -1544 2939
-7029 -2163 1745 -3965 -1632 2695
-7078 -2826 2358 -2975 -1483 2416
-7469 -4368 3069 -1554 -1585 2330
-8220 -6014 3866 -433 -1737 2321
-8704 -7020 4221 1339 -1995 2505
-8425 -7950 4361 2529 -2305 2959
-7767 -8444 4091 4137 -2740 4115
-7395 -8577 3824 5324 -2856 5476
-7195 -8689 3125 5805 -2890 6185
-6997 -8677 2563 6155 -3150 6871
-7916 -7516 1063 4758 -4231 6546
-5365 -8526 218 5558 -3644 6925
-4544 -7578 -624 6379 -3195 7841
-4822 -7017 -863 6397 -3011 8074
-4899 -6628 -943 5809 -2905 7975
-5001 -5997 -1519 5021 -3123 7408
-4573 -5544 -2331 4639 -3555 6984
-4228 -5044 -2793 4377 -4345 6384
-3620 -4461 -3186 4318 -4753 6035
-2907 -3858 -3260 4191 -5003 5614
-2415 -3490 -3172 3861 -4944 5373
-1775 -3001 -3016 3519 -4756 5291
-1464 -2733 -2936 2896 -4259 5211
-1143 -2427 -2848 2225 -3721 5099
-922 -2264 -2719 1786 -3439 4976
-881 -2133 -2671 1185 -3171 4646
-986 -2070 -2773 803 -3048 4099
-1131 -2130 -2847 681 -2988 3635
-1169 -2172 -2760 588 -2798 2867
-1108 -2018 -2464 490 -2530 2126
-1042 -1852 -2205 404 -2432 1674
-1020 -1824 -2103 300 -2423 1105
-1111 -1825 -1894 216 -2361 773
-1223 -1688 -1812 87 -2059 231
-1331 -1402 -1812 44 -1837 -160
-1471 -1178 -1894 109 -1512 -802
-1716 -731 -1888 194 -1290 -1277
-1839 -474 -1863 281 -1061 -1969
-2206 -184 -1635 185 -873 -2706
-2499 137 -1628 56 -700 -3268
-3089 523 -1718 -158 -419 -4192
-3781 826 -1915 -265 -271 -4838
-4289 1141 -1796 -472 -357 -5833
-4977 1385 -1214 -771 -679 -6485
-5136 1526 -906 -1382 -1315 -7230
-5084 1729 -672 -1734 -1647 -7501
-4376 1678 -840 -1894 -1899 -7271
-3045 1336 -1319 -1493 -1847 -6332
-2208 1307 -1400 -1035 -1575 -5569
-1812 1258 -1241 -432 -1022 -4437
-1442 1211 -696 -286 -808 -3751
-1422 1202 -265 -617 -810 -2981
-1541 1094 82 -1145 -921 -2695
-1526 1004 -77 -2038 -1143 -2537
-1319 905 -242 -2819 -1266 -2535
-1117 794 -347 -3202 -1236 -2530
-808 592 -447 -3463 -1096 -2493
-626 463 -501 -3624 -729 -2371
-548 245 -549 -3577 -315 -2250
-879 -62 -580 -3463 -10 -2263
-1067 -245 -576 -3223 536 -2446
-1188 -405 -590 -2939 951 -2697
-1150 -459 -512 -2751 1024 -2843
-1039 -501 -461 -2551 762 -2952
-855 -657 -189 -2575 270 -2941
-783 -797 28 -2737 -92 -2912
-895 -1019 111 -3128 -523 -2981
-1061 -1350 193 -3437 -632 -3106
-1071 -1647 152 -3855 -405 -3277
-1098 -2099 160 -4142 120 -3345
-1048 -2316 220 -4288 363 -3288
-1050 -2619 217 -4462 375 -3059
-1644 -3194 32 -4507 310 -2957
-1957 -3554 -16 -4517 429 -2974
-2377 -3895 -172 -4489 567 -3066
-2655 -4052 -227 -4445 672 -3320
-3023 -4032 -316 -4417 725 -3532
-3318 -4002 -423 -4357 714 -3891
-3888 -3804 -526 -4297 588 -4243
-4358 -3444 -332 -4341 267 -4369
-4647 -3128 -211 -4597 -787 -4268
-4328 -2518 -297 -4804 -1619 -3898
-3843 -2140 -314 -5079 -1813 -2832
-3192 -1552 -449 -5154 -1088 -1922
-3304 -1188 -374 -5143 527 -624
-4478 -600 6 -5174 1541 84
-5946 -2 576 -5265 1425 225
-6659 395 920 -5348 371 162
-7103 989 1321 -5156 -607 230
-7265 1343 1659 -4858 -984 477
-7249 1841 2404 -4254 -1295 1148
-7667 2149 3553 -3813 -1459 1644
-7856 2206 4360 -3078 -2008 2364
-7856 2046 5440 -2069 -2675 3169
-7232 1657 5643 -1052 -3283 3834
-6668 1319 5481 1004 -4546 5034
-6064 348 4580 3397 -6026 6113
-5905 -1068 3316 4957 -6826 6502
-5398 -1788 2068 7203 -7477 6590
-6938 -1745 1556 7074 -10664 5939
-3194 -3120 106 8989 -6861 5438
-2218 -3291 -2222 10252 -5736 5856
-2894 -2530 -1195 11009 -4075 6483
-3251 -2762 -1252 10499 -4318 6801
-3729 -2490 -1067 9731 -4665 6656
-3596 -2413 -1113 8332 -4934 6150
-3232 -2186 -1451 7458 -4911 5815
-2965 -2071 -1842 6540 -4717 5439
-2529 -1882 -2274 6109 -4065 5236
-2246 -1692 -2567 5990 -3370 5179
-2099 -1505 -2536 5814 -2285 5137
-2120 -1443 -2316 5584 -1540 5064
-2091 -1331 -2108 4987 -493 4916
-2123 -1233 -1695 4078 59 4711
-1996 -1263 -1515 3386 90 4564
-1865 -1200 -1485 2362 -184 4252
-1647 -1108 -1699 1559 -499 3779
-1380 -1238 -2040 1217 -608 3407
-1216 -1293 -2215 941 -510 2779
-1043 -1345 -2361 850 -237 2085
-1089 -1546 -2339 821 -141 1599
-1278 -1693 -2238 753 -78 761
-1458 -1632 -1877 656 -28 158
-1500 -1526 -1703 474 -159 -669
-1297 -1313 -1534 303 -738 -1285
-1167 -990 -1219 162 -1278 -1608
-1129 -713 -981 -162 -1983 -2113
-1314 -513 -752 -428 -2317 -2505
-1452 -418 -619 -853 -2574 -3195
-1673 -299 -402 -1148 -2553 -3693
-1802 -238 -320 -1590 -2329 -4458
-2079 -263 -148 -2062 -1957 -5217
-2442 -478 -197 -2345 -1645 -5693
-2776 -615 -224 -2648 -1054 -6339
-3106 -744 -216 -2758 -559 -6672
-3221 -914 -246 -2779 -55 -6913
-3040 -1101 -312 -2721 -80 -6692
-3135 -1160 -233 -2687 -116 -6423
-3031 -1055 -153 -2671 -68 -6088
-2941 -1050 -136 -2649 50 -5499
-2577 -963 -175 -2639 116 -5046
-2193 -780 -89 -2669 122 -4317
-1959 -680 28 -2842 87 -3637
-1766 -604 115 -3045 56 -3259
-1531 -489 170 -3284 45 -2950
-1445 -486 73 -3630 38 -2651
-1471 -512 -3 -3928 176 -2570
-1488 -560 -156 -4044 399 -2617
-1635 -701 -383 -4059 906 -2814
-1590 -575 -676 -3952 1287 -2965
-1583 -487 -966 -3597 1707 -3160
-1673 -312 -1102 -3202 1956 -3320
-1655 -63 -1147 -3014 2046 -3385
-1793 131 -1056 -2963 2145 -3479
-2131 468 -990 -3100 2150 -3585
-2507 657 -960 -3519 1760 -3826
-3026 785 -955 -3903 1186 -4007
-3310 809 -1080 -4511 241 -4180
-3349 808 -1364 -4949 -169 -4032
-3214 689 -1843 -5042 -77 -3673
-3357 515 -2081 -4924 364 -2849
-4197 366 -2184 -4756 561 -2299
-4813 403 -2225 -4542 248 -1635
-5431 425 -2333 -4421 -511 -1089
-5694 538 -2252 -4423 -1001 -772
-5807 207 -2090 -4578 -1061 -198
-5584 -126 -1636 -4732 -435 317
-5513 -301 -1184 -5041 650 1279
-5614 -398 -426 -5358 952 2279
-5897 -790 346 -5524 638 2838
-6060 -1131 719 -5493 -170 3342
-6055 -1805 1219 -5204 -710 3478
-6403 -2292 1601 -4419 -1022 3280
-7151 -3363 2252 -3262 -733 2666
-7502 -4008 2562 -2281 -690 2305
-7463 -4773 3310 -726 -1299 2242
-7942 -5251 3860 272 -1825 2406
-8259 -6257 4185 1719 -2599 3032
-7781 -7032 4001 2668 -2988 3740
-7558 -7306 3668 4088 -3011 4917
-7557 -7594 3099 4968 -3011 5557
-7531 -7655 2730 5975 -3627 6191
-7140 -7689 2097 6361 -4480 6418
-5912 -7383 89 5462 -4962 5992
-5129 -7610 -105 6596 -5084 6873
-5167 -6968 -415 7233 -4624 7486
-5054 -6610 -388 7152 -4202 7624
-5106 -5909 -559 6439 -3692 7510
-4944 -5447 -1193 5864 -3640 7294
-4572 -4885 -1948 5182 -3803 6859
-4228 -4502 -2384 4818 -4148 6433
-3678 -3917 -2615 4637 -4368 6162
-3409 -3597 -2657 4318 -4548 5742
-3140 -3213 -2684 4059 -4525 5426
-2920 -2985 -2653 3587 -4500 4946
-2494 -2711 -2631 3040 -4556 4517
-2013 -2543 -2610 2676 -4544 4286
-1785 -2401 -2584 2146 -4284 3989
-1483 -2194 -2764 1878 -3987 3795
-1394 -2146 -2809 1604 -3508 3487
-1369 -2028 -2667 1437 -3165 3234
-1372 -2058 -2555 1153 -2702 2820
-1371 -2080 -2370 864 -2338 2414
-1298 -2137 -2180 676 -2155 2167
-1141 -2111 -2009 392 -1930 1865
-1105 -1864 -1888 227 -1804 1648
-1249 -1824 -1921 87 -1610 1188
-1397 -1812 -1941 43 -1329 774
-1894 -1478 -1805 6 -650 -104
-2161 -920 -1746 9 -383 -761
-2313 -595 -1667 6 -393 -1747
-2391 -182 -1443 -94 -523 -2381
-2909 426 -1147 -436 -793 -3448
-3465 943 -946 -903 -992 -4493
-3708 1171 -1007 -1308 -1110 -5403
-4046 1475 -649 -1581 -1107 -5893
-4304 1599 -382 -2029 -974 -6449
-4577 1807 -627 -2168 -927 -6678
-4452 1995 -726 -2045 -1083 -6757
-3493 1968 -661 -1760 -1471 -6240
-2583 1728 -690 -1521 -1661 -5651
-2245 1758 -732 -1128 -1604 -4737
-1692 1755 -682 -914 -1479 -4140
-1365 1617 -130 -961 -1326 -3261
-1317 1557 97 -1435 -1105 -2585
-1285 1394 138 -2019 -894 -2158
-1320 975 -240 -2297 -768 -1979
-1280 791 -413 -2459 -635 -1808
-1207 584 -550 -2450 -597 -1743
-1203 403 -536 -2372 -464 -1731
-1136 265 -448 -2295 -335 -1791
-945 250 -419 -2261 -359 -1836
-864 236 -335 -2278 -491 -1910
-653 237 -257 -2348 -622 -1957
-496 222 -222 -2512 -801 -2010
-300 144 -229 -2640 -781 -2046
-168 39 -264 -2811 -472 -2071
-73 -272 -241 -2918 -186 -2058
-117 -483 -226 -3088 182 -2038
-362 -746 -143 -3201 359 -2059
-476 -989 -89 -3387 629 -2142
-592 -1362 97 -3552 804 -2209
-689 -1653 162 -3832 928 -2287
-946 -2118 247 -4117 927 -2361
-1117 -2332 204 -4252 907 -2417
-1625 -2796 13 -4337 839 -2587
-1843 -3003 -101 -4304 757 -2748
-2290 -3169 -319 -4149 680 -3095
-2617 -3349 -373 -4051 680 -3361
-3376 -3756 -353 -4010 907 -3833
-3814 -3672 -288 -4058 1135 -4144
-4059 -3449 -230 -4256 1136 -4476
-4117 -3082 -182 -4478 898 -4495
-4087 -2887 -201 -4928 391 -4098
-4228 -2418 -165 -5455 -54 -3423
-4303 -2221 -239 -5783 -161 -2915
-4208 -1770 -268 -6160 449 -2095
-4187 -1248 -267 -6295 1031 -1534
-4390 -852 -104 -6430 1416 -752
-4977 -216 235 -6531 1270 -354
-5449 187 513 -6724 788 -3
-6755 631 869 -6813 379 19
-7637 1033 1187 -6783 -121 -113
-8140 1395 1632 -6450 -860 -295
-8092 1955 2364 -5641 -1375 13
-7681 2118 3140 -4887 -1591 651
-6969 2139 4109 -3450 -2171 2256
-6594 1834 4756 -2288 -2648 3502
-6484 1308 4169 -95 -3517 5052
-6154 1223 3599 2527 -4387 5858
-5140 891 2483 5075 -4928 6112
-4069 574 1725 6434 -5052 6170
-3634 104 1308 7581 -5082 6228
-2540 175 85 6660 -5291 5708
-2785 -1100 222 7066 -5880 5848
-1901 -1425 -506 7370 -6069 6179
-1572 -1715 -800 7370 -6102 6367
-1540 -1807 -874 7120 -5794 6525
-1774 -1689 -1030 6818 -5684 6430
-1880 -1676 -1116 6253 -5916 6037
-1655 -1478 -1293 5839 -6134 5706
-1487 -1278 -1403 5267 -6107 5230
-1138 -908 -1623 4968 -5728 4980
-963 -599 -1692 4657 -4569 4742
-748 -65 -1873 4556 -3564 4702
-895 332 -1845 4479 -2035 4700
-1284 533 -1719 4397 -1268 4709
-1582 670 -1530 4147 -517 4703
-2101 761 -1300 3878 -155 4593
-2255 571 -1262 3359 23 4383
-2534 508 -1234 2804 60 3990
-2655 365 -1324 2452 145 3599
-2749 241 -1295 1928 353 2817
-2727 -52 -1498 1634 314 2243
-3086 -398 -1666 1356 1 1206
-2912 -788 -1840 1259 -304 486
-2668 -1069 -1760 1094 -856 -415
-2226 -1199 -1591 949 -1263 -900
-1717 -1074 -1454 669 -2022 -1354
-1099 -893 -1307 328 -2686 -1573
-1015 -779 -1180 85 -2849 -1771
-1013 -597 -1048 -310 -2704 -2234
-1240 -424 -867 -709 -2265 -2909
-1404 -409 -819 -930 -1903 -3432
-1911 -508 -733 -1203 -1303 -4312
-2566 -604 -586 -1348 -943 -4966
-2879 -622 -420 -1579 -534 -5887
-3405 -790 -318 -1728 -346 -6432
-3259 -865 -242 -1934 -449 -6916
-3035 -825 -185 -2072 -735 -6987
-2898 -808 -166 -2241 -1072 -6902
-2717 -795 -224 -2337 -977 -6676
-2853 -880 -217 -2355 -587 -6551
-2705 -859 -215 -2295 173 -6276
-2332 -769 -275 -2205 475 -5951
-1880 -644 -192 -2121 478 -5210
-1718 -536 -67 -2204 154 -4338
-1533 -381 12 -2346 -75 -3797
-1568 -427 -20 -2624 -292 -3168
-1807 -592 -149 -2852 -60 -2879
-1984 -618 -394 -2926 329 -2845
-1978 -529 -601 -2885 885 -2923
-1712 -264 -844 -2800 1029 -2951
-1633 -118 -976 -2693 931 -2952
-1485 164 -985 -2741 709 -2967
-1390 421 -891 -3033 346 -3016
-1340 570 -781 -3385 140 -3074
-1323 652 -952 -3932 109 -3202
-1504 557 -1089 -4239 384 -3336
-1549 527 -1304 -4498 1038 -3480
-1659 541 -1598 -4494 1374 -3487
-1647 586 -1645 -4357 1459 -3297
-1966 577 -1621 -4274 1275 -3062
-2642 279 -1641 -4222 921 -2806
-3319 -3 -1878 -4163 887 -2667
-3690 -109 -2151 -4082 922 -2526
-3986 -238 -2253 -3958 796 -2233
-5179 -496 -2321 -3906 357 -2066
-5678 -778 -2206 -4037 -860 -1736
-5721 -1138 -2124 -4229 -1470 -1238
-5380 -1277 -1969 -4589 -1044 -79
-5064 -1295 -1799 -4832 -56 882
-5362 -1379 -1509 -5246 821 2155
-6052 -1337 -848 -5586 681 2678
-6413 -1345 -473 -6021 -540 2919
-6659 -1595 206 -6144 -1460 2833
-6595 -1971 548 -5858 -1854 2602
-6116 -2449 1241 -4985 -1538 2654
-6176 -3174 1634 -4063 -1402 2788
-6925 -4368 2386 -2289 -1452 2819
-8440 -5818 3194 -1010 -1810 2660
-8918 -6723 3441 938 -2728 2507
-8357 -7455 3627 2819 -3254 3044
-7221 -7449 3631 3919 -3136 3871
-6729 -7275 3543 5150 -2924 5430
-6685 -7182 3014 5713 -3103 6307
-6693 -7263 2340 6377 -3713 7037
-5225 -6636 -793 5878 -3991 6836
-4783 -6889 565 6334 -4567 7187
-4743 -6281 185 6681 -4756 7606
-4567 -6215 -105 6550 -4617 7588
-4284 -5654 -734 6333 -4418 7445
-4043 -5361 -1044 5957 -4195 7124
-3802 -4743 -1464 5546 -3936 6742
-3590 -4134 -1786 5290 -3923 6486
-3471 -3839 -1912 4919 -4024 6130
-3259 -3396 -2092 4690 -4150 5938
-3161 -3194 -2103 4344 -4281 5659
-2841 -2927 -2003 4072 -4349 5499
-2642 -2688 -1870 3552 -4295 5266
-2319 -2489 -1887 3008 -4049 5031
-2108 -2355 -1899 2681 -3904 4847
-2003 -2281 -1841 2202 -3736 4510
-2024 -2311 -1783 1876 -3581 4220
-1690 -2457 -1981 1512 -3327 3817
-1487 -2478 -1938 1236 -3108 3524
-1272 -2435 -1861 1049 -2911 3361
-1022 -2417 -1659 729 -2580 3126
-858 -2495 -1645 536 -2315 2942
-765 -2451 -1679 334 -1787 2598
-1113 -2335 -1839 276 -1155 2040
-1387 -1990 -2042 330 -801 1548
-1931 -1491 -1989 447 -597 622
-2030 -1049 -1909 457 -788 -481
-2190 -420 -1878 392 -1160 -1218
-2497 100 -2059 216 -1852 -2378
-2790 598 -2171 -71 -2128 -3659
-3162 1107 -2452 -299 -2054 -4484
-3466 1271 -2317 -771 -1688 -5567
-4168 1705 -1957 -1210 -1369 -6177
-4288 1949 -1597 -1985 -1181 -6731
-4347 2143 -1418 -2488 -1240 -6838
-4275 2343 -1181 -3095 -1227 -6681
-3785 2417 -799 -3533 -1177 -6091
-3181 2019 -608 -3693 -1238 -5484
-2922 1908 -473 -3681 -1108 -4593
-2497 1810 -408 -3366 -648 -3945
-2007 1514 -321 -3053 -262 -3630
-1634 1336 -204 -2600 264 -3175
-1473 1000 -179 -2202 568 -2821
-1633 780 -119 -1988 746 -2730
-1653 708 -110 -1763 880 -2753
-1569 615 -135 -1655 817 -2819
-1437 586 -65 -1601 590 -2935
-1159 544 -10 -1669 197 -2991
-831 511 23 -1782 -155 -2976
-616 445 73 -2049 -714 -2855
-371 371 126 -2290 -1047 -2742
-283 294 52 -2659 -1375 -2597
-218 74 -52 -2876 -1424 -2550
-263 -95 -96 -3160 -1179 -2557
-403 -372 -185 -3311 -858 -2624
-554 -629 -243 -3460 -296 -2803
-738 -907 -222 -3532 231 -3030
-917 -1138 -115 -3561 516 -3171
-1010 -1351 24 -3653 733 -3323
-1177 -1685 204 -3825 637 -3362
-1678 -2202 214 -3963 529 -3402
-1773 -2440 187 -4171 486 -3442
-1998 -2856 39 -4274 468 -3433
-2285 -3064 -1 -4420 415 -3441
-2589 -3212 9 -4573 428 -3490
-2861 -3368 35 -4692 491 -3521
-2993 -3402 41 -4883 483 -3483
-3136 -3285 -25 -4984 379 -3441
-3368 -3038 -157 -5074 192 -3360
-3481 -2925 -247 -5098 52 -3247
-3552 -2801 -281 -5097 -80 -3012
-3710 -2513 -284 -5089 -103 -2775
-3888 -2122 -284 -5085 -128 -2618
-3931 -1860 -323 -5090 -46 -2342
-3960 -1283 -547 -5041 227 -2135
-6158 1811 4396 -3461 -1524 2705
-6642 1437 4817 -2504 -2515 3156
-6484 549 4593 -1490 -3482 3401
-5971 -99 3919 799 -4480 3754
-4916 -628 3104 3550 -4546 4144
-4172 -1050 2560 5833 -4479 4661
-3602 -1246 2242 6845 -4679 5117
-3276 -1630 1726 7650 -5439 5897
-2932 -2002 1088 7014 -4144 5878
-2821 -2342 -997 7262 -7105 6480
-2086 -2927 -1023 7842 -7591 6689
-2023 -3092 -1636 8512 -6856 6611
-2029 -2754 -1654 8711 -5838 6324
-1915 -2458 -1846 8621 -4673 5865
-1790 -2448 -1971 8308 -4632 5509
-1580 -2086 -1883 7981 -4694 5252
-1472 -1719 -1891 7357 -4566 4826
-1321 -1449 -2053 6739 -4345 4416
-950 -1112 -2296 6411 -4091 4232
-731 -779 -2428 6091 -3385 4089
-946 -374 -2416 5943 -2699 3987
-1269 -242 -2445 5741 -1436 3731
-1549 -144 -2337 5479 37 3356
-1929 93 -2132 5222 912 3059
-2085 64 -1857 4629 1560 2620
-2134 -88 -1507 3767 1438 2216
-2352 -212 -1176 3107 1088 1911
-2466 -415 -1030 2062 257 1370
-2795 -670 -881 1377 -340 906
-2848 -700 -928 575 -1143 137
-2799 -823 -1054 224 -1680 -318
-2625 -877 -1149 -54 -2440 -830
-2336 -799 -1344 -69 -2914 -1235
-2200 -703 -1402 4 -3019 -1510
-1975 -567 -1255 68 -2876 -1983
-2087 -399 -976 35 -2628 -2365
-2228 -400 -889 -78 -2172 -3046
-2582 -449 -618 -269 -1737 -3796
-2872 -496 -365 -452 -1456 -4280
-3055 -626 -224 -778 -1050 -4945
-3107 -645 -15 -1024 -802 -5312
-3003 -690 77 -1412 -503 -5698
-2765 -748 214 -1691 -357 -5836
-2534 -730 213 -2088 -253 -5844
-2236 -754 225 -2326 -304 -5732
-2135 -768 220 -2664 -477 -5474
-2121 -798 205 -2858 -567 -5292
-2089 -846 186 -3098 -557 -5026
-1987 -845 167 -3277 -437 -4717
-1940 -866 61 -3356 -376 -4510
-1820 -790 57 -3434 -292 -4185
-1776 -741 30 -3480 -204 -3952
-1814 -760 -85 -3487 -35 -3672
-1753 -667 -107 -3458 160 -3427
-1906 -711 -277 -3356 309 -3264
-1942 -670 -249 -3252 511 -3128
-1907 -668 -285 -3198 577 -3009
-1851 -591 -288 -3145 475 -2800
-1731 -343 -219 -3164 334 -2661
-1600 -145 -179 -3287 10 -2446
-1507 29 -147 -3419 -247 -2318
-1448 93 -105 -3680 -529 -2176
-1374 174 -126 -3854 -625 -2122
-1304 236 -171 -4039 -633 -2094
-1297 235 -294 -4093 -469 -2134
-1251 223 -418 -4031 -325 -2175
-1113 281 -541 -3858 -222 -2200
-1221 249 -560 -3760 -258 -2211
-1497 87 -665 -3628 -244 -2299
-1803 -58 -899 -3481 -82 -2449
-2214 -324 -1334 -3345 86 -2549
-2501 -510 -1569 -3081 418 -2674
-3062 -580 -1491 -2944 519 -2766
-3751 -671 -1557 -2921 338 -2803
-4179 -878 -1725 -2918 -232 -2679
-4202 -1174 -2079 -2852 -605 -2059
-4165 -1396 -2188 -2820 -494 -1365
-4394 -1596 -2282 -2853 40 -125
-5454 -1848 -2505 -3005 196 843
-6455 -1661 -2562 -3166 264 1134
-6761 -1416 -2362 -3564 -201 1312
-6517 -1182 -1731 -3971 -897 1519
-5695 -1173 -1135 -4647 -1764 2211
-5082 -1285 -602 -5639 -646 4378
-5552 -2457 1685 -5348 -728 4516
-6451 -3812 2249 -4130 -1251 4025
-7336 -5302 2633 -2784 -1624 3469
-8153 -6431 2966 -263 -2233 2511
-8729 -7749 3578 1463 -2798 2094
-7586 -8152 4115 3601 -3658 2465
-6404 -7961 4221 4970 -3893 4306
-5840 -7897 3775 5539 -3611 5741
-6174 -8066 3151 6098 -3178 7202
-6300 -8037 1984 6355 -3483 7650
-5266 -7370 2721 5141 -3457 7198
-5078 -7564 -516 6120 -4242 7481
-4358 -7039 -1003 6709 -4056 7942
-4545 -6607 -1060 6927 -4184 8042
-4724 -6220 -1066 6624 -4325 7816
-4764 -6072 -1478 6029 -4829 7215
-4439 -5761 -2130 5729 -5133 6793
-4194 -5417 -2614 5527 -5447 6277
-3645 -4852 -3067 5495 -5609 5925
-3197 -4333 -2958 5275 -5281 5699
-2824 -3820 -2874 4982 -4915 5601
-2737 -3523 -2853 4411 -4490 5427
-2525 -3238 -2704 3946 -4254 5273
-2148 -2953 -2805 3210 -3957 5044
-1840 -2773 -2854 2562 -3681 4810
-1341 -2558 -2769 1993 -3198 4572
-810 -2411 -2584 1632 -2860 4431
-460 -2364 -2472 1124 -2461 4229
-24 -2267 -2240 635 -2170 3931
67 -2107 -2046 313 -1966 3578
-63 -2022 -2015 -108 -1454 2702
-181 -1964 -2063 -308 -1006 1947
-442 -1873 -2078 -446 -269 659
-984 -1578 -2148 -323 281 -783
-1393 -1317 -2056 -125 348 -1743
-1861 -880 -1857 183 -125 -3018
-2502 -463 -1820 360 -716 -3780
-2912 -310 -1868 456 -1515 -4849
-3872 34 -1427 259 -1621 -5622
-4371 267 -1406 -304 -1524 -6762
-4594 638 -1194 -784 -1458 -7311
-4601 791 -1043 -1490 -1257 -7650
-4598 1185 -1324 -1809 -1221 -7461
-4425 1439 -1794 -1669 -1250 -7043
-3637 1486 -1944 -1365 -1276 -6358
-3261 1447 -1636 -986 -1297 -5070
-2948 1453 -913 -924 -1171 -4288
-2816 1377 -568 -1131 -896 -3397
-2666 1200 -820 -1382 -676 -2914
-2566 1085 -926 -1506 -490 -2811
-2376 1042 -781 -1763 -266 -2821
-2049 882 -478 -2153 -334 -2828
