-3808 -868 -1187 -2313 -785 -2483
-3648 -499 -1304 -2360 -756 -2263
-3464 -244 -1377 -2474 -382 -1704
-3291 95 -1569 -2607 172 -961
-3663 332 -1381 -2774 436 -510
-4200 285 -1136 -3212 440 -18
-4503 251 -1023 -3676 71 274
-4708 226 -842 -3902 -118 439
-4810 180 -624 -4054 -328 744
-5187 77 39 -4062 -442 1106
-5702 -38 1052 -4042 -632 1380
-6106 -178 1829 -3920 -1076 1817
-6613 -437 2753 -3447 -1326 2229
-7048 -891 3912 -2930 -1208 2521
-7174 -1204 4481 -1800 -1088 3222
-7148 -1700 4912 -116 -1751 4419
-7343 -2233 4960 1235 -2554 5323
-7447 -2805 4740 3351 -4153 6467
-6982 -3684 3934 5305 -5090 7164
-5880 -4353 2759 6439 -4905 7481
-5102 -4672 1542 7765 -3899 7968
-693 -3803 3966 7920 -3185 8249
-6033 -5035 -641 8694 -4875 8671
-5490 -5529 -1477 8971 -6808 9188
-5252 -5384 -1490 9088 -7229 9130
-4766 -5363 -1915 8687 -5710 9025
-4303 -4827 -2407 8337 -4695 9088
-4028 -4693 -2649 7679 -3867 9357
-4024 -4138 -2553 6661 -3258 9294
-3807 -4047 -2907 5946 -3021 9058
-3384 -3937 -3078 4957 -2774 8441
-2986 -3752 -3096 4062 -2468 7643
-2269 -3319 -3058 3313 -2130 6832
-1491 -3005 -3076 2898 -1887 6348
-1140 -2759 -2979 2343 -1421 5624
-740 -2397 -2934 1989 -1173 5104
-530 -2307 -2948 1512 -1069 4265
-363 -2282 -2908 1101 -1220 3330
-310 -2297 -2873 862 -1439 2646
-265 -2329 -2921 617 -1906 1561
-176 -2289 -2906 512 -2234 825
-110 -2129 -2802 411 -2484 -229
72 -1747 -2625 385 -2475 -821
248 -1530 -2424 384 -2274 -1405
325 -1183 -2139 413 -2066 -1609
184 -967 -1924 529 -1803 -1758
49 -828 -1664 627 -1682 -1880
-393 -611 -1184 622 -1660 -2044
-988 -586 -929 539 -1708 -2590
-2015 -648 -628 464 -1786 -3154
-2656 -673 -506 411 -1906 -4144
-3663 -555 -266 434 -1907 -5210
-4298 -443 -93 432 -1871 -5914
-5020 -47 304 296 -1856 -6804
-5161 170 451 130 -1904 -7112
-4975 -66 509 -176 -2136 -6980
-4945 -102 482 -379 -2343 -6602
-4928 18 475 -644 -2620 -5865
-4700 87 510 -828 -2822 -5309
-4511 148 487 -1126 -3115 -4492
-4027 335 454 -1331 -3143 -4001
-3574 482 444 -1646 -2914 -3347
-2899 784 560 -1885 -2584 -2961
-2574 931 541 -2249 -2012 -2500
-2176 1058 248 -2497 -1707 -2168
-1984 1102 61 -2595 -1610 -2016
-1772 1043 -138 -2686 -1406 -1884
-1856 895 -157 -2738 -1114 -1891
-1806 840 -208 -2775 -483 -1944
-1552 730 -283 -2760 -69 -1911
-1374 622 -279 -2710 446 -1679
-1143 534 -502 -2551 771 -1262
-1055 589 -646 -2409 777 -936
-1111 580 -645 -2225 617 -499
-1167 536 -498 -2157 516 -286
-1228 534 -436 -2131 425 -90
-1228 541 -460 -2121 403 -26
-1109 557 -514 -2078 428 19
-1061 656 -445 -2065 507 17
-1047 715 -418 -2080 619 -22
-1063 786 -287 -2191 665 -135
-1109 903 -212 -2301 691 -257
-1118 953 -248 -2453 661 -486
-1182 871 -376 -2537 555 -776
-1401 652 -448 -2560 547 -1022
-1670 255 -540 -2560 722 -1481
-1776 80 -545 -2561 975 -1922
-1945 -142 -644 -2520 1188 -2274
-1916 -246 -730 -2449 1250 -2400
-1810 -266 -786 -2300 1069 -2382
-1536 -294 -853 -2177 731 -2211
-1186 -382 -876 -2011 -27 -1761
-1012 -395 -841 -1918 -838 -1204
-870 -365 -796 -1943 -1374 -750
-827 -622 -978 -1999 -1518 -549
-1063 -933 -1086 -2130 -1180 -532
-1734 -1416 -1256 -2289 49 -969
-3837 -3062 -2156 -4261 429 -2310
-3839 -2725 -2232 -4220 103 -1727
-3983 -2193 -1992 -4264 -284 -1179
-4167 -1546 -1692 -4452 -531 -792
-4164 -908 -1153 -4658 -479 -583
-4133 -522 -777 -5010 -3 -213
-4239 -212 -76 -5366 358 329
-4664 -144 1178 -5841 57 981
-5555 -997 2694 -6202 -169 1387
-6751 -2533 3722 -6228 66 1846
-7921 -4197 4127 -4862 287 1952
-8954 -6095 4517 -3250 27 2103
-9063 -6847 4846 -257 -1042 2767
-8070 -7134 5896 1640 -1661 3597
-7038 -6760 6330 3748 -2205 5353
-6450 -6589 5900 5075 -3051 7023
-6028 -7011 3480 6193 -4066 7958
-5674 -6975 2479 7142 -4002 8163
-6118 -4863 5795 5981 -5748 6701
-3578 -6793 151 6410 -3931 6819
-1847 -6837 -2094 7670 -2396 8055
-4137 -5281 -873 7775 -1701 8367
-4527 -5660 -676 7035 -2081 8155
-4764 -5337 -859 5938 -3121 7465
-4307 -5295 -1508 5339 -3503 6973
-3784 -5217 -2162 4896 -3716 6498
-3291 -4736 -2626 4757 -3401 6168
-3013 -4244 -2531 4502 -2876 5876
-2720 -3752 -2284 4206 -2621 5706
-2461 -3531 -2157 3658 -2529 5538
-2088 -3308 -1938 3267 -2668 5482
-1817 -3222 -1756 2671 -3043 5428
-1413 -3205 -1577 2287 -3295 5363
-1150 -3263 -1478 1770 -3639 5191
-714 -3269 -1389 1309 -3753 4872
-353 -3243 -1230 1022 -3584 4548
-122 -3158 -1238 690 -3124 3892
-2 -2947 -1231 560 -2809 3323
-28 -2756 -1290 528 -2370 2266
-125 -2570 -1475 636 -2189 1464
-601 -2306 -1544 954 -1960 114
-797 -1966 -1529 1345 -1818 -1258
-1048 -1589 -1604 1607 -1959 -2054
-1537 -1293 -1673 1865 -2345 -3263
-2093 -739 -1271 1601 -2473 -4548
-2540 -359 -1004 1151 -2507 -5289
-2959 -46 -938 196 -2549 -6147
-3521 163 -1216 -683 -2553 -6547
-4176 112 -1575 -1110 -2447 -6582
-4881 70 -1737 -1473 -2070 -6506
-6017 448 -1653 -1574 -1832 -6462
-6292 702 -1682 -1560 -2003 -6219
-5582 838 -1657 -1481 -2295 -5724
-4833 912 -1624 -1277 -2381 -4460
-3870 989 -1626 -1060 -2102 -3451
-3361 958 -1447 -739 -1101 -1986
-3003 942 -1061 -611 -310 -1173
-3084 897 -856 -595 524 -378
-3238 790 -800 -681 871 -101
-3280 716 -758 -753 862 -117
-3044 809 -749 -843 626 -256
-2505 899 -737 -878 453 -321
-2138 893 -701 -921 280 -314
-1584 795 -627 -984 134 -184
-1277 800 -562 -1057 88 -86
-1149 854 -573 -1205 88 -19
-991 871 -601 -1329 114 -21
-1081 629 -491 -1594 241 -119
-613 720 -546 -1812 255 -174
-876 871 -481 -2122 106 -416
-1405 740 -351 -2508 -329 -1017
-2127 434 -202 -2935 -1172 -1977
-2420 233 -147 -3177 -1949 -2661
-3092 59 481 -3596 -3630 -3691
-3770 277 -174 -3838 -5349 -4894
-2263 1235 -1592 -3600 -6235 -5408
-1152 1333 -2377 -2110 -5231 -5302
1216 541 -2121 -673 -3100 -4622
3022 172 -1343 1234 72 -2332
2126 -356 -480 2244 2371 242
1231 -177 594 2091 3392 1571
-371 386 1715 736 4390 2546
-848 578 1500 -457 4704 2587
-876 772 592 -1580 4034 2306
-531 563 214 -2834 1722 1568
-546 -379 -142 -3595 -290 662
-195 -843 -614 -3771 -746 54
-196 -1084 -1087 -3481 -612 -951
-585 -1889 -1290 -2915 114 -2212
-1437 -2347 -1038 -2621 702 -3193
-1884 -2551 -851 -2460 1003 -4570
-2283 -2881 -337 -2744 387 -5351
-2388 -3108 19 -3129 -139 -5421
-2403 -3237 -2 -3719 -732 -4927
-2423 -3417 -141 -4127 -1015 -3992
-2484 -3561 -225 -4285 -914 -3333
-2721 -3585 -248 -4394 -409 -2649
-3017 -3406 -239 -4379 99 -2425
-3048 -3078 -369 -4266 209 -2433
-2953 -2823 -507 -3952 20 -2518
-2736 -2425 -632 -3597 -427 -2606
-2588 -2138 -833 -3383 -609 -2674
-2510 -1862 -1110 -3093 -667 -2762
-2464 -1606 -1401 -2915 -239 -2797
-2751 -1446 -1564 -2905 221 -2877
-3377 -1207 -1368 -3223 790 -3042
-3939 -1004 -1215 -3651 856 -3072
-4178 -908 -1348 -4324 543 -2825
-4133 -946 -1527 -4668 410 -2378
-4208 -1012 -1534 -5071 345 -1500
-4937 -1038 -1275 -5451 136 -858
-5514 -1224 -948 -5681 -292 -568
-5696 -1048 -639 -5841 -835 -202
-5836 -704 99 -5748 -1456 424
-6368 -472 1129 -5550 -2080 960
-6797 -461 2025 -4973 -2623 1700
-7224 -577 3490 -4083 -1979 2371
-7965 -1215 4857 -3280 -1204 2884
-8560 -1459 5620 -1667 -753 3812
-8722 -1896 6137 434 -2106 5167
-6165 -3134 4625 5028 -4529 7709
-5586 -3392 3706 6748 -4760 8239
-1800 -209 -204 6581 -6566 7673
-3189 -4937 -1311 8427 -6735 8157
-2300 -3465 -3161 4474 -1525 5625
-1828 -3382 -2993 3959 -1230 5143
-1527 -3241 -2841 3177 -804 4566
-1027 -3006 -2716 2449 -557 4208
-577 -2809 -2618 2020 -493 4060
-320 -2575 -2582 1452 -444 3850
7 -2261 -2472 1122 -464 3667
135 -2052 -2420 708 -644 3249
254 -1836 -2389 425 -1003 2608
497 -1630 -2404 316 -1257 2086
607 -1535 -2441 298 -1445 1221
712 -1321 -2441 419 -1445 307
687 -1038 -2374 536 -1506 -301
577 -832 -2242 704 -1707 -1221
277 -661 -1982 760 -1922 -1818
-17 -578 -1868 789 -2384 -2661
-457 -479 -1793 820 -2689 -3154
-766 -492 -1694 887 -2904 -3772
-1383 -699 -1535 930 -2852 -4128
-2010 -815 -1398 963 -2424 -4672
-3163 -1062 -1000 898 -1654 -5272
-4207 -1172 -697 836 -1248 -5652
-4685 -1165 -526 756 -1004 -6070
-5122 -925 -294 667 -1302 -6187
-5389 -746 -129 569 -1803 -6151
-5296 -703 -90 360 -2572 -5938
-4922 -405 60 185 -2670 -5704
-4497 -251 170 -115 -2080 -5182
-3995 -132 288 -372 -1533 -4744
-3803 -14 298 -848 -1019 -4104
-3445 168 309 -1420 -1087 -3581
-2921 321 184 -1807 -1338 -3284
-2518 355 -44 -2275 -1732 -2900
-1885 457 -250 -2612 -1878 -2562
-1461 432 -414 -2791 -1820 -2380
-1274 343 -476 -2977 -1450 -2202
-1156 298 -487 -3061 -1044 -2150
-1165 193 -557 -3144 -487 -2166
-1170 147 -614 -3181 -196 -2190
-1123 159 -598 -3210 -170 -2163
-1028 233 -574 -3279 -387 -2020
-941 235 -505 -3423 -792 -1763
-735 274 -458 -3548 -1070 -1538
-607 239 -470 -3707 -1320 -1173
-451 116 -478 -3809 -1209 -846
-463 81 -544 -3810 -959 -722
-516 48 -556 -3742 -416 -676
-745 -48 -605 -3656 61 -754
-883 -57 -626 -3487 725 -996
-1190 18 -599 -3341 1119 -1332
-1548 -17 -662 -3248 1243 -1575
-1831 -28 -576 -3187 1235 -1902
-2195 -148 -604 -3188 1071 -2227
-2579 -325 -549 -3226 866 -2449
-2710 -385 -627 -3255 232 -2705
-2787 -461 -732 -3235 -359 -2820
-2661 -492 -938 -3107 -1287 -2892
-2488 -459 -1094 -2838 -1996 -2857
-2210 -537 -1153 -2473 -2002 -2713
-1990 -651 -1024 -2233 -1589 -2548
-1803 -752 -957 -1957 -868 -2148
-1825 -946 -699 -1846 -141 -1697
-1844 -927 -659 -1823 197 -1414
-1893 -931 -552 -1848 354 -995
-1943 -990 -432 -1972 105 -562
-2269 -1257 -608 -2054 -202 -343
-2538 -1505 -811 -2045 -406 -259
-2663 -1910 -962 -1950 -150 -358
-2790 -2141 -1121 -1861 117 -457
-3083 -2460 -1207 -1709 498 -655
-3201 -2884 -1321 -1636 650 -705
-3309 -3025 -1554 -1535 501 -590
-3451 -3123 -1815 -1506 45 -346
-3502 -3044 -2156 -1570 -265 -105
-3620 -2839 -2300 -1693 -97 -24
-3709 -2544 -2306 -2071 298 14
-3798 -1925 -2242 -2424 393 56
-3829 -1587 -2203 -3002 266 289
-3766 -981 -1967 -3387 4 586
-3741 -686 -1707 -3909 -267 1143
-3838 -419 -1137 -4418 -268 1669
-4092 -418 -99 -4813 -159 1931
-4561 -868 669 -5380 151 2119
-5747 -1819 1774 -5557 351 2063
-6519 -2598 2510 -5261 430 1901
-7902 -4212 3562 -4620 271 1856
-8763 -5906 4358 -2947 -234 2124
-8606 -6908 5378 -661 -1161 3129
-8112 -7127 6163 1500 -1906 4782
-7395 -7251 6352 3370 -2702 6421
-4724 -5836 -1243 6798 -2934 7500
-4416 -5628 -1763 5417 -1799 7361
-4106 -5256 -2609 4826 -1688 7458
-3913 -5018 -2968 4340 -1970 7580
-3599 -4605 -2990 4095 -2300 7506
-3328 -4313 -2820 3593 -2702 7069
-2848 -3846 -2628 3165 -2896 6633
-2244 -3485 -2521 2473 -3111 5895
-1810 -3265 -2481 1814 -3128 5210
-1220 -2990 -2426 1417 -3040 4813
-893 -2816 -2429 944 -2803 4298
-459 -2593 -2348 586 -2557 3842
-206 -2448 -2183 388 -2346 3546
-96 -2354 -2119 148 -2048 3046
-54 -2156 -1987 -3 -1826 2411
-154 -1948 -1903 -48 -1745 1907
-234 -1840 -1799 -87 -1776 1089
-521 -1561 -1744 -89 -1917 158
-833 -1306 -1725 -66 -2043 -494
-1026 -1159 -1665 -36 -2125 -1507
-1248 -738 -1602 -14 -2064 -2179
-1238 -478 -1569 35 -1790 -3068
-1337 -269 -1470 41 -1547 -3548
-1602 -218 -1348 -60 -1191 -4207
-2282 44 -1228 -300 -917 -4937
-3019 222 -1054 -529 -871 -5425
-3519 283 -1006 -905 -865 -6035
-4162 263 -1490 -997 -823 -6282
-4476 423 -1903 -792 -749 -6373
-4574 637 -1922 -405 -870 -6138
-4330 1106 -1555 -224 -1118 -5785
-3939 1419 -1385 -163 -1640 -4922
-3586 1669 -1423 -176 -1892 -4265
-3493 1681 -1461 -241 -1919 -3450
-3336 1658 -1176 -380 -1693 -3086
-3193 1662 -895 -800 -1188 -2768
-2969 1561 -529 -1184 -942 -2634
-2678 1449 -579 -1681 -897 -2374
-2230 1245 -733 -1883 -1107 -1980
-1787 1030 -981 -1833 -1214 -1686
-1607 926 -1011 -1592 -1179 -1331
-1420 711 -1140 -1394 -1042 -1195
-1388 619 -1204 -1120 -807 -1187
-1402 499 -1258 -978 -638 -1410
-1307 493 -1040 -1054 -575 -1620
-1107 538 -724 -1405 -492 -1927
-823 534 -422 -1751 -442 -2056
-644 450 -270 -2331 -466 -2050
-418 345 -166 -2671 -498 -1925
-321 217 -190 -2991 -499 -1620
-206 42 -300 -3055 -422 -1390
-260 -135 -478 -2921 -136 -1102
-311 -254 -580 -2574 175 -947
-470 -312 -638 -2292 368 -943
-536 -335 -553 -1933 649 -1068
-691 -432 -270 -1811 800 -1211
-837 -521 -75 -1833 819 -1490
-1085 -667 154 -1980 651 -1693
-1253 -842 325 -2317 334 -2010
-1178 -963 411 -2716 18 -2152
-1186 -1296 411 -3076 -291 -2156
-1488 -1652 333 -3242 -356 -2175
-1836 -1992 297 -3426 -201 -2353
-2444 -2462 246 -3510 1 -2584
-2624 -2624 209 -3570 264 -2923
-2776 -2781 173 -3581 323 -3082
-2900 -2806 249 -3622 124 -3233
-3078 -2742 232 -3679 -281 -3307
-3180 -2733 178 -3772 -1055 -3411
-2980 -2679 9 -3838 -1332 -3456
-2547 -2526 -17 -3853 -905 -3395
-2405 -2386 -9 -3847 55 -3231
-2433 -2167 54 -3840 427 -3094
-2547 -1964 105 -3866 337 -2906
-2652 -1776 90 -3895 -33 -2793
-2645 -1589 63 -3897 -625 -2650
-2569 -1355 -134 -3747 -937 -2558
-2422 -1306 -289 -3569 -796 -2502
-2386 -1295 -345 -3261 -70 -2417
-2628 -1315 -452 -3038 495 -2384
-2920 -1235 -580 -2734 909 -2314
-3171 -1175 -685 -2569 546 -2168
-3375 -1051 -878 -2558 47 -2039
-3431 -1003 -1074 -2658 -516 -1871
-3509 -898 -1527 -2798 -622 -1741
-3423 -708 -1794 -2924 -380 -1631
-3440 -440 -1779 -3221 228 -1378
-3445 32 -1819 -3461 465 -1130
-3454 361 -1708 -3849 279 -591
-3590 839 -1526 -4186 -280 -10
-3726 1043 -1390 -4322 -476 295
-3988 1217 -1118 -4374 -508 596
-4528 1310 -670 -4283 -565 735
-5477 1051 121 -4177 -655 758
-6127 929 773 -3920 -629 860
-7159 448 2052 -3653 -634 1079
-8393 -424 3498 -3088 -858 1641
-8771 -1014 4339 -2012 -1297 2516
-8418 -1888 5327 -294 -1533 3897
-8462 -2554 5963 1078 -2059 4917
-8612 -3133 6202 3117 -3720 6125
-8158 -4011 5721 4404 -5006 6648
-6897 -4753 4414 6240 -6511 7263
-5953 -5234 3254 7951 -7295 7855
-1328 -4182 -4195 6742 -5919 7278
-4124 -6201 -313 8966 -5939 8070
-5104 -5882 -1174 10311 -4592 8658
-5424 -5655 -1175 10170 -4352 8278
-5224 -5401 -1788 9268 -4382 7589
-4430 -5066 -2755 8718 -4221 7306
-3741 -4782 -3253 8139 -3998 7428
-3252 -4243 -3403 7507 -3566 7693
-3245 -3906 -2965 6808 -3164 7656
-3338 -3860 -2827 5485 -2556 7286
-3094 -3921 -3064 4685 -2166 6959
-2889 -3848 -3251 3822 -1726 6490
-2413 -3604 -3321 3212 -1448 6067
-1976 -3279 -3212 2820 -1397 5778
-1698 -3087 -3095 2201 -1543 5241
-1157 -2795 -2998 1769 -1659 4840
-705 -2647 -2983 1150 -1668 4264
-180 -2468 -2954 602 -1555 3706
72 -2386 -2945 310 -1580 3300
429 -2299 -2871 -7 -1722 2615
617 -2175 -2816 -132 -1841 2093
856 -1844 -2725 -173 -1940 1517
1102 -1449 -2608 -123 -1978 597
1224 -1178 -2545 27 -1831 -299
1259 -962 -2437 148 -1662 -872
1074 -754 -2121 253 -1286 -1716
855 -609 -1807 245 -968 -2247
237 -448 -1485 219 -665 -2772
-408 -432 -1375 271 -302 -3617
-1558 -488 -1152 394 -141 -4506
-2512 -649 -944 455 -159 -5146
-3893 -809 -596 458 -182 -6084
-4699 -1004 -220 404 -89 -6538
-5052 -973 -131 339 -101 -6861
-5380 -978 -44 323 -293 -6845
-5593 -827 54 274 -641 -6598
-5755 -716 -8 250 -826 -6363
-5581 -714 -117 219 -994 -5881
-5180 -551 -244 192 -1024 -5488
-4928 -362 -252 50 -1136 -4922
-4438 51 -131 -157 -1273 -4603
-4080 326 -29 -640 -1469 -4212
-3540 751 71 -1022 -1592 -4003
-3150 1034 88 -1559 -1795 -3726
-2512 1251 29 -1947 -1835 -3388
-2051 1237 -327 -2050 -1701 -3135
-1963 1203 -457 -2018 -1291 -2823
-1884 1145 -501 -1936 -903 -2595
-1832 1059 -526 -1903 -811 -2454
-1689 970 -492 -1925 -869 -2211
-1397 960 -414 -1986 -970 -2002
-1173 967 -394 -2115 -1164 -1597
-904 876 -414 -2203 -1271 -1296
-797 741 -524 -2287 -1253 -868
-775 613 -751 -2249 -927 -573
-922 533 -850 -2191 -569 -472
-996 459 -813 -2129 -109 -407
-926 461 -718 -2138 14 -288
-788 460 -668 -2169 -56 -148
-804 473 -618 -2234 -194 40
-787 411 -626 -2310 -191 146
-868 382 -622 -2367 -54 129
-941 346 -676 -2441 244 -31
-1150 330 -649 -2521 376 -234
-1412 215 -681 -2682 426 -721
-1774 -53 -629 -2875 200 -1359
-1995 -213 -550 -3004 -247 -1801
-2033 -380 -566 -3141 -1098 -2372
-1796 -605 -679 -3099 -1566 -2648
-1366 -832 -1066 -2891 -1367 -2620
-1250 -1011 -1177 -2344 -156 -2353
-1325 -1230 -1062 -1798 1049 -1909
-1756 -1186 -805 -1551 1288 -1615
-1873 -1174 -535 -1463 874 -1189
-1778 -1154 -412 -1648 46 -799
-1800 -1221 -403 -1935 -424 -609
-1755 -1295 -490 -2100 -374 -608
-1931 -1548 -601 -2286 146 -828
-2323 -1891 -693 -2365 667 -1108
-2680 -2187 -707 -2441 1311 -1620
-3168 -2711 -806 -2454 1538 -2070
-3136 -3147 -860 -2441 1504 -2168
-3051 -3259 -868 -2442 1025 -2002
-3162 -3324 -762 -2534 341 -1737
-3109 -3256 -750 -2620 74 -1607
-3027 -3230 -852 -2692 173 -1483
-3020 -3114 -970 -2624 842 -1498
-2940 -2928 -939 -2456 1386 -1509
-2961 -2580 -817 -2318 1397 -1508
-3005 -2411 -616 -2195 1061 -1513
-2895 -2145 -516 -2110 481 -1455
-2643 -1982 -569 -2041 124 -1353
-2555 -1935 -610 -1905 20 -1164
-2563 -1780 -649 -1793 347 -1025
-2754 -1670 -550 -1783 647 -976
-2848 -1543 -469 -1876 1042 -863
-2949 -1310 -477 -2032 1044 -559
-3185 -893 -468 -2199 515 -104
-3313 -512 -184 -2391 3 246
-3378 -170 -1 -2770 -559 725
-3548 -26 328 -3158 -617 1120
-4042 -326 729 -3355 -484 1357
-4572 -648 1127 -3467 -293 1667
-5650 -1278 1792 -3232 -325 1910
-6968 -2236 2631 -2624 -696 2147
-7500 -3141 3271 -1566 -1176 2690
-6990 -3779 3963 -688 -1419 3425
-6659 -4048 4305 742 -1931 4932
-6494 -4466 4445 2140 -2630 6315
-6349 -4814 4108 3346 -3497 7190
-5854 -5304 2708 4396 -4353 7610
-5485 -5525 1870 5335 -4863 7741
-5043 -5719 794 4417 -2775 7082
-4899 -5508 -1368 5319 -3671 7102
-4503 -5948 -1187 6600 -4332 7718
-5325 -5529 -1537 7222 -4693 7685
-5254 -5413 -1173 7141 -4742 7438
-5114 -5254 -1262 6608 -4990 6963
-4695 -5080 -1565 6249 -5071 6720
-4284 -4840 -1799 5860 -4847 6553
-3923 -4462 -1980 5537 -4233 6516
-3683 -4029 -2074 5310 -3794 6504
-3490 -3766 -2074 4871 -3230 6482
-3249 -3453 -2031 4303 -2955 6388
-2931 -3128 -1976 3841 -2972 6247
-2627 -2990 -1936 3112 -3239 5946
-2057 -2737 -1878 2402 -3553 5531
-1474 -2376 -1770 1978 -3508 5204
-1125 -2217 -1787 1457 -3027 4672
-697 -2060 -1854 1192 -2595 4287
-510 -1955 -1841 862 -1819 3634
-558 -1909 -1921 690 -1256 3111
-632 -1929 -1976 522 -528 2206
-966 -1839 -2002 471 -182 1522
-1129 -1669 -2048 489 -31 410
-1270 -1273 -2048 545 -258 -302
-1286 -994 -1989 588 -993 -1282
-1243 -596 -1797 527 -1585 -1875
-1159 -233 -1694 310 -2281 -2679
-1171 199 -1573 7 -2470 -3414
-1420 479 -1442 -223 -2302 -3876
-1537 509 -1436 -520 -1770 -4369
-2088 579 -1602 -599 -1117 -4658
-2440 663 -1914 -470 -816 -4729
-2806 733 -2319 -94 -769 -4645
-3214 1022 -2261 139 -981 -4529
-3255 1309 -2062 254 -1482 -4258
-3100 1498 -1651 115 -1736 -3975
-3088 1470 -1714 -270 -1845 -3494
-3051 1507 -1660 -679 -1546 -3052
-3067 1383 -1515 -1076 -1002 -2693
-3031 1084 -1541 -1265 -708 -2484
-2903 1004 -1387 -1459 -377 -2194
-2621 868 -1084 -1566 -199 -2000
-2355 762 -926 -1680 -45 -1691
-1957 631 -823 -1691 66 -1363
-1622 509 -888 -1621 112 -1166
-1438 477 -904 -1452 28 -936
-1225 421 -772 -1364 -90 -858
-1104 388 -596 -1351 -269 -848
-939 366 -454 -1450 -441 -948
-869 332 -407 -1540 -573 -1070
-798 312 -402 -1683 -768 -1276
-642 228 -452 -1749 -883 -1395
-531 128 -490 -1797 -1061 -1490
-633 171 -471 -1801 -1096 -1563
-690 213 -391 -1801 -997 -1715
-530 180 -222 -1884 -779 -1861
-339 157 -36 -1994 -591 -1917
-265 168 -1 -2173 -278 -1956
-236 137 9 -2263 -95 -1961
-401 -52 35 -2345 116 -1954
-569 -207 61 -2371 340 -1995
-674 -392 117 -2368 462 -2015
-813 -513 205 -2380 614 -2029
-897 -662 314 -2408 656 -2006
-880 -823 313 -2485 589 -1880
-1115 -1174 367 -2569 540 -1805
-1353 -1393 388 -2708 666 -1839
-1840 -1750 355 -2793 1117 -2128
-2353 -2076 266 -2791 1555 -2451
-2690 -2255 235 -2720 2042 -3049
-2946 -2362 275 -2701 2031 -3416
-3094 -2412 394 -2838 1451 -3841
-3006 -2375 489 -3206 364 -4031
-2903 -2286 433 -3539 -485 -4056
-2881 -2297 316 -4007 -1361 -4077
-2573 -2333 5 -4266 -1462 -4023
-2330 -2429 -396 -4263 -1253 -3940
-2357 -2653 -605 -4062 -597 -3833
-2634 -2902 -775 -3790 278 -3843
-3089 -2930 -768 -3672 704 -3953
-3288 -2908 -695 -3723 623 -4087
-3448 -2572 -589 -3932 204 -4091
-3441 -2311 -604 -4423 -656 -3919
-3402 -1941 -865 -4905 -1317 -3547
-3323 -1534 -1196 -5132 -1244 -3212
-3366 -1160 -1265 -5368 -299 -2616
-3756 -579 -937 -5736 684 -1963
-4724 75 -532 -6280 738 -1414
-5598 388 -167 -6675 215 -1071
-5974 512 9 -7084 -648 -494
-6243 501 422 -7132 -839 -55
-6378 415 925 -6862 -583 633
-7046 153 2039 -6271 -111 1197
-8176 -418 3496 -5706 -37 1452
-8818 -733 4354 -4382 -611 1801
-8771 -1313 5663 -2441 -1850 2637
-8251 -2016 6284 -791 -2438 3488
-8177 -2468 6447 1980 -2767 4813
-8389 -2817 6402 3698 -3493 5560
-7908 -3523 5450 5835 -5565 6415
-7023 -4018 4421 7614 -7110 6969
-5257 -4733 2629 8639 -7023 7281
-3468 -4713 794 8583 -5864 6813
-2848 -5997 -1560 10534 -3069 8127
-5128 -4435 -887 11181 -3012 8601
-5573 -5134 -1135 10838 -4445 8419
-5220 -5044 -1485 9909 -6157 7759
-3836 -4656 -2104 9012 -5521 7310
-2779 -4118 -2594 8545 -4365 7346
-2687 -3708 -2525 7685 -2532 7539
-2999 -3400 -2602 6975 -1985 7543
-2993 -3330 -2697 5903 -2143 7276
-2769 -3197 -2841 4994 -2437 6680
-2627 -3206 -2828 4494 -2359 6118
-2453 -3145 -2718 3762 -1933 5192
-2205 -3076 -2550 3261 -1584 4585
-1895 -3051 -2526 2556 -1094 3849
-1337 -2947 -2520 2145 -790 3539
-1044 -2917 -2539 1621 -468 3246
-690 -2775 -2389 1271 -427 3094
-508 -2675 -2283 735 -588 2831
-271 -2520 -2244 415 -818 2592
-59 -2394 -2358 83 -1230 2126
248 -2164 -2487 -20 -1374 1745
309 -1976 -2526 -83 -1251 1032
305 -1701 -2578 -80 -1089 457
282 -1519 -2593 -26 -897 -495
231 -1288 -2544 21 -875 -1117
79 -1193 -2441 81 -980 -1955
-35 -997 -2078 60 -1129 -2571
-183 -773 -2012 85 -1192 -2877
-357 -596 -1959 216 -1110 -3176
-543 -537 -1766 295 -914 -3301
-1304 -501 -1306 278 -668 -3551
-2494 -636 -909 183 -662 -3818
-3196 -765 -769 13 -704 -4379
-4160 -711 -691 -28 -614 -4839
-4706 -650 -594 19 -430 -5539
-5465 -459 -466 98 -563 -6118
-5772 -334 -378 120 -767 -6357
-5926 -167 -241 60 -992 -6428
-5770 -33 -137 -23 -996 -6276
-5488 -29 -217 -135 -797 -5693
-5053 -114 -427 -224 -657 -4808
-4812 -22 -356 -344 -671 -4231
-4704 110 -225 -701 -797 -3609
-4300 260 -19 -1039 -961 -3336
-3934 407 93 -1624 -1245 -3030
-3160 556 113 -2119 -1534 -2682
-2406 641 15 -2326 -1714 -2395
-1985 658 -24 -2473 -1792 -1956
-1468 662 -132 -2479 -1635 -1699
-1242 643 -300 -2349 -1071 -1409
-1001 617 -693 -2160 -658 -1281
-885 684 -755 -1878 -358 -1159
-703 862 -676 -1763 -510 -1099
-528 981 -472 -1828 -791 -1092
-438 1037 -329 -2139 -1279 -1119
-382 946 -174 -2452 -1464 -1172
-174 945 -176 -2909 -1283 -1169
36 939 -364 -3129 -550 -1033
85 947 -644 -3090 1 -893
-45 988 -719 -2869 539 -693
-578 905 -772 -2697 634 -648
-955 822 -607 -2569 568 -782
-1551 747 -511 -2568 557 -1011
-1973 660 -669 -2534 753 -1555
-2134 559 -910 -2390 982 -2063
-2094 485 -1000 -2280 937 -2258
-1899 312 -1113 -2196 481 -2287
-1697 79 -1169 -2246 -69 -2176
-1611 94 -1131 -2501 -1133 -1977
-1452 142 -1281 -2741 -1697 -1906
-1238 42 -1557 -2967 -1986 -1875
-975 -173 -2010 -2972 -1363 -1870
-1065 -598 -2210 -2910 -603 -1881
-1397 -940 -2352 -2818 544 -1839
-1654 -1167 -2344 -2830 872 -1577
-1795 -1439 -2361 -2951 551 -1257
-1758 -1603 -2416 -3334 -223 -634
-2022 -1931 -2481 -3904 -415 -212
-2821 -2426 -2756 -4302 63 -229
-3387 -2759 -2915 -4743 1277 -673
-4391 -2688 -3224 -4901 2115 -1320
-4868 -2719 -2714 -5001 2030 -1519
-5055 -2463 -2337 -5355 1129 -1222
-5174 -2127 -2053 -5586 424 -703
-5252 -1790 -1685 -5860 123 197
-5698 -1289 -741 -6032 350 635
-6020 -1136 -19 -6263 739 1063
-6666 -1437 1910 -6294 622 1172
-6946 -1819 2981 -6047 351 1303
-7472 -3004 4094 -5036 272 1488
-8671 -5202 4832 -3775 267 1576
-9424 -6477 5424 -1208 -153 1770
-9730 -7775 6760 551 -889 2176
-9190 -8025 7366 2807 -2138 3449
-7537 -8038 6880 4736 -3009 5420
-6600 -8036 5336 5901 -3093 6621
-6478 -7978 3674 7245 -3367 7657
-6498 -7936 2724 7990 -4019 7808
-1744 -2143 -3657 -4383 -6886 7099
-4428 -7925 -1174 7508 -5386 7325
-4226 -7580 -1632 8882 -5229 8144
-4860 -7081 -1469 9071 -4857 8153
-5156 -6584 -1245 8284 -3728 7623
-5127 -6024 -1473 7011 -3031 6917
-1057 -2582 -2412 1117 -3181 4678
-781 -2278 -2216 788 -3223 4291
-624 -2150 -2110 411 -3358 3678
-411 -2013 -2005 203 -3489 3048
-193 -1915 -1957 160 -3443 2617
-109 -1845 -1952 190 -3033 1960
-212 -1759 -1810 231 -2593 1486
-278 -1611 -1661 294 -1942 782
-353 -1389 -1372 314 -1641 371
-362 -1196 -1229 316 -1371 -158
-486 -818 -1039 307 -1279 -490
-702 -666 -968 291 -1159 -1054
-913 -384 -760 193 -957 -1682
-1153 -71 -696 111 -759 -2141
-1348 135 -717 -22 -395 -2890
-1970 340 -610 -138 -63 -3478
-2611 594 -432 -371 282 -4413
-3001 848 -345 -713 25 -5244
-3705 1155 -217 -985 -253 -5744
-4507 1012 -285 -1407 -470 -6388
-4976 823 -608 -1646 -484 -6789
-5279 703 -781 -1713 -557 -6838
-5354 894 -610 -1851 -759 -6625
-5029 1362 -120 -2003 -943 -6236
-4253 1519 -382 -2193 -1367 -5217
-3688 1621 -880 -1922 -1349 -3938
-3075 1694 -1379 -1490 -876 -3158
-2839 1637 -1361 -867 -118 -2305
-2704 1691 -949 -652 170 -1888
-2511 1759 -665 -747 16 -1808
-2208 1708 -517 -1163 -528 -1785
-1598 1591 -291 -1564 -888 -1742
-1092 1336 -314 -2180 -1140 -1579
-816 1093 -415 -2560 -903 -1313
-587 752 -558 -2631 -455 -1132
-655 415 -621 -2543 309 -962
-768 262 -575 -2350 648 -978
-903 122 -549 -2221 597 -1087
-952 26 -504 -2065 292 -1364
-986 -121 -394 -2017 -7 -1596
-844 -216 -257 -2046 -495 -1931
-710 -307 -167 -2169 -899 -2150
-441 -382 -182 -2292 -1231 -2204
-195 -393 -204 -2351 -1302 -2142
81 -453 -248 -2401 -994 -1931
46 -703 -294 -2400 -608 -1778
-102 -803 -266 -2386 101 -1632
-379 -894 -153 -2413 397 -1603
-575 -965 -62 -2543 382 -1648
-804 -1099 111 -2814 77 -1766
-967 -1286 160 -3037 -150 -1890
-1464 -1703 97 -3322 -224 -2236
-1821 -2114 -16 -3443 -23 -2537
-2128 -2345 -56 -3539 472 -3028
-2374 -2644 -113 -3556 760 -3307
-2433 -2811 -131 -3570 858 -3524
-2650 -3061 -90 -3651 657 -3535
-2911 -3177 9 -3776 481 -3490
-2925 -3180 8 -4018 117 -3327
-2875 -3148 -44 -4162 -179 -3156
-3031 -3130 -199 -4265 -421 -2944
-3067 -2996 -385 -4234 -416 -2840
-3096 -2890 -442 -4103 -270 -2719
-4783 755 -1091 -5234 302 -1175
-5322 863 -792 -5675 371 -524
-5667 1017 -453 -5818 321 153
-6409 1135 411 -5709 153 523
-6844 1045 1225 -5296 -422 1017
-7522 773 2519 -4538 -967 1456
-8098 357 4184 -3861 -1142 1778
-8302 -434 5481 -2522 -1360 2552
-8303 -1057 5998 -544 -2039 3728
-8066 -1892 6384 1900 -3229 5033
-7894 -2725 6359 3497 -4214 5730
-7476 -3272 5887 5554 -5550 6363
-6160 -3954 4583 7130 -5542 6740
-4957 -4436 2957 7909 -4720 7088
-5264 -2520 -1185 4520 -3894 7042
-3984 -5195 -841 8393 -3947 7660
-4459 -4781 -1005 9523 -4451 8297
-5159 -4668 -1132 9302 -5097 8018
-4765 -4700 -1662 8775 -5495 7723
-4368 -4476 -2056 7964 -5296 7389
-3621 -4286 -2802 7502 -4582 7431
-3400 -3943 -3228 7325 -4106 7497
-3519 -3830 -3319 6955 -3381 7323
-3769 -3614 -3153 6275 -2729 6774
-3360 -3327 -2936 5663 -2435 6370
-3015 -3281 -2869 4722 -2091 5901
-2410 -3160 -2709 4118 -1927 5690
-2090 -3051 -2689 3306 -1834 5401
-1584 -2913 -2645 2824 -1862 5160
-1135 -2740 -2599 2207 -1586 4749
-703 -2497 -2479 1845 -1101 4434
-489 -2389 -2425 1343 -495 3888
-186 -2191 -2348 882 -295 3270
75 -2054 -2406 559 -514 2582
200 -1966 -2483 432 -832 2068
355 -1822 -2547 348 -1168 1486
416 -1624 -2567 278 -1422 493
619 -1374 -2707 292 -1416 -192
634 -1313 -2781 381 -1256 -1161
583 -1095 -2588 441 -1036 -1985
543 -836 -2336 403 -972 -2400
99 -596 -2138 297 -1117 -2925
-258 -502 -1870 197 -1331 -3216
-1071 -557 -1552 6 -1509 -3653
-1685 -610 -1347 -199 -1339 -4215
-2545 -703 -1038 -334 -1131 -4600
-3017 -696 -820 -499 -787 -5127
-3794 -631 -462 -597 -613 -5432
-4359 -699 -300 -708 -521 -5843
-4950 -689 -140 -746 -780 -6100
-5261 -419 -6 -731 -1059 -6161
-5270 -336 96 -713 -1292 -6067
-4942 -365 233 -720 -1233 -5855
-4728 -311 281 -764 -953 -5351
-4447 -224 372 -882 -749 -4764
-4122 -91 425 -1029 -761 -4384
-3816 26 342 -1280 -952 -3891
-3485 150 191 -1420 -1090 -3626
-2868 327 8 -1534 -1155 -3398
-2382 430 -111 -1674 -1020 -3064
-1796 580 -108 -1837 -639 -2753
-1424 690 -59 -1977 -400 -2572
-1255 710 -132 -2191 -259 -2347
-1012 691 -277 -2316 -297 -2226
-890 697 -414 -2461 -488 -2073
-663 674 -606 -2524 -655 -1984
-537 641 -643 -2634 -877 -1868
-455 537 -685 -2785 -974 -1811
-439 363 -798 -2890 -916 -1808
-495 297 -786 -3060 -481 -1855
-540 225 -836 -3167 -9 -1875
-590 144 -978 -3229 617 -1825
-713 84 -907 -3248 880 -1744
-881 152 -813 -3324 1028 -1615
-1379 65 -637 -3466 1014 -1600
-1633 28 -532 -3570 961 -1622
-1877 -7 -584 -3639 880 -1712
-2059 -102 -656 -3611 943 -1791
-2093 -174 -904 -3455 1053 -1849
-2187 -251 -1037 -3193 803 -1881
-2194 -298 -1050 -3037 545 -1926
-2161 -293 -1129 -2864 193 -2030
-2122 -211 -1102 -2806 -183 -2118
-2104 -128 -1183 -2792 -865 -2263
-4611 -2387 -2796 -4088 86 -551
-4589 -2222 -2771 -4256 -195 -419
-4560 -1847 -2615 -4409 -245 -22
-4739 -1296 -2015 -4522 -57 306
-5092 -1000 -1348 -4847 44 782
-5714 -506 -305 -5298 -427 1172
-5986 -689 878 -5588 -743 1464
-6222 -1038 1620 -5831 -991 1979
-6736 -2260 2725 -5548 -703 2390
-7782 -4050 3706 -4471 -133 2539
-8804 -5993 4421 -3254 -52 2598
-9416 -7079 4856 -839 -664 2807
-9453 -8171 5555 918 -1285 3156
-8822 -8434 5944 3280 -2093 4215
-7571 -8198 5637 5186 -3061 5817
-6788 -8138 4518 6227 -3870 6856
-6440 -8437 3309 7567 -4860 7807
-3308 -6250 4041 7736 -4114 7665
-4817 -7999 543 8364 -4806 7977
-4549 -7236 -376 8832 -5177 8404
-3963 -6821 -826 8483 -4293 8443
-3992 -6068 -676 7639 -3339 8247
-3886 -5303 -768 5995 -2594 7910
-3699 -4945 -1552 5067 -2654 7740
-3607 -4735 -2044 4255 -3112 7494
-3596 -4532 -2652 4058 -3365 7245
-517 -1874 -1750 790 -2963 4018
-377 -1821 -1674 519 -2957 3807
-322 -1768 -1641 232 -2771 3363
-430 -1734 -1659 139 -2503 2979
-449 -1619 -1635 94 -2038 2284
-491 -1356 -1509 72 -1653 1472
-572 -1189 -1397 44 -1439 880
-785 -956 -1346 20 -1203 -83
-879 -810 -1359 34 -1067 -774
-1176 -438 -1283 50 -638 -2274
-1548 -115 -1097 7 -540 -2987
-1693 73 -1040 -153 -755 -3900
-2158 382 -967 -345 -1058 -4468
-2580 537 -990 -746 -1545 -5351
-3399 779 -1064 -1202 -1854 -6219
-3842 892 -1231 -1453 -1817 -6709
-4283 916 -1351 -1623 -1434 -7039
-4470 903 -1605 -1592 -473 -7174
-4534 1092 -1856 -1374 -75 -6988
-4222 1295 -1696 -1086 -208 -6160
-3741 1388 -1181 -1144 -824 -4879
-3664 1669 -646 -1358 -1186 -4109
-3549 1789 -394 -1803 -1420 -3304
-3118 1653 -236 -2104 -1374 -2916
-2779 1514 -320 -2383 -1136 -2432
-2437 1248 -588 -2341 -758 -2063
-2193 963 -799 -2164 -467 -1879
-2045 787 -1008 -1716 -220 -1682
-1835 720 -1127 -1366 -247 -1603
-1703 711 -1039 -953 -431 -1586
-1488 712 -905 -767 -661 -1679
-1349 720 -749 -766 -837 -1804
-1215 739 -561 -1004 -1127 -2029
-882 685 -385 -1297 -1318 -2146
-670 591 -322 -1841 -1475 -2203
-424 474 -265 -2209 -1432 -2163
-222 296 -303 -2654 -1207 -1996
-146 157 -310 -2930 -902 -1750
-89 -5 -336 -3018 -701 -1582
-120 -113 -327 -3031 -400 -1365
-142 -303 -338 -2985 -216 -1253
-209 -450 -338 -2848 52 -1158
-404 -638 -308 -2673 355 -1203
-628 -820 -227 -2558 545 -1319
-718 -908 -106 -2434 815 -1566
-841 -970 -31 -2378 941 -1748
-1000 -1111 17 -2361 904 -2036
-1264 -1401 120 -2481 598 -2323
-1587 -1833 220 -2642 319 -2518
-1870 -2067 211 -2935 27 -2877
-2113 -2253 210 -3136 29 -3142
-2192 -2579 238 -3462 289 -3438
-2247 -2863 186 -3676 419 -3525
-2406 -3030 130 -3957 396 -3587
-2595 -3240 -49 -4096 308 -3591
-2782 -3311 -154 -4235 108 -3576
-3140 -3368 -316 -4296 -66 -3580
-3188 -3450 -500 -4334 -429 -3506
-3226 -3449 -780 -4299 -702 -3305
-3175 -3227 -1088 -4232 -781 -3141
-3080 -2986 -1228 -4166 -621 -2869
-3112 -2357 -1222 -4222 -419 -2701
-3222 -1866 -1152 -4569 -263 -2480
-3401 -1169 -927 -5316 -423 -2145
-3574 -697 -916 -5941 -617 -1820
-3660 -469 -1011 -6771 -404 -1181
-3846 -340 -1020 -7153 250 -659
-4799 -237 -329 -7564 1047 83
-6022 -324 196 -7809 716 339
-7816 -793 972 -7715 -41 206
-8355 -937 1451 -6918 -875 -84
-8010 -504 2010 -5825 -1110 -50
-7189 -283 2516 -3530 -1389 746
-6616 64 4570 -1346 -1001 2104
-7219 157 6408 -225 -588 2981
-7745 59 6910 1244 -1042 4107
-7725 -181 6624 2891 -2566 5152
-7021 -787 5451 4133 -3820 5843
-6325 -1277 4551 5917 -5630 6705
-5348 -2090 3169 6890 -6490 7085
-2387 3505 1573 5194 -7637 6515
-3235 -3471 -247 8445 -6022 7113
-3053 -3472 -823 9509 -4486 7695
-3910 -3185 -838 9796 -3727 7823
-4326 -3484 -878 9346 -4197 7584
-4203 -3457 -1178 8363 -4948 6914
-3259 -3549 -1817 7784 -4967 6619
-2640 -3419 -2371 7294 -4656 6614
-2118 -3024 -2602 7104 -4323 6732
-1902 -2744 -2478 6653 -3492 6801
-2005 -2533 -2540 6003 -2426 6590
-2365 -2374 -2618 5521 -1861 6255
-2530 -2449 -2662 4776 -1315 5605
-2420 -2437 -2554 4258 -1251 5186
-2266 -2356 -2391 3426 -1457 4614
-1887 -2246 -2284 2629 -1730 4073
-1312 -2065 -2322 2183 -1697 3753
-901 -1977 -2373 1686 -1251 3364
-435 -1788 -2358 1437 -863 3154
-267 -1609 -2356 1145 -488 2810
-180 -1489 -2328 882 -502 2303
-226 -1451 -2287 711 -599 1844
-250 -1427 -2319 531 -787 996
-391 -1446 -2412 471 -931 23
-593 -1413 -2352 474 -875 -638
-564 -1345 -2179 471 -738 -1377
-815 -1162 -2142 503 -748 -1741
-957 -1034 -2046 580 -1012 -2173
-1072 -770 -1842 608 -1273 -2395
-1403 -699 -1609 560 -1512 -2823
-1873 -508 -1273 419 -1362 -3411
-2613 -435 -1004 311 -1193 -3881
-3138 -371 -923 184 -1122 -4651
-3838 -324 -745 106 -1258 -5152
-4243 -205 -542 -84 -1476 -5792
-4706 16 -274 -261 -1505 -6104
-4838 113 -66 -622 -1375 -6336
-5094 349 188 -900 -1317 -6342
-5172 379 323 -1352 -1454 -6185
-5153 273 513 -1847 -1697 -5849
-4882 348 506 -2127 -1788 -5538
-4452 362 291 -2303 -1709 -4913
-3651 446 -241 -2103 -1437 -4145
-2906 605 -380 -1884 -1146 -3631
-2498 703 -248 -1695 -769 -2990
-2054 944 131 -1855 -551 -2586
-1699 1199 458 -2152 -486 -2440
-1432 1304 503 -2731 -510 -2302
-980 1267 272 -3071 -548 -2187
-718 1152 1 -3366 -523 -1918
-685 822 -535 -3303 -273 -1648
-1014 393 -855 -3125 36 -1563
-1114 309 -972 -2782 500 -1500
-1196 302 -973 -2531 629 -1437
-1117 389 -729 -2508 482 -1350
-928 426 -565 -2683 7 -1109
-787 418 -568 -3009 -456 -801
-704 310 -619 -3227 -569 -610
-718 198 -744 -3440 -347 -407
-801 -5 -871 -3488 16 -343
-849 -144 -880 -3446 668 -342
-916 -119 -875 -3368 1044 -394
-995 -79 -784 -3232 1366 -526
-1072 -37 -650 -3138 1379 -692
-1109 -34 -521 -3127 1280 -824
-1136 0 -366 -3195 1125 -1073
-1577 -188 -462 -3242 1072 -1323
-1864 -338 -622 -3231 1034 -1852
-2128 -466 -823 -3144 963 -2211
-2349 -613 -909 -2923 679 -2674
-2432 -631 -861 -2766 395 -2883
-2264 -604 -826 -2560 -255 -2904
-1915 -586 -798 -2446 -717 -2729
-1629 -528 -685 -2357 -1033 -2290
-1349 -528 -674 -2324 -943 -1939
-1482 -840 -684 -2259 -332 -1508
-1446 -887 -635 -2182 566 -1181
-1664 -1080 -730 -2104 961 -1016
-1898 -1238 -795 -1922 1149 -947
-2276 -1437 -833 -1733 941 -1067
-2774 -1727 -944 -1623 669 -1266
-2910 -1775 -1076 -1481 312 -1623
-3181 -2116 -1368 -1389 129 -1835
-3373 -2478 -1730 -1176 160 -2108
-3300 -2793 -1898 -985 424 -2156
-3476 -2721 -2041 -914 489 -2112
-3547 -2651 -1915 -1038 524 -1970
-3839 -2417 -1891 -1407 476 -1795
-4059 -2265 -1805 -1764 439 -1647
-3885 -1955 -1885 -2303 351 -1101
-3749 -1701 -1872 -2624 410 -556
-3766 -1488 -1784 -3072 650 290
-4016 -1181 -1458 -3543 662 915
-4345 -1028 -887 -3911 467 1163
-4506 -1066 -539 -4457 -96 1377
-4835 -1371 -9 -4738 -538 1478
-5127 -1738 475 -4989 -887 1626
-5528 -2403 1283 -4892 -814 1831
-6338 -3138 2253 -4536 -691 1936
-6878 -3763 2936 -3494 -838 2064
-7218 -4471 4447 -2509 -1157 2270
-7099 -4935 5448 -740 -1670 3023
-6951 -5622 5994 1562 -2076 4188
-7149 -6326 5728 3295 -2669 4991
-7109 -6434 5420 5677 -3836 5961
-6559 -6703 4308 6916 -4640 6480
-6017 -6841 3228 8355 -5481 7121
-4015 -6027 3187 8869 -5695 7363
-4710 -7191 -286 7516 -5745 7305
-4427 -7359 -997 9922 -5348 8202
-5610 -6958 -857 10156 -5238 8289
-5928 -6977 -784 9516 -5213 7881
-5628 -6677 -1147 8836 -5063 7509
-4853 -6256 -1659 7867 -4392 7257
-4535 -5819 -1872 7065 -3630 7404
-4342 -5203 -2115 6574 -3176 7560
-4399 -4942 -2280 5872 -2811 7648
-4490 -4567 -2327 5143 -2683 7339
-4411 -4276 -2230 4625 -2612 6951
-3943 -3933 -2114 3838 -2564 6358
-3129 -3655 -2277 3394 -2546 6076
-2573 -3434 -2329 2813 -2484 5810
-1950 -3072 -2221 2409 -2473 5642
-1555 -2882 -2120 1744 -2529 5296
-896 -2644 -2000 1284 -2471 5017
-376 -2337 -2005 688 -2154 4489
-54 -2204 -2043 300 -1884 3872
381 -2075 -2020 146 -1784 3400
553 -1905 -1888 -30 -1711 2557
784 -1577 -1693 -180 -1755 1522
788 -1317 -1646 -294 -1676 313
580 -1217 -1650 -331 -1322 -1038
296 -1046 -1504 -357 -1018 -1934
50 -880 -1359 -437 -663 -3178
-375 -799 -1102 -561 -597 -4210
-1025 -673 -856 -678 -699 -4806
-1454 -497 -688 -908 -873 -5636
-2255 -406 -503 -1107 -884 -6116
-2929 -491 -456 -1393 -714 -6756
-4065 -334 -426 -1533 -432 -7119
-4831 -212 -348 -1616 42 -7500
-5452 -126 -442 -1520 99 -7413
-5615 240 -996 -1300 -271 -7032
-5409 404 -1296 -846 -1156 -5979
-4974 850 -1193 -619 -1710 -5095
-4746 1221 -816 -629 -2075 -3905
-4422 1517 -414 -843 -1948 -3308
-1505 847 -778 -749 -692 -1817
-1392 838 -493 -980 -710 -2030
-1239 774 -485 -1439 -882 -2184
-961 599 -518 -1729 -1035 -2151
-772 532 -523 -2099 -1223 -1913
-545 401 -521 -2283 -1260 -1676
-449 270 -501 -2475 -1119 -1326
-375 149 -395 -2560 -909 -1144
-333 104 -332 -2644 -504 -950
-288 -124 -307 -2658 -69 -830
-246 -274 -273 -2619 189 -787
-312 -345 -294 -2481 515 -779
-323 -447 -229 -2306 712 -804
-384 -557 -119 -2219 773 -830
-578 -711 -73 -2162 648 -908
-722 -932 20 -2250 289 -1052
-1013 -1237 79 -2374 -42 -1201
-1273 -1483 125 -2605 -407 -1529
-1479 -1782 240 -2904 -327 -1900
-1653 -2109 316 -3116 -84 -2121
-1964 -2197 340 -3409 337 -2450
-2203 -2356 309 -3619 697 -2799
-2593 -2704 269 -3747 994 -3146
-2935 -2877 189 -3795 1106 -3350
-3190 -3004 158 -3843 1065 -3594
-3414 -3134 62 -3879 879 -3689
-3473 -3094 25 -3933 371 -3739
-3532 -2991 -14 -3989 21 -3733
-3353 -2865 -93 -4050 -356 -3622
-2969 -2582 -269 -4034 -578 -3337
-2697 -2315 -322 -4006 -598 -3079
-2588 -2070 -404 -3958 -429 -2712
-2593 -1819 -420 -3924 -293 -2464
-2641 -1623 -545 -3878 -117 -2392
-2771 -1391 -795 -3817 26 -2419
-2989 -1238 -1004 -3678 197 -2569
-3152 -875 -1188 -3574 166 -2681
-3269 -385 -1314 -3570 170 -2666
-3281 -74 -1339 -3711 421 -2458
-3620 463 -1223 -4217 1006 -2083
-4459 965 -1092 -4776 1282 -1768
-5079 1162 -1169 -5724 886 -1057
-5917 1236 -1186 -6248 148 -394
-6372 1140 -933 -6687 -866 743
-7097 672 -79 -6724 -1310 1415
-7821 373 926 -6528 -1577 2003
-8823 -293 2663 -5984 -1476 2205
-9248 -1164 4094 -5252 -1483 2429
-8977 -1697 4965 -3386 -1995 3256
-8300 -2601 5990 -1693 -2609 4172
-8118 -3176 6436 1182 -3486 5510
-8221 -3996 6576 3831 -4529 6251
-7770 -4781 5427 5402 -5524 6507
-6948 -5186 4070 7596 -7163 6893
-5341 -5507 2276 8818 -7720 7184
-7000 -5940 1951 7707 -4051 6541
-4075 -6005 -496 8897 -4416 7622
-4816 -5395 -1675 9459 -3692 8428
-5472 -5391 -1752 9317 -4105 8505
-5547 -5045 -2006 8676 -4190 8062
-4895 -5114 -2715 7851 -3901 7516
-3869 -4775 -3857 7640 -3595 7478
-3447 -4320 -4047 7476 -3557 7562
-3231 -4062 -3842 7023 -3542 7451
-3237 -4110 -3585 6515 -3452 7226
-3112 -4154 -3493 5550 -3110 6695
-2668 -3906 -3140 4795 -2652 6306
-2056 -3651 -3094 3646 -1858 5860
-1705 -3497 -3193 2791 -1508 5618
-1309 -3261 -3142 2377 -1485 5458
-1118 -3159 -3027 1823 -1564 5094
-761 -2992 -2829 1472 -1711 4784
-438 -2825 -2672 948 -1900 4249
-11 -2519 -2547 637 -1796 3875
224 -2364 -2524 293 -1502 3325
400 -2181 -2550 159 -1338 2945
406 -2152 -2505 90 -1225 2279
267 -1991 -2516 168 -1413 1431
180 -1816 -2428 254 -1693 780
134 -1670 -2281 349 -2225 -261
25 -1360 -2050 367 -2534 -958
-48 -1254 -1942 407 -2773 -1885
-96 -892 -1751 456 -2791 -2341
-324 -758 -1700 636 -2626 -2880
-905 -737 -1615 808 -2400 -3165
-1542 -797 -1667 1102 -2134 -3609
-2728 -830 -1635 1358 -2201 -4234
-3694 -577 -1401 1420 -2380 -4756
-4242 -347 -1029 1239 -2607 -5627
-4700 -140 -480 921 -2683 -6109
-4920 -79 -233 291 -2569 -6526
-5092 67 -63 -108 -2216 -6602
-5265 234 -121 -484 -1583 -6502
-5486 333 -364 -588 -1285 -6255
-5197 377 -398 -626 -1289 -5947
-4823 435 -302 -832 -1476 -5276
-4146 564 -61 -1100 -1652 -4757
-3659 754 121 -1698 -1832 -4012
-2824 960 339 -2423 -1790 -3333
-2060 1051 470 -2923 -1659 -2910
-1789 1011 430 -3582 -1473 -2371
-1554 845 310 -4040 -1229 -1999
-1335 692 -44 -4159 -1007 -1819
-1255 577 -286 -4040 -702 -1640
-1154 455 -534 -3827 -558 -1572
-1138 410 -632 -3404 -460 -1541
-1171 416 -507 -3147 -502 -1560
-1169 431 -400 -2918 -720 -1627
-1135 425 -301 -2861 -906 -1702
-1002 496 -190 -2929 -854 -1683
-867 498 -145 -2999 -757 -1585
-712 482 -243 -3042 -595 -1305
-756 377 -417 -3010 -425 -1074
-804 322 -499 -2874 -50 -741
-861 342 -436 -2793 176 -534
-984 353 -362 -2749 453 -314
-1119 328 -339 -2782 594 -223
-1248 361 -405 -2824 556 -244
-1338 384 -474 -2879 412 -413
-1464 276 -540 -2911 332 -596
-1459 182 -564 -2972 280 -920
-1420 145 -620 -3024 230 -1241
-1859 -224 -722 -3065 261 -1694
-2242 -582 -683 -3093 475 -2068
-2236 -664 -724 -3086 790 -2492
-2257 -765 -829 -3014 872 -2646
-2099 -774 -915 -2785 740 -2608
-1760 -827 -1211 -2411 185 -2245
-1689 -918 -1408 -2118 -265 -1933
-1626 -921 -1390 -1766 -758 -1510
-1639 -1050 -1275 -1656 -901 -1317
-1666 -1202 -1179 -1713 -731 -1215
-1675 -1521 -1052 -1992 -197 -1271
-1952 -1852 -1152 -2212 289 -1424
-2206 -2300 -1274 -2531 913 -1690
-2693 -2569 -1625 -2655 1170 -1870
-2858 -2650 -1838 -2662 1247 -2055
-3268 -2703 -1973 -2628 994 -2088
-3660 -2751 -1929 -2655 240 -2096
-3905 -2858 -1810 -2801 -315 -1998
-3948 -2769 -1786 -3132 -422 -1675
-3902 -2520 -2023 -3361 41 -1319
-4130 -2316 -2196 -3687 675 -682
-4730 -1972 -1918 -4221 656 -134
-5206 -1751 -1607 -4696 240 165
-5254 -1632 -1511 -5306 -463 600
-4899 -1388 -1048 -5585 -579 948
-4725 -1218 -573 -5813 -293 1550
-4681 -978 371 -5862 -171 2104
-4787 -949 1512 -5821 -262 2398
-5007 -1344 2244 -5538 -489 2690
-5708 -2433 3045 -5042 -658 2714
-6425 -3418 3503 -3672 -729 2403
-7526 -5166 4289 -1632 -838 1935
-8037 -6334 5299 -106 -1129 1841
-7813 -6686 5961 1997 -1784 2439
-6886 -6837 6265 3734 -2679 4013
-6166 -7101 5441 4765 -3206 5288
-6230 -7488 4465 6198 -3561 6695
-6468 -7830 2909 7410 -3516 7202
-6285 -7658 2194 7947 -3564 7330
-2154 -3839 1594 5583 -2154 6836
-5388 -7839 -205 7493 -3907 7297
-5331 -7304 -506 8143 -4148 7980
-5356 -7479 -1369 8318 -4253 8198
-5289 -7167 -1651 8137 -4066 8151
-5166 -6625 -1902 7454 -3866 7847
-4866 -6292 -2023 6814 -3732 7616
-4297 -5619 -2166 5760 -3368 7394
-3895 -5311 -2451 5158 -3238 7367
-3255 -4802 -2739 4452 -3231 7461
-2818 -4262 -2829 4066 -3328 7488
-2587 -3934 -2871 3541 -3636 7331
-2235 -3452 -2591 2921 -3927 6868
-1968 -3153 -2455 2448 -4090 6414
-1592 -2777 -2378 1765 -4127 5605
-1304 -2634 -2416 1372 -3876 5045
-1231 -2555 -2481 1059 -3406 4479
-1162 -2566 -2450 745 -2643 3675
-887 -2404 -2313 577 -2222 3040
-705 -2232 -2198 538 -2158 2698
-435 -1894 -1990 519 -2241 2226
-265 -1730 -1828 481 -2338 1901
-325 -1557 -1592 345 -2338 1272
-424 -1323 -1457 222 -2129 757
-406 -1131 -1437 47 -1616 -69
-635 -878 -1488 -22 -1202 -652
-860 -737 -1479 -78 -644 -1604
-1176 -506 -1388 -108 -260 -2536
-1293 -245 -1197 -143 -127 -3066
-1528 -10 -1120 -198 -125 -3781
-3759 801 -1395 -307 -1565 -4077
-3773 801 -1531 -29 -1100 -3420
-3629 897 -1145 -18 -625 -3088
-3332 1122 -603 -256 -515 -2947
-3121 1217 -402 -864 -824 -2770
-2667 1260 -276 -1327 -1259 -2623
-2252 1189 -307 -1920 -1867 -2257
-1704 996 -600 -2194 -2077 -1767
-1274 831 -874 -2184 -2021 -1437
-905 797 -854 -2025 -1982 -893
-607 805 -681 -2002 -2066 -724
-523 793 -666 -2061 -2136 -650
-453 739 -650 -2207 -2103 -788
-337 665 -406 -2407 -2007 -962
-319 547 -247 -2839 -1669 -1292
-309 349 -156 -3284 -1173 -1621
-210 181 -162 -3508 -895 -1776
-155 145 -174 -3689 -588 -1881
-90 53 -316 -3616 -310 -1848
40 -135 -373 -3464 -152 -1758
59 -215 -339 -3173 147 -1559
-54 -331 -238 -2980 377 -1426
-280 -456 -159 -2761 677 -1349
-617 -604 64 -2695 758 -1422
-864 -751 264 -2755 663 -1538
-1021 -914 367 -2978 360 -1790
-1154 -1276 356 -3182 117 -1982
-1505 -1699 317 -3535 -108 -2361
-2187 -2457 279 -3928 109 -2876
-2559 -3194 226 -4164 441 -3211
-2616 -3400 171 -4401 809 -3562
-2592 -3453 81 -4451 849 -3646
-2588 -3453 -10 -4435 545 -3587
-2657 -3463 -45 -4410 194 -3479
-2876 -3457 -132 -4403 -292 -3343
-3104 -3410 -205 -4418 -516 -3290
-3094 -3330 -257 -4456 -657 -3244
-2989 -3161 -473 -4426 -685 -3138
-2873 -3053 -594 -4368 -575 -3022
-2717 -2723 -752 -4257 -428 -2784
-2668 -2387 -731 -4236 -377 -2597
-2733 -2144 -739 -4322 -269 -2341
-3112 -1800 -732 -4500 -101 -2252
-3749 -1697 -998 -4589 -39 -2322
-4037 -1565 -1156 -4666 -186 -2511
-4367 -1396 -1116 -4815 -154 -2577
-4248 -924 -1023 -4973 53 -2379
-4217 -377 -755 -5310 467 -1573
-4479 -19 -590 -5652 154 -417
-5263 183 -47 -5859 -326 269
-5954 130 581 -6053 -1003 1024
-6355 -44 1003 -5882 -1345 1447
-6809 -354 1828 -5488 -1210 1639
-7276 -697 2502 -4446 -859 1913
-8015 -999 3965 -2970 -1044 2334
-8429 -1423 5386 -1105 -1809 3088
-8233 -1884 6329 326 -2428 3824
-8007 -2373 6553 2597 -3199 5114
-7963 -2900 6214 4107 -3776 5890
-7748 -3393 5699 6144 -5311 6900
-6833 -4150 4406 7832 -7087 7739
-5359 -4999 2855 7359 -9486 7580
-3698 -5417 794 8561 -6609 7810
-2798 -6418 -1202 10328 -3032 8991
-5504 -4949 -547 10494 -2136 9162
-6026 -5543 -814 9545 -3956 8464
-4981 -5448 -1858 8926 -4829 7870
-4000 -5369 -2493 8398 -4435 7359
-3180 -4867 -3208 8139 -3263 7298
-3143 -4384 -3209 7890 -2730 7301
-3275 -4179 -2993 7173 -2414 7067
-3217 -3951 -2675 6136 -2481 6630
-2685 -3830 -2674 5407 -2477 6340
-2284 -3693 -2653 4421 -2030 5973
-1773 -3517 -2671 3603 -1308 5703
-1607 -3360 -2720 3172 -949 5504
-1416 -3110 -2650 2556 -845 5091
-1146 -2877 -2401 2105 -1015 4737
-885 -2711 -2335 1420 -1467 4153
-365 -2540 -2417 874 -1789 3560
180 -2437 -2584 487 -1693 2954
348 -2380 -2602 269 -1430 2502
398 -2271 -2672 55 -1076 1698
417 -2096 -2779 19 -1007 1112
519 -1851 -2934 132 -1155 253
643 -1581 -2874 242 -1411 -282
752 -1323 -2685 312 -1836 -1050
800 -948 -2346 252 -1987 -1530
842 -780 -2105 53 -1915 -2144
550 -636 -1895 -137 -1537 -2685
-52 -747 -1654 -218 -1315 -3024
-873 -823 -1425 -277 -1107 -3661
-2142 -928 -1020 -294 -909 -4483
-2849 -959 -847 -257 -918 -5033
-3714 -967 -594 -188 -1179 -5765
-4459 -892 -222 -193 -1300 -6156
-4969 -778 -18 -256 -1148 -6565
-5398 -574 144 -321 -764 -6648
-5582 -582 274 -384 -536 -6483
-5797 -681 241 -512 -510 -6016
-5634 -700 187 -634 -834 -5571
-5361 -463 133 -893 -1573 -4817
-4770 -177 -11 -1093 -1908 -4362
-4314 5 23 -1450 -1876 -3812
-3608 303 86 -1732 -1613 -3534
-2984 487 105 -2141 -1212 -3190
-2619 533 137 -2503 -985 -2894
-2118 564 121 -2754 -884 -2653
-1681 599 -53 -2821 -824 -2526
-1464 599 -189 -2767 -733 -2385
-1263 479 -484 -2582 -726 -2326
-1219 497 -501 -2481 -791 -2358
-1277 548 -531 -2413 -971 -2503
-1234 453 -577 -2456 -1066 -2658
-1095 379 -583 -2537 -961 -2693
-1007 419 -686 -2607 -670 -2608
-982 405 -911 -2589 -508 -2347
-1088 331 -822 -2619 -501 -2119
-1188 317 -807 -2765 -650 -1739
-1436 257 -939 -2910 -734 -1447
-1540 258 -1065 -2973 -642 -1305
-1612 250 -1112 -3021 -355 -1161
-1648 296 -1011 -3106 -50 -1093
-1815 222 -736 -3238 114 -1121
-2060 95 -549 -3547 243 -1362
-2511 -142 -491 -3726 341 -1667
-2684 -307 -528 -3799 709 -2182
-2643 -495 -495 -3707 1024 -2412
-2477 -534 -571 -3383 1192 -2432
-2161 -638 -784 -2832 766 -2078
-1901 -612 -796 -2447 275 -1687
-1562 -482 -523 -2044 -548 -1034
-1218 -402 -248 -1935 -962 -634
-1025 -429 -43 -2002 -1206 -207
-1018 -627 -47 -2188 -974 -52
-1468 -1376 -230 -2280 -475 -149
-1658 -1891 -350 -2304 727 -471
-1856 -2320 -638 -2203 1411 -694
-1970 -2586 -749 -1933 1803 -927
-1844 -2843 -673 -1737 1464 -856
-2207 -2825 -697 -1687 674 -796
-2712 -3199 -744 -1737 139 -914
-2958 -3647 -736 -1976 -274 -1270
-3086 -3614 -795 -2169 -239 -1555
-3054 -3477 -1156 -2293 15 -1911
-2912 -3315 -1405 -2094 297 -2014
-2863 -2889 -1634 -1835 293 -1953
-2785 -2676 -1547 -1507 -60 -1714
-2622 -2110 -1359 -1419 -409 -1380
-2479 -1720 -1285 -1488 -533 -1129
-2335 -1215 -1187 -1758 -575 -780
-2472 -727 -1165 -2031 -392 -615
-2889 -280 -1413 -2410 228 -556
-3299 -35 -1664 -2676 653 -579
-3885 141 -1517 -2894 631 -551
-4204 326 -1217 -3454 267 -285
-4797 34 -608 -3961 76 49
-5084 -137 -207 -4728 248 752
-5488 -358 237 -5172 71 1592
-5664 -534 722 -5246 -470 2153
-6021 -693 2005 -5176 -1526 2773
-6414 -1261 3206 -4984 -2272 2977
-6411 -1765 3877 -4299 -3118 3028
-6201 -2797 4622 -3020 -2908 2955
-4846 -8698 -1045 8374 -3200 8355
-5402 -7865 -838 8777 -3003 8651
-5531 -7890 -559 8025 -2971 8418
-5353 -7359 -846 7252 -2932 8118
-5039 -7184 -1386 6214 -2665 7802
-4600 -6697 -2121 5722 -2456 7711
-4386 -6305 -2398 5144 -2130 7619
-4005 -5693 -2506 4582 -2089 7501
-3600 -5154 -2676 4209 -2256 7370
-3228 -4789 -2692 3583 -2672 7070
-2685 -4235 -2634 3099 -2874 6814
-2317 -4005 -2683 2341 -3040 6363
-1767 -3571 -2703 1644 -3012 5860
-1236 -3231 -2712 1254 -2872 5529
-929 -3044 -2663 761 -2667 5074
-605 -2787 -2547 374 -2569 4583
-435 -2602 -2466 190 -2590 4195
-308 -2358 -2468 67 -2685 3489
-487 -2342 -2502 69 -2693 2880
-617 -2195 -2462 93 -2595 1795
-699 -1908 -2382 81 -2506 995
-829 -1549 -2323 44 -2476 -209
-924 -1387 -2287 6 -2535 -966
-891 -1100 -2044 -113 -2466 -1994
-871 -793 -1880 -211 -2251 -2587
-681 -340 -1851 -287 -1832 -3239
-760 -72 -1944 -266 -1469 -3551
-1150 46 -1895 -214 -937 -4033
-2033 208 -1782 -219 -714 -4435
-2647 372 -1793 -278 -642 -5100
-3253 563 -1949 -305 -733 -5651
-3605 687 -2300 -249 -839 -5870
-3665 775 -2529 -99 -1151 -5888
-3544 1064 -2306 -93 -1472 -5681
-3371 1409 -1672 -418 -1853 -5125
-3179 1584 -977 -1070 -1871 -4410
-3094 1587 -778 -1765 -1493 -3701
-2901 1384 -693 -2175 -825 -3060
-2748 1159 -663 -2273 -519 -2703
-2686 940 -807 -2146 -361 -2319
-2534 720 -1026 -1749 -473 -2147
-2304 630 -1218 -1411 -618 -2130
-2141 593 -1282 -941 -803 -2223
-1958 562 -1058 -729 -920 -2430
-1720 601 -739 -795 -1002 -2585
-1420 610 -532 -1118 -1206 -2749
-1225 554 -368 -1620 -1353 -2758
-1007 426 -286 -1976 -1387 -2674
-880 368 -364 -2376 -1405 -2433
-718 146 -533 -2543 -1347 -2140
-642 51 -551 -2548 -1175 -1966
-719 -796 -62 -1844 826 -1758
-817 -948 174 -1790 635 -1662
-1081 -1146 427 -1930 176 -1575
-1389 -1427 535 -2291 -227 -1709
-1582 -1869 592 -2698 -304 -2013
-1940 -2152 549 -2914 -89 -2295
-2133 -2357 497 -3115 373 -2755
-2322 -2535 399 -3212 545 -3107
-2417 -2660 338 -3250 468 -3248
-2592 -2825 338 -3351 199 -3361
-2956 -3032 386 -3475 -52 -3423
-3026 -2972 395 -3712 -680 -3446
-3055 -2829 299 -3851 -1118 -3422
-2904 -2648 173 -3929 -1565 -3285
-2646 -2471 -100 -3820 -1748 -3042
-2431 -2277 -206 -3688 -1717 -2860
-2458 -2212 -134 -3543 -1433 -2631
-2481 -1941 -11 -3509 -1151 -2537
-2508 -1666 -7 -3515 -772 -2457
-2510 -1384 -53 -3515 -578 -2381
-2737 -1168 -338 -3448 -535 -2364
-2857 -1127 -715 -3161 -514 -2392
-3059 -1014 -1128 -2735 -379 -2453
-3323 -748 -1225 -2461 -2 -2525
-3642 -594 -1404 -2402 151 -2542
-3904 -299 -1281 -2668 -43 -2327
-4142 48 -1261 -3056 -366 -2021
-4215 271 -1493 -3680 -838 -1352
-4242 606 -1928 -4140 -949 -497
-4315 673 -2027 -4401 -713 94
-4707 965 -1809 -4832 -308 802
-5144 1192 -1295 -5155 -311 1162
-5360 1224 -898 -5574 -723 1668
-5801 1019 -116 -5719 -1047 1960
-6100 769 585 -5727 -1461 2275
-6668 -36 1752 -5374 -1381 2431
-7360 -804 2808 -4812 -1092 2435
-7644 -1506 3372 -3374 -898 2497
-7913 -2521 4290 -1360 -1102 2860
-7491 -3237 5096 123 -1434 3380
-7002 -3512 5427 2273 -1661 4546
-6749 -3913 5336 4139 -2137 5754
-7131 -4441 4536 5749 -3490 6550
-7144 -5221 3490 6684 -5099 6898
-6542 -5871 2199 7904 -7695 7215
-6568 -5754 153 7574 -10374 6578
-2410 -7102 -1355 9339 -5894 7742
-4195 -5342 309 9269 -1392 8480
-6543 -6020 122 8362 -1282 8207
-6485 -5957 -1202 7454 -3539 7482
-4524 -6081 -3522 7827 -4116 7283
-3454 -5305 -4160 8165 -3165 7329
-3390 -4850 -3856 7857 -1745 7336
-3302 -4332 -3569 7160 -1403 7230
-2823 -4355 -3748 6032 -1554 7118
-2075 -4301 -3614 4924 -1804 7009
-1559 -3927 -3438 4192 -1968 6824
-1234 -3728 -3485 3325 -2311 6415
-696 -3467 -3569 2936 -2509 6085
-400 -3240 -3506 2527 -2432 5507
-62 -2872 -3362 2192 -2072 4856
191 -2599 -3126 1946 -1870 4360
303 -2343 -2930 1464 -1557 3477
423 -2157 -2791 1130 -1433 2845
471 -2202 -2709 714 -1536 1947
463 -2086 -2566 515 -1721 1370
462 -1933 -2530 371 -2122 540
499 -1809 -2539 391 -2524 52
594 -1604 -2471 507 -2985 -648
494 -1346 -2244 566 -2908 -1156
402 -1156 -1969 557 -2484 -1904
123 -900 -1626 497 -2207 -2357
-200 -893 -1560 479 -1844 -2964
-909 -877 -1418 532 -1693 -3354
-1622 -920 -1287 636 -1674 -3988
-2928 -1157 -1121 672 -1859 -4502
-3568 -1201 -917 573 -2346 -5277
-4119 -1108 -541 268 -2332 -5935
-4325 -884 -228 0 -1735 -6233
-4737 -420 9 -319 -761 -6466
-5209 -203 126 -475 -475 -6536
-5731 -210 341 -718 -628 -6511
-5676 -153 344 -886 -992 -6337
-5362 -195 210 -1078 -1467 -5798
-4561 -203 0 -1155 -1637 -5263
-4137 -74 27 -1290 -1686 -4436
-3548 252 138 -1543 -1526 -3789
-3006 459 138 -1781 -1344 -3485
-2725 626 78 -2190 -1111 -3197
-2293 784 -47 -2473 -1054 -3093
-1992 845 -127 -2900 -1100 -2972
-1588 866 -177 -3169 -1109 -2882
-1281 808 -384 -3448 -1027 -2713
-1093 749 -504 -3540 -945 -2478
-914 629 -543 -3535 -921 -2291
-835 485 -468 -3536 -899 -2012
-786 429 -490 -3554 -903 -1759
-719 326 -483 -3571 -801 -1543
-672 228 -392 -3604 -654 -1426
-638 172 -385 -3675 -447 -1272
-615 177 -406 -3701 -359 -1187
-610 174 -382 -3731 -287 -1076
-632 137 -403 -3728 -218 -1020
-655 145 -416 -3697 -50 -987
-683 176 -404 -3650 223 -1008
-915 50 -525 -3602 443 -1080
-1262 -136 -619 -3441 796 -1319
-1714 -334 -780 -3171 1167 -1683
-2209 -591 -872 -2956 1370 -1961
-2383 -694 -803 -2708 1448 -2311
-2444 -692 -761 -2615 1241 -2443
-2466 -711 -841 -2546 526 -2484
-2631 -719 -854 -2546 -248 -2494
-2565 -581 -872 -2566 -693 -2480
-2350 -506 -918 -2550 -1320 -2344
-2061 -417 -975 -2497 -1622 -2172
-2008 -406 -926 -2379 -1642 -1896
-1719 -366 -796 -2330 -1510 -1665
-1550 -345 -693 -2346 -1379 -1262
-1571 -564 -615 -2447 -1131 -948
-1537 -774 -630 -2492 -805 -818
-1619 -1039 -702 -2447 -85 -723
-1744 -1159 -738 -2274 734 -726
-2156 -1499 -906 -2102 1117 -760
-2442 -1850 -999 -1816 1382 -824
-2866 -2268 -1010 -1667 1394 -861
-3246 -2467 -1080 -1482 1330 -973
-3400 -2856 -1212 -1328 1015 -1000
-3426 -2994 -966 -1327 624 -954
-3459 -2969 -843 -1479 24 -903
-3311 -3035 -922 -1576 -227 -818
-2924 -2840 -1112 -1551 -251 -690
-2752 -2825 -1288 -1343 -97 -466
-2687 -2735 -1274 -1100 333 -324
-2704 -2427 -1121 -996 558 -318
-2701 -2363 -1064 -907 702 -375
-2568 -2146 -1191 -820 768 -408
-2546 -1960 -1490 -534 683 -450
-2721 -1544 -1824 -185 228 -533
-2913 -1255 -1905 -91 -187 -616
-2799 -1069 -1773 -409 -296 -640
-2653 -664 -1911 -1111 556 -406
-2733 -424 -1898 -1738 1298 -81
-3168 -189 -1677 -2899 1667 656
-4002 -206 -1214 -3773 1089 1206
-4637 -659 -868 -5010 -263 1953
-5139 -1661 -411 -5709 -1109 2588
-5955 -2516 595 -5766 -1214 2837
-6484 -3222 1604 -5273 -1394 2945
-7248 -4196 3172 -4512 -1480 2917
-7467 -5109 3753 -2443 -1748 3071
-7182 -5991 4812 378 -2415 3914
-7353 -6787 5432 2347 -2961 4706
-7157 -6881 5525 4948 -3832 5947
-6429 -6863 4941 6776 -4530 7118
-5603 -6807 3533 7670 -4882 7755
-5258 -6802 2563 8566 -5238 8314
-3847 -6199 -206 8063 -5469 7902
-4120 -7114 -717 9246 -5460 8544
-5047 -6529 -808 9742 -5817 8630
-5383 -6542 -776 9399 -5986 8279
-5203 -6200 -1071 8416 -5544 7580
-4497 -5678 -1635 7381 -4024 7258
-4025 -5033 -1918 6705 -3020 7315
-4017 -4720 -2109 5796 -2257 7516
-4032 -4286 -2316 5063 -2248 7492
-3901 -3898 -2397 4647 -2315 7285
-3703 -3724 -2391 4043 -2192 6762
-3223 -3377 -2232 3611 -1994 6377
-2662 -3126 -2045 2917 -1817 5852
-2276 -2891 -1852 2162 -1966 5421
-1770 -2667 -1657 1673 -2231 5176
-1499 -2604 -1641 1090 -2695 4819
-1010 -2425 -1564 687 -3040 4423
-470 -2174 -1481 497 -2980 4142
-140 -2032 -1464 322 -2397 3686
192 -1894 -1400 257 -1785 3350
108 -1834 -1359 211 -827 2700
-264 -1806 -1359 255 -89 1802
-506 -1719 -1255 312 128 1158
-733 -1567 -1151 384 4 127
-1048 -1202 -1094 423 -367 -602
-1250 -1020 -1090 428 -1183 -1713
-1370 -745 -1020 371 -1736 -2410
-1305 -524 -971 153 -2347 -3304
-1260 -139 -994 -157 -2392 -4079
-1316 24 -1116 -358 -2157 -4538
-1646 197 -967 -728 -1693 -5147
-2387 295 -817 -1001 -1430 -5519
-3818 1193 -1022 -886 -420 -2732
-3650 1238 -766 -1376 -234 -2398
-3174 1222 -615 -1695 -295 -2194
-2782 1146 -670 -1989 -559 -1833
-2243 980 -1009 -1992 -726 -1573
-1938 915 -1099 -1787 -872 -1253
-1559 820 -1073 -1550 -855 -1061
-1362 776 -905 -1443 -806 -1028
-1263 777 -764 -1428 -779 -1126
-1082 750 -489 -1603 -784 -1347
-706 -214 -48 -2161 -806 -2579
-784 -395 0 -2289 -637 -2599
-782 -527 -54 -2328 -361 -2572
-777 -574 -84 -2290 35 -2449
-789 -756 -140 -2158 213 -2237
-730 -835 -45 -2067 202 -2033
-728 -942 4 -2003 -49 -1698
-761 -1258 75 -2026 -334 -1502
-824 -1408 130 -2193 -788 -1332
-1300 -1712 290 -2532 -944 -1480
-1547 -2169 250 -2791 -851 -1724
-1630 -2381 246 -3186 -593 -2169
-1891 -2683 258 -3447 -402 -2503
-2114 -2876 198 -3763 -179 -3038
-2272 -3151 111 -3963 -173 -3476
-2655 -3498 104 -4056 -179 -3741
-2546 -3359 98 -4250 -565 -3990
-2477 -3020 43 -4223 -900 -3787
-2532 -2788 -7 -4192 -1149 -3614
-2627 -2738 -106 -4115 -1396 -3354
-2618 -2532 -300 -4030 -1343 -3189
-2607 -2355 -331 -3836 -802 -2971
-2449 -1912 -331 -3603 -94 -2719
-2380 -1506 -491 -3415 202 -2512
-2557 -1297 -478 -3177 497 -2253
-3021 -1096 -466 -3051 516 -2178
-3403 -943 -763 -2980 521 -2201
-3654 -820 -978 -2900 716 -2199
-3849 -511 -1125 -3050 903 -1994
-4257 -56 -1089 -3359 1043 -1729
-4674 250 -986 -4126 835 -1240
-5131 659 -948 -5069 -135 -520
-5497 783 -1008 -5603 -859 100
-5900 735 -1006 -6039 -1714 1011
-6661 542 -570 -6072 -2218 1652
-7227 367 408 -5963 -2275 1965
-7470 190 1190 -5674 -2269 2453
-7892 -262 2498 -5363 -2419 2838
-8198 -837 3314 -4518 -2600 3442
-8355 -1920 4250 -2843 -2557 4117
-8328 -3174 4886 -1197 -2755 4655
-8117 -3918 4992 1880 -3653 5543
-7609 -4466 5034 4983 -4818 6224
-6901 -4825 4494 6661 -5558 6508
-6084 -5021 3683 8469 -6490 6873
-5018 -5331 2244 9541 -6092 7231
-3912 -4103 -1553 6231 -6156 6409
-3970 -5912 -1270 9604 -4022 7327
-4379 -5381 -1882 10418 -3146 8098
-5332 -5318 -1738 10379 -3418 8288
-5474 -5203 -1786 9403 -4475 7768
-4826 -4993 -2251 8670 -4779 7340
-3973 -4978 -2959 7953 -4678 7218
-3084 -4520 -3532 7589 -3874 7538
-3116 -4181 -3216 7163 -3068 7679
-3235 -4088 -2913 6028 -2050 7581
-3128 -3777 -2757 5100 -1671 7373
-2841 -3598 -2752 3797 -1460 7009
-2386 -3422 -2810 3090 -1417 6767
-2191 -3227 -2865 2323 -1432 6327
-1936 -3048 -3004 1895 -1575 5737
-1530 -2845 -3065 1725 -1700 5293
-1247 -2697 -2945 1448 -1693 4555
-817 -2505 -2735 1183 -1532 4029
-515 -2372 -2655 721 -1247 3253
-89 -2230 -2700 463 -1073 2779
126 -2155 -2771 227 -999 2135
453 -1905 -2847 185 -1077 1733
663 -1693 -2798 232 -1304 1130
914 -1355 -2630 323 -1515 478
960 -1181 -2527 376 -1570 -19
783 -945 -2298 421 -1437 -893
690 -728 -2013 390 -1257 -1495
311 -619 -1741 347 -1168 -2077
-16 -604 -1544 281 -1227 -2890
-552 -493 -1285 234 -1406 -3661
-1251 -404 -1048 204 -1551 -4135
-1758 -402 -878 140 -1662 -4799
-2678 -439 -659 108 -1613 -5233
-3132 -361 -552 90 -1419 -5808
-3642 -282 -304 68 -1108 -6208
-4090 -314 -70 21 -831 -6372
-4531 -432 66 -113 -509 -6502
-5083 -546 87 -215 -442 -6538
-5136 -554 66 -375 -671 -6411
-5051 -455 48 -596 -1214 -6067
-4810 -216 55 -804 -1637 -5764
-4557 -82 103 -1213 -2130 -5261
-4162 120 166 -1554 -2271 -4924
-3692 415 142 -2110 -2237 -4464
-3273 486 12 -2548 -1920 -3973
-2735 503 -130 -2822 -1414 -3458
-2312 516 -169 -2941 -1104 -3124
-2084 494 -166 -3067 -842 -2669
-1792 503 -91 -3197 -759 -2304
-1512 486 -174 -3260 -747 -2112
-1358 478 -253 -3289 -720 -1889
-1208 391 -317 -3270 -641 -1755
-1068 366 -311 -3243 -533 -1701
-1017 333 -361 -3172 -315 -1650
-881 264 -312 -3119 -71 -1590
-758 288 -192 -3133 152 -1532
-607 331 -154 -3182 419 -1403
-563 324 -181 -3235 455 -1229
-632 316 -249 -3246 421 -1135
-730 324 -310 -3213 436 -1081
-997 290 -378 -3143 566 -1201
-1406 325 -389 -3101 667 -1393
-1771 266 -463 -3028 709 -1812
-2226 37 -562 -2974 686 -2127
-2337 -60 -577 -2898 644 -2509
-2293 -136 -518 -2895 336 -2684
-2214 -226 -553 -2926 26 -2695
-2275 -388 -561 -3006 -192 -2674
-2420 -419 -574 -3035 -76 -2671
-2370 -372 -628 -2983 341 -2554
-2105 -330 -690 -2813 642 -2156
-1742 -287 -682 -2664 628 -1715
-1607 -209 -657 -2430 355 -931
-1505 -200 -626 -2270 164 -429
-1520 -249 -578 -2063 50 124
-1707 -360 -478 -1929 337 351
-1860 -489 -573 -1846 673 344
-1940 -601 -718 -1661 1066 185
-2132 -909 -1105 -1486 1084 52
-2463 -1213 -1311 -1192 753 -240
-2985 -1550 -1730 -996 408 -514
-3255 -1912 -1855 -815 -89 -1010
-3360 -2338 -1865 -843 -322 -1314
-3293 -2547 -1971 -1068 -679 -1607
-3446 -2858 -2254 -1358 -868 -1825
-3444 -2844 -2474 -1520 -719 -1952
-3501 -2814 -2476 -1792 -346 -2137
-3460 -2612 -2398 -2093 45 -2194
-3494 -2498 -2288 -2307 294 -2106
-3416 -2301 -2381 -2596 526 -1654
-3395 -1829 -2440 -2762 588 -1202
-3524 -1397 -2244 -3088 483 -489
-3779 -832 -1755 -3610 33 144
-3881 -644 -1402 -4032 -393 543
-3832 -565 -827 -4650 -871 1160
-3896 -734 -114 -5003 -883 1530
-4089 -858 526 -5317 -565 1890
-4890 -1384 1774 -5386 -511 1965
-5822 -2197 3013 -5223 -769 1924
-6512 -3089 3785 -4419 -939 1758
-7480 -4745 4897 -3422 -783 1714
-8126 -6038 5308 -1136 -903 2018
-8762 -7436 5934 1764 -1499 2935
-8291 -7972 6212 4476 -2303 4590
-7666 -8118 5617 5890 -3217 5934
-7342 -8416 4599 7445 -4166 7568
-6641 -8532 2795 8213 -4216 8294
-9845 -6717 5884 7065 -6922 7768
-4677 -8560 -1039 8985 -4163 8705
-4576 -7603 -1280 10040 -3544 9643
-5664 -7217 -1103 9977 -3729 9781
-6203 -7442 -1135 9330 -4351 9381
-6084 -7242 -1487 8127 -4675 8436
-5258 -7069 -2092 6959 -4250 7764
-4697 -6593 -2327 6241 -3650 7578
-3848 -5936 -2742 5378 -2684 7638
-3511 -5267 -2971 4919 -2144 7706
-3341 -4919 -3036 4313 -1808 7638
-3080 -4400 -2924 3878 -1878 7434
-2877 -4037 -2791 3145 -2223 6868
-2420 -3577 -2546 2311 -2714 6140
-1673 -3238 -2419 1761 -3049 5676
-1159 -2993 -2337 1008 -3143 5107
-567 -2838 -2206 573 -2918 4812
-243 -2712 -2101 4 -2416 4454
-6 -2539 -2027 -294 -2095 4222
40 -2457 -1948 -586 -1769 3755
77 -2227 -1824 -706 -1617 3092
-5 -2004 -1681 -716 -1580 2542
-112 -1918 -1558 -669 -1534 1553
-207 -1741 -1369 -616 -1519 834
-240 -1597 -1181 -583 -1529 -201
-270 -1340 -968 -588 -1542 -850
-203 -1013 -886 -606 -1535 -1707
-316 -609 -853 -591 -1481 -2486
-570 -454 -847 -581 -1425 -3011
-599 -375 -866 -605 -1263 -3792
-631 -156 -861 -665 -899 -4320
-715 -51 -932 -760 333 -5156
-1082 105 -1004 -723 1933 -5910
-1869 163 -1076 -613 2574 -6397
-3487 74 -1206 -467 2511 -6873
-4927 -107 -1143 -379 333 -7709
-5992 121 -1075 -646 -1989 -8098
-6037 356 -1151 -862 -2964 -8057
-5104 578 -1042 -1026 -2469 -7161
-4198 429 -1329 -883 -1391 -6067
-4192 413 -1377 -430 -201 -4307
-4838 575 -1080 -231 -58 -3438
-5074 652 -1045 -197 -682 -2768
-4835 876 -1334 -281 -1409 -2632
-4402 1039 -1431 -346 -1543 -2663
-3534 1115 -1370 -481 -1155 -2644
-2807 1066 -1231 -575 -789 -2524
-2490 1040 -1092 -745 -487 -2220
-2133 965 -1135 -844 -485 -1976
-1932 937 -1073 -993 -737 -1627
-1587 922 -867 -1244 -1086 -1344
-1232 877 -631 -1460 -1237 -1199
-1008 815 -524 -1818 -1364 -1043
-323 -136 -92 -2009 -33 -1950
-243 -276 -62 -1954 -172 -1920
-210 -339 -26 -1901 -215 -1872
-275 -376 -2 -1836 -238 -1809
-393 -549 47 -1825 -196 -1786
-438 -718 105 -1856 -97 -1780
-523 -824 117 -1957 -50 -1781
-1000 -1216 114 -2059 -86 -1832
-1605 -1759 8 -2224 -54 -2067
-1988 -2130 -80 -2342 89 -2440
-2364 -2493 -169 -2403 188 -2714
-2691 -2964 -166 -2551 245 -3058
-2978 -3271 -75 -2720 217 -3218
-3083 -3366 -40 -3046 -11 -3328
-3120 -3475 -37 -3413 -479 -3244
-3117 -3471 -107 -3631 -777 -3124
-3007 -3333 -138 -3863 -1042 -2894
-2705 -2995 -157 -3955 -1121 -2715
-2493 -2742 -175 -4018 -1186 -2422
-2300 -2382 -256 -4009 -1218 -2247
-2230 -2150 -318 -3944 -1267 -2062
-2096 -1867 -527 -3866 -1310 -1984
-2063 -1708 -594 -3756 -1152 -1969
-2024 -1572 -636 -3656 -767 -2009
-2058 -1177 -747 -3563 -504 -2053
-2105 -956 -710 -3432 -52 -2092
-2406 -782 -968 -3237 244 -2077
-2792 -707 -1375 -3021 190 -2065
-3430 -690 -1456 -2820 -88 -2044
-3961 -698 -1363 -2868 -266 -2000
-4118 -432 -1322 -3197 -454 -1767
-4234 76 -1439 -3531 -553 -1412
-4583 427 -1687 -4021 -932 -736
-5090 1032 -1997 -4359 -1382 -77
-5387 1787 -1837 -4546 -1504 340
-5587 2196 -1425 -4941 -1323 958
-5944 2233 -330 -5638 -951 1672
-6526 1706 1021 -6186 -712 2195
-7031 1298 1942 -6778 -747 2896
-7880 -109 2916 -6480 -1272 3339
-8720 -1684 3373 -5482 -1504 3379
-8852 -2987 3706 -2869 -1682 3309
-8807 -4415 4474 -648 -1796 3365
-8559 -4942 5314 2575 -2250 3784
-7907 -5191 6437 4780 -3177 4706
-7204 -5791 5631 5860 -3926 5523
-6745 -6243 4442 7370 -4652 6778
-6204 -6651 2746 8638 -5130 7714
-4752 -5382 1398 8635 -5131 7793
-4476 -7774 -198 9570 -5370 8425
-5178 -6262 -282 9956 -5506 8653
-4626 -6922 -1162 9798 -5344 8610
-4532 -6507 -1445 9178 -4601 8277
-4172 -6244 -2131 8302 -3518 8007
-3864 -5957 -2489 7654 -2962 7975
-3524 -5410 -2842 6966 -2515 8016
-3343 -5206 -3183 6057 -2135 8141
-290 -2782 -3395 943 -2226 3392
-127 -2725 -3443 854 -2139 2539
118 -2597 -3413 854 -1947 1985
239 -2543 -3338 883 -1569 1255
331 -2312 -3187 894 -1485 821
347 -2091 -2971 836 -1708 216
385 -1656 -2707 758 -2005 -177
405 -1386 -2592 625 -2454 -734
375 -1121 -2416 514 -2636 -1254
301 -842 -2125 406 -2501 -1738
-100 -661 -1930 370 -2315 -2106
-384 -557 -1744 362 -2028 -2727
-1193 -571 -1429 321 -1943 -3478
-2067 -668 -1000 218 -2028 -4033
-2632 -528 -821 -5 -2229 -4878
-3721 -316 -713 -159 -2270 -5783
-4286 -233 -567 -243 -2076 -6329
-5196 26 -123 -413 -1543 -7008
-5688 108 118 -565 -1233 -7295
-5783 -19 360 -746 -1045 -7326
-5779 -59 435 -1030 -906 -6921
-5555 49 544 -1317 -954 -6078
-5350 239 616 -1532 -1227 -5390
-5168 385 612 -1861 -1882 -4407
-4755 721 593 -2064 -2213 -3886
-4322 968 564 -2324 -2401 -3316
-3434 1225 506 -2468 -2332 -3003
-2855 1306 446 -2643 -1886 -2548
-2192 1335 215 -2701 -1215 -2125
-1727 1269 -35 -2665 -843 -1865
-1486 1219 -128 -2564 -567 -1495
-1172 1147 -238 -2464 -597 -1153
-955 1038 -431 -2405 -738 -943
-900 908 -652 -2296 -951 -722
-843 823 -489 -2338 -868 -635
-783 797 -497 -2426 -661 -624
-732 741 -593 -2523 -334 -615
-563 679 -641 -2556 -118 -564
-501 611 -631 -2550 219 -403
-657 449 -602 -2493 457 -223
-914 320 -600 -2419 534 -127
-1068 271 -637 -2245 676 -71
-1187 388 -566 -2128 779 -69
-1275 499 -584 -1949 892 -125
-1343 591 -605 -1789 882 -201
-1419 589 -574 -1715 825 -284
-1714 505 -562 -1698 834 -519
-1918 368 -512 -1786 962 -928
-2250 18 -533 -1871 1104 -1258
-2223 -136 -593 -1939 1287 -1650
-2069 -270 -679 -1932 1263 -1767
-1947 -305 -746 -1854 858 -1766
-1740 -311 -738 -1793 110 -1614
-1594 -308 -609 -1802 -350 -1494
-1409 -310 -606 -1847 -806 -1302
-1154 -417 -739 -1871 -949 -1132
-992 -506 -766 -1885 -816 -1070
-875 -547 -729 -1950 -421 -1015
-809 -645 -677 -2028 -181 -1014
-753 -743 -686 -2160 -4 -1022
-877 -1094 -886 -2250 -7 -1094
-1311 -1519 -999 -2282 70 -1265
-1641 -1867 -1076 -2271 411 -1714
-1891 -2165 -1233 -2214 708 -2072
-2082 -2272 -1263 -2088 986 -2609
-2425 -2344 -1323 -2028 825 -3065
-2891 -2779 -1568 -2048 506 -3292
-3001 -3136 -1608 -2275 41 -3359
-3031 -3315 -1604 -2598 -74 -3215
-2995 -3252 -1698 -3202 -4 -2812
-3463 -3230 -1855 -3827 465 -2504
-3995 -3241 -1850 -4215 887 -2459
-4793 -3268 -1875 -4662 1073 -2503
-4871 -2863 -1999 -4802 964 -2428
-4716 -2507 -2079 -4785 801 -1934
-4342 -2121 -1899 -4742 663 -1343
-4370 -1801 -1524 -4865 446 -350
-4581 -1388 -655 -5340 247 417
-4742 -1150 75 -5758 74 767
-4831 -1077 540 -6292 -184 1093
-5163 -1316 1232 -6456 -321 1216
-5629 -1640 1657 -6206 -659 1213
-6211 -2176 2578 -5709 -868 1153
-6586 -3102 3585 -4516 -851 1124
-6676 -3837 4302 -2837 -663 1541
-7142 -4915 5252 -1471 -745 2083
-7459 -5396 5911 694 -1289 3130
-7559 -6055 6439 2759 -2210 4331
-7523 -6551 6037 4073 -2865 5076
-7627 -7045 5263 5970 -3957 5890
-7279 -7642 3713 7159 -4732 6291
-6600 -7873 2562 8798 -5193 6882
-6542 -5095 6095 5203 -6544 6326
-4419 -7992 -493 8813 -4275 7193
-3912 -8283 -1219 10433 -3091 9050
-6377 -7417 -586 10461 -3304 9444
-6484 -7660 -886 9646 -4489 9188
-2044 -3419 -2273 2062 -2874 6467
-1586 -3126 -2211 1408 -2783 5914
-1043 -2794 -2050 1011 -2787 5559
-758 -2514 -2003 485 -2903 4969
-333 -2223 -1884 23 -3018 4281
61 -1954 -1751 -264 -3000 3762
300 -1777 -1740 -607 -2667 2903
554 -1665 -1796 -814 -1995 1992
563 -1644 -1849 -877 -1512 1361
377 -1618 -1813 -908 -876 318
-80 -1490 -1615 -917 -550 -443
-352 -1357 -1499 -901 -507 -1596
-494 -985 -1455 -859 -773 -2298
-554 -710 -1450 -755 -1151 -3208
-656 -363 -1508 -672 -1276 -3717
-1006 -223 -1477 -582 -1162 -4404
-1710 -24 -1424 -570 -907 -5121
-2541 198 -1534 -555 -770 -5563
-3121 209 -1545 -520 -829 -6030
-3399 1300 -233 -2069 -1229 -2258
-2928 1227 -399 -1950 -741 -1902
-2404 982 -925 -1625 -435 -1666
-2150 887 -1082 -989 -322 -1376
-1883 858 -1149 -481 -428 -1262
-1610 832 -1175 -288 -594 -1296
-1428 862 -1013 -332 -873 -1494
-1135 945 -700 -602 -1014 -1696
-727 945 -542 -1223 -1145 -1996
-416 855 -438 -2989 1002 -1743
-347 -308 -284 -2701 1103 -1931
-545 -281 -305 -2319 1068 -2104
-900 -457 -119 -2101 971 -2222
-989 -511 54 -1911 756 -2347
-1237 -613 285 -1932 563 -2385
-1544 -908 535 -2083 478 -2383
-1918 -1137 659 -2453 439 -2405
-2563 -1604 601 -2821 695 -2512
-2904 -2084 473 -2982 992 -2576
-3069 -2247 317 -3071 1122 -2611
-3322 -2402 171 -3051 909 -2639
-3348 -2491 183 -3042 389 -2707
-3255 -2576 209 -3141 -123 -2798
-3031 -2515 197 -3264 -363 -2871
-2816 -2441 205 -3518 -642 -2943
-2442 -2251 92 -3687 -829 -2944
-2282 -2154 -83 -3841 -1120 -2906
-2194 -2115 -313 -3894 -1275 -2900
-2260 -2147 -457 -3925 -1324 -2985
-2201 -2172 -764 -3893 -1075 -3104
-2221 -2098 -765 -3888 -490 -3237
-2347 -1974 -897 -3892 -24 -3323
-2389 -1836 -876 -3949 371 -3328
-2718 -1622 -994 -4039 327 -3267
-3026 -1553 -1109 -4220 52 -3185
-3229 -1287 -1322 -4392 54 -3052
-3576 -1222 -1407 -4491 269 -2909
-3889 -979 -1512 -4612 584 -2638
-4315 -675 -1549 -4696 759 -2202
-4557 -252 -1463 -4787 548 -1738
-4729 22 -1305 -5027 -193 -889
-4930 405 -958 -5381 -841 -57
-5253 592 -307 -5651 -1050 381
-5511 680 221 -6018 -1157 829
-5921 557 1251 -6171 -1132 1032
-6375 270 1865 -6064 -694 1230
-7333 -327 2743 -5281 -228 1337
-8192 -1248 3694 -4362 -277 1531
-8609 -2052 4341 -2440 -1229 2183
-8616 -2849 5485 -198 -2326 3294
-8054 -3399 6506 1219 -2713 4186
-7882 -3851 6633 3132 -3025 5438
-7891 -4730 5614 5005 -3987 6336
-7524 -5271 4494 6246 -4695 6719
-6420 -5736 2954 7838 -5072 7086
-5982 -6016 1667 8591 -5277 7267
-86 -300 -208 -1823 -5746 6851
-4796 -6783 -1623 9359 -7610 7882
-4822 -6399 -2137 10244 -7433 8333
-4997 -6136 -1741 10246 -5371 8326
-5379 -5533 -1792 9235 -3900 8091
-5057 -5373 -2526 8537 -3747 8073
-4619 -5131 -3006 7682 -3605 8184
-3910 -4759 -3490 6920 -3141 8303
-3410 -4400 -3639 6353 -2685 8247
-3125 -4190 -3729 5419 -2118 7879
-2626 -3921 -3684 4472 -1983 7235
-2110 -3630 -3738 3908 -2066 6686
-1761 -3430 -3737 3187 -2214 5753
-1272 -3128 -3525 2490 -2201 4758
-1014 -2989 -3376 2017 -2077 4104
-575 -2860 -3205 1379 -1769 3256
-269 -2767 -3123 1061 -1498 2829
86 -2646 -3001 753 -1080 2392
214 -2529 -2910 640 -890 2157
231 -2353 -2786 586 -823 1756
213 -2189 -2706 587 -903 1408
276 -2070 -2659 627 -897 776
334 -1801 -2551 654 -644 302
340 -1685 -2515 679 -363 -415
309 -1357 -2346 666 -403 -873
247 -1114 -2219 612 -686 -1516
174 -951 -2152 595 -920 -1908
80 -668 -2071 630 -1252 -2411
-78 -441 -2020 701 -1347 -2697
-273 -358 -1958 873 -1318 -3076
-847 -389 -1814 990 -1325 -3331
-1334 -502 -1610 1056 -1430 -3781
-2380 -664 -1399 1033 -1460 -4191
-2952 -735 -1196 900 -1498 -4887
-3755 -536 -947 717 -1609 -5563
-4171 -383 -856 610 -1765 -5942
-4811 -19 -700 483 -2022 -6391
-5469 375 -479 418 -2179 -6622
-5479 427 -316 275 -2277 -6668
-5190 413 -199 133 -2180 -6425
-5012 402 -60 -166 -1888 -5744
-4644 457 175 -448 -1815 -5132
-4134 540 263 -979 -1994 -4128
-3734 627 336 -1552 -2230 -3219
-3152 773 386 -1916 -2227 -2751
-2768 803 169 -2265 -1928 -2237
-2160 793 -123 -2352 -1386 -1872
-1789 889 -337 -2303 -1010 -1710
-1621 908 -462 -2164 -681 -1569
-1383 901 -357 -2109 -611 -1521
-1238 900 -308 -2137 -634 -1468
-1026 872 -408 -2193 -783 -1410
-866 790 -513 -2234 -879 -1357
-781 758 -436 -2342 -865 -1241
-613 728 -402 -2422 -717 -1119
-496 682 -401 -2520 -415 -840
-408 649 -422 -2558 -244 -597
-471 587 -581 -2547 -60 -228
-631 518 -717 -2419 158 21
-930 371 -846 -2298 372 74
-992 457 -823 -2143 699 38
-1369 488 -813 -2081 860 -85
-1540 430 -846 -2042 986 -383
-1635 416 -765 -2098 862 -709
-1881 427 -805 -2155 684 -958
-2992 -563 -1309 -2280 867 -2643
-2852 -630 -1321 -2151 589 -2796
-2483 -621 -1249 -2056 -125 -2589
-2104 -436 -1179 -2019 -712 -2319
-1832 -327 -1216 -1976 -1437 -1816
-1491 -199 -1222 -1954 -1708 -1493
-1279 -165 -1284 -1945 -1886 -1082
-915 -221 -1346 -2002 -1696 -774
-761 -372 -1407 -2086 -1358 -680
-866 -505 -1457 -2284 -641 -761
-1280 -990 -1659 -2435 -21 -1004
-1525 -1269 -1763 -2656 999 -1500
-1821 -1591 -2130 -2747 1698 -1902
-1897 -1753 -2335 -2801 1729 -1986
-2435 -1833 -2557 -2936 1292 -2033
-3146 -2223 -2447 -3348 776 -2127
-3905 -2468 -2514 -3794 772 -2192
-4227 -2652 -2399 -4581 1161 -2182
-4476 -2858 -2171 -5186 1530 -1951
-4972 -2896 -2077 -6005 1999 -1369
-6009 -3009 -2174 -6334 1865 -985
-6445 -2883 -2006 -6529 956 -425
-6768 -2430 -1290 -6579 -225 128
-6735 -2041 -24 -6647 -893 519
-6550 -1743 953 -6761 -1497 1174
-6042 -1631 2509 -6744 -1415 1670
-5960 -1884 3543 -6336 -404 2334
-6339 -3033 4937 -5629 293 2671
-8195 -5442 5918 -3652 506 2858
-9565 -6975 6259 -497 -486 2724
-10139 -8603 6690 1866 -1571 2824
-8493 -8659 6878 4981 -2653 3854
-7141 -8238 6694 7015 -3221 5952
-6544 -8033 5533 8213 -3933 7788
-6443 -8094 4501 8731 -4708 8450
-5550 -5346 3019 6023 -5425 7975
-4580 -8209 844 8547 -5417 8165
-4517 -7667 429 9076 -4375 8568
-4962 -7158 70 8758 -3746 8515
-5281 -6578 -184 7567 -2998 8100
-5140 -6125 -1049 6346 -3038 7775
-4846 -5880 -1813 5826 -3310 7726
-4513 -5490 -2609 5466 -3477 7643
-4342 -5086 -2747 5309 -3338 7479
-4178 -4715 -2754 4952 -2996 7125
-3693 -4250 -2546 4581 -2820 6875
-3343 -3945 -2399 3805 -2622 6534
-2785 -3539 -2339 2977 -2710 6263
-2231 -3238 -2264 2452 -2852 6105
-1912 -3080 -2238 1761 -3032 5845
-1429 -2876 -2196 1380 -3095 5626
-1166 -2691 -2108 910 -3060 5208
-781 -2511 -1933 632 -3063 4874
-530 -2391 -1791 257 -3191 4301
-229 -2091 -1676 63 -3322 3860
-28 -1926 -1687 -114 -3457 3118
392 -1708 -1727 -171 -3358 2593
449 -1552 -1699 -213 -2583 1670
143 -1259 -1613 -230 -1771 911
-112 -1138 -1559 -240 -747 -337
-520 -873 -1444 -222 -324 -1579
-846 -701 -1342 -204 -395 -2377
-1103 -305 -1157 -233 -868 -3435
-1744 -38 -913 -347 -1337 -4071
-2184 -34 -861 -650 -2014 -4965
-2815 53 -1197 -838 -2139 -5500
-3465 -36 -1361 -960 -1650 -6218
-4400 -24 -1495 -974 -1162 -6624
-4674 211 -1697 -854 -753 -6923
-4882 607 -1670 -708 -430 -6747
-4840 883 -1470 -706 -205 -6276
-4255 1010 -1258 -907 -343 -4955
-3979 1262 -892 -1173 -634 -3945
-3896 1426 -707 -1675 -969 -2744
-3688 1391 -688 -1990 -1108 -2239
-3444 1393 -783 -2310 -1051 -1851
-728 374 -526 -2319 -451 -1926
-877 254 -483 -2299 -373 -2115
-946 128 -431 -2287 -149 -2527
-965 49 -358 -2281 80 -2935
-918 15 -312 -2271 162 -3120
-812 -94 -232 -2271 151 -3219
-750 -101 -132 -2296 73 -3199
-753 -86 -84 -2346 -47 -3098
-718 -282 -77 -2387 -164 -2937
-725 -357 -88 -2398 -222 -2825
-2134 -2150 286 -2990 416 -2139
-2257 -2324 304 -3223 185 -2204
-2245 -2374 336 -3584 -193 -2255
-2332 -2476 272 -3790 -348 -2299
-2486 -2691 184 -4005 -292 -2469
-2820 -3031 119 -4090 -26 -2683
-3108 -3130 71 -4112 516 -3129
-3465 -3154 5 -4037 794 -3555
-3559 -2979 7 -3955 696 -3708
-3665 -2848 -39 -3814 49 -3732
-3590 -2559 -6 -3736 -512 -3616
-3347 -2302 41 -3689 -1287 -3220
-2932 -1889 145 -3706 -1689 -2836
-2640 -1571 256 -3810 -2097 -2170
-2192 -1145 260 -3887 -2184 -1719
-1801 -792 75 -3881 -1866 -1102
-1716 -643 -26 -3680 -956 -692
-1856 -431 -417 -3251 105 -597
-2315 -211 -822 -2877 719 -728
-2666 15 -869 -2435 1213 -1127
-3248 160 -777 -2332 1066 -1456
-3627 90 -762 -2494 436 -1943
-4036 45 -1079 -2719 -154 -2235
-3860 186 -1451 -2778 -387 -2148
-3543 333 -1584 -2789 -484 -1465
-3366 662 -1513 -2806 -420 -783
-3638 965 -1115 -3027 -197 183
-3891 1132 -844 -3494 -140 797
-4045 1268 -644 -3906 -205 1078
-4081 1381 -478 -3997 -194 1141
-4212 1427 -216 -3826 -172 1146
-4896 1359 496 -3576 -277 1088
-5562 1142 1243 -3179 -959 973
-6561 641 2409 -2891 -1578 907
-7142 -72 3097 -2222 -1845 915
-8036 -1156 4167 -1061 -1536 1267
-7739 -2250 4791 69 -1480 1979
-7301 -2588 4973 2247 -1746 3783
-7271 -3101 4919 3796 -2296 5039
-7556 -3561 4625 5769 -3793 6296
-7395 -4413 3660 6811 -4916 6664
-6327 -5144 2106 8214 -6117 6893
-5171 -5637 2517 8102 -9076 6373
-3327 -5787 -785 9398 -6291 6607
-2077 -6351 -2066 11328 -3192 7838
-4287 -5003 -928 11335 -2135 8185
-5056 -5266 -641 9982 -3315 7725
-4283 -5274 -1561 9063 -4124 7322
-3303 -5229 -2308 8247 -4122 7201
-2469 -4625 -2896 7837 -2850 7462
-2279 -3943 -2743 7422 -1966 7630
-2356 -3582 -2438 6356 -1204 7630
-2284 -3288 -2133 5468 -1164 7464
-2316 -3327 -2271 4287 -1325 7014
-2243 -3379 -2624 3548 -1305 6361
-2043 -3032 -2894 3265 -1201 5865
-1803 -2869 -2885 2895 -1034 5126
-1480 -2464 -2607 2530 -908 4645
-1180 -2274 -2460 1817 -872 4025
-656 -2193 -2362 1061 -1051 3571
-140 -2171 -2354 612 -1189 3309
188 -2170 -2400 111 -1283 2894
598 -2087 -2413 -103 -1247 2571
738 -1992 -2392 -244 -1072 1948
894 -1729 -2342 -223 -976 1435
913 -1527 -2277 -81 -922 530
572 -1238 -2135 55 -929 -190
118 -1214 -1926 197 -993 -1424
-1132 -1307 -1650 283 -964 -2853
-2350 -1416 -1602 427 -830 -3875
-3885 -1463 -1522 835 -732 -5190
-4328 -1325 -1297 1139 -754 -5707
-4351 -895 -959 1495 -1031 -5782
-4321 -491 -825 1642 -1378 -5558
-4269 98 -333 1546 -1600 -5218
-4492 330 44 1249 -1420 -5185
-5150 580 385 815 -1357 -5363
-5600 723 444 74 -1798 -5925
-5679 712 107 -333 -2175 -6284
-5125 821 -228 -622 -2448 -6449
-3839 1095 -729 -591 -2596 -6001
-3217 1064 -661 -595 -2583 -5483
-2651 1033 -277 -837 -2407 -4618
-2459 1052 -27 -1127 -2157 -4116
-2279 1100 25 -1656 -1593 -3470
-2046 1095 -137 -2119 -1086 -2897
-1806 1045 -391 -2334 -913 -2533
-1685 1058 -564 -2513 -885 -2039
-1477 1037 -797 -2546 -931 -1760
-1323 1020 -838 -2554 -1002 -1416
-1149 903 -707 -2607 -1015 -1231
-1112 744 -548 -2766 -919 -1024
-957 721 -519 -2931 -754 -828
-644 750 -549 -2989 -656 -646
-454 731 -581 -3018 -586 -289
-260 721 -661 -3001 -593 -30
-246 686 -664 -2966 -533 274
-274 585 -687 -2954 -363 384
-378 505 -730 -2922 22 388
-612 458 -765 -2877 358 262
-678 506 -823 -2762 871 -19
-865 472 -1011 -2564 1162 -356
-1170 402 -1024 -2448 1249 -620
-1333 340 -1035 -2341 1234 -1039
-1556 147 -1046 -2321 1105 -1316
-1678 -9 -1011 -2396 808 -1684
-1970 -309 -1009 -2523 749 -2061
-1831 -330 -963 -2591 860 -2209
-1683 -330 -975 -2645 872 -2201
-1397 -296 -1027 -2614 567 -1931
-1071 -280 -983 -2564 280 -1652
-904 -276 -911 -2519 -158 -1210
-655 -398 -869 -2539 -451 -859
-465 -707 -924 -2586 -516 -706
-456 -1022 -1011 -2639 -377 -673
-740 -1471 -1163 -2616 19 -995
-1375 -1829 -1251 -2544 413 -1500
-2335 -2561 -1289 -2377 928 -2540
-2849 -2747 -1237 -2260 1043 -3218
-2846 -2767 -1317 -2059 773 -3909
-2404 -3145 -1473 -1950 458 -4000
-2561 -3427 -1642 -1818 603 -3869
-2977 -3860 -1698 -1782 1126 -3751
-3211 -4062 -1580 -1910 1841 -3540
-3535 -3928 -1592 -2079 1760 -3337
-3829 -3814 -1688 -2354 793 -2986
-4261 -3619 -1786 -2593 -165 -2770
-3934 -3305 -1899 -2686 -423 -2605
-3522 -2876 -1894 -2714 -160 -2219
-3255 -2326 -1900 -2674 259 -1903
-3180 -1988 -1804 -2651 861 -1404
-3486 -1354 -1520 -2849 1052 -977
-4218 -1007 -1281 -3112 786 -806
-4388 -581 -1406 -3547 -57 -570
-4304 -314 -1483 -3832 -560 -208
-4235 -178 -1103 -4129 -334 285
-4755 -378 -193 -4461 -125 610
-5088 -494 500 -5128 -337 1159
-5601 -1072 1547 -5530 -685 1573
-6109 -1862 2145 -5725 -1013 2113
-7048 -3391 2977 -5035 -950 2398
-7895 -4808 3919 -4009 -935 2517
-8202 -5836 4653 -1748 -1480 2951
-8213 -6799 5625 952 -2912 3878
-7832 -7390 6312 2623 -3788 4647
-7381 -7674 6135 4712 -4374 5778
-6679 -7869 4964 5874 -4482 6487
-6265 -7971 3683 7419 -4806 7412
-5620 -7804 2045 8673 -4850 7983
-5755 -6762 3006 8736 -4746 7912
-4355 -6804 -1841 8317 -5062 7466
-4768 -7800 -936 9069 -4775 8010
-5552 -7551 -1314 9414 -4443 8173
-5916 -7362 -1138 9080 -4145 8020
-6009 -7023 -1135 7964 -3648 7671
-5617 -6669 -1571 6809 -3342 7584
-4897 -6114 -2194 6232 -3155 7756
-4606 -5778 -2552 5670 -2946 8107
-4384 -5248 -2725 5342 -2880 8221
-4194 -4861 -2682 4759 -2900 8103
-3775 -4343 -2429 4251 -2959 7868
-3382 -4020 -2300 3389 -3092 7409
-2638 -3621 -2302 2826 -3200 7086
-2158 -3340 -2327 2095 -3308 6623
-1603 -2970 -2317 1683 -3290 6284
-1230 -2842 -2310 1134 -3130 5710
-739 -2634 -2241 795 -2909 5269
-471 -2432 -2228 391 -2474 4491
-125 -2213 -2153 85 -2124 3609
157 -2055 -2080 -80 -1891 2996
580 -1815 -1930 -291 -1370 2084
841 -1599 -1880 -391 -1009 1480
985 -1438 -1903 -447 -532 579
803 -1341 -1871 -437 -171 -63
412 -1257 -1839 -342 256 -1145
251 -1125 -1707 -241 289 -2255
-10 -935 -1527 -205 141 -2963
-223 -866 -1433 -193 -105 -4007
-405 -718 -1182 -243 -209 -4657
-1088 -709 -1142 -349 -183 -5605
-1602 -796 -1091 -439 62 -6507
-2098 -790 -1071 -458 263 -7040
-3345 -659 -1192 -332 406 -7775
-4283 -694 -1429 -121 303 -8165
-5137 -1015 -1897 311 -64 -8277
-5606 -1071 -1982 576 -261 -8009
-5340 -583 -1892 816 -524 -6959
-4992 -139 -1521 792 -715 -5961
-4871 143 -1489 583 -883 -4482
-4655 426 -1545 252 -1044 -3346
-4445 549 -1368 -107 -1182 -2822
-3899 786 -1037 -810 -1358 -2341
-3524 852 -1018 -1525 -1474 -2083
-2812 786 -1220 -1972 -1440 -1867
-2402 758 -1292 -2107 -1288 -1727
-1924 753 -1224 -2193 -989 -1573
-1621 725 -963 -2253 -832 -1519
-1479 718 -754 -2408 -754 -1539
-1230 698 -640 -2581 -799 -1636
-901 624 -637 -2653 -804 -1719
-773 555 -573 -2697 -648 -1868
-684 462 -538 -2653 -351 -2070
-725 302 -574 -2561 -191 -2239
-774 190 -580 -2358 -56 -2538
-947 53 -499 -2212 -32 -2767
-994 -50 -412 -2029 11 -3128
-942 -44 -307 -1894 59 -3375
-902 -43 -103 -1849 10 -3476
-816 7 -29 -1850 -98 -3440
-673 -65 -14 -1875 -202 -3092
-555 -199 110 -1907 -123 -2794
-461 -209 152 -1975 14 -2219
-392 -304 149 -2024 85 -1617
-505 -628 131 -2058 79 -1271
-859 -951 120 -2151 3 -1034
-1254 -1480 45 -2269 -74 -1122
-1593 -1917 -21 -2349 -138 -1320
-1748 -2092 -92 -2460 -318 -1747
-1859 -2436 -159 -2561 -554 -2220
-2030 -2771 -237 -2610 -646 -2526
-2119 -2926 -291 -2647 -655 -2924
-2009 -3076 -277 -2726 -561 -3131
-2052 -3151 -253 -2818 -458 -3188
-2140 -3174 -193 -3038 -395 -3187
-2279 -3141 -186 -3288 -454 -3140
-2435 -3155 -272 -3418 -510 -3139
-2645 -3089 -491 -3500 -519 -3188
-2767 -2906 -595 -3492 -554 -3235
-2806 -2743 -643 -3446 -786 -3263
-2715 -2429 -716 -3369 -1007 -3217
-2580 -2173 -845 -3298 -1059 -3134
-2517 -1963 -875 -3190 -844 -2959
-2570 -1577 -826 -3144 -584 -2832
-2682 -1341 -849 -3156 -336 -2632
-3034 -1105 -1112 -3170 -185 -2478
-3690 -891 -1517 -3153 -139 -2435
-4098 -814 -1689 -3175 -366 -2383
-4614 -592 -1725 -3436 -785 -2171
-4917 -215 -1956 -3709 -1074 -1875
-5144 117 -1894 -4268 -1400 -1203
-5442 479 -1509 -5031 -1632 -321
-5653 632 -1000 -5559 -1592 326
-5772 651 -611 -6198 -1129 1258
-6098 525 185 -6437 -842 1777
-6549 201 790 -6393 -781 2273
-7284 -640 1896 -5791 -1037 2431
-8244 -1839 3049 -5008 -1193 2391
-8348 -2674 3857 -3245 -1551 2421
-8292 -3760 5526 -1800 -1595 2685
-8199 -4366 6562 586 -1754 3556
-8515 -5133 7285 3157 -2262 4736
-8516 -5683 6686 4958 -3164 5590
-8148 -5983 5885 7458 -4939 6831
-7434 -6596 4202 8789 -6156 7506
-6765 -6750 3104 10190 -6959 8193
-6191 -5127 -172 8164 -7917 7887
-4259 -8093 -2151 10803 -6568 8522
-4886 -7460 -1680 11776 -4901 9472
-6179 -7350 -1457 11404 -4254 9459
-6379 -7253 -1750 10085 -3897 9020
-5760 -7066 -2797 9218 -3835 8732
-4961 -6841 -3376 8210 -3362 8660
-4166 -6403 -3628 7277 -2620 8772
-4081 -6142 -3933 6685 -2273 8668
-3966 -5910 -3947 5807 -1916 8093
-3351 -5464 -3803 5177 -1825 7566
-2756 -5095 -3676 4179 -1799 6765
-1832 -4716 -3540 3219 -1679 6105
-924 -4484 -3457 2625 -1557 5779
-409 -4316 -3467 1812 -1368 5396
162 -4013 -3396 1312 -1302 5138
438 -3839 -3259 601 -1372 4636
725 -3537 -3178 25 -1601 3905
899 -3286 -3227 -214 -1719 3290
1100 -2908 -3303 -358 -1542 2184
1227 -2611 -3295 -355 -1184 1364
1225 -2329 -3342 -224 -746 100
1204 -1920 -3234 -95 -728 -700
965 -1679 -3132 72 -976 -1855
753 -1329 -2782 119 -1139 -2559
659 -941 -2455 55 -1088 -3416
390 -489 -2286 46 -833 -3976
-118 -377 -2091 96 -661 -4183
-738 -521 -1840 155 -446 -4355
-1863 -640 -1482 151 -356 -4479
-2591 -683 -1329 117 -424 -4728
-3675 -746 -1066 79 -588 -4959
-4384 -710 -885 -13 -921 -5383
-5175 -455 -776 -65 -1185 -5803
-5563 -539 -571 -93 -1080 -5996
-5569 -614 -427 -86 -341 -6009
-5648 -709 -406 38 266 -5733
-5612 -731 -383 134 266 -5438
-5431 -698 -393 179 -281 -4895
-5201 -374 -183 70 -795 -4590
-4902 -91 -41 -290 -1364 -4313
-4303 273 182 -818 -1604 -4167
-3613 584 205 -1168 -1630 -4081
-3077 749 92 -1574 -1583 -3874
-2444 951 -297 -1699 -1515 -3691
-2135 1009 -556 -1694 -1500 -3414
-1776 1032 -550 -1727 -1569 -3182
-1607 968 -450 -1847 -1594 -3072
-1477 940 -367 -2152 -1441 -2924
-1248 825 -298 -2395 -1173 -2772
-981 687 -440 -2725 -635 -2414
-840 602 -531 -2900 -242 -1894
-745 577 -573 -2963 -106 -1504
-813 447 -564 -2997 -48 -1011
-1035 183 -604 -2992 27 -804
-1162 -25 -649 -2869 517 -660
-942 -111 -704 -2661 1584 -449
-806 -86 -531 -2553 2472 -179
-889 103 -341 -2609 3284 289
-1410 184 -245 -2747 3197 509
-1356 -263 11 -3110 2784 747
-1550 355 -506 -3257 1927 807
-1457 800 -462 -3214 1356 662
-1463 619 -514 -1434 -1000 -4423
-1553 -329 -434 -1428 -405 -3531
-1459 -157 -413 -1547 -574 -2402
-1690 -47 -398 -1627 -938 -1798
-1858 -358 -470 -1815 -1090 -1301
-1880 -587 -622 -1985 -734 -1239
-1979 -915 -953 -2037 -348 -1328
-2017 -1191 -1191 -1966 275 -1552
-2211 -1593 -1272 -1819 609 -1743
-2453 -1975 -1399 -1688 501 -1837
-2717 -2205 -1578 -1444 186 -2078
-3055 -2679 -1636 -1174 -71 -2387
-3080 -2809 -1667 -1036 -173 -2541
-3154 -3014 -1707 -916 -328 -2629
-2920 -3054 -1607 -921 -450 -2509
-2627 -2975 -1568 -1058 -568 -2038
-2494 -2715 -1489 -1284 -364 -1489
-2359 -2418 -1705 -1415 -129 -1183
-2372 -2400 -1816 -1611 225 -842
-2862 -2400 -1912 -1762 395 -828
-3036 -2422 -2044 -1926 469 -999
-3090 -2240 -2031 -2008 581 -1083
-2949 -1783 -1851 -2162 642 -878
-3058 -1509 -1712 -2444 206 -328
-3448 -1167 -1557 -2808 -282 192
-3700 -1026 -1127 -3122 -456 498
-3898 -1005 -859 -3630 -292 904
-4122 -1118 -270 -4114 318 1414
-4779 -1384 272 -4377 487 1821
-5292 -1513 744 -4639 71 2410
-5910 -1770 1625 -4689 -574 2772
-6240 -2155 2397 -4559 -1576 3175
-6594 -2970 3338 -3993 -1973 3333
-7137 -3913 4342 -3312 -1798 3348
-7468 -4590 4769 -1696 -1649 3533
-7312 -5457 5040 -206 -2194 3995
-7053 -6109 4981 2302 -3191 5081
-6842 -6315 4655 4605 -3950 6064
-6540 -6559 3719 6287 -4244 6682
-6078 -6623 2274 7109 -4283 6953
-5684 -6544 1557 7812 -4164 7344
-6579 -6071 7936 7904 -3902 7197
-4195 -6798 -1305 6799 -4956 7361
-3909 -6642 -1824 7930 -4165 8574
-4965 -6124 -2089 8186 -3849 8683
-5253 -5858 -1761 7618 -3013 8102
-4870 -5563 -1892 6942 -2743 7676
-4467 -5346 -2158 6051 -2620 7332
-3831 -4990 -2379 5301 -2442 7249
-3515 -4689 -2624 4868 -2458 7203
-3045 -4264 -2623 4233 -2473 7015
-2532 -3823 -2619 3792 -2384 6810
-2138 -3679 -2608 3183 -2225 6476
-1684 -3193 -2450 2799 -2153 6260
-1477 -3040 -2289 2189 -2043 5883
-1198 -2830 -1915 1672 -1973 5573
-1050 -2636 -1709 767 -2027 5012
-854 -2817 -1688 -145 -2291 4405
-74 -2385 -1818 -659 -2763 4126
208 -2102 -1750 -1200 -3504 3744
1890 -1805 -1900 -1406 -3972 3724
1031 -1972 -1343 -1534 -4746 3793
-1226 -2855 -823 -1610 -5392 3446
-2997 -2858 -886 -1569 -6663 1994
-3880 -815 -822 -1496 -7275 -257
-5319 -69 -887 -1501 -6884 -2169
-5255 95 -767 -1628 -5677 -4998
-4536 667 -675 -1777 -5144 -6504
-4005 1126 -1034 -1827 -4883 -8038
-3071 1581 -1779 -1590 -5034 -8785
-2046 1704 -2016 -1291 -5524 -8793
400 1668 -3516 -332 -6984 -7573
466 1940 -1401 61 -7488 -6288
358 1633 -327 -40 -6530 -4417
229 41 1989 -1157 -3434 -2479
-641 -159 1429 -2101 -1607 -1342
-1502 536 570 -3137 -677 -326
-2786 969 391 -3702 -732 -205
-3627 826 725 -4567 -680 -690
-4412 1091 1267 -5091 -618 -1230
