0 0 0 -1754 -1149 -4404
-2057 1435 -1399 -1238 -816 -3508
-1874 1470 -1103 -945 -452 -2851
-1694 1456 -692 -965 -261 -2582
-1721 1350 -578 -1240 -137 -2442
-1783 1076 -536 -1616 -169 -2561
-1543 927 -426 -1881 -239 -2670
-1310 771 -487 -2164 -410 -2727
-995 596 -594 -2226 -483 -2674
-735 430 -799 -2147 -506 -2512
-603 318 -965 -1892 -566 -2335
-527 309 -769 -1766 -567 -2273
-466 241 -540 -1833 -509 -2309
-411 125 -387 -2113 -261 -2450
-439 71 -222 -2376 -16 -2584
-466 17 -242 -2711 239 -2803
-395 -196 -250 -2907 287 -2904
-416 -305 -275 -2932 318 -2924
-419 -394 -333 -2825 311 -2893
-447 -624 -370 -2619 301 -2833
-571 -747 -343 -2471 394 -2816
-715 -902 -243 -2304 478 -2822
-910 -1086 -3 -2299 415 -2824
-983 -1187 167 -2472 189 -2808
-1140 -1478 409 -2725 -29 -2768
-1387 -1785 423 -3182 -350 -2725
-1715 -2311 310 -3574 -445 -2744
-2077 -2659 143 -3732 -341 -2789
-2246 -2827 49 -3797 -19 -2899
-2297 -2933 4 -3773 212 -2946
-2413 -2928 70 -3746 371 -2976
-2687 -2932 118 -3808 320 -3029
-2881 -2884 111 -3895 211 -3076
-3007 -2877 45 -4054 -37 -3133
-3155 -2813 -80 -4179 -197 -3152
-3106 -2609 -416 -4174 -273 -3106
-3075 -2434 -605 -4035 -419 -2951
-3037 -2063 -880 -3824 -542 -2720
-3075 -1662 -1219 -3675 -555 -2551
-3282 -1324 -1330 -3540 -320 -2391
-3526 -870 -1474 -3608 -25 -2282
-3707 -592 -1495 -3805 150 -2178
-3916 -94 -1329 -4349 293 -1862
-4207 342 -1137 -4800 312 -1562
-4694 484 -1124 -5375 160 -1139
-5279 518 -1333 -5534 -42 -901
-5560 699 -1377 -5344 -232 -522
-5794 793 -1129 -4800 -333 -139
-6100 1151 -215 -4419 -507 136
-6398 1356 1041 -4002 -1095 623
-6524 1320 1834 -3674 -1454 1283
-6740 1008 3049 -3414 -1329 1800
-7219 548 3604 -2702 -980 2540
-7976 -315 4114 -1357 -1237 3215
-7899 -1087 4485 -166 -1783 3756
-7482 -1609 4586 1748 -2697 4721
-7217 -2317 4546 2922 -3156 5300
-6769 -2935 4013 4397 -4103 5998
-6291 -3287 3432 5580 -5154 6569
-5272 -3711 2451 6555 -5790 7095
-3925 -3695 -1867 5177 -7819 6532
-3492 -4418 426 6831 -6037 7057
-2630 -4680 -771 8349 -4298 7952
-3725 -4128 -753 8734 -3733 8088
-3943 -4270 -654 8583 -3846 7879
-4003 -3972 -1039 8211 -4078 7513
-3704 -4008 -1412 7544 -4288 6961
-3221 -3722 -2102 6915 -4210 6597
-2678 -3450 -2724 6571 -4048 6483
-2446 -3247 -2831 6021 -3509 6358
-2143 -2944 -2920 5345 -2733 6215
-2004 -2729 -2878 4826 -2239 6069
-1892 -2577 -2772 3976 -1634 5753
-1755 -2255 -2795 3451 -1347 5474
-1620 -2136 -2935 2839 -1198 4999
-1479 -1984 -2872 2503 -1240 4633
-1393 -1833 -2915 2079 -1483 3981
-1220 -1815 -3105 1783 -1948 3219
-948 -1922 -3162 1598 -2162 2687
-555 -1909 -3183 1341 -1927 1886
-352 -1960 -3231 1192 -1537 1376
-132 -1959 -3109 968 -938 703
-176 -1810 -2863 802 -705 315
-368 -1721 -2629 534 -738 -253
-577 -1595 -2402 362 -885 -646
-873 -1322 -2190 212 -1121 -1232
-1134 -1104 -2084 221 -1235 -1622
-1421 -1006 -1956 334 -1333 -2253
-1986 -751 -1632 464 -1209 -2997
-2702 -525 -1295 529 -1037 -3565
-3110 -363 -1100 556 -762 -4436
-3714 -95 -640 489 -593 -4950
-3957 86 -401 235 -634 -5494
-4417 178 -142 -174 -1116 -5803
-4663 294 -19 -491 -1598 -5901
-4696 460 77 -996 -2225 -5945
-4350 582 123 -1459 -2397 -5775
-3707 423 35 -1701 -2312 -5478
-3186 289 -42 -1960 -1938 -4789
-2534 256 -36 -2090 -1541 -4254
-2203 280 -67 -2239 -965 -3522
-1761 245 -163 -2371 -592 -2984
-1410 301 -245 -2461 -372 -2762
-1200 334 -286 -2598 -174 -2607
-901 363 -348 -2756 -129 -2580
-671 293 -492 -2849 -134 -2613
-575 264 -552 -2976 -142 -2727
-521 232 -653 -3052 -144 -2842
-543 135 -661 -3177 -122 -3048
-587 -8 -691 -3274 -88 -3180
-611 -80 -711 -3404 -9 -3294
-586 -138 -800 -3459 80 -3265
-671 -104 -790 -3464 111 -3193
-745 -101 -761 -3443 215 -3060
-798 -40 -658 -3420 353 -2940
-848 7 -586 -3380 558 -2725
-937 28 -502 -3344 691 -2578
-1107 55 -482 -3281 928 -2421
-1557 68 -546 -3203 1117 -2418
-1726 43 -601 -3050 1344 -2508
-2090 -69 -716 -2864 1376 -2700
-2627 -230 -649 -2767 1350 -2919
-3033 -405 -689 -2669 1255 -3315
-3359 -633 -952 -2530 815 -3602
-3286 -547 -929 -2483 191 -3633
-3146 -424 -1024 -2487 -1029 -3470
-2714 -117 -1159 -2497 -2069 -3107
-2418 109 -1283 -2466 -2378 -2806
-1836 357 -1623 -2328 -2260 -2230
-1473 448 -1626 -2239 -1379 -1564
-2218 -1 -1586 -2289 -433 -1229
-2616 -267 -1737 -2432 1016 -870
-3272 -337 -2043 -2526 1563 -621
-3869 -617 -2227 -2683 1323 -174
-4509 -785 -2386 -2909 399 184
-5521 -1231 -2515 -3067 84 221
-5687 -1529 -2301 -3417 129 280
-5996 -1818 -2058 -3681 335 422
-5980 -1816 -1826 -3987 531 894
-6079 -1840 -1318 -4159 358 1612
-6363 -1841 -494 -4225 103 2086
-6470 -2060 72 -4259 -474 2728
-6734 -2724 818 -4179 -906 3072
-6860 -3216 1399 -3860 -1349 3437
-6585 -3664 2275 -3285 -1574 3788
-6259 -4112 2892 -2722 -1620 4051
-6126 -4610 3100 -1566 -1582 4420
-6313 -5359 3463 -173 -1446 4601
-6532 -5913 3510 833 -1640 4637
-6355 -5989 3431 2370 -2324 4781
-5862 -6131 3095 3776 -2844 5194
-5608 -6057 2581 4634 -2991 5618
-5647 -6123 1964 5631 -3384 6291
-5376 -5424 1563 4805 -5966 5838
-5002 -6426 -130 5877 -4640 6363
-4428 -5464 349 6538 -3137 6988
-4701 -5077 77 6467 -2632 7098
-4762 -4761 29 5967 -2985 7047
-4548 -4288 -406 5525 -3494 6818
-4147 -4233 -813 4916 -4162 6444
-3673 -3815 -1262 4447 -4308 6039
-3162 -3514 -1749 4220 -4231 5797
-2894 -3287 -2025 4004 -3960 5507
-2668 -2886 -2113 3872 -3774 5311
-2541 -2651 -2102 3587 -3577 5004
-2320 -2422 -2121 3217 -3535 4695
-2144 -2260 -2061 2922 -3566 4476
-2067 -2072 -1868 2382 -3509 4041
-1997 -1889 -1771 2009 -3438 3704
-1873 -1824 -1954 1599 -3501 3253
-1615 -1933 -2125 1445 -3624 3008
-1503 -1863 -2091 1253 -3624 2652
-1540 -1822 -1992 1102 -3371 2255
-1465 -1920 -1979 1034 -3120 2001
-1400 -1761 -1854 956 -2642 1631
-1435 -1605 -1811 946 -2310 1370
-1605 -1576 -1773 976 -1862 941
-1873 -1436 -1719 1038 -1404 389
-2098 -1176 -1707 1083 -1175 -31
-2258 -949 -1691 1124 -990 -720
-2534 -609 -1566 1077 -968 -1206
-2693 -378 -1551 907 -1005 -1949
-2694 -136 -1489 615 -1188 -2578
-2471 274 -1324 323 -1354 -2923
-2395 669 -1190 -281 -1507 -3456
-2543 941 -1136 -737 -1555 -3874
-3012 1051 -1263 -1362 -1611 -4582
-3392 1015 -1257 -1741 -1588 -5067
-3635 1161 -1152 -2201 -1646 -5614
-3556 1501 -1579 -2330 -1874 -5787
-3375 1785 -1847 -2180 -2231 -5788
-2871 2203 -1782 -1963 -2159 -5617
-2394 2190 -1613 -1629 -1705 -5037
-2015 1978 -1122 -1446 -1142 -4266
-1905 1952 -848 -1411 -770 -3775
-1722 1877 -447 -1453 -486 -3307
-1565 1694 -434 -1585 -336 -2601
-1398 1370 -519 -1707 -405 -1954
-182 287 -125 -2825 -410 -1498
-63 88 -173 -3004 -419 -1341
1 -123 -242 -3056 -369 -1247
-13 -398 -323 -3009 -153 -1172
-110 -582 -432 -2906 86 -1191
-166 -754 -534 -2658 445 -1300
-311 -1027 -558 -2376 794 -1512
-383 -1159 -490 -2231 972 -1702
-550 -1381 -361 -2147 1082 -2055
-1029 -1957 -163 -2265 1055 -2502
-1417 -2304 -78 -2563 959 -3072
-1863 -2737 31 -2995 816 -3685
-2257 -3072 78 -3315 709 -4054
-2476 -3255 17 -3753 614 -4477
-2653 -3628 -180 -3958 584 -4612
-2716 -3866 -364 -4117 418 -4548
-3036 -4154 -548 -4182 182 -4339
-3427 -4152 -689 -4224 66 -4200
-3725 -4101 -799 -4327 -147 -4039
-3851 -3747 -934 -4436 -375 -3923
-3787 -3417 -964 -4718 -575 -3622
-3416 -2679 -975 -5115 -584 -3116
-3146 -1944 -819 -5434 -364 -2702
-3316 -1373 -678 -5971 300 -2122
-3759 -1086 -646 -6425 867 -1773
-4497 -749 -584 -6692 1090 -1597
-5170 -461 -436 -6742 877 -1477
-5638 -205 -204 -6637 251 -1252
-6372 -70 343 -6474 -215 -1064
-6913 259 1232 -6149 -679 -703
-7192 488 2031 -5779 -884 -167
-7204 953 3334 -5471 -875 353
-7247 1113 3967 -4661 -811 1386
-7528 863 4792 -3269 -1266 2612
-7577 359 5413 -2020 -1825 3473
-7533 -30 5564 343 -2739 4678
-7169 -287 5378 2087 -3483 5330
-6695 -562 4999 4434 -4935 6013
-6274 -839 4512 6062 -6157 6371
-5309 -1590 3129 7126 -6984 6755
-4532 -373 27 -3296 -8484 5952
-4112 -2556 530 7180 -6306 6649
-3562 -3358 -940 8423 -4922 7365
-4190 -3090 -1322 8707 -4698 7549
-4165 -3259 -1561 8602 -5047 7469
-3951 -3063 -1825 8137 -5181 6987
-3395 -2932 -2032 7703 -4998 6614
-2709 -2632 -2292 7008 -4770 6247
-2354 -2401 -2654 6506 -4493 6105
-1901 -2151 -2983 6282 -4094 6045
-1874 -2005 -2892 5830 -3143 5878
-1908 -1697 -2787 5193 -2294 5587
-1923 -1603 -2579 4693 -1875 5330
-1988 -1497 -2337 3816 -1496 4832
-1826 -1528 -2272 3030 -1502 4278
-1517 -1516 -2276 2623 -1369 3949
-1014 -1408 -2147 2113 -752 3562
-702 -1243 -2097 1806 -361 3342
-588 -1214 -2118 1368 -160 2955
-560 -1209 -2018 909 -181 2391
-593 -1238 -2037 626 -297 1892
-595 -1380 -2156 314 -580 1007
-592 -1476 -2321 218 -702 384
-700 -1494 -2348 211 -749 -568
-909 -1353 -2209 245 -783 -1175
-889 -1233 -2076 283 -958 -1914
-1066 -1039 -1935 336 -1206 -2502
-1292 -969 -1824 371 -1315 -2878
-1721 -859 -1647 406 -1363 -3473
-2692 -790 -1499 441 -1307 -3986
-3137 -616 -1395 535 -1068 -4879
-3884 -466 -1053 569 -898 -5733
-4201 -217 -608 483 -945 -6126
-4206 -130 -379 170 -1104 -6280
-4264 -53 -196 -249 -1349 -6077
-4259 222 -65 -545 -1495 -5866
-4053 293 -18 -997 -1602 -5467
-3691 220 36 -1297 -1556 -5157
-3390 69 80 -1729 -1233 -4717
-3160 -4 66 -2119 -865 -4349
-2653 2 -1 -2341 -716 -4127
-2247 16 -111 -2566 -627 -3799
-1853 -68 -260 -2634 -603 -3573
-1392 -55 -476 -2618 -512 -3292
-1140 -12 -490 -2577 -409 -3181
-1018 -17 -474 -2556 -292 -3122
-947 -13 -414 -2636 -222 -3168
-942 -10 -453 -2733 -176 -3239
-907 -54 -633 -2853 -150 -3314
-957 -179 -672 -2977 -21 -3312
-875 -176 -710 -3052 149 -3222
-879 -221 -710 -3122 318 -2965
-885 -178 -701 -3167 340 -2735
-1003 -164 -658 -3245 353 -2405
-1099 -142 -580 -3340 423 -2149
-1306 -105 -582 -3393 493 -2064
-1517 -119 -733 -3398 572 -2057
-1638 -97 -787 -3299 568 -2165
-1773 28 -834 -3211 534 -2278
-1815 81 -862 -3101 382 -2454
-1746 169 -778 -3093 143 -2578
-1651 318 -728 -3159 -35 -2633
-1586 367 -889 -3279 -352 -2675
-1733 315 -1157 -3329 -388 -2726
-1908 287 -1388 -3303 -170 -2861
-2407 296 -1744 -3139 -105 -3023
-2671 358 -1887 -2937 -288 -3006
-2652 571 -1840 -2843 -506 -2805
-2922 502 -1857 -2814 -713 -2293
-3302 126 -1837 -2927 -480 -1599
-3862 -273 -1959 -3039 -43 -1078
-4132 -392 -2005 -3228 812 -258
-4938 -576 -1958 -3392 1030 243
-5714 -1014 -1780 -3737 767 763
-6813 -1769 -1640 -4060 434 1003
-6869 -2349 -1312 -4188 178 1235
-6633 -2454 -925 -4255 -101 1834
-6435 -2355 -313 -4181 -260 2276
-6389 -2485 559 -3985 -414 2862
-6341 -2529 1207 -3776 -552 3311
-6262 -2681 2001 -3446 -914 3630
-6575 -3480 2607 -3074 -1049 3729
-6902 -4034 2764 -2071 -901 3669
-6822 -5032 3238 -599 -984 3746
-6875 -5466 3486 1018 -1486 4072
-6705 -5697 3859 2466 -2418 4594
-5683 -5919 3113 4920 -3750 5915
-5350 -5970 2370 5608 -3742 6284
-3405 -4859 7741 4705 -3022 5765
-4506 -6046 921 5777 -3262 6573
-4156 -5187 212 6336 -2736 7114
-4251 -4914 335 6342 -2401 7280
-4324 -4308 361 5818 -2241 7083
-4204 -4179 -69 4857 -2640 6629
-3864 -4083 -878 4246 -3316 6185
-3461 -3781 -1597 4132 -3794 5914
-3338 -3643 -1884 4205 -4406 5472
-3114 -3292 -1944 4241 -4812 4992
-2733 -2969 -1933 4161 -5036 4700
-2436 -2761 -1855 3871 -5023 4336
-2171 -2505 -1923 3625 -4667 4155
-1846 -2283 -1979 3228 -4006 4024
-1699 -2085 -1931 2932 -3650 4007
-1620 -1937 -1944 2513 -3394 4008
-1629 -1949 -1979 2265 -3369 3954
-1727 -2015 -2007 2048 -3323 3812
-1710 -2067 -1857 1703 -3193 3431
-1610 -1964 -1782 1299 -3006 2913
-1346 -1674 -1734 1037 -2855 2550
-1234 -1544 -1752 730 -2583 2016
-1236 -1528 -1757 574 -2381 1665
-1471 -1610 -1782 426 -1879 1049
-1628 -1419 -1828 402 -1195 326
-1843 -1200 -1859 444 -773 -231
-2153 -825 -1759 494 -336 -1140
-2418 -420 -1546 445 -318 -1746
-2521 -215 -1395 180 -604 -2612
-2648 214 -1300 -116 -885 -3152
-2885 399 -1292 -695 -1299 -3989
-3224 696 -1158 -1409 -1495 -4858
-3511 832 -966 -1903 -1457 -5346
-3540 846 -918 -2499 -1332 -5757
-3424 1131 -1121 -2697 -1244 -5790
-3317 1306 -1417 -2520 -1008 -5576
-2929 1523 -1832 -1887 -823 -5066
-2649 1658 -1883 -1390 -780 -4620
-2258 1763 -1625 -813 -631 -3948
-2117 1793 -1236 -620 -456 -3607
-2029 1780 -807 -742 -209 -3262
-1755 1682 -252 -1087 -155 -3064
-1684 1326 22 -1811 -343 -2769
-1506 1155 58 -2487 -604 -2428
-1231 890 -36 -2884 -659 -2004
-1038 648 -212 -2960 -600 -1725
-924 515 -376 -2841 -567 -1391
-808 358 -564 -2671 -577 -1257
-777 317 -613 -2402 -595 -1229
-695 291 -500 -2260 -591 -1402
-584 189 -366 -2269 -494 -1600
-565 77 -206 -2438 -110 -1982
-506 -17 -122 -2604 193 -2249
-458 -116 -127 -2809 388 -2570
-487 -259 -110 -2908 355 -2760
-487 -467 -222 -2881 288 -2816
-470 -625 -282 -2729 148 -2809
-590 -862 -384 -2584 116 -2776
-688 -1032 -438 -2334 257 -2748
-780 -1288 -482 -2132 550 -2706
-892 -1558 -463 -2086 725 -2681
-1071 -1886 -298 -2231 764 -2656
-1602 -2265 -100 -2480 644 -2712
-1828 -2503 -13 -3022 378 -2888
-2191 -2764 16 -3432 247 -3035
-2272 -2837 12 -4002 293 -3251
-2345 -2932 -141 -4284 492 -3337
-2544 -3070 -285 -4494 846 -3439
-2744 -3155 -412 -4487 1148 -3485
-2957 -3253 -568 -4383 1226 -3489
-3174 -3239 -559 -4166 1158 -3489
-3444 -3021 -420 -4054 886 -3492
-3518 -2791 -277 -4035 68 -3457
-3309 -2518 -185 -4097 -553 -3356
-2973 -2154 -124 -4248 -1145 -3032
-2534 -1739 -212 -4321 -1268 -2688
-2448 -1540 -405 -4318 -1012 -2129
-2586 -1342 -531 -4169 -275 -1723
-3280 -1004 -1136 -3821 360 -1587
-3626 -799 -1265 -3366 578 -1654
-4188 -427 -1006 -3196 284 -1821
-4749 -265 -829 -3303 -144 -2002
-5130 74 -839 -3580 -565 -2139
-4680 520 -763 -1533 -2286 2872
-6537 111 3755 -33 -2716 3645
-6414 -536 4129 1668 -2955 4510
-6268 -770 4214 3290 -3409 5325
-6025 -1276 3825 4209 -3951 5768
-5684 -1586 3506 5278 -4567 6279
-5388 -2302 2333 6126 -4890 6589
-2491 -634 -1595 -3838 -6029 6005
-3833 -3098 -538 6749 -4814 6480
-3441 -3487 -1317 8400 -3889 7321
-2295 -2011 -2779 3976 -1902 6384
-2287 -2047 -2619 3279 -1755 5648
-2028 -1949 -2542 2852 -1657 5129
-1697 -1892 -2531 2324 -1442 4396
-1326 -1673 -2497 2028 -1103 3939
-1131 -1618 -2624 1735 -728 3297
-828 -1593 -2641 1580 -671 2881
-636 -1608 -2523 1278 -825 2241
-376 -1558 -2353 1013 -1069 1789
-244 -1594 -2324 605 -1519 1083
-344 -1585 -2316 292 -1885 267
-456 -1499 -2275 183 -2012 -321
-383 -1399 -2222 178 -1981 -1077
-499 -1218 -2144 381 -1662 -1726
-626 -963 -1840 567 -1394 -2115
-912 -792 -1627 845 -1057 -2720
-1527 -665 -1303 1092 -878 -3419
-2505 -620 -968 1198 -906 -3969
-3154 -580 -785 1230 -1104 -4904
-3870 -522 -340 1103 -1272 -5510
-4234 -464 -92 708 -1514 -6255
-4563 -289 72 386 -1645 -6634
-4638 -202 207 -120 -1584 -6957
-4703 -126 189 -487 -1333 -6951
-4531 -237 1 -616 -1277 -6702
-4325 -349 -111 -695 -1352 -5996
-3915 -319 -227 -695 -1360 -5101
-3285 -59 -271 -686 -1282 -4507
-2830 124 -215 -771 -1217 -3674
-2228 420 -25 -940 -1231 -3201
-1869 593 74 -1360 -1286 -2634
-1412 737 183 -1919 -1301 -2224
-1083 701 -41 -2266 -1261 -2029
-900 661 -284 -2626 -1115 -1831
-807 527 -568 -2763 -950 -1766
-903 367 -691 -2867 -535 -1826
-973 217 -744 -2908 -22 -2010
-904 103 -826 -2905 251 -2122
-887 103 -882 -2846 439 -2209
-825 156 -896 -2803 412 -2208
-757 162 -854 -2800 175 -2106
-725 129 -781 -2858 12 -1998
-715 117 -708 -3055 -29 -1840
-668 160 -653 -3286 188 -1708
-659 234 -778 -3390 431 -1646
-695 226 -865 -3443 779 -1623
-899 297 -1205 -3311 999 -1747
-1239 485 -1450 -3072 1094 -2089
-1348 590 -1410 -3006 942 -2392
-1433 527 -1503 -3140 199 -2866
-1999 241 -1899 -3352 -412 -3264
-2683 -103 -2154 -3748 -696 -4091
-2859 -67 -2368 -4085 -132 -4665
-2986 125 -2669 -4155 109 -4694
-3087 211 -2750 -4054 -264 -4147
-3297 86 -2940 -3879 -1000 -2960
-3499 -310 -2670 -3864 -942 -1979
-3630 -309 -2361 -4103 228 -525
-4374 -380 -2032 -4545 1490 433
-5449 -496 -1776 -4858 1678 718
-6232 -786 -1468 -5290 1072 780
-6945 -1503 -1044 -5569 146 788
-6567 -2073 -660 -5596 -199 1011
-6061 -2360 -361 -5398 -352 1751
-6131 -2795 684 -5205 -206 2308
-6618 -3288 1355 -4859 -70 2903
-7351 -3913 2311 -4327 -640 3177
-8045 -4807 3256 -3806 -878 3149
-8154 -5201 3656 -2627 -984 3075
-8158 -6099 4029 -1586 -1286 3172
-7488 -6513 4181 311 -2028 3725
-6924 -6676 4183 2231 -2584 4716
-6446 -6658 4067 3728 -3118 5733
-6163 -6590 3547 4444 -3480 6240
-5835 -6471 2881 5286 -4034 6752
-5196 -6243 1822 5334 -2352 6287
-4232 -5386 -167 5293 -3647 6480
-4106 -5894 -13 6165 -3578 7132
-4446 -5203 -473 6496 -3480 7248
-4419 -5006 -615 6523 -3322 6992
-4548 -4499 -837 6293 -3397 6581
-4513 -4296 -1083 5825 -3913 5802
-4017 -4017 -1529 5527 -4398 5364
-3589 -3722 -1815 5189 -5065 4979
-2964 -3360 -2188 4953 -5296 4859
-2645 -3100 -2335 4812 -5096 4843
-2280 -2719 -2475 4541 -4339 4841
-2188 -2398 -2340 4254 -3780 4806
-2143 -2155 -2202 3678 -3156 4686
-2193 -2011 -2075 3009 -2854 4471
-2180 -1992 -2054 2584 -2851 4303
-1888 -2014 -1959 2005 -3088 4096
-1657 -1969 -1871 1659 -3309 3953
-1404 -1940 -1841 1236 -3581 3694
-1197 -1888 -1894 1040 -3586 3448
-1171 -1762 -1909 840 -3084 2883
-1195 -1559 -1858 748 -2497 2413
-1169 -1517 -1804 608 -1642 1707
-1438 -1387 -1757 521 -1156 1204
-1699 -1293 -1857 490 -516 319
-2191 -967 -1855 526 -279 -350
-2390 -682 -1716 536 -455 -1334
-2416 -357 -1634 470 -921 -1875
-2533 -137 -1460 158 -1541 -2592
-2848 233 -1491 -163 -1644 -3133
-2981 414 -1586 -710 -1465 -4009
-3108 649 -1538 -1268 -1148 -4747
-3056 959 -1188 -1654 -1093 -5056
-3032 1073 -1085 -2172 -1493 -5216
-2978 1274 -1347 -2359 -1887 -5150
-2948 1525 -2238 -2105 -1811 -5091
-2765 1690 -2592 -1310 -1220 -4972
-2381 1799 -2238 -604 -385 -4747
-2266 1738 -1368 -410 74 -4580
-2121 1836 -792 -590 340 -4293
-1652 1879 -79 -990 156 -3961
-1333 1733 146 -1819 -519 -3207
-941 1498 173 -2350 -1017 -2607
-839 1154 25 -2923 -1339 -1773
-889 858 -159 -3114 -1067 -1221
-997 554 -572 -2906 -497 -999
-1061 433 -979 -2571 -153 -1014
-1057 390 -985 -2017 167 -1217
-972 357 -690 -1676 271 -1552
-826 279 -384 -1623 224 -1808
-772 230 -187 -1789 136 -2221
-628 200 45 -2024 96 -2489
-511 86 16 -2400 -62 -2779
-308 -92 -56 -2669 -303 -2853
-92 -243 -148 -2774 -389 -2800
1 -369 -220 -2779 -209 -2643
20 -608 -406 -2680 33 -2511
-164 -869 -462 -2444 441 -2371
-502 -1201 -456 -2299 727 -2361
-638 -1434 -405 -2204 928 -2422
-852 -1781 -274 -2349 783 -2558
-1013 -2213 -109 -2595 511 -2677
-1260 -2581 -9 -3196 -69 -2921
-1917 -3224 -99 -3911 -490 -3347
-2342 -3679 -260 -4357 -522 -3686
-2429 -3867 -451 -4865 -387 -4074
-2526 -4148 -842 -5095 -254 -4231
-3058 -4252 -1160 -5128 -150 -4282
-3288 -4333 -1325 -5161 0 -4280
-3562 -4090 -1340 -5277 224 -4199
-3777 -3745 -1184 -5735 696 -3969
-4231 -3056 -951 -6473 558 -3576
-4451 -2286 -884 -6988 143 -3171
-4457 -1817 -885 -7560 -187 -2331
-4607 -1165 -670 -7748 30 -1700
-5206 -809 -74 -7782 750 -818
-6144 -626 641 -7659 1309 -245
-7587 -391 1705 -7319 838 149
-8692 -285 2974 -6881 296 429
-8844 -183 3765 -5759 -472 1123
-8609 138 5570 -4794 -908 1835
-8611 496 6661 -3091 -1434 3054
-9109 454 7400 -858 -2754 4052
-8522 286 7040 1006 -3942 4616
-7699 -173 6407 3945 -5479 5435
-5882 -552 5230 6450 -6442 6279
-4519 -1068 3716 7636 -6623 6804
-3686 -1062 1811 7652 -7471 6578
-2094 -2753 -738 9408 -5830 7389
-3143 -2153 -111 9890 -5054 7606
-3866 -2779 -715 9650 -5428 7405
-3688 -2725 -1229 9105 -5554 7043
-3456 -2799 -1728 8272 -5133 6408
-3167 -2819 -2340 7643 -4298 5897
-2804 -2541 -2887 7365 -3946 5699
-2573 -2439 -2977 7013 -3689 5498
-2127 -2254 -2832 6677 -3465 5371
-1894 -2112 -2774 6010 -2921 5156
-1788 -1925 -2706 5221 -2416 4836
-1630 -1838 -2485 4633 -2136 4572
-1628 -1796 -2441 3751 -1682 4099
-1530 -1948 -2476 3213 -1472 3796
-1453 -2006 -2446 2505 -1198 3289
-1450 -1999 -2377 2102 -1063 2899
-1291 -1913 -2262 1624 -987 2320
-902 -1736 -2209 1410 -941 1972
-680 -1479 -2160 1199 -655 1484
-455 -1287 -2316 1121 -369 997
-2405 -238 -1358 100 -1233 -3305
-2810 -91 -1105 -15 -1123 -3529
-3190 -73 -825 -293 -1011 -3975
-3803 155 -477 -537 -1001 -4356
-4010 260 -360 -919 -1221 -4918
-3956 196 -208 -1250 -1317 -5257
-3669 145 -38 -1529 -1182 -5289
-3285 109 53 -1696 -1091 -5146
-2940 -41 86 -1935 -988 -4723
-938 -421 -630 -2732 183 -3742
-867 -452 -723 -2767 -63 -3706
-796 -497 -918 -2831 -235 -3666
-746 -477 -974 -3034 -458 -3597
-600 -493 -996 -3389 -538 -3500
-472 -502 -1254 -3624 -457 -3414
-543 -436 -1494 -3855 -154 -3333
-1040 -426 -1674 -3933 111 -3394
-1363 -344 -1741 -3993 348 -3571
-1438 -158 -1748 -4038 284 -3664
-1482 153 -1741 -4072 248 -3641
-1486 371 -1795 -4112 198 -3426
-1657 538 -1768 -4168 69 -3176
-2058 442 -1710 -4360 -3 -2846
-2499 373 -1715 -4599 178 -2601
-3287 253 -2070 -4679 391 -2490
-4285 -92 -2319 -4581 641 -2521
-5366 -136 -2585 -4412 349 -2520
-5722 80 -2520 -4224 -611 -2195
-5732 429 -2278 -4212 -982 -1344
-5689 626 -2024 -4276 -761 -539
-5726 398 -1687 -4541 -249 886
-6369 -11 -961 -4860 -53 1749
-6890 -546 -213 -5480 56 2616
-7073 -1552 699 -5830 -6 3154
-7232 -2823 1551 -5716 -475 3402
-7333 -3772 2244 -5021 -1399 3552
-7563 -4558 2983 -3590 -1968 3286
-7623 -5454 3686 -2386 -2084 3019
-7394 -6035 4165 -590 -2024 2941
-7039 -6768 4234 1094 -1865 3504
-7100 -7383 3828 2134 -1780 4093
-7071 -7599 3461 3467 -1750 5137
-6920 -7629 2921 4132 -1806 5824
-6267 -7373 2288 4775 -2026 6692
-7245 -6439 3162 3673 -4036 6391
-4388 -7240 -365 4449 -2299 6764
-3796 -6874 -147 5619 -1430 7730
-4813 -5647 541 5516 -1963 7838
-4739 -5411 224 5166 -3065 7618
-4317 -5071 -390 4708 -4034 6938
-3610 -4881 -1061 4523 -3883 6482
-2887 -4254 -1796 4342 -2948 5913
-2720 -3959 -2113 4231 -2369 5609
-2439 -3450 -2269 3994 -2097 5288
-2205 -2994 -2287 3793 -2356 5103
-1997 -2763 -2197 3388 -3013 4825
-1773 -2451 -2142 3076 -3381 4593
-1648 -2345 -2209 2630 -3863 4180
-1348 -2246 -2239 2346 -4094 3884
-1186 -2156 -2181 1892 -4040 3406
-998 -2011 -2255 1633 -3812 3100
-989 -2016 -2306 1378 -3403 2678
-1056 -1977 -2254 1240 -3001 2307
-1166 -1977 -2224 1223 -2790 2087
-1140 -2033 -2110 1258 -2675 1863
-1126 -1927 -1884 1275 -2691 1754
-1352 -1819 -1707 1231 -2588 1459
-1678 -1912 -1566 1158 -2259 1069
-1687 -1865 -1494 1109 -1997 845
-1742 -1457 -1436 1072 -1510 490
-2112 -1110 -1308 1044 -1149 180
-2701 -900 -1171 948 -731 -564
-3173 -347 -1033 762 -664 -1532
-3387 43 -970 594 -742 -2203
-3554 453 -1026 299 -926 -3098
-3404 866 -1306 109 -1085 -3536
-3317 1069 -1394 -214 -1152 -3980
-3215 1228 -1391 -492 -1102 -4195
-3151 1336 -1201 -1087 -1149 -4429
-3138 1397 -958 -1573 -1281 -4555
-2858 1583 -1042 -2202 -1595 -4652
-2612 1702 -1130 -2493 -1820 -4613
-2246 1734 -1483 -2432 -1786 -4531
-2059 1709 -1722 -1943 -1308 -4439
-1662 1622 -1682 -1291 -538 -4357
-1569 1522 -1462 -909 -89 -4298
-1513 1509 -1133 -620 169 -4168
-1406 1326 -981 -625 33 -4002
-1368 1213 -713 -880 -463 -3687
-1249 1038 -519 -1428 -856 -3320
-1118 799 -307 -2063 -825 -2940
-1035 640 -379 -2395 -676 -2713
-948 390 -481 -2665 -467 -2402
-922 177 -587 -2707 -364 -2243
-921 68 -652 -2622 -373 -2116
-854 -125 -633 -2507 -547 -2130
-718 -333 -532 -2477 -625 -2200
-626 -411 -387 -2513 -514 -2399
-495 -466 -294 -2561 -317 -2564
-376 -632 -254 -2604 15 -2769
-323 -729 -274 -2589 266 -2874
-307 -944 -315 -2541 326 -2889
-449 -1122 -269 -2487 273 -2915
-726 -1307 -216 -2474 206 -3064
-1046 -1509 -145 -2504 126 -3217
-1221 -1676 -84 -2666 -105 -3494
-1528 -1908 -8 -3013 -456 -3749
-2068 -2418 -94 -3302 -678 -3916
-2331 -2605 -225 -3720 -845 -4116
-2477 -2817 -362 -4033 -660 -4122
-2794 -2993 -650 -4153 -438 -4036
-3128 -3086 -820 -4226 -245 -3842
-3692 -3084 -839 -4334 -272 -3592
-4098 -2960 -954 -4436 -406 -3384
-4029 -2751 -1075 -4608 -653 -2874
-3792 -2112 -1281 -4753 -902 -2144
-3607 -1609 -1363 -4879 -1038 -1602
-3771 -1296 -1204 -5233 -1015 -925
-4243 -919 -995 -5560 -734 -658
-4509 -747 -901 -6009 50 -413
-4889 -355 -564 -6230 597 -208
-5321 -125 -310 -6381 692 237
-6443 -150 155 -6240 -58 608
-7591 -13 648 -5922 -644 715
-7762 267 1219 -5172 -1274 922
-7277 722 2657 -4343 -1569 1572
-6702 1024 4237 -3734 -1420 2274
-6490 908 4899 -2483 -1181 3597
-6753 637 5209 -1238 -1618 4494
-6740 237 5254 1131 -3062 5561
-6336 111 5071 3633 -4463 6058
-5618 -397 4601 4979 -5046 6132
-5145 -812 3935 6357 -5488 6159
-9123 -2676 7034 7327 -5543 5993
-3358 -2598 524 6426 -6787 5585
-2111 -3166 -1566 8557 -6160 6889
-3230 -2596 -1047 9265 -5448 7284
-3497 -2739 -730 9054 -4833 7254
-3534 -2641 -1092 8131 -5167 6855
-3136 -2866 -1408 7438 -5266 6488
-2689 -2759 -1942 6603 -4942 6076
-2092 -2554 -2737 6241 -4536 5864
-1698 -2385 -2900 6097 -4097 5796
-1445 -2209 -3019 5843 -3285 5697
-1291 -1892 -3081 5627 -2757 5596
-1223 -1681 -2831 5071 -1959 5333
-1394 -1573 -2346 4172 -1231 4898
-1447 -1509 -2192 3517 -960 4544
-1588 -1416 -1960 2606 -716 3934
-1593 -1300 -1973 2139 -652 3507
-1453 -1218 -2055 1722 -582 2938
-1210 -1078 -2269 1624 -413 2599
-1091 -1030 -2384 1640 -74 2081
-941 -1048 -2471 1689 226 1508
-966 -1190 -2390 1671 334 1073
-1049 -1171 -2331 1548 221 342
-1150 -1204 -2296 1428 -130 -164
-1560 -1291 -2184 1224 -864 -989
-1545 -1093 -2016 1082 -1436 -1462
-1487 -832 -1951 948 -2313 -1981
-1368 -671 -1949 933 -2769 -2239
-1530 -621 -1898 1002 -2938 -2624
-1906 -533 -1822 1159 -2604 -3109
-2454 -352 -1774 1291 -2290 -3524
-2804 -274 -1448 1341 -1575 -4268
-3453 -66 -749 1034 -785 -5102
-3781 103 -415 683 -615 -5602
-3951 200 -69 -18 -1033 -6103
-3635 211 161 -556 -1479 -6195
-3253 166 124 -1312 -2100 -5949
-2625 12 69 -1749 -2311 -5612
-2220 -93 -26 -2237 -2066 -4974
-1652 -200 -61 -2468 -1659 -4522
-1184 -227 -80 -2733 -967 -3859
-1011 -348 -183 -2934 -481 -3296
-1159 -556 -300 -3046 -269 -3082
-1259 -657 -379 -3193 38 -3019
-1353 -790 -431 -3349 284 -3190
-1336 -723 -515 -3442 388 -3385
-1255 -695 -614 -3536 322 -3663
-1141 -718 -640 -3610 137 -3798
-1076 -742 -706 -3747 -240 -3909
-954 -750 -863 -3857 -527 -3924
-920 -679 -970 -3898 -562 -3918
-1064 -612 -1244 -3875 -510 -3928
-1158 -622 -1226 -3877 -477 -3921
-1106 -472 -1239 -3939 -291 -3809
-924 -147 -1342 -3977 -31 -3572
-806 172 -1586 -3960 120 -3366
-951 439 -1767 -3848 370 -3121
-1502 700 -1965 -3754 432 -3132
-1954 774 -1957 -3816 286 -3266
-2427 811 -1789 -4182 -4 -3519
-2530 884 -1732 -4541 -76 -3577
-2826 808 -1904 -5001 42 -3480
-3564 523 -2299 -5174 164 -3184
-4546 327 -2662 -5102 97 -2931
-4957 276 -2735 -4865 -21 -2397
-5350 344 -2615 -4693 19 -1942
-8217 -6142 3742 -2308 -1381 3761
-8196 -6852 4508 -874 -1560 3644
-8210 -7817 5136 504 -1658 3828
-7762 -8528 4789 1527 -1850 4279
-7330 -8792 4163 3271 -1925 5382
-6619 -8766 3268 4886 -1875 6630
-6154 -8364 2699 5651 -1916 7276
-4022 -7960 839 4301 -4786 6577
-4838 -8203 504 5813 -2605 6854
-3868 -7105 704 6592 -1209 7265
-4410 -6411 962 6379 -1053 7440
-4464 -5794 790 5805 -1994 7314
-4303 -5679 195 4990 -3347 6878
-3484 -5338 -803 4603 -3674 6597
-2784 -4708 -1448 4220 -3335 6282
-2434 -4354 -1685 3932 -2754 6090
-2145 -3785 -1920 3744 -2571 5981
-2029 -3471 -1963 3448 -2694 5759
-1982 -3093 -1912 3038 -2985 5376
-2094 -2988 -1966 2586 -3341 4812
-2029 -2814 -2030 2284 -3543 4403
-1934 -2674 -2087 1872 -3826 3833
-1768 -2494 -2203 1646 -3991 3495
-1661 -2407 -2343 1432 -4246 3064
-1660 -2306 -2380 1331 -4345 2611
-1673 -2290 -2409 1312 -4261 2305
-1920 -2283 -2398 1307 -3902 1791
-1889 -2103 -2216 1251 -3615 1480
-1813 -2015 -2195 1134 -3281 1153
-1982 -1900 -2180 1058 -2956 929
-2086 -1685 -2159 977 -2291 558
-2668 -1344 -2024 894 -1680 -51
-3179 -781 -2000 827 -1518 -579
-3630 -385 -1884 625 -1557 -1589
-3752 340 -1366 318 -1652 -2303
-3568 656 -1149 -384 -2077 -3138
-3144 877 -1170 -1099 -2437 -3601
-3009 1022 -1655 -1420 -2352 -3801
-3030 1062 -1909 -1587 -2061 -3985
-3114 1109 -2035 -1716 -1620 -4251
-3116 1217 -2004 -1820 -1242 -4506
-2920 1566 -1856 -1887 -966 -4640
-2648 1740 -1633 -1923 -513 -4692
-1984 1831 -1276 -1923 -317 -4547
-1575 1776 -1093 -1864 -369 -4119
-1339 1599 -806 -1735 -452 -3678
-1168 1422 -784 -1621 -363 -3457
-1100 1221 -1258 -1179 -195 -3220
-1023 1039 -1367 -814 -120 -3129
-896 900 -1056 -487 -133 -3021
-896 756 -687 -638 -403 -2918
-1118 576 -315 -1000 -558 -2922
-1158 493 -129 -1763 -571 -3032
-1065 367 -241 -2483 -582 -3046
-768 104 -331 -2963 -555 -2827
-591 -179 -434 -3208 -489 -2493
-631 -393 -408 -3284 -419 -2310
-618 -492 -401 -3306 -230 -2144
-662 -706 -464 -3258 -52 -2092
-711 -850 -447 -3113 320 -2118
-982 -1023 -466 -2910 721 -2287
-1215 -1236 -470 -2759 900 -2472
-1200 -1277 -382 -2572 911 -2713
-1099 -1281 -114 -2536 728 -2823
-1054 -1270 82 -2682 277 -2922
-1097 -1401 347 -3075 -326 -2994
-1345 -1624 342 -3418 -681 -3068
-1589 -1834 214 -3896 -851 -3272
-1774 -2173 -31 -4203 -575 -3506
-1894 -2381 -142 -4311 16 -3710
-2175 -2548 -223 -4281 365 -3807
-2459 -2594 -282 -4138 651 -3902
-2969 -2696 -291 -4038 716 -3922
-3334 -2631 -208 -3998 527 -3880
-3640 -2266 -221 -4072 -301 -3699
-3368 -1889 -443 -4128 -1065 -3423
-3063 -1607 -713 -4091 -1597 -2829
-2709 -1263 -1020 -3907 -1064 -2189
-2884 -911 -1356 -3723 -370 -1864
-3326 -714 -1270 -3605 668 -1636
-4069 -263 -1265 -3666 938 -1620
-4730 85 -1153 -4004 398 -1610
-5017 109 -1178 -4550 -711 -1502
-5231 66 -1291 -5015 -1008 -1226
-4972 365 -1416 -5131 -601 -862
-5108 509 -1250 -5069 -178 -158
-5629 858 -504 -4927 -451 502
-5950 1197 511 -4836 -991 911
-6009 1239 1070 -4563 -1849 1491
-6049 1243 1830 -4197 -2092 1854
-6274 1024 2321 -3339 -1946 2323
-6581 748 3048 -2139 -1827 2771
-6586 284 3702 -1190 -1874 3169
-6487 -192 3827 435 -2275 3985
-6229 -926 3555 2282 -2812 4929
-5894 -1267 3334 3432 -3290 5526
-5628 -1446 3293 4705 -4093 6284
-5164 -1777 2927 5454 -5286 6979
-3378 1655 3819 5979 -5947 7173
-3173 -2081 170 5336 -7782 7222
-2420 -3491 -369 6924 -6960 8029
-2776 -3063 -545 7630 -5654 8127
-3204 -2984 -459 7769 -3789 7809
-3771 -2859 -700 7166 -3619 7303
-3535 -3015 -1292 6648 -4249 7068
-3086 -2929 -1836 6014 -5025 6972
-2462 -2646 -2652 5754 -4963 6969
-1990 -2376 -2960 5440 -4142 6959
-1488 -1827 -3038 4958 -2891 6887
-1526 -1510 -3144 4572 -2166 6712
-1748 -1233 -3058 3902 -1466 6108
-2192 -879 -2912 3421 -1309 5453
-2377 -736 -2907 2803 -1530 4247
-2205 -755 -3011 2399 -1985 3131
-1802 -1007 -3126 2238 -2244 2544
-1525 -1114 -3209 2093 -2587 1866
-1174 -1245 -3192 1988 -2722 1488
-997 -1293 -3139 1768 -2720 938
-1071 -1304 -3096 1535 -2590 331
-1306 -1337 -2929 1359 -2479 -133
-1524 -1211 -2573 1083 -2408 -803
-1680 -900 -2376 962 -2503 -1187
-1899 -823 -2251 903 -2691 -1736
-2119 -610 -2022 916 -2645 -2095
-2473 -440 -1833 980 -2290 -2726
-2949 -334 -1592 1056 -1942 -3350
-3318 -143 -1207 1036 -1772 -3715
-3647 86 -817 776 -1519 -4246
-3720 337 -351 204 -1452 -4663
-3536 468 -51 -336 -1582 -4780
-3163 737 126 -1201 -1881 -4739
-2913 785 163 -1739 -1958 -4630
-2412 725 195 -2428 -1824 -4363
-1900 628 114 -2771 -1634 -4146
-1557 516 25 -3096 -1258 -3796
-1049 287 -3 -3218 -944 -3562
-769 182 -31 -3318 -477 -3229
-449 28 -85 -3329 -214 -3036
-310 -89 -100 -3333 118 -2807
-183 -249 -195 -3306 320 -2669
-172 -286 -305 -3262 365 -2641
-200 -291 -414 -3216 424 -2713
-286 -437 -665 -3185 491 -2838
-377 -591 -873 -3122 638 -3101
-739 -670 -901 -3127 874 -3517
-1014 -694 -959 -3177 1001 -3827
-1100 -625 -984 -3287 1029 -4193
-1213 -445 -953 -3388 902 -4332
-1314 -386 -973 -3569 540 -4387
-1502 -281 -907 -3780 392 -4326
-1509 -117 -881 -3910 557 -4203
-1514 -29 -836 -4032 1025 -3908
-1666 151 -977 -4002 1375 -3548
-1913 277 -978 -3942 1334 -3293
-2271 338 -857 -3924 998 -3058
-3141 236 -780 -3977 780 -3178
-3607 227 -859 -3986 811 -3394
-3666 334 -1052 -3857 809 -3630
-3610 489 -1303 -3535 478 -3567
-3394 569 -1457 -3279 103 -3264
-3427 568 -1642 -2963 -643 -2583
-3506 623 -1766 -2828 -966 -2088
-3872 325 -1735 -2807 -459 -1367
-4281 -165 -1696 -2937 962 -590
-4697 -131 -1898 -3034 1444 17
-5043 -231 -1707 -3333 1146 900
-5563 -293 -1240 -3715 469 1359
-5889 -592 -1200 -4298 -140 1738
-5858 -1183 -923 -4712 184 2046
-5787 -1469 -544 -4844 487 2307
-5853 -1685 -117 -4864 470 2744
-6224 -1917 783 -4722 -311 3011
-6558 -2330 1671 -4487 -1028 3035
-6678 -2908 2169 -3842 -1744 2891
-6862 -4004 2798 -2770 -1586 2595
-7638 -5398 3489 -1839 -986 2316
-7864 -6375 3790 -174 -879 2285
-7448 -6924 4079 1557 -1583 3054
-6944 -6976 4101 2986 -2180 4448
-6452 -7071 3722 3714 -2339 5403
-6360 -6998 3260 4525 -2288 6421
-6227 -6786 2345 5090 -2601 6881
-4274 -4137 4777 4933 -2029 6604
-4629 -5922 -846 4787 -3325 6654
-4213 -5812 -298 5883 -3786 7272
-4134 -5606 -772 6372 -4201 7365
-4098 -5215 -587 6497 -4245 7144
-3902 -4889 -737 6110 -4207 6637
-2102 -2488 -2084 2225 -4525 3941
-1860 -2320 -2161 1800 -4415 3520
-1613 -2312 -2254 1603 -4248 3295
-1462 -2350 -2398 1464 -3781 2980
-1382 -2196 -2371 1423 -3306 2741
-1501 -2103 -2243 1314 -2506 2288
-1725 -2002 -2053 1203 -1954 1909
-1896 -1867 -2021 1059 -1300 1287
-2323 -1691 -1975 995 -1060 804
-2659 -1433 -1915 905 -940 -47
-3091 -750 -1862 795 -1296 -1008
-2972 -472 -1794 520 -1844 -1996
-2704 228 -1550 179 -1829 -2656
-2551 660 -1614 -358 -1408 -3526
-2622 933 -1854 -644 -1112 -4002
-2897 1007 -1870 -987 -894 -4612
-3383 1183 -1718 -1236 -1024 -4987
-3433 1301 -1743 -1619 -1651 -5370
-3231 1626 -2037 -1793 -2076 -5492
-2983 1904 -2074 -1898 -2116 -5505
-2379 2110 -2103 -1882 -1772 -5355
-1942 2134 -1925 -1790 -1132 -4873
-1568 2089 -1411 -1784 -746 -4477
-1413 2035 -997 -1918 -260 -3875
-1210 1780 -747 -2051 -52 -3503
-993 1491 -580 -2242 88 -2959
-856 1286 -398 -2480 140 -2431
-839 978 -317 -2630 114 -2121
-866 787 -381 -2770 -31 -1803
-993 552 -519 -2774 -109 -1729
-1089 399 -724 -2624 -79 -1897
-1088 316 -885 -2466 -70 -2094
-964 267 -864 -2252 -34 -2420
-734 228 -578 -2221 67 -2612
-595 156 -435 -2332 158 -2816
-396 57 -232 -2497 100 -2886
-261 -32 -74 -2863 -12 -2860
-175 -252 -27 -3129 -80 -2783
-179 -395 -104 -3412 -163 -2657
-202 -576 -280 -3458 -75 -2552
-292 -755 -389 -3370 85 -2534
-667 -1174 -567 -3097 366 -2639
-901 -1433 -524 -2891 581 -2779
-971 -1608 -439 -2670 766 -2977
-1043 -1891 -92 -2742 530 -3100
-1346 -2204 103 -2964 187 -3179
-1799 -2550 126 -3434 -211 -3473
-2173 -2960 76 -3941 -152 -3866
-2318 -3170 -10 -4210 154 -4091
-2389 -3314 -174 -4373 753 -4302
-2655 -3532 -471 -4230 1098 -4396
-3077 -3551 -513 -4068 1166 -4428
-3383 -3567 -497 -3867 855 -4404
-3737 -3394 -417 -3825 94 -4272
-3796 -3065 -473 -3863 -421 -4082
-3815 -2781 -601 -3952 -1051 -3708
-3608 -2233 -942 -3990 -1367 -3381
-3313 -1612 -1138 -4023 -1288 -2709
-3414 -1133 -1261 -4131 -405 -2057
-3896 -575 -900 -4375 316 -1706
-4816 51 -585 -5053 838 -1283
-5386 310 -391 -5820 284 -891
-6310 616 -123 -6355 -558 -512
-7077 444 -23 -6405 -1003 -273
-7303 464 334 -5995 -1207 183
-7315 761 1107 -5081 -1367 873
-6918 1149 2657 -4375 -1523 1520
-7028 1164 3566 -3214 -1597 2533
-7403 881 4935 -2382 -1545 3156
-7605 551 5380 -851 -1754 4047
-7845 -144 5187 1227 -2923 4971
-7329 -824 4216 2915 -4084 5564
-6685 -1232 3769 5268 -5125 6269
-5593 -1804 2955 6410 -5286 6639
-4917 -2098 2389 7449 -5175 7203
-1624 90 -1485 6787 -5234 7111
-3020 -3566 -559 7445 -5523 7615
-3186 -3409 -659 8224 -4834 8157
-3525 -3461 -764 8244 -4410 8113
-3458 -3293 -1133 7768 -4467 7808
-3414 -3252 -1388 7177 -4908 7319
-2954 -3298 -1914 6735 -5336 6956
-2611 -3077 -2434 6551 -5507 6757
-2104 -2779 -2807 6347 -5277 6478
-1647 -2559 -3004 6149 -4218 6234
-1438 -2136 -3116 5785 -2335 5940
-1744 -1829 -2907 5397 -1144 5660
-1912 -1690 -2506 4452 -83 5206
-2094 -1529 -2048 3657 104 4865
-2061 -1453 -1909 2497 -156 4327
-1912 -1385 -1978 1647 -713 3770
-1463 -1426 -2362 1363 -1007 3408
-1077 -1429 -2498 1237 -952 2907
-644 -1600 -2577 1242 -397 2418
-448 -1740 -2589 1223 -39 2073
-528 -1807 -2376 1079 213 1410
-806 -1744 -2259 932 54 860
-997 -1642 -2115 687 -609 -21
-1202 -1468 -1981 522 -1177 -606
-1338 -1322 -2039 375 -1980 -1432
-1430 -1062 -2128 376 -2350 -1941
-1721 -918 -2124 485 -2508 -2750
-2110 -625 -2091 608 -2400 -3326
-2499 -391 -2070 831 -2020 -4267
-3105 -84 -1735 916 -1432 -5218
-3422 114 -1396 826 -1103 -5760
-3715 299 -884 410 -973 -6305
-3814 399 -630 -19 -1138 -6481
-3677 542 -342 -800 -1599 -6440
-3218 567 -225 -1347 -1941 -6213
-2882 489 -220 -2088 -2197 -5700
-2407 261 -138 -2507 -1995 -5338
-2086 171 -165 -2990 -1244 -4848
-1524 28 -287 -3230 -301 -4404
-1046 -98 -480 -3257 220 -4120
-844 -144 -617 -3137 720 -3742
-724 -135 -748 -2910 851 -3466
-652 -95 -791 -2766 751 -3340
-795 -139 -732 -2688 516 -3305
-1009 -258 -761 -2752 330 -3482
-1051 -246 -750 -2869 209 -3677
-1006 -220 -751 -3121 29 -3989
-796 -208 -762 -3413 -71 -4205
-585 -258 -810 -3590 -75 -4232
-686 -382 -931 -3772 69 -4164
-993 -578 -1006 -3811 280 -4101
-1095 -547 -997 -3786 615 -3957
-1519 -518 -986 -3658 821 -3794
-1596 -489 -905 -3570 781 -3610
-1837 -520 -861 -3495 508 -3277
-2240 -471 -771 -3485 442 -3091
-2421 -426 -714 -3497 636 -2888
-2617 -479 -774 -3464 764 -2731
-2799 -448 -722 -3428 722 -2681
-2989 -408 -651 -3379 260 -2654
-3291 -542 -700 -3360 -274 -2663
-3262 -567 -724 -3331 -1091 -2652
-3544 -763 -908 -3268 -1381 -2659
-3382 -833 -937 -3071 -1140 -2591
-2733 -743 -872 -2809 -659 -2132
-2211 -526 -738 -2640 -421 -1628
-2149 -527 -661 -2441 -276 -770
-2207 -576 -555 -2371 -166 -267
-2524 -689 -626 -2295 69 239
-2847 -833 -783 -2191 124 325
-3641 -1039 -1287 -2034 78 132
-4059 -1194 -1618 -1642 99 -402
-4037 -1489 -1771 -1293 159 -658
-4065 -1609 -1781 -1186 118 -553
-4142 -1478 -1715 -1252 -123 -151
-4332 -1252 -1652 -1449 -315 167
-4301 -1002 -1688 -1853 -296 646
-4313 -954 -1532 -2354 23 1086
-4418 -962 -1020 -2987 391 1428
-4823 -1012 -345 -3423 397 1599
-5291 -1280 103 -3926 -31 1776
-5510 -1756 776 -4062 -791 2068
-5608 -2426 1379 -3644 -1225 2439
-5844 -3021 2167 -3086 -1170 2659
-6270 -3608 2628 -1919 -982 2876
-7080 -4572 3156 -979 -1169 2975
-7283 -5084 3318 578 -1797 3243
-6863 -5643 3260 2145 -2427 3904
-5978 -5885 3021 3086 -2515 4568
-5598 -5793 2809 4208 -2342 5601
-5540 -5752 2361 4726 -2336 6140
-5427 -5701 1906 5268 -2808 6667
-3405 -1119 -1667 -1715 -5091 6166
-4134 -5627 -137 4621 -4467 6529
-3431 -5585 -453 6171 -4598 7341
-4068 -5139 -116 6610 -4304 7443
-4070 -4912 6 6461 -3945 7286
-4170 -4624 -191 5888 -3567 6824
-3903 -4425 -656 5241 -3329 6428
-3533 -3974 -1080 4840 -3347 6274
-3312 -3743 -1419 4389 -3567 6160
-3157 -3552 -1675 4200 -3772 6074
-3232 -3341 -2070 4050 -3900 5763
-3140 -3045 -2228 3948 -3867 5436
-2968 -2830 -2202 3659 -3777 4920
-2640 -2464 -2018 3158 -3789 4485
-2237 -2304 -1955 2765 -3896 4266
-2008 -2282 -2046 2218 -4110 4004
-1856 -2334 -2111 1898 -4153 3809
-1730 -2338 -2203 1541 -3919 3433
-1521 -2193 -2305 1390 -3590 3150
-1500 -2052 -2352 1308 -2931 2637
-1251 -1828 -2193 1275 -2214 2141
-1168 -1772 -2103 1225 -1772 1830
-1360 -1676 -1963 1131 -1338 1459
-1863 -1320 -1904 966 -756 715
-2152 -1150 -1863 769 -511 -222
-2512 -865 -1813 532 -662 -1267
-2594 -654 -1800 351 -935 -1953
-2390 -432 -1693 -13 -1367 -2889
-2097 -14 -1697 -289 -1484 -3438
-2120 136 -1764 -700 -1522 -4263
-2654 300 -1602 -1191 -1514 -5241
-3468 385 -1695 -1511 -1620 -5982
-3799 561 -1984 -1734 -1738 -6990
-3884 1171 -2298 -1649 -1561 -7417
-3427 1351 -2368 -1250 -1012 -7297
-2347 1157 -2258 -912 -822 -6622
-2010 1334 -1925 -565 -939 -5110
-2048 1682 -1098 -621 -1106 -3671
-1967 1614 -675 -887 -1098 -2891
-1976 1421 -787 -1352 -1037 -2082
-1996 1204 -580 -1702 -952 -1808
-1826 1041 -417 -2277 -668 -1672
-1592 879 -574 -2654 -382 -1662
-1259 644 -907 -2656 -220 -1647
-1021 560 -1010 -2524 -188 -1645
-910 527 -950 -2304 -263 -1702
-759 485 -856 -2167 -448 -1839
-631 424 -604 -2242 -622 -2058
-557 277 -414 -2388 -621 -2243
-513 153 -312 -2659 -380 -2544
-507 -5 -277 -2864 -40 -2820
-509 -80 -300 -2920 148 -2977
-523 -116 -261 -2908 379 -3145
-591 -237 -214 -2839 489 -3210
-623 -279 -184 -2694 577 -3247
-673 -423 -196 -2501 511 -3190
-871 -662 -192 -2376 431 -3133
-1011 -745 -75 -2260 490 -3061
-1102 -950 -84 -2224 551 -2985
-2777 -3276 -350 -3947 468 -3476
-3175 -3377 -490 -3992 135 -3530
-3368 -3375 -647 -4033 -82 -3547
-3522 -3194 -838 -4120 -484 -3482
-3573 -2830 -1127 -4180 -853 -3355
-3554 -2492 -1263 -4291 -1403 -3019
-3298 -1865 -1572 -4363 -1531 -2692
-3150 -1273 -1610 -4483 -1144 -2084
-3320 -330 -1555 -4707 -349 -1514
-4144 582 -1254 -5070 75 -1153
-5132 1388 -953 -5482 -185 -905
-5707 1896 -491 -5708 -414 -618
-6103 2222 144 -5985 -541 77
-7072 2363 1381 -6168 -747 877
-8035 1814 2675 -6131 -1007 1408
-8605 1250 3227 -5468 -1291 2104
-4201 -4283 -470 6232 -3913 6598
-3838 -4728 -687 8084 -4341 7239
-4054 -4456 -1114 8666 -4811 7454
-3941 -4419 -1204 8570 -4784 7382
-3882 -4370 -1439 8016 -4761 7054
-3529 -4144 -1995 7347 -4473 6728
-2869 -3926 -2773 6986 -4176 6659
-2512 -3585 -3077 6474 -3480 6726
-2101 -3133 -3182 6058 -3007 6798
-1827 -2961 -3110 5206 -2450 6868
-1734 -2885 -3026 4212 -2187 6776
-1515 -2718 -3120 3348 -2083 6474
-1357 -2521 -3112 2878 -1976 6155
-1261 -2371 -3101 2312 -1760 5514
-1028 -2175 -3041 2002 -1687 5036
-850 -1997 -3071 1635 -1642 4292
-615 -1863 -3113 1376 -1563 3526
-456 -1736 -3087 1209 -1516 2991
-335 -1757 -3027 963 -1445 2182
-152 -1925 -2960 721 -1370 1416
-6 -1972 -2926 569 -1354 960
-193 -1982 -2921 420 -1233 236
-322 -1927 -2772 341 -1128 -263
-408 -1708 -2517 266 -1128 -928
-730 -1425 -2422 291 -1207 -1376
-879 -1211 -2274 389 -1361 -2012
-1488 -1109 -1979 449 -1456 -2682
-1843 -1056 -1785 442 -1492 -3144
-2488 -758 -1628 443 -1491 -3933
-2943 -553 -1319 436 -1300 -4499
-3139 -326 -1037 335 -725 -5245
-3651 -52 -691 207 -512 -5660
-4072 -26 -582 -110 -801 -6213
-4516 193 -275 -615 -1391 -6677
-4556 613 -131 -996 -1726 -6913
-4361 680 -112 -1533 -1898 -7013
-4080 540 -364 -1780 -1669 -6886
-3484 189 -710 -1933 -1005 -6334
-3123 -36 -733 -1948 -340 -5477
-2708 103 -678 -1964 84 -4646
-2303 275 -480 -2051 169 -4175
-1962 386 -302 -2376 -52 -3537
-1461 552 -72 -2928 -552 -2945
-999 520 -43 -3331 -872 -2587
-828 561 -99 -3863 -1136 -2172
-606 520 -361 -4166 -1095 -1933
-416 295 -611 -4224 -918 -1844
-429 -10 -908 -4123 -393 -1831
-574 -223 -996 -3883 453 -2002
-973 -411 -993 -3587 1338 -2363
-1114 -297 -1026 -3361 1697 -2605
-1155 -208 -979 -3043 1783 -2812
-1176 -182 -831 -2867 1345 -2817
-1462 -179 -659 -2865 959 -2774
-1649 -109 -552 -2996 606 -2729
-1608 -3 -516 -3115 566 -2662
-1546 50 -500 -3263 741 -2478
-1556 154 -556 -3302 941 -2337
-1609 141 -670 -3252 1143 -2157
-1878 107 -665 -3181 1168 -2112
-1997 148 -633 -3106 1015 -2187
-2294 70 -805 -3026 574 -2431
-2636 108 -911 -2991 202 -2691
-2702 151 -1189 -2887 -351 -3054
-2549 319 -1577 -2761 -602 -3187
-2325 537 -1763 -2514 -703 -3078
-2433 422 -1786 -2374 -559 -2672
-2608 449 -1627 -2406 -339 -2284
-2971 420 -1581 -2594 0 -1632
-3521 225 -1468 -2806 195 -1191
-3819 20 -1585 -3116 281 -465
-4579 -591 -1586 -3386 357 129
-5510 -948 -1847 -3465 383 369
-5891 -1380 -1532 -3619 238 623
-6168 -1904 -1014 -3816 120 840
-6323 -2115 -919 -3970 -252 1253
-6233 -2579 -585 -3845 -458 1786
-6164 -2604 49 -3657 -562 2163
-6130 -2714 634 -3348 -666 2683
-6415 -3131 1451 -3115 -858 2953
-6488 -3497 1915 -2605 -1132 3226
-6233 -3877 2313 -2078 -1324 3418
-6006 -4101 2515 -952 -1696 3772
-5863 -4501 2628 451 -2156 4056
-5704 -4836 2584 1454 -2370 4167
-5645 -5020 2506 2902 -2603 4237
-5352 -4980 2229 3756 -2697 4293
-4995 -4840 2135 4710 -2845 4573
-4513 -4677 1786 5148 -3061 4889
-4234 -4538 1524 4955 -4326 5230
-3194 -3691 112 4682 -3894 5144
-2859 -4890 -387 5341 -3724 5505
-3098 -4237 132 5994 -2614 5954
-3526 -3796 182 6053 -1918 5957
-3541 -3673 224 5788 -1670 5903
-3851 -3278 84 5497 -1988 5757
-3847 -3251 -161 5094 -2968 5453
-3541 -3193 -582 4826 -4126 5200
-3309 -3032 -808 4714 -4709 5030
-3049 -2837 -867 4508 -5079 4706
-2953 -2675 -860 4336 -5077 4443
-2709 -2471 -934 4071 -4915 4067
-2587 -2418 -1074 3947 -4738 3850
-2603 -2320 -1254 3878 -4469 3652
-2409 -2204 -1265 3792 -4040 3448
-2273 -2164 -1296 3680 -3654 3399
-2206 -2108 -1400 3598 -3353 3386
-2257 -2109 -1338 3382 -2727 3263
-2207 -2018 -1259 3167 -2276 3136
-2159 -1933 -1237 2814 -1825 2922
-2197 -1845 -1249 2579 -1684 2772
-2256 -1868 -1238 2252 -1646 2509
-2386 -1810 -1280 2060 -1699 2295
-2610 -1789 -1324 1824 -1684 1813
-2661 -1712 -1565 1666 -1589 1218
-3025 -1376 -1629 1561 -1456 684
-3010 -1080 -1595 1303 -1247 -216
-2793 -665 -1660 1074 -1309 -761
-2814 -422 -1691 669 -1772 -1529
-2893 39 -1746 369 -2119 -2050
-3001 264 -1834 -73 -2490 -2842
-2971 450 -2031 -495 -2695 -3546
-3065 826 -2019 -806 -2674 -3977
-3127 925 -1836 -1335 -2629 -4482
-3091 1022 -1568 -1926 -2845 -4746
-2904 1239 -1562 -2239 -3089 -4757
-2724 1395 -1568 -2504 -3257 -4594
-2258 1626 -1419 -2542 -3147 -4366
-1824 1700 -1165 -2462 -2738 -3883
-1567 1631 -1082 -2244 -2178 -3345
-1283 1547 -987 -2049 -1771 -3007
-1251 1429 -996 -1698 -1147 -2614
-1228 1212 -787 -1422 -580 -2339
-1037 1040 -501 -1344 -312 -2165
-984 935 -385 -1360 -61 -1929
-894 784 -282 -1448 32 -1798
-801 719 -218 -1675 45 -1616
-831 608 -174 -1860 15 -1537
-838 524 -172 -2157 -20 -1510
-764 420 -243 -2338 -64 -1517
-663 287 -323 -2575 -238 -1532
-619 185 -394 -2759 -455 -1564
-540 -39 -425 -2872 -562 -1611
-595 -216 -346 -3092 -554 -1745
-705 -373 -240 -3379 -285 -1993
-737 -549 -171 -3591 -48 -2178
-754 -635 -203 -3853 212 -2406
-781 -798 -176 -4053 264 -2554
-1031 -1087 -179 -4232 124 -2660
-1296 -1323 -169 -4331 50 -2724
-1309 -1571 -206 -4366 52 -2719
-1280 -1757 -275 -4362 19 -2577
-1275 -2097 -320 -4362 -101 -2309
-1711 -2506 -279 -4408 -106 -2169
-2054 -2695 -232 -4554 96 -2161
-2299 -2808 -152 -4782 358 -2300
-2389 -2884 -75 -4964 534 -2413
-2461 -2879 -36 -5242 702 -2584
-2776 -2845 -65 -5468 616 -2807
-3182 -2787 -330 -5549 445 -2973
-3671 -2667 -450 -5556 74 -3320
-4007 -2385 -733 -5422 -260 -3633
-3794 -2142 -965 -5254 -239 -3645
-3246 -1768 -1185 -4910 411 -3156
-3269 -1458 -1138 -4618 1186 -2216
-3805 -1176 -841 -4615 1503 -1620
-5038 -758 -361 -4934 1144 -1034
-5684 -225 -61 -5246 542 -803
-5796 77 60 -5635 -201 -463
-5974 448 395 -5756 -504 -192
-6212 730 881 -5682 -685 240
-6307 912 1423 -5329 -747 748
-6465 1048 2339 -4988 -832 1146
-6496 1004 2844 -4253 -1215 1869
-6187 819 3544 -3592 -1575 2447
-5926 664 4054 -2401 -1818 3384
-5621 304 4469 -1019 -2049 4308
-5558 65 4443 -26 -2608 4854
-5452 -484 3940 1503 -3752 5414
-5060 -961 2953 2538 -4374 5581
-4734 -1292 2262 4046 -4932 5581
-4306 -1633 1358 5402 -5254 5427
-1722 -1743 -2113 5774 -5435 4702
-1496 -1600 -2435 5766 -5434 4286
-1285 -1500 -2616 5720 -4691 3823
-1171 -1214 -2370 5529 -3812 3536
-1037 -1120 -2303 5080 -2661 3308
-931 -1016 -2239 4741 -2111 3301
-952 -884 -2127 4175 -1428 3422
-1096 -851 -2158 3628 -824 3487
-1290 -839 -2141 3292 -474 3453
-1478 -811 -2096 2836 34 3166
-1589 -683 -2043 2401 429 2661
-1554 -660 -2018 2028 441 2124
-1451 -781 -2012 1815 207 1812
-1605 -970 -1993 1529 -269 1340
-1962 -1123 -1936 1350 -490 970
-2133 -1172 -1914 1133 -800 400
-2199 -1151 -1837 966 -1158 -146
-2226 -957 -1692 853 -1419 -491
-2318 -920 -1560 652 -1852 -1019
-2333 -864 -1438 484 -2141 -1358
-2429 -714 -1383 246 -2418 -1930
-2580 -444 -1277 94 -2467 -2374
-2795 -315 -1150 -145 -2303 -3132
-3199 -216 -883 -436 -1921 -3960
-3583 -114 -634 -648 -1644 -4494
-3939 17 -324 -1015 -1252 -5250
-3979 57 -160 -1445 -1104 -5794
-3704 114 -16 -1766 -1269 -5929
-3357 80 -24 -2258 -1810 -5758
-2839 66 -5 -2568 -2105 -5460
-2431 113 -35 -2895 -2146 -4956
-2151 100 -82 -3038 -1718 -4502
-1656 11 -273 -2980 -1050 -4095
-1253 10 -339 -2877 -605 -3854
-1124 19 -320 -2756 -21 -3534
-994 -43 -264 -2737 434 -3247
-899 -116 -166 -2870 650 -2958
-1115 -223 -109 -3021 729 -2825
-1282 -241 -103 -3301 871 -2789
-1281 -257 -235 -3459 893 -2804
-1191 -275 -287 -3654 745 -2808
-1024 -304 -379 -3818 495 -2751
-936 -315 -453 -3917 309 -2686
-1166 -459 -535 -4053 141 -2649
-1432 -515 -554 -4148 338 -2706
-1423 -402 -564 -4182 514 -2701
-1395 -316 -548 -4203 651 -2589
-1217 -131 -445 -4209 658 -2323
-1274 112 -430 -4204 571 -2115
-1489 223 -430 -4168 428 -1912
-1680 283 -448 -4113 357 -1840
-2139 239 -403 -4085 419 -1909
-2415 213 -369 -4046 621 -2175
-2533 227 -441 -3971 636 -2340
-2520 216 -514 -3766 364 -2436
-2364 156 -531 -3611 75 -2358
-2194 138 -610 -3363 -342 -2041
-2018 195 -799 -3045 -376 -1641
-2238 161 -1124 -2785 -195 -1401
-2572 196 -1352 -2333 70 -1199
-2923 262 -1343 -2112 157 -1092
-3319 61 -1444 -1945 230 -996
-3609 -82 -1582 -1912 381 -878
-4314 -330 -2359 -1807 566 -807
-4501 -770 -2314 -1762 1048 -519
-4829 -992 -1947 -2148 1420 30
-5389 -933 -1634 -2604 1190 384
-5692 -923 -1547 -3311 387 749
-5899 -1016 -1335 -3658 -127 891
-6020 -1690 -902 -3956 -268 1027
-5801 -2159 -396 -4041 -26 1377
-5751 -2588 551 -4021 -62 1726
-5995 -3213 1425 -3818 -594 2228
-6188 -3581 1846 -3189 -1534 2571
-6224 -4118 2298 -2093 -2418 2777
-6178 -4806 2583 -1185 -2462 2892
-6159 -5244 2665 311 -1779 3143
-6228 -5474 2796 1266 -1301 3439
-6404 -5696 2631 4701 -4250 8652
-3983 -4198 -812 4529 -4703 8253
-3788 -4053 -975 4418 -4571 7816
-3626 -3598 -1149 4152 -3906 7015
-3535 -3236 -1428 3939 -3516 6466
-3218 -2934 -1569 3586 -3450 5866
-2749 -2707 -1689 3344 -3784 5633
-2528 -2509 -1712 2959 -4347 5373
-2290 -2343 -1879 2718 -4520 5169
-2120 -2320 -2041 2402 -4389 4782
-1962 -2273 -2157 2215 -4131 4481
-2016 -2249 -2215 1965 -3769 3965
-1951 -2130 -2141 1780 -3634 3615
-1836 -2123 -2183 1506 -3607 3158
-1748 -2072 -2265 1377 -3582 2857
-1664 -2017 -2231 1221 -3370 2400
-1731 -1984 -2232 1123 -2897 1891
-1654 -1925 -2188 1075 -2535 1574
-1804 -1894 -2204 1007 -2019 1049
-2254 -1588 -2114 949 -1599 565
-2307 -1341 -2029 811 -1125 -217
-2515 -1109 -1950 686 -1027 -779
-2544 -753 -1891 484 -1107 -1591
-2505 -516 -1902 347 -1257 -2088
-2636 -243 -1883 100 -1375 -2842
-2633 -121 -1650 -154 -1366 -3307
-2721 -64 -1581 -651 -1219 -4012
-3210 114 -1999 -1003 -838 -4846
-3876 738 -2573 -1050 -508 -5534
-4138 1244 -2914 -878 -191 -6556
-3843 1840 -2662 -779 -304 -6991
-3140 2061 -2013 -1057 -821 -6986
-2343 2289 -1408 -1659 -1585 -6438
-1880 2788 -840 -2089 -1915 -5988
-1565 2890 -531 -2676 -1886 -5236
-1198 2724 -417 -2995 -1579 -4438
-939 2415 -605 -2996 -1364 -3915
-826 2123 -616 -2789 -1059 -3209
-905 1697 -697 -2580 -861 -2841
-1135 1496 -672 -2265 -565 -2575
-1425 1276 -883 -2046 -380 -2574
-1515 1206 -966 -1729 -219 -2738
-1338 1120 -1018 -1561 -201 -2834
-1043 1089 -761 -1514 -337 -2848
-876 1075 -597 -1761 -622 -2707
-628 984 -418 -2043 -776 -2549
-543 831 -312 -2581 -806 -2280
-572 459 -374 -2918 -628 -2126
-559 228 -590 -3208 -88 -1931
-565 -41 -693 -3256 294 -1835
-639 -201 -750 -3173 692 -1742
-648 -370 -765 -2968 815 -1692
-588 -687 -665 -2838 796 -1658
-510 -883 -612 -2704 677 -1610
-433 -1261 -511 -2698 437 -1590
-365 -1461 -435 -2784 292 -1611
-300 -1769 -376 -2992 275 -1731
-444 -2053 -430 -3139 412 -1905
-939 -2722 -567 -3325 713 -2340
-1318 -3314 -696 -3412 888 -2696
-1555 -3480 -666 -3528 1028 -3253
-1728 -3558 -669 -3662 863 -3715
-1867 -3734 -627 -3804 593 -3934
-2128 -3836 -564 -4120 331 -4222
-2547 -3932 -478 -4377 273 -4406
-2930 -3841 -547 -4681 241 -4685
-3293 -3521 -761 -4716 191 -4895
-3388 -3033 -869 -4603 84 -4899
-3285 -2695 -948 -4285 -223 -4611
-3285 -1938 -834 -3909 -156 -4071
-3402 -1399 -796 -3685 31 -3608
-3613 -1131 -867 -3422 397 -2865
-4172 -527 -697 -3425 759 -2220
-5049 -60 -304 -3845 478 -1774
-5681 357 -272 -4202 87 -1551
-5921 569 -219 -4686 -355 -1134
-6352 807 37 -5006 -745 -588
-6990 862 593 -5099 -910 -227
-7475 867 1180 -5003 -954 252
-8092 735 2071 -4748 -1016 601
-8214 731 2722 -4010 -1343 1372
-8140 187 3536 -2814 -1746 2498
-8166 -632 4194 -1803 -1971 3313
-8164 -1024 4641 -126 -2234 4354
-8201 -1939 5275 902 -2476 4915
-8218 -2568 5118 2444 -3317 5578
-7802 -3440 4405 4115 -4551 6113
-6695 -4002 3210 5329 -5106 6450
-5907 -4312 2473 7005 -5309 6994
-5007 -4616 1358 7998 -4932 7312
-3865 -4583 277 7124 -6529 6626
-3049 -5880 -2224 8848 -3657 7469
-3938 -4286 -1115 9531 -2340 8096
-4568 -4475 -1179 9341 -2913 8285
-4715 -4525 -1201 8385 -4431 7889
-4226 -4470 -1907 7721 -4977 7431
-3760 -4461 -2544 7023 -5120 6871
-3061 -4157 -3298 6690 -4742 6562
-2554 -3901 -3484 6506 -4223 6453
-2325 -3688 -3360 6037 -3109 6329
-2076 -3467 -3104 5237 -2099 6199
-1962 -3195 -2901 4572 -1608 6059
-1935 -3034 -2897 3568 -1276 5721
-1872 -2711 -2889 2947 -1276 5393
-1734 -2515 -3038 2203 -1484 4820
-1433 -2386 -3149 1676 -1669 4184
-992 -2232 -3265 1425 -1590 3755
-745 -2184 -3365 1180 -1083 3134
-437 -2138 -3306 959 -527 2544
-317 -2075 -3098 739 -419 2162
-155 -1858 -2792 363 -774 1559
124 -1655 -2628 143 -1229 1160
318 -1483 -2527 -73 -1821 553
598 -1172 -2418 -142 -1992 -114
452 -907 -2295 -109 -1868 -657
294 -846 -2053 -53 -1476 -1605
-157 -748 -1574 -42 -1096 -2661
-930 -608 -1345 6 -992 -3438
-1638 -658 -1280 184 -1084 -4663
-2795 -754 -1159 398 -1295 -5892
-3955 -685 -909 -2182 -1147 -4069
-2571 -47 115 -2429 -896 -3694
-1920 70 -10 -2586 -682 -3369
-1458 190 -198 -2649 -601 -3196
-1239 244 -307 -2700 -574 -3034
-991 330 -327 -2760 -598 -2992
-853 283 -363 -2923 -654 -2995
-764 267 -369 -3157 -574 -3089
-833 193 -594 -3295 -464 -3195
-898 38 -754 -3417 -268 -3360
-1793 747 -1765 -3619 531 -2518
-1885 1145 -1703 -3628 394 -2536
-2059 1231 -1713 -3802 144 -2565
-2913 904 -1841 -4005 -120 -2647
-3523 510 -2031 -4377 -449 -2756
-3911 375 -2222 -4671 -624 -2666
-4302 163 -2632 -4723 -539 -2457
-4545 -41 -2795 -4587 -55 -1863
-5312 -321 -2755 -4447 147 -1010
-5708 -553 -2093 -4630 369 50
-5884 -618 -1796 -4859 230 779
-6274 -725 -1368 -5187 -319 1638
-6443 -971 -677 -5349 -538 2044
-6455 -1317 -109 -5412 -447 2549
-6324 -1840 730 -5285 -343 2892
-6310 -2349 1355 -4816 -461 3359
-6933 -3126 2396 -4067 -826 3496
-7788 -4145 3249 -3426 -1323 3354
-8137 -4955 3530 -2142 -2165 2970
-7851 -6251 3704 -1057 -2408 2851
-7538 -6921 3816 726 -2163 3145
-7146 -7432 3808 2452 -1771 3945
-6500 -7422 3643 3418 -1757 4748
-6343 -7404 3394 4456 -2182 5959
-6344 -7306 2793 4935 -2622 6508
-3304 -1411 2327 5103 -3572 6534
-4615 -6430 295 4830 -4082 5923
-4399 -6957 31 5608 -4064 6567
-4510 -6309 -28 6361 -3687 6786
-4302 -5754 -250 6520 -3487 6644
-4235 -5344 -494 6415 -3625 6400
-3829 -4737 -1052 6149 -4062 5918
-3374 -4163 -1375 5888 -4270 5589
-3059 -3766 -1571 5414 -4359 5119
-2499 -3271 -1841 4919 -4299 4812
-2249 -2970 -2050 4628 -4206 4660
-1950 -2609 -2226 4207 -3911 4463
-1815 -2223 -2213 3902 -3613 4315
-1851 -2046 -2220 3387 -3209 4004
-1720 -1867 -2110 2823 -2974 3671
-1580 -1723 -2084 2458 -2909 3469
-1460 -1772 -2136 2009 -2936 3211
-1267 -1746 -2201 1788 -2980 3073
-1199 -1681 -2166 1518 -3004 2826
-1354 -1573 -2069 720 -561 -729
-2619 -170 -1308 684 -148 -1482
-2997 121 -1318 628 -63 -2027
-3189 333 -1215 407 -11 -2867
-3224 760 -1103 152 -132 -3366
-3279 913 -1084 -376 -629 -4002
-3321 1068 -1086 -792 -987 -4354
-3377 1141 -1198 -1385 -1364 -4825
-3454 1375 -1416 -1807 -1350 -5266
-3406 1479 -1778 -1931 -1207 -5517
-3064 1556 -1965 -1901 -1111 -5626
-2422 1445 -1834 -1798 -1070 -5321
-1801 1277 -1467 -1755 -928 -4954
-1533 1209 -1265 -1750 -498 -4310
-1433 1018 -1025 -1757 -141 -3895
-1344 891 -823 -1847 350 -3311
-1266 810 -573 -2044 525 -2788
-1225 826 -310 -2239 404 -2504
-1193 784 -153 -2601 33 -2198
-1102 607 -114 -2844 -312 -2057
-869 418 -172 -3120 -808 -1916
-711 346 -229 -3257 -1089 -1849
-484 187 -321 -3280 -1134 -1860
-357 56 -297 -3290 -935 -1969
-247 -201 -315 -3302 -549 -2164
-229 -591 -255 -3324 -247 -2334
-306 -765 -231 -3370 292 -2654
-471 -1062 -310 -3336 611 -2898
-553 -1224 -340 -3162 899 -3225
-565 -1467 -373 -2909 949 -3396
-625 -1643 -298 -2747 843 -3426
-661 -1719 -206 -2605 415 -3386
-855 -1906 -105 -2622 21 -3343
-1104 -2225 -61 -2834 -450 -3360
-1212 -2509 -17 -3223 -714 -3409
-1529 -2718 -99 -3533 -768 -3474
-1712 -2932 -203 -3983 -659 -3615
-2122 -3160 -405 -4229 -415 -3726
-2392 -3263 -626 -4404 65 -3888
-2913 -3393 -1059 -4342 454 -4028
-3737 -3397 -1277 -4265 546 -4109
-4167 -3314 -1332 -4292 400 -4139
-4662 -2880 -1250 -4597 165 -3918
-4514 -2301 -1216 -4932 24 -3487
-4276 -1771 -1164 -5575 -160 -2411
-6765 105 5430 -2577 -1117 2211
-6911 -137 6027 -150 -1347 3582
-7227 -517 6203 2397 -2576 4763
-6936 -599 5619 4113 -3478 5260
-6519 -779 5095 6288 -4653 5682
-5297 -1040 4007 7688 -5223 6099
-4884 -1127 3449 8184 -5173 6459
-3550 -2396 637 6973 -5825 6426
-2730 -3327 -834 8839 -5278 7514
-3783 -3014 -837 9254 -4653 7772
-3961 -3269 -929 8724 -4516 7463
-3841 -3183 -1348 8149 -4521 7085
-3523 -3365 -1857 7383 -4760 6572
-2989 -3115 -2460 7015 -4948 6283
-2644 -2904 -2697 6620 -4899 5873
-1969 -2707 -2899 6250 -4168 5594
-1307 -2475 -2927 5959 -3352 5530
-1069 -2213 -2921 5406 -1954 5534
-1073 -2042 -2778 4698 -972 5496
-1147 -1869 -2392 4102 -727 5386
-1246 -1874 -2295 3203 -737 5014
-1233 -1829 -2083 2423 -833 4396
-1164 -1661 -2093 2038 -848 3879
-1031 -1507 -2159 1711 -819 3036
-736 -1287 -2206 1613 -779 2480
-611 -1169 -2203 1530 -554 1645
-796 -1154 -2207 1488 -335 1051
-923 -1233 -2160 1378 -260 206
-1272 -1370 -2105 1193 -467 -620
-1549 -1403 -1922 1045 -705 -1133
-1588 -1311 -1858 829 -1218 -1746
-1780 -1229 -1732 665 -1612 -2235
-1696 -954 -1596 592 -1688 -2469
-1821 -881 -1461 510 -1582 -2773
-2187 -745 -1270 429 -1362 -3184
-2780 -516 -1107 374 -1302 -3590
-3047 -379 -999 244 -1348 -4331
-3167 -316 -813 111 -1421 -4791
-3211 -194 -698 -167 -1549 -5345
-3252 -121 -552 -520 -1644 -5735
-2924 -125 -406 -782 -1680 -5843
-2679 -129 -379 -1175 -1607 -5757
-2448 -320 -342 -1409 -1333 -5593
-2333 -463 -316 -1694 -473 -5285
-2241 -609 -343 -1861 385 -4985
-2130 -624 -350 -1918 746 -4803
-1993 -559 -358 -2005 812 -4530
-1721 -457 -340 -2148 432 -4222
-1534 -441 -299 -2322 85 -4031
-1351 -328 -196 -2699 -399 -3837
-1292 -323 -351 -2960 -657 -3790
-1226 -420 -547 -3238 -711 -3785
-1049 -613 -829 -3368 -467 -3776
-1118 -699 -936 -3407 -179 -3801
-1055 -760 -887 -3486 205 -3808
-1158 -816 -938 -3565 297 -3779
-1454 -988 -997 -3677 336 -3827
-1543 -947 -1009 -3789 322 -3832
-1588 -812 -1192 -3798 255 -3789
-1478 -705 -1208 -3759 154 -3607
-1367 -387 -1373 -3651 4 -3354
-1319 14 -1418 -3592 -140 -3205
-1265 252 -1298 -3659 -318 -3050
-1282 619 -1207 -3862 -292 -3019
-1631 657 -1365 -4002 -247 -3094
-2075 535 -1518 -4138 -251 -3346
-2848 327 -1858 -4132 -263 -3568
-3476 170 -2028 -3957 -259 -3880
-3963 146 -2206 -3762 -341 -3903
-3912 276 -2342 -3449 -864 -3335
-3891 429 -2623 -3277 -1315 -2587
-3956 386 -2440 -3334 -1261 -1244
-4413 219 -2126 -3655 -879 -396
-5193 -110 -1783 -4459 -326 551
-6300 -681 -1675 -5308 163 990
-7483 -1488 -1484 -5672 300 1136
-7852 -1847 -1348 -5703 -373 1534
-7924 -2227 -632 -5441 -1161 1968
-7726 -2339 112 -4871 -2171 2707
-7205 -2570 1418 -4329 -2571 3416
-6756 -3259 2653 -4024 -2588 3842
-6881 -4012 3109 -3398 -2123 4251
-7837 -5740 3136 6104 -3390 7865
-4100 -6486 -455 6298 -3516 7898
-3768 -5989 -658 6095 -3244 7788
-3429 -5190 -1060 5728 -3164 7587
-3234 -4778 -1307 4998 -3196 7152
-2807 -4232 -1845 4515 -3379 6855
-2566 -3848 -2131 3911 -3799 6382
-2401 -3383 -2426 3589 -3966 6009
-2171 -3105 -2610 3189 -3983 5465
-1863 -2756 -2671 2937 -3924 5163
-1080 -1716 -2112 684 -2638 1721
-1138 -1531 -2021 727 -2652 1294
-1301 -1472 -1854 745 -2478 943
-1435 -1405 -1756 712 -1992 362
-1914 -1137 -1697 676 -1616 -113
-2047 -831 -1614 608 -1181 -835
-2449 -458 -1645 565 -994 -1326
-2787 -204 -1620 501 -707 -2113
-3037 250 -1487 393 -305 -2894
-3206 780 -1414 286 -235 -3372
-3251 1065 -1427 30 -643 -3980
-3366 1324 -1270 -432 -1096 -4540
-3364 1579 -872 -901 -1299 -4869
-3510 1781 -870 -1621 -1374 -5324
-3280 2061 -1152 -1935 -1183 -5524
-2644 2040 -1559 -1867 -1033 -5413
-2116 1905 -1853 -1409 -1043 -4868
-1497 1670 -1640 -1056 -1065 -4389
-1251 1571 -1394 -695 -742 -3757
-1231 1402 -1064 -584 -396 -3495
-1256 1360 -718 -726 -17 -3332
-1268 1140 -429 -1145 -34 -3289
-1237 950 -384 -1465 -241 -3259
-1128 835 -590 -1810 -646 -3161
-1071 514 -879 -1943 -964 -3038
-1045 254 -1038 -1946 -933 -3011
-1018 264 -960 -1946 -604 -3064
-857 211 -790 -2019 -223 -3148
-650 71 -579 -2136 -85 -3162
-545 -20 -433 -2427 -128 -3130
-428 -131 -188 -2695 -197 -3095
-324 -300 -179 -3099 -345 -2978
-265 -605 -255 -3372 -480 -2850
-280 -849 -344 -3446 -450 -2800
-298 -1062 -384 -3447 -217 -2773
-432 -1523 -437 -3405 -46 -2794
-648 -1799 -414 -3348 283 -2930
-912 -2032 -222 -3382 578 -3163
-1132 -2239 -52 -3467 539 -3341
-1260 -2401 77 -3701 135 -3577
-1555 -2838 94 -3906 -199 -3690
-1752 -3088 26 -4206 -538 -3861
-1816 -3264 8 -4490 -547 -3968
-1972 -3405 5 -4662 -384 -4011
-2166 -3564 -72 -4843 -97 -4046
-2625 -3746 -273 -4868 167 -4078
-3437 -4021 -496 -4748 727 -4236
-3851 -4032 -520 -4560 982 -4395
-4254 -3772 -464 -4469 428 -4293
-4461 -3283 -407 -4498 -379 -4064
-4266 -2820 -477 -4629 -1429 -3393
-3581 -2236 -625 -4749 -1308 -2356
-3530 -1470 -431 -4894 -520 -1660
-3973 -1097 -386 -5243 633 -925
-4974 -659 -250 -5700 961 -600
-6020 -383 -228 -5935 526 -530
-6372 -252 -150 -6056 -714 -391
-6757 -84 291 -5886 -1481 -136
-6747 128 951 -5603 -1506 136
-6336 417 1478 -4847 -1356 958
-6055 874 2632 -3774 -1126 2076
-6256 1296 4089 -2983 -983 2782
-6518 1421 5023 -1776 -1061 3666
-7107 1236 5862 -367 -1903 4363
-7064 940 5722 868 -2752 4783
-7014 536 5316 3099 -4181 5324
-6788 -194 4316 5395 -5851 5636
-6165 -1074 3375 7076 -6843 5852
-4883 -2048 1814 8000 -7002 6340
-2550 -1660 -1412 7401 -7900 6213
-3155 -3423 -1461 8967 -5572 7391
-3827 -2995 -1492 9611 -4096 8088
-4333 -3062 -1364 9318 -3917 8108
-4308 -2768 -1453 8259 -4299 7654
-3906 -2890 -1777 7173 -4910 6998
-2942 -2843 -2259 6664 -5153 6718
-2202 -2598 -2793 6267 -5118 6486
-1701 -2504 -2945 6039 -4443 6376
-1509 -2206 -2784 5763 -3526 6257
-1617 -1968 -2624 5074 -2257 5882
-1744 -1724 -2338 4493 -1678 5569
-1644 -1779 -2172 3574 -1179 5156
-1509 -1918 -2173 2725 -909 4804
-1418 -1784 -2085 2204 -644 4494
-1339 -1716 -2209 1606 -386 3845
-1086 -1638 -2403 1359 -243 3335
-991 -1523 -2515 1178 106 2492
-921 -1422 -2602 1070 134 1589
-860 -1292 -2493 965 -114 969
-755 -1174 -2440 731 -705 46
-799 -1029 -2551 578 -1094 -574
-1123 -1016 -2618 418 -1540 -1557
-1094 -843 -2444 310 -1798 -2092
-1262 -679 -2519 276 -1946 -2722
-1272 -617 -2462 421 -1662 -3167
-1449 -555 -2218 551 -1316 -3387
-1706 -515 -1956 677 -784 -3717
-2219 -398 -1554 654 -543 -4155
-2850 -228 -1096 550 -512 -4546
-3174 -249 -793 268 -523 -5169
-3546 -227 -376 13 -578 -5536
-3697 -214 -182 -419 -718 -5961
-3679 -251 62 -866 -808 -6152
-3620 -270 127 -1124 -885 -6132
-3473 -403 146 -1431 -923 -5932
-3229 -599 145 -1570 -826 -5710
-3007 -642 142 -1692 -571 -5307
-2490 -540 79 -1725 -346 -4829
-1930 -438 55 -1741 -292 -4458
-1498 -347 43 -1809 -320 -3904
-1392 -353 38 -1967 -366 -3485
-1400 -354 -96 -2095 -353 -3338
-1349 -314 -201 -2293 -271 -3267
-1300 -386 -393 -2424 -234 -3270
-1276 -330 -555 -2613 -190 -3342
-1191 -324 -637 -2789 -216 -3409
-1038 -337 -691 -2918 -294 -3399
-975 -284 -771 -3136 -543 -3319
-770 -267 -804 -3415 -733 -3130
-688 -301 -863 -3619 -717 -2962
-706 -321 -1033 -3870 -624 -2722
-964 -516 -1097 -4037 -183 -2614
-1053 -380 -1062 -4101 299 -2594
-1088 -370 -1065 -4121 664 -2544
-1135 -257 -910 -4131 713 -2461
-1155 -46 -822 -4144 741 -2406
-1389 -75 -898 -4095 832 -2398
-2067 -238 -868 -4001 891 -2614
-2656 -230 -972 -3799 617 -2996
-3181 -158 -1062 -3607 258 -3273
-3239 12 -1210 -3244 -437 -3536
-3138 264 -1563 -2955 -900 -3535
-3009 403 -1636 -2589 -1254 -3279
-3019 619 -1473 -2514 -1217 -2784
-3346 483 -1378 -2634 -993 -2345
-3483 390 -1412 -2935 -255 -1538
-3776 263 -1757 -3071 363 -944
-4143 112 -2060 -3152 818 -67
-5278 -36 -2206 -3289 255 383
-6107 -472 -1808 -3700 -245 494
-6096 -729 -1798 -3953 -504 682
-6066 -1006 -1632 -4159 -714 1224
-6199 -1221 -1183 -4203 -822 1633
-6295 -1469 -688 -4204 -1006 2253
-6556 -1936 117 -4156 -1173 2619
-7073 -2635 775 -3975 -1434 2960
-7636 -4081 1478 -3463 -1613 3134
-8014 -5600 2302 -2884 -1571 3220
-8114 -6447 3062 -1780 -1505 3442
-8033 -7325 4098 -932 -1738 3694
-7539 -7688 4429 571 -2395 4329
-6368 -7963 4295 1748 -2608 4922
-5964 -7988 4006 3546 -2749 5822
-5831 -8079 3257 5095 -3042 6337
-5725 -7949 2405 6233 -3139 6434
-5387 -7701 1409 6754 -3023 6437
-2847 -4568 -3589 5822 -2640 5892
-4195 -6964 -642 7171 -3523 6939
-4408 -6422 -949 7639 -3855 7349
-4441 -6132 -649 7453 -3856 7302
-4433 -5507 -662 6838 -3765 6985
-4240 -5310 -1100 5889 -3731 6478
-3684 -4814 -1869 5420 -3606 6254
-3294 -4436 -2346 5004 -3477 6095
-2963 -3942 -2667 4823 -3397 6027
-2886 -3646 -2605 4469 -3302 5824
-2652 -3260 -2504 3961 -3335 5544
-2341 -2976 -2445 3588 -3449 5363
-2097 -2804 -2388 3004 -3599 5103
-1803 -2677 -2364 2469 -3636 4854
-1587 -2544 -2384 2158 -3626 4684
-1341 -2359 -2401 1755 -3476 4379
-1184 -2265 -2393 1533 -3290 4132
-1015 -2197 -2309 1213 -2984 3741
-747 -2134 -2225 1011 -2780 3494
-590 -2129 -2156 755 -2534 3128
-489 -2056 -2054 608 -2387 2855
-564 -1969 -1943 430 -2096 2340
-685 -1873 -1800 345 -1868 1912
-679 -1763 -1723 295 -1654 1250
-1055 -1650 -1690 325 -1510 748
-1209 -1527 -1587 413 -1079 -119
-1637 -1182 -1594 567 -609 -1095
-2271 -764 -1645 719 -371 -1829
-2565 -477 -1668 916 -227 -2899
-2823 -77 -1365 861 -245 -3788
-3404 394 -1256 693 -279 -4345
-3835 681 -1240 309 -406 -5172
-4714 941 -1392 -1880 -1137 -1760
-1176 1566 -1115 -1792 -817 -1623
-1185 1391 -1032 -1763 -430 -1912
-1203 1120 -768 -1833 -112 -2255
-1052 934 -609 -2020 216 -2760
-829 867 -527 -2189 82 -3045
-665 810 -502 -2294 -314 -3069
-397 659 -550 -2321 -576 -2969
-308 507 -556 -2363 -827 -2759
-320 318 -467 -2462 -773 -2646
-358 92 -392 -2629 -488 -2664
-394 -175 -293 -2830 -165 -2754
-467 -358 -284 -2933 -15 -2839
-468 -476 -261 -3037 123 -2976
-2266 -3325 -64 -4363 139 -4275
-2449 -3442 -111 -4572 385 -4397
-2547 -3567 -278 -4669 382 -4274
-2822 -3824 -428 -4701 394 -4106
-3175 -3943 -552 -4721 468 -3877
-3600 -3803 -694 -4709 320 -3748
-3753 -3681 -735 -4694 -215 -3503
-3924 -3326 -760 -4721 -820 -3161
-3626 -2555 -799 -4771 -1284 -2601
-3294 -1816 -807 -4845 -1283 -2138
-3324 -1235 -641 -5048 -565 -1541
-3868 -620 -356 -5418 401 -1181
-4460 -299 -103 -5727 712 -1034
-5418 58 334 -6141 399 -797
-6637 85 748 -6276 -199 -605
-7651 -106 1064 -6057 -1122 -320
-7790 0 1526 -5290 -1629 236
-7275 248 2434 -4579 -1747 900
-7045 461 3295 -3403 -1409 2154
-7048 656 4561 -2225 -888 3420
-7530 511 5284 -1355 -897 4161
-7886 212 5334 258 -1842 5054
-7881 -332 4647 2454 -3800 5655
-7020 -730 3943 3986 -4919 5940
-6206 -1152 3345 5912 -5929 6321
-5183 -1840 2024 7344 -6042 6665
-4417 -2363 877 7980 -5709 6893
-397 479 -3463 2665 -5828 2878
-3381 -3410 -1865 7719 -6038 6747
-3487 -3020 -1990 8915 -5703 7484
-3715 -2892 -1896 8901 -4820 7148
-3630 -2874 -1822 8456 -4470 6736
-3381 -2796 -1934 7601 -4667 6106
-2738 -2826 -2281 6927 -4970 5696
-2161 -2675 -2551 6619 -4815 5543
-1881 -2549 -2592 6204 -4001 5403
-1614 -2389 -2696 5775 -3028 5324
-1412 -2155 -2717 5470 -2352 5292
-1328 -1991 -2548 4895 -1397 5260
-1233 -1891 -2194 4395 -915 5228
-1188 -1873 -1944 3503 -481 5087
-1117 -1909 -2001 2698 -321 4799
-1035 -1809 -1977 2247 -267 4487
-960 -1691 -1943 1721 -219 3869
-752 -1529 -1990 1472 -256 3406
-556 -1471 -2033 1243 -325 2679
-434 -1356 -2074 1177 -251 2158
-332 -1312 -2136 1121 -49 1329
-381 -1232 -2119 1079 83 738
-822 -1337 -2133 1006 90 -212
-1204 -1400 -1939 922 -68 -844
-1442 -1390 -1809 760 -595 -1673
-1744 -1324 -1812 701 -1107 -2164
-1778 -1241 -1799 693 -1940 -2766
-2051 -1273 -1756 723 -2317 -3129
-2232 -1297 -1627 777 -2443 -3679
-2520 -1087 -1550 840 -2343 -4027
-2900 -969 -1505 994 -2068 -4598
-3257 -746 -1290 1073 -1909 -4980
-3512 -551 -1040 1028 -1815 -5528
-3864 -313 -571 687 -1810 -6007
-4158 -199 -340 315 -1838 -6290
-4387 27 -64 -380 -1933 -6621
-4316 231 47 -880 -1960 -6700
-4015 302 34 -1339 -1954 -6610
-3790 213 -29 -1916 -1873 -6172
-3554 -23 -165 -2309 -1639 -5563
-3127 -85 -330 -2476 -1421 -5137
-2716 -71 -468 -2593 -1200 -4499
-2100 -15 -522 -2664 -1056 -3888
-1552 -12 -381 -2759 -977 -3504
-1307 14 -232 -3042 -851 -3031
-1018 6 -117 -3301 -754 -2798
-871 9 -61 -3743 -595 -2560
-704 13 -117 -4150 -454 -2433
-501 -142 -378 -4340 -402 -2362
-439 -264 -535 -4481 -292 -2283
-419 -382 -879 -4428 -133 -2277
-579 -556 -1196 -4300 23 -2347
-864 -699 -1250 -4057 545 -2645
-1228 -734 -1237 -3888 959 -2929
-1250 -649 -1121 -3719 1161 -3266
-1275 -478 -893 -3689 995 -3379
-1234 -323 -716 -3769 418 -3383
-1047 -163 -668 -3950 -191 -3170
-1018 -71 -796 -4056 -428 -2972
-1272 -107 -1020 -4098 -349 -2832
-1911 -187 -1124 -4026 308 -3030
-2427 -81 -1324 -3845 684 -3376
-2750 190 -1439 -3615 218 -3585
-2907 356 -1435 -3484 -731 -3527
-3129 454 -1479 -3433 -1273 -3379
-3190 545 -1487 -3383 -1530 -2959
-3249 510 -1601 -3354 -1428 -2519
-3506 300 -1710 -3280 -707 -1723
-4126 -121 -1929 -3193 224 -1176
-4802 -305 -2138 -2990 1001 -366
-5919 -602 -2155 -2894 602 264
-6321 -1036 -1828 -3002 -13 650
-6343 -1402 -1615 -3448 -682 1285
-6352 -2019 -1291 -3840 -719 1737
-6199 -2595 -661 -4468 -178 2489
-6234 -2725 -355 -4878 99 3205
-6558 -3280 186 -4923 -134 3560
-6743 -3581 504 -4563 -1018 3832
-6682 -4115 1095 -3744 -1949 3907
-6624 -4872 1816 -3027 -2220 3884
-6954 -5482 2251 -1782 -2069 3713
-7193 -6155 3030 -911 -1941 3615
-6852 -6378 3666 364 -2094 3857
-6516 -6531 3791 1653 -2347 4626
-6230 -6773 3427 2578 -2546 5290
-6319 -6842 2955 4075 -3269 6118
-6262 -6980 2216 5501 -4275 6549
-5903 -6854 1357 6344 -4743 6605
-3163 -4145 -2153 5252 -5145 6034
-4109 -6497 -256 6995 -5268 6305
-4059 -6018 -277 7845 -4615 6730
-4162 -5541 -276 7752 -3725 6702
-4159 -4950 -238 7272 -3310 6554
-4032 -4609 -418 6287 -3271 6254
-3570 -4325 -859 5651 -3530 6116
-1452 -2185 -1874 1953 -3552 3556
-1354 -2212 -1916 1750 -3424 3351
-1356 -2210 -1952 1558 -3035 2929
-1281 -2278 -1943 1437 -2648 2492
-1154 -2105 -1813 1362 -2429 2231
-1196 -2008 -1723 1232 -2104 1838
-1318 -1823 -1529 1039 -1721 1404
-1659 -1654 -1413 880 -1404 1038
-1918 -1534 -1378 662 -910 363
-2469 -1139 -1377 573 -638 -213
-2676 -839 -1323 482 -588 -1129
-3135 -345 -1274 335 -985 -2147
-3375 160 -1199 177 -1378 -2831
-3428 452 -1094 -205 -1791 -3785
-3564 884 -1176 -517 -1788 -4328
-3743 1029 -1283 -967 -1425 -5014
-3715 1068 -1274 -1405 -1137 -5341
-3832 1089 -1148 -1722 -1268 -5392
-3857 1387 -1103 -2195 -1984 -5388
-3544 1960 -1434 -2388 -2333 -5339
-3055 2141 -1540 -2377 -2087 -5089
-2075 2000 -1681 -2083 -1347 -4502
-1478 1815 -1714 -1768 -860 -4030
-1441 1728 -1430 -1366 -183 -3466
-1509 1513 -868 -1277 301 -3105
-1331 1309 -454 -1381 354 -2875
-1230 1177 -293 -1694 85 -2505
-1129 913 -243 -2016 -327 -2154
-1007 659 -331 -2172 -562 -1944
-983 475 -413 -2304 -803 -1742
-915 373 -531 -2338 -923 -1701
-797 336 -545 -2332 -969 -1745
-685 291 -544 -2348 -955 -1880
-478 106 -616 -2398 -814 -2037
-387 -61 -435 -2488 -564 -2162
-357 -150 -371 -2692 -77 -2360
-390 -357 -322 -2824 148 -2478
-452 -455 -293 -2986 357 -2624
-492 -613 -293 -3047 417 -2701
-517 -836 -420 -3009 350 -2703
-568 -1004 -406 -2918 154 -2668
-864 -1208 -331 -2889 5 -2661
-1075 -1372 -235 -2944 -125 -2740
-1133 -1542 0 -3091 -199 -2795
-1178 -1849 96 -3448 -262 -2845
-1342 -2142 79 -3853 -205 -2890
-1951 -2632 -72 -4081 -47 -3006
-2138 -2803 -102 -4324 325 -3244
-2375 -2977 -146 -4460 596 -3469
-2433 -2994 -169 -4498 616 -3570
-2704 -3172 -269 -4513 476 -3695
-3125 -3220 -281 -4523 482 -3799
-3315 -3201 -310 -4551 457 -3908
-3423 -3060 -311 -4580 284 -3887
-5248 -637 -1195 -3916 -584 -2641
-4510 174 -1178 -3994 -1311 -2229
-4001 600 -1008 -4089 -1345 -1315
-3602 1048 -682 -4114 -268 -340
-4019 1369 -201 -4069 593 157
-4858 1490 335 -3908 910 650
-5372 1517 744 -3588 -126 927
-5830 1461 1539 -3283 -929 1046
-6021 1451 2094 -2671 -1767 1196
-4423 -2013 -1979 5573 -5263 7119
-3731 -4450 -886 6862 -5037 7556
-3740 -4184 -807 8001 -4537 8201
-4190 -4112 -1030 8273 -4763 8262
-4065 -3986 -1169 7993 -5129 7985
-3750 -3771 -1639 7668 -5110 7681
-3513 -3699 -1858 7062 -4890 7277
-3092 -3280 -2369 6696 -4754 7077
-2598 -3074 -2669 6279 -4378 6987
-1998 -2674 -2955 6039 -3871 7033
-1712 -2278 -2950 5616 -2831 7109
-1616 -2085 -2850 4976 -1685 7033
-1547 -1854 -2491 4083 -753 6764
-1655 -1714 -2234 3404 -448 6430
-1685 -1637 -2208 2467 -482 5683
-1638 -1494 -2259 1990 -700 5057
-1401 -1471 -2446 1512 -1091 4004
-1219 -1494 -2544 1309 -1262 3266
-847 -1610 -2659 1081 -1377 2182
-590 -1804 -2680 953 -1406 1519
-460 -1871 -2600 822 -1410 873
-774 -1896 -2519 653 -1422 -159
-1081 -1774 -2293 512 -1589 -1140
-1021 -1656 -2231 477 -1858 -1612
-1183 -1486 -2193 565 -2198 -2166
-1189 -1300 -2037 666 -2178 -2481
-1467 -1128 -1774 837 -1751 -3010
-2072 -976 -1505 962 -1296 -3456
-2578 -869 -1235 1124 -636 -4237
-3166 -684 -1005 1191 -432 -4797
-3842 -511 -615 1128 -552 -5537
-4208 -442 -339 948 -787 -5901
-4525 -251 -35 506 -1236 -6235
-4705 -34 296 95 -1536 -6363
-4772 157 437 -621 -1897 -6466
-4675 228 484 -1080 -2141 -6441
-4461 153 471 -1677 -2426 -6179
-4091 128 377 -1973 -2471 -5882
-3702 83 248 -2227 -2342 -5279
-2933 65 -54 -2217 -2041 -4575
-2238 174 -323 -2101 -1747 -4120
-1874 256 -391 -1914 -1344 -3558
-1488 372 -342 -1858 -1135 -3285
-1234 409 -315 -1929 -926 -3000
-976 409 -163 -2104 -869 -2870
-856 473 -162 -2511 -878 -2788
-743 479 -335 -2942 -989 -2788
-631 395 -482 -3219 -1080 -2795
-493 236 -674 -3609 -1067 -2795
-371 142 -959 -3799 -910 -2769
-346 77 -1253 -3896 -505 -2712
-351 15 -1532 -3843 -162 -2675
-480 2 -1546 -3739 331 -2654
-705 -83 -1301 -3744 578 -2661
-820 -13 -1101 -3928 805 -2652
-956 182 -925 -4212 924 -2588
-1036 266 -1173 -4321 969 -2502
-1092 322 -1333 -4318 1062 -2330
-1627 279 -1419 -4258 1222 -2283
-2125 192 -1431 -4137 1442 -2432
-2724 141 -1484 -4051 1305 -2630
-3087 140 -1521 -3960 573 -3029
-3272 106 -1667 -3954 -99 -3262
-3551 -53 -1834 -3975 -778 -3525
-4065 -106 -2125 -3895 -522 -3676
-4248 -86 -2333 -3719 -248 -3551
-4588 -343 -2513 -3331 -31 -2920
-6325 -3240 859 -4941 -831 2809
-6606 -3884 1503 -4055 -1288 3232
-7399 -4775 2582 -3379 -1428 3381
-7890 -5416 3229 -2230 -1616 3449
-8528 -6402 3644 -782 -1984 3560
-8651 -7290 3566 379 -2418 3821
-8327 -7587 3442 2223 -3010 4551
-7006 -7410 3091 3394 -3231 5284
-6378 -7111 2855 4848 -3394 6436
-5896 -6900 2230 5582 -3557 7015
-7596 -4186 1667 5634 -4070 7144
-4779 -5749 525 5947 -4524 6967
-4010 -6258 -170 6723 -4741 7309
-4451 -5408 61 7334 -4651 7478
-4419 -5296 -40 7217 -4560 7178
-4282 -4786 -352 6879 -4438 6852
-3959 -4519 -658 6214 -4210 6402
-3461 -4045 -1049 5753 -3960 6206
-3207 -3698 -1320 5154 -3668 6033
-2932 -3360 -1615 4851 -3602 5961
-2857 -3099 -1782 4518 -3587 5798
-2728 -2828 -1842 4201 -3616 5535
-2672 -2632 -1869 3948 -3612 5308
-2430 -2370 -1828 3477 -3554 4952
-2198 -2290 -1755 3105 -3512 4719
-2166 -2182 -1723 2505 -3406 4295
-2011 -2150 -1790 2006 -3332 3871
-1707 -2201 -1908 1777 -3367 3649
-1532 -2083 -1916 1552 -3392 3341
-1493 -2013 -1937 1453 -3271 3082
-1388 -1979 -1881 1306 -2896 2636
-1376 -1960 -1656 1049 -2270 2113
-1521 -1869 -1521 834 -1723 1710
-1779 -1687 -1510 519 -940 970
-2169 -1316 -1634 341 -522 97
-2677 -869 -1568 264 -531 -556
-2968 -580 -1463 116 -969 -1625
-3077 -31 -1401 -133 -1709 -2657
-2955 213 -1401 -395 -2157 -3257
-3064 576 -1329 -945 -2331 -4144
-3228 866 -1472 -1323 -2168 -4704
-3318 935 -1565 -1803 -1863 -5302
-3559 1049 -1484 -2084 -1780 -5545
-3556 1240 -1408 -2457 -1918 -5696
-3473 1423 -1409 -2631 -1998 -5665
-3221 1753 -1656 -2598 -1788 -5470
-2812 1929 -1694 -2415 -1428 -5186
-2169 1938 -1603 -2053 -792 -4550
-1876 1849 -1398 -1800 -430 -4119
-1830 1759 -1177 -1506 19 -3612
-1710 1566 -1111 -1357 190 -3366
-1490 1473 -1041 -1247 183 -2984
-1226 1306 -642 -1323 86 -2713
-1146 1176 -394 -1664 -13 -2334
-1228 907 -197 -1965 -78 -2154
-1166 804 -149 -2412 -173 -1946
-1009 677 -278 -2701 -255 -1767
-812 518 -505 -2765 -270 -1666
-685 421 -597 -2715 -253 -1553
-521 302 -622 -2624 -232 -1522
-434 199 -578 -2603 -178 -1554
-338 83 -373 -2694 13 -1677
-249 -68 -298 -2794 162 -1785
-226 -216 -232 -2948 387 -1954
-206 -379 -291 -3009 535 -2050
-240 -576 -348 -2989 614 -2169
-306 -732 -364 -2916 589 -2247
-342 -842 -351 -2756 490 -2362
-437 -1081 -357 -2645 382 -2441
-642 -1480 -151 -2559 249 -2618
-857 -1704 29 -2696 327 -2895
-1156 -2107 115 -2883 439 -3107
-1523 -2416 123 -3231 702 -3503
-2031 -2776 146 -3474 901 -3792
-2310 -2979 157 -3818 1010 -4130
-2478 -3187 168 -4102 823 -4240
-2597 -3229 88 -4235 510 -4206
-2813 -3315 -59 -4344 -22 -4077
-3082 -3351 -193 -4367 -175 -3985
-3373 -3390 -255 -4330 39 -3956
-3459 -3333 -318 -4266 278 -3944
-3442 -3078 -239 -4208 453 -3839
-3412 -2746 -125 -4217 359 -3680
-3314 -2441 -33 -4313 -115 -3297
-3054 -1987 -63 -4389 -427 -2967
-2879 -1832 -144 -4434 -534 -2460
-2828 -1600 -351 -4398 -330 -2177
-3025 -1344 -806 -4135 261 -1956
-3364 -1163 -999 -3672 667 -2003
-4030 -813 -1021 -3339 395 -2265
-4750 -589 -1029 -3294 -166 -2523
-5082 -283 -1248 -3336 -1081 -2940
-4824 55 -1386 -3397 -1248 -3008
-4489 446 -1428 -3481 -1029 -2536
-4367 1185 -1350 -3493 -647 -1944
-4415 1567 -1081 -3506 -7 -831
-4775 1913 -465 -3678 225 298
-5305 1965 209 -3856 188 916
-5631 1827 561 -4018 -195 1581
-6084 1439 977 -3922 -517 1848
-6476 840 1546 -3438 -955 2093
-6672 398 2026 -2678 -1546 2319
-6497 -351 2830 -2089 -1945 2562
-6185 -756 3406 -1084 -2055 3168
-6170 -1576 3976 -336 -2042 3684
-6491 -2175 4142 1005 -2248 4485
-6872 -2922 3796 2669 -3144 5189
-6681 -3214 3467 3774 -3948 5576
-6194 -3407 3070 5181 -4605 6118
-5527 -3631 2201 6195 -4384 6674
-1306 -3512 -1546 5725 -3906 7080
-3645 -3105 -1586 6411 -4676 7246
-4113 -4399 -1108 7620 -5641 8025
-4443 -4093 -1305 7928 -6046 8072
-4027 -4223 -1847 7903 -6246 7765
-3631 -4060 -2326 7719 -6313 7411
-1623 -1699 -2843 2385 -1215 5019
-1353 -1716 -2960 1961 -1331 4266
-1011 -1598 -2872 1606 -1217 3458
-864 -1524 -2759 1338 -1114 2859
-579 -1602 -2659 1061 -1108 2246
-374 -1696 -2536 660 -1248 1340
-488 -1798 -2520 356 -1489 396
-843 -1899 -2439 232 -1657 -280
-870 -1842 -2314 185 -1818 -1166
-848 -1589 -2172 252 -1856 -1614
