0 0 0 -2764 -1744 1903
-6116 1643 3448 -1516 -2239 2525
-5666 1369 3551 -22 -2689 3369
-5194 971 3617 1446 -2979 4339
-4821 529 3349 2318 -3329 4994
-4472 237 3079 3400 -4004 5985
-3936 -444 2272 3977 -4334 6570
-3573 -814 1772 4726 -4013 7287
-3254 -1254 1022 5224 -3405 7782
-1200 -13 -2460 4136 -4701 7451
-2306 -2176 -869 5037 -4735 7782
-2446 -2121 -900 5892 -4122 8018
-2582 -2055 -893 5999 -3252 7726
-2527 -2024 -943 5583 -3352 7376
-2439 -1862 -1183 5231 -3896 7136
-2058 -1846 -1619 4788 -4877 6884
-1936 -1673 -1946 4473 -5325 6586
-1633 -1280 -2261 4160 -4825 6130
-1250 -930 -2424 3928 -3988 5850
-1074 -762 -2510 3554 -2499 5553
-1182 -480 -2647 3306 -1617 5381
-1593 -352 -2631 2912 -601 4952
-2163 -237 -2589 2641 -260 4515
-2443 -287 -2504 2214 -174 3674
-2379 -472 -2497 1828 -491 2779
-1993 -855 -2505 1612 -838 2216
-1651 -1073 -2521 1325 -1347 1446
-1239 -1258 -2462 1125 -1566 985
-640 -1424 -2314 796 -1681 387
-313 -1465 -2202 560 -1730 35
-218 -1364 -2063 328 -1760 -355
-248 -1238 -1979 10 -1654 -1133
-274 -1220 -1806 -208 -1513 -1729
-603 -1292 -1770 -454 -1125 -2770
-1247 -1234 -1802 -508 -746 -3575
-1914 -1269 -1937 -359 -301 -4944
-3049 -1141 -1945 -159 -151 -5949
-3400 -988 -1727 4 -392 -7338
-3520 -589 -1166 -264 -1106 -8271
-3260 -385 -841 -655 -1665 -8523
-2795 -382 -862 -1376 -2410 -8234
-2123 -329 -932 -2023 -2575 -7364
-1941 -435 -1040 -2301 -2183 -6713
-1749 -505 -1057 -2490 -1082 -5753
-1995 -710 -1050 -2504 -272 -5204
-2044 -695 -962 -2450 723 -4523
-1955 -562 -906 -2398 1053 -4106
-1858 -422 -838 -2386 1066 -3541
-1647 -269 -724 -2446 901 -3228
-1499 -186 -650 -2652 635 -2896
-1202 -19 -730 -2804 529 -2764
-900 68 -803 -2994 565 -2655
-710 97 -916 -3051 941 -2624
-643 125 -1096 -2984 1274 -2643
-690 194 -1155 -2778 1628 -2747
-709 260 -1116 -2572 1605 -2855
-1042 216 -1001 -2506 1518 -2970
-1305 177 -900 -2523 1552 -3240
-1482 234 -777 -2610 1555 -3396
-1621 214 -782 -2789 1343 -3475
-1626 179 -694 -2933 1167 -3389
-1740 149 -758 -3114 971 -3116
-2454 -97 -1049 -3116 886 -2949
-2862 -120 -1576 -2952 943 -2870
-3668 -283 -1783 -2576 1012 -2918
-4677 -569 -1757 -2379 907 -3010
-5292 -892 -1656 -2315 368 -2971
-5653 -1115 -1561 -2394 -9 -2752
-5638 -1166 -1988 -2428 -343 -2003
-5544 -1323 -2280 -2353 -114 -890
-5804 -1329 -2218 -2415 105 186
-6129 -1236 -1988 -2599 191 740
-6099 -1063 -1476 -3092 94 1443
-6051 -1092 -1183 -3440 -162 1833
-6895 -5381 2409 1191 -2689 3283
-6001 -5446 2293 2503 -2968 4375
-5195 -5262 2122 3225 -2673 5239
-5130 -5012 2043 3894 -1927 6315
-5185 -4759 1763 4064 -1687 6784
-5056 -4490 1467 1992 -1202 6388
-3971 -4450 -311 3006 -2812 6861
-3236 -4101 -589 3770 -2915 7405
-3459 -3879 -601 4600 -2931 7859
-3633 -3681 -361 4766 -2773 7861
-3595 -3416 -518 4591 -2905 7633
-3546 -3264 -576 4113 -3180 7241
-3488 -3073 -839 3714 -3419 6957
-3578 -2986 -1123 3166 -4000 6444
-3618 -2875 -1524 2885 -4442 6024
-3444 -2776 -1865 2645 -5028 5388
-3046 -2733 -2206 2556 -5219 5014
-2706 -2724 -2343 2431 -5022 4595
-2360 -2773 -2531 2349 -4735 4417
-1965 -2950 -2722 2217 -4079 4264
-1669 -3214 -2828 2102 -3539 4220
-1599 -3339 -2905 1882 -2879 4118
-1490 -3399 -2867 1682 -2511 3947
-1406 -3366 -2795 1314 -2041 3517
-1589 -3294 -2702 1039 -1819 3062
-1834 -3150 -2607 598 -1673 2101
-2066 -2552 -2531 318 -1656 1303
-2409 -2162 -2531 27 -1639 -101
-2682 -1445 -2756 -54 -1757 -1517
-2733 -984 -2812 -60 -1849 -2364
-2789 -182 -2644 -148 -1987 -3439
-2815 520 -2531 -257 -2012 -3998
-2814 833 -2364 -494 -1723 -4591
-2866 1143 -2184 -778 -1536 -4881
-3065 1440 -1954 -990 -1653 -5014
-2981 1702 -1762 -1381 -1957 -5137
-2797 2075 -1924 -1583 -2148 -5171
-2539 2233 -1906 -1751 -2225 -5131
-1860 2106 -1694 -1830 -2050 -4970
-1425 1857 -1521 -1870 -1539 -4537
-987 1523 -1153 -1852 -991 -4014
-736 1355 -914 -1841 -794 -3671
-657 1039 -723 -1805 -742 -3282
-696 691 -878 -1667 -693 -3134
-712 528 -907 -1559 -625 -3146
-828 -933 -656 -3664 191 -3734
-1184 -1266 -813 -3395 826 -4039
-3533 -2993 -455 -4679 671 -4339
-3666 -2996 -529 -4565 918 -3882
-3991 -2832 -602 -4414 834 -3356
-4296 -2582 -644 -4359 549 -3015
-4480 -2278 -607 -4392 100 -2612
-4637 -1813 -690 -4527 -241 -2347
-4684 -1152 -997 -4615 -114 -2180
-5051 -574 -1075 -4629 175 -2129
-5577 -149 -967 -4699 352 -2148
-5893 388 -673 -4870 -152 -1907
-5869 971 -299 -4999 -541 -1504
-5775 1330 6 -5070 -725 -681
-5666 1833 732 -5015 -578 -20
-5932 1953 1321 -4788 -601 941
-6776 1924 2267 -4295 -1227 1594
-7286 1575 3217 -3752 -1748 1884
-7254 1196 3955 -2617 -2170 2387
-7137 848 4342 -1583 -2419 2873
-6775 238 4562 394 -2742 3817
-6812 -502 4602 1807 -3043 4486
-6729 -847 4409 3734 -3833 5365
-6240 -1395 3999 4740 -4496 5891
-5533 -2060 3089 5799 -5536 6632
-5041 -2538 2213 6542 -6342 7254
-2966 -2042 -631 509 -8274 6792
-3954 -3244 -449 6127 -6906 6877
-3413 -3806 -1942 7890 -6367 7146
-3907 -3453 -1925 8478 -5916 7056
-3649 -3312 -1912 8708 -5684 6807
-3519 -2961 -1901 8272 -5573 6473
-2996 -2689 -2019 7757 -5494 6326
-2696 -2362 -2127 6818 -5201 6222
-2412 -2131 -2742 6289 -4799 6179
-2142 -1979 -3043 5734 -3603 6192
-2046 -1736 -3270 5239 -2010 6172
-2082 -1698 -2958 4777 -1096 6102
-2109 -1726 -2775 3906 -157 5851
-2373 -1798 -2542 3019 419 5290
-2277 -1802 -2482 2498 596 4813
-2022 -1780 -2530 1894 534 4107
-1691 -1760 -2491 1400 322 3337
-1369 -1829 -2486 1104 141 2750
-1068 -1930 -2473 675 -101 1823
-678 -1965 -2448 287 -298 860
-463 -1857 -2320 53 -468 185
-355 -1717 -2212 -242 -791 -882
-154 -1412 -2114 -387 -1084 -1933
-227 -1300 -2030 -396 -1154 -2639
-211 -1192 -1884 -360 -1052 -3684
-320 -1032 -1649 -329 -869 -4355
-598 -1011 -1593 -239 -477 -5353
-1141 -1015 -1461 -136 -74 -6295
-2088 -1272 -1392 -75 147 -6905
-2831 -1355 -1260 -38 461 -7805
-3646 -1489 -994 -84 608 -8277
-3726 -1556 -831 -259 621 -8514
-3319 -1469 -697 -439 388 -8244
-3147 -1367 -592 -786 -126 -7423
-2904 -1226 -444 -1203 -295 -6469
-3051 -1362 -435 -1467 -76 -5940
-3149 -1379 -464 -1748 568 -5386
-3075 -1233 -560 -1837 894 -5113
-2824 -997 -689 -1838 958 -4762
-2563 -854 -672 -1784 710 -4433
-2152 -656 -587 -1796 507 -4232
-1918 -512 -546 -1926 212 -3993
-1560 -326 -436 -2117 76 -3885
-1227 -215 -543 -2491 -22 -3769
-1025 -126 -620 -2856 -15 -3674
-745 -65 -924 -3048 6 -3598
-781 0 -1124 -3205 -13 -3564
-841 154 -1453 -3261 -2 -3685
-892 359 -1792 -3237 177 -3810
-1092 485 -1763 -3264 623 -4018
-1850 538 -1841 -3369 719 -4191
-2441 648 -1876 -3601 483 -4459
-2908 832 -1970 -3850 -1 -4443
-2924 819 -2032 -3976 -284 -4143
-3027 726 -2287 -4025 -344 -3661
-3859 542 -2555 -3950 -83 -2896
-4769 477 -2513 -3908 -19 -2407
-5975 551 -2407 -4034 -438 -2173
-6659 559 -2555 -4107 -815 -1958
-7069 368 -2271 -4209 -987 -1330
-7064 81 -1949 -4312 -553 -158
-7136 -172 -1290 -4385 -187 852
-7277 -536 -809 -4522 -218 2406
-7713 -1399 303 -4706 -559 3236
-8243 -2172 913 -4933 -874 3866
-8823 -3256 1618 -4712 -1072 3871
-9272 -4289 2011 -4175 -1469 3722
-9142 -5206 2255 -2843 -2338 3675
-8773 -6715 2568 -1745 -2903 3877
-8888 -7624 2779 -30 -3229 4351
-8779 -8529 2821 1699 -3095 5033
-7842 -8668 2572 2802 -3078 5721
-7352 -8464 2509 4124 -3343 6863
-7197 -8185 2317 4889 -3790 7545
-7043 -8075 2021 5160 -4151 7729
-6358 -3807 1972 4009 -6464 6141
-5173 -7534 164 4366 -5219 7284
-4263 -6825 -445 5263 -4149 7946
-4155 -6086 -860 5646 -3710 8131
-4219 -5671 -871 5717 -3033 7984
-4068 -5037 -1224 5382 -3086 7478
-3657 -4586 -1524 5020 -3383 7055
-3378 -4279 -1709 4325 -3767 6407
-2854 -3923 -2146 3671 -3958 5836
-2425 -3757 -2488 3352 -4087 5578
-1705 -3448 -3025 3079 -4289 5345
-1333 -3212 -3240 2949 -4207 5203
-960 -2914 -3295 2772 -3826 5017
-798 -2774 -3213 2323 -3042 4663
-668 -2591 -3030 1898 -2625 4375
-610 -2510 -2932 1184 -2354 3894
-707 -2539 -2848 732 -2374 3523
-875 -2569 -2821 216 -2467 2878
-952 -2478 -2786 22 -2494 2418
-899 -2475 -2740 -80 -2501 1812
-803 -2322 -2605 -66 -2452 1462
-827 -2152 -2403 -39 -2223 915
-1072 -1793 -2174 -15 -1673 237
-1371 -1269 -2048 32 -1206 -269
-1702 -969 -1957 176 -469 -1121
-2629 -418 -1839 400 23 -2114
-3481 -3 -1717 542 -20 -2804
-3824 345 -1628 642 -479 -3763
-4194 875 -1314 562 -762 -4341
-4108 1255 -874 137 -1121 -4993
-4071 1461 -623 -615 -1735 -5361
-3998 1808 -465 -1158 -2123 -5514
-3861 1946 -822 -1651 -2368 -5579
-3373 2073 -1517 -1632 -2341 -5491
-2956 2058 -1841 -1228 -2153 -5158
-2248 1900 -2021 -868 -1962 -4823
-1837 1734 -1645 -578 -1521 -4269
-1309 1524 -969 -774 -1067 -3794
-985 1440 -494 -1111 -885 -3575
-814 1363 -386 -1726 -935 -3383
-606 1037 -326 -2131 -1111 -3316
-522 744 -326 -2635 -1194 -3245
-527 321 -479 -2878 -941 -3224
-600 101 -622 -2869 -681 -3252
-737 -164 -874 -2609 -197 -3380
-772 -288 -828 -2379 173 -3501
-741 -341 -774 -2073 493 -3658
-689 -362 -634 -1962 538 -3722
-578 -450 -402 -1995 426 -3761
-621 -581 -228 -2230 256 -3825
-790 -747 -143 -2465 230 -3935
-834 -970 -252 -2787 277 -4109
-908 -1333 -334 -2939 386 -4194
-1156 -1658 -438 -3059 613 -4319
-1467 -2181 -442 -3151 688 -4407
-1819 -2347 -391 -3227 707 -4462
-1909 -2418 -328 -3410 646 -4516
-2266 -2668 -256 -3603 555 -4545
-2513 -2805 -273 -3975 481 -4563
-2952 -2826 -432 -4351 527 -4532
-3204 -2817 -733 -4524 515 -4445
-3636 -2701 -1134 -4691 506 -4233
-4033 -2406 -1447 -4769 626 -4038
-4265 -2177 -1210 -5085 765 -3540
-4712 -1849 -853 -5842 657 -2915
-5166 -1278 -523 -6820 -2 -2215
-5271 -664 -186 -7397 -228 -1693
-5496 -386 -88 -7778 110 -931
-6327 184 467 -7651 283 -500
-7272 537 1026 -7057 -359 -79
-8356 1219 2666 -6390 -1623 173
-8506 1532 4401 -5748 -2269 649
-8026 1462 5407 -5072 -2516 1327
-7452 1152 5342 -3177 -3237 2932
-6928 769 5179 -1362 -3876 4092
-6580 690 4942 1680 -4359 5328
-6264 1004 4872 4184 -4771 5858
-5610 768 3978 5335 -5483 6032
-4922 422 3097 6450 -5866 6236
-4055 -1755 2369 6611 -5894 6349
-2970 -516 -266 6375 -5908 6205
-1956 -1194 -1939 7704 -4854 7049
-2061 -1447 -1796 8080 -4331 7449
-2072 -1561 -1771 7894 -3966 7592
-2210 -1783 -1958 7482 -4000 7439
-2113 -1807 -2105 6797 -4432 6960
-1900 -1697 -2350 6259 -4907 6367
-1537 -1331 -2680 6048 -5159 5968
-1287 -1157 -2806 5780 -5111 5352
-997 -1025 -2832 5375 -4134 4776
-767 -779 -2597 5026 -3111 4399
-735 -1173 -3283 4560 -1727 4044
-1507 -750 -2919 3864 -1051 3792
-1751 -1021 -2552 3337 -659 3555
-1966 -956 -2351 2526 9 3030
-1951 -1032 -2385 1924 229 2419
-1824 -1043 -2636 1735 295 2005
-1784 -1126 -2731 -671 -617 -3416
-1491 -756 -964 -993 -583 -3808
-1831 -783 -856 -1431 -339 -4377
-2673 -993 -889 -1732 79 -4962
-3492 -1305 -900 -1844 440 -5334
-3757 -1309 -894 -1872 807 -5737
-3703 -1070 -875 -1811 678 -5847
-3418 -962 -777 -1727 149 -5748
-2811 -838 -567 -1749 -124 -5539
-2393 -747 -472 -1899 -129 -5198
-1761 -637 -887 -2391 308 -6253
-1160 -388 -675 -2580 -129 -5825
-787 -250 -635 -2955 -301 -4988
-628 -98 -630 -3195 -19 -4446
-701 -82 -684 -3470 483 -3820
-1329 -129 -995 -3499 884 -3605
-1993 -69 -1173 -3388 1037 -3691
-2550 530 -1279 -2729 283 -4139
-3196 403 -1345 -2660 -108 -4192
-4520 4 -1389 -2702 -37 -4271
-5047 -269 -1613 -2694 301 -4028
-5477 -532 -1996 -2584 349 -3442
-5659 -559 -2226 -2372 -100 -2022
-6140 -1063 -2330 -2346 -558 -914
-6726 -1552 -2197 -2639 -599 444
-7300 -1610 -2097 -3188 -96 1235
-7778 -1121 -2105 -3513 76 1481
-7802 -826 -2060 -3713 -400 1711
-7522 -759 -1657 -3721 -1069 1939
-7290 -950 -1202 -3693 -1894 2381
-6569 -1435 -234 -3782 -2168 3104
-6012 -2183 622 -3864 -2067 3727
-6036 -2721 1115 -3838 -1799 4470
-6669 -3870 1684 -3598 -1671 4616
-7555 -4886 1891 -2685 -1686 4131
-8389 -6280 2292 -1136 -2116 3257
-8290 -7185 2748 63 -2701 2903
-7511 -7559 2782 1899 -3467 3207
-5981 -7752 2518 3073 -3544 4040
-5413 -7678 2254 4535 -3340 5724
-5349 -7305 2089 5362 -3041 7001
-5579 -6980 1831 5545 -3099 7475
-673 -6385 2857 3340 -1828 6918
-4530 -6767 400 4388 -4412 7584
-4085 -6119 184 4940 -3992 8368
-3690 -5933 -879 5261 -3942 8641
-3793 -5544 -763 5178 -2573 8534
-4009 -5090 -1071 4613 -1845 7973
-4019 -4810 -1227 4116 -1984 7533
-3659 -4353 -1615 3413 -3054 6931
-3112 -4072 -1961 3032 -3980 6598
-2698 -3921 -2311 2682 -5014 6159
-1960 -3804 -2753 2576 -5317 5895
-1696 -3703 -3014 2516 -4986 5455
-1327 -3655 -3210 2471 -4396 5122
-1136 -3652 -3281 2281 -3435 4645
-882 -3651 -3359 2084 -3016 4351
-717 -3644 -3439 1528 -2850 3628
-283 -3717 -3440 1163 -2868 3119
-72 -3573 -3403 930 -2788 2720
175 -3280 -3441 711 -2455 2027
-94 -2820 -3423 667 -2062 1445
-492 -2521 -3244 683 -1256 338
-1015 -1942 -2962 738 -893 -446
-1589 -1552 -2782 853 -899 -1623
-2426 -1071 -2423 876 -1236 -2854
-3572 -433 -1793 671 -1483 -3755
-4145 25 -1424 37 -1870 -5159
-4604 801 -1028 -540 -2114 -5967
-4777 1095 -871 -1431 -2481 -6786
-4965 1310 -1095 -1891 -2618 -7037
-4960 1557 -1334 -2136 -2395 -7058
-4702 1872 -1583 -2007 -2013 -6879
-4218 2015 -1625 -1534 -1435 -6208
-3118 1766 -1289 -1217 -1250 -5414
-2475 1447 -870 -963 -1196 -4006
-2197 1401 -718 -943 -1061 -2889
-1786 1244 -443 -1063 -948 -2405
-1540 1190 -418 -1407 -883 -2023
-1059 1197 -365 -1695 -925 -1957
-719 1149 -325 -2193 -1017 -2008
-304 944 -335 -2524 -1045 -2107
-166 724 -468 -2915 -981 -2331
-157 376 -712 -3041 -846 -2547
-133 210 -765 -3106 -546 -2950
-259 -51 -739 -3111 -169 -3427
-423 -266 -676 -3110 60 -3769
-567 -483 -656 -3102 263 -4269
-684 -659 -710 -3063 309 -4670
-1170 -1057 -742 -3017 358 -4919
-1453 -1217 -753 -2966 488 -5311
-1921 -1441 -607 -2976 602 -5548
-2052 -1584 -500 -3081 693 -5697
-1720 -2023 -252 -3276 522 -5483
-1701 -2218 -227 -3731 51 -4810
-2216 -2354 -214 -4264 -160 -4222
-2693 -2641 -250 -4620 -10 -3968
-2783 -2775 -419 -4976 546 -3658
-3276 -2735 -709 -5027 1021 -3517
-3677 -2683 -986 -4827 1497 -3385
-4398 -2367 -1222 -4620 1468 -3285
-4795 -2041 -1181 -4517 871 -3101
-4883 -1560 -1084 -4805 632 -2780
-4911 -1077 -738 -5204 966 -2504
-5127 -654 -513 -5962 1302 -1987
-5793 -7 -209 -6445 1123 -1629
-6389 354 11 -6904 531 -1167
-6965 828 176 -6826 -179 -752
-7329 1143 741 -6514 -603 -494
-7118 1524 1288 -5871 -1004 -35
-6301 2090 2330 -5376 -1307 466
-5843 2335 3145 -4554 -1517 1403
-6061 2358 4406 -3887 -1601 2011
-6455 1939 5235 -2550 -1983 2785
-7004 1274 5912 -484 -3246 3405
-6541 695 5600 1393 -4329 3778
-5967 292 5125 4422 -5502 4309
-4734 -355 3891 6203 -5702 4710
-4240 -696 3179 7939 -5227 5492
-2777 -1038 2608 7532 -6053 5563
-2453 -2058 -1042 8417 -5319 6279
-3386 -2116 -943 9099 -4948 7210
-3297 -2318 -1311 8932 -5570 7578
-3079 -2179 -1418 8416 -5206 7537
-2801 -2276 -1771 7427 -4622 7365
-2407 -1925 -1987 6767 -4426 7219
-2135 -1624 -2296 5959 -4337 6907
-1787 -1320 -2558 5391 -4052 6447
-1314 -914 -2747 5094 -3630 6118
-1047 -716 -2912 4765 -2774 5680
-1069 -520 -3127 4603 -2079 5386
-1245 -436 -2909 4199 -1033 4901
-1793 -547 -2532 3514 -230 4305
-2234 -594 -2024 2934 63 3840
-2280 -540 -1902 2033 89 3108
-1983 -529 -1908 1530 -11 2704
-1689 -642 -2082 1037 28 2244
-2046 -976 -2317 887 307 1860
-2274 -1176 -2363 827 918 1026
-2197 -1532 -2315 834 1068 473
-1986 -1657 -2228 827 650 -247
-1508 -1596 -1927 764 130 -635
-1320 -1588 -1798 587 -574 -1157
-1328 -1467 -1498 288 -813 -1816
-1185 -1267 -1355 29 -829 -2276
-1235 -1187 -1264 -343 -730 -2998
-1280 -1025 -1106 -577 -604 -3491
-1583 -1014 -1105 -849 -372 -4319
-2079 -1111 -1177 -964 -172 -5221
-2408 -1152 -1111 -1001 -92 -5776
-2571 -1135 -998 -1106 -69 -6484
-2791 -1157 -805 -1317 -25 -6987
-2586 -1025 -719 -1473 34 -7134
-2141 -904 -636 -1719 47 -6925
-1658 -856 -678 -1875 -11 -6541
-1670 -806 -710 -2053 168 -5945
-2293 -954 -955 -2081 567 -5686
-2583 -860 -1067 -1965 1384 -5531
-2561 -702 -1155 -1830 1632 -5425
-2313 -445 -911 -1753 1494 -5190
-2059 -325 -748 -1923 1079 -4858
-1583 -206 -565 -2166 736 -4582
-1334 -137 -468 -2658 330 -4158
-1058 -63 -569 -3133 99 -3823
-1201 -153 -809 -3355 124 -3721
-1489 -159 -905 -3526 389 -3841
-1715 -183 -1030 -3522 513 -4068
-1637 -115 -986 -3466 499 -4139
-1431 16 -951 -3358 393 -3988
-1370 174 -946 -3308 320 -3776
-1820 32 -1052 -3219 565 -3571
-2340 -4 -937 -3193 1196 -3479
-3008 -51 -1036 -3178 1336 -3411
-3289 -14 -974 -3156 968 -3211
-3941 39 -1087 -3135 441 -3054
-4498 -81 -1268 -3013 -202 -2924
-4970 -314 -1494 -2793 -164 -2763
-5566 -684 -1464 -2659 124 -2568
-5615 -764 -1399 -2557 544 -1893
-5822 -706 -1309 -2621 309 -783
-5945 -835 -1336 -2762 -160 91
-6086 -797 -1337 -3096 -637 1195
-6182 -716 -1342 -3331 -417 1636
-6152 -651 -1331 -3593 317 1992
-6319 -792 -913 -3840 341 2228
-6403 -1237 -382 -4004 -247 2416
-6402 -1601 6 -4156 -1388 2705
-6048 -2217 448 -4009 -1944 3048
-5825 -2687 1016 -3723 -1890 3257
-5948 -3133 1464 -3064 -1648 3481
-6387 -3724 1967 -2434 -1722 3542
-6789 -4221 2313 -1249 -2278 3505
-7109 -4992 2620 -351 -2739 3472
-6955 -5360 2687 1116 -2990 3612
-6310 -5723 2576 2118 -2940 3963
-5875 -5733 2497 3500 -2609 4827
-5508 -5566 2335 4243 -2401 5444
-5560 -5410 2201 4998 -2403 6132
-5642 -5337 1819 4996 -3160 6002
-2694 -3526 -2316 3707 -4401 5868
-2458 -3408 -2457 3496 -3958 5846
-2197 -3333 -2584 3129 -3310 5792
-2011 -3315 -2711 2853 -3046 5692
-1893 -3359 -2779 2417 -2798 5382
-1483 -3324 -2710 1904 -2570 4941
-1006 -3383 -2782 1550 -2470 4611
-647 -3402 -2832 1097 -2264 4073
-518 -3402 -2932 856 -2072 3633
-4119 1006 -1230 -1579 -1927 -6088
-4336 1247 -1233 -1939 -2002 -6126
-4227 1627 -1616 -2029 -2490 -5924
-3818 2011 -2403 -1506 -2727 -5528
-3413 2162 -2552 -1014 -2364 -5171
-2495 2027 -2120 -486 -1418 -4387
-1860 1718 -1278 -442 -978 -3758
-1706 1640 -719 -840 -817 -2974
-1540 1536 -257 -1307 -992 -2641
-1348 1377 -390 -1956 -1478 -2370
-941 1138 -534 -2410 -1817 -2261
-742 730 -602 -2610 -1742 -2271
-587 499 -609 -2765 -1236 -2354
-461 188 -848 -2753 -828 -2434
-435 40 -888 -2599 -325 -2601
-400 -11 -767 -2499 -60 -2754
-360 -92 -637 -2452 207 -3013
-332 -237 -438 -2558 401 -3279
-341 -380 -273 -2698 514 -3452
-402 -496 -208 -2971 601 -3685
-577 -754 -198 -3243 613 -3885
-841 -1002 -274 -3377 642 -4021
-1201 -1169 -354 -3467 813 -4303
-1708 -1495 -459 -3448 973 -4522
-1882 -1704 -449 -3368 1084 -4781
-1983 -1790 -370 -3297 981 -4876
-2284 -1920 -252 -3282 880 -4869
-2296 -2117 -133 -3431 818 -4614
-2524 -2488 -40 -3637 825 -4320
-2772 -2489 8 -4037 1037 -3843
-3315 -2571 -148 -4289 1228 -3562
-3545 -2629 -298 -4562 1430 -3156
-3837 -2746 -636 -4638 1416 -2735
-4162 -2833 -997 -4565 1449 -2525
-4207 -2867 -1127 -4334 1687 -2274
-4314 -2794 -1078 -4222 1855 -2154
-4383 -2722 -873 -4310 1919 -2022
-4545 -2540 -668 -4653 1900 -1996
-5131 -2126 -540 -4915 1956 -2126
-5769 -1680 -510 -5196 1705 -2591
-6270 -921 -437 -5263 783 -3077
-6067 -28 -90 -5234 186 -3179
-5732 564 209 -5031 -144 -2919
-5654 1576 942 -4787 -114 -2503
-6012 2444 1861 -4303 -436 -1656
-6330 2921 2619 -3805 -974 -616
-6668 3277 3677 -3466 -1308 153
-6921 3235 4132 -2765 -1852 1405
-6878 3220 4471 -1627 -2902 2787
-6461 2826 4404 -634 -3832 3709
-5888 2533 4007 1226 -5055 4881
-4835 1889 3222 3235 -5630 5771
-3778 1146 2211 4398 -5696 6271
-3232 650 1583 5662 -5767 6989
2955 1900 -1209 5251 -6564 5552
-2567 -532 -162 5431 -6840 7618
-2218 -1165 -316 5661 -7568 8183
-2248 -1451 -1130 5764 -7044 8263
-2165 -1624 -1663 5912 -6120 8100
-2342 -1505 -1621 5822 -5505 7586
-2549 -1418 -1879 5689 -5367 7032
-2366 -1240 -1828 5342 -5186 6088
-1911 -824 -1623 4965 -4954 5538
-1558 -584 -1733 4369 -4749 4950
-1233 -168 -2019 3938 -4502 4546
-1071 111 -2180 3659 -3695 4186
-1359 439 -2353 3568 -2900 3893
-1871 502 -2274 3448 -1736 3270
-2430 484 -2269 3355 -1112 2776
-2580 463 -2173 3132 -560 2095
-2676 341 -2030 2772 -315 1503
-2579 206 -1868 2452 -170 1168
-2284 -148 -1788 2107 -19 879
-2109 -286 -1800 1637 161 446
-1685 -497 -1827 1386 242 166
-1370 -655 -1825 1076 234 -198
-1114 -856 -1805 905 159 -445
-1236 -950 -1741 662 105 -958
-1105 -1053 -1660 506 141 -1365
-936 -1158 -1573 242 237 -1981
-1142 -1295 -1443 47 386 -2455
-1389 -1390 -1350 -236 740 -3347
-2076 -1509 -1250 -451 1025 -4437
-2735 -1520 -1232 -518 1112 -5285
-3294 -1316 -1098 -573 910 -6498
-3590 -1129 -901 -654 508 -7158
-3381 -820 -729 -931 -353 -7807
-2966 -695 -622 -1397 -1069 -7847
-2540 -616 -716 -1699 -1120 -7617
-2080 -512 -819 -1945 -498 -6948
-1485 -494 -913 -1955 434 -5967
-1195 -471 -990 -1877 946 -5263
-1413 -509 -984 -1739 1503 -4441
-1759 -491 -881 -1704 1922 -4056
-2212 -451 -856 -1740 2022 -4022
-2244 -364 -793 -1897 1821 -4109
-2008 -262 -806 -2147 1222 -4149
-1698 -118 -806 -2326 799 -4138
-1438 -62 -842 -2582 430 -4069
-1100 -11 -937 -2715 376 -3983
-946 50 -991 -2837 495 -3795
-828 96 -917 -2947 634 -3546
-825 172 -813 -3060 621 -3352
-996 194 -726 -3267 428 -3104
-1270 168 -951 -3366 326 -3000
-1608 184 -1028 -3369 561 -3020
-2098 292 -1047 -3298 836 -3110
-2450 320 -1171 -3093 836 -3170
-2727 349 -1171 -2808 651 -3082
-3506 155 -1203 -2625 535 -2972
-4125 -102 -1236 -2377 467 -2791
-4674 -485 -1404 -2136 579 -2364
-5298 -1042 -1507 -1992 748 -1961
-5484 -1342 -1604 -1865 899 -1065
-5844 -1464 -1854 -1858 566 -340
-6261 -1365 -1535 -2221 14 535
-6687 -1079 -1208 -2673 -180 873
-6669 -842 -1150 -3382 -245 1205
-6575 -985 -1186 -3843 -616 1605
-6517 -1033 -1009 -3974 -868 1910
-6394 -1162 -682 -3947 -1256 2402
-6319 -1433 -179 -3719 -1695 2850
-6168 -1975 417 -3478 -1861 3104
-6343 -2773 1133 -3028 -1636 3325
-6535 -3337 1566 -2409 -1585 3450
-7040 -4218 2161 -1865 -1827 3473
-7159 -4800 2333 -756 -2506 3512
-6692 -5478 2275 195 -2859 3668
-6096 -5841 2032 1865 -2930 4298
-5419 -5924 1601 3544 -2705 5178
-5082 -5648 1408 4768 -2685 5968
-4962 -5250 1286 5217 -2767 6335
-5828 -6014 2496 2277 -3823 5889
-4441 -4986 568 3996 -3404 6272
-3817 -4803 -213 4374 -2951 7032
-4191 -4580 -265 4341 -2498 7642
-4382 -4551 -698 4200 -2388 7842
-4687 -4291 -937 3943 -2506 7632
-4683 -4162 -1366 3803 -2749 7238
-4284 -3911 -1541 3541 -3085 6559
-3948 -3746 -1648 3175 -3353 5968
-3236 -3635 -1792 2887 -3564 5708
-2744 -3546 -2006 2472 -3846 5518
-2327 -3463 -2316 2286 -4004 5444
-1846 -3447 -2706 2111 -3904 5269
-1586 -3470 -2888 2016 -3585 5072
-1376 -3691 -3137 1867 -3051 4643
-1196 -3753 -3276 1670 -2688 4052
-1119 -3714 -3326 1515 -2621 3563
-1149 -3658 -3320 1329 -2664 3004
-1163 -3527 -3267 1042 -2731 2098
-1080 -3130 -3286 813 -2647 1121
-1245 -2687 -3344 727 -2462 363
-1509 -1958 -3252 629 -1993 -890
-1811 -1490 -3020 526 -1630 -1776
-2299 -742 -2708 294 -1423 -3007
-2752 -53 -2175 23 -1521 -3690
-3067 336 -2008 -470 -1912 -4523
-3242 964 -2055 -882 -2353 -5123
-3529 1384 -1950 -1073 -2379 -5435
-3432 1478 -1764 -1303 -2078 -5706
-2870 1641 -1652 -1352 -1869 -5530
-2550 1765 -1748 -1213 -1804 -5207
-2041 1859 -1624 -884 -1736 -4545
-1793 1788 -1642 -600 -1574 -4065
-1447 1681 -1740 -114 -1128 -3443
-1280 1602 -1463 63 -815 -3159
-1353 1474 -895 -19 -506 -3020
-1306 1349 -665 -227 -533 -3061
-1217 1155 -737 -604 -932 -3184
-924 933 -870 -976 -1497 -3216
-744 696 -777 -1243 -1774 -3206
-588 607 -723 -1666 -1800 -3179
-360 478 -594 -1951 -1631 -3135
-163 326 -516 -2377 -1289 -3025
-94 225 -493 -2736 -911 -2886
-12 34 -491 -2930 -667 -2801
-10 -106 -501 -3146 -303 -2709
-40 -430 -621 -3263 97 -2706
-402 -769 -623 -3305 460 -2812
-868 -1019 -688 -3278 1114 -3221
-1511 -1453 -836 -3185 1438 -3617
-1862 -1656 -766 -3015 1527 -4249
-2205 -1934 -653 -2982 1054 -4749
-2608 -2256 -331 -3129 575 -5005
-2820 -2196 -230 -3588 33 -5296
-2910 -2476 -243 -3988 -154 -5343
-3070 -2652 -303 -4607 -106 -5171
-3333 -2836 -592 -4936 34 -4924
-3559 -2918 -788 -5195 347 -4418
-3871 -2921 -1017 -5232 648 -3998
-4296 -2749 -1128 -5135 1137 -3090
-4691 -2305 -965 -5149 1110 -2688
-4690 -1835 -821 -5394 977 -2143
-4567 -1145 -578 -5667 1018 -1777
-4634 -579 -355 -6125 1387 -1327
-5294 299 103 -6377 1665 -1104
-6989 1074 647 -6605 1456 -1076
-7766 1389 879 -6504 5 -1132
-7912 1669 1377 -6222 -901 -949
-7361 1985 1936 -5520 -1294 -119
-6460 2310 3112 -4910 -1112 785
-6384 2363 3995 -3852 -1079 2324
-7019 2187 5309 -3098 -1597 3205
-7220 1884 5642 -1701 -3105 4176
-7003 1168 5322 263 -4778 4824
-6001 546 4052 1893 -5672 5122
-5283 103 3219 4369 -6139 5453
-4307 -439 2013 6282 -6213 5811
-1353 -835 -2562 5180 -5109 4842
-1137 -680 -2747 4828 -3959 4712
-900 -487 -3091 4726 -2476 4802
-1124 -355 -2934 4636 -1514 4882
-1521 -298 -2612 4281 -353 4826
-1990 -315 -2125 3858 94 4638
-2146 -340 -1943 3097 362 4204
-2237 -377 -1811 2611 428 3827
-2165 -407 -1828 2042 493 3197
-1864 -470 -1874 1776 533 2764
-1667 -533 -1869 1457 590 2130
-1311 -760 -1820 1241 512 1742
-1263 -998 -1797 881 294 1156
-1730 -1274 -1834 668 195 621
-1907 -1329 -1874 488 50 -348
-1826 -1260 -1884 466 -160 -973
-1558 -1108 -1846 515 -764 -1728
-1359 -954 -1673 520 -1215 -2139
-1405 -895 -1550 376 -1599 -2871
-1628 -691 -1306 42 -1482 -3814
-1900 -599 -1186 -240 -1195 -4536
-2218 -622 -1129 -663 -830 -5575
-2465 -730 -1161 -911 -750 -6147
-2802 -836 -1165 -1240 -678 -6846
-3206 -909 -1094 -1489 -475 -7375
-3022 -816 -968 -1613 -350 -7524
-2516 -772 -896 -1806 -408 -7228
-2022 -858 -833 -1954 -529 -6778
-1869 -805 -728 -2206 -418 -6068
-1843 -811 -625 -2478 177 -5517
-1642 -793 -522 -2667 676 -5208
-1500 -754 -596 -2884 1202 -4802
-1361 -705 -725 -2965 1346 -4581
-1283 -651 -749 -3060 1395 -4350
-1302 -686 -734 -3162 1327 -4260
-1409 -717 -780 -3223 1269 -4291
-1365 -726 -746 -3320 1218 -4366
-1389 -724 -840 -3355 1251 -4463
-1343 -611 -877 -3328 1294 -4513
-1426 -545 -879 -3313 1176 -4523
-1968 -566 -863 -3318 1048 -4569
-2043 -424 -791 -3371 945 -4615
-2108 -266 -670 -3439 882 -4549
-1928 -112 -553 -3539 816 -4263
-1749 7 -527 -3633 668 -3722
-1957 -17 -548 -3683 499 -3163
-2529 -227 -406 -3711 497 -2913
-2879 -348 -450 -3674 645 -2695
-3505 -629 -521 -3552 860 -2651
-3617 -706 -677 -3179 997 -2498
-4187 -929 -833 -2717 568 -2273
-4868 -1339 -776 -2467 178 -2141
-4840 -1331 -850 -2189 -316 -1786
-4567 -1352 -973 -1991 -630 -1206
-4201 -1445 -1235 -1805 -426 -489
-4460 -1523 -1275 -1701 -260 -76
-4689 -1479 -1196 -1669 -104 280
-4791 -1252 -1197 -1694 -270 465
-4757 -1122 -1464 -1656 -449 569
-4627 -1108 -1702 -1477 -515 802
-4670 -1275 -1786 -1307 -57 1135
-4713 -1310 -1531 -1341 188 1610
-4756 -1421 -1225 -1511 114 1971
-4740 -1487 -685 -1938 -213 2490
-4781 -1667 -339 -2220 -549 2770
-4811 -1823 -115 -2533 -974 3026
-4775 -2097 284 -2613 -1141 3108
-4907 -2294 581 -2542 -1394 3108
-5400 -2695 1119 -2224 -1776 2931
-6004 -3194 1599 -1853 -2128 2774
-6313 -3638 1879 -1063 -2733 2684
-6298 -4268 2071 17 -3105 3047
-6093 -4791 2035 887 -3117 3539
-5865 -5000 1912 2282 -2967 4534
-5749 -5092 1777 3148 -2748 5199
-5656 -5064 1687 4102 -2585 6085
-5361 -4864 1431 4586 -2826 6834
-3341 -3280 -1331 3167 -2523 6286
-4726 -4879 -22 4030 -4724 7343
-4342 -4751 -486 4718 -4765 7973
-4547 -4635 -826 5353 -4907 8285
-4407 -4448 -751 5357 -4417 8122
-4460 -4053 -930 4888 -3965 7599
-4482 -3787 -1239 4491 -3950 7163
-4290 -3657 -1530 3955 -4313 6539
-3858 -3429 -1976 3582 -4620 6082
-3553 -3266 -2430 3437 -4693 5863
-3365 -3101 -2648 3306 -4599 5555
-3073 -2968 -2732 3198 -4372 5341
-2728 -2889 -2748 2927 -3927 5100
-2119 -2919 -2733 2677 -3772 5004
-1710 -2971 -2750 2235 -3638 4896
-1131 -3061 -2728 1904 -3436 4779
-805 -3186 -2710 1383 -2983 4516
-293 -3227 -2664 1048 -2620 4264
-90 -3209 -2661 604 -2072 3701
-407 -3214 -2687 372 -1709 3097
-727 -3045 -2727 204 -1075 1756
-1256 -2630 -2812 231 -743 657
-1590 -2217 -2847 466 -581 -1119
-1945 -1634 -2840 810 -696 -2809
-2359 -1036 -2581 963 -823 -3825
-2531 -565 -2310 884 -1051 -5089
-3074 -54 -1894 603 -1135 -5760
-3577 234 -1736 -34 -1133 -6568
-4356 660 -1434 -531 -1247 -6973
-4653 878 -1222 -1342 -1759 -7308
-4714 1296 -1371 -1891 -2338 -7231
-4163 1794 -2183 -1896 -2600 -6941
-3538 1914 -2273 -1580 -2409 -6112
-2582 1765 -2000 -1252 -1644 -4930
-2064 1613 -1250 -1198 -1082 -4140
-1855 1520 -790 -1431 -520 -3213
-1577 1392 -291 -1751 -460 -2797
-1427 1233 -222 -2277 -620 -2457
-1259 906 -231 -2652 -729 -2405
-1093 606 -413 -2736 -661 -2490
-989 279 -755 -2594 -337 -2722
-1050 115 -919 -2177 35 -3101
-1094 150 -879 -1893 192 -3421
-1039 102 -760 -1635 185 -3896
-900 -8 -424 -1639 100 -4163
-793 -26 -256 -1879 -112 -4473
-640 -103 -89 -2148 -334 -4606
-503 -161 -59 -2621 -630 -4666
-315 -343 -155 -3009 -643 -4558
-404 -672 -368 -3168 -456 -4454
-650 -939 -481 -3228 119 -4370
-1035 -1286 -556 -3170 557 -4375
-1210 -1387 -549 -3053 989 -4425
-1443 -1530 -435 -3047 980 -4442
-1798 -1705 -357 -3144 821 -4480
-2429 -2021 -281 -3416 554 -4604
-2784 -2224 -272 -3651 388 -4665
-2959 -2327 -285 -4034 177 -4629
-3042 -2403 -305 -4420 77 -4327
-3079 -2458 -338 -4664 60 -3978
-3292 -2503 -484 -4940 119 -3369
-3687 -2510 -797 -5028 264 -2992
-4133 -2477 -991 -5017 542 -2605
-4739 -2226 -1221 -4996 542 -2385
-5141 -1762 -1203 -5059 470 -2265
-5276 -1419 -1144 -5286 492 -2070
-5630 -616 -919 -5504 419 -1926
-5920 147 -765 -5790 133 -1691
-5968 558 -626 -5858 -194 -1290
-5880 1001 -501 -5738 -484 -889
-5521 1450 -23 -5353 -567 -123
-5525 1860 795 -5024 -413 409
-5746 1976 1386 -4481 -515 1121
-6315 1825 2198 -4046 -821 1489
-6677 1615 2751 -3174 -1394 1910
-6981 1408 3555 -2004 -2295 2305
-6719 904 4055 -1057 -2967 2682
-6507 553 4074 645 -3827 3432
-6129 -8 3670 1945 -4255 3978
-5601 -539 3146 3865 -4535 4825
-5324 -762 2777 5364 -4905 5709
-4867 -1330 2073 6041 -5416 6289
-4502 -1702 1570 6657 -5623 6968
-3426 -1134 -570 5804 -5511 6744
-3004 -2871 -1231 6352 -5101 7222
-3432 -2547 -942 7041 -4377 7751
-3728 -2731 -1315 7172 -4631 7745
-3620 -2652 -1475 7023 -4788 7512
-3506 -2631 -1674 6619 -4919 7015
-3015 -2417 -2171 6334 -5059 6777
-2556 -2164 -2624 5955 -5219 6538
-2246 -1982 -2689 5521 -4848 6286
-1770 -1631 -2814 5163 -4198 6127
-1643 -1577 -2864 4597 -2604 5916
-1545 -1506 -2739 3914 -960 5741
-1562 -1384 -2608 3441 -271 5601
-1585 -1367 -2467 2723 215 5245
-1466 -1285 -2453 2299 334 4892
-1298 -1287 -2607 1827 389 4185
-1048 -1421 -2865 1631 436 3606
-971 -1556 -2940 1392 581 2572
-930 -1766 -2984 1233 585 1804
-873 -2004 -2999 979 270 595
-794 -2001 -2909 812 -108 -206
-613 -1811 -2651 553 -697 -1332
-427 -1627 -2498 398 -1085 -1973
-328 -1368 -2260 179 -1528 -2821
-209 -1209 -2091 22 -1676 -3289
-171 -1016 -1806 -250 -1556 -3892
-496 -972 -1626 -436 -1280 -4299
-691 -1053 -1554 -696 -626 -4886
-1327 -1147 -1486 -810 -65 -5280
-1813 -1265 -1477 -869 695 -5879
-2702 -1314 -1347 -2067 1026 -3684
-2003 -246 -570 -2164 901 -3342
-1817 -213 -532 -2285 589 -3138
-1420 -148 -564 -2417 265 -3043
-1062 -78 -547 -2561 217 -3052
-866 -28 -493 -2671 305 -3101
-576 23 -560 -2796 443 -3189
-386 40 -616 -2835 554 -3255
-361 67 -619 -2840 817 -3406
-544 7 -718 -2791 1070 -3569
-5405 -480 -2276 -3232 -744 -4334
-5357 -734 -2521 -3170 -469 -2982
-5531 -941 -2647 -3047 -438 -1886
-6023 -1085 -2329 -3078 -217 -540
-6771 -1085 -1782 -3500 52 230
-6955 -860 -1637 -3807 2 560
-6644 -870 -1642 -4044 -15 1148
-6562 -1167 -1459 -4050 -146 1595
-6497 -1357 -870 -4080 -565 2239
-6491 -1468 -9 -4176 -1226 2753
-6374 -1834 819 -4172 -1535 3010
-6247 -1947 1393 -3960 -1674 3296
-6208 -2358 2313 -3652 -1745 3445
-6879 -3364 3058 -2857 -2020 3491
-7493 -4103 3445 -1590 -2489 3188
-8269 -5449 3765 61 -3112 2906
-7987 -6566 3543 1325 -3369 3061
-7380 -7002 3117 3369 -3187 4006
-6537 -6975 2597 4623 -2950 4976
-6298 -6688 2419 5929 -2826 6365
-6223 -6412 1996 6367 -3036 6992
-3947 -3688 -1863 4533 -3297 4520
-5362 -6447 341 5634 -4042 7038
-4756 -6176 -393 6103 -3787 7417
-4780 -5892 -601 6242 -3662 7552
-4883 -5543 -555 5623 -3388 7336
-4737 -5268 -883 5070 -3525 7134
-4268 -4985 -1531 4401 -3865 6894
-3646 -4577 -2196 4133 -3938 6789
-3279 -4365 -2517 3923 -3880 6718
-2826 -4081 -2771 3813 -3755 6676
-2630 -3887 -2824 3550 -3477 6511
-2401 -3763 -2826 3263 -3255 6331
-2014 -3489 -2923 2889 -3062 6111
-1717 -3420 -2965 2245 -2878 5749
-1220 -3437 -3013 1570 -2825 5362
-760 -3468 -3138 1162 -2813 5069
-516 -3525 -3164 617 -2692 4531
-404 -3524 -3216 335 -2500 4071
-481 -3469 -3243 91 -2121 3154
-466 -3121 -3100 45 -1831 2444
-624 -2763 -3010 95 -1372 1246
-984 -2252 -2839 187 -1126 373
-1283 -1795 -2674 315 -794 -1010
-1963 -1129 -2362 357 -605 -1968
-2286 -676 -2061 234 -625 -3281
-2832 -128 -1682 26 -896 -4034
-3248 216 -1559 -392 -1574 -5005
-3767 569 -1737 -776 -2248 -5809
-3999 864 -1677 -1004 -2335 -6224
-3842 1043 -1629 -1263 -2045 -6490
-3526 1412 -1688 -1268 -1775 -6337
-3136 1712 -2380 -1005 -1610 -6045
-2798 1855 -2425 -461 -1277 -5418
-2284 1768 -1742 -309 -1000 -4912
-2099 1658 -1128 -591 -629 -4214
-1794 1627 -536 -1248 -589 -3708
-1380 1527 -319 -1935 -880 -3358
-925 1218 -266 -2315 -1031 -3168
-809 751 -410 -2625 -966 -2981
-839 464 -534 -2588 -550 -2968
-928 143 -782 -2373 -185 -3059
-1102 0 -988 -1810 228 -3353
-1223 -51 -1053 -1394 333 -3622
-1194 -39 -831 -994 240 -4037
-1059 -66 -360 -1064 -5 -4370
-834 -60 -15 -1349 -257 -4511
-682 -93 95 -2010 -736 -4592
-556 -258 109 -2508 -951 -4568
-554 -487 -91 -3093 -833 -4444
-541 -827 -382 -3338 -267 -4239
-663 -1197 -584 -3331 171 -4085
-942 -1418 -640 -3186 682 -3940
-1529 -1730 -594 -3045 918 -3995
-2028 -1905 -398 -3055 928 -4120
-2254 -1971 -275 -3290 779 -4380
-2866 -2233 -214 -3566 685 -4605
-3073 -2391 -212 -4058 601 -4846
-3305 -2598 -406 -4361 508 -4834
-3508 -2601 -581 -4667 404 -4515
-3777 -2649 -658 -4832 245 -3907
-4130 -2569 -788 -4905 129 -3399
-4274 -2460 -860 -4997 316 -2595
-4344 -2076 -893 -5071 583 -2058
-4334 -1651 -855 -5250 989 -1330
-4520 -1085 -760 -5514 1304 -820
-4906 -634 -680 -5707 1221 -680
-5666 35 -483 -5974 604 -753
-6548 672 -181 -6111 22 -946
-7080 914 -1 -6094 -738 -1280
-7177 1536 556 -5760 -1253 -1210
-6565 2132 1222 -5310 -1603 -746
-6090 2478 1842 -4314 -1850 479
-5921 2749 3154 -3548 -1754 1414
-6300 2670 4046 -2390 -1736 2649
-7055 2375 4930 -1053 -2436 3524
-7193 1815 4841 109 -3302 3973
-6645 1287 4249 2317 -4478 4628
-5585 545 3417 4509 -5116 5383
-4671 -357 2502 5638 -5439 5953
-4346 -876 1923 4017 -8531 2877
-3912 -1476 220 6158 -6522 6228
-2936 -2506 -861 7760 -7023 6944
-2780 -2678 -1091 8629 -6358 7098
-2615 -2790 -987 8427 -5241 6949
-2750 -2751 -1346 7917 -4862 6727
-2392 -2562 -1712 7076 -4840 6404
-1726 -2020 -2103 6562 -4676 6284
-1481 -1724 -2497 5897 -4184 6200
-1255 -1533 -2825 5449 -3459 6124
-902 -1014 -3196 5311 -2730 6030
-812 -831 -3193 5078 -1518 5820
-824 -695 -2845 4516 -648 5555
-1228 -604 -2282 3922 -211 5265
-1394 -621 -2032 2879 216 4721
-1481 -676 -1910 2220 282 4360
-1454 -663 -1923 1513 215 3838
-1637 -686 -2056 1311 282 3383
-1976 -649 -2273 1358 714 2445
-2037 -870 -2318 1512 965 1782
-1943 -1017 -2183 1702 882 927
-1586 -1249 -1825 1677 510 511
-1392 -1340 -1657 1411 -256 49
-1335 -1373 -1555 1144 -747 -259
-1207 -1317 -1459 715 -1241 -778
-911 -1076 -1529 489 -1438 -1131
-794 -1011 -1647 307 -1662 -1695
-1094 -975 -1723 250 -1705 -2205
-1438 -742 -1645 160 -1485 -3270
-1917 -600 -1575 67 -1219 -4138
-2468 -574 -1358 -183 -845 -5421
-2721 -463 -1102 -488 -739 -6174
-2904 -334 -763 -1134 -905 -6999
-2833 -313 -724 -1598 -1202 -7268
-2655 -447 -814 -2215 -1607 -7296
-2253 -493 -841 -2525 -1574 -7123
-1780 -516 -891 -2817 -1164 -6586
-1668 -885 -1088 -2886 -737 -6181
-1984 -1027 -1155 -2796 426 -5842
-2319 -1135 -1173 -2549 1649 -5751
-2621 -1221 -1176 -2363 2039 -5757
-2737 -1087 -954 -2238 2078 -5710
-2408 -918 -658 -2324 1752 -5572
-2084 -790 -599 -2630 961 -5203
-1528 -700 -701 -2860 556 -4896
-1278 -651 -774 -3154 476 -4484
-1058 -621 -943 -3333 658 -4205
-1045 -561 -1141 -3360 815 -4116
-1164 -432 -1316 -3320 995 -4132
-1344 -228 -1310 -3302 1030 -4213
-1576 -50 -1290 -3350 776 -4370
-1992 250 -1412 -3478 105 -4573
-2231 668 -1561 -3598 -330 -4680
-2307 837 -1653 -3792 -625 -4677
-2342 891 -1716 -3902 -432 -4503
-2420 952 -1712 -4015 259 -3949
-3042 936 -1759 -4015 605 -3445
-3687 932 -1760 -3971 653 -2674
-4614 855 -1851 -3926 477 -2195
-5567 727 -1963 -3820 646 -1576
-6193 849 -1998 -3730 431 -1067
-6794 985 -1362 -3842 -140 -708
-6958 915 -672 -4294 -762 15
-6950 541 -577 -4588 -593 1071
-7008 -131 -513 -4398 -88 2353
-7382 -1230 133 -4161 -260 3159
-7811 -1851 885 -3923 -1090 3895
-8556 -2889 2035 -3700 -1843 3838
-8641 -3666 2843 -3377 -2246 3583
-8183 -4349 3006 -2327 -2621 3476
-7393 -5427 2978 -586 -2733 3901
-7485 -6353 2953 758 -2803 4245
-7462 -6669 3041 2626 -3068 4695
-6982 -6838 2912 4063 -3249 5187
-6144 -6747 2462 4799 -3152 5590
-5801 -6551 2165 5582 -2784 6150
-7979 -5446 3829 -233 -3609 5713
-4709 -5522 467 4499 -3419 5953
-4260 -5805 262 5555 -2911 6615
-4348 -5204 510 5771 -2498 6925
-4364 -5019 456 5540 -1968 7184
-4632 -4571 -53 5181 -1837 7135
-4648 -4495 -490 4627 -2002 6776
-4325 -4127 -1086 4291 -2292 6434
-3968 -3841 -1423 3897 -2814 5883
-3216 -3521 -1761 3573 -3155 5475
-2526 -3246 -1968 3361 -3311 5314
-2174 -3063 -2137 3035 -3543 5127
-1854 -2832 -2348 2698 -3590 4873
-1650 -2737 -2412 2446 -3416 4624
-1479 -2613 -2436 1882 -2910 4030
-1312 -2495 -2502 1609 -2690 3708
-1208 -2452 -2530 1246 -2559 3272
-1151 -2381 -2564 1044 -2601 3025
-1266 -2382 -2617 830 -2617 2656
-1302 -2355 -2508 718 -2522 2412
-1348 -2293 -2383 555 -2308 2073
-1278 -2173 -2275 473 -2189 1873
-1485 -2118 -2204 407 -1989 1530
-2118 -1986 -2192 435 -1573 947
-2557 -1645 -2205 513 -1259 408
-3278 -954 -2099 649 -1052 -598
-3902 -340 -2080 696 -1318 -1311
-4309 -39 -1928 597 -1970 -2375
-3746 479 -1568 357 -2318 -2904
-3145 867 -1488 -163 -2656 -3232
-2668 1239 -1332 -720 -2530 -3349
-2581 1290 -1275 -1069 -2289 -3448
-2517 1397 -1366 -1439 -1971 -3667
-2619 1569 -1521 -1582 -1748 -3991
-2298 1566 -1357 -1636 -1629 -4181
-1925 1449 -1182 -1742 -1531 -4312
-1300 1195 -1219 -1797 -1486 -4282
-949 1048 -1297 -1793 -1266 -4170
-696 811 -1141 -1807 -814 -4124
-519 554 -930 -1868 -531 -4112
-423 397 -760 -2072 -364 -4050
-452 167 -738 -2259 -419 -3999
-578 111 -854 -2484 -546 -3992
-635 10 -826 -2618 -526 -4028
-683 -82 -750 -2844 -217 -4104
-725 -323 -757 -2984 30 -4138
-723 -419 -682 -3187 290 -4134
-784 -596 -580 -3385 513 -4091
-984 -794 -565 -3486 665 -4079
-1169 -967 -542 -3599 866 -4098
-1490 -1351 -453 -3678 957 -4139
-1626 -1575 -320 -3837 1063 -4204
-2078 -1918 -74 -4089 1149 -4326
-2305 -2116 169 -4332 1173 -4414
-2673 -2437 195 -4684 1125 -4489
-2973 -2693 209 -4858 1091 -4539
-3560 -2774 250 -4988 1060 -4611
-3887 -2819 226 -5026 962 -4742
-3900 -2879 12 -4915 825 -4731
-3894 -2773 -19 -4622 677 -4514
-3551 -2734 -77 -4295 687 -3946
-3519 -2682 -143 -4107 826 -3462
-3654 -2555 -224 -3965 1167 -2997
-3776 -2373 -252 -3912 1831 -2456
-4490 -1905 -231 -3996 2144 -2289
-5906 -1520 -114 -4286 1983 -2538
-6802 -1103 56 -4738 858 -3299
-7244 -426 119 -5188 -541 -3920
-6491 208 55 -5337 -1035 -3891
-5757 654 35 -5220 -1185 -3029
-4914 1261 434 -4798 -957 -1518
-4937 1956 1138 3500 -4419 5181
-3452 1413 1456 4201 -4647 5911
-3133 867 1024 4983 -4972 6876
1300 1830 -3496 4460 -4812 7284
-1850 266 -1155 4884 -5400 7355
-2656 -1079 -685 5739 -5935 7681
-2251 -1238 -1076 6186 -5606 7705
-2074 -1380 -1163 6602 -4665 7619
-2140 -1275 -1140 6643 -3824 7345
-2182 -1178 -1158 6345 -3486 6935
-1872 -958 -991 5947 -3436 6697
-1729 -534 -838 5090 -3407 6315
-1584 -225 -960 4208 -3495 5945
-1495 38 -1322 3739 -3590 5708
-1386 349 -1611 3169 -3055 5195
-1874 555 -1781 3005 -2481 4840
-2303 701 -1752 2777 -1494 4074
-2506 513 -1853 2630 -989 3589
-2532 281 -1926 2454 -554 2989
-2350 115 -1855 2305 -393 2665
-2013 -60 -1769 1965 -351 2319
-1502 -232 -1641 1656 -242 2131
-1135 -429 -1708 1185 -18 1864
-756 -702 -1833 912 11 1672
-659 -841 -1925 614 -113 1244
-786 -1125 -2004 491 -209 814
-966 -1253 -1967 369 -158 -112
-1238 -1342 -1893 328 -2 -880
-1329 -1341 -1842 289 190 -2153
-1602 -1386 -1650 260 177 -3035
-1776 -1326 -1422 129 95 -4373
-2393 -1295 -1355 -30 -96 -5720
-2861 -1128 -1248 -141 -322 -6580
-3038 -958 -1167 -361 -713 -7672
-2984 -752 -1000 -572 -981 -8192
-2745 -620 -918 -948 -1290 -8532
-2580 -699 -942 -1257 -1206 -8386
-2185 -675 -999 -1375 -685 -7827
-1725 -587 -987 -1368 -241 -7287
-1633 -659 -904 -1352 274 -6368
-1846 -721 -747 -1429 722 -5612
-1955 -669 -533 -1573 940 -5205
-2089 -596 -399 -1931 997 -4754
-1954 -511 -365 -2398 769 -4363
-1672 -414 -414 -2834 391 -3975
-1343 -382 -546 -3053 247 -3743
-1151 -404 -613 -3257 346 -3473
-964 -423 -737 -3304 567 -3347
-892 -432 -846 -3218 996 -3254
-946 -425 -1039 -2954 1390 -3286
-1079 -323 -1148 -2728 1616 -3392
-1254 -191 -1187 -2413 1736 -3628
-1840 124 -1260 -2193 1604 -3976
-2427 391 -1257 -2160 1231 -4193
-2896 584 -1333 -2300 307 -4483
-3321 811 -1503 -2486 -127 -4608
-3539 736 -1729 -2730 67 -4488
-4188 345 -1858 -2871 873 -3913
-5336 -325 -2319 -2865 1134 -3301
-5733 -755 -2474 -2801 999 -2027
-6254 -997 -2397 -2891 626 -656
-6628 -1060 -2041 -3136 326 107
-6871 -1044 -1549 -3810 176 860
-6812 -855 -1359 -4249 139 1173
-6618 -931 -1436 -4553 -203 1636
-6349 -1230 -1276 -4505 -416 1953
-6292 -1496 -956 -4213 -742 2330
-6539 -2220 -94 -3910 -949 2509
-6351 -2768 800 -3727 -991 2661
-6227 -3327 1370 -3297 -1007 3001
-6233 -3623 1786 -2591 -1323 3410
-6565 -4104 2351 -1998 -1830 3621
-6895 -4481 2627 -975 -2774 3731
-6876 -5131 2647 247 -3240 3778
-6404 -5714 2192 1220 -3112 3966
-6133 -5797 1959 2769 -2713 4506
-5863 -5631 1858 4014 -2790 5272
-5644 -5399 1757 4555 -3161 5799
-8331 -4623 3471 3542 -6255 5672
-4345 -5583 798 4001 -4391 6006
-3233 -5273 -833 5104 -3219 6858
-3862 -4500 147 5435 -2005 7365
-3912 -4217 53 5301 -2094 7527
-4126 -4017 -132 4811 -2813 7407
-3986 -4016 -744 4322 -3573 6961
-3687 -3688 -1289 4044 -3914 6579
-3675 -3564 -1709 3748 -4241 5897
-3188 -3346 -2098 3583 -4380 5505
-2809 -3205 -2249 3334 -4512 5109
-2210 -3070 -2465 3156 -4490 4982
-1910 -3068 -2630 2918 -4177 4913
-1527 -3164 -2857 2778 -3804 4914
-1505 -3309 -2987 2607 -3053 4857
-1248 -3396 -3036 2424 -2395 4746
-890 -3454 -2968 2263 -2172 4660
-746 -3475 -2879 1932 -1953 4403
-831 -3426 -2776 1540 -1628 3878
-1217 -3426 -2649 1278 -1333 3340
-1461 -3205 -2562 961 -891 2327
-1858 -2666 -2693 886 -754 1575
-1992 -2151 -2799 1009 -820 384
-2497 -1280 -2816 1215 -1025 -892
-2668 -475 -2386 1211 -1154 -1721
-2925 84 -2061 843 -1308 -2917
-3101 842 -1789 417 -1594 -3642
-3168 1263 -1639 -383 -2207 -4499
-3558 1742 -1592 -946 -2602 -4974
-3592 2157 -1818 -1609 -3207 -5503
-3336 2663 -1890 -2033 -3456 -5732
-2693 2910 -2119 -2133 -3322 -5649
-2230 2902 -1946 -2085 -2797 -5186
-1330 2520 -1431 -2024 -2204 -4272
-621 2035 -1009 -1998 -1890 -3490
-419 1800 -795 -1940 -1474 -2400
-300 1506 -630 -1873 -1186 -1853
-373 1290 -582 -1716 -730 -1404
-393 932 -631 -1480 -263 -1337
-418 665 -714 -1286 29 -1446
-488 492 -783 -954 420 -1800
-515 335 -807 -752 644 -2116
-538 255 -740 -569 852 -2640
-664 44 -650 -551 894 -3003
-715 -91 -407 -743 847 -3539
-771 -178 -274 -1166 642 -4003
-862 -347 -160 -1729 296 -4385
-928 -480 -74 -2158 32 -4572
-1117 -657 -111 -2779 -346 -4793
-1393 -971 -205 -3143 -533 -4946
-1480 -1097 -254 -3563 -576 -5131
-1709 -1321 -250 -3841 -207 -5233
-1518 -1759 -190 -3968 128 -5145
-1397 -2078 -210 -4095 439 -4705
-1458 -2381 -348 -4143 563 -4138
-2360 -2753 -332 -4172 755 -3926
-2801 -2966 -257 -4278 1256 -3881
-3176 -3144 -250 -4440 1633 -3950
-3591 -3155 -250 -4561 1720 -4083
-4302 -2973 -233 -4733 1624 -4399
-4635 -2667 -229 -4857 1420 -4531
-4738 -2563 -281 -5033 1071 -4411
-4546 -2220 -336 -5151 908 -4067
-4403 -1972 -412 -5295 765 -3243
-4370 -1491 -438 -5356 921 -2663
-4730 -1122 -436 -5311 1756 -2078
-5739 -332 -251 -5146 2202 -1987
-7419 587 303 -5094 1786 -2168
-8362 1231 828 -5269 316 -2595
-8870 1806 1356 -5557 -895 -2692
-7901 2565 2098 -5967 -2011 -2051
-6493 3195 2751 -5958 -2010 -1135
-6116 3472 3246 -5289 -1800 472
-6297 3684 3705 -3863 -2507 1839
-6336 3560 3616 -1727 -3786 2736
-5711 3200 3139 -49 -4353 3112
-4877 2908 2737 2387 -4742 3698
-3670 2239 2160 4185 -4782 4553
-2821 1513 1350 5015 -4551 5229
-2521 984 824 5448 -4264 6108
-1819 241 -575 4491 -5598 5878
-2125 -585 -567 4994 -3976 6344
-2006 -693 -1121 5561 -3694 6730
-2102 -966 -1239 5714 -4171 6808
-2001 -1103 -1382 5804 -4465 6603
-1622 -1224 -1387 5723 -4369 6392
-1387 -1256 -1410 5471 -4292 6111
-1110 -1181 -1559 5194 -4457 5850
-842 -880 -1658 5021 -4471 5647
-677 -667 -1711 4766 -4085 5316
-349 -467 -1763 4583 -3562 5123
-166 -94 -1778 4326 -2496 4915
-532 479 -1982 4155 -1464 4578
-799 721 -2165 4145 -628 4103
-1576 974 -2058 4135 -81 3648
-1960 1015 -1962 3933 578 2828
-2330 856 -1763 3498 958 2011
-2652 682 -1659 3122 1061 1465
-2912 261 -1590 -256 -383 -2195
-1392 -1512 -1408 -603 340 -3007
-2011 -1542 -1505 -725 819 -3769
-2669 -1396 -1570 -723 1172 -4976
-3144 -1268 -1453 -675 1032 -5717
-3116 -1085 -1269 -701 167 -6556
-2737 -762 -965 -857 -636 -6877
-2319 -612 -750 -1351 -1716 -6979
-1617 -431 -541 -1806 -2180 -6821
-1049 -299 -594 -2454 -2317 -6371
-720 -272 -566 -2939 -1818 -5775
-367 -323 -643 -3214 -995 -5099
-272 -444 -839 -3238 -474 -4678
-339 -470 -956 -3094 151 -4174
-499 -434 -1021 -2921 498 -3955
-577 -436 -992 -2675 949 -3765
-771 -351 -941 -2544 1228 -3709
-901 -245 -998 -2372 1479 -3700
-1271 -196 -1114 -2226 1636 -3811
-1574 -27 -996 -2196 1853 -3929
-1762 5 -923 -2263 1993 -4056
-2031 135 -869 -2397 1760 -4073
-2147 205 -907 -2701 1042 -3967
-2679 128 -1019 -2932 574 -3864
-3124 146 -1001 -3292 279 -3786
-3594 13 -1146 -3472 241 -3721
-3614 91 -1285 -3551 239 -3414
-3644 156 -1333 -3526 -22 -2758
-3898 136 -1493 -3485 -350 -2180
-4653 4 -1792 -3293 -572 -1495
-5075 -297 -2135 -3106 -299 -1117
-4857 -515 -2075 -3003 408 -290
-5079 -590 -1823 -3309 482 597
-6254 -642 -1306 -3753 22 907
-6830 -566 -924 -4611 -899 979
-6799 -341 -566 -5105 -1573 1026
-6389 -358 -426 -5407 -2044 1412
-6034 -420 -163 -5034 -1903 2036
-6018 -1158 705 -4575 -1769 2516
-6316 -1826 1330 -3784 -1680 3143
-6737 -2924 2023 -2761 -1660 3465
-7065 -3986 2269 -1816 -1560 3484
-6975 -4527 2439 -83 -1155 3409
-6596 -4844 2818 1610 -1303 3611
-6262 -5251 2934 2545 -1699 3948
-6071 -5533 2725 3693 -2047 4544
-5917 -5847 2095 4665 -1671 5088
-5747 -5785 1542 5202 -1331 5432
-5632 -5602 1346 5690 -1320 5955
-2876 -4299 -2169 4366 -1530 5651
-4472 -5069 855 4839 -2945 6395
-4404 -4947 202 5234 -2724 7200
-3871 -4939 -120 5391 -2686 7525
-3945 -4510 -28 5160 -1648 7596
-3779 -4164 -248 4563 -1126 7422
-3581 -3784 -388 4040 -1095 7266
-3305 -3646 -639 3255 -1607 7028
-2769 -3485 -981 2797 -2048 6888
-2457 -3350 -1272 2276 -2554 6641
-1980 -3343 -1636 2045 -2795 6432
-1921 -3264 -1801 1813 -2977 5929
-1980 -3256 -2053 1721 -2950 5445
-1816 -3369 -2226 1625 -2824 4917
-1519 -3455 -2394 1456 -2821 4255
-1170 -3553 -2613 1342 -3001 3907
-913 -3646 -2662 1119 -3190 3483
-976 -3777 -2743 944 -3213 3164
-1097 -3803 -2851 772 -3064 2542
-1304 -3512 -2951 737 -2844 2026
-1380 -3114 -2961 749 -2487 1162
-2019 -2522 -2803 705 -2164 110
-2271 -2018 -2624 592 -2073 -618
-2841 -1243 -2436 429 -2111 -1329
-3156 -808 -2373 105 -2463 -2344
-3128 -111 -2218 -303 -2943 -3044
-3139 449 -2298 -566 -3153 -3371
-3174 765 -2476 -833 -3059 -3774
-3366 1166 -2658 -905 -2738 -4024
-3516 1354 -2687 -927 -2287 -4378
-3246 1801 -2394 -972 -2123 -4540
-2920 2028 -2039 -1205 -2076 -4552
-2405 2125 -1670 -1532 -2093 -4291
-1789 1891 -1180 -1762 -2067 -3977
-1392 1651 -942 -2060 -1912 -3374
-934 1360 -842 -2134 -1699 -2811
-700 1121 -905 -2053 -1509 -2556
-561 894 -1090 -1730 -1130 -2383
-392 674 -1349 -1437 -792 -2401
-409 613 -1391 -1003 -193 -2649
-403 474 -1061 -869 381 -3062
-396 307 -655 -990 707 -3352
-430 233 -470 -1391 805 -3738
-457 126 -372 -1719 561 -3927
-454 -35 -339 -2226 40 -4110
-391 -203 -384 -2667 -401 -4152
-518 -428 -551 -2885 -494 -4173
-812 -630 -708 -3038 -185 -4342
-1300 -895 -853 -2977 467 -4667
-1453 -968 -872 -2861 796 -4857
-1622 -1138 -742 -2746 873 -4998
-1585 -1304 -440 -2807 684 -4948
-1821 -1419 -246 -3172 246 -4793
-2416 -1648 -181 -3707 33 -4744
-2621 -1832 -168 -4060 124 -4715
-2881 -2108 -200 -4494 422 -4613
-3166 -2166 -325 -4646 529 -4508
-3288 -2194 -430 -4666 391 -4246
-3502 -2258 -503 -4584 224 -4030
-3577 -2242 -520 -4429 76 -3651
-3526 -2237 -569 -4357 101 -3338
-3496 -2198 -653 -4300 515 -2834
-3631 -2156 -816 -4268 1045 -2538
-4238 -2025 -885 -4248 1633 -2302
-4939 -1880 -898 -4297 1407 -2497
-5813 -1480 -1042 -4316 835 -2842
-5849 -1013 -1157 -4353 -378 -3313
-5276 -296 -1368 -4341 -1003 -3410
-4290 437 -1405 -4266 -1145 -3048
-3881 884 -1186 -4187 -442 -2153
-4003 1475 -756 -4156 78 -1446
-4464 1834 -404 -4155 309 -502
-5079 2149 98 -4147 129 1
-5466 2220 460 -4072 -316 545
-6069 2068 918 -3912 -610 780
-6327 1895 1555 -3493 -1018 1144
-6450 1651 2077 -2951 -1577 1711
-6374 1241 3149 -2551 -1886 2214
-6366 912 3919 -1887 -2333 3098
-6556 117 4530 -887 -3116 3966
-6481 -552 4418 155 -3569 4501
-6160 -1415 3722 2291 -4093 5232
-5816 -2130 2890 3869 -4422 5649
-5472 -2346 2489 5865 -4808 6181
-5059 -2753 1843 6769 -5305 6536
-2978 -2134 1293 6203 -7048 6646
-4076 -3687 -537 7507 -7572 6882
-3374 -3878 -1367 8267 -7385 7182
-3410 -3680 -1487 8795 -6083 7266
-3065 -3347 -1726 8590 -5121 7337
-3130 -2846 -1877 8119 -4881 7303
-2974 -2764 -2097 7224 -4899 7185
-2533 -2427 -2609 6435 -4555 7051
-1845 -1996 -3255 6071 -4047 7016
-1603 -1797 -3485 5640 -2856 6969
-1275 -1652 -3490 5085 -1411 6860
-1217 -1404 -3044 4562 -614 6704
-1205 -1281 -2569 3498 65 6262
-1236 -1228 -2434 2416 173 5603
-1333 -1131 -2420 1801 179 5033
-1443 -1183 -2502 1124 241 4020
-1439 -1192 -2574 700 268 2926
-1231 -1288 -2534 492 174 2223
-1051 -1367 -2475 223 -161 1250
-880 -1395 -2411 75 -418 632
-685 -1378 -2273 -90 -766 -307
-858 -1383 -2228 -125 -946 -982
-917 -1325 -2156 -77 -1195 -2019
-923 -1096 -1886 -20 -1286 -2683
-986 -1011 -1670 33 -1236 -3650
-1094 -841 -1276 -4 -1107 -4551
-1439 -783 -1189 -19 -1003 -5130
-1729 -769 -1127 -27 -684 -5964
-2302 -840 -906 -75 -369 -6491
-2650 -832 -731 -236 124 -7204
-3293 -946 -727 -342 382 -7583
-3677 -999 -689 -434 606 -7990
-3744 -1019 -625 -543 459 -7992
-3866 -1075 -515 -664 226 -7802
-3778 -922 -335 -908 11 -7339
-3428 -803 -307 -1084 -31 -6927
-3032 -724 -270 -1356 35 -6164
-2685 -678 -339 -1522 166 -5640
-2450 -623 -447 -1714 597 -4971
-2154 -601 -604 -1815 1043 -4451
-2041 -537 -693 -1843 1194 -4221
-2243 -570 -891 -1818 1174 -4135
-2312 -606 -958 -1769 1075 -4212
-2305 -542 -868 -1750 801 -4393
-1910 -352 -548 -1981 318 -4427
-1450 -146 -378 -2266 -114 -4303
-1156 32 -420 -2722 -867 -3921
-697 276 -665 -3074 -1425 -3384
-353 440 -786 -3251 -1397 -2992
-312 451 -864 -3467 -893 -2487
-509 645 -1162 -3550 22 -2231
-1050 1015 -1692 -3481 456 -2315
-1386 1095 -1957 -3317 1036 -2609
-2274 1046 -1917 -3259 1350 -2895
-3108 818 -1815 -3363 1351 -3380
-4145 691 -1772 -3586 764 -3649
-4444 678 -2029 -3710 83 -3465
-4731 665 -2445 -3738 -1072 -2679
-5461 414 -2668 -3727 -1546 -2016
-5610 186 -2485 -3963 -1237 -877
-5836 125 -1941 -4290 -683 -74
-6029 124 -1654 -4863 -143 1014
-6223 -22 -976 -5219 -185 1656
-6521 -387 -505 -5596 -824 2392
-6966 -820 -139 -5389 -1568 2677
-7204 -1430 653 -4953 -1683 2651
-7384 -1993 1137 -3980 -1771 2509
-7671 -3162 1965 -3185 -1895 2469
-8020 -4644 2466 -1299 -2415 2710
-7947 -5553 2830 308 -2521 3201
-7269 -6010 3081 1356 -2473 3755
-6742 -6140 3138 2699 -2250 4789
-6338 -6220 3126 3359 -1838 5432
-6301 -6225 2893 3991 -1306 6146
-6342 -6128 2328 4414 -1427 6507
-6348 -6267 1553 4826 -1992 6554
-7127 -5354 1903 2928 -2622 5515
-4599 -6466 -556 4217 -2656 5616
-3723 -5798 -797 5563 -1283 6580
-4135 -5077 -229 5889 -915 7210
-4524 -4763 116 5586 -1192 7342
-4469 -4570 29 4807 -2052 7178
-4057 -4397 -464 4284 -2540 6972
-3771 -4263 -857 3707 -3106 6644
-3349 -4002 -1351 3456 -3401 6444
-3185 -3849 -1608 3218 -3782 6125
-2752 -3569 -1862 3097 -3938 5910
-2196 -3315 -1926 2892 -3981 5651
-1836 -3259 -1913 2528 -3842 5484
-1542 -3117 -1869 2181 -3671 5351
-1483 -3087 -2077 1676 -3395 5039
-1557 -3194 -2301 1384 -3219 4738
-1327 -3291 -2441 1023 -2989 4305
-856 -3314 -2634 851 -2942 4069
-641 -3257 -2726 707 -2893 3685
-451 -3209 -2824 677 -2751 3359
-626 -3236 -2835 649 -2282 2650
-847 -3025 -2785 609 -1793 2034
-1254 -2334 -2584 477 -955 914
-1667 -1885 -2564 359 -467 -377
-2066 -1497 -2544 310 -410 -1247
-2859 -852 -2259 136 -687 -2516
-3550 -153 -1929 -101 -1213 -3289
-3811 276 -1909 -607 -2230 -4322
-3990 983 -1904 -1117 -2444 -5143
-3994 1376 -1825 -1392 -2203 -5528
-3741 1612 -1744 -1663 -1845 -5703
-3372 1792 -1661 -1733 -1704 -5538
-3095 2173 -2302 -1478 -1684 -5106
-2735 2304 -2204 -966 -1461 -4557
-2252 2074 -1790 -785 -1158 -4087
-1592 1763 -1093 -856 -818 -3349
-1233 1577 -516 -1089 -726 -2964
-1025 1427 -338 -1531 -750 -2609
-722 1120 -228 -1894 -832 -2472
-664 735 -473 -2013 -826 -2505
-735 496 -676 -1949 -638 -2760
-826 377 -937 -1764 -432 -3046
-862 322 -1026 -1367 -154 -3571
-836 157 -932 -1128 -30 -3923
-856 71 -648 -1028 80 -4411
-800 13 -344 -1140 38 -4665
-710 -112 -254 -1517 -310 -4869
-641 -259 -63 -2109 -790 -4884
-903 -489 -200 -2501 -950 -4875
-1091 -712 -315 -2930 -783 -4863
-1318 -999 -517 -3090 -529 -4819
-1398 -1244 -647 -3188 -241 -4626
-1302 -1673 -672 -3254 -120 -4201
-1697 -1998 -344 -3422 -81 -3892
-1947 -2199 -81 -3900 153 -3518
-2027 -2396 31 -4295 314 -3260
-2285 -2595 -101 -4784 483 -2999
-2760 -2869 -234 -5081 692 -2970
-3326 -2937 -436 -5165 827 -3085
-3503 -2858 -544 -5158 883 -3300
-3794 -2706 -623 -5115 866 -3404
-3955 -2523 -667 -5094 860 -3414
-4025 -2212 -647 -5226 1014 -3121
-4064 -1839 -656 -5496 1469 -2520
-4576 -1383 -500 -5769 1738 -2022
-5458 -925 -291 -6296 1668 -1507
-6960 -226 260 -6888 985 -1415
-8202 519 739 -7158 268 -1502
-8374 1010 1026 -7079 -867 -1432
-7828 1734 1705 -6388 -1548 -732
-6895 2412 2908 -5671 -1575 102
-6668 2789 4001 -4467 -1414 1612
-6852 2968 5585 -3157 -2082 3038
-6789 2757 6308 -1997 -2993 3775
-6391 2426 6001 486 -4572 4521
-5431 1847 4791 3451 -5591 4913
-4498 1122 3687 5139 -5868 5157
-3772 537 2733 6817 -6404 5866
-3073 386 150 5839 -7546 5721
-2775 -1171 -247 7151 -6862 6519
-2628 -1428 -1102 8098 -6104 7106
-2915 -1647 -1572 8274 -5884 7158
-3039 -1848 -1817 8060 -5671 6799
-2837 -2082 -2126 7734 -5647 6396
-2542 -2064 -2242 7114 -5647 5785
-1874 -1748 -2298 6659 -5634 5473
-1519 -1383 -2397 6053 -5342 5145
-993 -995 -2363 5679 -4858 5014
-529 -799 -2607 5255 -3805 5014
-454 -542 -2665 5004 -2518 5111
-693 -360 -2614 4837 -1637 5093
-946 -328 -2400 4418 -468 4928
-1474 -287 -2115 3734 412 4513
-1802 -213 -1812 3148 798 4112
-2345 -264 -1726 2304 977 3334
-2461 -421 -1858 1857 949 2771
-2816 -659 -2026 1391 1048 1747
-2955 -865 -2098 1188 1143 972
-2821 -1201 -2230 1022 1075 -169
-2459 -1407 -2205 935 866 -871
-2045 -1427 -2075 729 390 -1728
-1601 -1323 -1957 532 66 -2198
-1489 -1303 -1936 201 -347 -2855
-1314 -1265 -1866 -49 -475 -3281
-1391 -1227 -1770 -473 -329 -3987
-1604 -1060 -1474 -785 -127 -4537
-1687 -902 -1373 -1277 61 -5374
-1903 -863 -1276 -1681 180 -6175
-2050 -850 -1196 -2249 -497 -6124
-904 -863 -534 -2426 -560 -5498
-676 -827 -527 -2753 -243 -4673
-552 -739 -495 -3093 462 -4122
-563 -616 -652 -3261 903 -3902
-641 -567 -825 -3364 1205 -3747
-987 -563 -1015 -3344 1200 -3769
-1433 -640 -1147 -3230 1240 -4032
-2327 -831 -1040 -3144 1423 -4379
-2514 -722 -911 -3051 1501 -4789
-2440 -556 -751 -3030 941 -4717
-2544 -556 -630 -3090 445 -4449
-3221 -741 -599 -3195 -13 -3978
-3558 -861 -710 -3215 -30 -3621
-3472 -899 -722 -3135 314 -2904
-3473 -863 -667 -3042 596 -2337
-3615 -747 -724 -2856 609 -1527
-4111 -886 -684 -2679 425 -1008
-4333 -994 -751 -2581 331 -815
-4240 -996 -636 -2545 238 -622
-3897 -834 -772 -2534 187 -479
-3666 -787 -870 -2482 58 -200
-3595 -808 -960 -2437 -78 -9
-3916 -878 -1011 -2419 -117 -50
-4188 -995 -975 -2397 -97 -305
-4740 -1041 -1163 -2304 -114 -553
-4781 -900 -1384 -1922 -392 -724
-4622 -759 -1459 -1428 -1041 -427
-4341 -605 -1549 -1149 -1384 -12
-4096 -525 -1759 -884 -1515 809
-4001 -303 -1757 -979 -1147 1576
-4341 -332 -1377 -1353 -638 1935
-4615 -369 -1190 -2180 -73 2245
-4975 -594 -1000 -2922 -299 2406
-5303 -1183 -681 -3219 -669 2480
-5776 -1732 -308 -3321 -1132 2461
-6232 -2332 472 -3054 -1555 2427
-6281 -2874 1278 -2688 -1895 2548
-6329 -3290 1830 -1867 -2437 2957
-6811 -4318 2410 -1149 -2624 3253
-7151 -5021 2620 148 -2723 3744
-7438 -6056 2579 1676 -2696 4350
-7116 -6264 2470 2769 -2709 4917
-6508 -6412 2268 4251 -2799 5861
-6232 -6368 2039 5013 -2798 6345
-6112 -6385 1559 5762 -2745 6760
-6077 -5524 2977 3252 -3368 6021
-4503 -6456 -517 5078 -3134 6502
-3754 -6066 -597 6270 -2066 7615
-4232 -5427 -185 6298 -1828 8153
-4644 -5264 -4 5802 -2069 8163
-4744 -5141 -208 4836 -2704 7813
-4457 -5177 -932 4312 -3191 7548
-4281 -5024 -1389 3810 -3890 7173
-3764 -4734 -1857 3481 -4448 6834
-3088 -4379 -2161 3289 -4702 6631
-2425 -4127 -2406 2986 -4569 6296
-2044 -3901 -2443 2551 -3834 5937
-1730 -3719 -2607 2205 -3278 5687
-1579 -3785 -2692 1649 -2891 5308
-1259 -3798 -2765 1279 -2976 5027
-906 -3895 -2847 804 -3302 4573
-353 -3950 -3115 601 -3452 4227
-34 -3912 -3360 542 -3343 3569
351 -3699 -3608 625 -2993 3033
294 -3544 -3604 757 -2138 2012
-217 -3191 -3457 794 -1443 1146
-749 -2789 -3229 755 -597 -357
-1692 -2210 -2841 667 -455 -1396
-2072 -1787 -2590 416 -999 -2772
-2658 -1157 -2335 181 -1721 -3540
-3025 -769 -2229 -273 -2471 -4569
-3719 -171 -2214 -551 -2401 -5181
-4334 200 -2101 -863 -1850 -5984
-4648 602 -1989 -984 -1692 -6258
-1557 900 -393 -2377 -1351 -1989
-1123 622 -474 -2466 -1287 -2015
-874 413 -585 -2430 -1016 -2138
-745 286 -728 -2220 -650 -2356
-769 139 -822 -2036 -369 -2578
-804 71 -730 -1811 151 -3023
-781 53 -514 -1761 437 -3345
-702 33 -401 -1843 561 -3728
-560 -129 -187 -2128 379 -3918
-588 -266 -107 -2403 187 -3994
-684 -448 -102 -2835 12 -4075
-767 -578 -190 -3171 16 -4164
-971 -864 -315 -3408 120 -4264
-1402 -1117 -469 -3492 322 -4390
-1597 -1289 -506 -3522 727 -4612
-1650 -1446 -480 -3533 922 -4718
-1950 -1663 -431 -3607 913 -4699
-2288 -1910 -354 -3831 814 -4614
-2953 -2002 -251 -4072 759 -4609
-3242 -1975 -196 -4507 624 -4573
-3733 -2076 -285 -4900 567 -4373
-4123 -2194 -516 -5079 579 -4102
-4497 -2134 -659 -5168 773 -3603
-4694 -2021 -996 -5105 927 -3171
-4908 -1846 -920 -5082 1002 -2427
-5047 -1411 -746 -5223 1032 -1902
-5149 -1129 -691 -5567 1319 -1191
-5699 -428 -542 -5942 1419 -805
-6595 205 -546 -6084 1004 -825
-6749 647 -532 -5992 146 -1029
-6166 1215 -195 -5762 -330 -1004
-5647 1636 326 -5304 -696 -560
-4977 2296 1313 -4736 -641 241
-5109 2817 2553 -4305 -622 813
-5572 3018 3407 -3575 -1076 1537
-6330 2977 4579 -2991 -1784 1908
-6476 2760 5064 -1791 -3071 2465
-6200 2098 4920 -652 -3871 2936
-6029 1564 4462 1549 -4755 3722
-5682 709 3478 3979 -5287 4498
-5153 -41 2615 5391 -5650 5011
-4675 -530 2116 6949 -5961 5804
-2423 259 3176 5824 -5851 5644
-3808 -1737 -415 6704 -7111 6208
-3503 -2609 -883 7717 -6714 6763
-3575 -2528 -1160 7972 -5721 6856
-3293 -2449 -1256 7532 -5236 6785
-3171 -2175 -1681 7154 -5366 6659
-2967 -2076 -1927 6590 -5646 6343
-2447 -1727 -2272 6246 -5529 6142
-2346 -1475 -2433 5792 -4898 5843
-1995 -1121 -2781 5434 -4023 5660
-1816 -973 -2817 5186 -3246 5604
-1854 -818 -2707 4658 -1894 5485
-2338 -813 -2318 3866 -768 5158
-2603 -904 -2120 3279 -339 4842
-2563 -917 -2129 2529 -141 4340
-2189 -892 -2147 2171 -62 4006
-1893 -921 -2226 1846 186 3494
-1448 -1013 -2326 1734 424 3115
-1248 -1183 -2298 1602 866 2463
-1085 -1546 -2223 1489 1039 1975
-1017 -1693 -2155 1311 896 1124
-1150 -1792 -2032 1191 621 463
-1307 -1826 -1919 1029 167 -718
-1173 -1743 -1729 906 -168 -1497
-1054 -1539 -1609 730 -643 -2613
-885 -1234 -1408 502 -992 -3648
-1021 -967 -1185 268 -1144 -4317
-1291 -829 -1086 -164 -1127 -5363
-1689 -753 -1020 -462 -927 -6031
-1982 -801 -993 -881 -533 -6890
-2529 -972 -957 -1126 -318 -7334
-3162 -1083 -862 -1415 -9 -7846
-3237 -1160 -847 -1559 209 -8011
-3214 -1260 -859 -1593 24 -7720
-3008 -1178 -818 -1601 -190 -7345
-3236 -1271 -795 -1600 -193 -6781
-3183 -1204 -583 -1644 250 -6273
-2952 -1042 -423 -1752 425 -5874
-2560 -782 -271 -2008 388 -5235
-2086 -600 -141 -2230 342 -4810
-1759 -514 -137 -2596 330 -4213
-1433 -432 -205 -2898 331 -3749
-1240 -403 -324 -3032 378 -3548
-1459 -493 -567 -3087 746 -3521
-1761 -559 -738 -3037 1161 -3674
-2074 -673 -951 -2803 1559 -4031
-2262 -446 -930 -2604 1594 -4268
-2173 -317 -784 -2437 1168 -4427
-2072 -144 -575 -2547 370 -4325
-2182 47 -375 -2753 -39 -4218
-2133 173 -381 -3153 -273 -3948
-2473 99 -477 -3424 117 -3711
-2511 241 -730 -3435 480 -3512
-2443 419 -905 -3199 700 -3055
-2309 629 -920 -2876 671 -2494
-2339 778 -813 -2743 509 -2166
-2788 767 -689 -2745 130 -1922
-3064 870 -891 -2806 -31 -1924
-3221 994 -1217 -2847 -267 -2019
-3966 661 -1617 -2805 -433 -2180
-4428 387 -1744 -2755 -330 -2180
-4846 -2 -1712 -2701 -132 -1876
-4642 -98 -1729 -2628 -10 -994
-4858 -418 -1607 -2641 -23 315
-5564 -722 -1515 -2737 -7 1364
-6278 -900 -1423 -2819 40 1875
-6564 -950 -1471 -2808 -176 2005
-6761 -1005 -1307 -2723 -767 2083
-6522 -1246 -657 -2724 -1139 2232
-6268 -1548 -112 -2858 -1678 2716
-5778 -1985 731 -3054 -1741 3484
-5874 -2723 1292 -3075 -1512 3985
-6510 -3485 1630 -2722 -1367 4477
-6977 -4077 1851 -1828 -1671 4463
-7352 -4705 2248 -1028 -2155 4295
-7385 -5244 2464 279 -2905 4012
-6865 -5732 2601 1596 -3281 4048
-6160 -6005 2275 2514 -3290 4295
-5780 -5939 2086 3842 -3103 4875
-5317 -5748 1809 4553 -3029 5346
-5171 -5607 1569 5303 -3120 5966
-2402 -2072 -642 5067 -2349 5757
-4767 -5073 200 5174 -3965 6103
-4536 -5092 362 5543 -4283 6376
-4432 -4973 88 5869 -4756 6448
-3999 -4740 34 5827 -4662 6416
-3882 -4530 -301 5539 -4623 6248
-3742 -4308 -861 5315 -4647 6068
-3544 -4069 -1234 5003 -4677 5765
-3039 -3684 -1730 4750 -4589 5543
-2800 -3470 -2009 4612 -4348 5427
-2557 -3234 -2247 4380 -3709 5280
-2190 -3085 -2262 4148 -3284 5251
-2042 -3027 -2281 3678 -2855 5249
-1782 -2903 -2378 3161 -2700 5188
-1600 -2894 -2442 2811 -2659 5081
-1311 -2997 -2410 2224 -2538 4791
-1138 -3053 -2431 1821 -2376 4495
-1135 -3121 -2444 1263 -1992 3904
-1227 -3201 -2472 979 -1673 3429
-1155 -3112 -2391 669 -1245 2727
-1300 -2896 -2218 544 -966 2043
-1570 -2446 -2098 579 -876 1557
-1840 -2029 -2041 775 -1007 728
-2469 -1510 -1957 1034 -1164 -308
-3012 -737 -1726 1141 -1155 -1117
-3148 -317 -1492 1061 -983 -2317
-3211 474 -1006 768 -786 -3059
-3524 1014 -844 69 -723 -4053
-4013 1624 -861 -474 -935 -4681
-4291 1947 -979 -1271 -1378 -5484
-4525 2416 -1075 -1768 -1690 -5929
-4407 2699 -1285 -2348 -2182 -6332
-3870 2881 -1324 -2624 -2380 -6377
-3263 2861 -1293 -2895 -2386 -6019
-2125 2643 -1228 -3001 -2081 -5148
-1201 2197 -1045 -2983 -1742 -4391
-970 1810 -706 -2915 -1162 -3379
-920 1618 -547 -2830 -574 -2759
-875 1292 -480 -2751 -313 -2550
-1044 949 -629 -2541 -82 -2532
-1103 800 -715 -2211 122 -2788
-979 569 -748 -1968 215 -3013
-890 530 -590 -1745 349 -3331
-743 452 -505 -1691 295 -3577
-542 341 -381 -1756 159 -3664
-534 174 -326 -1975 112 -3712
-606 -55 -353 -2154 135 -3722
-773 -192 -378 -2432 191 -3762
-1108 -437 -421 -2650 394 -3871
-1143 -566 -429 -2749 490 -3913
-1127 -778 -465 -2838 427 -3853
-969 -980 -294 -2931 286 -3714
-897 -1184 -215 -3158 45 -3416
-712 -1550 -85 -3378 -9 -3186
-812 -1799 -21 -3795 347 -2925
-969 -2334 -35 -4208 1003 -2801
-1596 -2732 -181 -4446 1408 -2849
-2141 -2923 -363 -4642 1874 -3188
-3229 -3190 -619 -4651 1999 -3568
-4009 -3158 -733 -4514 1925 -4315
-4737 -2920 -713 -4464 1484 -4835
-4860 -2495 -728 -4576 1032 -4833
-4899 -2120 -794 -4908 801 -4283
-4836 -1577 -978 -5125 1090 -3625
-4778 -1170 -948 -5421 1761 -2330
-5308 -532 -605 -5764 2100 -1112
-5825 326 -114 -6037 1943 -512
-6131 793 353 -6403 1477 25
-6687 1778 1279 -6582 1050 165
-7776 2598 1679 -6460 406 80
-8095 2901 1934 -5886 -784 -50
-7649 3030 2875 -5414 -1251 111
-6953 2926 3529 -4635 -1620 977
-6020 2621 4256 -3927 -2027 1884
-5249 2370 4330 -2275 -2819 3438
-4497 1898 4124 -802 -3326 4408
-4114 1716 3420 1764 -4070 5373
-3952 1570 3038 4011 -4964 5761
-3829 1311 2476 5064 -5676 5841
-3580 817 1579 5903 -6676 5938
-3031 1109 -85 5152 -7406 5662
-3232 -592 -619 5719 -8022 5799
-3104 -774 -1237 6235 -8330 5752
-3015 -1115 -1735 6460 -8309 5430
-2698 -1146 -1820 4721 -530 4705
-2048 612 -1898 4239 531 4324
-2466 586 -1524 3753 817 4035
-2525 492 -1280 2831 753 3600
-2250 391 -1188 2216 505 3302
-1961 261 -1364 1541 222 2798
-1782 20 -1738 1331 327 2351
-1806 -195 -1938 1335 721 1496
-2598 -638 -2111 1489 960 743
-2959 -691 -2029 1744 983 -594
-2916 -429 -1246 -1583 537 -6291
-3293 -454 -1150 -1652 409 -6826
-3224 -505 -994 -1792 -53 -7348
-2850 -670 -913 -1993 -619 -7431
-2346 -607 -857 -2128 -784 -7290
-2053 -605 -783 -2328 -708 -6824
-1401 -693 -738 -2541 -448 -6018
-946 -791 -658 -2682 -85 -5397
-797 -870 -635 -2884 560 -4567
-681 -898 -607 -3013 954 -4163
-720 -921 -560 -3216 1447 -3828
-831 -982 -604 -3331 1643 -3792
-824 -982 -778 -3374 1787 -3907
-1144 -1067 -990 -3226 1921 -4210
-1440 -1105 -1104 -3054 1999 -4484
-1410 -1012 -1187 -2729 1906 -4791
-1311 -664 -1154 -2558 1687 -4887
-1196 -416 -1162 -2452 1237 -4859
-943 -3 -1182 -2501 961 -4713
-929 193 -1211 -2728 823 -4443
-1421 397 -1221 -2976 772 -4336
-2057 452 -1338 -3403 570 -4388
-2823 558 -1676 -3667 280 -4508
-3065 662 -1938 -3664 185 -4455
-3259 712 -2291 -3405 321 -3985
-4186 222 -2373 -3197 448 -3475
-5120 23 -2477 -2949 526 -2747
-6190 43 -2684 -2835 343 -2338
-6290 119 -2601 -2929 -86 -1586
-6054 -67 -2028 -3290 -220 -874
-6231 -411 -1813 -4092 87 383
-6685 -736 -1342 -4666 314 1202
-7032 -891 -1188 -5244 372 2189
-7597 -1028 -797 -5322 14 2624
-7984 -1118 -465 -5008 -855 2875
-8075 -1366 282 -4574 -1568 2879
-7777 -1915 1027 -3931 -2045 3027
-7586 -3058 1999 -3397 -2053 3418
-8208 -4295 2595 -2993 -2002 3640
-8393 -5041 2768 -2105 -2217 3928
-8310 -6078 2823 -1246 -2585 4139
-7859 -6539 2776 424 -3033 4540
-7208 -7021 2626 2298 -2924 4946
-6844 -7098 2639 3416 -2998 5187
-6785 -7034 2595 4644 -3659 5482
-6422 -6976 2192 5188 -4276 5673
-6786 -6952 3778 4265 -2914 5277
-5123 -6823 421 5446 -4665 6210
-4499 -6138 -143 5981 -3807 6848
-4260 -5788 -157 6305 -2975 7455
-4476 -5133 -75 6003 -2420 7547
-4375 -4852 -328 5267 -2603 7398
-4129 -4505 -957 4557 -3269 7057
-3668 -4143 -1655 4205 -3707 6804
-3439 -3938 -2047 3874 -4039 6397
-2932 -3566 -2420 3740 -4102 6162
-2654 -3393 -2563 3525 -4033 5880
-2249 -3219 -2598 3177 -3719 5654
-2071 -3076 -2654 2886 -3509 5504
-1894 -3143 -2722 2559 -3360 5321
-1768 -3098 -2715 2024 -3146 4982
-1588 -3174 -2775 1506 -3061 4551
-1388 -3285 -2927 1226 -3069 4225
-1278 -3370 -2972 894 -3021 3645
-1345 -3429 -2979 640 -2756 2877
-1377 -3368 -2874 490 -2505 2316
-1401 -3121 -2754 319 -2138 1448
-1766 -2645 -2643 275 -1958 800
-1989 -2288 -2602 315 -1813 -235
-2624 -1584 -2418 383 -1771 -1017
-2724 -1043 -2225 438 -1768 -2178
-2733 -399 -1911 386 -1751 -2814
-2672 18 -1997 260 -1573 -3503
-3050 585 -1734 91 -1205 -3924
-3313 927 -1654 -256 -756 -4523
-3758 1323 -1483 -526 -827 -4896
-4032 1637 -1499 -942 -1567 -5457
-3945 2247 -1644 -1261 -2628 -5915
-3534 2493 -1924 -1348 -3106 -6062
-2687 2613 -1989 -1361 -3074 -5978
-1841 2282 -1517 -1400 -2655 -5719
-1381 2023 -1355 -1439 -1991 -5090
-1243 1823 -1168 -1437 -1684 -4676
-1058 1640 -734 -1527 -1461 -4117
-850 1319 -500 -1635 -1460 -3744
-688 915 -360 -1852 -1567 -3156
-690 690 -416 -2031 -1619 -2642
-1126 287 -494 -2096 -1479 -2490
-1254 197 -475 -2159 -1011 -2548
-1283 87 -502 -2178 -726 -2688
-1064 2 -442 -2210 -541 -2886
-908 -43 -363 -2323 -565 -2987
-647 -154 -255 -2468 -647 -2990
-603 -252 -190 -2786 -644 -2961
-589 -395 -192 -3141 -411 -2974
-621 -571 -142 -3387 -126 -3014
-633 -662 -235 -3657 308 -3083
-872 -945 -372 -3745 580 -3164
-991 -1094 -377 -3735 680 -3210
-987 -1303 -344 -3718 621 -3190
-1144 -1493 -265 -3738 494 -3159
-1351 -1565 -196 -3891 306 -3179
-2095 -1855 -260 -4139 307 -3421
-2562 -1925 -316 -4343 368 -3621
-2949 -2018 -321 -4727 476 -3856
-3497 -1947 -554 -4972 620 -3935
-3630 -1958 -799 -5211 739 -3731
-3816 -1737 -1335 -5217 734 -3108
-3968 -1669 -1608 -5149 820 -2543
-4402 -1430 -1556 -5213 1300 -1754
-4980 -1048 -1079 -5486 1653 -1344
-5484 -679 -807 -6131 1734 -965
-6083 101 -395 -6783 1223 -781
-6800 714 -178 -7051 770 -748
-7191 997 -105 -6953 108 -764
-7425 1378 304 -6559 -308 -708
-6939 1775 955 -5678 -972 -205
-5957 2207 2413 -5033 -1177 462
-5853 2351 3454 -4025 -1221 1616
-6310 2268 4713 -2832 -1744 2609
-6990 1646 5233 -1812 -2488 3123
-6905 1260 4891 381 -3952 3734
-5870 574 4220 2115 -4688 4194
-5183 228 3593 4529 -5109 4913
-4320 -310 2728 5758 -5133 5408
-5046 -1033 845 5351 -6494 5312
-2994 -1802 227 6758 -5974 6058
-2563 -1827 -239 7549 -5387 6555
-2614 -1923 -608 7922 -5120 6930
-2654 -2099 -894 7680 -4992 6894
-2478 -2176 -1333 7376 -4985 6694
-2256 -2119 -1575 6897 -5006 6317
-1930 -1734 -1876 6593 -4985 6063
-1905 -1488 -2002 6170 -4982 5658
-1797 -1205 -2196 5797 -5011 5217
-1328 -842 -2352 5580 -4728 5003
-1051 -623 -2489 5329 -3596 4884
-1155 -339 -2413 4999 -1979 4787
-1562 -82 -2178 4677 -950 4666
-1883 -39 -1863 3958 95 4441
-2325 -111 -1511 3362 400 4247
-2431 -125 -1428 2477 281 3881
-2326 -136 -1429 1759 -133 3383
-2104 -174 -1571 1440 -202 2976
-2156 -545 -1867 1214 215 2165
-2550 -907 -2028 1199 730 1435
-2704 -1376 -2127 1250 1094 712
-2681 -1592 -2090 1342 1011 -249
-2123 -1611 -1815 1327 563 -692
-1613 -1573 -1592 1095 -452 -1052
-1111 -1336 -1399 812 -1095 -1231
-801 -1142 -1220 244 -1624 -1624
-850 -1041 -1106 -446 -1431 -2286
-1289 -934 -1197 -849 -983 -2912
-1669 -987 -1351 -1233 -63 -4091
-2582 -1023 -1339 -1389 605 -5011
-3111 -931 -1296 -1480 1270 -6450
-3450 -745 -1136 -1571 1011 -7566
-3318 -650 -905 -1780 261 -7965
-2857 -508 -646 -2344 -1207 -8021
-2524 -368 -561 -2815 -1986 -7818
-2279 -302 -620 -3479 -2374 -7335
-2401 -487 -722 -3888 -1622 -6888
-2092 -491 -700 -3977 -640 -6511
-1619 -622 -684 -3862 683 -5743
-1343 -625 -700 -3663 1206 -5156
-1236 -622 -698 -3292 1537 -4315
-1088 -560 -529 -3022 1627 -3665
-987 -513 -420 -2938 1654 -3392
-933 -465 -392 -2960 1681 -3215
-940 -385 -573 -3013 1761 -3264
-990 -282 -737 -3058 2057 -3549
-1623 -305 -1084 -3033 2342 -3909
-2191 -116 -1181 -2917 2731 -4638
-2478 157 -1229 -2785 2412 -5261
-2637 629 -1278 -2747 1646 -5479
-2690 910 -1202 -2926 204 -5422
-3056 916 -1117 -3390 -508 -5037
-3052 1074 -1019 -3767 -272 -4581
-2954 1087 -1137 -4186 734 -3469
-3404 1007 -1389 -4285 1253 -2581
-4043 1055 -1566 -4221 1135 -1368
-5459 1097 -1908 -4060 620 -878
-6080 1232 -2033 -3802 -311 -551
-6128 1317 -1820 -3769 -728 -383
-5917 991 -1500 -3878 -614 -137
-5803 742 -1082 -4176 -376 642
-5688 606 -820 -4406 -418 1883
-5760 302 -229 -4577 -455 3115
-6072 70 62 -4600 -554 3611
-6657 -628 601 -4425 -622 3712
-7503 -1428 1087 -3811 -386 3151
-7741 -2355 1413 -2681 -573 2591
-7733 -3510 1717 -1741 -1000 2449
-7496 -4110 1993 -338 -1761 2701
-7446 -4863 2558 751 -2208 3261
-7140 -5489 2777 1334 -2389 3779
-7055 -5776 2683 2161 -2445 4543
-7096 -6061 2411 2958 -2399 5085
-7098 -6094 2253 3393 -2555 5326
-6703 -5936 1921 3881 -3073 5585
-5963 -5596 1503 4120 -3365 5737
-3836 -3431 -806 3197 -3614 5239
-4027 -5227 296 3785 -3764 5781
-3875 -4640 118 4438 -3116 6360
-3670 -4282 177 4571 -2738 6551
-3552 -3899 262 4309 -2235 6661
-3575 -3673 268 3905 -2218 6634
-3934 -3529 -10 3452 -2588 6520
-4158 -3405 -372 2900 -3834 6127
-1964 -2458 -2363 2415 -3920 3035
-1729 -2543 -2452 2364 -3796 3014
-1677 -2665 -2604 2330 -3159 2865
-1838 -2606 -2678 2324 -2522 2634
-2004 -2470 -2733 2316 -1736 2085
-2124 -2362 -2710 2270 -1476 1639
-2520 -1992 -2556 2105 -1347 812
-2695 -1397 -2417 1930 -1381 205
-2723 -954 -2282 1549 -1326 -699
-2903 -301 -2207 1244 -1158 -1276
-2968 207 -2256 817 -836 -2040
