-1864 299 -386 -9285 12521 -16451
-1742 256 -386 -7198 12251 -18394
-1601 200 -369 -4472 10405 -20219
-1242 151 -458 -3004 7759 -20544
-1021 139 -451 -1692 2059 -19896
-601 -35 -330 -1872 -3932 -18008
-421 -219 -196 -2899 -7572 -16359
-387 -283 -136 -5576 -12305 -14090
-479 -557 -29 -9106 -17373 -12866
-544 -667 104 -12000 -20182 -12644
-674 -823 302 -17360 -21798 -13334
-934 -1111 504 -21143 -21453 -14358
-1078 -1310 554 -26082 -20204 -16244
-1195 -1681 206 -28780 -19656 -17731
-1021 -2414 -259 -29431 -19740 -18132
-873 -2610 -398 -28777 -19514 -16992
-563 -3371 -684 -27863 -17823 -15496
-505 -3543 -692 -26710 -12810 -12782
-560 -4216 -280 -27732 -5991 -10408
-813 -4421 -22 -29681 -559 -9700
-1517 -4585 91 -32768 5989 -11524
-1996 -4502 123 -32768 7257 -14652
-2488 -4455 89 -32768 4397 -21381
-3623 -4211 189 -32768 320 -26571
-3971 -4046 222 -32768 -7907 -32768
-5012 -2909 282 -32768 -15080 -32768
-5109 -2613 176 -32768 -28935 -32768
-4588 -1859 -244 -32768 -32768 -32768
-3659 -1313 -701 -32768 -31876 -27626
-3119 -1476 -857 -32768 -13464 -13160
-3344 -1460 -466 -32768 -2248 -1755
-3765 -1341 -96 -32768 3455 13316
-6601 -803 2104 -32768 -3655 20964
-8588 -325 3245 -32768 -13068 21555
-8563 351 3792 -32768 -28943 19912
-7557 1442 4571 -32768 -32768 21601
-6707 2166 4923 -28979 -32768 24386
-5729 2937 5240 -9767 -32768 30967
-4469 3830 5516 3492 -32768 32767
-3617 3843 5107 22460 -32768 32767
-2164 3013 2537 32767 -32768 32767
-1731 2384 1114 32767 -32768 32767
-982 1226 -842 32767 -32768 32767
4540 886 -3270 32767 -32768 32767
-1054 2249 -113 32767 -2438 32767
-1998 3341 -2933 32767 14944 32767
-2051 1829 -2668 32767 -11626 32767
-1516 2311 753 32767 -16261 32767
-1464 1781 1001 32767 -17543 32767
-1963 1028 606 32767 -24864 32767
-2572 772 517 27516 -29155 32767
-2821 314 -31 18974 -32768 32767
-2625 -35 -325 15051 -32768 25974
-2265 -349 -510 13913 -32768 21582
-2203 -457 -589 13627 -32768 15135
-2018 -694 -703 14647 -32768 9385
-1631 -971 -930 16785 -32768 5319
-1351 -1173 -1068 18815 -32768 3726
-1161 -1386 -1162 22264 -32768 2517
-1059 -1635 -1244 24527 -30697 2287
-792 -1911 -1377 27429 -26622 2751
-471 -1916 -1416 28760 -23160 3427
-226 -1843 -1349 28922 -15663 4663
-372 -1584 -863 25388 -4727 4398
-921 -1323 -248 20599 1486 2853
-1202 -931 -216 10919 5370 -1832
-1784 -283 -205 -1544 -3402 -9261
-2311 -522 -700 -10624 -14550 -15610
-3008 -363 -153 -26603 -30598 -27073
-3622 517 1488 -32768 -32768 -32768
-4754 898 -268 -32768 -32768 -32768
-5305 1199 -3551 -32768 -32768 -32768
-4806 1506 -4248 -32768 -32768 -32768
-2053 18 -5041 -17697 -32768 -32768
-244 -1364 -4239 12307 -4745 -32768
1030 -3372 -2795 30694 27277 -32768
897 -3441 -1843 32767 32767 -28958
-794 -2146 -683 32767 32767 -12492
-3033 -1197 1200 32767 32767 -8980
-4898 -896 2081 14780 32767 -17237
-5071 -1100 1753 -8724 32767 -32768
-4262 -1551 1182 -21344 32118 -32768
-3041 -1879 453 -32768 7590 -32768
-1757 -2215 -630 -32768 -12272 -32768
-1345 -2454 -1356 -32768 -22277 -32768
-782 -2236 -1797 -28556 -28776 -32768
-372 -2382 -1742 -24307 -25779 -32250
-451 -2679 -1357 -19992 -13343 -30365
-867 -2565 -1001 -17999 558 -32768
-1167 -2410 -764 -17746 7387 -32768
-1494 -2260 -519 -18650 11587 -32768
-1407 -2161 -584 -20059 8037 -32768
-1322 -2087 -695 -20970 2495 -32768
-1116 -1805 -1105 -21923 -8058 -32768
-999 -1693 -1380 -22684 -18832 -32768
-1097 -1597 -1588 -23507 -24229 -32768
-1486 -1582 -1726 -24914 -28611 -32768
-1945 -1577 -1825 -26048 -29140 -32768
-2161 -1549 -1964 -27190 -26797 -32768
-2443 -1527 -2309 -26624 -25451 -32768
-2934 -1493 -2657 -25480 -24784 -32768
-3359 -1552 -2895 -23129 -20851 -32768
-3445 -1544 -2537 -22170 -15273 -30562
-3687 -1165 -2210 -23023 -10137 -23097
-4023 -766 -1881 -26688 -14050 -15360
-4244 -488 -1485 -30066 -18359 -10156
-4221 -342 -1481 -32768 -21165 -2972
-4115 -288 -1505 -32768 -19888 1130
-4315 -238 -1490 -32768 -16545 5271
-4598 -40 -1377 -32768 -15977 6927
-4796 290 -1569 -32768 -17506 7333
-4795 474 -1673 -32768 -21180 8318
-4878 891 -1638 -30431 -23509 9345
-4859 1091 -1569 -27614 -27208 11342
-4828 1222 -1241 -28038 -28162 14138
-5012 1495 -734 -30826 -26095 15832
-4942 339 921 -32768 -14032 20418
-5307 377 690 -32768 -8142 23729
-5523 -1244 874 -32155 -6046 29957
-6179 -2097 1252 -23410 -14348 32766
-8329 -3790 2813 -17713 -22515 30137
-8654 -4950 3645 -10384 -32768 23828
-8620 -5972 3986 -5 -32768 21372
-8750 -7088 3800 11355 -30361 23715
-8518 -9333 3649 32029 -20667 32767
-8225 -10295 3633 32767 -20049 32767
-8206 -10496 3697 32767 -20669 32767
-7774 -11128 3364 32767 -20174 32767
-7367 -11526 2882 32767 -17260 32767
-6661 -9785 2077 32767 -10247 32767
-6799 -11116 2656 32767 -17031 32767
-5992 -10383 2462 32767 -32768 32767
-4927 -10223 1747 32767 -32768 32767
-4097 -9639 936 32767 -32768 32767
-2921 -8167 526 32767 -32768 32767
-2900 -6729 -184 32767 -15559 32767
-3052 -6270 -827 32767 -1955 32767
-2816 -5928 -1490 30384 -15131 32767
-827 -5600 -2879 28185 -20647 27277
93 -5336 -3361 28942 -13565 17822
718 -4585 -3095 29787 -6134 13420
723 -4342 -2840 28644 -788 8039
383 -3610 -2013 24388 -5045 2624
-17 -2988 -1374 20528 -11191 -1360
-282 -2750 -1256 14853 -22794 -7227
-769 -2489 -1146 10192 -32768 -13068
-955 -2360 -1109 7729 -32768 -16830
-1344 -2185 -1080 4961 -32768 -22263
-1629 -2056 -959 3511 -32768 -25640
-1835 -1980 -910 1937 -32768 -29266
-2198 -1853 -904 1191 -32768 -30656
-2284 -1758 -769 -110 -32768 -31185
-2448 -1759 -434 -1508 -32768 -30623
-2515 -1769 -363 -4278 -31643 -29205
-2860 -1738 -170 -6347 -31645 -28483
-2962 -1744 -243 -8848 -31881 -28156
-3011 -1840 -334 -10390 -30451 -28488
-2994 -1913 -315 -10912 -27582 -28941
-3151 -2092 -378 -10756 -20292 -30081
-3240 -2277 -221 -10159 -13848 -30876
-3344 -2321 -115 -9148 -1885 -31862
-3756 -2653 -139 -7029 10317 -32254
-4257 -2955 -110 -5364 17133 -32094
-5008 -2955 158 -3819 23695 -31658
-5342 -2809 294 -3950 24555 -30513
-5939 -2674 166 -4642 22368 -29427
-6012 -2580 -18 -4817 16591 -27515
-6011 -2089 -700 -4263 12088 -26068
-5781 -1747 -787 -3603 5518 -23596
-5143 -1264 -770 -4488 -239 -20844
-4392 -646 -503 -6329 -2585 -19038
-3860 -226 -381 -10170 -4518 -16307
-3327 81 -379 -13665 -6129 -13380
-2843 282 -374 -15239 -7372 -11299
-2010 482 -503 -15933 -9510 -8323
-1621 530 -569 -15236 -10187 -6498
-1309 579 -559 -12969 -9386 -4300
-915 549 -618 -10911 -8638 -3186
-721 440 -723 -7169 -8182 -2012
-418 175 -972 -4460 -7523 -1718
-379 106 -939 -1161 -4495 -2421
-425 69 -842 545 370 -4545
-467 -205 -768 221 3465 -7287
-490 -305 -693 -1249 3688 -9137
-652 -805 -465 -5019 1138 -11588
-730 -1074 -361 -8409 -2407 -12919
-1013 -1808 -226 -23315 -18396 -16269
-1069 -1996 -338 -25971 -20418 -16486
-1075 -2317 -560 -28846 -23201 -16263
-1098 -2535 -574 -30476 -24446 -15690
-1183 -2958 -370 -32768 -25188 -14338
-1197 -3326 -233 -32768 -24768 -12899
-1355 -3704 -138 -32768 -20122 -10284
-1609 -4222 219 -32768 -13187 -8298
-2100 -4220 435 -32768 -1611 -6112
-2799 -4119 465 -32768 2341 -6524
-4041 -3679 812 -32768 -2190 -8840
-4368 -3175 1126 -32768 -7285 -10618
-4403 -2765 1301 -32768 -15462 -12541
-4294 -1875 1784 -32768 -19152 -13566
-3960 -1281 1887 -32768 -21423 -14054
-3890 -794 1829 -32768 -19137 -14067
-3570 -134 1772 -32768 -15375 -13166
-3137 243 1622 -32768 -10454 -9489
-4386 817 3138 -32768 -8901 -6069
-4945 1357 4872 -30230 -10386 -2857
-5354 1950 6764 -26230 -20245 4242
-6247 3547 8138 -23619 -32768 9228
-6570 4164 7921 -14758 -32768 13948
-5639 4639 7049 1323 -32768 17341
-4815 4481 5714 15927 -32768 20118
-4244 4176 3954 32767 -32768 23811
-3240 3453 1470 32767 -32768 26611
-1971 2834 1083 32767 -32768 27333
-802 1711 -2414 32767 -32768 32767
-536 1587 -6377 32767 -30445 32767
-55 4385 -5540 32767 -32768 32767
967 3568 -3098 32767 9201 32767
-617 2821 -171 32767 32767 32767
-2726 3437 457 32767 32767 32767
-3396 2597 652 32767 24848 32767
-3844 1595 966 32767 7042 32767
-4124 1032 318 19934 -19579 28634
-3879 640 -73 12873 -32768 19562
-3131 154 -224 9111 -32768 12282
-2622 -66 -279 7594 -32768 8549
-2019 -391 -346 6357 -32768 4190
-1584 -694 -446 6166 -32768 2072
-1490 -934 -566 6928 -32768 -641
-1444 -1168 -707 8720 -30680 -3450
-1475 -1407 -1039 11644 -28121 -6912
-1492 -1472 -1152 13844 -27159 -9535
-1340 -1465 -1228 17093 -25864 -12974
-889 -1514 -1319 19897 -23970 -14394
-669 -1506 -1335 21372 -21984 -14321
-429 -1409 -1481 23097 -17776 -13057
-262 -1261 -1490 23887 -13904 -11640
-228 -741 -1233 23686 -6780 -9502
-334 -190 -1182 22776 -2873 -8331
-581 4 -1132 20263 776 -7634
-1077 347 -1032 16374 4154 -8878
-1579 462 -1009 13441 7240 -10988
-2273 85 -979 8730 12356 -15184
-2850 -702 -975 5470 14857 -18215
-2991 -1057 -1015 954 16578 -22506
-3021 -1330 -1078 -2346 16179 -26398
-2735 -1786 -1177 -4538 14111 -30039
-2338 -1839 -1118 -5833 12563 -32300
-2011 -2013 -1099 -7651 10739 -32768
-1651 -2103 -1015 -9222 10098 -32768
-1404 -2106 -738 -12690 10729 -32768
-1393 -2035 -711 -16684 13021 -32768
-1556 -2008 -1072 -18547 14937 -32768
-1636 -2057 -1197 -20434 16994 -32768
-1737 -1958 -1395 -20828 17208 -32768
-1890 -2045 -1585 -20519 14006 -32768
-2052 -1541 -1773 -20455 9018 -32768
-2053 -1415 -1785 -21015 -328 -32768
-1925 -944 -2013 -22242 -9452 -32768
-1927 -771 -2119 -23276 -13668 -32768
-1946 -425 -2179 -25703 -16361 -32768
-1908 -218 -2454 -27266 -15943 -32768
-2002 -120 -2552 -28159 -11102 -32768
-2276 -107 -2919 -27598 -5961 -32768
-2974 -341 -3107 -25868 82 -32768
-3759 -490 -3076 -24998 1116 -32768
-4648 -504 -2424 -26898 -2276 -30976
-5410 -740 -1883 -32768 -9604 -25086
-5516 -701 -1744 -32768 -13631 -19975
-5487 -601 -1817 -32768 -15289 -10549
-5367 -285 -2521 -32768 -14084 -3621
-5350 -148 -2600 -32768 -11029 6497
-5527 48 -2550 -32768 -8563 14300
-5963 293 -2194 -32768 -6908 17289
-6104 263 -2079 -32768 -6725 19667
-6310 -17 -1429 -32768 -9763 21594
-6217 -202 -424 -32768 -11648 23675
-6037 -583 152 -32768 -11272 28399
-5649 -1334 107 -32768 -8855 32362
-5699 -1626 307 -32768 -5120 32767
-6422 -2611 1511 -31258 -4829 32767
-7192 -3237 2695 -25717 -10631 32767
-8081 -3652 3686 -21105 -18572 28774
-7663 -4741 3501 -8803 -25233 26205
-6825 -5878 3098 8485 -19649 31095
-6901 -6613 3292 19564 -15558 32767
-6969 -6688 3418 31248 -14594 32767
-7084 -7017 3456 32767 -17072 32767
-6922 -7363 3152 32767 -23188 32767
-6276 -7852 2096 32767 -27319 32767
-5407 -7429 -5785 29994 -14232 -1364
-4963 -8390 37 32767 -2388 32767
-4349 -7014 251 32767 20373 32767
-4250 -6481 -2 32767 32402 32767
-4243 -5661 -77 30349 23323 32767
-3600 -5474 -330 26314 11398 32767
-3318 -5356 -451 21221 -5947 32767
-2508 -4952 -858 18738 -15661 32767
-1821 -4570 -1385 16670 -29240 32767
-1419 -4318 -1846 16092 -32768 32767
-1227 -4112 -2048 15239 -32768 32767
-1059 -3781 -2150 13235 -32768 30829
-1014 -3532 -2161 11112 -32768 23862
-796 -3346 -2421 9097 -32768 17919
-705 -3264 -2501 7280 -32768 11604
-385 -2814 -2632 6811 -32768 8845
-302 -2638 -2668 6980 -32768 6165
-204 -2539 -2662 7224 -32768 4566
-206 -2413 -2491 6965 -32768 3558
-238 -2198 -2236 6272 -32768 2548
-259 -2229 -1998 5795 -29009 2337
-580 -2410 -1820 5228 -23503 1908
-879 -2567 -1812 5090 -19858 957
-1397 -2743 -1771 5087 -18543 -512
-1724 -2736 -1845 5196 -17653 -4291
-2153 -2755 -1876 4961 -15844 -10193
-2896 -2742 -1705 4159 -13490 -15008
-3493 -2496 -1544 2236 -9556 -22925
-4400 -2034 -1565 1054 -8193 -27918
-4874 -1753 -1657 -542 -8381 -32768
-5514 -1223 -1486 -2337 -8787 -32768
-6266 -347 -1138 -6674 -10124 -32768
-6546 192 -1196 -10014 -12380 -32768
-6411 471 -1323 -14345 -17161 -32768
-6081 713 -1380 -17398 -20854 -32768
-5626 979 -1514 -18560 -21361 -32768
-5302 1136 -1329 -19930 -18745 -32768
-4721 1270 -906 -20829 -16013 -32768
-4278 1256 -787 -21056 -11886 -32768
-3567 1184 -706 -20023 -8987 -32768
-3343 1063 -701 -16460 -4761 -29674
-3169 894 -657 -13125 -2243 -28609
-2886 784 -626 -7458 -184 -27557
-2425 685 -513 -3730 222 -26973
-2063 587 -456 1434 489 -26299
-1686 470 -519 4709 1057 -25863
-1505 394 -575 9227 2925 -25185
-1313 224 -601 11803 4216 -24781
-1185 144 -599 14522 5201 -24158
-913 51 -613 15478 5367 -23605
-737 -28 -443 15019 5725 -22634
-577 -85 -44 12862 6058 -22072
-518 -106 15 7416 5366 -21471
-425 -173 253 2688 3824 -21251
-448 -218 312 -5064 386 -21376
-427 -424 218 -10305 -2571 -21484
-404 -523 82 -16799 -7841 -21405
-576 -652 -576 -20683 -12548 -21813
-714 -544 -755 -22103 -14593 -22707
-758 -448 -922 -23364 -17158 -24418
-661 -477 -978 -24524 -20347 -25172
-628 -743 -1121 -25726 -20931 -24849
-558 -1287 -1291 -26364 -17764 -23647
-434 -1871 -1287 -28060 -10286 -19593
-461 -2603 -884 -32396 -4973 -14225
-2217 -2176 -1353 -32768 -17595 -2332
-2222 -1558 -1118 -32768 94 5069
-2867 -831 -914 -32768 4305 8808
-3470 -333 -693 -32768 -692 11516
-4312 330 -541 -32768 -9524 11985
-4397 489 -486 -32768 -11838 11983
-4990 872 -82 -32768 -11213 11747
-5319 948 127 -32768 -11615 10615
-7450 1423 1236 -32768 -18851 8481
-7858 1472 1655 -32768 -24164 8940
-7701 1925 3930 -31551 -25407 16701
-7703 1746 5290 -25853 -22208 25421
-7711 1755 5930 -14618 -21747 32767
-7847 902 5690 -4714 -30503 32767
-7009 192 4905 13839 -32768 32767
-5451 -1042 3202 27432 -32768 32767
-928 -2675 -3058 32767 -32768 32767
-828 -2354 -3352 32767 -32768 32767
-631 -2067 -3439 32767 -32768 32767
-418 -1682 -3212 32767 -31906 30317
-397 -1685 -3018 32767 -24485 25594
-192 -1593 -2368 32767 -21999 23636
-137 -1683 -2289 31425 -20101 21482
-181 -1913 -1980 22909 -15758 18689
-309 -1975 -2017 18128 -11726 16125
-389 -1996 -2001 12266 -6181 11825
-404 -1981 -1921 8998 -3331 8956
-281 -1710 -1852 5484 -116 5226
-284 -1463 -2139 4382 2196 2859
-413 -1491 -2258 4694 7299 -1172
-1155 -1737 -2551 5847 10874 -4381
-1484 -1902 -2461 7645 14372 -9499
-1943 -1875 -2015 7903 14641 -12833
-2470 -1859 -1843 7068 9439 -18289
-2870 -1910 -1613 5205 -1517 -23891
-3036 -1823 -1396 3450 -9212 -27603
-3299 -1490 -1281 1011 -18046 -32768
-3417 -1451 -1376 -431 -23574 -32768
-3513 -1410 -1397 -797 -24903 -32768
-4109 -1206 -1253 -1148 -23445 -32768
-4277 -1437 -1189 -1232 -20441 -32768
-4884 -1482 -1035 -1087 -12672 -32768
-5068 -1639 -709 -1002 -8237 -32768
-4811 -1819 -690 -915 -6268 -32768
-3896 -1836 -539 -1411 -8272 -32768
-3359 -1629 -484 -3276 -14462 -32768
-2923 -1360 -292 -6924 -20114 -32768
-2300 -1146 -74 -10384 -23013 -32768
-1938 -1174 5 -14526 -25068 -32768
-1690 -1092 51 -21115 -25104 -32768
-1352 -969 -251 -24949 -23026 -32768
-1280 -981 -346 -29098 -17587 -32768
-1092 -1042 -672 -31254 -11383 -32768
-1075 -1039 -749 -31686 -7924 -32768
-1369 -1239 -1084 -30935 -4308 -32768
-2084 -1461 -1147 -29631 -2061 -32768
-2161 -1373 -1144 -26958 1381 -32768
-2213 -1221 -1186 -25018 1563 -32768
-1992 -1131 -1107 -22911 -2090 -32768
-1736 -1081 -1033 -22481 -7929 -32768
-1629 -870 -946 -22910 -11792 -32768
-1685 -726 -993 -23758 -16262 -29205
-2040 -678 -1021 -24271 -17419 -27517
-2095 -526 -1082 -24697 -17074 -25733
-2265 -272 -1150 -25128 -17168 -24382
-2153 -127 -1251 -25505 -17720 -23010
-2182 -143 -1234 -26173 -16868 -20401
-2329 -208 -1184 -26780 -12896 -17746
-2526 -372 -1179 -27691 -9183 -14954
-2854 -651 -965 -29393 -6659 -12456
-3497 -1037 -951 -30456 -5434 -11288
-3990 -1010 -1031 -30997 -4346 -11086
-4490 -908 -1092 -29837 -6472 -11938
-4861 -701 -1388 -27956 -10634 -11746
-5019 -405 -2010 -23189 -18508 -9426
-4986 -234 -2470 -16818 -23509 -4328
-4359 -294 -2869 -13336 -22303 972
-4176 -355 -2569 -13906 -11534 11443
-4397 -576 -1480 -23018 2509 20950
-5473 -1253 -686 -31630 7598 25357
-6048 -1530 -529 -32768 6709 28898
-6648 -1868 -528 -32768 1134 29324
-7110 -2441 -637 -32768 -2805 29083
-7330 -2665 -674 -32768 -9229 28823
-7132 -3128 -120 -29305 -14762 29740
-6838 -3466 469 -21395 -23419 32372
-6282 -3965 1830 -17956 -27470 32767
-6028 -4583 2587 -13891 -23970 32767
-6452 -5346 2780 -7677 -11728 32767
-7031 -6154 2869 -1230 -7664 32767
-7958 -7063 3108 10952 -12789 32767
-8276 -7508 3271 19190 -22285 32767
-7956 -7830 3323 29558 -32768 32767
-7053 -8144 3224 32767 -32768 32767
-6935 -8430 2385 32767 -32768 32767
-6697 -8498 1439 32767 -32768 32767
-6585 -8413 775 32767 -32768 32767
-5992 -8143 -2432 32767 -32768 32767
-5943 -7205 -480 32767 -32768 32767
-5661 -7456 -2209 32767 -25834 32767
-5529 -6915 -1754 32767 -15987 32767
-5659 -6270 -2029 32767 -13678 32767
-5211 -5993 -2385 32767 -18770 32767
-4462 -5551 -2848 32767 -29526 32767
-3528 -5308 -3013 32767 -32768 32767
-2948 -4839 -2915 30902 -32768 32767
-2474 -4614 -2931 25985 -32768 32767
-1825 -4349 -3085 21631 -32768 32767
-1509 -4153 -3203 19500 -32768 32767
-1213 -3957 -3197 17003 -32768 31967
-425 -3627 -3427 15913 -32768 27393
-16 -3548 -3392 14733 -30242 21669
303 -3519 -3299 13346 -22045 17813
525 -3557 -3171 12162 -18423 15935
565 -3504 -2739 10722 -15828 14049
508 -3457 -2639 8473 -12939 10447
213 -3212 -2437 7399 -11283 7304
12 -3135 -2408 6997 -8395 1690
-423 -2953 -2412 7910 -5406 -4955
-910 -2675 -2289 8850 -4048 -9865
-1121 -2582 -2226 10160 -2662 -17854
-2089 -2205 -2107 11541 -3164 -26374
-2757 -1826 -2007 12359 -4815 -31905
-3327 -1798 -2128 13111 -9307 -32768
-4390 -1692 -1689 11969 -13355 -32768
-4724 -1488 -1678 8249 -20140 -32768
-5599 -1177 -1776 3455 -27460 -32768
-5461 -1088 -1771 -179 -31541 -32768
-5382 -841 -2018 -4251 -32768 -32768
-5090 -626 -2201 -5799 -32768 -32768
-4914 -563 -2222 -6399 -29328 -32768
-4304 -152 -1653 -6228 -18583 -32768
-4053 -52 -1382 -6005 -12536 -32768
-3965 54 -1202 -5484 -7692 -32768
-3999 154 -807 -5326 -7322 -32280
-3890 149 -647 -5577 -9414 -27319
-3752 243 -619 -5699 -12287 -24830
-3635 243 -638 -5576 -13186 -24164
-3361 116 -570 -5409 -11663 -24407
-3121 34 -581 -5078 -9837 -25213
-2934 3 -606 -4116 -7944 -26656
-2614 -30 -648 -2735 -7615 -27301
-1879 -41 -608 -1830 -7956 -26988
-1546 -2 -573 -836 -9374 -25689
-1253 30 -534 -411 -11199 -23779
-808 -25 -448 -613 -12170 -22487
-715 -28 -428 -1626 -12941 -20788
-562 -109 -376 -3417 -12486 -19808
-537 -236 -247 -5157 -11460 -19637
-649 -439 -122 -8428 -9695 -20192
-818 -632 -2 -10939 -8876 -21068
-967 -732 75 -14949 -8108 -22924
-1417 -965 218 -17688 -7365 -24711
-1558 -1020 258 -21503 -4913 -28124
-1833 -1118 386 -24756 -2527 -31351
-1788 -1264 598 -26713 -2201 -32768
-1692 -1293 597 -29014 -3919 -32768
-1695 -1439 572 -30171 -7012 -32768
-1693 -1969 386 -30171 -9435 -31209
-1591 -2325 218 -28977 -14178 -27278
-1933 -3145 -364 -27283 -17925 -24505
-2079 -3304 -401 -24658 -22506 -21577
-2590 -3679 -255 -23556 -23286 -20733
-2734 -3727 -164 -23467 -21144 -20750
-2950 -3389 -115 -24710 -19044 -20910
-2937 -3266 -160 -26145 -19663 -20366
-3241 -2997 -349 -28844 -22900 -19198
-3360 -2807 -535 -31428 -25786 -17840
-3317 -2659 -828 -32618 -26121 -16212
-3022 -2440 -1264 -32768 -23898 -12104
-2983 -2244 -1555 -32768 -19157 -7178
-3065 -1940 -1620 -32768 -15967 -3852
-3126 -1500 -1515 -32768 -15010 678
-3393 -1069 -1369 -32768 -15332 3075
-3450 -786 -1298 -32768 -14638 6691
-3331 -493 -1372 -32768 -13486 9749
-3206 -95 -1213 -32768 -9059 15728
-3448 97 -1005 -32768 -5969 20104
-3971 360 -656 -32768 -7724 26177
-5603 992 618 -32768 -13896 29278
-6211 1555 1656 -32768 -21918 32330
-6915 2034 2567 -32768 -25723 32767
-8444 2385 3994 -32768 -31227 30073
-9348 2516 4534 -32768 -32768 26556
-9102 2162 4881 -22853 -32768 27478
-6140 633 5325 -6568 -32768 32767
-5620 252 5282 19134 -32768 32767
-4879 -1198 4043 32767 -32768 32767
-4619 -1811 2433 32767 -32768 32767
-4070 -2445 515 32767 -32768 32767
-3789 -2961 -587 32767 -32768 32767
-2806 -3638 -1956 32767 -32768 32767
-2935 -3273 -1831 32767 -32768 32767
-2769 -3702 -2070 32767 -32768 32767
-2837 -3461 -2177 32767 -32768 32767
-2828 -3406 -2560 32767 -32768 32767
-2811 -2876 -2883 32767 -32768 32767
-2617 -2593 -2853 32767 -32768 32767
-2170 -2346 -2768 32767 -32768 32767
-1264 -2077 -2775 32767 -32768 31053
-1092 -2122 -2703 32767 -28601 28680
-536 -2449 -2064 32767 -21539 27322
-259 -2603 -1703 32767 -17333 26829
60 -2729 -1497 29489 -11585 25810
105 -2775 -1527 24478 -7589 24712
87 -3107 -1713 18311 -823 21802
-150 -2932 -1793 14904 3875 18996
-254 -2838 -1757 10880 10209 13791
-345 -2536 -1637 8515 14074 9840
-478 -2296 -1696 6055 16746 3907
-678 -2314 -1891 5188 16486 164
-935 -2124 -2095 5047 14782 -5579
-1205 -2048 -2190 5776 12601 -11581
-1489 -2018 -2185 6393 11128 -15822
-1919 -1961 -2034 6841 7748 -22047
-2239 -2005 -1791 6489 3365 -25832
-2462 -1946 -1672 5066 -6465 -31209
-3070 -1824 -1482 3704 -13228 -32768
-3241 -1735 -1383 1599 -21283 -32768
-3461 -1825 -1542 1187 -24745 -32768
-3936 -1596 -1635 1636 -25962 -32768
-4520 -1730 -1745 2542 -27641 -32768
-5066 -1787 -1561 2993 -26514 -32768
-5444 -1737 -1241 2755 -21173 -32768
-5725 -1763 -801 1295 -14374 -32768
-5613 -1939 -728 -545 -11423 -32768
-4952 -1897 -552 -1898 -11857 -32768
-4508 -1724 -414 -4442 -13892 -32768
-3671 -1451 -295 -7608 -16045 -32768
-3189 -1312 -246 -9935 -17568 -32768
-2540 -1110 -166 -13720 -19085 -32768
-2157 -1019 -137 -16357 -19071 -32768
-1702 -953 -174 -19980 -17739 -32768
-1488 -924 -269 -21870 -16377 -32768
-1289 -821 -538 -23432 -14264 -32768
-1231 -779 -680 -23856 -12733 -32768
-1122 -734 -864 -23922 -12382 -32768
-1090 -687 -839 -24537 -12731 -32768
-1076 -731 -961 -25209 -13388 -32768
-1075 -756 -1030 -26449 -14313 -32768
-1411 -872 -1338 -27762 -13557 -32768
-1799 -954 -1392 -28705 -12049 -32768
-2249 -1062 -1321 -30575 -10079 -32768
-2926 -761 -1249 -32612 -12756 -32768
-2988 -540 -1362 -32768 -17998 -32768
-2969 -539 -1539 -32768 -26508 -29494
-3034 -668 -1951 -31962 -29626 -22688
-2925 -530 -2350 -29520 -27971 -17764
-2973 -497 -2562 -24944 -22577 -10760
-2956 -532 -2519 -21628 -16514 -4521
-3195 -434 -2054 -21380 -12218 -1411
-3587 -275 -1771 -24091 -8069 875
-4091 -96 -1275 -27778 -8634 1393
-4327 -80 -901 -32768 -14328 2379
-4390 182 -1149 -32768 -18779 3410
-4342 256 -1306 -32768 -19593 5540
-4075 608 -1832 -32768 -15779 7381
-4186 755 -2042 -32214 -9266 9582
-4340 871 -1982 -25547 -5993 11233
-4492 902 -1746 -22617 -6937 12757
-4511 918 -1297 -21747 -7308 15981
-4552 833 -1155 -23962 -3824 19573
-4823 750 -1008 -26401 -3421 21306
-5683 226 -294 -31523 -9521 23456
-5811 -718 499 -32768 -15759 25960
-5846 -1736 1139 -32768 -22269 30580
-6123 -2431 1757 -32768 -19967 32375
-7227 -4327 2344 -32768 -11134 32532
-7554 -4781 2443 -28509 -10772 31889
-8916 -6444 3315 -16727 -18235 31382
-9451 -7585 3628 2222 -32768 30670
-9992 -9653 3256 15024 -32768 31122
-9723 -11078 2407 32767 -32063 32767
-9541 -10950 2196 32767 -21793 32767
-8057 -10999 2128 32767 -19664 32767
-7191 -10299 1890 32767 -22903 32767
-8720 -10977 4325 32767 -32768 32767
-5622 -10090 -428 32767 -25813 32767
-4166 -9754 -1132 32767 -9863 32767
-4618 -8004 -362 32767 8561 32767
-4667 -7263 -17 32767 8410 32767
-3957 -6597 -357 32767 -6823 32767
-2625 -6213 -1067 32767 -27274 32767
-1794 -5829 -1775 32767 -32768 32767
-962 -5219 -2790 32767 -32768 32767
-340 -4674 -3106 32767 -32768 32767
-208 -4488 -3197 32767 -32768 29327
340 -4182 -3359 27677 -32631 22318
534 -3798 -3220 23789 -27588 19185
573 -3582 -3048 18257 -24077 16170
499 -3138 -2670 15025 -23350 14641
380 -2838 -2407 11082 -22768 11840
150 -2449 -2032 9106 -22557 9442
78 -2338 -1922 7059 -22222 5335
-92 -2076 -1634 6087 -22168 1279
-218 -1962 -1483 5937 -22156 -1287
-690 -1727 -1219 6160 -21953 -5343
-897 -1579 -950 6321 -21835 -7853
-1045 -1572 -795 6368 -21380 -11210
-1224 -1538 -699 6279 -20930 -14140
-1522 -1675 -597 6225 -21149 -15666
-1656 -1697 -602 6252 -21662 -17634
-1962 -1830 -660 6461 -21654 -18832
-2172 -1935 -674 6724 -20874 -20606
-2768 -2048 -643 6562 -18789 -23355
-3257 -2211 -556 6021 -16488 -26009
-4346 -2452 -454 4747 -11367 -31285
-5568 -2686 -416 3526 -6318 -32768
-6404 -2697 -382 2719 -4488 -32768
-7333 -2531 -416 1235 -6360 -32768
-7506 -2495 -353 -628 -11090 -32768
-7354 -2360 -335 -4967 -20709 -32768
-6669 -1631 -401 -9901 -26405 -32768
-6547 -1441 -416 -12644 -25916 -32768
-6083 -728 -876 -14631 -21283 -32768
-5766 -425 -1012 -14797 -17111 -32768
-5361 -220 -1030 -14665 -11920 -32372
-4628 36 -931 -15003 -8800 -26838
-3656 352 -682 -15599 -7527 -22932
-3217 459 -559 -16680 -6533 -17706
-2669 555 -420 -17316 -5956 -15041
-2494 574 -399 -17625 -5234 -12432
-2049 609 -393 -17330 -5067 -11552
-1669 674 -365 -16290 -5533 -11171
-1317 663 -385 -14738 -6501 -11578
-1139 607 -395 -13487 -7099 -12085
-895 475 -496 -11217 -7649 -13173
-671 300 -638 -9409 -7607 -13976
-608 232 -672 -6494 -6548 -15267
-496 72 -645 -3817 -3960 -16834
-475 32 -623 -2456 -2017 -17999
-493 -141 -459 -1570 237 -19729
-529 -411 -178 -1789 948 -20765
-530 -499 -19 -3335 479 -22035
-608 -561 231 -6234 -1220 -23266
-694 -605 358 -8598 -2683 -24105
-777 -654 406 -12219 -5132 -25306
-956 -804 387 -14373 -7121 -26088
-1002 -846 378 -17139 -10345 -27154
-980 -992 308 -18569 -11543 -27636
-981 -1041 337 -20215 -10074 -27848
-972 -1574 194 -20740 -7781 -27531
-962 -1775 112 -20355 -4980 -25957
-882 -2801 -402 -18474 -5136 -22685
-881 -3243 -550 -16715 -6847 -20099
-1015 -3535 -274 -15385 -8359 -16731
-1513 -3871 74 -16646 -7595 -15166
-1930 -4065 185 -18781 -7604 -15316
-2571 -4040 264 -23598 -10442 -17380
-2785 -3968 227 -27187 -13791 -19695
-3117 -3652 -112 -31864 -20292 -22678
-3130 -3350 -568 -32768 -24681 -23579
-3056 -3152 -932 -32768 -29375 -23185
-3108 -2690 -1266 -32768 -31191 -21471
-3046 -2267 -1684 -32768 -32019 -17898
-2906 -1812 -1973 -32768 -30181 -14442
-2760 -1557 -2180 -32105 -26401 -7147
-2540 -1071 -1761 -32768 -22113 -1329
-2513 -858 -1563 -32768 -13977 7517
-2986 -414 -962 -32768 -11046 12232
-4214 57 -582 -32768 -12757 15867
-5157 170 -226 -32768 -16134 16925
-5583 417 195 -32768 -21619 19050
-6406 457 763 -32768 -24785 20119
-7568 392 1613 -32768 -28685 19923
-10085 656 3938 -32768 -32768 18646
-10423 773 5187 -32768 -32768 19799
-9997 560 6059 -22072 -32768 28190
-7929 339 6692 -5418 -32768 32767
-6277 -228 6821 22747 -32768 32767
-5821 -565 6473 32767 -32768 32767
-4533 -2001 3256 32767 -32768 32767
-3589 -2932 59 32767 -32768 32767
-3211 -3788 2333 32767 -32768 32767
-2458 -4022 -2374 32767 -32768 32767
-2098 -4032 -2546 32767 -32768 32767
-2243 -3952 -1991 32767 -32768 32767
-2167 -3848 -1918 32767 -32768 32767
-1926 -3747 -2557 32767 -32768 32767
-1656 -3500 -3008 32767 -32768 32767
-1196 -3029 -3077 32767 -32768 32767
-938 -2593 -2912 32767 -32768 32767
-815 -2318 -2653 32767 -25410 31887
-602 -2135 -2207 32767 -19951 28500
-425 -2324 -2053 32767 -14296 24782
-90 -2579 -1817 32767 -9776 22633
104 -2621 -1681 32767 -7202 21212
167 -2630 -1734 28107 -3632 18814
122 -2689 -1772 24266 -876 16705
-126 -2664 -1673 18481 3989 12292
-377 -2169 -1441 14461 7202 8460
-448 -2003 -1435 9267 9435 2271
-651 -1694 -1436 6486 8886 -1480
-947 -1516 -1496 3136 5312 -6635
-1315 -1508 -1708 915 472 -11548
-1594 -1605 -1767 -84 -1797 -14635
-1821 -1709 -1833 -886 -3549 -18673
-2335 -1993 -1979 -804 -4630 -21011
-2832 -2171 -2021 274 -6331 -24062
-3047 -1947 -1928 2287 -8350 -26611
-3106 -1790 -1886 3926 -10328 -27973
-3138 -1665 -1674 6174 -13043 -29683
-3413 -1625 -1545 7392 -14212 -31113
-3600 -1629 -1407 8541 -14702 -32768
-3588 -1856 -1427 9126 -12586 -32768
-3916 -1685 -914 8740 -10186 -32768
-3976 -1725 -838 7067 -8003 -32768
-3906 -1661 -646 5449 -7824 -32768
-3386 -1648 -384 2535 -10309 -32768
-2986 -1457 -281 384 -13311 -32768
-2604 -1213 -161 -3202 -17788 -32768
-1673 -984 -54 -7168 -20903 -32768
-1350 -913 -7 -10020 -22066 -32768
-1016 -830 -39 -14366 -22363 -32768
-755 -856 -101 -17272 -21399 -31752
-662 -939 -146 -21414 -18267 -29903
-662 -960 -281 -24901 -14455 -29101
-743 -994 -529 -26841 -12137 -29074
-784 -1092 -583 -29523 -9702 -29371
-887 -1160 -708 -31606 -8893 -30174
-1040 -1254 -863 -32656 -8855 -31045
-1174 -1199 -884 -32768 -8608 -32748
-1675 -1391 -1215 -32768 -8507 -32768
-2113 -1542 -1388 -32768 -8218 -32768
-2358 -1509 -1345 -32768 -8509 -32768
-2564 -1401 -1297 -32689 -9851 -32768
-2410 -1267 -1302 -32455 -13927 -32768
-2347 -1136 -1376 -31671 -18270 -32768
-2534 -925 -1426 -30848 -20503 -31059
-2609 -734 -1434 -29525 -23480 -27553
-2604 -575 -1455 -28588 -24780 -25264
-2519 -480 -1454 -27104 -24037 -21397
-2355 -453 -1532 -25354 -19146 -17179
-2629 -631 -1365 -24406 -14163 -14759
-2774 -657 -1238 -24433 -6543 -12449
-3351 -799 -922 -26190 -2960 -11878
-4185 -952 -813 -27739 -3738 -12089
-4423 -921 -863 -29210 -8342 -12279
-4652 -660 -1004 -29057 -11992 -12191
-4803 -280 -1520 -26278 -17746 -10926
-4500 -200 -2060 -21164 -22216 -6559
-4073 -48 -2533 -15173 -20641 741
-3880 18 -2692 -12003 -16521 6615
-4030 61 -2557 -11514 -10886 14891
-4314 -4 -1397 -18405 -5776 22140
-4708 -448 -1054 -26054 -4072 25842
-5174 -1126 -1053 -32768 -3857 29811
-5324 -1471 -1103 -32768 -3765 32622
-5681 -2059 -795 -32768 -4631 32767
-6464 -2661 -322 -32768 -10576 32767
-6897 -3109 97 -32768 -17329 31285
-7072 -3565 762 -32768 -24556 28379
-7360 -4256 1644 -29338 -26587 26491
-7659 -5143 2393 -17888 -30488 25042
-7621 -6441 3236 -8482 -31753 26117
-7716 -6957 3371 8473 -28257 30659
-7744 -8145 3910 20338 -25796 32767
-7822 -8388 4037 32767 -27762 32767
-7953 -8953 3899 32767 -32768 32767
-7769 -9210 3358 32767 -32768 32767
-7401 -9293 2707 32767 -32768 32767
-7037 -10207 433 32767 -32768 32767
-5678 -9164 -261 32767 -32768 32767
-4802 -8633 -643 32767 -32768 32767
-4840 -7652 -402 32767 -32768 32767
-5485 -6240 321 32767 -24836 32767
-5715 -5970 -70 32767 -17217 32767
-5136 -5742 -1613 32767 -26858 32767
-4369 -5416 -2524 32767 -31974 32767
-3557 -5085 -3211 32767 -30712 32767
-2654 -4505 -3374 32767 -24811 32767
-2177 -4064 -2955 32767 -22491 32767
-1965 -3870 -2584 32767 -22912 32767
-1647 -3614 -1970 32767 -26615 27982
-1409 -3568 -1854 28249 -30062 24353
-988 -3465 -2036 20486 -32768 19399
-1238 -1956 -1155 6847 -8304 -8230
-1469 -1905 -1108 5765 -7806 -13188
-2488 -1745 -1113 5249 -9597 -19349
-3277 -1678 -1182 5330 -11723 -24557
-4858 -1442 -1089 5315 -15895 -32768
-5434 -1177 -962 3758 -22591 -32768
-5778 -912 -1014 1634 -27662 -32768
-5910 -709 -945 -3948 -31957 -32768
-5916 27 -654 -8961 -31423 -32768
-5906 97 -707 -16099 -28288 -32768
-5595 65 -1036 -19753 -26258 -32768
-5491 35 -1020 -24022 -24557 -32768
-4887 21 -979 -26210 -24319 -32768
-4678 73 -933 -28531 -24042 -32768
-3937 216 -578 -30164 -22055 -29955
-3513 410 -325 -30993 -18173 -23929
-3156 534 -222 -30901 -15168 -21125
-2947 507 -219 -29853 -11357 -18333
-2785 442 -241 -27898 -8631 -16903
-2532 324 -305 -26167 -7241 -16603
-2273 281 -381 -23003 -6089 -16628
-1827 200 -493 -20558 -6038 -16657
-1694 164 -529 -16501 -6451 -16892
-1320 70 -634 -12212 -6367 -17467
-930 -33 -671 -9418 -5407 -18080
-889 -60 -652 -5736 -2266 -19363
-781 -164 -529 -3151 1769 -20965
-674 -301 -349 -2249 4094 -21998
-605 -477 -185 -2013 6726 -23307
-693 -641 -62 -3171 8697 -24828
-1263 -911 274 -4588 10297 -26524
-1418 -890 479 -7465 12736 -29657
-1538 -877 646 -10907 13704 -32768
-1664 -973 818 -13358 12589 -32768
-1641 -1006 874 -17131 8357 -32768
-1565 -1017 984 -19786 4327 -32768
-1561 -1032 995 -23839 -2271 -32768
-1454 -1499 869 -26193 -6496 -32768
-1430 -1648 792 -28689 -11796 -32768
-1583 -2309 106 -28559 -15605 -29942
-2021 -2885 -256 -27084 -16718 -27955
-2258 -3414 -452 -24140 -15373 -25140
-2698 -3969 -360 -22680 -12544 -23485
-3118 -4201 -167 -22285 -6704 -21076
-3702 -4326 -30 -23137 -4271 -18991
-3805 -3981 54 -26342 -7816 -14600
-3879 -3671 30 -29670 -14653 -10980
-4127 -3065 -120 -32768 -26467 -6161
-4360 -2558 -367 -32768 -32434 -3233
-3959 -1678 -808 -32768 -30058 -1127
-3752 -1028 -733 -32768 -20846 2818
-3741 -355 -772 -32768 -16397 6000
-3671 -196 -827 -32768 -14404 13450
-3628 248 -734 -32768 -14315 20009
-3743 415 -739 -32768 -14527 29174
-3885 1135 -719 -32768 -12188 32767
-3384 1958 -267 -32768 -8985 32767
-3215 2487 195 -32768 -3914 32767
-3638 3163 1076 -32768 -277 32767
-4388 4253 2438 -32768 -1754 32767
-4695 4625 3177 -32768 -9866 32767
-4880 4661 3593 -32768 -16955 32767
-4221 4004 3844 -32768 -23543 32767
-4017 3771 3864 -32768 -32768 32767
-3003 2912 3377 -26562 -32768 32767
-2476 1783 2133 -13226 -32768 32767
-1729 1255 1188 11759 -32768 32767
-1628 705 277 27418 -32768 32767
1433 -1597 -1176 32767 -32768 32767
3167 3647 -7354 32767 -32768 32767
1429 2045 -3359 32767 -32768 32767
373 1014 1646 32767 -14721 32767
-573 1176 1281 32767 8476 32767
-3210 1187 799 32767 -21182 32767
-3639 1160 535 11362 -32768 32767
-3716 1080 -465 3399 -32768 32767
-3277 964 -1137 -146 -32768 20349
-2260 512 -1641 2088 -32768 9900
-1789 319 -1803 5160 -32768 5055
-1409 285 -1919 11247 -32768 209
-1001 125 -2092 15830 -32768 -1860
-744 42 -2173 22747 -32768 -3698
-801 -64 -2112 26722 -32768 -4351
-878 -217 -1862 30059 -32768 -4146
-827 -400 -1593 30639 -31470 -2789
-613 -713 -1501 30663 -24108 707
-488 -842 -1658 30773 -17597 3064
-487 -802 -1535 30703 -4450 5821
-437 -657 -1535 30632 4333 7606
-301 -671 -1510 29682 13701 10502
-621 -724 -1442 28445 16553 11330
-1005 -751 -1407 25674 16271 9007
-1909 -853 -1275 23222 13836 4781
-2111 -953 -1314 19187 8608 -4481
-2180 -1268 -1233 15014 3086 -14995
-2184 -1309 -1243 12513 -557 -21931
-2115 -1627 -1383 9532 -6001 -31311
-2073 -1743 -1436 8202 -9078 -32768
-1787 -1948 -1579 7006 -11164 -32768
-1949 -2208 -1599 6614 -10333 -32768
-2043 -2366 -1621 6265 -7759 -32768
-2435 -2914 -1261 5639 -5269 -32768
-3140 -3032 -1073 3917 296 -32768
-4093 -3226 -928 1635 5718 -32768
-5703 -3219 -521 -237 9185 -32768
-6769 -3337 -543 -1967 12324 -32768
-6841 -3080 -727 -2184 11289 -32768
-6658 -3031 -817 -1867 3367 -32768
-5390 -2907 -958 -1989 -4685 -32768
-4797 -2531 -861 -3020 -15738 -32768
-3941 -1982 -672 -4895 -21837 -32768
-3407 -1736 -576 -6423 -23919 -32768
-2793 -1398 -383 -9381 -25451 -32768
-2408 -1184 -331 -12668 -25417 -32768
-1996 -970 -383 -14737 -24893 -30969
-1658 -847 -510 -17378 -24106 -26447
-1409 -761 -680 -19308 -23855 -23003
-1280 -679 -865 -19927 -23882 -21320
-1173 -569 -1058 -20235 -23442 -19792
-1126 -508 -1196 -20181 -22897 -19496
-1148 -319 -1555 -19527 -22147 -20181
-1133 -33 -1990 -18764 -21537 -21292
-1132 137 -2291 -17150 -19855 -23403
-1145 307 -2613 -15585 -17372 -25531
-1498 630 -2862 -15390 -16279 -26828
-1864 742 -2851 -17753 -18172 -28532
-2299 694 -2555 -23879 -21517 -28743
-2638 735 -2611 -29227 -21614 -27068
-2750 681 -2740 -32768 -14750 -21197
-3405 243 -2978 -32768 -5439 -15113
-4186 -176 -3044 -32768 3329 -4462
-5469 -686 -2729 -32768 -195 5294
-6133 -1123 -2380 -32768 -5977 10844
-6704 -1505 -1843 -32768 -12633 17359
-6925 -1181 -1559 -32768 -14907 21181
-6776 -949 -1176 -32768 -14043 23136
-6451 -840 -1082 -32768 -11854 26943
-6093 -782 -660 -32768 -11715 32585
-5538 -1136 250 -32768 -12619 32767
-5168 -1601 1277 -32768 -15288 32767
-5244 -2360 2020 -32768 -16230 32767
-5597 -3469 2336 -32768 -17062 32767
-5820 -4347 2934 -30018 -15141 32767
-6050 -5100 3235 -22325 -14479 32767
-6460 -5535 3486 -7891 -18662 32767
-6854 -5916 3912 2511 -24179 32767
-7101 -6347 3602 12932 -31731 32767
-7019 -6657 3075 27986 -32768 32767
-6835 -6966 2191 32767 -32768 32767
-6713 -7054 1885 32767 -32768 32767
-5519 -6852 730 32767 -32768 32767
-4625 -5184 -1815 32767 -32768 16977
-4175 -5710 163 32767 -20187 32767
-4620 -5036 -498 32767 -3924 32767
-4559 -4562 -268 32767 -3405 32767
-4489 -4097 -208 32767 -8068 32767
-3970 -3799 -617 32767 -17710 32767
-3405 -3585 -1141 32767 -23832 32767
-3233 -3484 -1294 32767 -30879 32767
-2838 -3373 -1853 32767 -32768 32767
-2735 -3309 -1985 32767 -32768 27110
-2360 -2810 -2227 32156 -32768 20189
-2113 -2572 -2294 30728 -32768 15735
-1601 -2320 -2349 28073 -32768 10565
-1133 -2090 -2317 26174 -32768 8324
-907 -1888 -2268 23326 -32768 6437
-698 -1770 -2235 20861 -31714 5939
-536 -1645 -2132 19237 -30083 5965
-305 -1459 -1731 16520 -27621 6016
-229 -1410 -1525 14592 -25386 5941
-244 -1442 -1275 11970 -20832 5441
-332 -1532 -1213 10167 -15553 4254
-665 -1738 -1101 9408 -11622 3011
-966 -1921 -1063 9017 -5622 635
-1447 -2228 -1082 9267 -1834 -2120
-1949 -2368 -1176 9859 -1009 -4649
-2671 -2420 -1126 10660 -743 -9297
-3329 -2626 -1160 10849 -945 -12637
-3636 -2706 -1192 10854 -2325 -18221
-4637 -2534 -1233 10451 -4130 -22199
-5046 -2360 -1204 8699 -7390 -28296
-5315 -2166 -1175 5395 -10465 -32768
-5225 -1464 -1251 2602 -12877 -32768
-5229 -1159 -1372 -1877 -17331 -32768
-5061 -914 -1447 -5047 -19994 -32768
-4745 -528 -1326 -10655 -22752 -32768
-4426 -151 -1568 -14059 -24042 -32768
-4167 67 -1642 -18052 -24271 -32768
-3686 199 -1577 -21171 -22660 -32768
-3510 234 -1534 -22910 -21636 -31363
-2732 367 -1174 -24517 -20860 -28827
-2196 442 -730 -26985 -19414 -25166
-1895 465 -534 -29248 -16821 -22307
-1621 450 -415 -30127 -14411 -20883
-1478 417 -300 -30296 -9998 -19940
-1566 362 -231 -29644 -6651 -20383
-1709 249 -150 -27645 -1589 -22242
-1990 20 -182 -24276 2807 -25477
-1903 -94 -237 -21251 5026 -27743
-1854 -110 -260 -15768 6885 -30622
-1855 -363 -384 -11750 7475 -32305
-1680 -374 -410 -5598 7255 -32768
-1398 -308 -393 -77 5256 -32768
-1199 -338 -285 2658 3144 -32534
-863 -341 -90 4906 -202 -29782
-683 -304 150 4822 -3469 -26422
-597 -287 284 3636 -5422 -24184
-535 -295 476 375 -7763 -21186
-509 -350 606 -2512 -9052 -19414
-546 -430 650 -7411 -10732 -17139
-566 -656 562 -10643 -11883 -15828
-559 -752 538 -15021 -13672 -14132
-642 -1010 470 -18721 -14681 -13063
-720 -1443 436 -20727 -14427 -12710
-735 -1646 436 -22996 -11743 -12515
-1062 -2285 284 -23863 -8447 -12681
-1219 -2620 209 -23736 -2145 -13682
-1725 -3721 -75 -21860 2823 -15330
-1890 -3893 -171 -19839 4326 -16930
-2324 -4149 -178 -16942 4730 -19684
-2494 -4176 -7 -15706 3565 -21239
-2605 -4183 110 -15195 -515 -22770
-2490 -3939 139 -15791 -4562 -22917
-2532 -3747 39 -17522 -11635 -22554
-2571 -3213 13 -19268 -15906 -22240
-2643 -3044 -49 -22106 -20872 -21941
-2796 -2530 -602 -24054 -24283 -21670
-2845 -2323 -916 -24393 -25186 -21434
-2837 -2068 -1180 -23898 -25133 -20449
-2689 -1895 -1565 -23122 -24698 -18847
-2577 -1815 -1783 -21854 -22009 -14874
-2484 -1608 -1862 -21424 -18586 -11263
-2528 -1342 -1845 -22359 -13938 -4757
-2715 -1105 -1769 -25845 -12261 1779
-3508 -835 -1559 -29728 -12923 5530
-3728 -802 -1617 -32768 -15269 10633
-4047 -569 -1508 -32768 -13138 15293
-4492 -344 -1468 -32768 -11754 17491
-5163 66 -1370 -32768 -14867 19976
-5661 350 -990 -32768 -19596 22065
-6071 574 -631 -32768 -21559 22955
-6032 1174 283 -32768 -21759 24929
-5897 1370 623 -32768 -18102 29608
-5835 1841 2712 -30456 -16676 32767
-6808 1600 4031 -23827 -20082 32767
-7972 1250 5674 -15754 -27598 32767
-8155 733 6111 -7339 -32768 32767
-7339 -513 6245 10362 -32768 32767
-6158 -2009 5251 24953 -32768 32767
-5599 -3343 4196 32767 -32768 32767
-4945 -4256 2607 32767 -32768 32767
-2931 -4275 4081 32767 -32768 32767
-3984 -4731 346 32767 -32768 32767
-3318 -5430 -1653 32767 -32768 32767
-3317 -5090 -1756 32767 -32768 32767
-3404 -4695 -1715 32767 -32768 32767
-3469 -4365 -1938 32767 -32768 32767
-3114 -3989 -2324 32767 -32768 32767
-2938 -3624 -2596 32767 -32768 32767
-2672 -3388 -2683 32767 -32768 32767
-2341 -3048 -2701 32767 -32768 32767
-1694 -2921 -2679 32767 -21463 32767
-1012 -2939 -2251 32767 -12450 32767
-556 -2684 -2004 32767 -1525 32767
-110 -2567 -1895 32767 2398 32767
323 -2443 -1753 27756 5999 32767
290 -2780 -1976 22704 7531 32767
180 -3132 -2012 15397 9909 28377
-146 -3325 -2145 11122 12040 20799
-332 -3380 -2164 6374 14049 7082
-436 -3562 -2162 3692 12396 -6529
-630 -3692 -2204 3164 9087 -14811
-708 -3687 -2189 3533 2577 -26186
-1186 -3327 -1974 4260 -4220 -32768
-1216 -3103 -1760 4160 -9069 -32768
-1277 -2917 -1571 3293 -15307 -32768
-1712 -2682 -1375 2778 -17818 -32768
-1851 -2688 -1334 2512 -19355 -32768
-2927 -2657 -1359 3547 -18599 -32768
-3565 -2747 -1440 5152 -17495 -32768
-4124 -2867 -1409 7862 -15463 -32768
-4904 -3095 -1257 9612 -12375 -32768
-6200 -3335 -933 9985 -10155 -32768
-6568 -3312 -750 9352 -8044 -32768
-6767 -3329 -777 8578 -7926 -32768
-6581 -3355 -826 7525 -9077 -32768
-6198 -3212 -865 6872 -12042 -32768
-5738 -2802 -830 6387 -13845 -32768
-5129 -2411 -690 4969 -16189 -32768
-4385 -1949 -537 2441 -19271 -32768
-3899 -1654 -402 21 -21332 -32768
-3234 -1259 -343 -4107 -24116 -32768
-2612 -1024 -415 -6877 -25782 -31894
-2214 -886 -503 -10525 -26586 -30139
-1739 -699 -667 -13199 -24780 -28716
-1456 -644 -752 -14544 -23025 -27909
-1112 -612 -804 -16192 -20710 -26963
-1053 -602 -753 -17965 -18517 -26559
-1561 -1104 -1097 -23186 -7961 -31702
-1518 -1049 -1145 -22615 -5443 -32451
-1723 -916 -1199 -22159 -5718 -32102
-1758 -842 -1128 -22588 -8736 -30131
-2190 -943 -1010 -24800 -14338 -27123
-2464 -1121 -1005 -27211 -18710 -24970
-3233 -1591 -946 -31864 -23640 -22603
-4036 -1929 -1061 -32768 -25498 -21866
-4285 -1861 -1165 -32768 -28252 -20684
-4262 -1632 -1395 -32768 -30428 -18968
-4158 -1580 -1432 -32768 -32768 -13720
-3736 -1167 -1625 -32768 -32768 -8692
-3668 -1063 -1691 -31624 -32768 -275
-3293 -830 -1799 -25866 -32768 8319
-7116 -4006 863 -32768 -3703 32374
-7476 -4293 945 -32768 -15307 29561
-8480 -5092 1145 -20609 -32325 25949
-8758 -6496 2190 -8793 -32768 24242
-8258 -7041 3045 6223 -32768 25471
-7470 -7817 4080 14086 -32768 29285
-7154 -8170 4339 25396 -26683 32767
-7495 -8691 4182 32767 -26241 32767
-7955 -9222 3768 32767 -32768 32767
-8208 -9701 3200 32767 -32768 32767
-7784 -10247 2092 32767 -32768 32767
-6236 -10162 120 32767 -32768 32767
-4722 -9201 -3613 29369 -30633 -32768
-4911 -8921 -1888 32767 -4637 32767
-6083 -8231 -1919 32767 -12651 32767
-6821 -8118 -498 32767 -32768 32767
-6867 -8209 -645 32767 -32768 32767
-5974 -7901 -1598 32767 -32768 32767
-4586 -7566 -3229 32767 -32768 32767
-4371 -7262 -3374 32767 -27787 32767
-3742 -6289 -3231 32767 -23200 32767
-3597 -6067 -3128 32767 -22399 32767
-3082 -5299 -2845 30903 -22709 32767
-1680 -4730 -2893 26335 -22217 32767
-1292 -4615 -2925 20781 -19812 32767
-221 -4198 -2868 17854 -18083 32767
-69 -4094 -2772 13549 -17326 29454
270 -3824 -2472 9403 -17247 22571
549 -3549 -2322 7335 -17087 17660
670 -3329 -2287 5889 -16836 9898
910 -3076 -2256 5807 -16294 4720
869 -2906 -2177 6370 -14895 -3213
528 -2561 -1967 6521 -14046 -11802
341 -2385 -1781 5889 -14308 -17343
90 -2230 -1646 4254 -15717 -24935
-700 -2213 -1656 3232 -15918 -29638
-1237 -2239 -1627 2105 -13847 -32768
-2166 -2356 -1490 1363 -12000 -32768
-2494 -2402 -1409 908 -11887 -32768
-3156 -2302 -1188 547 -13075 -32768
-3960 -2300 -1135 686 -13933 -32768
-4394 -2315 -1084 1237 -13983 -32768
-4899 -2269 -991 1590 -13959 -32768
-5549 -2195 -910 1473 -13602 -32768
-6030 -1890 -497 734 -13063 -32768
-5833 -1702 -183 -894 -12689 -32768
-5550 -1447 -455 -333 -14162 -32768
-5027 -1052 -765 1186 -15340 -32768
-4665 -952 -1108 4677 -16756 -32768
-4214 -586 -1338 6696 -16991 -30873
-3943 -292 -1023 6777 -16219 -27038
-3284 -105 -409 3450 -15844 -24547
-2996 -35 -209 220 -15439 -23359
-2513 69 -180 -2904 -14980 -22286
-2333 25 -241 -6208 -14744 -20474
-1766 -115 -432 -7578 -14086 -18614
-1670 -121 -466 -7603 -13448 -17678
-1260 -220 -607 -6775 -12556 -16642
-1071 -266 -616 -6021 -11952 -16280
-871 -275 -602 -5057 -10867 -16447
-765 -304 -601 -4765 -8607 -17565
-865 -473 -442 -5110 -6094 -19093
-973 -549 -385 -6082 -2348 -22093
-1052 -686 -320 -6949 -1269 -24181
-1141 -843 -245 -8567 -2086 -27001
-1265 -1002 -190 -9763 -3822 -28705
-1313 -1146 -109 -11804 -7604 -30717
-1538 -1255 20 -13373 -10174 -31877
-1623 -1334 213 -15890 -12549 -32768
-1606 -1515 312 -18465 -13649 -32768
-1604 -1933 411 -20139 -13935 -32593
-1615 -2293 451 -22326 -13529 -30266
-1715 -2774 372 -23563 -13478 -26862
-1773 -3092 346 -24087 -14567 -24216
-1853 -3793 239 -24900 -18522 -19651
-1976 -4131 286 -26885 -23612 -15464
-2203 -4625 257 -28914 -27102 -13231
-2170 -4687 295 -32768 -31686 -10480
-2137 -4617 299 -32768 -32768 -9398
-2409 -4411 228 -32768 -32768 -10065
-2951 -3791 160 -32768 -32623 -12324
-3406 -3486 -160 -32768 -29944 -17574
-3741 -3369 -545 -32768 -30262 -22148
-3607 -2675 -1062 -32768 -29095 -22302
-3322 -2575 -1189 -32768 -25068 -18412
-2471 -1992 -1212 -32768 -15506 -8097
-2690 -1748 -1038 -32768 -11262 -155
-3218 -1637 -581 -32768 -8649 9829
-4066 -1328 184 -32768 -8955 13451
-6231 -131 1983 -32768 -11684 14932
-7992 156 2801 -32768 -19265 14010
-9834 549 3871 -32768 -24813 13307
-9991 683 4681 -32768 -32768 18431
-8854 1247 6282 -28077 -32768 32767
-8152 1499 7174 -15061 -32768 32767
-7066 1916 7947 3548 -32768 32767
-6273 1730 7642 14359 -32768 32767
-5446 884 6650 30158 -32768 32767
-4546 -525 4958 32767 -32768 32767
-3531 -2966 1730 32767 -32768 32767
-3816 -2970 2263 32767 -32768 32767
-3455 -4109 -1780 32767 -32768 32767
-3446 -4143 -1866 32767 -32768 32767
-3637 -3783 -2032 32767 -32768 32767
-4849 -3119 -1853 32767 -32768 32767
-5019 -3021 -2146 32767 -32768 32767
-4591 -2995 -2633 32767 -32768 32767
-4320 -2795 -2674 32767 -32768 32517
-4202 -2756 -2631 32767 -32768 28827
-3301 -2517 -2299 32767 -32768 26100
-3006 -2511 -2255 32767 -32609 23115
-1898 -2724 -1995 32767 -24040 21662
-1452 -2889 -1783 32767 -18426 21218
-959 -3211 -1607 32767 -12536 20632
-515 -3713 -1426 32767 -9523 20330
-279 -4099 -1482 25895 -6050 19550
-163 -4262 -1549 19362 -4246 17667
-95 -4178 -1492 13426 -1378 14090
-17 -3669 -1515 10127 695 11018
41 -3592 -1549 6105 2536 6430
96 -3338 -1556 2613 4145 1822
20 -3223 -1595 750 5080 -1633
-270 -2937 -1845 -1205 5838 -7025
-586 -2631 -2094 -1578 6823 -10910
-981 -2336 -2316 -546 10479 -17696
-1446 -2065 -2405 1436 15091 -25066
-2063 -1765 -2084 2147 16848 -29449
-2678 -1388 -1809 2402 15746 -32768
-3447 -1052 -1441 1888 11213 -32768
-3975 -1143 -1289 1246 7197 -32768
-4528 -1392 -1213 845 1396 -32768
-4742 -1417 -1239 2224 -1956 -32768
-4613 -1334 -1413 4357 -2877 -32768
-4069 -1207 -1595 8644 -3723 -32768
-3523 -1106 -1621 12432 -4055 -32768
-3285 -957 -1565 13942 -3731 -32768
-2941 -760 -1511 14310 -1932 -32768
-2618 -581 -1334 11324 -2138 -32768
-1903 -263 -1082 7340 -4676 -32768
-1344 -410 -717 -1578 -10362 -32768
-1033 -513 -646 -8404 -14353 -32768
-929 -556 -642 -18095 -18647 -32768
-840 -775 -902 -25099 -18958 -32506
-731 -611 -1087 -27707 -17185 -31679
-573 -604 -1472 -28958 -14444 -30355
-517 -477 -1550 -28723 -13264 -29747
-542 -390 -1487 -27812 -12805 -29420
-592 -355 -1438 -27310 -14173 -30000
-693 -258 -1276 -27582 -15920 -30738
-742 -234 -1240 -28999 -19011 -32410
-866 -255 -1379 -30114 -21325 -32768
-1407 -376 -1892 -30831 -23002 -32768
-1821 -430 -2346 -30415 -21477 -32768
-1979 -409 -2372 -29311 -17224 -32768
-2469 -554 -2560 -28559 -16677 -32768
-2601 -699 -2638 -27963 -21180 -32768
-3401 -1370 -2496 -28439 -23553 -32768
-3630 -1563 -2586 -29090 -22901 -32768
-3711 -1675 -2811 -28092 -19679 -29198
-3720 -1743 -2849 -27014 -17464 -23798
-3775 -1863 -2762 -26198 -16216 -14367
-3975 -2058 -2123 -27590 -15530 -5514
-4296 -2046 -2168 -28785 -15326 -1553
-4601 -2021 -2053 -31151 -12549 1394
-4879 -2093 -2256 -32477 -10195 2407
-4913 -2183 -2443 -32768 -9567 4080
-4968 -1721 -2583 -32768 -9276 5254
-4822 -1702 -2586 -32768 -5607 8201
-4901 -1724 -2377 -32768 -726 10437
-5128 -1672 -2287 -32768 1742 12003
-5823 -1559 -1567 -32768 -1286 11858
-6547 -1578 -452 -32768 -7769 12206
-6709 -2206 -55 -32768 -10763 13872
-6488 -3049 992 -32768 -8541 19436
-6556 -3491 1815 -32768 -5924 24084
-7148 -3868 2701 -32768 -9038 28545
-8629 -4628 4031 -32768 -16298 29126
-8806 -5227 4694 -18980 -26330 30158
-7975 -6700 5070 -5144 -28224 32471
-7860 -7225 5216 16159 -29568 32767
-7766 -7854 5126 28328 -31834 32767
-7854 -8685 4293 32767 -32768 32767
-7793 -9454 3028 32767 -32768 32767
-7478 -9826 2011 32767 -32768 32767
-6959 -10193 984 32767 -32768 32767
-5447 -6558 -1104 32767 -26496 32767
-5675 -9995 -1044 32767 -10771 32767
-6176 -9463 -1070 32767 -8398 32767
-6342 -9214 -817 32767 -12172 32767
-6096 -9030 -1133 32767 -18605 32767
-5168 -8780 -1985 32767 -28047 32767
-4386 -8495 -2738 32767 -32536 32767
-3588 -7957 -3235 32767 -31945 32767
-2759 -7414 -3492 32767 -29262 32767
-1210 -6537 -3379 31496 -26219 32767
-478 -6097 -3215 26827 -25555 32767
-206 -5943 -3119 18723 -26468 32767
617 -5649 -3227 13485 -26892 32767
1117 -5182 -3211 6863 -23918 32767
1417 -4884 -3430 3156 -19457 30117
1489 -4701 -3473 2466 -16632 24645
1331 -4301 -3365 3073 -13317 15371
1140 -3805 -3032 3892 -12634 8676
1048 -3420 -2672 4573 -13439 -1356
1016 -3093 -2266 4051 -16019 -9915
999 -2854 -1923 3201 -18076 -14448
836 -2675 -1760 2208 -19858 -19841
455 -2654 -1720 1800 -19426 -23110
-334 -2692 -1671 1660 -15931 -28561
-1132 -2825 -1535 1812 -11832 -32768
-1770 -2827 -1382 2570 -6488 -32768
-3542 -2850 -1212 3322 -6363 -32768
-3932 -2900 -1219 4122 -11299 -32768
-5443 -2793 -1060 3420 -16872 -32768
-6058 -2651 -1039 2109 -19433 -32768
-6419 -2630 -1021 -368 -19389 -32768
-6769 -2397 -1026 -1736 -13867 -32768
-7081 -1998 -1017 -1493 -9689 -32768
-6981 -1873 -1078 661 -5034 -32768
-6656 -1438 -1080 3874 -3202 -32768
-6487 -1036 -1190 6102 -5271 -32768
-6173 -663 -1081 8080 -10613 -32768
-5362 -68 -836 7776 -14308 -28164
-5072 104 -740 6541 -14971 -24836
-4390 412 -813 4459 -15159 -21669
-3980 508 -879 2679 -15291 -20449
-3426 608 -671 -827 -14752 -19342
-2942 596 -501 -3482 -14346 -18839
-2595 574 -436 -7224 -14446 -18010
-1971 465 -491 -9199 -14970 -17377
-1709 377 -549 -11187 -15856 -16570
-1349 241 -601 -11984 -16061 -16157
-1125 132 -655 -12545 -15166 -15822
-856 34 -656 -12766 -12591 -16075
-784 -89 -633 -12855 -8529 -17064
-1009 -321 -612 -12777 -5079 -18413
-1090 -370 -603 -12426 -122 -21227
-1507 -602 -620 -11962 1894 -23376
-1653 -719 -596 -11227 2278 -26594
-1738 -745 -570 -10704 -889 -29140
-1720 -718 -359 -10908 -4549 -30221
-1656 -753 -292 -12171 -11290 -30709
-1534 -899 -243 -13496 -15352 -30445
-1433 -1125 -157 -15842 -18036 -29224
-1404 -1221 -177 -17830 -16753 -27160
-1262 -1624 -353 -18577 -15109 -25229
-1274 -1996 -537 -18640 -13517 -22121
-1966 -2929 -1003 -18217 -13160 -20685
-2111 -3265 -990 -18079 -13254 -19333
-2192 -3505 -974 -18852 -13872 -18470
-2363 -3787 -820 -21827 -15896 -17627
-2713 -3778 -737 -24890 -17617 -17599
-2826 -3801 -749 -30685 -20820 -18071
-3067 -3819 -847 -32768 -23172 -18071
-3113 -3736 -915 -32768 -26190 -17262
-2968 -3404 -1295 -32768 -27176 -14727
-2703 -2981 -1614 -32768 -26083 -11987
-2766 -2559 -1742 -32768 -24073 -7529
-2726 -2271 -1804 -32768 -21689 -4372
-2634 -2079 -1713 -32768 -14440 1267
-2758 -1601 -1358 -32768 -8420 7328
-2954 -1461 -1180 -32768 -7047 10747
-3842 -1109 -252 -32768 -9044 14643
-4136 -936 87 -32768 -11863 15807
-5259 -520 1385 -32768 -17029 15768
-6040 -25 2882 -32768 -21694 15234
-7364 300 4304 -32768 -29135 12852
-8338 894 5583 -32768 -32768 10676
-8007 928 6113 -25119 -32768 11890
-6798 361 6226 -8364 -32768 18789
-6274 28 6413 17599 -32768 32767
-5559 -329 5696 32767 -32768 32767
-5317 -486 5093 32767 -32768 32767
-4500 -1182 2289 32767 -32768 32767
-4068 -1729 1077 32767 -32768 32767
-7275 -2504 1162 32767 -32768 32767
-2687 -4091 -2562 32767 -32768 32767
-2352 -4133 -2627 32767 -32768 32767
-2658 -3904 -2268 32767 -32768 32767
-2463 -4126 -2337 32767 -32768 32767
-2203 -3861 -2554 32767 -32768 32767
-2112 -3898 -2686 32767 -32768 32767
-1980 -3140 -2765 32767 -32768 32767
-1939 -2934 -2804 32767 -32768 32767
-1512 -2077 -2668 32767 -32768 32767
-1153 -1734 -2490 32767 -32768 29622
-894 -1736 -2407 32767 -32768 24821
-655 -1901 -2029 32767 -26734 19156
-617 -1939 -1668 32767 -20406 16199
-474 -2257 -1328 32767 -12804 13403
-323 -2373 -1176 28894 -7313 12250
-230 -2463 -1101 25643 -3957 11608
-264 -2429 -1222 22018 1750 9939
-467 -2038 -1276 20079 6280 8142
-710 -1854 -1385 17702 13057 4327
-1014 -1750 -1345 16142 16780 1040
-1702 -1661 -1336 13560 20710 -5087
-2038 -1762 -1368 10695 21368 -11141
-2315 -1771 -1306 8353 19783 -14573
-2348 -1769 -1328 4971 14475 -18588
-2417 -1834 -1426 3122 9930 -20929
-2372 -2034 -1578 1446 4000 -24075
-2507 -2315 -1883 1464 413 -27819
-2527 -2502 -2087 2601 -838 -30979
-2621 -2398 -2252 5950 -1472 -32768
-2817 -2217 -2304 10338 -1214 -32768
-3162 -1765 -1956 12587 -1887 -32768
-3306 -1653 -1640 13424 -5315 -32768
-3477 -1657 -1228 10868 -10851 -32768
-3393 -1609 -963 7479 -15487 -32768
-3272 -1599 -716 643 -22733 -32768
-2567 -1432 -525 -7456 -30385 -32768
-2046 -1358 -630 -12709 -32768 -32768
-1666 -1341 -708 -19627 -32768 -32768
-1223 -1450 -779 -25217 -32768 -32768
-963 -1719 -821 -28172 -32768 -32768
-895 -1824 -791 -31436 -28340 -32768
-791 -1967 -738 -32768 -15719 -32768
-844 -2188 -725 -32768 -8829 -32768
-993 -2332 -773 -32768 -2665 -32696
-1440 -2456 -782 -32768 -1165 -32768
-1974 -2463 -869 -32768 -2673 -32768
-2269 -2304 -1013 -31441 -5666 -32768
-2724 -2191 -1146 -28140 -10247 -32768
-3668 -2098 -1508 -25195 -12277 -32768
-3563 -1641 -1583 -20846 -14625 -32768
-3295 -1529 -1509 -18223 -17265 -32768
-2861 -1619 -1360 -17727 -19514 -32768
-2850 -1602 -1357 -18825 -24593 -32768
-3122 -1323 -1380 -21233 -30561 -32768
-3076 -1070 -1455 -23013 -32768 -32768
-3186 -928 -1805 -24929 -32768 -23284
-3213 -918 -2040 -25776 -29678 -13826
-3358 -750 -2040 -26215 -24508 -8525
-3405 -672 -1941 -27626 -16217 -2119
-3798 -351 -1613 -30024 -11936 1855
-4456 -328 -1407 -31778 -12603 3330
-4732 -271 -1427 -32768 -16465 4479
-4978 -171 -1672 -32196 -20534 4868
-4980 134 -1876 -30170 -22497 4879
-4958 289 -1915 -26061 -21709 4768
-4889 922 -2018 -23167 -18907 4786
-4764 1388 -1847 -20088 -13385 6356
-4633 1935 -1689 -19199 -11123 8649
-4418 2058 -1250 -21300 -9113 14248
-4032 1781 -342 -27393 -7326 20550
-4602 1615 386 -31979 -7923 22498
-5141 1150 535 -32768 -9861 22474
-5099 233 304 -32768 -10633 22615
-5104 -362 688 -29268 -11393 23505
-5571 -991 1328 -22706 -17200 24836
-6512 -2575 2135 -17266 -23090 25455
-7320 -4203 2867 -5919 -29873 26673
-8092 -5514 3343 4389 -31313 27902
-8813 -6688 4078 23332 -26240 31730
-9660 -8563 5045 32767 -21513 32767
-8307 -9225 5477 32767 -15203 32767
-6294 -9067 5470 32767 -13617 32767
-5988 -9083 5559 32767 -16047 32767
-6298 -9057 6380 32767 -25634 32767
-4341 -11156 13822 32767 -8443 32767
-4544 -10160 5875 32767 -32768 32767
-3702 -8432 4016 32767 -32768 32767
-3361 -8762 3588 32767 -32768 32767
-3393 -7987 3177 32767 -32768 32767
-3430 -7805 2871 32767 -32768 32767
-3164 -7311 1370 32767 -32768 32767
-2964 -6723 199 32767 -32768 21270
-2420 -5785 -1101 32767 -32768 5220
-1430 -5262 -1752 32767 -26860 -1208
-870 -4774 -1747 32767 -7121 -5358
-958 -4135 -1092 31927 1294 -6394
-1552 -3798 -342 27711 183 -7108
-2217 -3351 116 20221 -4906 -10078
-2593 -3079 309 12760 -11288 -15034
-3055 -2862 415 8140 -15582 -19208
-3368 -2674 435 1985 -21108 -25422
-3596 -2525 472 -1626 -23394 -28779
-3694 -2506 338 -5931 -24575 -32316
-3822 -2410 145 -8604 -24416 -32768
-3830 -2325 9 -9491 -24493 -32768
-3788 -2194 6 -10471 -25188 -32768
-3739 -2011 152 -11343 -25914 -32768
-3779 -1864 203 -12360 -26975 -32765
-3790 -1697 138 -13765 -29078 -31760
-3737 -1664 97 -14747 -30993 -30758
-3611 -1699 -37 -15040 -31647 -30066
-3648 -1750 -84 -15027 -31361 -29352
-3649 -2032 -94 -14694 -28473 -28731
-3614 -1997 -100 -14135 -25167 -28348
-3527 -1928 79 -13156 -17456 -27428
-3307 -1995 338 -12718 -10899 -25971
-3413 -2269 481 -12451 -1182 -22915
-3514 -2361 436 -12156 6009 -19687
-3744 -2484 355 -11616 9226 -17944
-4138 -2423 236 -9719 13690 -16948
-4555 -2271 -43 -7639 16531 -16653
-4519 -2223 -14 -4876 19041 -15244
-4470 -2015 48 -3546 19931 -12969
-4449 -1871 193 -3826 20344 -11487
-4461 -1650 147 -5442 20292 -10022
-4313 -1380 40 -7328 18868 -9128
-3779 -944 -22 -8645 17274 -8492
-3464 -743 -34 -10715 14059 -7542
-2998 -514 -16 -12826 10005 -6668
-2811 -450 -3 -14203 7117 -6170
-2132 -219 5 -15881 2820 -5539
-1953 -169 -28 -16604 474 -5179
-1328 44 -61 -17112 -966 -4865
-968 201 -92 -17430 -1872 -4478
-736 231 -202 -17027 -2697 -4062
-425 206 -328 -16300 -3267 -3593
-350 182 -350 -14887 -3689 -2762
-131 -5 -318 -14032 -3532 -2165
-88 -112 -287 -13107 -2744 -1444
-74 -420 -305 -12583 -1717 -1007
-99 -745 -176 -12702 -722 -833
-198 -961 -156 -13525 1845 -1039
-324 -1167 -128 -14463 5283 -2056
-643 -1424 -103 -15160 7766 -3313
-1112 -1578 93 -16462 10529 -6459
-1475 -1659 103 -17250 10577 -9341
-1652 -1789 127 -18304 6926 -13498
-1649 -2015 -63 -18763 1971 -15526
-1679 -2422 -317 -19422 -6224 -17443
-1506 -2928 -446 -20328 -9907 -17738
-1435 -3259 -524 -22645 -10147 -16858
-1565 -3495 -466 -26053 -3755 -15556
-1761 -3443 -379 -28872 2153 -15755
-3148 -3032 -393 -32768 6794 -18667
-3708 -2889 -388 -32768 4868 -21337
-3981 -2587 -492 -32768 -2010 -24217
-4384 -1553 -797 -32768 -5467 -25225
-4273 -1138 -931 -32768 -5459 -23999
-4149 -851 -1040 -32768 -6446 -19045
-4061 -585 -1109 -32768 -7542 -14157
-4061 -280 -1015 -32768 -4462 -5435
-4310 87 -804 -32768 542 376
-4586 370 -533 -32768 3716 8433
-6380 1460 562 -32768 -1688 13037
-6842 1798 925 -32768 -8590 14732
-7508 2865 2140 -32768 -20424 17155
-7098 4271 3519 -32768 -27443 19498
-6632 4985 4535 -32768 -32768 23413
-5858 5320 5496 -32768 -32768 26455
-4576 4656 5370 -11387 -32768 31835
-3544 3926 4821 15429 -32768 32767
-1695 2362 3026 32767 -32768 32767
-1212 1577 1813 32767 -32768 32767
287 1307 -140 32767 -32768 32767
-1248 184 319 32767 -32768 32767
-1307 -114 53 32767 -32768 32767
-1934 -433 -2173 32767 -32768 32767
-1935 -86 -2563 32767 -32768 32767
-1449 -170 -660 32767 -26386 32767
-1808 -112 -39 32767 -16813 32767
-2772 -16 381 32767 -12739 32767
-3116 -224 355 32767 -18851 32767
-3209 -731 88 32767 -27291 32672
-2688 -901 -145 32767 -32768 27183
-2547 -954 -204 31986 -32768 22873
-2382 -1106 -353 26947 -32768 15993
-2061 -1507 -703 24830 -32768 11644
-2035 -1642 -811 23362 -30333 5698
-1928 -2106 -1004 22968 -25457 2459
-1598 -2409 -1278 23056 -20554 -727
-1346 -2507 -1396 23147 -19088 -1785
-884 -2510 -1495 22656 -17617 -2273
-459 -2106 -1402 21552 -15603 -2282
-345 -1910 -1402 18717 -9282 -2375
-177 -1352 -1108 13896 1426 -2803
-418 -1313 -950 9576 9482 -3521
-852 -1230 -989 3052 19260 -6045
-1345 -1149 -1089 -867 22679 -8860
-2457 -841 -1289 -5797 22298 -14294
-2821 -866 -1372 -8490 18806 -18033
-2963 -828 -1438 -11986 11277 -22846
-3197 -716 -1382 -14088 6609 -25941
-3329 -601 -1364 -16636 2143 -30850
-3116 -526 -1342 -18030 906 -32768
-2995 -581 -1422 -18032 1021 -32768
-2670 -833 -1458 -17237 2000 -32768
-2286 -927 -1391 -16343 3036 -32768
-1957 -985 -1307 -14908 4011 -32768
-1087 -1126 -1284 -13929 3962 -32768
-608 -1081 -1139 -13014 4443 -32768
-335 -1027 -1223 -12712 7063 -32768
-96 -868 -1153 -13037 10940 -32768
-197 -935 -965 -14965 19375 -32768
-511 -1233 -832 -17895 24634 -32250
-799 -1529 -871 -19953 23870 -32279
-1087 -1591 -767 -22942 18232 -32768
-1365 -1523 -870 -24669 11055 -32768
-1922 -1330 -867 -24333 1400 -32768
-2498 -1150 -1112 -23218 -2645 -32768
-2575 -1052 -1190 -21104 -10117 -32768
-2327 -778 -1112 -20484 -18097 -32768
-2093 -748 -1276 -20688 -21880 -32768
-1864 -614 -1286 -21650 -22123 -32768
-1576 -498 -1222 -22283 -19337 -32768
-1171 -388 -1502 -22291 -14823 -32768
-1583 -628 -1633 -21873 -12851 -32768
-1949 -670 -1665 -20941 -10382 -32768
-2522 -926 -2003 -19293 -8150 -31014
-2748 -1049 -2141 -17767 -7174 -29606
-4053 -1926 -2356 -15961 -5462 -29140
-4503 -2294 -2474 -15002 -3413 -28824
-4656 -2742 -2586 -13955 -23 -25978
-4820 -3564 -2763 -13799 582 -22212
-5384 -4043 -2937 -14624 -3095 -15738
-5631 -4294 -2760 -16407 -7438 -11556
-5668 -4241 -2695 -20873 -12548 -5959
-5602 -3893 -2710 -24250 -14010 -2448
-5352 -3539 -2830 -28868 -14756 3614
-4931 -2356 -2876 -32446 -14052 9900
-4826 -2069 -2799 -32768 -13680 13969
-4680 -1421 -2340 -32768 -12532 18972
-4757 -956 -1442 -32768 -9712 21465
-4832 -864 -1200 -32768 -5104 24044
-5578 -1067 297 -32768 -4672 25134
-6069 -1389 899 -32768 -9753 25968
-6463 -2033 1709 -32768 -15324 26370
-6276 -2375 2205 -32768 -21267 27726
-6090 -3208 2852 -28904 -21722 29200
-6136 -3604 3027 -17961 -20861 31527
-6746 -4953 3771 -9913 -21473 32590
-7390 -5644 3943 2553 -23816 32650
-7835 -6932 3396 16856 -23933 32767
-7623 -7557 2741 26900 -22316 32767
-7317 -7724 2572 32767 -22666 32767
-6590 -7768 2203 32767 -25086 32767
-6266 -7943 1578 32767 -25677 32767
-6318 -8109 828 32767 -22347 32767
-10350 -9866 3317 20717 -26113 32767
-5572 -8356 -1242 26553 -20735 32767
-4929 -8106 -2702 32767 -14057 32767
-5632 -7417 -2430 32767 -14157 32767
-5829 -7333 -2151 32767 -17506 32767
-5862 -6922 -2013 25926 -25333 32767
-5031 -6564 -2586 22384 -32336 32767
-4698 -6539 -2777 19971 -32768 32767
-3844 -5974 -2816 19120 -32768 32767
-2906 -5648 -3210 18604 -32768 32767
-1869 -5062 -3041 17388 -32768 32767
-1353 -4753 -3045 16257 -32768 32767
-928 -4634 -3162 14753 -28292 32767
-672 -4406 -3114 13705 -26433 32767
-563 -4420 -3234 12315 -25750 32767
-333 -4386 -3313 11454 -26040 29475
-224 -4267 -3278 10278 -26218 23854
180 -3944 -3346 9108 -25868 18159
390 -3718 -3332 8303 -24816 14394
488 -3426 -3339 7131 -21907 8495
155 -2930 -3249 6484 -19429 4279
12 -2622 -3176 5950 -15840 -2015
-258 -2234 -3062 5994 -14310 -5879
-423 -2051 -2996 6362 -13531 -11780
-827 -1537 -2734 6309 -13496 -15923
-1564 -1148 -2330 4735 -13372 -23587
-2242 -793 -1929 1367 -14894 -32395
-2759 -541 -1851 -1128 -17468 -32768
-3729 -270 -1962 -4240 -23750 -32768
-4337 -197 -2173 -6258 -31659 -32768
-4630 -46 -1943 -8789 -32768 -32768
-4395 -8 -1969 -10130 -32768 -32768
-4202 -1 -2079 -9623 -32768 -32768
-3613 13 -2511 -4908 -27394 -32768
-3275 -51 -2545 -247 -19399 -32768
-3107 -204 -2423 6534 -10418 -32768
-3225 -361 -1999 10703 -4486 -32768
-3493 -399 -1146 11348 -1669 -32768
-3609 -404 -1085 10400 911 -32768
-3485 -377 -871 7869 1801 -32768
-3358 -335 -605 4999 1919 -32768
-3020 -246 -387 -412 213 -32768
-2762 -248 -371 -4039 -2463 -32553
-2537 -253 -335 -9296 -7562 -31601
-2159 -198 -323 -13762 -12628 -30538
-2002 -215 -359 -16106 -15492 -29870
-1745 -250 -464 -18616 -18678 -28982
-1593 -365 -563 -19618 -19505 -28689
-1527 -394 -576 -20236 -17764 -28654
-1535 -636 -657 -19762 -13470 -29355
-1543 -799 -691 -19076 -10527 -30091
-1606 -975 -676 -18093 -7376 -31548
-1786 -1187 -509 -17907 -6229 -32768
-2139 -1298 -353 -18128 -5554 -32768
-2249 -1272 -262 -18497 -6006 -32768
-2308 -1236 -191 -19396 -8311 -32768
-2278 -1407 -25 -20235 -9809 -32768
-2081 -1464 133 -21812 -11083 -32768
-1862 -1491 233 -22864 -12145 -32768
-1632 -1674 278 -24119 -13787 -32768
-1628 -1903 282 -24819 -14476 -30563
-1587 -2104 313 -25951 -15816 -26664
-1763 -2539 143 -26787 -16875 -23818
-1984 -2817 21 -27230 -16728 -22708
-2333 -2928 82 -28403 -13999 -22904
-2870 -3043 -133 -29537 -11184 -23924
-3031 -3052 -331 -30490 -9456 -25699
-3477 -2761 -1168 -30368 -10639 -26304
-3531 -2540 -1392 -30271 -15171 -24944
-3407 -2100 -1433 -32259 -21794 -20061
-3186 -1906 -1408 -32768 -25950 -14535
-3126 -1543 -1198 -32768 -27668 -4713
-3245 -1157 -1288 -32768 -24194 4703
-3431 -1043 -1404 -32768 -20831 9911
-3684 -902 -1388 -32768 -17123 15023
-4631 -532 -1288 -32768 -17250 16125
-4748 -500 -1189 -32768 -20168 16269
-5001 -82 -662 -32768 -22062 16118
-4876 191 -239 -32768 -22269 16876
-4637 745 748 -32768 -20402 18476
-4574 947 1144 -32768 -16598 22158
-4896 1343 2474 -32768 -14766 25067
-5280 1077 2600 -32768 -17022 29975
-6031 232 2344 -21929 -21569 32767
-6239 -7 2304 356 -27681 32767
-6861 -371 2816 21896 -29006 32767
-6728 -497 3999 32767 -28390 32767
-6291 -748 4306 32767 -31938 32767
-5281 -1255 3917 32767 -32768 32767
-4577 -1894 3221 32767 -32768 32767
-4098 -2479 2339 32767 -32768 32767
-3393 -2834 535 32767 -32768 32767
-2334 -4193 -1514 32767 -32768 32767
-2850 -3900 -861 32767 -32768 32767
-3069 -4135 -1347 32767 -32768 32767
-3176 -4067 -1406 32767 -32768 32767
-2966 -3847 -1754 32767 -32768 32767
-2799 -3829 -1848 32767 -32768 32767
-2190 -3350 -2488 32767 -32768 32767
-1724 -2978 -2767 32767 -32768 32767
-1634 -2863 -2804 32767 -32768 32767
-1144 -2658 -3069 32767 -29247 32767
-1044 -2522 -2979 32767 -16047 32767
-978 -2166 -2694 32767 -8172 32767
-974 -1882 -2203 32767 -1837 32767
-1041 -1857 -1846 30179 -1585 32767
-1013 -1928 -1757 25275 -2751 29430
-826 -2132 -2007 19681 -5102 23529
-662 -2254 -2266 17387 -5962 19002
-603 -2351 -2448 15318 -4289 10793
-958 -2496 -2221 13996 -1465 4183
-1025 -2489 -2080 11320 2571 -6397
-1214 -2355 -1677 8504 2959 -16301
-1559 -2381 -1499 7086 1334 -22137
-1847 -2360 -1387 5988 -4470 -28550
-2289 -2438 -1369 5800 -9761 -31518
-2531 -2498 -1455 6320 -16909 -32768
-3123 -2265 -1377 6791 -19921 -32768
-3417 -2159 -1260 6875 -22063 -32768
-3864 -2080 -1053 5583 -21749 -32768
-4615 -1847 -652 3162 -20554 -32768
-4748 -1867 -562 1293 -20356 -32768
-4605 -1844 -540 -1073 -20549 -32768
-4355 -1905 -563 -2220 -20429 -32768
-3854 -1856 -530 -3431 -19297 -32768
-3285 -1937 -501 -4280 -18048 -32768
-2773 -1776 -316 -4918 -17021 -32768
-2465 -1661 -136 -6869 -16096 -32768
-2193 -1589 25 -10450 -16514 -32768
-1773 -1511 237 -13539 -17201 -32768
-1699 -1461 253 -18541 -17751 -32768
-1756 -1528 33 -22719 -16023 -32768
-1627 -1588 -167 -24537 -13022 -32768
-1704 -1624 -374 -25377 -8022 -32768
-1897 -1653 -678 -24511 -5078 -32768
-1855 -1589 -721 -21782 -2100 -32768
-1704 -1452 -798 -18474 -3562 -32768
-1608 -1315 -791 -16580 -6838 -32768
-1596 -1176 -635 -15193 -12625 -32768
-1614 -1138 -489 -15407 -16173 -32768
-2093 -1403 -429 -16805 -19459 -32768
-2231 -1423 -384 -18206 -19580 -32768
-2139 -1276 -376 -20165 -18535 -32768
-1777 -1194 -537 -21106 -18156 -32768
-1701 -1181 -606 -21776 -17793 -32463
-1668 -1168 -919 -21527 -17155 -28305
-1668 -1159 -834 -21543 -16092 -25603
-1746 -1147 -786 -22145 -13395 -22205
-2149 -1028 -806 -23148 -12606 -20586
-2420 -983 -792 -24345 -13905 -20400
-2649 -1036 -740 -27270 -17673 -20758
-2973 -1186 -728 -29897 -21190 -21009
-3210 -1373 -793 -32768 -26797 -21066
-3551 -1447 -858 -32768 -28859 -20588
-3619 -1313 -1048 -32768 -27376 -19834
-3603 -1010 -1218 -32768 -24231 -17484
-3431 -481 -1681 -32768 -23846 -14905
-3378 -446 -1733 -29761 -25380 -9253
-3330 -397 -1910 -23943 -26084 -2500
-3247 -452 -1930 -20489 -25331 2152
-3162 -609 -1830 -16980 -21753 8779
-3502 -839 -1542 -16323 -15313 13563
-3877 -1021 -1203 -19184 -7619 16103
-4442 -1334 -1445 -21535 -3626 17120
-4944 -1820 -1593 -25022 53 19113
-5639 -2364 -1404 -27427 1001 20884
-5846 -2468 -1334 -30652 -1875 23853
-6532 -2796 -950 -32406 -7486 26990
-6696 -2904 -888 -31957 -11744 29087
-6487 -3118 -443 -29807 -16951 32767
-6355 -3531 268 -27868 -20238 32767
-6299 -3676 546 -24620 -22789 32767
-6031 -4335 1678 -20045 -20060 32767
-5961 -4681 2211 -15844 -17689 32767
-6029 -5034 2505 -6701 -17684 32767
-6305 -5645 2885 902 -20789 32767
-6621 -6351 3045 13449 -29077 32767
-6684 -7144 2954 26248 -32768 32767
-6620 -7502 2807 32767 -32768 32767
-6510 -8020 2153 32767 -32768 32767
-6407 -8104 1880 32767 -32768 32767
-5600 -8039 1012 32767 -32768 32767
-3460 -6911 -400 20472 -32768 -32661
-3993 -7511 -781 32767 -27526 32767
-4486 -6709 -856 32767 -10444 32767
-5159 -6228 -601 32767 -6872 32767
-5283 -6102 -573 32767 -11497 32767
-5132 -5721 -1113 32767 -18180 32767
-4746 -5588 -1429 32767 -26959 32767
-4024 -5247 -2100 32767 -31204 32767
-3581 -5062 -2351 32767 -32768 32767
-3160 -4818 -2402 32767 -32768 32767
-2434 -4216 -2386 31496 -32768 32767
-2075 -3974 -2421 28465 -32768 32767
-1513 -3588 -2545 26572 -32768 32767
-1337 -3473 -2551 23702 -30981 32767
-909 -3169 -2510 20443 -25742 30890
-481 -3069 -2437 18066 -22219 28470
-426 -3118 -2392 14378 -17600 24645
-435 -3103 -2308 12058 -14956 21553
-569 -3072 -2201 9068 -11030 15992
-645 -3042 -2162 7674 -8628 12173
-635 -2873 -2160 6793 -6198 7007
-878 -2616 -2245 7349 -5851 1787
-1349 -2403 -2224 8013 -6101 -2126
-1458 -2296 -2216 8958 -6618 -8416
-2042 -1935 -2141 9496 -7193 -12905
-2190 -1754 -2181 10499 -9217 -19754
-2740 -1278 -2080 10627 -11677 -26597
-2802 -892 -1907 9598 -13330 -30623
-3155 -609 -1856 6801 -16533 -32768
-3716 -419 -1598 2298 -19288 -32768
-4192 -322 -1470 -1135 -20767 -32768
-4627 -348 -1234 -6345 -23678 -32768
-4677 -422 -1113 -10866 -28368 -32768
-4484 -377 -1312 -12708 -31781 -32768
-4262 -234 -1305 -14008 -32768 -32768
-4075 -233 -1254 -13670 -30321 -32768
-3482 -305 -1185 -12464 -25741 -32768
-3353 -337 -1232 -8846 -18131 -32768
-3025 -447 -1362 -5465 -13420 -32768
-2870 -456 -1233 -467 -8172 -32768
-2686 -439 -1043 3181 -4989 -32768
-2681 -447 -1010 4737 -3744 -32768
-2696 -566 -797 5096 -2135 -31057
-2583 -586 -502 3960 -1448 -29788
-2511 -538 -379 1022 -1909 -28174
-2495 -523 -333 -2495 -2956 -27171
-2315 -456 -280 -4783 -3557 -26677
-2035 -392 -343 -7726 -5823 -25611
-1915 -358 -378 -9843 -10608 -24051
-1502 -193 -412 -11348 -16588 -22228
-1309 -155 -389 -12233 -20405 -21126
-1111 -157 -366 -13461 -24859 -19717
-852 -190 -388 -14644 -27199 -18690
-674 -238 -357 -15503 -27486 -18286
-596 -304 -306 -17104 -26044 -18131
-603 -420 -187 -18379 -23882 -18337
-710 -560 -130 -20549 -19428 -19365
-875 -817 -5 -22945 -14247 -20844
-1122 -1114 190 -24662 -10388 -22109
-1277 -1285 362 -27385 -4548 -24278
-1489 -1526 645 -29103 -1349 -25718
-1690 -1745 596 -31007 1214 -27638
-1952 -2348 392 -31598 765 -28667
-2067 -2813 114 -31243 -2629 -29232
-2214 -3610 -375 -30236 -6517 -28584
-2317 -3876 -495 -28495 -13657 -26656
-2912 -4354 -450 -28365 -18544 -24800
-3234 -4453 -423 -29409 -19039 -23961
-3493 -4476 -328 -32617 -16684 -23260
-3656 -3878 -122 -32768 -15873 -22600
-3474 -3107 -197 -32768 -20636 -19744
-3453 -2576 -655 -32768 -30893 -14462
-3544 -2275 -1031 -32768 -32768 -10679
-3580 -2038 -1378 -32768 -32768 -5318
-3381 -1475 -1884 -32768 -23037 -364
-3335 -1330 -1846 -32768 -10747 3073
-3182 -923 -1638 -32768 1034 9259
-3189 -643 -1467 -32768 1433 13731
-3868 -288 -799 -32768 -3045 18977
-4108 47 -271 -32768 -6401 21185
-4198 181 -75 -32768 -11089 22969
-4795 648 938 -32768 -14320 23213
-5098 868 1678 -32768 -19276 23142
-5739 1587 3132 -32768 -22290 23004
-6705 2039 4446 -32768 -29422 22119
-7376 2032 4947 -32768 -32768 21650
-7659 1809 5076 -30448 -32768 22648
-6988 -39 4715 -8321 -32768 29537
-6451 -540 4377 11429 -32768 32767
-4191 -1847 2451 32767 -32768 32767
-3634 -1958 1354 32767 -32768 32767
-3398 -2004 979 32767 -32768 32767
-3274 -2240 822 32767 -32768 32767
-2944 -2218 96 32767 -32768 32767
-2739 -2888 -9 32767 -32768 32767
-2726 -2926 -256 32767 -32768 32767
-2658 -3139 -880 32767 -32768 32767
-2800 -2938 -910 32767 -32768 32767
-2397 -3090 -1596 32767 -32768 32767
-2166 -2849 -1921 32767 -32768 32767
-2126 -2731 -1955 32767 -32768 32767
-1934 -2537 -2142 32767 -32768 29332
-1745 -2229 -2310 32767 -32768 23530
-1578 -2023 -2541 32767 -32768 19756
-1417 -2043 -2520 32767 -30868 15566
-1278 -2049 -2390 32767 -19196 13990
-949 -2021 -2006 32767 -13412 14540
-776 -2076 -1700 32767 -8429 16774
-596 -2108 -1358 32767 -6507 19162
-443 -2123 -1303 32554 -5918 20180
-340 -1990 -1435 28511 -4137 20245
-264 -1657 -1734 26671 -2078 19176
-370 -1411 -1845 24652 2940 15353
-583 -1218 -1882 23289 8057 11360
-766 -1301 -1952 20991 16563 4109
-922 -1528 -2006 18711 22283 -3092
-1208 -1982 -1906 17097 22847 -7323
-1516 -2092 -1777 14347 18596 -13230
-2389 -2192 -1524 12278 13442 -18014
-2521 -2187 -1403 8519 4073 -25036
-2904 -2306 -1267 4553 -6481 -30908
-3434 -2376 -1403 2362 -13386 -32768
-4287 -2301 -1514 -161 -21686 -32768
-4683 -2267 -1609 -1090 -24429 -32768
-5129 -1883 -1506 -2252 -25790 -32768
-5322 -1870 -1475 -3495 -29616 -32768
-5397 -1823 -1300 -4755 -31654 -32768
-5550 -1804 -1012 -7025 -31285 -32768
-5503 -1904 -846 -8593 -28862 -32768
-5175 -1909 -738 -10643 -24528 -32768
-4247 -1724 -580 -11904 -22550 -32768
-3721 -1597 -502 -13753 -21559 -32768
-2993 -1361 -377 -15180 -22032 -32768
-2562 -1228 -272 -17895 -23468 -32768
-2203 -1088 -206 -21258 -24406 -29282
-1775 -942 -130 -23686 -24170 -27290
-1435 -825 -189 -26961 -22135 -25135
-1161 -788 -354 -28502 -19633 -24148
-1099 -774 -425 -29572 -14441 -23452
-1000 -747 -772 -28603 -9214 -23688
-999 -775 -1245 -26805 -6681 -24385
-1055 -752 -1382 -23644 -4109 -26086
-1081 -670 -1303 -21988 -2840 -27415
-1082 -739 -1057 -20844 -1429 -29249
-1102 -782 -702 -21935 -814 -30735
-1152 -732 -583 -23555 -1030 -31447
-1350 -755 -469 -26544 -2520 -32234
-1480 -785 -404 -29846 -4944 -32200
-1470 -795 -461 -31837 -6620 -31477
-1432 -759 -479 -32768 -8763 -29049
-1355 -712 -706 -32768 -10493 -26723
-1381 -744 -885 -32768 -13252 -22775
-1691 -807 -985 -32768 -13896 -19362
-1884 -851 -1028 -32768 -12667 -18137
-2513 -1013 -1269 -32768 -9833 -17682
-2825 -1112 -1322 -32768 -8334 -18074
-3359 -1316 -1248 -32768 -7157 -19661
-4025 -1798 -885 -32768 -7130 -20572
-4177 -1793 -823 -32768 -10016 -21416
-4663 -1171 -670 -32768 -16539 -21558
-4621 -651 -974 -32768 -22183 -20764
-4477 -491 -1095 -32768 -29882 -17284
-3603 228 -1472 -32768 -32316 -11056
-3109 438 -1689 -30899 -30301 -5721
-2636 516 -1830 -23770 -22662 3227
-2436 657 -1813 -19681 -15949 8625
-2484 963 -1452 -16510 -6324 14826
-2702 1038 -1150 -16666 -627 17291
-3607 1190 -787 -19375 3265 17980
-4195 1315 -719 -22159 2172 16795
-5054 1161 -628 -26806 -3935 14430
-5398 559 -476 -29574 -9508 14084
-5106 -170 68 -32768 -12514 18423
-5092 -1014 224 -32768 -10382 26460
-6089 -2124 1072 -32768 -9041 30891
-6467 -2483 1544 -32768 -9120 32767
-7920 -3870 2525 -32768 -17124 32512
-8091 -4229 2539 -28498 -24105 30482
-7855 -5748 2231 -11649 -32540 27810
-7741 -6508 2311 1506 -32768 26285
-7724 -7412 2686 19362 -32768 25655
-7596 -8165 2895 28515 -32768 27076
-7515 -8372 2814 32767 -32768 32276
-7293 -9044 1964 32767 -31866 32767
-7355 -9154 1765 32767 -32768 32767
-7614 -9395 1278 32767 -32768 32767
-7242 -9433 904 32767 -32768 32767
-5838 -8563 -475 32767 -32768 32767
-5387 -8965 -873 32767 -32768 32767
-4847 -7125 -1411 32767 -4361 32767
-4996 -6703 -1200 32767 4580 32767
-5251 -5625 -1203 32767 -2953 32767
-4740 -5427 -1542 32767 -12416 32767
-3957 -5152 -1877 32767 -21719 32767
-2851 -4756 -2403 32767 -24991 32767
-2375 -4443 -2464 32767 -28137 32767
-2023 -4062 -2625 32767 -32768 32767
-1925 -3760 -2567 32767 -32768 32767
-1848 -3676 -2489 32767 -32768 32508
-1359 -3062 -2474 27468 -32768 26309
-1173 -2969 -2505 23940 -32768 23403
-641 -2752 -2433 20128 -28413 21032
-534 -2574 -2298 18446 -25262 20156
-547 -2528 -2200 16334 -21810 18960
-564 -2452 -1828 14897 -19596 18108
-606 -2516 -1678 12649 -16395 16667
-666 -2546 -1607 10791 -13620 14862
-745 -2510 -1577 9796 -12228 13393
-892 -2424 -1485 8437 -10880 10432
-1226 -2314 -1335 7487 -10474 7955
-1501 -2249 -1277 6122 -10520 3246
-2502 -2309 -1230 5381 -10770 -635
-2755 -2268 -1207 4560 -12380 -6532
-3156 -2091 -1256 4202 -16131 -13295
-3874 -1595 -1261 4024 -18843 -18319
-4030 -1350 -1230 2889 -21762 -25464
-3865 -1096 -1163 231 -23555 -30943
-3924 -713 -1065 -2602 -24154 -32768
-4005 -196 -1132 -7489 -24297 -32768
-4101 -59 -1265 -10609 -24029 -32768
-4241 -46 -1278 -14992 -22887 -32768
-4688 128 -1352 -18559 -21504 -32768
-4717 171 -1431 -20120 -20940 -32768
-4446 269 -1422 -21921 -20344 -32768
-4102 392 -1266 -23223 -19511 -32768
-3947 568 -1136 -24701 -16305 -32768
-3681 748 -863 -25499 -12747 -32768
-3252 745 -609 -26274 -8546 -32768
-2958 654 -470 -26314 -7989 -32768
-2902 634 -435 -25647 -8913 -30995
-2875 516 -361 -23801 -8757 -29592
-2883 334 -429 -21831 -7588 -29435
-2880 208 -458 -18050 -4748 -30019
-2510 135 -553 -15056 -3213 -30064
-2287 31 -625 -10170 -2482 -29256
-1989 -3 -680 -5368 -3120 -27162
-1337 44 -638 -2543 -3910 -25002
-1185 61 -592 389 -5237 -21107
-753 95 -366 1300 -5976 -18485
-624 140 -256 1023 -6440 -15173
-511 173 -116 -36 -6347 -13505
-448 122 -91 -2508 -6080 -11768
-358 36 -12 -4540 -5804 -11092
-373 1 20 -7980 -5266 -10824
-449 -79 72 -11562 -4980 -11632
-491 -137 79 -13832 -5200 -12616
-612 -313 63 -16920 -6173 -14484
-675 -470 83 -18840 -7120 -15880
-786 -764 144 -21556 -8183 -18169
-848 -971 289 -24256 -7531 -20470
-1076 -1413 343 -25634 -5941 -22001
-1250 -1815 264 -26483 -3192 -23893
-1322 -2769 41 -26259 -2261 -24541
-1313 -3130 -60 -25101 -2727 -23645
-1709 -4396 -192 -24231 -3479 -22405
-2148 -4629 43 -24396 -3713 -21271
-3052 -4905 308 -25568 -4032 -22028
-3386 -4922 451 -28924 -6324 -24196
-3414 -4859 252 -31723 -9972 -24801
-3427 -4782 175 -32768 -18392 -24217
-3836 -3979 -91 -32768 -26513 -23546
-3925 -3555 -316 -32768 -30750 -22785
-3817 -3134 -678 -32768 -32768 -20749
-3340 -2527 -954 -32768 -29635 -17186
-3015 -2192 -1103 -32768 -23544 -13748
-2874 -1928 -1132 -32768 -11672 -7676
-2940 -1303 -1046 -32768 -4221 -3615
-3272 -1021 -1023 -32768 1404 1923
-3799 -776 -979 -32768 451 5233
-4005 -330 -639 -32768 -2427 9957
-4030 -116 -455 -32768 -4691 14183
-4597 746 392 -32768 -6224 16203
-4778 940 682 -32768 -10406 18488
-5318 1854 1773 -32768 -14421 19780
-6075 2946 3193 -32768 -19851 20994
-6435 3200 3709 -32768 -29763 21191
-7184 3593 5335 -32768 -32768 21125
-3316 -3554 -648 32767 -32768 32767
-2791 -3466 -1891 32767 -32768 32767
-2579 -3530 -2632 32767 -32768 32767
-2595 -3182 -3238 32767 -32768 32767
-2431 -2698 -3182 32767 -32768 32767
-2354 -2517 -3091 32767 -32768 32318
-2029 -1913 -2683 32767 -32768 30226
-1728 -1725 -2539 32767 -32768 27634
-1047 -1477 -2514 32767 -32768 26332
-658 -1496 -2625 32767 -28633 25058
-112 -1593 -2669 32767 -18816 24952
273 -1638 -2536 32767 -11061 25408
458 -1515 -2333 32767 635 26657
579 -1330 -1987 32767 9310 27983
540 -1181 -1696 32767 12684 28371
422 -1101 -1505 32767 15573 26996
-130 -948 -1370 26886 17713 22056
-553 -1091 -1402 22933 18365 16917
-1476 -1233 -1206 16887 18893 6460
-2177 -1305 -1225 13142 17234 -1241
-2382 -1515 -1268 8033 9755 -11412
-2466 -1606 -1404 3553 -1180 -18845
-2516 -1640 -1455 1136 -8105 -22738
-3109 -1809 -1617 -1461 -15130 -28097
-3273 -1738 -1668 -2417 -17453 -31340
-3238 -1700 -1675 -2731 -20043 -32768
-3444 -1635 -1730 -2215 -21777 -32768
-3492 -1589 -1695 -728 -22749 -32768
-3798 -1382 -1569 1314 -20936 -32768
-3888 -1123 -1176 2436 -19287 -32768
-4075 -1142 -953 3021 -17535 -32768
-4393 -1231 -593 1942 -16206 -32768
-4649 -1274 -181 270 -15163 -32768
-4719 -1248 -51 -2969 -12671 -32768
-4284 -1291 65 -4995 -11057 -32768
-3850 -1300 44 -7331 -9699 -32768
-3130 -1207 72 -9334 -12260 -32768
-2657 -1015 154 -10912 -15589 -32768
-2260 -926 214 -13968 -21334 -32768
-1739 -1028 174 -16504 -24939 -32768
-1755 -1111 123 -20127 -26980 -32768
-1614 -1245 -110 -22102 -25402 -32748
-1422 -1235 -257 -24092 -20748 -31943
-1295 -1231 -381 -24912 -14386 -31804
-1237 -1294 -549 -24830 -9807 -32128
-1254 -1260 -608 -23986 -4795 -32768
-1297 -1244 -713 -23110 -3695 -32768
-1302 -1241 -772 -21630 -5426 -32768
-1377 -1134 -834 -20721 -9477 -32768
-1591 -1092 -866 -20814 -13649 -32768
-1770 -1135 -956 -21458 -15685 -32768
-1851 -1129 -1075 -23071 -17774 -32768
-2114 -1178 -1380 -24181 -18988 -32768
-2281 -1143 -1364 -26290 -21112 -32768
-4269 -424 -1574 -32768 -6893 1804
-4541 -298 -1341 -32768 -4971 2437
-4839 -14 -1300 -32768 -8181 3582
-5055 316 -1300 -32768 -16363 6136
-5202 809 -1704 -32768 -21021 7923
-5138 901 -1852 -32768 -21668 10564
-4698 1169 -1870 -27455 -13650 13757
-4590 1186 -1714 -24083 -6941 16956
-4413 1100 -260 -24523 -1334 23597
-4554 940 532 -28288 -1812 28324
-4875 572 1151 -32768 -4563 32245
-5652 -562 1630 -32768 -9310 32767
-6449 -1812 1876 -32768 -9991 32767
-7225 -3001 2148 -32768 -10532 32767
-8160 -5270 2697 -32768 -13472 32767
-8686 -7098 2693 -20789 -24261 32767
-9682 -8998 2682 -2495 -30869 32767
-8288 -10040 3341 9889 -30081 32767
-8131 -9989 3534 24762 -32454 32767
-8363 -10518 3447 32056 -32768 32767
-8265 -10394 3264 32767 -32768 32767
-7303 -10025 1700 32767 -32768 32767
-6067 -10190 691 32767 -32768 32767
-4620 -8432 -303 32767 -32768 32767
-3842 -6695 -622 32767 6933 32767
-4130 -5704 -236 32767 9886 32767
-4128 -5369 -385 32767 -4844 32767
-3456 -4951 -1062 32767 -28335 32767
-3107 -4868 -1386 32767 -32768 32767
-2212 -4560 -2351 32767 -32768 32767
-1817 -4182 -2887 32767 -32768 32767
-1547 -3684 -2909 32767 -32768 25235
-1504 -3234 -2601 32767 -32768 17930
-1382 -2884 -2531 32767 -32768 13817
-1076 -2473 -2409 27273 -32768 9372
-892 -2259 -2325 20955 -32768 6690
-662 -1844 -1970 15254 -32768 5154
-539 -1721 -1852 11989 -32715 4568
-361 -1549 -1644 8144 -29205 4039
-361 -1447 -1478 5586 -23770 3267
-502 -1486 -1392 4342 -18630 1550
-969 -1455 -1098 4021 -15437 -347
-1323 -1441 -949 4009 -10909 -4370
-1525 -1455 -834 4561 -8379 -8472
-1685 -1507 -790 5295 -8568 -10813
-1933 -1579 -863 7016 -11253 -13651
-1955 -1615 -937 8253 -13688 -15071
-2269 -1746 -822 9258 -16223 -16986
-2486 -1881 -924 9639 -16736 -18355
-3086 -2128 -1069 9997 -16482 -20185
-3749 -2162 -1030 9863 -13930 -24460
-4582 -2125 -882 8590 -8480 -31197
-6063 -2094 -538 6870 -5634 -32768
-6439 -1952 -464 3215 -6556 -32768
-6594 -1454 -764 697 -11083 -32768
-6586 -1362 -914 -2576 -20398 -32768
-6024 -840 -1412 -5361 -26487 -32768
-5423 -439 -1310 -8851 -25692 -32768
-4695 -306 -1083 -11672 -22338 -32768
-4470 -282 -968 -16554 -16052 -27534
-3694 3 -635 -19778 -12581 -23026
-3325 92 -573 -23503 -9486 -17266
-2970 123 -544 -25422 -8732 -13010
-2318 223 -540 -25672 -9216 -11126
-2176 268 -531 -24830 -10293 -9676
-1748 378 -534 -23000 -11276 -9377
-1259 409 -502 -21461 -11779 -9650
-1040 412 -519 -18836 -11662 -10609
-862 357 -567 -15720 -9462 -12223
-714 213 -630 -13348 -6845 -13751
-652 106 -712 -9383 -2307 -16562
-680 -100 -808 -5319 1498 -19865
-674 -231 -802 -2827 3052 -22058
-674 -357 -705 -74 3922 -24963
-699 -542 -587 908 3910 -27358
-722 -811 -167 358 3556 -28675
-700 -833 -42 -2221 2558 -29965
-698 -963 275 -4896 1534 -30402
-709 -1092 489 -9845 -988 -30381
-800 -1166 530 -14875 -4746 -29998
-901 -1196 583 -17963 -7304 -29689
-950 -1219 576 -21884 -9963 -29339
-995 -1379 550 -24654 -10659 -28601
-941 -1639 515 -25787 -10395 -27692
-852 -2139 181 -25884 -9983 -25489
-754 -2763 -225 -23883 -9635 -21970
-759 -3238 -495 -21694 -8921 -19267
-888 -3750 -546 -18714 -6624 -15525
-1461 -4589 -323 -17651 -4020 -13813
-1699 -4712 -164 -18424 771 -13260
-2890 -4703 468 -20637 2705 -14602
-3281 -4618 557 -25569 -1143 -18077
-3457 -4403 588 -31642 -11575 -21214
-3416 -3652 347 -32768 -19961 -22388
-3456 -3450 233 -32768 -32768 -23254
-3718 -2493 -240 -32768 -32768 -24260
-3712 -2067 -501 -32768 -32768 -24689
-3590 -1734 -781 -32768 -32768 -23753
-3342 -1274 -950 -32768 -29331 -19435
-3036 -1143 -980 -32768 -21710 -13420
-3124 -1086 -773 -32768 -15613 -5116
-3301 -953 -654 -32768 -13286 8512
-5362 -749 617 -32768 -13678 15257
-6344 -185 1577 -32768 -13656 19643
-7814 594 3023 -32768 -17802 19335
-8239 1224 4267 -32768 -23888 19961
-8337 1830 5436 -29783 -32768 23964
-7566 2446 6716 -22489 -32768 29481
-7314 2471 6873 -8197 -32768 32767
-6506 1486 5862 3868 -32768 32767
-6064 1112 5235 25344 -32768 32767
-4005 -504 2237 32767 -32768 32767
-3238 -1444 802 32767 -32768 32767
-2684 -2724 -426 32767 -32768 32767
-2148 -3388 -2762 32767 -32768 32767
-2163 -3790 -3682 32767 -32768 32767
-2125 -2345 -5506 32767 -32768 32767
-2056 -1777 -2889 32767 -20056 32767
-1991 -1825 -914 32767 -11010 32767
-2081 -1911 -1099 32767 -22220 32767
-2075 -1566 -1939 32767 -32768 32767
-2085 -1470 -2097 32767 -32768 31180
-2116 -861 -2389 32767 -32768 22038
-1947 -904 -2079 32767 -32768 9043
-1641 -1079 -2045 32767 -32768 751
-1331 -1352 -1983 32767 -32165 -2837
-877 -1498 -1905 32767 -30500 -2401
-345 -1635 -1746 32767 -27245 1020
-150 -1602 -1736 32767 -24443 3689
-184 -1605 -1837 31359 -18921 6514
-237 -1564 -1719 29314 -13470 7293
-287 -1364 -1464 24936 -2830 7225
-390 -1050 -1196 19685 7522 6175
-635 -670 -940 16024 12707 5157
-817 -549 -925 11074 16314 3547
-1139 -493 -954 7081 15670 1748
-1377 -525 -1127 5400 14546 244
-1749 -660 -1275 4036 13595 -3219
-2169 -694 -1317 3485 13144 -5969
-2368 -910 -1427 3116 11461 -9953
-2605 -1149 -1416 2879 9789 -12629
-2818 -1262 -1404 2884 7835 -17020
-3209 -1404 -1354 3192 7322 -20887
-3742 -1438 -1155 4101 8051 -28430
-3696 -1491 -1100 5170 8697 -32768
-3675 -1565 -1108 7469 9266 -32768
-3441 -1497 -1079 10078 8879 -32768
-2839 -1470 -838 11246 7270 -32768
-2560 -1484 -593 11065 2269 -32768
-2238 -1411 -268 9136 -2841 -32768
-1814 -1274 262 3114 -12865 -32768
-1535 -1253 446 -5664 -24661 -32768
-1320 -1292 513 -12238 -31821 -32768
-964 -1530 412 -22000 -32768 -32768
-749 -2077 127 -27862 -32768 -32768
-742 -2315 -121 -32768 -32768 -32768
-1022 -2635 -407 -32768 -26970 -32768
-1362 -2854 -607 -32768 -14897 -32768
-1839 -2923 -841 -32768 -7812 -32768
-1957 -2849 -935 -32768 -1500 -32768
-2396 -2947 -1241 -32768 1121 -32768
-2745 -3096 -1361 -29184 2819 -32768
-3016 -2940 -1394 -23318 5014 -32768
-3596 -2845 -1350 -19806 4645 -32768
-3384 -2736 -1052 -16677 -17 -32768
-2811 -2493 -680 -16977 -8995 -32768
-2415 -2008 -441 -18416 -15951 -32768
-2239 -1832 -366 -21645 -24419 -32768
-1640 -1250 -158 -24020 -27700 -32768
-1510 -1099 -294 -26671 -30257 -28770
-1463 -1007 -486 -27909 -29783 -20390
-1602 -936 -698 -27606 -26719 -14968
-2064 -914 -1070 -26737 -23766 -13368
-2281 -874 -1268 -24664 -18374 -13437
-2605 -843 -1234 -23058 -13097 -15419
-2675 -885 -1131 -22976 -11444 -16691
-2945 -1087 -854 -24891 -13399 -17863
-3349 -1169 -730 -27210 -16373 -18454
-3660 -1093 -801 -30661 -20546 -18112
-3508 -1025 -1262 -31665 -21616 -16180
-3492 -1000 -1469 -29727 -19993 -10984
-3618 -849 -2255 -26316 -17576 -6783
-3713 -862 -2452 -19916 -15799 -212
-3863 -1049 -2229 -16224 -15981 6360
-3918 -1125 -2029 -16865 -15468 10334
-4111 -1279 -1132 -21981 -10854 14811
