-1196 -685 -1182 -29724 -16850 -25743
-1354 -644 -1405 -28694 -17083 -25934
-1479 -649 -1455 -27490 -16849 -25788
-1833 -647 -1540 -26874 -15456 -25646
-2170 -772 -1696 -26710 -14852 -25350
-2360 -829 -1773 -26999 -15535 -24366
-2810 -925 -1719 -28581 -16743 -23061
-3015 -999 -1586 -30465 -18299 -21452
-3267 -1080 -1529 -32768 -22482 -18358
-3452 -940 -1570 -32768 -25690 -15835
-3558 -731 -1700 -32768 -28867 -11891
-3735 -455 -1922 -32768 -29034 -7953
-3743 -96 -2227 -32768 -27326 -5098
-6947 -2913 1065 -32768 -11917 32767
-7630 -3688 1540 -32768 -13808 32767
-8305 -5797 2444 -27042 -18679 32767
-8398 -6227 2665 -9867 -24607 30432
-8831 -7663 3259 10663 -24382 27122
-8312 -8859 3666 23624 -23113 29186
-8014 -9308 3967 32767 -20751 32767
-7651 -9786 3995 32767 -19025 32767
-6943 -9877 3657 32767 -19357 32767
-6794 -9909 3260 32767 -24261 32767
-6649 -9904 2707 -9155 -32768 17728
-5143 -8436 543 32767 -32768 32767
-4727 -9696 161 32767 -26761 32767
-4572 -8516 -230 32767 -18837 32767
-4786 -8001 -133 32767 -9794 32767
-4892 -7004 -109 32767 -8212 32767
-4712 -6437 -238 32767 -11824 32767
-3993 -5858 -847 32767 -16221 32767
-3485 -5537 -1378 32767 -22252 32767
-2769 -5001 -2056 30995 -25316 32767
-2441 -4761 -2408 29087 -29122 32767
-2090 -4289 -2603 26844 -31598 32767
-1703 -3860 -2542 24545 -31559 32767
-1255 -3567 -2474 19885 -28912 32767
-960 -3393 -2542 15161 -26265 29757
-481 -2981 -2613 11358 -24082 25643
-282 -2858 -2663 9351 -22753 23423
-163 -2664 -2558 6536 -20405 20127
-116 -2425 -2470 4353 -18982 16623
-140 -2397 -2446 3412 -19010 14162
-307 -2370 -2416 2897 -18597 10102
-475 -2292 -2308 2698 -17601 7375
-599 -2314 -2124 2069 -14524 3196
-907 -2072 -1850 1427 -10198 -1174
-1125 -1958 -1738 1386 -7738 -3988
-1818 -1780 -1592 1754 -5091 -7970
-2181 -1681 -1564 2312 -4647 -10429
-2608 -1615 -1532 3542 -5805 -14504
-3455 -1135 -1432 4943 -6160 -20134
-3715 -982 -1431 6025 -5188 -25055
-4234 -629 -1367 7227 -3489 -32379
-4473 -149 -1117 7230 -3489 -32768
-4792 146 -931 5743 -7372 -32768
-5147 548 -1067 4233 -12389 -32768
-5257 639 -1194 2267 -21861 -32768
-5388 913 -1631 595 -32768 -32768
-5358 1269 -1719 -2358 -32768 -32768
-4925 1334 -1297 -6051 -32768 -32768
-3735 1495 -627 -13043 -32768 -32768
-3070 1584 -348 -18398 -18184 -32768
-2474 1526 -163 -20265 -7482 -32768
-2350 1434 -185 -20794 1932 -26284
-2411 1273 -246 -20170 3857 -22809
-2492 1140 -314 -18087 2839 -19788
-2398 1097 -385 -16110 1018 -18813
-2235 1014 -433 -12806 -666 -18258
-1953 786 -458 -9526 331 -18142
-1676 568 -523 -7568 1969 -18148
-1644 432 -385 -5923 5385 -18514
-1546 303 -265 -5463 7456 -18761
-1433 247 -321 -5002 8028 -18767
-1185 268 -323 -4883 6676 -18439
-1034 315 -298 -5062 3323 -17703
-807 331 -245 -5600 443 -17189
-688 351 -137 -7181 -4227 -16648
-562 391 -78 -8556 -7495 -16528
-474 343 -78 -10983 -12714 -16684
-359 187 -75 -12867 -15737 -16931
-282 69 -86 -15811 -18349 -17497
-282 -104 -157 -17656 -18542 -18098
-431 -364 -171 -20240 -16525 -19699
-579 -538 -201 -22325 -12593 -22134
-702 -770 -285 -23159 -9511 -23973
-763 -880 -344 -23183 -5024 -26645
-788 -1141 -480 -22401 -2940 -27977
-823 -1389 -549 -20783 -2141 -29194
-905 -2126 -588 -19782 -2676 -29482
-843 -2612 -489 -18985 -3732 -28998
-869 -3099 -487 -19254 -4725 -27894
-1277 -4117 -595 -20002 -5661 -27442
-1584 -4842 -592 -22121 -7300 -27293
-2044 -5502 -496 -25542 -8430 -27860
-2609 -5840 -432 -28395 -8852 -28906
-2839 -5892 -412 -32768 -9940 -30397
-2940 -5733 -448 -32768 -11440 -30959
-2874 -5243 -658 -32768 -12268 -30673
-2809 -4824 -985 -32768 -13446 -29002
-2836 -4367 -1458 -32768 -13679 -26852
-3061 -3613 -1466 -32768 -12786 -25826
-3332 -3051 -1195 -32768 -12706 -24674
-3495 -1932 -1001 -32768 -13563 -22959
-3510 -1623 -965 -32768 -13901 -17376
-3844 -1088 -904 -32768 -13981 -11526
-4177 -738 -662 -32768 -12437 -1303
-6215 149 538 -32768 -10953 4502
-7037 220 921 -32768 -12804 9819
-9428 567 2081 -32768 -21507 13004
-3659 -7545 -3106 32767 -32768 32767
-4195 -6942 -2312 32767 -32768 32767
-5334 -6120 -1425 32767 -32768 32767
-5199 -5468 -1220 32767 -32768 32767
-4599 -5301 -1803 32767 -32768 32767
-3187 -4567 -2794 32767 -32768 32767
-2887 -4141 -2836 32767 -29380 32767
-2704 -3798 -2684 32767 -21602 32767
-2295 -3465 -2644 32767 -17980 32767
-1523 -3252 -2675 32767 -13994 32767
-1061 -3154 -2622 32767 -9209 30773
-763 -3241 -2494 31712 -6688 26960
-743 -3459 -2344 24187 -6088 21290
-541 -3739 -2032 18635 -8001 18372
-316 -3759 -1759 9908 -11076 15152
-151 -3652 -1752 2630 -12477 12532
37 -3488 -1942 -403 -11598 10620
81 -3309 -2076 -1982 -7976 6944
64 -3031 -2210 -1463 -4849 3886
1 -2783 -2272 700 195 -1629
-71 -2398 -2233 2386 3134 -5501
-120 -2160 -2288 5045 5592 -11184
-286 -1806 -2309 6574 5929 -15000
-593 -1634 -2371 8460 4945 -21049
-828 -1520 -2370 9845 3326 -27440
-984 -1418 -2399 10779 1992 -31238
-1050 -1376 -2400 12447 46 -32768
-1158 -1447 -2380 13667 -718 -32768
-1315 -1626 -2320 15284 -852 -32768
-1829 -2034 -2061 15984 182 -32768
-2365 -2441 -1721 15900 701 -32768
-2760 -2764 -1557 15507 -13 -32768
-3548 -3254 -1457 15426 -3566 -32768
-3812 -3470 -1472 15660 -6787 -32768
-4615 -4027 -1407 15778 -10638 -32768
-5339 -4096 -1137 15262 -12325 -32768
-5539 -4191 -951 13302 -14508 -32768
-5465 -4158 -687 11476 -15689 -32768
-5365 -3920 -579 8565 -16820 -32768
-4998 -3578 -460 6748 -17012 -32768
-4672 -3361 -527 4677 -15376 -32768
-4272 -2746 -458 3033 -12016 -32768
-3806 -1997 -405 1989 -11012 -32768
-3417 -1592 -344 -302 -13063 -32768
-2699 -808 -101 -2555 -16034 -32768
-2539 -649 -141 -6215 -21733 -32768
-1895 -211 -371 -8580 -25190 -32768
-1732 -127 -426 -11857 -27665 -31216
-1327 148 -538 -14797 -26957 -29018
-1068 277 -575 -16672 -25542 -27648
-769 280 -538 -19576 -23003 -25728
-625 216 -377 -21695 -21690 -24568
-603 198 -307 -24752 -20832 -23196
-612 21 -235 -26570 -21105 -22418
-699 -240 -248 -28569 -22112 -21820
-1168 -707 -301 -29656 -21462 -22907
-1406 -926 -304 -29878 -20217 -24019
-1511 -1087 -438 -29128 -18455 -25643
-1561 -1200 -476 -27338 -17017 -26494
-1671 -1087 -674 -25658 -16769 -26562
-1694 -1086 -724 -23010 -18417 -25578
-1744 -1263 -704 -21120 -21452 -23510
-1964 -1404 -853 -20135 -22812 -22182
-2106 -1473 -974 -18650 -21670 -20815
-2371 -1544 -1183 -17560 -19745 -20205
-2588 -1556 -1487 -15942 -19033 -19417
-2700 -1492 -1486 -15261 -21346 -18077
-2878 -1449 -1551 -15461 -24444 -17280
-3066 -1364 -1594 -16744 -30161 -16662
-3280 -972 -1623 -18339 -32768 -16089
-3023 -481 -1960 -18845 -32768 -14812
-2956 -320 -2034 -18435 -29469 -11351
-2793 152 -2174 -17229 -23712 -6354
-2952 457 -2217 -16296 -20108 -892
-3569 377 -2191 -16848 -19351 4084
-3724 272 -2213 -18055 -18010 7102
-4238 -37 -2293 -20465 -12206 11704
-4582 -277 -2390 -22237 -9353 15073
-5208 -967 -2256 -25834 -9701 21055
-5625 -1548 -1907 -31584 -13513 27369
-6255 -2511 -1369 -32768 -15500 32767
-6802 -3363 -853 -32768 -13897 32767
-7093 -3629 -614 -32768 -12770 32767
-7113 -3752 -450 -32768 -13861 32767
-7113 -4036 355 -26180 -16880 32767
-7160 -4201 1056 -19940 -20245 32767
-7246 -4746 2364 -9984 -26734 32767
-7075 -5775 3349 -2262 -29284 32767
-7559 -7334 3716 12223 -27009 32767
-7991 -8918 3934 28261 -20113 32767
-8124 -9595 4054 32767 -18640 32767
-8028 -10160 4031 32767 -23796 32767
-7793 -10609 3790 32767 -30688 32767
-7260 -11346 2795 32767 -32768 32767
-6979 -11532 1872 32767 -32768 32767
-4704 -10736 -853 32767 -27967 32767
-5585 -10835 172 32767 -22022 32767
-5557 -9748 -658 32767 -21145 32767
-5688 -8876 -357 32767 -19481 32767
-5481 -8290 -871 32767 -20837 32767
-5132 -7876 -1414 32767 -21951 32767
-4671 -7527 -2079 32767 -24710 32767
-3855 -6897 -2705 32767 -26629 32767
-3243 -6063 -2682 32547 -27126 32767
-2909 -5726 -2718 27178 -29516 32767
-2340 -5365 -2848 23449 -31565 32767
-1743 -4860 -2831 17568 -32539 32767
-1385 -4579 -2933 12711 -31725 32767
-814 -4338 -3112 10778 -30378 32225
-429 -3832 -3211 9780 -27260 26749
-187 -3600 -3230 9921 -24408 21341
136 -3286 -3083 10031 -23002 17973
323 -2818 -2873 9830 -21964 13121
418 -2584 -2719 8961 -22249 8896
489 -2297 -2460 7777 -22267 6216
361 -2178 -2325 5444 -20987 1842
221 -2024 -2233 4108 -19203 -1010
55 -1885 -2178 3100 -14863 -4896
-259 -1813 -2154 3680 -8559 -8228
-390 -1775 -2118 4693 -4024 -10308
-962 -1571 -1970 6617 1805 -13566
-1720 -1518 -1743 7643 4272 -16091
-2393 -1384 -1589 8592 5347 -21203
-3443 -1428 -1419 8765 4015 -25321
-4031 -1463 -1313 8084 333 -32768
-4801 -1010 -1176 6442 -3573 -32768
-4976 -768 -1268 4588 -7275 -32768
-5104 -465 -1500 3689 -7753 -32768
-5494 -131 -1645 2417 -5093 -32768
-5719 -87 -1526 1350 -2915 -32768
-5797 -85 -1370 -743 -2434 -32768
-5058 177 -1276 -2220 -3951 -32768
-4877 278 -1413 -2882 -7572 -32768
-4257 536 -1633 -2005 -10028 -32768
-3656 729 -1476 -1354 -10332 -32768
-3401 940 -1339 -874 -8944 -32230
-2880 1118 -834 -1623 -6896 -30905
-2602 1062 -591 -2791 -5349 -30662
-2302 978 -452 -4654 -3220 -30392
-1965 814 -433 -5644 -2593 -29857
-1716 482 -535 -5639 -2826 -29288
-1613 251 -526 -5048 -2909 -28304
-1475 81 -503 -4407 -2976 -27503
-1274 36 -542 -3175 -4296 -26014
-910 51 -480 -2481 -6094 -24838
-825 58 -461 -2078 -9788 -23077
-600 -56 -309 -2389 -12464 -22221
-561 -70 -285 -3592 -15894 -21764
-575 -239 -225 -5444 -18203 -22775
-648 -417 -165 -7052 -18927 -24293
-709 -554 -131 -9761 -18654 -27535
-783 -695 -120 -11492 -17891 -30086
-964 -925 -177 -13483 -16115 -32768
-1000 -1098 -185 -14421 -13916 -32768
-953 -1117 -195 -14431 -12541 -32768
-748 -1288 -142 -13925 -11063 -32768
-665 -1465 -69 -13428 -10545 -32768
-634 -1570 -13 -12538 -10350 -32768
-825 -1873 39 -12104 -10622 -32768
-1023 -2411 91 -12377 -12291 -32768
-1281 -3102 37 -13152 -14365 -31778
-1391 -3291 42 -15236 -18333 -29730
-1735 -3893 -135 -17634 -21534 -28379
-1933 -4387 -314 -19134 -22781 -27548
-2091 -4514 -560 -20869 -24404 -26397
-2098 -4503 -785 -21604 -26290 -25490
-2165 -4555 -1072 -22543 -30042 -23791
-2314 -4571 -1317 -23636 -32768 -22315
-2546 -4551 -1495 -24790 -32768 -21467
-2745 -4146 -1564 -27606 -32768 -19819
-2852 -3733 -1550 -31497 -32768 -16656
-2847 -2808 -1700 -32768 -32768 -13083
-2743 -2154 -1897 -32768 -32768 -5256
-2683 -1112 -2060 -32768 -26721 1234
-2838 -913 -1989 -32768 -16666 10608
-3803 -680 -1473 -32768 -13339 17300
-5007 -576 -1235 -32768 -15469 19903
-5533 -543 -1178 -32768 -20350 23316
-6253 -651 -741 -32768 -21964 26250
-6856 -795 -252 -32768 -23147 27867
-7497 -877 711 -32768 -26124 30189
-8417 -1218 2249 -32768 -26458 32767
-8786 -1409 4017 -32768 -24059 32767
-8750 -1327 5078 -22247 -22639 32767
-8563 -1454 6230 -1636 -31000 32767
-7939 -1928 6645 13880 -32768 32767
-7206 -2240 6684 32767 -32768 32767
-6209 -3136 5656 32767 -32768 32767
-5833 -3767 4456 32767 -32768 32767
-5713 -5033 2279 32767 -32768 32767
-5342 -5823 85 32767 -32768 32767
-4771 -6641 -2636 32767 -32768 32767
-5313 -5922 -2546 32767 -32768 32767
-4992 -5651 -2777 32767 -32768 32767
-4672 -5123 -2985 32767 -32768 32767
-4042 -4805 -3284 32767 -32768 32767
-2973 -3955 -3560 32767 -32768 32767
-2491 -3607 -3422 32767 -32768 32767
-2026 -3232 -3301 32767 -24888 32767
-1594 -2773 -3139 32767 -18558 32767
-1543 -2723 -2916 32767 -11681 32767
-1235 -2912 -2253 32767 -9055 32767
-1134 -3028 -2186 23309 -7784 30606
-1090 -3358 -2254 13726 -8098 23346
-968 -3612 -2410 9090 -8943 18435
-807 -3682 -2482 4360 -10044 11610
-568 -3674 -2502 1233 -9034 5785
-228 -3541 -2629 123 -6776 2352
-148 -3317 -2758 187 -2620 -2637
-158 -2704 -2873 1600 102 -7357
-169 -2572 -2848 2515 970 -10221
-261 -2007 -2662 3304 1595 -14156
-305 -1777 -2651 3650 1731 -16606
-426 -1650 -2644 4251 2437 -20192
-541 -1466 -2608 5179 4165 -23589
-809 -1448 -2392 5802 5200 -25563
-1040 -1700 -2182 6847 5542 -27702
-1498 -2004 -2067 8528 5077 -29763
-1847 -2178 -1931 9729 4167 -31381
-2186 -2379 -1804 11187 1680 -32768
-2710 -2706 -1598 12172 -2194 -32768
-3130 -3135 -1568 12686 -5558 -32768
-3558 -3481 -1593 13191 -10345 -32768
-4337 -3729 -1470 13294 -12053 -32768
-5159 -3502 -1408 13263 -11965 -32768
-5435 -3490 -1289 12717 -11774 -32768
-5789 -3248 -1112 11356 -14683 -32768
-5753 -2857 -990 9825 -17911 -32768
-5576 -2607 -840 6738 -20205 -32768
-5447 -2547 -861 4195 -17834 -32768
-4910 -2323 -904 3000 -13004 -32768
-4473 -2048 -864 2521 -10668 -32768
-4031 -1654 -741 1429 -10175 -32768
-3277 -962 -392 -30 -12188 -32768
-3111 -828 -307 -3390 -17536 -32768
-2624 -529 -128 -7803 -23066 -32768
-2078 -371 -133 -10877 -26032 -32768
-1751 -313 -215 -14634 -26778 -32768
-1289 -297 -333 -16355 -24355 -32173
-1072 -319 -385 -17914 -18065 -30662
-1012 -479 -416 -18584 -12245 -30100
-1069 -542 -398 -18888 -9864 -30335
-1188 -603 -300 -19368 -9473 -31045
-1190 -577 -227 -19812 -11168 -31409
-1170 -610 -167 -20538 -15574 -31554
-1286 -762 -239 -20978 -18638 -31762
-1569 -1008 -359 -21165 -21747 -32390
-1688 -1106 -429 -21089 -22792 -32626
-1591 -1106 -523 -20519 -23572 -31897
-3314 -1797 -1834 -14819 -30350 -13330
-3335 -1733 -1896 -17290 -32768 -12658
-3363 -1334 -1879 -19821 -32768 -10544
-3087 -928 -2095 -20665 -32768 -7830
-2925 -675 -2246 -20095 -29455 -2674
-2978 -266 -2399 -18181 -22190 2236
-3396 -59 -2404 -17009 -19151 4888
-3672 177 -2289 -16475 -18296 8870
-3703 187 -2153 -18175 -18332 13841
-3899 20 -2004 -20264 -17839 17443
-4374 -314 -1925 -23771 -15423 22067
-4642 -712 -1878 -27305 -12142 26039
-5077 -1200 -1505 -29992 -11132 28589
-5452 -2110 -1048 -32768 -12373 32767
-5681 -2779 -602 -32768 -13475 32767
-5948 -3379 -327 -32768 -14045 32767
-6304 -4133 237 -32768 -13375 32767
-6889 -4782 837 -32768 -14588 32767
-7097 -5418 1044 -25253 -22856 32767
-7851 -6473 2003 -18038 -27599 32767
-8340 -7520 2363 -3656 -31804 32767
-8313 -8894 2683 7911 -32614 32767
-7816 -9889 2968 26187 -30733 32767
-7645 -10570 3019 32767 -27836 32767
-7606 -10870 2950 32767 -30682 32767
-7568 -11048 2821 32767 -32768 32767
-7413 -11396 2130 32767 -32768 32767
-6749 -11435 1177 32767 -32768 32767
-4963 -10666 -1828 32767 -32768 32767
-5512 -10109 -626 32767 -24901 32767
-5854 -9696 -1581 32767 -9824 32767
-5946 -8573 -1330 32767 -4837 32767
-395 -3533 -2932 12003 -32768 30312
-219 -3363 -2949 10256 -29301 27698
-114 -3121 -2826 8615 -24919 23822
-27 -2892 -2577 7714 -23604 21277
-12 -2700 -2196 5920 -23893 17307
-84 -2581 -1977 3381 -25019 12618
-182 -2478 -1791 1640 -25342 9342
-238 -2451 -1771 -81 -24878 4756
-201 -2323 -1866 -346 -23529 2175
-205 -2283 -1870 301 -19430 -1177
-188 -2098 -1856 2013 -14403 -4203
-387 -1906 -1772 3295 -11144 -6374
-719 -1865 -1745 5098 -6835 -10579
-1277 -1716 -1520 5760 -4084 -13784
-1607 -1570 -1355 6098 -1783 -17964
-2089 -1537 -1289 6066 -1973 -22570
-2932 -1412 -1229 6202 -4436 -28022
-3570 -1330 -1289 6665 -6900 -31668
-3717 -1091 -1443 8658 -9698 -32768
-4434 -732 -1590 11061 -10432 -32768
-4812 -670 -1433 11885 -9479 -32768
-5330 -559 -1110 10658 -7024 -32768
-6169 -434 -496 -21186 -8401 -9354
-2126 1493 80 -23234 -4264 -5274
-1753 1186 113 -24391 -3422 -3738
-1660 1102 87 -25527 -3812 -2797
-1429 854 -29 -25609 -5121 -3221
-1183 604 -161 -25110 -6300 -4024
-1018 493 -260 -23629 -8181 -5771
-627 389 -439 -21499 -9340 -7727
-1012 -654 449 -11632 5228 -32768
-953 -683 542 -15539 416 -32768
-909 -828 747 -18631 -2711 -32768
-755 -1043 856 -23414 -6209 -32768
-791 -1414 709 -26779 -8781 -32768
-977 -2343 347 -27745 -9026 -32768
-927 -2985 121 -27087 -7285 -32768
-1064 -3918 -398 -25329 -6319 -32310
-1592 -4776 -679 -22192 -5692 -28541
-2248 -5263 -625 -20189 -3193 -28227
-3121 -5597 -403 -20033 -1915 -29431
-3248 -5401 -447 -21006 -4067 -31909
-3232 -5045 -439 -23131 -10939 -32768
-3058 -4436 -593 -24811 -17289 -32768
-2903 -4064 -792 -27046 -26016 -31486
-2676 -3593 -1190 -27974 -29777 -28587
-2802 -3151 -1688 -27730 -30089 -26847
-2810 -2818 -1938 -27245 -28312 -23697
-2846 -1961 -2021 -27630 -25750 -21014
-2913 -1716 -1973 -30264 -21788 -16511
-3012 -947 -1788 -32768 -20264 -10185
-3220 -464 -1690 -32768 -19431 -4913
-3256 -260 -1610 -32768 -16984 4553
-3692 -31 -1230 -32768 -14145 10906
-3931 47 -1040 -32768 -9893 18251
-5099 274 -296 -32768 -9321 21314
-5425 288 -76 -32768 -14157 23934
-6573 247 594 -32768 -23091 24300
-7547 309 2182 -32768 -30743 24329
-7933 433 3253 -32768 -32442 24668
-7925 602 4362 -32768 -32768 27982
-7807 564 5659 -32047 -32768 32713
-7555 -241 5763 -15441 -32768 32767
-7236 -970 5187 10643 -32768 32767
-6230 -1835 4176 30410 -32768 32767
-2867 -2838 -2958 32767 -32768 32767
-2686 -2612 -2958 32767 -32768 29902
-2083 -2143 -3158 32767 -32768 29459
-1144 -1838 -3330 32767 -25868 31534
-812 -1749 -3311 32767 -18153 32767
-603 -1545 -3210 32767 -8213 32767
-695 -1374 -2769 32767 -3351 32767
-770 -1395 -2613 32767 509 32767
-978 -1559 -1932 30862 1084 29631
-1033 -1688 -1698 25030 1043 26568
-1028 -1658 -1568 17554 1696 20961
-871 -1597 -1572 12241 3084 14807
-660 -1607 -1788 10287 4250 10763
-504 -1786 -2094 9660 6140 5083
-507 -1961 -2168 10360 7815 -433
-2352 -3027 -1221 2686 -16621 -32768
-3644 -3549 -1078 2579 -9335 -32768
-5704 -4132 -858 2967 -3289 -32768
-6805 -4150 -514 3861 3684 -32768
-7617 -4070 -254 4599 425 -32768
-7258 -4025 -277 4624 -7475 -32768
-6509 -3925 -382 4046 -18270 -32768
-5894 -3260 -344 3427 -21542 -32768
-5761 -3116 -349 3057 -20316 -32768
-5342 -2732 -263 1875 -16013 -32768
-4872 -2247 -99 607 -12802 -32768
-4341 -1718 14 -1894 -9773 -32768
-3758 -1208 100 -3854 -9819 -32768
-3466 -918 94 -7064 -11997 -32768
-2821 -480 155 -10457 -15147 -32768
-1995 -105 95 -12655 -17536 -32768
-951 -209 -353 -25440 -20744 -22224
-1146 -321 -428 -26299 -21800 -24012
-1241 -434 -408 -27797 -22293 -26693
-1227 -447 -559 -28289 -21665 -28853
-1388 -538 -904 -27639 -20305 -30128
-1495 -561 -1083 -25325 -16302 -31804
-1602 -512 -1288 -23296 -13221 -32501
-1703 -516 -1328 -20416 -9255 -32716
-3223 -571 -2177 -28155 -23302 174
-3565 -446 -2395 -25317 -19130 1273
-3690 -375 -2442 -21519 -15779 3184
-4074 -218 -2486 -19719 -15637 4901
-4157 -133 -2482 -18737 -18036 8509
-4491 -119 -2371 -20195 -21261 13300
-4947 -186 -2007 -22594 -22326 16694
-5220 -264 -1594 -28095 -21678 22093
-5245 -506 -1065 -32768 -16711 28588
-5358 -699 -885 -32768 -13567 32302
-5889 -1048 -442 -32768 -12177 32767
-6522 -1745 358 -32768 -13972 32767
-6989 -2920 1476 -30409 -13977 32767
-7529 -3882 2078 -23322 -13453 31932
-8944 -6113 2744 -15715 -13830 28869
-9710 -7636 3028 -110 -21067 26795
-9926 -9413 3451 17817 -30021 31780
-8906 -10495 3730 29617 -32246 32767
-8066 -10865 3621 32767 -31596 32767
-7572 -11217 3252 32767 -30700 32767
-7629 -11469 2627 32767 -29891 32767
-7433 -11543 1659 32767 -30545 32767
-7016 -11340 1075 32767 -30229 32767
-6016 -10992 -9134 32767 -29656 32767
-5050 -10269 -653 32767 -24037 32767
-4907 -9566 -1441 32767 -21945 32767
-4925 -8639 -934 32767 -22055 32767
-4926 -7727 -767 32767 -23655 32767
-4560 -7487 -1099 32767 -24516 32767
-3578 -6918 -1815 32767 -22418 32767
-2640 -6210 -2542 32767 -21897 32767
-2266 -5696 -2759 32767 -22381 32767
-2003 -4892 -2706 30724 -23555 32767
-1935 -4780 -2651 25120 -26090 32767
-1551 -4225 -2508 18726 -27256 32767
-1294 -3955 -2493 14572 -27007 32767
-1006 -3749 -2509 9494 -26504 28452
-573 -3501 -2581 7101 -26362 25132
-341 -3316 -2574 4802 -25990 21069
-109 -3065 -2549 3871 -25086 18498
53 -2877 -2392 2817 -22987 14571
153 -2708 -2326 2524 -21271 10388
288 -2397 -2176 2616 -20244 5969
222 -2269 -2044 2545 -19247 2699
128 -2129 -1861 1907 -16972 -2360
-134 -2033 -1626 1281 -14991 -5676
-534 -1941 -1570 742 -11184 -10778
-1013 -1822 -1470 844 -8394 -13773
-1354 -1742 -1375 1704 -5524 -17344
-2111 -1676 -1259 2654 -5024 -19806
-2881 -1604 -1119 4280 -6251 -24962
-4025 -1529 -1006 5292 -9146 -29293
-4843 -1459 -970 6102 -16029 -32768
-5005 -1159 -919 5870 -20266 -32768
-5251 -541 -697 3836 -23272 -32768
-5411 -268 -534 476 -22188 -32768
-5679 -147 -346 -2484 -20590 -32768
-5993 -46 -314 -6725 -19514 -32768
-5887 171 -272 -10383 -20438 -32768
-5418 425 -517 -11806 -21454 -32768
-4601 702 -1038 -11390 -22318 -32768
-3703 881 -1162 -10079 -21705 -32768
-3469 944 -1154 -7863 -19015 -26570
-2976 1175 -947 -6760 -14452 -18291
-2023 1318 -1253 -5998 -8466 -13823
-1649 1472 -1367 -4409 1740 -8132
-1429 1544 -1101 -5371 8739 -3504
-1235 1403 -302 -10742 14133 -535
-1107 1282 336 -16174 17061 475
-793 1441 362 -25367 19763 376
-1268 740 203 -32408 17933 -2244
-1671 99 -1 -32768 6395 -10327
-2280 342 -13 -32768 -2460 -17850
-1899 316 420 -32768 -9199 -28542
1729 -328 945 -32768 -15891 -29060
-6368 -1124 297 -32768 -27735 -32768
-3756 2880 -1624 -32768 -15921 -32768
-3261 2093 -3543 -31256 -1985 -32768
-1587 134 -4499 -2615 14729 -32768
571 -455 -3178 11236 18461 -32768
3740 -1584 -1194 21446 25986 -26279
2480 -1944 -170 22608 32767 -12284
611 -890 539 20446 32767 -2537
-680 -120 1541 8661 32767 3414
-1524 102 2631 -10253 32767 990
-2080 -214 1964 -22252 32767 -4250
-1890 -1071 965 -32768 13380 -13261
-1323 -2256 -706 -32768 -13211 -20121
-875 -3152 -1207 -32768 -22943 -22752
-1518 -4168 -1830 -21416 -23659 -28334
-2159 -4168 -2194 -12676 -19343 -32768
-2575 -4297 -2269 -3249 -15180 -32768
-3207 -4356 -1686 -3419 -15824 -32768
-3503 -4422 -1132 -8171 -18408 -32768
-3450 -4390 -1198 -17075 -21606 -32768
-2912 -4290 -1724 -22910 -20117 -32768
-2721 -3727 -2177 -24540 -17104 -28403
-2887 -3461 -2223 -25362 -12146 -17516
-3395 -2777 -2064 -27369 -10424 -12482
-3954 -1809 -1901 -29741 -11410 -11781
-4041 -1264 -1925 -32768 -12491 -11322
-3848 -717 -2055 -32768 -10854 -8498
-3350 -193 -1998 -32768 -7173 -4241
-3314 77 -1721 -32768 -810 3879
-4059 516 -1341 -32768 398 8473
-4710 739 -1039 -32768 -2407 13511
-5335 896 -700 -32768 -9781 17716
-5815 967 -237 -32768 -15284 19722
-6126 1137 373 -32768 -21924 20640
-6781 1511 1686 -32768 -27246 19182
-7298 2007 3378 -32768 -30696 18346
-7271 2086 4873 -24283 -32768 21038
-6581 1376 5490 -6513 -32768 30378
-5917 1011 5690 7543 -32768 32767
-5608 250 5523 29149 -32768 32767
-5727 -365 4952 32767 -32768 32767
-5849 -1524 3672 32767 -32768 32767
-5308 -2851 1614 32767 -32768 24706
-4632 -3532 -1253 32767 -32768 32767
-2918 -4281 -2286 32767 -32768 32767
-2822 -3703 -2552 32767 -32768 32767
-2958 -3551 -2562 32767 -32768 32767
-3374 -2964 -2509 32767 -31517 32767
-3520 -2637 -2325 32767 -32768 32767
-3398 -2375 -2237 32767 -32768 32767
-2539 -2056 -2559 32767 -32768 32767
-2010 -1912 -2757 32767 -31988 32767
-1503 -1873 -2939 32767 -25607 32767
-954 -1868 -2915 32767 -20552 32099
-605 -1738 -2722 32767 -13972 29169
-467 -1698 -2586 32767 -10804 27028
-283 -1793 -2244 30943 -7657 23887
-116 -1870 -2083 24772 -6135 20815
-123 -2038 -1858 20126 -5066 18198
-137 -1951 -1688 12449 -2526 13258
-59 -1870 -1525 5357 342 7921
-8 -1857 -1483 1447 2058 4429
-57 -1858 -1479 -3450 4120 -1107
-97 -1925 -1382 -7255 4243 -7187
-345 -1721 -1542 -8654 3160 -11955
-553 -1754 -1750 -8334 1220 -20081
-1206 -2045 -2195 -5266 146 -28962
-1805 -2248 -2268 -2317 -1246 -32768
-2115 -2242 -2054 1490 -7799 -32768
-2143 -2274 -1811 2946 -14188 -32768
-2152 -2295 -1792 4472 -21722 -32768
-2056 -2633 -1641 5349 -23199 -32768
-1876 -2814 -1535 6821 -19148 -32768
-1839 -3001 -1559 9471 -10604 -32768
-1930 -3159 -1235 10773 -1472 -32768
-2754 -3425 -608 9595 4242 -32768
-3402 -3598 -298 5409 13308 -32768
-4260 -3569 21 1861 18674 -32768
-4730 -3633 -10 -2586 23038 -32768
-5143 -3664 -369 -4073 22352 -32768
-5289 -3578 -803 -3422 15820 -32768
-5229 -3528 -1384 -1657 9613 -32768
-5202 -3305 -1468 896 1205 -32768
-4994 -2758 -1269 1533 -2141 -32768
-4434 -2150 -952 170 -5436 -32768
-3740 -1548 -640 -3454 -9452 -32768
-3285 -1189 -482 -6727 -12537 -32768
-2841 -887 -392 -11778 -16431 -32768
-1933 -475 -368 -16229 -17939 -30250
-1581 -370 -491 -18310 -17259 -28459
-1310 -315 -666 -19752 -14909 -26345
-1054 -228 -920 -19695 -13213 -25549
-921 -170 -964 -19087 -11501 -25413
-872 -144 -804 -19241 -11060 -26270
-883 -113 -560 -20125 -11317 -27317
-837 -92 -454 -22382 -12423 -29167
-790 -77 -385 -25090 -14003 -30599
-679 -86 -358 -26633 -14780 -30912
-575 -226 -435 -28186 -14594 -30645
-615 -473 -562 -28432 -13280 -30170
-775 -650 -699 -27461 -9697 -29475
-983 -1019 -844 -25979 -5911 -28861
-1033 -1057 -820 -23442 452 -27589
-1343 -1235 -796 -20801 4124 -25888
-1485 -1236 -801 -19307 3907 -24793
-2091 -1480 -884 -17855 1145 -23905
-2568 -1484 -820 -17575 -1556 -23896
-2862 -1476 -890 -17683 -6633 -24842
-3112 -1522 -1057 -17853 -11787 -26259
-3350 -1283 -1386 -17635 -15520 -27544
-3368 -1086 -1522 -17361 -20627 -29094
-3174 -903 -1503 -17484 -22798 -29273
-3056 -682 -1542 -17391 -24682 -28072
-2761 -306 -1751 -16761 -25353 -26043
-2590 -109 -1862 -15432 -26014 -21252
-2432 36 -1908 -14498 -25819 -15267
-2452 29 -2076 -14019 -24321 -11265
-2506 -11 -2120 -13928 -18985 -5643
-2691 -89 -2114 -15028 -12365 -812
-3366 -404 -2051 -16606 -9891 1854
-3505 -580 -2086 -19802 -10432 5504
-4017 -1338 -1985 -23736 -11248 9203
-4318 -2267 -2232 -25499 -9785 12025
-4543 -2719 -2560 -25904 -5534 15989
-5365 -2658 -2579 -24817 -3319 18084
-5695 -2535 -2456 -23879 -5737 18731
-5816 -2370 -2080 -23456 -13761 19837
-5675 -2117 -1648 -23478 -18910 21012
-8164 -8863 2617 31724 -32768 32767
-8051 -9405 2456 32767 -32768 32767
-7881 -9903 1962 32767 -32768 32767
-7727 -10066 1529 32767 -32768 32767
-7236 -10468 357 32767 -32768 32767
-8324 -10119 -934 32767 -32768 32767
-6083 -10844 -1324 32767 -32768 32767
-5498 -10248 -2129 32767 -32768 32767
-6368 -8674 -1164 32767 -26218 32767
-6700 -8278 -1183 32767 -26373 32767
-6876 -7823 -1270 32767 -26501 32767
-6507 -7651 -2251 32767 -27107 32767
-5914 -7425 -2980 32767 -27119 32767
-4941 -6804 -3686 31753 -26408 32767
-4202 -6401 -3879 30727 -26176 32767
-3254 -5836 -3632 27360 -25741 32767
-2543 -5237 -3264 23987 -25955 32767
-2133 -4914 -3124 18562 -27161 32767
-1510 -4587 -3224 13898 -29005 32767
-1061 -4344 -3195 11168 -29675 30954
-465 -3987 -3088 7671 -29836 23640
-76 -3784 -3029 5858 -29783 19306
618 -3289 -2957 4198 -28923 13559
828 -2991 -2918 3663 -27658 9930
980 -2773 -2908 3533 -25383 4265
1141 -2434 -2937 3734 -22880 241
1129 -2184 -2855 4057 -16342 -6076
770 -1878 -2717 4332 -8807 -12371
441 -1763 -2647 4475 -4751 -16361
82 -1663 -2507 4330 -793 -21679
-669 -1720 -2388 4078 575 -26723
-1549 -1640 -2225 3830 -106 -30051
-2330 -1596 -2126 3337 -3407 -32768
-2900 -1483 -2085 2841 -5836 -32768
-3324 -1397 -2080 2676 -5015 -32768
-3665 -1345 -2052 2624 -781 -32768
-4391 -1413 -1731 2492 2926 -32768
-4671 -1378 -1566 2025 7567 -32768
-4771 -1318 -1539 2108 6771 -32768
-4873 -1210 -1687 2661 2590 -32768
-5068 -941 -1823 3373 -6882 -32768
-5031 -210 -1930 3642 -12814 -32768
-4880 -37 -1964 3680 -16654 -32768
-4212 339 -1677 2451 -14747 -32768
-3497 500 -1344 210 -12021 -32768
-3405 492 -1309 -1311 -10625 -31333
-3271 425 -1458 -2813 -9416 -28589
-3247 419 -1459 -3843 -9380 -27760
-2974 440 -1151 -6417 -9705 -27322
-2544 501 -807 -8687 -10030 -27170
-2221 497 -635 -12217 -10656 -26729
-1830 409 -516 -14149 -10755 -26277
-1618 299 -510 -15846 -9762 -25500
-1279 148 -499 -16110 -8356 -25006
-1241 96 -515 -15410 -6225 -24597
-1151 -115 -551 -13848 -4912 -24787
-1170 -162 -563 -12556 -4231 -25395
-1232 -249 -569 -10790 -3023 -27263
-1479 -422 -453 -9994 -1849 -29146
-1471 -429 -388 -9227 -1060 -31775
-1385 -425 -347 -8884 -2773 -32768
-1348 -436 -296 -9041 -4880 -32768
-1197 -311 -99 -9761 -8641 -32768
-1105 -293 -31 -10596 -11540 -32768
-972 -378 81 -12848 -15479 -32215
-838 -555 241 -14723 -17034 -31128
-852 -616 213 -17101 -17386 -29813
-796 -966 107 -18566 -14533 -28482
-909 -1756 131 -19055 -10381 -27698
-962 -2069 225 -18526 -2935 -26786
-1264 -2370 68 -17046 586 -26543
-1393 -2690 38 -14664 1594 -25592
-1515 -3280 5 -13738 -516 -24262
-1680 -3622 49 -14072 -6421 -22394
-2435 -3923 -86 -15809 -12561 -22401
-2560 -4044 -66 -17891 -15571 -22779
-2711 -4127 -177 -21670 -18557 -23530
-2803 -4044 -424 -24238 -20129 -24492
-2830 -3755 -897 -24619 -20621 -24994
-2906 -3351 -1242 -23665 -21287 -25499
-2900 -2855 -1535 -22095 -24725 -25036
-2790 -2627 -1660 -21488 -27615 -23781
-2761 -2333 -1692 -21925 -29263 -21192
-2411 -1833 -1883 -22812 -27295 -18422
-2221 -1507 -1972 -24651 -20551 -13227
-2518 -934 -2120 -26176 -15110 -9776
-2610 -823 -2136 -29133 -9042 -4572
-2917 -503 -2121 -32768 -7506 368
-3282 -388 -2095 -32768 -7394 4164
-3693 -312 -2198 -32768 -6686 5995
-3862 -322 -2160 -32768 -5956 8965
-4220 -6 -1993 -32768 -8991 12543
-4503 56 -1729 -32768 -12317 14882
-4701 159 -1423 -32768 -17953 17616
-4980 342 -859 -32768 -20261 18617
-5041 576 -404 -32768 -19862 19410
-4978 972 356 -32768 -16113 20654
-4962 1142 1506 -32768 -14029 22357
-5154 878 2079 -32768 -16229 26434
-5445 354 2710 -26669 -20260 29574
-5693 102 3135 -9952 -26144 32767
-6149 -491 4143 1097 -30234 32767
-6253 -618 4300 15562 -32768 32767
-6421 -1434 4539 27316 -32768 32767
-6308 -2045 4059 32767 -32768 32767
-6271 -2587 3575 32767 -32768 32767
-5713 -3554 2016 32767 -32768 32767
-5496 -3818 1571 32767 -32768 32767
-2835 -3276 -1822 32767 -30393 32767
-5165 -4880 -2141 32767 -32768 32767
-4712 -5121 -690 32767 -32768 32767
-4234 -5038 -3000 32767 -32768 32767
-3679 -4559 -2643 32767 -32768 32767
-3364 -4109 -3100 32767 -32768 32767
-3120 -3740 -3093 32767 -32768 32767
-2149 -3185 -3356 32767 -32768 32767
-1732 -2882 -3397 32767 -32768 32767
-1356 -2647 -3374 32767 -32768 32767
-781 -2266 -3347 32767 -28244 32767
-435 -1930 -3196 32767 -18328 32767
-83 -1579 -2767 32767 -10582 32767
64 -1516 -2424 32767 -7658 32767
-71 -1592 -2264 27915 -2434 32767
-805 -1525 -1843 22995 3341 31308
-1212 -1431 -1856 16286 9231 21598
-1537 -1636 -2190 12269 7138 11958
-1558 -1859 -2440 10766 2715 6458
-1407 -2096 -2494 8778 -5089 -419
-1193 -2196 -2394 5787 -10820 -6604
-1097 -2107 -2331 2491 -12020 -12324
-956 -2100 -2376 315 -12154 -16318
-971 -2096 -2379 -285 -11930 -18023
-1194 -2005 -2418 332 -10546 -20269
-1367 -2025 -2342 1460 -9348 -21803
-1593 -2081 -2259 3407 -7677 -25285
-2392 -2179 -1950 4535 -5909 -31548
-3412 -2132 -1603 4564 -5630 -32768
-4197 -2128 -1377 3616 -6900 -32768
-5057 -1977 -1022 2296 -9129 -32768
-5300 -1904 -852 -323 -13327 -32768
-5308 -1894 -610 -2342 -15339 -32768
-5104 -1848 -530 -5239 -17198 -32768
-4799 -1664 -405 -7455 -15920 -32768
-4743 -1658 -363 -8407 -13293 -32768
-4968 -1742 -407 -8862 -7209 -32768
-4901 -1618 -401 -8273 -524 -32768
-4745 -1496 -402 -7533 1957 -32768
-4112 -1154 -353 -6616 1528 -32768
-3619 -929 -258 -6533 -549 -32768
-2923 -570 -73 -7436 -4832 -32768
-2460 -430 20 -8647 -7860 -32768
-1867 -254 142 -10214 -10504 -32768
-1563 -180 179 -12847 -13053 -32768
-1182 -191 224 -15747 -14129 -32768
-1027 -249 229 -17719 -14370 -32768
-840 -301 110 -20116 -14397 -32768
-752 -340 -7 -21184 -14090 -32768
-690 -412 -108 -22072 -13634 -32758
-675 -594 -256 -22273 -13681 -32473
-781 -620 -421 -21981 -13622 -32655
-1012 -717 -594 -20697 -12766 -32768
-1479 -992 -812 -19802 -11571 -32768
-1443 -941 -633 -19433 -8997 -32768
-1514 -868 -635 -19230 -7393 -32768
-1584 -873 -631 -19050 -6898 -32768
-1487 -980 -553 -19511 -9393 -30619
-1569 -1057 -481 -20192 -11349 -27028
-1811 -1085 -483 -21092 -12128 -22066
-2103 -1247 -717 -21428 -10764 -18699
-2350 -1440 -900 -21344 -8755 -17620
-2611 -1781 -1119 -20684 -5111 -17377
-3168 -2164 -1522 -19884 -3753 -18590
-3327 -2207 -1543 -19968 -4908 -20101
-3730 -2100 -1486 -21126 -9930 -22715
-4075 -1739 -1462 -22366 -15556 -24386
-4013 -1260 -1429 -24097 -25267 -25421
-3710 -470 -1569 -24111 -32768 -24018
-3227 -50 -1879 -22817 -32768 -21508
-2740 95 -2071 -19272 -32768 -15684
-2424 226 -2010 -16675 -32768 -11515
-2325 271 -1802 -13897 -26520 -5406
-2208 310 -1653 -12843 -19764 -1360
-2331 383 -1651 -12171 -10132 3839
-3133 363 -1845 -12278 -6421 6151
-3439 308 -1931 -13127 -6685 7573
-4275 -99 -2131 -14723 -10023 7639
-4736 -405 -2078 -17274 -9800 8702
-4997 -1018 -1580 -20142 -6268 11083
-4985 -1455 -1306 -25291 613 18151
-5295 -2179 -1256 -28286 3243 23975
-5743 -2628 -1003 -31795 3929 31369
-6565 -3375 -659 -32724 1984 32767
-6676 -3771 -492 -30970 -2894 32767
-6616 -4091 -275 -25871 -8353 32767
-6682 -4554 157 -21270 -12623 32767
-6708 -5065 572 -14261 -20172 32767
-6882 -5454 1178 -10193 -25244 32767
-7565 -6402 2076 -4244 -31272 32767
-7882 -7464 2557 862 -32274 32767
-7864 -8246 2584 11475 -28655 32767
-7722 -8848 2484 19888 -25449 32767
-7548 -9338 2264 32767 -24579 32767
-7784 -9459 1751 32767 -27843 32767
-7683 -9562 1126 32767 -32768 32767
-6733 -9182 169 32767 -32768 32767
-9255 -8574 1502 32767 -32768 32767
-5330 -8644 -1867 32767 -32768 32767
-4580 -7970 -2121 32767 -32768 32767
-5424 -7270 -1287 32767 -32768 32767
-5676 -6532 -1282 32767 -32768 32767
-5533 -6395 -1501 32767 -32768 32767
-4568 -6276 -2508 32767 -32768 32767
-3899 -5893 -3151 32767 -32768 32767
-3147 -5462 -3295 32767 -32670 32767
-2870 -5049 -3014 32767 -29721 32767
-2554 -4756 -2870 31093 -26157 32767
-2354 -4411 -2797 25317 -24529 32767
-1826 -3982 -2579 21192 -24383 32767
-1479 -3787 -2366 15076 -24974 31658
-1035 -3400 -2259 11702 -25691 29390
-713 -3347 -2233 7938 -26558 26124
-264 -3170 -2118 5634 -26281 22771
228 -2999 -2164 5129 -25009 20512
569 -2880 -2236 5814 -20707 16970
889 -2714 -2279 6866 -16385 14297
1235 -2325 -2157 8417 -8773 9527
1204 -2184 -2076 9088 -4487 5579
868 -1778 -1821 9376 -1884 1177
564 -1638 -1673 8947 -401 -6087
99 -1552 -1573 7637 -1498 -13859
-757 -1522 -1533 6650 -3493 -19277
-1412 -1544 -1622 5749 -6420 -27631
-2590 -1532 -1767 5803 -8224 -32768
-3244 -1667 -1843 6516 -11538 -32768
-3964 -1504 -1904 7579 -13582 -32768
-4246 -1334 -1813 7886 -14231 -32768
-4444 -1168 -1596 6778 -12822 -32768
-5007 -947 -1312 5468 -9909 -32768
-5177 -891 -1334 3866 -5705 -32768
-5747 -881 -1484 3212 -3983 -32768
-5759 -815 -1445 2119 -3600 -32768
-5567 -202 -1199 483 -7790 -32768
-2087 1000 -348 -9543 -7377 -26611
-1707 504 -637 -10322 -7848 -25804
-1599 421 -706 -9908 -8410 -24039
-1360 338 -813 -8332 -8383 -22263
-1144 226 -679 -7414 -8171 -21262
-1142 156 -605 -6874 -7569 -20467
-1116 103 -387 -7402 -6342 -20373
-1075 117 -317 -7975 -5749 -20605
-1045 -35 -278 -9248 -5305 -21157
-1008 -59 -171 -10233 -5317 -21567
-994 -46 -164 -11581 -6600 -22146
-894 -173 -159 -12433 -8538 -22337
-845 -166 -63 -13747 -11355 -22606
-812 -115 -16 -14887 -13233 -22972
-666 -207 -83 -15445 -14241 -22948
-542 -376 -23 -16432 -14620 -22301
-446 -399 106 -17125 -13812 -21734
-427 -383 152 -17998 -12143 -20878
-486 -971 156 -18429 -11290 -20237
-457 -1098 174 -18903 -11002 -18893
-815 -1734 41 -19129 -11096 -18219
-1084 -2179 -77 -19322 -11112 -18341
-1277 -2674 -222 -20227 -11552 -18690
-1537 -3241 -144 -22930 -12361 -19229
-1773 -3694 -56 -25563 -12893 -19473
-1908 -3953 -49 -29952 -14090 -19938
-2530 -4242 -352 -32382 -14478 -20884
-2668 -4237 -549 -32768 -12984 -23114
-2826 -4208 -751 -32768 -10084 -25458
-3144 -3994 -1013 -32768 -8401 -26914
-3236 -3755 -1257 -32547 -8378 -27775
-3069 -3191 -1691 -29563 -10358 -26343
-2846 -2733 -1864 -27617 -11524 -24175
-2671 -2337 -2007 -25551 -11136 -19602
-2736 -1997 -2049 -25460 -8621 -14554
-2937 -1640 -1974 -26922 -8156 -11714
-3260 -1226 -1811 -31562 -10194 -8288
-3469 -816 -1742 -32768 -12056 -6458
-3605 -365 -1802 -32768 -13678 -3623
-3603 73 -1920 -32768 -10468 28
-3715 603 -1929 -32768 -6586 2696
-3976 1073 -1796 -32768 -3605 6470
-4620 1594 -1280 -32768 -5653 8634
-5180 2019 -695 -32768 -12608 10440
-5874 2443 242 -32768 -17958 10799
-6128 2578 946 -32768 -22131 11226
-6387 2461 2109 -32768 -21577 12132
-6722 2187 2741 -32768 -20675 14732
-7278 1406 3495 -31128 -22544 17868
-7409 686 4046 -14950 -26838 25151
-7905 -846 5261 2167 -29997 32767
-8222 -1614 5384 13705 -32768 32767
-8621 -2846 4808 30808 -32768 32767
-8366 -3512 4065 32767 -32768 32767
-7956 -4102 3217 32767 -32768 32767
-6942 -5075 1647 32767 -32768 32767
-6391 -3888 4314 32767 -32768 32767
-4775 -6048 -995 32767 -32768 32767
-3830 -6325 -2443 32767 -32768 32767
-4778 -5430 -2194 32767 -32768 32767
-5242 -5401 -1678 32767 -32768 32767
-4861 -4987 -1984 32767 -32768 32767
-3983 -4821 -2624 32767 -32768 32767
-2538 -4271 -3453 32767 -32768 32767
-1955 -3879 -3464 32767 -23731 32767
-1800 -3377 -3274 32767 -17746 32767
-1807 -3104 -3073 32767 -12110 32767
-1441 -3014 -2930 32767 -9014 32767
-1128 -2860 -2814 28803 -6678 32767
-810 -2784 -2681 23837 -2977 32767
-459 -2697 -2560 21234 -1243 32767
-345 -2642 -2469 17571 175 30833
-155 -2602 -2328 13741 86 23908
13 -2650 -2372 11186 -1062 18590
42 -2855 -2422 7250 -4127 9395
-76 -3289 -2527 3616 -8058 -914
-84 -3375 -2558 1781 -10699 -7577
23 -3497 -2692 799 -14360 -16060
309 -3371 -2815 1396 -16072 -20418
504 -3163 -2790 3189 -16901 -25179
755 -2886 -2648 4582 -17063 -28218
975 -2810 -2486 4562 -17893 -29675
1095 -2982 -2207 2246 -20193 -32768
888 -3252 -1871 -2538 -20015 -32768
-459 -3907 -1727 -6154 -17165 -32768
-1949 -4323 -1458 -10597 -7678 -32768
-4531 -4800 -1406 -10922 -2248 -32768
-6687 -4982 -1295 -7241 432 -32768
-7028 -5327 -1077 -3362 170 -32768
-6993 -5375 -1019 1986 -1873 -32768
-7062 -4971 -284 4357 -2495 -32768
-7360 -4681 124 4111 -777 -32768
-7640 -4098 427 2477 1787 -32768
-7342 -3483 407 951 35 -32768
-6878 -3078 270 447 -2710 -32768
-6247 -2626 158 209 -6176 -32768
-5274 -1930 40 135 -6939 -32768
-4714 -1507 18 -276 -7298 -32768
-3738 -732 69 -991 -7558 -32768
-3522 -553 78 -2560 -8334 -32768
-2975 -120 58 -4719 -9646 -32113
-2529 176 51 -6312 -10636 -31169
-2268 270 -106 -8301 -12760 -30137
-1824 526 -368 -9346 -14307 -29643
-1751 545 -423 -10669 -16997 -29323
-1539 638 -440 -12548 -20496 -29431
-1315 744 -329 -14352 -22901 -29514
-1129 743 -317 -17549 -26155 -29205
-949 733 -292 -20879 -28385 -28477
-837 723 -380 -22803 -28886 -27821
-851 570 -471 -24883 -28272 -26594
-979 285 -572 -25684 -27054 -25697
-1196 -34 -657 -26004 -23149 -24518
-1298 -208 -663 -25384 -17528 -22942
-1553 -712 -760 -23715 -11724 -20551
-1790 -1027 -914 -22058 -7756 -18425
-2151 -1327 -1048 -18895 -2061 -15765
-2593 -326 -2206 -16493 -31952 -9114
-2175 -358 -2389 -15215 -24658 -5373
-1956 -338 -2321 -13961 -12397 1821
-2436 -401 -2312 -13821 -6870 6497
-2844 -535 -2277 -15584 -4486 11896
-3405 -749 -2293 -19290 -7368 14108
-4052 -1354 -2590 -22192 -9156 14267
-4353 -1976 -2691 -27024 -7493 14206
-4704 -2979 -2940 -29847 -3321 14853
-4667 -3113 -3113 -31976 2039 18289
-5840 -4228 2079 -10753 -20581 31494
-6310 -4741 2508 -3373 -22558 32200
-7584 -6297 3238 8620 -28541 32767
-8105 -6979 3273 17334 -32379 32767
-8396 -7679 3070 31228 -32768 32767
-8021 -8530 2222 32767 -32768 32767
-7475 -8505 1971 32767 -32768 32767
-6693 -8439 1554 32767 -32768 32767
-5123 -7469 3227 32767 -32768 32767
-5216 -8549 -766 32767 -32768 32767
-5139 -8350 -1064 32767 -32768 32767
-5299 -7582 -1323 32767 -32768 32767
-4947 -7124 -1434 32767 -31016 32767
-5096 -6486 -936 32767 -18633 32767
-5294 -5608 -867 32767 -13957 32767
-5007 -5471 -1442 32767 -17819 32767
-4170 -5324 -2260 24976 -28210 32767
-3861 -5250 -2462 22718 -32768 32767
-2970 -4990 -3046 22616 -32768 32767
-2264 -4637 -3441 23610 -32768 32767
-1809 -4459 -3489 24125 -26640 32767
-1213 -3729 -2876 21184 -16140 32767
-1031 -3478 -2649 17813 -11636 32069
-675 -3366 -2502 12257 -10553 25714
-348 -3248 -2322 8733 -12212 22135
-226 -3200 -2291 4320 -15993 17629
142 -3048 -2155 1153 -19059 13771
219 -2886 -2198 -101 -19934 11030
216 -2757 -2279 -392 -19082 6043
-86 -2625 -2434 390 -17140 1808
-369 -2311 -2395 2227 -12271 -5441
-1046 -2038 -2363 3792 -8740 -10712
-1360 -1949 -2298 6009 -5444 -18888
-2031 -1385 -1853 6681 -6317 -23127
-2187 -1273 -1787 6159 -12222 -27415
-2607 -981 -1639 4312 -18287 -30944
-3283 -610 -1601 2823 -20555 -32768
-4281 -438 -1843 1432 -21105 -32768
-4582 -282 -1994 1349 -19331 -32768
-4898 38 -1999 1905 -15493 -32768
-4927 215 -1795 1985 -14156 -32768
-1186 -636 -418 -13960 -11950 -19387
-1225 -648 -412 -13298 -3535 -22598
-1245 -607 -446 -12112 1576 -25970
-1205 -623 -402 -11321 1884 -27782
-1159 -600 -352 -10505 -881 -29792
-1106 -531 -185 -10429 -3974 -30683
-962 -540 -7 -11331 -9470 -31328
-821 -605 145 -12554 -12964 -31388
-791 -612 187 -15054 -16292 -31283
-724 -743 197 -16824 -17162 -31271
-737 -941 231 -19488 -16913 -31140
-913 -1196 175 -21487 -14112 -31465
-1103 -1550 85 -22221 -11036 -31795
-1173 -1847 65 -22560 -6948 -31987
-1261 -2315 7 -22037 -4132 -31602
-1396 -2814 -103 -21297 -2894 -31079
-1745 -3322 -260 -19736 -1504 -30826
-2230 -3911 -396 -18572 -896 -31005
-2665 -4232 -490 -17121 -1454 -31506
-2880 -4371 -562 -16170 -3169 -31650
-3013 -4562 -692 -15844 -5329 -31109
-3153 -4640 -833 -15877 -9697 -29648
-3211 -4480 -926 -16430 -12726 -28222
-3298 -4091 -1069 -17826 -17615 -25568
-3214 -3686 -1155 -20039 -25017 -22333
-2806 -2787 -1350 -22894 -32768 -18692
-2578 -2314 -1588 -24472 -32768 -16431
-2404 -1866 -2119 -24977 -32768 -13622
-2170 -1279 -2669 -24703 -29366 -11976
-2163 -818 -2694 -25597 -18899 -9251
-2468 -578 -2668 -28777 -13353 -6164
-3036 -181 -2513 -32414 -13839 -3542
-3333 83 -2275 -32768 -16314 2195
-3591 253 -2254 -32768 -16188 6696
-3840 423 -2270 -32768 -14665 13356
-4539 747 -1797 -32768 -14391 16919
-4776 843 -1595 -32768 -15301 19637
-5576 945 -1075 -32768 -16948 19644
-6018 1168 -364 -32768 -18678 18413
-6417 1370 790 -32768 -18063 17431
-6484 1378 1248 -32768 -17566 18004
-6775 1020 2700 -32768 -20015 22016
-7323 237 3879 -25360 -22236 25902
-7930 -439 4629 -8357 -25739 31826
-9040 -1532 5338 4325 -30614 32767
-9243 -2900 5461 23444 -32768 32767
-8670 -3718 5069 32767 -32768 32767
-8453 -4022 4827 32767 -32768 32767
-7756 -5183 3337 32767 -32768 32767
-7502 -5475 2895 32767 -32768 32767
-7835 -6753 1904 32767 -32768 32767
-4934 -7477 -1001 32767 -32768 32767
-3860 -7583 -2352 32767 -32768 32767
-5676 -6595 -1734 32767 -32768 32767
-5730 -6430 -1895 32767 -32768 32767
-4713 -6259 -2598 32767 -32768 32767
-4264 -6093 -2739 32767 -32768 32767
-3293 -5671 -3215 32767 -26740 32767
-2915 -5231 -3475 32767 -21178 32767
-2569 -4960 -3484 32767 -16223 32767
-1980 -4507 -3431 32767 -13132 32767
-1449 -3931 -3231 32767 -11435 32767
-1135 -3688 -3056 26798 -9446 32767
-595 -3555 -2747 19510 -8755 29599
-467 -3533 -2708 14767 -9457 24038
-18 -3550 -2810 9102 -11701 17593
244 -3741 -2955 6324 -12871 13915
378 -3791 -3081 3819 -13117 7593
400 -3639 -3237 3161 -13249 2893
466 -3537 -3309 3261 -13536 -4236
524 -3224 -3280 3898 -13122 -9067
561 -2854 -3121 5203 -12633 -16101
630 -2643 -2947 6100 -13462 -21655
799 -2362 -2598 6097 -14649 -24088
1003 -2223 -2344 5007 -15704 -26015
993 -2378 -1886 3574 -14977 -26881
855 -2533 -1755 369 -11178 -28874
-238 -3118 -1538 -2059 -4749 -32768
-1998 -3759 -1518 -2140 -287 -32768
-3493 -4159 -1621 442 2400 -32768
-5404 -4587 -1466 2830 1496 -32768
-6301 -4541 -1236 6050 -1065 -32768
-6962 -4483 -924 7374 -3547 -32768
-7151 -4501 -692 7448 -5619 -32768
-7060 -4391 -416 6526 -5633 -32768
-7066 -4042 -249 4405 -6029 -32768
-7106 -3809 -190 2154 -8290 -32768
-7014 -3347 -178 906 -10428 -32768
-6589 -2887 -210 -631 -13080 -32768
-6058 -2566 -232 -1823 -14082 -32768
-5170 -2072 -257 -2425 -13983 -32768
-4313 -1625 -253 -3096 -13277 -32768
-3813 -1351 -214 -3789 -13030 -32768
-3183 -940 -172 -4329 -13231 -32768
-2870 -709 -152 -5273 -13880 -32768
-2444 -514 -156 -6042 -14855 -32768
-2202 -363 -264 -6843 -17444 -32768
-1872 -105 -761 -6710 -20655 -32768
-1785 -78 -833 -6680 -22577 -32768
-1449 32 -797 -7742 -24492 -32768
-1290 112 -728 -9310 -25096 -32768
-1180 112 -563 -12909 -24416 -32768
-1166 52 -509 -15810 -23088 -32768
-1441 -257 -415 -20278 -19555 -32768
-1495 -365 -421 -22797 -16779 -32768
-1598 -484 -468 -25514 -12892 -32474
-1700 -782 -541 -26548 -10797 -30104
-1767 -935 -582 -27077 -9082 -25770
-2146 -1094 -686 -26503 -8006 -21769
-2475 -1129 -816 -25067 -7735 -19074
-2666 -1177 -841 -24010 -7875 -18064
-2874 -1270 -830 -22849 -7906 -17687
-3239 -1496 -811 -22380 -7482 -18344
-3437 -1567 -820 -22386 -7480 -18878
-3485 -1605 -866 -22583 -9519 -18922
-3381 -1644 -835 -23027 -12365 -18106
-3327 -1418 -905 -23566 -18324 -15984
-3315 -1129 -1044 -22978 -24744 -13876
-3139 -731 -1183 -21830 -28114 -12377
-2961 -475 -1387 -18757 -31526 -10142
-2606 -140 -1666 -14833 -32336 -8048
-2529 -96 -1717 -12172 -31375 -6530
-2242 -24 -1800 -8760 -28818 -3736
-2044 -65 -1869 -6635 -25716 -544
-2014 -28 -1822 -6184 -22721 1584
-2102 -152 -1756 -7261 -17892 4703
-2289 -361 -1458 -10490 -13456 7456
-3050 -872 -1919 -12998 -10188 9245
-3363 -1252 -1969 -14242 -8148 10366
-3576 -1551 -1911 -15807 -2632 12914
-3892 -1988 -2137 -16309 410 15556
-4094 -2302 -2176 -16758 1971 20226
-5263 -2437 -2256 -16909 -1082 23145
-5462 -2424 -2207 -17258 -6001 24384
-5637 -2496 -1980 -18347 -14353 26391
-5381 -2528 -1671 -19633 -16463 28347
-4976 -2575 -1052 -22493 -13636 32243
-4838 -2600 -614 -25600 -9303 32767
-4818 -2697 63 -27139 -8086 32767
-4919 -2743 613 -28012 -8654 32767
-5322 -3097 1366 -25846 -11460 32767
-5655 -3725 1757 -22036 -15327 32767
-6513 -4923 2322 -13156 -22282 32767
-8050 -6694 2649 -5382 -28418 32767
-8556 -8339 2440 9026 -32768 31764
-8113 -9674 1745 20088 -32768 32767
-7861 -9985 1341 32767 -28961 32767
-6992 -10183 410 32767 -19139 32767
-7141 -9942 31 32767 -17454 32767
-7243 -9731 0 32767 -23485 32767
-6202 -6858 -3731 19660 -32768 -21360
-7377 -8786 -2337 32767 -32768 32767
-6385 -9136 -2712 32767 -32768 32767
-6263 -8119 -2835 32767 -32768 32767
-5984 -7684 -2985 32767 -32768 32767
-5633 -7130 -3149 32767 -32768 32767
-5522 -6281 -2488 32767 -32768 32767
-4852 -5559 -2566 32767 -32768 32767
-4193 -5378 -2882 27496 -32768 32767
-3184 -4683 -3438 25025 -32768 32767
-2682 -4377 -3618 24199 -32768 32767
-2070 -3899 -3749 24646 -30052 32767
-1594 -3514 -3502 24147 -25572 32314
-1444 -3450 -3421 22810 -22864 27390
-1188 -3239 -3019 19003 -19059 20067
-1014 -3080 -2615 15589 -18510 16066
-836 -3039 -2433 10262 -21571 11935
-526 -2913 -2384 7391 -23953 10164
-286 -2821 -2415 4756 -24011 7947
-47 -2644 -2526 4099 -22255 6339
88 -2365 -2502 4088 -18859 3239
235 -2136 -2468 4670 -15134 -135
228 -1919 -2384 5147 -12332 -2613
97 -1759 -2306 5787 -8230 -6790
-306 -1536 -2148 5709 -6182 -11773
-955 -1479 -1887 5074 -5657 -15479
-1419 -1385 -1675 3497 -6059 -20610
-1644 -1288 -1659 2731 -6052 -23552
-2073 -1081 -1716 3133 -3674 -28041
-2735 -812 -2016 5551 -2252 -31818
-3232 -694 -2199 8018 -2586 -32768
-3846 -670 -2387 11755 -4239 -32768
-4516 -285 -2091 12779 -5268 -32768
-4859 -10 -1739 11383 -5904 -32768
-5034 256 -1411 8764 -7719 -32768
-5020 446 -1613 4431 -12448 -32768
-4986 675 -1853 1216 -16663 -32768
-4667 884 -2011 -591 -17941 -32768
-4236 1038 -1880 -3283 -17292 -32768
-3668 1144 -1768 -4700 -15624 -32768
-3329 1149 -1546 -6645 -12085 -32768
-3098 1146 -1020 -8831 -8500 -30915
-2899 916 -761 -10065 -7168 -28440
-2715 848 -599 -11640 -6656 -25658
-2516 772 -499 -13044 -7089 -23687
-2306 543 -460 -13654 -7588 -22920
-2175 415 -447 -14157 -7602 -22483
-1986 141 -393 -14127 -6226 -22804
-1961 -29 -416 -13635 -4735 -23364
-543 -123 -12 -12108 -18069 -22820
-420 -278 -63 -13734 -16924 -23161
-393 -539 -153 -15600 -13785 -23722
-505 -719 -133 -16895 -9231 -24874
-3244 -4254 -160 -19015 -3194 -32768
-3249 -4184 -74 -23162 -9510 -32768
-3226 -4067 -90 -25886 -14572 -32768
-3193 -3855 -313 -29042 -21633 -32109
-2876 -3555 -611 -30203 -25460 -29741
-2656 -3381 -738 -30896 -28202 -25561
-2466 -3029 -896 -30592 -27326 -22864
-2303 -2823 -1027 -29024 -23088 -19101
-2092 -2302 -1183 -26820 -18098 -15593
-2148 -2060 -1107 -25736 -15069 -13559
-2216 -1848 -1050 -24927 -11854 -10997
-2342 -1465 -1158 -24691 -10879 -9465
-2493 -1235 -1231 -24968 -10985 -7090
-2654 -966 -1511 -26020 -12003 -4273
-2871 -581 -1700 -27375 -11915 -2095
-2929 -473 -1756 -30113 -9483 1495
-3323 -202 -1736 -32447 -7287 3737
-3852 335 -1598 -32768 -6384 7021
-4613 914 -1208 -32768 -8106 9320
-4869 1118 -1098 -32768 -13542 13826
-5086 1532 -829 -32768 -18756 21071
-5281 1935 88 -32768 -18125 26129
-5881 2344 1486 -32768 -12352 31913
-6686 2338 3033 -32768 -11469 32767
-7298 2070 3797 -32768 -17740 32767
-7856 1096 4537 -32768 -30919 32767
-7445 154 4758 -22648 -32768 32767
-7302 -258 4745 -129 -32768 32767
-7347 -895 4687 19954 -32768 32767
-7440 -1786 4000 30134 -32768 32767
-7202 -2198 3413 32767 -32768 32767
-6661 -3250 1417 32767 -32768 32767
-6541 -3441 894 32767 -32768 32767
-5102 -4197 1408 32767 -32768 4831
-6443 -4576 -2309 32767 -32768 32767
-5827 -4459 -3207 32767 -32768 32767
-5911 -3903 -3030 32767 -32768 32767
-5472 -3855 -3074 32767 -32768 32767
-4947 -3567 -3218 32767 -32768 32767
-4088 -3412 -3300 20271 -3476 28661
-971 -2272 -2500 15543 -5764 20969
-564 -2236 -2311 11057 -6987 13387
-278 -2226 -2341 8577 -6073 8462
-93 -2279 -2450 6204 -3095 906
-133 -2297 -2622 5622 -1716 -4177
-275 -2293 -2631 5797 -1209 -11543
-691 -2159 -2537 6506 -2174 -19070
-1094 -2086 -2419 6804 -3808 -24199
-1347 -2047 -2218 6405 -7576 -30722
-1674 -1876 -1944 5840 -9906 -32768
-1777 -1829 -1919 5410 -12001 -32768
-1964 -1788 -1817 5413 -12852 -32768
-1949 -1927 -1661 5616 -12127 -32768
-1925 -2056 -1649 6636 -8560 -32768
-2516 -2232 -1679 7930 -5286 -32768
-3248 -2369 -1639 10232 95 -32768
-4845 -2403 -1415 11710 3237 -32768
-5912 -2222 -1144 13569 4638 -32768
-6167 -2152 -1044 13355 1549 -32768
-6632 -1859 -830 11684 -6871 -32768
-6524 -1439 -728 8655 -15561 -32768
-6073 -1079 -642 5980 -19889 -32768
-5706 -946 -648 1956 -22711 -32768
-5155 -860 -730 -939 -19681 -32768
-4694 -733 -652 -1958 -14873 -32768
-4411 -560 -776 -1668 -7521 -32768
-3756 -313 -1028 160 -4300 -32768
-3004 -52 -1028 1168 -5106 -32768
-2294 162 -793 461 -6808 -32768
-1893 205 -502 -3473 -9561 -32768
-1444 362 -118 -7568 -10493 -32768
-1092 387 10 -14533 -10178 -32768
-799 354 115 -19422 -9142 -32768
-723 368 95 -26115 -6705 -32768
-506 295 -47 -30887 -3957 -31069
-444 164 -319 -32595 -2691 -29714
-559 -123 -665 -32768 -2870 -28069
-1215 -366 -1263 -30973 -4281 -28301
-1247 -446 -1122 -27390 -6888 -29502
-1593 -927 -1139 -23712 -7542 -31200
-1755 -794 -1210 -20823 -9155 -32768
-1976 -422 -1295 -17501 -15377 -32768
-1995 -529 -943 -16882 -19960 -32768
-2120 -586 -879 -17422 -25191 -32768
-2125 -548 -936 -18196 -27113 -32768
-2181 -731 -1158 -18843 -26129 -32768
-2094 -823 -1279 -18630 -22407 -32508
-2121 -1091 -1509 -18221 -20089 -29245
-2245 -1176 -1472 -18630 -18025 -24778
-2676 -1455 -1332 -19762 -17567 -22373
-2723 -1453 -1292 -22556 -18213 -19622
-2818 -1193 -1120 -25576 -19749 -17836
-2690 -785 -1243 -26600 -20527 -16721
-2513 -539 -1392 -25955 -20048 -14585
-2177 -256 -1507 -23041 -17174 -11661
-2075 -57 -1568 -20331 -14762 -9610
-1915 54 -1575 -16084 -11553 -6143
-1919 57 -1610 -12297 -8837 -2589
-2164 -56 -1703 -9453 -7357 -47
-2346 -144 -1793 -7952 -7350 741
-2845 -411 -2073 -6638 -8630 1143
-3375 -704 -2283 -6442 -9931 1128
-3762 -1049 -2360 -7702 -13702 1803
-4204 -1452 -2359 -10911 -15236 4081
-4476 -1781 -2689 -12746 -13288 6780
-4659 -2150 -2945 -15223 -8982 12995
-5257 -2606 -2847 -18825 -5196 19971
-5804 -2917 -2592 -22345 -4203 23830
-6178 -3125 -2301 -28483 -4896 28361
-6649 -3287 -1901 -32099 -7098 30749
-6644 -3389 -1779 -32768 -12678 32767
-6521 -3752 -808 -32768 -16418 32767
-6451 -3965 -372 -32768 -17759 32767
-6334 -4210 178 -32768 -18533 32767
-6683 -5135 859 -27352 -19302 32767
-6923 -5788 997 -20106 -20848 32767
-7364 -6499 1220 -6530 -26532 32767
-7654 -7314 1491 3161 -31883 32767
-7558 -7929 1741 16533 -32768 32767
-7255 -8454 1815 24510 -32768 32767
-6649 -8491 1380 32767 -32768 32767
-6220 -8400 855 32767 -32768 32767
-5529 -8164 440 32767 -32768 32767
-5404 -7991 320 32767 -32768 19282
-5871 -7687 -27 32767 -32768 32767
-5202 -7811 -1885 32767 -32768 32767
-5367 -7386 -2463 32767 -32768 32767
-5267 -7020 -2500 32767 -32582 32767
-5102 -6573 -2596 32767 -30715 32767
-4447 -6103 -2982 32767 -30587 32767
-3953 -5717 -3221 32767 -29051 32767
-3265 -5196 -3312 32767 -27078 32767
-2982 -4932 -3319 27602 -25189 32767
-2594 -4558 -3328 24187 -24933 32767
-2274 -4241 -3303 19553 -24668 32767
-1775 -3660 -3128 16630 -24314 32767
-1410 -3294 -3014 12534 -24091 32767
-849 -2925 -2900 8970 -23521 32767
-237 -2579 -2612 5757 -21934 28851
6 -2466 -2487 3831 -20631 26099
276 -2414 -2469 1671 -18505 22588
454 -2396 -2407 711 -16916 20258
632 -2235 -2371 541 -14110 16383
678 -2030 -2515 1425 -12330 13329
674 -1963 -2523 3552 -9536 8002
528 -1839 -2416 5431 -6162 2111
259 -1747 -2165 6123 -4404 -1952
-68 -1634 -2012 6530 -3873 -8204
-598 -1509 -1924 6653 -5496 -13971
-852 -1287 -1922 6909 -6860 -17248
-1207 -1209 -1962 7839 -7633 -22047
-1582 -1076 -2228 9888 -6619 -26223
-2034 -943 -2355 11561 -4920 -28787
-2432 -907 -2383 13982 -2282 -32518
-2846 -777 -2343 15231 -1887 -32768
-3193 -633 -2350 16307 -4280 -32768
-3643 -451 -2261 15604 -9651 -32768
-3884 -214 -2250 14392 -13519 -32768
-3831 -70 -2161 11310 -17647 -32768
-3629 225 -1884 8696 -18077 -32768
-3369 508 -2094 6098 -16580 -32768
-3175 580 -2208 5068 -14076 -32768
-3035 687 -2251 4834 -12810 -32768
-3131 779 -2029 4441 -12915 -32768
-3132 827 -1682 2911 -13370 -32768
-2862 785 -1248 1532 -13396 -32768
-2593 734 -1051 -1176 -12918 -32237
-2356 663 -929 -2910 -12626 -31258
-2013 531 -813 -5144 -12965 -29293
-1744 327 -730 -6969 -13613 -27019
-1672 251 -712 -7874 -13657 -25699
-1511 104 -634 -8823 -13078 -24229
-1379 -88 -705 -9141 -12669 -23651
-1371 -177 -717 -9298 -11912 -23654
-1333 -303 -731 -9260 -10850 -24050
-1422 -484 -705 -9135 -7627 -25322
-1499 -588 -629 -8977 -5326 -26312
-1468 -582 -614 -8326 -4061 -27341
-1363 -619 -588 -7510 -5767 -27659
-1213 -527 -438 -7145 -7940 -27590
-1154 -450 -416 -6971 -11547 -27510
-1050 -396 -145 -7901 -14268 -27707
-996 -429 -98 -9025 -15346 -27691
-792 -577 -43 -11019 -15558 -27417
-762 -682 -57 -12312 -14039 -27101
-883 -1043 13 -13958 -9192 -26930
-1136 -1342 -27 -14519 -5506 -27045
-1359 -1568 -108 -14157 -1057 -27687
-1688 -2042 -148 -13410 748 -28143
-1711 -2141 -160 -12376 414 -28012
-1855 -2645 -189 -12305 -2484 -27141
-1858 -3079 58 -13577 -4947 -26008
-1962 -3295 184 -17145 -8707 -24503
-2338 -3481 177 -20081 -11033 -24061
-2413 -3561 154 -24617 -14198 -23862
-2707 -3804 -128 -27234 -15459 -24077
-2740 -3787 -193 -30040 -15996 -24366
-2756 -3661 -451 -31150 -16657 -23825
-2658 -3493 -738 -31030 -17546 -22876
-2502 -3188 -963 -29820 -18867 -20859
-2536 -2931 -1125 -27958 -20163 -18971
-2550 -2537 -1309 -26864 -20717 -18015
-2596 -2238 -1297 -26287 -19764 -17008
-2723 -1888 -1330 -26966 -18194 -16250
-2831 -1519 -1380 -28026 -16963 -15212
-2835 -1262 -1528 -29825 -14009 -12099
-2783 -932 -1673 -32034 -9669 -6773
-2697 -604 -1555 -32768 -4540 324
-2963 -428 -1522 -32768 -2004 4982
-3282 -329 -1456 -32768 259 10546
-3947 -232 -1182 -32768 249 12793
-4630 -164 -937 -32768 -3221 13901
-4986 -60 -912 -32768 -7896 12647
-5191 63 -861 -32768 -9979 11175
-5294 705 -274 -32768 -12203 9428
-5088 1220 249 -32768 -14087 9731
-4714 1811 684 -32768 -17017 13798
-4423 2225 1617 -26987 -16536 21540
-4375 2388 2633 -22859 -15338 28007
-4910 2349 3242 -16529 -15682 32767
-6442 1966 3953 -11296 -21343 32767
-6771 1812 4011 -770 -32768 32767
-7556 1104 4487 6827 -32768 32767
-7632 832 4581 16441 -32768 32767
-7155 -221 4165 24530 -32768 32767
-6675 -1493 3085 29923 -32768 32767
-6427 -2136 2199 32767 -32768 32767
-9364 -3681 2823 27442 -32768 32767
-6343 -3195 -2061 32767 -32768 32767
-5275 -4169 -2515 32767 -32768 32767
-5540 -3945 -2753 32767 -32768 32767
-5016 -3947 -2979 32767 -32768 32767
-4772 -3672 -3050 32767 -32768 32767
-3950 -3377 -3112 32767 -32768 32767
-3103 -2997 -3018 32767 -32768 32767
-2695 -2785 -3004 32767 -32768 32767
-2505 -2438 -2922 32767 -32768 32767
-394 -2388 -2353 6069 -4462 5303
-429 -2487 -2327 2611 -7118 -3639
-602 -2522 -2357 1221 -8616 -10038
-792 -2320 -2240 469 -10559 -18853
-786 -2273 -2186 814 -11912 -23363
-767 -2161 -2109 2523 -14014 -27552
-558 -2084 -2072 4258 -14516 -28766
-744 -2122 -2081 7278 -11953 -29985
-978 -2152 -1816 8836 -8519 -30737
-1173 -2156 -1697 10023 -2472 -32768
-2208 -2118 -1422 10193 1462 -32768
-3300 -2028 -1236 10036 1571 -32768
-4073 -2060 -1195 9622 -1479 -32768
-5189 -2172 -1227 9417 -3667 -32768
-5719 -2239 -1271 9695 -4307 -32768
-6645 -2345 -1363 10716 -4470 -32768
-6731 -2373 -1380 11381 -5860 -32768
-6581 -2457 -1320 11531 -9598 -32768
-6166 -2378 -1166 11157 -11095 -32768
-5855 -2186 -1001 10381 -9779 -32768
-5258 -1833 -805 9841 -8213 -32768
-4802 -1585 -663 8610 -6923 -32768
-4018 -1051 -220 7095 -6763 -32768
-3617 -743 -12 3702 -7726 -32768
-3159 -459 133 -422 -10006 -32768
-2532 -129 267 -3354 -12007 -32768
-2158 15 265 -7593 -14977 -32768
-1663 108 226 -10208 -16579 -32768
-1417 128 158 -13466 -18097 -32768
-1163 46 82 -15365 -18644 -32768
-1046 20 53 -17822 -18887 -32768
-1026 -93 -93 -19492 -17660 -32768
-1242 -382 -240 -20017 -15564 -32768
-1466 -536 -386 -19633 -11233 -32768
-1732 -647 -640 -18717 -9286 -32768
-1711 -716 -595 -17683 -9093 -32768
-1758 -812 -616 -17330 -10340 -32768
-1960 -857 -652 -17196 -12321 -32768
-2073 -865 -692 -17470 -14510 -30932
-1881 -853 -976 -17498 -17226 -27794
-2033 -711 -1057 -17984 -20574 -23678
-2190 -571 -1000 -19505 -20722 -20722
-2199 -550 -1023 -20826 -20151 -19112
-2278 -598 -1228 -22590 -20178 -17253
-2505 -578 -1414 -23588 -20553 -16723
-3022 -771 -1689 -24766 -20541 -17221
-3186 -897 -1804 -25851 -20748 -17955
-3262 -995 -1922 -26754 -21760 -17903
-3271 -978 -1941 -28305 -23460 -16718
-3206 -859 -1881 -29928 -24282 -13966
-3328 -801 -1934 -30640 -24841 -11531
-3325 -582 -2106 -30422 -24534 -7208
-3318 -373 -2259 -28352 -21747 -2658
-3317 -138 -2500 -26189 -19149 436
-3259 99 -2731 -22522 -16485 5280
-3489 189 -2780 -20657 -15636 8240
-3673 281 -2768 -19217 -16856 11686
-3979 221 -2574 -19647 -18591 13574
-4305 161 -2256 -22696 -20319 15653
-4554 110 -1899 -28070 -18367 17288
-4743 -119 -1511 -32045 -15118 19254
-4795 -403 -1005 -32768 -8294 24834
-4872 -1068 -517 -32768 -5705 30013
-5503 -1948 -1 -32768 -9493 32767
-6092 -2411 323 -32768 -13517 32767
-6898 -3306 989 -31479 -18642 32767
-7300 -4346 1837 -23841 -21220 30923
-7759 -5551 2753 -10273 -22759 24883
-7653 -6290 3293 5611 -23028 23243
-7640 -7282 3508 18009 -22103 26221
-7430 -8963 3396 32767 -20639 32767
-7462 -9706 3664 32767 -19066 32767
-7429 -9928 4130 32767 -19637 32767
-7504 -10109 4322 32767 -25642 32767
-7510 -10316 4147 32767 -31396 32767
-7083 -10565 3386 32767 -32768 32767
-6112 -9261 4722 32767 -32768 32767
-4365 -10344 478 32767 -30059 32767
-4366 -9079 373 32767 -18679 32767
-4497 -8218 479 32767 -15293 32767
-4705 -7608 405 32767 -17240 32767
-4563 -6866 -225 32767 -19474 32767
-4378 -6652 -423 32767 -20329 32767
-3763 -6091 -1220 32767 -18952 32767
-3195 -5575 -1883 32767 -17920 32767
-2976 -5166 -2215 32767 -18313 32767
-2672 -4766 -2399 32767 -21026 32767
-2381 -4234 -2243 30973 -23254 32767
-2148 -3977 -2207 23918 -26526 32767
-1404 -3334 -2276 18921 -27582 32767
-1170 -3229 -2348 12290 -27014 31596
-612 -2933 -2399 7051 -23936 28355
-301 -2679 -2497 4617 -21568 26248
-222 -2628 -2488 2406 -18641 22372
-173 -2422 -2388 1613 -17162 19089
-137 -2279 -2272 823 -15614 13639
-211 -2101 -2009 392 -14942 9931
-260 -2013 -1823 -427 -13631 4659
-311 -1895 -1668 -1547 -11870 436
-353 -1716 -1554 -2215 -10682 -1670
-590 -1527 -1435 -2686 -8766 -4402
-868 -1436 -1422 -2285 -7025 -6580
-1159 -1357 -1396 -957 -3566 -10400
-1794 -1351 -1298 207 -879 -13268
-2148 -1199 -1231 1868 1693 -17449
-2520 -972 -1062 2646 1613 -19913
-2827 -855 -994 3371 -196 -23585
-3342 -674 -1118 4081 -3077 -27632
-3706 -453 -1131 4409 -4932 -31013
-3954 -203 -1184 4532 -6217 -32768
-4617 142 -1194 3980 -6041 -32768
-4859 206 -1222 2522 -5105 -32768
-5545 294 -1358 412 -4594 -32768
-5607 290 -1302 -1793 -5238 -32768
-5577 382 -1069 -6369 -9226 -32768
-4976 533 -1122 -9650 -14270 -32768
-4553 671 -1353 -13396 -22614 -32768
-4002 862 -1611 -14947 -26200 -32768
-3417 985 -1693 -14702 -24664 -31186
-3117 1011 -1639 -13133 -18361 -26198
-2826 1026 -1456 -11787 -12747 -23936
-2711 985 -1359 -9632 -4547 -21752
-2281 905 -1051 -8074 1761 -20155
-2153 878 -969 -7531 4308 -19019
-1867 776 -766 -7464 5575 -17409
-1638 610 -560 -8075 5132 -16471
-1520 533 -347 -9772 3597 -15517
-1408 466 -339 -10951 1972 -15055
-1141 345 -353 -12522 -1025 -14402
-947 330 -359 -13690 -4021 -13725
-694 310 -387 -14210 -5675 -13363
-658 201 -430 -14768 -6624 -13492
-700 38 -416 -15117 -5859 -14099
-676 -1 -379 -15699 -3494 -15459
-603 -15 -304 -16302 -1927 -17018
-567 -63 -289 -16668 -2099 -17933
-508 -120 -273 -17275 -3991 -18907
-488 -275 -224 -17842 -5799 -19371
-473 -418 -77 -19129 -7953 -20030
-442 -496 -54 -20735 -8302 -20737
-455 -605 42 -21892 -7227 -21381
-517 -731 18 -23191 -4249 -22559
-569 -1030 86 -24187 -1348 -23697
-692 -1228 75 -24668 326 -24546
-911 -1556 61 -24867 2162 -26095
-1258 -2248 -20 -24760 2979 -27495
-2893 -3945 -987 -26527 -23199 -27350
-2812 -3493 -1092 -27226 -20867 -26633
-2731 -3090 -1233 -27533 -18108 -26254
-2724 -2857 -1433 -27657 -13922 -25122
-2885 -2649 -1603 -27687 -10240 -23492
-3165 -2004 -1934 -27906 -8860 -22152
-3304 -1639 -2026 -29207 -7711 -19600
-3381 -1337 -1967 -32545 -4798 -15913
-3502 -798 -1905 -32768 -2547 -11145
-3788 -364 -1917 -32768 -2250 -7756
-3904 -54 -1857 -32768 -3549 -2320
-4311 502 -1399 -32768 -4679 1014
-4725 791 -911 -32768 -5867 5565
-5278 1065 3 -32768 -9379 10120
-6081 1340 678 -32768 -13431 12733
-6739 1273 1653 -32768 -19755 16175
-7359 1232 3344 -32768 -21603 18040
-7468 1177 3970 -32768 -22191 21920
-8014 459 5888 -32768 -26590 28600
-8219 -324 6142 -21668 -32768 32767
-8075 -1065 5908 2650 -32768 32767
-7321 -2102 5605 19949 -32768 32767
-6547 -2905 4653 32767 -32768 32767
-6069 -3987 2638 32767 -32768 32767
-5834 -4215 1821 32767 -32768 32767
-5423 -4948 -167 32767 -32768 32767
-3889 -4393 -1645 32767 -32768 32767
-4204 -5295 -2356 32767 -32768 32767
-3992 -5293 -3441 32767 -32768 32767
-3455 -4392 -2803 32767 -32768 32767
-3497 -4176 -2942 32767 -32768 32767
-3019 -3375 -3125 32767 -32768 32767
-2787 -3177 -3175 32767 -32768 32767
-1814 -2557 -3344 32767 -32768 32767
-1613 -2410 -3342 32767 -25292 32767
-1040 -2268 -3235 32767 -15182 32767
-507 -1925 -2646 32767 -9461 31912
-251 -1996 -2432 32767 -8948 30206
-317 -1957 -2266 32767 -8041 26370
-823 -2122 -1886 26299 -6410 22388
-872 -2191 -1867 16602 -5367 16043
-809 -2270 -1882 9627 -5305 11417
-505 -2325 -2117 7088 -5126 9540
-266 -2251 -2350 5769 -3766 7136
-178 -2200 -2343 5639 -98 3922
-223 -1995 -2221 5331 1918 1009
-275 -1830 -2158 4148 2225 -4180
-336 -1698 -2052 2915 1226 -7697
-367 -1610 -2020 757 -1409 -12677
-494 -1590 -2128 -405 -3595 -15891
-636 -1663 -2263 -1236 -6106 -20973
-786 -1707 -2293 -1268 -6378 -24410
-1167 -1813 -2207 -895 -5703 -29435
-1348 -1873 -2072 -289 -5724 -32768
-1664 -1888 -1836 359 -7206 -32768
-1727 -1902 -1769 509 -8353 -32768
-1977 -2235 -1542 366 -8373 -32768
-2602 -2471 -1435 497 -6140 -32768
-3141 -2688 -1356 1611 184 -32768
-4084 -2897 -1243 2834 4391 -32768
-4827 -3039 -1106 5179 8322 -32768
-6206 -3090 -825 6804 8758 -32768
-6438 -3123 -785 8783 5254 -32768
-6534 -2833 -583 9480 228 -32768
-6388 -2777 -551 9264 -9227 -32768
-5945 -2635 -504 8222 -15382 -32768
-5795 -2607 -546 7805 -15266 -32768
-5442 -2451 -589 7958 -10975 -32768
-4972 -2151 -601 8432 -7500 -32768
-4613 -1928 -586 9420 -2707 -32768
-3998 -1465 -546 9964 -369 -32768
-3643 -1122 -447 9857 854 -32002
-3092 -573 -385 9124 52 -29669
-2776 -301 -543 7654 -3093 -26653
-2036 281 -765 6312 -6059 -24898
-1760 518 -695 3007 -9781 -22592
-1488 686 -617 -2107 -11799 -20699
-1201 913 -378 -8697 -13133 -18976
-978 1096 -285 -13233 -14486 -17757
-731 1077 -285 -19475 -17576 -15610
-601 988 -301 -24371 -20729 -12968
-442 828 -333 -26776 -22669 -11108
-350 623 -412 -29182 -25571 -8510
-299 439 -522 -30212 -28347 -6565
-398 91 -639 -30446 -30012 -5918
-454 40 -660 -30426 -31509 -6293
-643 -176 -825 -29899 -30962 -8337
-792 -332 -898 -29593 -29512 -10429
-973 -522 -969 -28935 -25700 -14100
-1083 -715 -1159 -27253 -20572 -17486
-1115 -839 -1513 -25310 -17446 -19157
-1163 -1015 -1710 -21749 -13425 -20732
-1277 -1280 -1873 -18459 -9664 -21621
-1537 -1425 -1954 -16999 -8033 -22358
-1975 -1517 -1864 -16768 -7405 -24257
-2224 -1608 -1713 -19292 -8895 -26450
-2507 -1342 -1541 -23680 -13908 -27675
-2725 -1189 -1677 -26351 -18573 -27883
-2920 -954 -1889 -28385 -24414 -27258
-3021 -698 -2284 -27989 -26497 -25782
-2858 -598 -2627 -24993 -25724 -21231
-2511 -580 -2731 -22410 -22274 -16612
-2298 -503 -2710 -18875 -15107 -8236
-2541 -348 -2546 -17320 -8761 -1046
-3207 -442 -2204 -18101 -5915 2284
-3766 -587 -2061 -21547 -4299 5002
-4432 -809 -1998 -24734 -4629 6100
-4670 -1178 -2007 -29590 -5129 8813
-4809 -1632 -2033 -32768 -4883 13391
-4976 -2021 -1800 -32768 -4170 17048
-5164 -2262 -1505 -32768 -3961 22306
-5973 -2755 -820 -32768 -7240 25836
-6101 -2821 -660 -32768 -10716 27502
-6151 -3116 -86 -32768 -13355 29997
-5982 -3224 164 -32768 -12597 31818
-5885 -3418 403 -32768 -9287 32767
-6052 -4010 979 -29189 -9498 32767
-6981 -5195 1760 -19781 -16106 32767
-8305 -6818 2537 -13079 -23263 32767
-8707 -7432 2683 -1607 -32768 32767
-8809 -8908 2938 12147 -32768 32767
-7583 -9637 2857 22314 -32768 32767
-6817 -10103 2354 32767 -32768 32767
-6640 -9920 1723 32767 -32768 32767
-6594 -9795 1479 32767 -31499 32767
-6469 -9463 671 32767 -31315 32767
-7132 -8232 -4244 32767 -32768 32767
-4207 -8589 -1631 32767 -26104 32767
-2961 -8826 -4419 32767 -16519 32767
-4342 -7040 -2807 32767 -8891 32767
-5080 -6697 -2268 32767 -20688 32767
-5212 -6172 -2109 32767 -32391 32767
-4287 -6023 -2618 32767 -32768 32767
-3139 -5615 -3320 32767 -32768 32767
-2504 -5259 -3611 32767 -32768 32767
-1885 -4683 -3507 32767 -32768 32767
-1675 -4299 -3192 32629 -26603 32767
-1398 -3620 -2865 26814 -21824 32767
-1235 -3310 -2743 22993 -20464 32767
-987 -3073 -2676 18065 -20553 32767
-642 -2832 -2421 14862 -21290 32767
-489 -2718 -2140 9604 -22442 32767
-147 -2624 -1751 4291 -23858 31396
74 -2536 -1736 1065 -24862 29392
332 -2372 -1717 -2882 -25946 26367
467 -2250 -1640 -5702 -25507 23603
1034 -1843 -1666 -7049 -26105 22869
1430 -1598 -1841 -6233 -29390 23548
2892 -1809 -2936 -4452 -32768 23375
-1575 -2701 -1519 -4218 -32768 12244
-3261 -931 -490 -6200 -32768 -32768
-3539 -1743 995 -6880 -32768 -32768
-3167 -1880 2008 -8801 -32768 -32768
-2976 -1568 2246 -9978 -16130 -32768
-3038 -1238 2218 -10362 -6245 -28326
-3235 -870 2190 -11463 5090 -20622
-3680 -475 2277 -13451 12185 -16047
-3842 -508 1863 -14319 13590 -14030
-3947 -198 1219 -14159 11926 -12776
-4166 -724 644 -11933 9620 -13251
-3881 -195 383 -10128 10544 -13554
-3393 291 122 -7211 16513 -13308
-2867 410 -5 -5760 22364 -11808
-2132 632 -143 -5385 31478 -8040
-1931 820 -57 -8184 32767 -5436
-1836 955 -136 -11151 32767 -5106
-1716 884 -331 -15658 32767 -6292
-1579 785 -509 -18313 32767 -7814
-1222 752 -532 -21753 26930 -9726
-972 637 -513 -24567 18942 -10295
-546 371 -473 -26300 9435 -9780
-464 307 -475 -26665 3734 -9409
-340 126 -549 -25820 -1686 -9562
-305 -172 -508 -24577 -3210 -10521
-409 -302 -520 -21671 -3469 -13672
-517 -550 -652 -17977 -3275 -18327
-635 -706 -502 -15833 -2912 -22083
-672 -742 -379 -13521 -2501 -27724
-625 -795 -257 -12214 -2743 -32113
-538 -885 -177 -11585 -3231 -32768
-438 -1128 -89 -10863 -4409 -32768
-428 -1232 -24 -10871 -5203 -32768
-425 -1678 256 -11319 -5895 -32768
-455 -1999 287 -12475 -7378 -32768
-589 -2445 263 -13607 -8590 -32388
-853 -3235 218 -14371 -8998 -31311
-1030 -3787 117 -15436 -9467 -30026
-1466 -4371 -72 -16444 -9114 -30217
-1903 -4701 -220 -17010 -8400 -31214
-2410 -5267 -436 -17667 -7237 -32665
-2637 -5538 -609 -18060 -7201 -32768
-2734 -5507 -746 -18697 -9450 -32433
-2960 -5254 -930 -19334 -12396 -31645
-3105 -5048 -988 -21133 -17979 -30040
-3105 -4295 -1077 -23917 -22849 -27574
-3038 -4077 -1113 -26162 -25251 -25308
-2717 -3525 -1411 -29676 -25216 -21259
-2715 -2852 -1735 -32099 -22696 -18812
-3080 -2417 -2113 -32768 -20850 -16444
-3182 -1640 -2002 -32768 -20182 -14882
-3305 -1072 -1995 -32768 -17755 -12080
-3352 -539 -1863 -32768 -12189 -7239
-3970 -197 -1563 -32768 -9534 -2833
-4267 -53 -1498 -32768 -10670 3919
-5791 573 -603 -32768 -14923 9057
-6284 695 -266 -32768 -18906 11516
-7389 1010 1029 -32768 -24328 14693
-8240 1327 2742 -32768 -24960 16711
-9306 973 4456 -32768 -25227 20492
-482 -2213 -2781 32767 -10049 32767
-491 -2219 -2749 32767 -527 32767
-660 -2149 -2463 29338 4822 32767
-801 -2237 -2263 23981 5037 29466
-858 -2509 -2059 16547 1526 22422
-595 -2599 -2002 12576 -1244 17797
-413 -2649 -2031 8403 -4407 11312
-253 -2506 -2055 6270 -4414 5157
36 -2301 -2002 5578 -1942 -47
239 -2125 -2093 5818 -142 -3122
279 -2066 -2138 6727 2100 -7558
139 -2090 -2111 7298 3002 -10536
26 -2066 -2072 7755 2775 -15408
-50 -2059 -2038 7840 1822 -18752
-113 -2114 -2035 7867 -541 -23539
-360 -2280 -1974 8077 -2619 -28891
-752 -2350 -1818 8229 -3530 -32419
-946 -2526 -1681 8237 -4697 -32768
-1530 -3161 -1722 8806 -4855 -32768
-2269 -3620 -1992 11613 -3678 -32768
-2987 -3934 -2068 15558 -1582 -32768
-4321 -4519 -1949 17523 -1274 -32768
-5342 -4647 -1735 18723 -5924 -32768
-5916 -4569 -1504 17804 -11347 -32768
-6409 -4280 -1214 16593 -13283 -32768
-6315 -4027 -1187 14760 -15675 -32768
-5820 -3816 -1124 12989 -16346 -32768
-5465 -3425 -1158 12044 -14834 -32768
-5331 -3206 -1126 10827 -9352 -32768
-5061 -2679 -1060 10010 -6165 -32768
-4962 -2481 -992 8049 -4558 -32768
-4391 -1535 -733 5157 -7344 -32768
-3930 -1061 -644 2935 -10805 -32768
-3403 -650 -587 -555 -16760 -32768
-2421 -42 -553 -3926 -21492 -32768
-2035 182 -505 -6138 -23421 -32768
-1331 -517 -550 -25568 -19076 -27947
-1605 -776 -791 -25115 -16233 -28420
-1643 -928 -840 -23485 -12563 -28013
-1767 -1157 -1013 -21843 -10533 -27126
-1902 -1385 -986 -19612 -7329 -24959
-2069 -1719 -884 -18546 -6030 -21849
-2183 -1806 -856 -18530 -7288 -19647
-2338 -1812 -842 -19665 -10964 -17211
-2743 -1999 -773 -22006 -14328 -16392
-2906 -2037 -827 -24364 -17212 -17072
-3015 -1964 -1015 -25464 -19510 -17948
-3008 -1864 -1046 -26569 -23192 -19153
-2881 -1504 -1089 -26466 -26580 -19717
-2569 -899 -1248 -24848 -29380 -19237
-2346 -590 -1311 -23107 -30644 -18272
-2121 -326 -1314 -20088 -31434 -15839
-1748 -17 -1305 -17042 -30206 -12349
-1320 128 -1388 -14977 -27856 -9654
-1232 135 -1397 -12180 -23451 -5409
-1362 43 -1451 -10422 -19675 -2005
-1493 -191 -1513 -9754 -16457 315
-1704 -521 -1660 -9572 -14273 1190
-1924 -772 -1832 -9405 -11046 1689
-2267 -1518 -2261 -9143 -7715 1841
-2953 -2217 -2656 -8496 -711 1511
-3522 -2671 -2694 -8741 4555 1222
-3973 -3065 -2593 -9677 5590 2411
-4305 -3172 -2606 -11389 1755 5931
-5109 -2905 350 -32768 -15160 32767
-5218 -3277 894 -28616 -18022 32767
-5778 -4185 1572 -19190 -19037 32767
-6387 -4919 1988 -11638 -20166 32629
-7428 -6167 2597 189 -27365 32197
-7426 -6690 2943 7791 -32731 32767
-7046 -7418 3255 18942 -32768 32767
-6894 -7826 3007 26697 -32768 32767
-6774 -8508 1644 32767 -32768 32767
-6813 -8530 1017 32767 -32768 32767
-6648 -8486 324 32767 -32768 32767
-6451 -8382 -335 32767 -32768 32767
-6639 -5925 946 32767 -32768 32767
-5360 -8452 -2622 32767 -32768 32767
-4675 -8243 -3185 32767 -31831 32767
-5273 -7234 -2760 32767 -25981 32767
-1038 -3185 -2788 14150 -22632 32767
-784 -3089 -2743 9738 -24810 31826
-336 -2940 -2843 7815 -26058 28531
-17 -2867 -2876 6000 -24881 23251
393 -2787 -2793 5111 -21766 19639
760 -2566 -2636 4154 -15507 14484
913 -2380 -2577 3942 -11724 11466
1016 -2154 -2435 4121 -7912 7420
965 -1967 -2333 4338 -6113 3106
720 -1874 -2197 4359 -5574 -136
490 -1792 -2125 4463 -4891 -5421
71 -1668 -2108 5092 -4125 -11249
-553 -1740 -2180 5932 -3277 -15399
-1117 -1712 -2201 7838 -1986 -22248
-2212 -1607 -2296 10042 -1618 -29256
-2469 -1509 -2164 11129 -1292 -32768
-2794 -1459 -1925 11599 -1446 -32768
-3037 -1195 -1848 11366 -2996 -32768
-3255 -1055 -1789 10201 -4923 -32768
-3900 -957 -1756 9320 -4508 -32768
-4344 -918 -1835 8666 -2750 -32768
-4817 -823 -1889 8306 -2446 -32768
-5069 -737 -1863 7861 -4039 -32768
-5136 -420 -1521 6139 -8665 -32768
-5054 -293 -1444 4536 -12305 -32768
-4624 58 -1496 2897 -16574 -32768
-4101 541 -1911 3138 -17408 -32768
-3709 747 -2026 4623 -15831 -32768
-3147 714 -1738 5054 -13825 -32237
-2871 744 -1113 3673 -10263 -29230
-2781 770 -747 1559 -8413 -28153
-2576 717 -516 -2495 -7183 -26879
-2066 564 -305 -5294 -7551 -25796
-1881 465 -346 -8667 -9370 -24049
-1619 241 -504 -10031 -10818 -22793
-1588 -26 -568 -10761 -11276 -21453
-1519 -194 -569 -10217 -9214 -20944
-1454 -252 -614 -9210 -7376 -21015
-1356 -268 -653 -7235 -5626 -21278
-1152 -304 -601 -6035 -5236 -21398
-1042 -351 -520 -5163 -5860 -21741
-952 -219 -309 -5253 -7162 -22230
-886 -163 -272 -6069 -10176 -23290
-774 -167 -204 -7784 -12729 -24420
-841 -301 -176 -9196 -13326 -25413
-909 -437 -174 -11306 -13086 -27245
-938 -547 -132 -12709 -12653 -28496
-1014 -613 -112 -14525 -11375 -30195
-1011 -688 -65 -16072 -9750 -31225
-951 -823 40 -17019 -9438 -31274
-908 -932 112 -18615 -10992 -30495
-984 -1156 274 -19968 -12609 -29767
-1317 -1719 351 -22174 -13837 -29067
-1541 -2088 318 -24050 -13054 -29094
-1784 -2722 204 -25086 -11721 -29304
-2029 -3547 -96 -26136 -9221 -29396
-2324 -4136 -176 -27089 -7045 -29706
-2904 -4783 -327 -27654 -6429 -30225
-3191 -4980 -411 -28345 -7406 -30775
-3322 -4893 -679 -28480 -10027 -30628
-3275 -4783 -729 -28630 -16804 -29082
-3050 -4318 -763 -29350 -25179 -26072
-2755 -3853 -733 -30270 -30762 -23552
-2589 -3529 -800 -31892 -32768 -20119
-2503 -2972 -763 -32768 -32768 -17993
-2437 -2412 -898 -32768 -30518 -17024
-2188 -2058 -1171 -32768 -23317 -14863
-1996 -1492 -1303 -31921 -13749 -11555
-2019 -1327 -1319 -30368 -7688 -9024
-2304 -990 -1297 -28552 -2448 -5169
-2690 -722 -1247 -28112 -1520 -2569
-2894 -592 -1078 -29231 -1545 1303
-3290 -225 -973 -30675 -1240 3485
-3664 37 -1017 -32768 -521 6244
-3856 204 -995 -32768 -413 8812
-4444 694 -976 -32768 -2280 10188
-4690 840 -900 -32768 -8833 11524
-4853 973 -667 -32768 -15141 12560
-4924 1320 -209 -32768 -16810 13668
-4720 1558 376 -32768 -16247 17216
-4956 1886 1225 -32768 -16255 20279
-5447 1911 1966 -32768 -20111 24428
-5927 1757 2677 -32768 -28122 27517
-6577 939 3249 -29170 -32768 29151
-6894 473 3250 -12255 -32768 31566
-6457 -351 3090 2420 -32768 32767
-5866 -538 3183 23876 -32768 32767
-5682 -1165 3299 32767 -32768 32767
-5787 -1675 2789 32767 -32768 32767
-5655 -2310 2094 32767 -32768 32767
-4965 -3080 507 32767 -32768 32767
-4610 -3378 -219 32767 -32768 32767
-4284 -3443 -2665 32767 -32768 32767
-3785 -3903 -1789 32767 -32768 32767
-3622 -3640 -2468 32767 -32768 32767
-2907 -3520 -2470 32767 -32768 32767
-2523 -3078 -2472 32767 -32768 32767
-2309 -2775 -2457 32767 -32768 32767
-1803 -2346 -2458 32767 -32768 32767
-1689 -2018 -2364 32767 -32768 32767
-1637 -1672 -2358 32767 -32085 32767
-1586 -1629 -2385 32767 -29281 32767
-1568 -1515 -2397 32767 -23104 32767
-1446 -1373 -2243 32767 -16081 32767
-1305 -1223 -1975 32767 -12106 32255
-1192 -1091 -1754 32767 -7529 29266
-1116 -1114 -1451 32767 -5075 27397
-996 -955 -1305 28218 -2122 24395
-888 -884 -1284 23469 134 21118
-796 -860 -1269 20699 1959 18598
-740 -814 -1329 17630 4883 14508
-2719 -2554 -1168 7273 -15969 -21344
-2757 -2705 -1435 7075 -23818 -23461
-2695 -3056 -1900 8477 -27900 -23709
-2629 -3181 -2080 11670 -31219 -24123
-2771 -3098 -2313 14231 -30741 -25354
-2784 -3179 -2323 17458 -26809 -28599
-2965 -3272 -1974 18193 -20851 -32768
-3154 -3095 -1475 17010 -17207 -32768
-3480 -3120 -1102 12794 -14511 -32768
-3749 -2976 -687 8830 -14806 -32768
-3903 -2813 -333 1699 -16239 -32768
-3855 -2678 -79 -6272 -17830 -32768
-3815 -2658 -29 -11585 -19447 -32768
-3924 -2630 -19 -18984 -20689 -32768
-3845 -2503 -69 -23032 -19131 -32768
-3543 -2385 -139 -27397 -15976 -32768
-2967 -2200 -124 -29595 -15848 -32768
-2789 -2149 -94 -32614 -18390 -32768
-2314 -2070 15 -32768 -22736 -32768
-2379 -2108 12 -32768 -25082 -32768
-2439 -2162 -3 -32768 -25875 -32768
-3533 -2576 -368 -32768 -20958 -32768
-3631 -2346 -362 -32768 -13844 -32768
-3522 -2038 -332 -32768 -3175 -32768
-3064 -1740 -183 -32768 1771 -32768
-2890 -1471 -61 -31465 967 -32768
-2860 -1394 1 -29932 -4561 -32768
-3351 -1268 6 -29238 -8805 -32768
-3368 -1226 -32 -27908 -13890 -32768
-3426 -1149 -238 -26649 -16219 -32768
-3333 -1038 -313 -24055 -17446 -30132
-3318 -950 -355 -21282 -16348 -28064
-3265 -752 -278 -19844 -15043 -27091
-3207 -671 -299 -18169 -14824 -25389
-2975 -359 -333 -17106 -17328 -23149
-2711 -62 -413 -16636 -19401 -21424
-2531 85 -414 -16269 -21126 -18924
-2579 127 -455 -16331 -20688 -17360
-2808 591 -2197 -9869 -11124 18933
-3199 501 -2146 -13662 -9909 21999
-4009 383 -2065 -20222 -12421 24304
-4561 193 -2178 -24395 -16844 24721
-4624 122 -2154 -29294 -20260 25817
-4712 -107 -1623 -31913 -19857 27434
-4777 -774 -604 -32768 -19050 32767
-5567 -2155 19 -32768 -20315 32767
-6319 -2978 339 -32768 -20085 32767
-6981 -3189 662 -32768 -18354 32767
-7142 -3649 885 -29087 -18494 31781
-6681 -4015 1605 -13753 -20721 29043
-6865 -4732 2145 1964 -23048 27215
-7538 -5733 2610 10818 -25688 25771
-8487 -6985 3158 18232 -28932 24784
-8333 -8274 2972 28812 -29758 27936
-7802 -9412 2255 32767 -28190 32767
-7672 -9865 1887 32767 -27579 32767
-7584 -9988 1724 32767 -31813 32767
-7601 -10121 1194 32767 -32768 32767
-6924 -9709 326 32767 -32768 -24026
-6303 -9466 -1398 32767 -32768 32767
-5075 -9477 -1730 32767 -32768 32767
-5182 -8157 -1352 32767 -20475 32767
-5181 -7530 -1386 32767 -13409 32767
-4885 -6745 -2007 32767 -21609 32767
-4030 -6184 -2814 32767 -27348 32767
-2996 -5556 -3207 32767 -29638 32767
-2539 -5108 -3243 32767 -28434 32767
-2036 -4305 -3190 32767 -27726 32767
-1916 -4134 -3130 32767 -26797 32767
-1565 -3643 -3020 25815 -25717 32767
-1219 -3304 -3077 21339 -25044 31601
-1023 -3129 -3004 15615 -24233 26754
-735 -2858 -2870 12749 -23846 24115
-528 -2656 -2777 9804 -23899 20965
-451 -2549 -2582 8196 -24057 19027
-386 -2403 -2358 5834 -23752 16360
-244 -2339 -2078 3916 -23844 14286
-268 -2320 -2064 3298 -23322 12278
-245 -2348 -2020 3652 -21736 10906
-3029 -908 -1741 13748 -10004 -19016
-3239 -793 -1733 14463 -10566 -26614
-3930 -403 -1781 13974 -8548 -32768
-4453 28 -2030 12495 -6678 -32768
-4862 233 -1891 9306 -5367 -32768
-4921 289 -1805 4587 -5929 -32768
-5059 318 -1582 598 -7635 -32768
-5158 381 -1623 -4918 -11366 -32768
-4998 653 -1861 -7937 -14023 -32768
-4763 863 -1700 -12079 -17804 -32768
-4262 1111 -1634 -14249 -19949 -32768
-3840 1251 -1570 -16486 -21730 -32768
-3059 1339 -1169 -17750 -20678 -31038
-2723 1305 -919 -18166 -18423 -28850
-2413 1252 -724 -18087 -14012 -26299
-903 -78 -392 -4138 -1849 -20886
-828 -113 -288 -3856 -1273 -21039
-710 -134 -129 -4400 -1518 -20865
-626 -151 4 -6450 -3505 -20393
-552 -213 165 -9795 -7108 -19852
-484 -335 386 -12803 -9770 -19506
-448 -454 524 -18072 -13190 -18978
-442 -773 582 -21631 -14582 -18642
-569 -1139 671 -26576 -14259 -18584
-717 -1425 747 -30281 -11102 -19390
-879 -1720 666 -31670 -8701 -20334
-917 -2082 677 -32363 -5755 -21680
-1108 -2600 475 -31758 -4325 -22521
-1312 -2972 214 -29053 -3319 -24142
-1963 -3727 -358 -26311 -3409 -25568
-2323 -4039 -481 -21774 -4504 -28202
-2612 -4179 -509 -18472 -6848 -31080
-2933 -4341 -439 -17810 -8947 -32768
-2993 -4428 -285 -19578 -11462 -32768
-2850 -4300 -187 -23805 -13528 -32768
-2850 -3979 -226 -29075 -16146 -32325
-3014 -3558 -418 -32336 -18676 -31076
-3126 -3314 -625 -32768 -23052 -28871
-2987 -2970 -821 -32768 -24929 -25945
-2798 -2537 -1059 -32768 -20347 -22621
-2397 -2165 -1191 -32768 -12898 -19790
-2504 -1965 -1289 -32621 -1571 -14974
-2623 -1746 -1206 -29878 1746 -9675
-3442 -1401 -865 -29384 -145 -6730
-3697 -1322 -752 -31380 -5009 -4213
-4127 -957 -435 -32768 -7398 -3256
-4428 -591 -419 -32768 -5563 -2477
-4405 -254 -467 -32768 -3041 609
-5182 128 -549 -32768 -6051 2931
-5674 389 -619 -32768 -17261 5767
-5995 1005 -183 -32768 -22053 7869
-5826 1241 190 -32768 -16902 12643
-5845 1573 927 -32768 -15713 17869
-6488 1994 1630 -32768 -22065 26387
-6858 2503 2657 -29526 -28479 31566
-6773 2586 3048 -23570 -32768 32767
-5932 2248 4255 -18663 -32768 32767
-5860 1803 4310 -6116 -32768 32767
-5480 969 3814 14971 -32768 32767
-5283 111 3165 32002 -32768 32767
-3942 -978 2186 32767 -32768 32767
-3650 -1601 1679 32767 -32768 32767
-5241 -1279 3352 32767 -32768 30692
-3384 -3117 -1291 32767 -32768 32767
-1780 -2972 -3835 32767 -32768 32767
-2265 -2752 -4003 32767 -32768 32767
-2371 -2771 -2413 32767 -32768 32767
-2573 -2610 -2472 32767 -32768 32767
-2390 -2131 -2373 32767 -32768 32767
-1601 -1586 -2405 32767 -32768 32767
-1403 -1264 -2188 32767 -32768 32767
-1437 -916 -1827 32767 -31987 32767
-1445 -651 -1838 32767 -27530 32378
-1129 -873 -1635 13257 5375 5251
-1195 -1174 -1764 12242 5108 1374
-1179 -1396 -1822 11475 4858 -5279
-1170 -1739 -1965 11346 4286 -9955
-1083 -2114 -1962 11293 3687 -16684
-1053 -2187 -1871 10822 3585 -22967
-1448 -2445 -1730 10074 2985 -27126
-1614 -2636 -1498 7656 1216 -32586
-2278 -2888 -1206 5461 -468 -32768
-2476 -2939 -1191 2329 -3802 -32768
-3770 -3116 -1138 978 -5248 -32768
-4325 -2958 -1113 57 -3028 -32768
-5324 -3036 -975 122 -2390 -32768
-5873 -3048 -928 335 -4345 -32768
-6354 -2749 -664 112 -7857 -32768
-6351 -2707 -613 -1154 -13750 -32768
-5755 -2508 -494 -2542 -16942 -32768
-5295 -2397 -495 -3097 -16857 -32768
-4720 -2237 -525 -3079 -14166 -32768
-3823 -1969 -474 -2840 -11534 -32768
-3262 -1782 -403 -2832 -8633 -32768
-2490 -1416 -136 -4012 -7911 -32768
-2237 -1291 0 -5550 -8269 -32768
-2008 -1187 125 -8979 -9176 -32768
-1713 -1085 189 -11512 -9843 -32768
-1441 -995 148 -15067 -10539 -32768
-1253 -944 -45 -17673 -11204 -32768
-1142 -937 -160 -18763 -11551 -32768
-1080 -932 -292 -19364 -11059 -32768
-1110 -1074 -518 -18998 -9798 -32768
-1262 -1221 -672 -17564 -7422 -32768
-1664 -1404 -818 -15126 -3805 -32768
-2128 -1565 -854 -13303 -976 -32768
-2519 -1610 -725 -10830 1755 -32768
-2506 -1518 -607 -9344 345 -32768
-2299 -1435 -499 -9140 -3567 -32768
-2061 -1345 -309 -10158 -11006 -32768
-1764 -1152 -199 -11355 -15765 -32445
-1617 -1050 -155 -13593 -21258 -25479
-1507 -996 -149 -15892 -23484 -18906
-1438 -1109 -237 -17260 -23160 -15148
-1526 -1187 -338 -18839 -20429 -11278
-1818 -1361 -678 -19727 -17043 -9608
-2057 -1670 -1022 -20071 -15683 -9578
-2212 -1800 -1159 -20026 -15952 -10726
-2642 -1920 -1367 -20136 -17257 -13921
-3066 -1780 -1294 -20870 -18800 -16839
-3360 -1535 -1244 -22740 -23547 -21666
-3477 -969 -1448 -23752 -28479 -24008
-3192 -477 -1847 -23993 -32768 -24804
-2579 -95 -2388 -22792 -32768 -23268
-2338 13 -2503 -19250 -32768 -17793
-2074 135 -2586 -15317 -27525 -10628
-2038 164 -2654 -13143 -20782 -5480
-2303 149 -2437 -12456 -12782 1779
-3237 -100 -2201 -14821 -11038 7066
-3781 -320 -1989 -17972 -11447 9014
-4208 -744 -1813 -24225 -11014 10884
-4247 -1473 -1435 -30661 -7446 14260
-4246 -2159 -1426 -32768 -4583 17472
-4419 -2602 -1379 -32768 -1636 22284
-4982 -3037 -1131 -32768 -1625 24581
-5534 -3365 -1066 -30300 -5921 26066
-5915 -3844 -976 -26429 -10278 26794
-6024 -4088 -947 -19819 -16503 28384
-5809 -4703 -505 -15931 -18370 30470
-5807 -4769 -299 -11968 -17676 32767
-6087 -5140 471 -9702 -17871 32767
-6202 -5248 624 -8322 -20973 32767
-6271 -5884 1486 -6720 -25434 32767
-6439 -6113 1764 -3151 -30282 32767
-7171 -7093 2138 4402 -32768 32767
-7997 -8640 1968 12681 -32768 32767
-5597 -6706 -1963 32767 -32768 32767
-4790 -6360 -2550 32767 -32768 32767
-4276 -5956 -2967 32767 -32768 32767
-3830 -5383 -3057 32767 -32024 32767
-3670 -4884 -2837 32767 -30185 32767
-3507 -4665 -2802 32767 -29017 32767
-3307 -4424 -2838 32376 -26381 32767
-2783 -4045 -2838 29524 -24222 32767
-2435 -3756 -2803 25369 -22016 32767
-1791 -3192 -2402 20603 -21684 32767
-1464 -2988 -2216 17241 -21889 32767
-801 -2745 -2156 12737 -21478 28791
-180 -2522 -2132 10305 -19565 25971
-14 -2458 -2105 7031 -16215 21709
410 -2292 -1965 3865 -14036 17235
645 -2202 -1841 1895 -12363 14107
848 -2075 -1832 165 -10105 8842
902 -1865 -1945 -16 -8724 4839
781 -1695 -1999 652 -5647 -1849
455 -1693 -2010 1856 -2696 -9144
53 -1725 -1958 2726 -1374 -14437
-359 -1749 -1916 3735 -1241 -22215
-871 -1668 -1866 4093 -2710 -26879
-1232 -1562 -1847 4221 -5858 -32768
-1816 -1346 -1824 3933 -8147 -32768
-2636 -1227 -1939 3732 -8461 -32768
-3308 -1284 -2103 3767 -7412 -32768
-4308 -1350 -2046 3628 -6295 -32768
-4694 -1395 -1682 2425 -6224 -32768
-4713 -1307 -1709 1179 -9293 -32768
-4624 -1031 -1822 746 -12377 -32768
-4522 -696 -1798 243 -16307 -32768
-3999 -211 -1579 -227 -16808 -32768
-3908 -108 -1529 -929 -14411 -32768
-3707 77 -1277 -2295 -11921 -32768
-3560 105 -964 -3767 -11197 -31929
-3490 174 -819 -6472 -11970 -29952
-3173 266 -541 -9549 -13602 -29296
-3025 232 -511 -11313 -13892 -29092
-2636 145 -482 -12797 -12106 -28838
-2239 93 -509 -12871 -9878 -28475
-1754 -9 -570 -11758 -6701 -27383
-1370 -68 -557 -10535 -5262 -26436
-1321 -887 -153 -7455 -14606 -32768
-1236 -903 -100 -9271 -16081 -32768
-1190 -1022 5 -10575 -15752 -32768
-1088 -1120 103 -12509 -13681 -32768
-968 -1421 258 -13725 -11643 -32768
-981 -1620 452 -15255 -7662 -32768
-1088 -1798 426 -15907 -4645 -31207
-1338 -2361 353 -16041 -4113 -29380
-1465 -2812 294 -16257 -5035 -26660
-1678 -3468 230 -16668 -6387 -24869
-1831 -3790 192 -17997 -8962 -22851
-2276 -4107 213 -20308 -12077 -22496
-2650 -4287 183 -22223 -14098 -23241
-3129 -4553 51 -24782 -16441 -25292
-3411 -4358 -269 -25704 -17855 -26854
-3351 -3983 -422 -26042 -21577 -28121
-3007 -3478 -579 -25742 -28112 -27067
-2557 -2956 -681 -25501 -32768 -24129
-2117 -2494 -669 -25616 -32768 -21520
-1915 -2302 -757 -25865 -32768 -17544
-1793 -1979 -890 -25901 -32768 -15320
-1909 -1793 -1026 -25730 -29351 -13105
-1988 -1483 -1480 -25001 -20754 -11196
-2061 -1395 -1619 -24042 -14399 -10109
-2427 -943 -2014 -22417 -5871 -8479
-2742 -615 -2305 -22169 -2722 -5462
