-721 135 227 -18420 -3866 -7065
-748 35 179 -19440 -2334 -7418
-642 -210 161 -20836 669 -7308
-649 -347 123 -21504 3001 -6983
-686 -432 42 -21886 5692 -6490
-699 -576 -82 -21719 6559 -6193
-712 -677 -124 -21006 6592 -5721
-804 -856 -161 -20378 5780 -5565
-816 -974 -156 -19468 3598 -5560
-745 -1185 -188 -19026 1739 -5536
-807 -1448 -219 -18746 -1008 -5684
-988 -2149 -227 -19290 -2514 -6430
-1320 -2916 -264 -20154 -2150 -7534
-1813 -3313 -298 -21971 1012 -10986
-2664 -3714 -287 -23388 5004 -15031
-3456 -3719 -150 -26228 13453 -24204
-4227 -3455 -116 -29018 22025 -32768
-4188 -3245 -244 -30405 25155 -32768
-3829 -3194 -322 -32458 23739 -32768
-3277 -3178 -589 -32768 15478 -32768
-3238 -2749 -803 -32768 7442 -32768
-3329 -2531 -1021 -32768 -4589 -32768
-4009 -2051 -1168 -32768 -9839 -30848
-4485 -1466 -1232 -32768 -7282 -27232
-4791 -423 -1462 -32768 2977 -21983
-4763 119 -1885 -32768 10288 -17846
-4804 172 -2054 -32768 16835 -10422
-5232 139 -1797 -32768 17304 -2838
-6157 23 -1062 -32768 15426 903
-6853 365 -499 -32768 12555 3106
-7577 888 84 -32768 11084 2748
-8140 987 992 -32768 9008 2624
-8445 1144 1963 -32768 9734 3810
-8920 1325 3389 -32768 14438 8043
-10184 874 4184 -32768 14039 12628
-11339 38 4693 -32302 1345 22759
-8459 -8881 -3621 32767 -32768 32767
-8040 -10664 -3018 32767 -32768 32767
-7255 -10147 -4209 32767 -32768 32767
-6669 -9574 -4682 32767 -32768 32767
-4469 -8434 -5382 32767 -32768 32767
-2708 -7946 -5482 32767 -30798 32767
-2147 -7446 -5599 32767 -21646 32767
-1934 -7048 -5672 32767 -20742 32767
-1804 -6428 -5421 30140 -21812 32767
-1543 -6142 -5157 25346 -26237 30898
-1042 -5529 -4792 19855 -32227 17435
-420 -5031 -4676 16162 -32768 9838
-86 -4638 -4647 10610 -32768 2297
52 -3901 -4721 7118 -32768 -713
10 -3450 -4743 3080 -32768 -3515
3 -3030 -4659 1476 -32768 -4466
-35 -2453 -4372 678 -25636 -4627
-320 -1992 -3880 358 -16531 -3943
-477 -1721 -3576 401 -12932 -3141
-617 -1267 -3170 341 -12588 -2291
-783 -807 -2995 411 -12674 -2093
-843 -311 -2902 1098 -11221 -2726
-867 620 -2781 1871 -9215 -3620
-830 990 -2597 2621 -6721 -4852
-730 1441 -2012 2040 -6061 -4970
-1008 1714 -1769 -275 -7242 -5594
-1806 1945 -1781 -2291 -10361 -8712
-2748 2472 -1894 -2579 -11689 -12592
-2929 2850 -2153 -927 -13460 -18832
-2844 3289 -2492 1423 -15432 -21760
-2714 3404 -2572 5548 -19286 -23554
-2427 3058 -2334 7638 -21955 -22937
-2201 2631 -2059 8769 -23817 -19600
-2157 2251 -1514 8266 -22903 -16897
-2378 2024 -1091 5833 -18023 -14060
-2843 1597 -656 3484 -12591 -13560
-2948 1212 -601 396 -2951 -14007
-2857 981 -659 -1077 5824 -14262
-2561 668 -706 -1199 10055 -13971
-2408 550 -754 -392 13950 -13020
-2211 537 -713 949 14222 -12000
-2195 582 -538 1447 12385 -11803
-2176 579 -266 1484 9687 -12102
-2141 555 -131 803 5519 -13393
-1983 660 -116 -79 1494 -15436
-1890 770 -135 -638 -1115 -17179
-1910 718 -68 -1862 -4033 -20113
-2067 392 119 -3174 -4290 -22089
-2033 132 126 -5462 -1683 -24175
-1733 -133 45 -6821 1083 -24396
-1402 -258 48 -8752 4974 -22341
-964 -332 -3 -9978 6415 -19569
-734 -318 -61 -11699 5600 -14275
-536 -246 -72 -12756 3446 -10633
-593 -191 -217 -13941 -126 -6296
-639 -165 -366 -14157 -2597 -3769
-932 -296 -462 -13913 -3214 -3269
-1140 -371 -298 -14019 -2253 -3816
-1120 -385 -110 -15098 -6 -4877
-1084 -411 -53 -17101 1501 -5665
-956 -358 -76 -18664 1700 -5797
-865 -346 -247 -20427 446 -5288
-706 -381 -524 -21057 -1186 -4386
-766 -473 -632 -21412 -3559 -2993
-881 -668 -608 -21648 -4021 -2145
-945 -775 -477 -22077 -3244 -1921
-967 -800 -364 -23389 -1658 -2042
-863 -855 -311 -24592 -778 -2278
-918 -931 -359 -26448 387 -2898
-1032 -1112 -438 -28145 1999 -4437
-1201 -1269 -465 -29294 3719 -6117
-1429 -1528 -460 -31152 7321 -9636
-1834 -1555 -532 -32533 11326 -14654
-2122 -1460 -698 -32654 13775 -18863
-2356 -1211 -980 -31512 16132 -25379
-2491 -1003 -1240 -30238 15664 -29156
-2555 -958 -1311 -28340 11529 -32768
-2539 -1008 -1183 -27885 7309 -32768
-2656 -1042 -1073 -28951 -286 -32768
-2805 -1428 -1164 -30485 -4928 -31969
-2907 -1865 -1367 -32332 -7518 -28495
-3245 -2406 -1850 -32519 -5075 -26003
-3717 -2878 -2086 -31429 4294 -23213
-4656 -4057 -1774 -31295 17591 -21738
-5376 -4447 -1449 -32569 25147 -21417
-6511 -4138 -1123 -32768 29947 -21977
-7209 -3223 -1071 -32768 24641 -22369
-7492 -2311 -1224 -32768 14915 -21226
-7355 -2050 -1295 -32768 -4664 -16447
-6705 -1811 -1032 -32768 -13945 -10939
-6189 -1450 -742 -32768 -15388 -1105
-5546 -315 45 -32768 1567 7139
-5741 135 920 -32768 28659 11326
-7182 -283 2114 -31326 32767 12381
-8820 -726 3024 -22680 32767 12027
-10781 -1412 5160 -16859 30710 12162
-11575 -2099 6793 -10435 7612 15945
-11744 -3891 8667 -5328 -5033 26840
-11627 -5257 9089 -222 -7152 32767
-11384 -6782 8096 13325 -12718 32767
-11629 -8132 6818 24818 -22437 32767
-11760 -9184 6265 32767 -32768 32767
-11199 -10822 5060 32767 -32768 32767
-10499 -11861 3863 32767 -32768 32767
-9319 -13251 1254 32767 -32768 32767
-6963 -11286 -1763 32548 -32768 -4271
-5689 -13079 -4680 32767 -32768 32767
-5430 -11114 -2430 32767 -32768 32767
-5690 -10345 -877 32767 -32768 32767
-5354 -9502 -1174 32767 -32768 32767
-4942 -8988 -2452 29067 -32768 32767
-3939 -8456 -3918 26004 -32768 32767
-3130 -7916 -4211 25238 -32768 32767
-2243 -7249 -4212 23020 -32768 32767
-1675 -6351 -4223 20778 -32768 30579
-1142 -5668 -4409 16292 -32768 23342
-553 -4873 -4607 14763 -32768 19604
-222 -4309 -4538 13082 -32768 14750
-90 -3666 -4243 11441 -26969 10591
-407 -3035 -3746 10271 -21580 7483
-750 -2663 -3378 8395 -15551 2022
-1089 -2186 -3045 7184 -13421 -3127
-1111 -1680 -2846 6994 -13545 -5671
-1070 -1318 -2794 7523 -14573 -8094
-1268 -971 -2688 8464 -15052 -10265
-1488 -847 -2802 9212 -14229 -11912
-1544 -679 -2820 10513 -7956 -14505
-1718 -88 -2693 11315 194 -17232
-2254 400 -2350 11187 3160 -19265
-2742 530 -1984 9570 3305 -22549
-3367 586 -1480 7495 1473 -24795
-3594 716 -1429 3982 -3058 -27536
-3648 829 -1243 201 -7524 -28859
-3554 1004 -854 -2752 -8982 -28778
-3669 1174 -363 -8017 -9363 -27874
-3678 1356 -82 -13876 -8972 -26518
-3803 1589 145 -19254 -9340 -25077
-3873 1478 202 -21979 -9784 -24131
-4006 1278 198 -24448 -9300 -23214
-4044 1180 -136 -24645 -8352 -22984
-4003 1085 -435 -22400 -6841 -22823
-3809 879 -758 -19646 -6185 -22521
-3346 711 -631 -15129 -6201 -20921
-3011 620 -295 -12426 -7548 -17745
-2585 644 208 -12108 -9190 -15164
-2337 680 370 -13129 -12649 -11331
-2008 731 -56 -13397 -16083 -8201
-1714 791 -271 -12700 -17683 -6556
-1361 924 -285 -11347 -18386 -4800
-1116 974 -199 -10265 -17709 -3903
-908 923 -22 -9976 -16701 -3633
-771 866 107 -10359 -14627 -3300
-620 825 239 -11093 -12873 -3109
-558 805 229 -12369 -10077 -2959
-506 766 194 -13741 -7510 -3016
-448 671 196 -14692 -5920 -3144
-419 613 181 -16133 -3751 -3406
-382 526 201 -17467 -1740 -3666
-326 405 198 -18192 -376 -3752
-306 301 166 -18791 1621 -3617
-271 130 87 -18829 2758 -3333
-254 -7 10 -18326 3943 -2612
-241 -189 -90 -17296 4320 -1701
-183 -339 -119 -16599 3876 -981
-158 -447 -124 -15921 2112 105
-262 -728 34 -16085 681 570
-460 -1051 262 -17860 -256 271
-672 -1710 564 -21649 862 -1065
-885 -2349 739 -24996 2292 -2536
-1066 -2637 818 -30776 4977 -5943
-1362 -2800 751 -32768 6884 -9081
-1672 -3090 479 -32768 9257 -14954
-2037 -3373 234 -32768 11925 -22072
-2616 -3740 -156 -32768 14746 -27561
-2973 -3832 -304 -32768 20511 -32768
-3465 -3760 -402 -32768 25470 -32768
-3321 -3780 -436 -32768 26086 -32768
-3370 -3783 -515 -32768 21281 -32768
-3467 -3484 -550 -32768 14548 -32768
-3398 -3236 -600 -32768 -39 -32768
-3506 -2968 -634 -32768 -15779 -32768
-3623 -2773 -490 -32768 -22226 -29955
-3642 -2631 -499 -32768 -21834 -23791
-3489 -2443 -705 -32768 -8993 -18678
-3206 -2215 -1045 -32768 3309 -15418
-3176 -2102 -1152 -32768 19322 -10284
-3593 -1841 -1002 -32768 25333 -5202
-4496 -1662 -693 -32768 23759 -2722
-5099 -1642 -599 -32768 15701 -1021
-5790 -1499 -438 -32768 6421 -1446
-6233 -1178 -179 -32768 2484 -2328
-6217 -840 -129 -32768 937 -2584
-6203 -135 -12 -32768 1647 -1208
-6246 298 62 -32768 1398 3692
-6282 650 348 -32768 -969 9088
-6719 553 763 -32768 -5133 18371
-7817 319 1588 -32768 -6498 23393
-8735 329 2181 -32287 -4982 27604
-9596 121 3043 -28215 -5234 29578
-9759 173 3556 -19248 -10306 32767
-9963 -393 4306 -11570 -14353 32767
-10056 -1201 5040 409 -20286 32767
-10276 -2053 5250 11195 -27055 32767
-10834 -3613 5009 17721 -32502 32767
-11001 -4665 4595 26425 -32768 32767
-10980 -6495 3372 32094 -32768 32767
-10460 -7458 2300 32767 -32768 32767
-9403 -9118 357 32767 -32768 32767
-8827 -10070 -795 32767 -32768 32767
-7895 -7993 -2447 32767 -32768 25318
-7151 -10525 -4260 32767 -32768 32767
-6640 -9373 -4262 32767 -32768 32767
-5868 -9671 -3697 32767 -32768 32767
-5634 -9250 -3895 32767 -32768 32767
-4753 -9571 -4882 32767 -32768 32767
-3018 -8987 -5654 32767 -32768 32767
-2050 -8111 -5667 32767 -32768 32767
-1273 -7108 -5736 32767 -32768 32610
-995 -6576 -5625 32767 -23676 27900
-939 -5895 -5092 23700 -15391 23655
-1102 -5616 -4490 16553 -16193 20417
-1011 -5464 -4341 7519 -23456 15190
-868 -5098 -4583 3127 -29909 9592
-735 -4527 -4763 2795 -30529 5469
-552 -3972 -4667 3871 -28020 -1
-189 -3026 -4288 4323 -25850 -2282
-153 -2497 -3988 3736 -22720 -3560
-242 -1973 -3689 2117 -18912 -3015
-521 -1555 -3598 1329 -15811 -2320
-713 -1195 -3545 1076 -10831 -1828
-1117 -323 -3244 1573 -6581 -2823
-1372 863 -2932 1928 -4539 -4323
-1345 1425 -2752 2457 -3720 -5884
-1174 1574 -2430 2445 -4506 -5811
-1378 1525 -2183 1658 -6018 -5156
-1966 1495 -1950 683 -5801 -5956
-2409 1570 -1916 682 -4576 -8054
-2519 1626 -1861 1152 -4762 -9513
-2597 1458 -1837 2025 -7808 -11066
-2695 1504 -1689 2327 -11379 -12108
-2848 1453 -1387 1327 -16651 -14328
-3119 1332 -935 -447 -18812 -16179
-3269 1299 -761 -3533 -18458 -18993
-3229 1084 -374 -6561 -12916 -20410
-3090 845 -143 -8270 -7113 -20330
-2897 756 -281 -9467 1907 -18666
-2443 779 -806 -8743 6043 -16619
-2175 828 -1025 -5889 8574 -12887
-1943 818 -832 -3281 8567 -9738
-1864 782 -411 -2480 8356 -8552
-1870 750 -128 -2730 8730 -8500
-1854 757 194 -4241 9696 -10241
-1766 902 330 -5625 9577 -12027
-1713 935 390 -8124 8071 -15165
-1815 713 479 -10118 6905 -17367
-1874 472 547 -13443 6354 -20760
-1751 233 543 -15699 6573 -22566
-1652 174 441 -18417 6894 -24253
-1403 141 261 -19587 7076 -24545
-1151 103 148 -20508 7084 -23212
-775 48 -47 -20674 6041 -21074
-643 -15 -164 -20507 2302 -16604
-608 -121 -315 -20120 -941 -13259
-882 -323 -282 -19329 -4006 -9207
-1261 -615 -163 -18689 -2533 -6908
-1540 -882 -202 -18078 274 -6277
-1536 -943 -255 -16871 4746 -5910
-1372 -920 -445 -15741 6619 -5650
-1228 -822 -524 -13888 6846 -4994
-960 -744 -571 -12214 4580 -3812
-744 -760 -498 -11557 2259 -2887
-722 -806 -423 -11441 -1248 -1903
-902 -919 -175 -12103 -2840 -1934
-1050 -925 76 -14463 -3302 -3393
-1199 -838 248 -16630 -2502 -5108
-1366 -777 264 -19928 -803 -8615
-1354 -736 286 -23078 1266 -12545
-1630 -749 200 -24985 2604 -15451
-1766 -756 62 -27030 4173 -20222
-1860 -694 -120 -27646 5143 -23247
-1912 -625 -266 -27788 5996 -25988
-1920 -532 -315 -27524 6278 -29457
-1891 -346 -389 -26985 3944 -31786
-2043 -269 -187 -26877 1364 -32768
-2327 -427 -115 -27279 -1993 -32768
-2652 -995 -294 -27248 -3355 -32768
-2689 -1468 -702 -25423 -5960 -32768
-2830 -1895 -1643 -22435 -8999 -31610
-3132 -2011 -2050 -16098 -14003 -29184
-3540 -2536 -2153 -12040 -15448 -27867
-3652 -3190 -1772 -9111 -13521 -25187
-3867 -4244 -858 -12171 -6233 -21393
-4442 -4897 -264 -16916 1654 -19069
-5070 -4704 77 -25854 15836 -16958
-5126 -4215 -229 -32768 25300 -15390
-4922 -3539 -970 -32768 24663 -13385
-4757 -3081 -1239 -32768 13210 -8332
-4372 -2362 -1252 -32768 -3403 -1420
-4204 -1814 -1070 -32768 -11980 2984
-4285 -1408 -995 -32768 -14793 6837
-4453 -1021 -1164 -32768 -3584 6700
-4444 -1020 -997 -32768 8098 5686
-4635 -654 -295 -31094 23777 4534
-5295 420 711 -30345 28787 4351
-5817 1157 1286 -29721 24333 5458
-6418 1692 1686 -27259 11044 8886
-6547 1692 1883 -23557 4704 12171
-7443 669 2746 -15948 9358 15561
-8570 -609 3913 -11179 18119 16662
-10389 -2140 6091 -6361 23062 20200
-11758 -4125 8047 -4405 16986 25482
-11709 -5301 8613 198 1374 32767
-11533 -7525 8017 12097 -14896 32767
-11760 -9981 7083 23258 -25428 32767
-11882 -11481 6597 32767 -32768 32767
-11071 -13276 5313 32767 -32768 32767
-10073 -14203 3849 32767 -32768 32767
-8570 -15112 1443 32767 -32768 32767
-7173 -13161 -2021 32767 -32768 -32768
-6386 -14743 -3509 32767 -32768 32767
-6618 -14173 -2300 32767 -32768 32767
-6725 -13621 -2035 32767 -32768 32767
-6075 -12383 -3431 32767 -32768 32767
-5058 -11221 -4243 32767 -32768 32767
-4344 -10399 -4597 28977 -32768 32767
-3365 -9189 -5303 27838 -32768 32767
-2391 -8009 -5715 28232 -32768 32767
-1584 -7282 -5862 28340 -32768 25453
-518 -6114 -5976 27304 -32768 19668
75 -5332 -6030 26371 -32768 17152
530 -4207 -5765 24294 -25446 14409
262 -3188 -5152 22213 -18665 12414
-232 -2663 -4748 16969 -14041 5837
-991 -1776 -4137 14360 -14407 1513
-1235 -1349 -4003 11221 -14982 -5153
-1344 -676 -3908 9230 -14016 -10530
-1318 -171 -3725 8265 -12747 -12882
-1268 74 -3497 6703 -9274 -15050
-1429 325 -2945 4475 -3800 -16684
-1852 672 -2624 2850 -665 -18165
-2282 821 -2389 565 1123 -21878
-3013 1007 -2022 -1203 -222 -25217
-3307 1049 -1834 -3958 -4394 -30391
-3416 818 -1409 -6075 -5827 -32768
-3230 660 -1151 -9241 -3786 -32768
-2886 686 -970 -11452 1565 -32510
-2920 1016 -959 -12221 4264 -30569
-3038 1202 -1399 -11559 3679 -27878
-3383 1216 -1729 -10494 444 -26782
-3590 1090 -1614 -10465 -3373 -26763
-3278 831 -904 -12598 -2120 -27116
-2756 816 -64 -19209 7031 -26738
-2513 860 192 -26508 21110 -25491
-2556 915 -52 -29458 28145 -24488
-2704 859 -627 -28794 27904 -23219
-2630 616 -1259 -23443 14533 -21042
-2413 539 -1265 -19100 3022 -19266
-2165 634 -928 -13739 -9698 -17239
-1707 692 -231 -11977 -12930 -16441
-1426 717 -13 -11615 -13380 -15988
-1211 690 131 -12360 -12872 -16086
-1192 571 161 -14229 -10598 -16887
-1095 392 89 -15796 -6237 -17868
-992 250 27 -16447 -3176 -18335
-900 162 -37 -16652 29 -18354
-810 12 -17 -16402 908 -17586
-702 -32 110 -16394 414 -16686
-648 -53 144 -16629 -1747 -14911
-552 -51 165 -16828 -3921 -13566
-566 -23 162 -16991 -7206 -11863
-770 -138 3 -16838 -8622 -11240
-996 -328 -71 -16097 -8162 -11649
-1161 -501 -146 -14997 -5261 -12996
-1207 -521 -189 -13881 -1863 -14454
-1103 -449 -84 -13389 -493 -15000
-934 -412 -20 -13383 -1111 -14589
-716 -473 9 -14162 -5342 -12604
-707 -660 -47 -14949 -9305 -11060
-910 -1277 -201 -16131 -13853 -9500
-1264 -2132 -446 -16710 -14661 -9215
-1839 -3115 -685 -17059 -12476 -10478
-2227 -3541 -697 -17508 -6751 -14134
-2888 -3753 -568 -18206 -1741 -17871
-3230 -3889 -447 -20317 5368 -24606
-3385 -3910 -366 -23473 9010 -30730
-3382 -3753 -440 -25760 8864 -32768
-3143 -3619 -513 -29080 5393 -32768
-2873 -3347 -581 -32206 -258 -32768
-2698 -3010 -598 -32768 -4114 -32768
-2664 -2811 -693 -32768 -8087 -30449
-2693 -2727 -740 -32768 -8217 -27086
-2743 -2580 -764 -32768 -5055 -24335
-2682 -2469 -780 -32768 -2561 -22559
-2669 -2408 -706 -32768 225 -19917
-2689 -2239 -528 -32768 1277 -18211
-2720 -2059 -475 -32768 2592 -16089
-2875 -1790 -344 -32768 6086 -14621
-3208 -1539 -295 -32768 10364 -14011
-3465 -1405 -301 -32768 11967 -13770
-3941 -1448 -331 -32768 10590 -13035
-4475 -1375 -343 -32768 6951 -12138
-4818 -1226 -306 -32768 -702 -10035
-5013 -977 -302 -32768 -7696 -6149
-5259 -528 -434 -32768 -10644 -2823
-5538 -253 -336 -32768 -10760 2129
-6078 250 74 -32768 -8497 6539
-6533 767 633 -32768 -7527 9563
-6711 839 970 -32768 -6940 15385
-6910 967 1534 -32768 -6426 20150
-7163 1143 1899 -29431 -4716 27323
-7928 1120 2608 -22931 -1905 32605
-9512 318 3378 -17151 -1856 32767
-10562 -521 4101 -7777 -10586 32767
-11254 -2063 5100 -1924 -21635 32767
-10915 -3091 5437 7465 -32768 32767
-9865 -4518 5027 19492 -32768 32767
-9268 -5844 3900 29437 -32768 32767
-9100 -6661 2982 32767 -32768 32767
-8697 -7590 1630 32767 -32768 32767
-8254 -8140 645 32767 -32768 32767
-11227 -9249 -2707 -1979 -32768 -25732
-6077 -9185 -4154 32767 -32768 -23702
-5441 -9960 -5082 32767 -32768 32767
-5210 -9124 -3330 32767 -32768 32767
-4700 -8975 -3244 32767 -32768 32767
-3858 -8833 -3827 32767 -32768 32767
-2330 -8342 -4617 32767 -32768 32767
-1497 -7303 -4853 32767 -32768 32767
-1439 -6713 -4925 32767 -32768 28865
-1568 -6249 -4971 32767 -29474 24536
-1471 -6043 -5035 26994 -28586 18274
-1173 -5634 -5083 21054 -32126 13364
-865 -5229 -4999 17671 -32768 10743
-685 -4776 -4893 13270 -32768 7368
-368 -3918 -4848 10287 -31875 4808
-145 -3352 -4749 8971 -27959 3824
-66 -2585 -4403 7063 -20939 3149
-300 -1920 -3948 5555 -17173 2836
-436 -1588 -3658 2899 -13927 2536
-586 -1241 -3270 979 -12999 2491
-703 -951 -3061 -1759 -12200 2118
-905 -443 -2880 -3438 -10495 671
-1165 227 -2686 -3778 -8203 -1066
-1316 798 -2575 -3277 -4513 -4200
-1198 1650 -2382 -2409 -2626 -5748
-899 1875 -2253 -937 -1647 -5407
-741 1976 -1959 -302 -2000 -3790
-1219 2099 -1906 560 -1900 -3135
-2269 1951 -1970 1873 485 -6695
-2820 1795 -1980 2955 2420 -10550
-3160 1759 -1860 4281 3048 -15816
-3180 2039 -1912 5004 -5 -18044
-3176 2007 -1821 4844 -8804 -19514
-3024 1739 -1490 2303 -17815 -19085
-3056 1449 -807 -816 -21284 -18594
-3059 1213 -545 -6432 -20602 -17911
-2792 934 -407 -9507 -15936 -17202
-2648 876 -499 -11532 -4073 -15808
-2325 714 -860 -10823 4340 -14517
-2109 604 -1084 -7474 12688 -11813
-1924 595 -1053 -3736 15400 -8946
-1830 566 -839 -2247 14797 -7405
-1730 584 -177 -2758 12175 -6250
-1655 546 300 -4653 9814 -6334
-1601 488 500 -8623 5882 -7613
-1533 470 600 -11442 3520 -9099
-1513 480 496 -14762 1188 -12011
-1520 501 118 -15906 500 -15262
-1568 435 -108 -15493 1059 -17431
-1579 257 -289 -13875 3107 -20181
-1367 111 -352 -12503 4368 -21139
-1168 13 -320 -10675 4968 -20615
-952 -139 -329 -9779 4424 -19033
-948 -214 -379 -8857 2367 -15738
-956 -248 -465 -8516 384 -13294
-1068 -332 -508 -8469 -2526 -10054
-1376 -578 -429 -9214 -3322 -8049
-1542 -756 -259 -10297 -2056 -7318
-1414 -759 -258 -12458 469 -6062
-1231 -736 -442 -14494 947 -4371
-1083 -736 -740 -15458 136 -3171
-1166 -757 -913 -16121 -1013 -2026
-1536 -858 -1051 -16132 249 -2692
-1655 -944 -1013 -16116 2650 -3817
-1496 -905 -1002 -16289 6106 -5292
-1186 -780 -972 -16635 6903 -5848
-827 -736 -800 -17677 5847 -5849
-718 -732 -648 -19747 3865 -5550
-808 -760 -463 -21608 2744 -5798
-1056 -817 -409 -24566 2621 -7795
-1656 -943 -406 -26241 4132 -10492
-2090 -1004 -324 -28167 9539 -16484
-2326 -1007 -293 -29200 16641 -23365
-2215 -950 -306 -29368 19371 -27234
-2136 -940 -258 -29305 18849 -31238
-2093 -1064 -277 -29172 15699 -32669
-2248 -1214 -299 -29113 8250 -32768
-2582 -1474 -374 -29001 44 -32768
-2800 -1602 -500 -28710 -4463 -32768
-2808 -1518 -662 -27450 -9198 -31259
-2889 -1464 -962 -25004 -11943 -28923
-2899 -1946 -1187 -23140 -12724 -26760
-3172 -2387 -1380 -20453 -12104 -23105
-3622 -3209 -1366 -18959 -7505 -19707
-4099 -4051 -980 -19407 -2151 -17486
-4428 -4373 -661 -22550 7746 -14695
-4958 -4410 -405 -27098 15161 -13012
-5406 -3867 -530 -29751 16661 -12659
-5421 -3313 -769 -31852 14580 -11788
-5365 -2411 -937 -32007 7939 -9495
-4929 -1479 -898 -31686 1920 -6784
-4555 -1106 -839 -30801 -6235 -962
-4230 -935 -543 -29546 -8323 4990
-4218 -825 42 -28669 -4335 7823
-4362 -656 625 -27674 10735 9500
-4952 -380 1365 -26921 22893 8988
-5391 -313 1571 -24037 32238 7616
-5946 -120 2102 -18990 27169 8630
-6251 -257 2648 -14603 18269 11519
-6419 -564 3251 -7632 7305 17868
-6969 -1436 4609 -2099 8239 24370
-7743 -2422 5902 203 13340 28697
-8330 -2985 6448 3136 16281 32767
-9265 -3795 6455 8815 3485 32767
-9932 -5233 6086 14507 -12487 32767
-9956 -6238 5807 24121 -32768 32767
-9599 -8113 4851 30514 -32768 32767
-9336 -9078 4006 32767 -32768 32767
-9175 -10304 2536 32767 -32768 32767
-9097 -11774 930 32767 -32768 32767
-7718 -11414 1124 32767 -32768 32767
-6240 -12590 -3939 32767 -32768 32767
-6406 -11880 -2004 32767 -32768 32767
-6521 -11270 -1607 32767 -32768 32767
-5572 -10707 -2482 32767 -32768 32767
-3859 -9834 -3600 32767 -32768 32767
-2802 -9013 -3788 32767 -32768 32767
-1821 -7854 -4016 32767 -32768 32767
-1378 -7090 -3882 31698 -32768 32767
-999 -6317 -3852 24757 -32768 32767
-604 -5811 -4050 21526 -32768 26780
-253 -5017 -4237 18471 -32768 17091
-280 -4165 -4291 17106 -32768 10938
-385 -3657 -4202 15207 -29643 2906
-615 -2919 -3998 13550 -21351 -2893
-776 -2327 -3776 12789 -16249 -5358
-842 -1869 -3592 12046 -11799 -7024
-922 -1275 -3335 11691 -10553 -7348
-1122 -1032 -3235 11376 -9698 -8109
-3171 336 -1549 -3160 -12475 -26353
-3253 506 -1461 -2498 -12421 -24134
-3390 568 -1562 -499 -11663 -21957
-3550 623 -1688 2560 -9818 -21333
-3634 578 -1306 4081 -7019 -21539
-3547 551 -952 4963 -193 -21808
-3050 652 -302 4372 5614 -21117
-2754 766 38 2117 13407 -18451
-2520 915 298 155 15723 -16367
-2507 987 443 -3025 13300 -13986
-2538 929 415 -5672 4453 -13121
-2509 762 -166 -6149 -3872 -13400
-2457 611 -603 -4505 -17158 -14651
-2621 446 -806 -1980 -27252 -17120
-2339 514 -332 -1467 -30861 -18673
-1902 593 22 -3329 -31493 -18602
-1379 731 215 -5517 -29737 -17015
-1051 820 219 -9015 -26081 -12724
-709 842 154 -11066 -23678 -9070
-724 675 0 -13355 -20938 -3903
-959 319 -110 -14643 -18037 -673
-1176 139 -152 -15137 -15078 273
-1290 90 -142 -15395 -8994 97
-1358 51 -125 -15436 -4418 -749
-1241 58 -110 -15591 1218 -2148
-1010 124 -10 -15989 3426 -2783
-904 139 79 -17129 4906 -3234
-809 53 182 -18217 5019 -3275
-736 14 218 -19991 4118 -2963
-675 11 189 -21618 1978 -2347
-665 -51 236 -22635 178 -1872
-612 -67 319 -24607 -2899 -1014
-510 -65 336 -26023 -5269 -295
-496 -127 327 -28178 -9007 869
-580 -364 427 -29729 -10922 1412
-570 -525 551 -32595 -11939 1887
-631 -826 587 -32768 -10571 1844
-973 -1355 536 -32768 -7983 1033
-1238 -1950 402 -32768 -2067 -1394
-1644 -2933 210 -32768 2248 -3825
-2194 -3417 132 -32768 8067 -9012
-2430 -3355 118 -32768 12086 -16200
-3023 -3344 139 -32768 13565 -21919
-3116 -3396 219 -32768 14986 -30357
-2949 -3326 400 -32768 15142 -32768
-2600 -3063 361 -32768 13281 -32768
-2449 -2840 189 -32768 7588 -32768
-2471 -2567 -61 -32768 2071 -32768
-2524 -2423 -274 -32768 -6554 -32768
-2737 -2312 -587 -32768 -11253 -30282
-2854 -2343 -769 -32768 -13577 -26400
-2826 -2371 -924 -32768 -11204 -23935
-2656 -2457 -925 -32768 -4190 -19648
-2597 -2574 -789 -32768 4319 -14819
-2924 -2644 -723 -32768 10054 -12097
-3426 -2664 -759 -32768 16315 -10483
-4172 -2584 -689 -32768 18410 -11237
-4614 -2351 -552 -32768 18879 -14260
-5234 -1626 -437 -32768 15578 -18481
-5510 -647 -568 -32768 11022 -20778
-5625 -33 -763 -32768 1015 -21883
-5765 554 -1048 -32768 -10471 -19229
-5769 713 -1216 -32768 -15635 -15342
-5832 717 -1173 -31323 -13189 -7256
-6315 770 -1096 -29620 -5997 -1337
-6757 907 -997 -27095 5286 7342
-7504 1125 -540 -25716 9993 15414
-8131 1423 325 -25970 8243 20352
-8536 1636 1098 -27817 2360 26447
-9114 1752 2098 -28753 -855 29519
-10236 362 2809 -22313 -1546 32767
-11411 -1319 3708 -15987 -4546 32767
-11789 -3282 5044 -5517 -16020 32767
-11656 -4777 5762 5046 -29094 32767
-11045 -6926 6294 12627 -32768 32767
-10667 -8209 5836 25930 -32768 32767
-10464 -9818 4459 32767 -32768 32767
-10132 -11094 2822 32767 -32768 32767
-9623 -11902 1709 32767 -32768 32767
-8822 -12534 -191 32767 -32768 32767
-5652 -10807 605 326 -32768 -21599
-6951 -12817 -4574 32767 -32768 32767
-6266 -12073 -4886 32767 -32768 32767
-5831 -12266 -4938 32767 -32768 32767
-5310 -11117 -4993 32767 -32125 32767
-4678 -10364 -4737 32767 -32768 32767
-3595 -9555 -4858 32767 -32768 32767
-2047 -8457 -5226 32767 -32768 32767
-1070 -7852 -5448 32767 -32768 31492
-88 -6952 -5585 28173 -32768 26533
158 -6095 -5459 22575 -32768 23668
77 -5350 -5484 14263 -32768 17938
-175 -4213 -5715 9954 -32768 12853
-178 -3678 -5811 6224 -32768 5158
-52 -3077 -5312 4698 -30024 1573
-154 -2593 -4731 2082 -16615 -947
-486 -1987 -3854 -1259 -13365 -975
-787 -1728 -3286 -3385 -15271 -87
-986 -1552 -3141 -5248 -18508 1068
-1157 -1143 -3076 -4861 -18389 833
-1332 -482 -2973 -3593 -16828 -383
-1479 120 -2803 -1154 -13472 -3675
-1195 863 -2486 310 -11299 -5593
-901 1119 -2113 1245 -9164 -6214
-832 1376 -1651 697 -7711 -5557
-1440 1411 -1458 156 -6396 -5840
-2208 1400 -1538 312 -3692 -9261
-3059 1657 -1622 1411 -2116 -13206
-3361 2079 -1792 4390 -2032 -19350
-3489 2389 -1973 6864 -5197 -22303
-3324 2323 -1822 9202 -12479 -23824
-3088 1882 -1463 8630 -19624 -22045
-3137 1448 -991 6833 -22101 -20290
-3172 1239 -563 2734 -19340 -17788
-3077 902 -170 -208 -13665 -16153
-2961 574 -84 -3236 -3350 -13824
-2924 415 -83 -4093 5536 -11911
-2935 211 -496 -3214 8469 -11069
-2824 267 -866 -11 7818 -10324
-2749 425 -871 3438 3435 -10313
-2538 661 -658 4857 -70 -10673
-2256 745 -336 4654 -4428 -11067
-1761 786 223 2763 -5679 -11011
-1467 809 492 -1909 -4442 -10234
-1151 857 657 -7163 -522 -9197
-1101 916 467 -10076 2431 -8764
-1084 1011 254 -12811 5716 -8601
-970 1113 -63 -13594 6935 -8524
-1015 1054 -251 -13565 7477 -8299
-1084 849 -440 -12685 7275 -7879
-1294 559 -437 -12055 7022 -7524
-1516 363 -331 -12063 7528 -7628
-1532 283 -262 -12720 9455 -7633
-1447 193 -281 -13388 11142 -7323
-1366 103 -371 -14163 12505 -6263
-1270 -6 -541 -14381 12256 -5213
-1208 -28 -564 -14471 11187 -3283
-1083 -50 -577 -14460 10045 -982
-1086 -84 -638 -14426 9133 421
-1057 -94 -775 -14105 7330 1993
-1091 -141 -881 -13679 5960 2583
-1017 -145 -841 -13125 4388 2943
-818 -137 -754 -12908 4032 3019
-728 -133 -667 -13012 4686 2854
-671 -113 -512 -13659 5867 2025
-607 -118 -374 -14331 6508 1151
-596 -165 -341 -15594 6941 -728
-582 -288 -353 -16784 6278 -3200
-795 -400 -466 -17542 5418 -5411
-1186 -546 -667 -18024 4572 -10409
-2098 -744 -556 -18594 6622 -18235
-2536 -702 -573 -19026 9546 -24223
-2786 -673 -734 -18771 14166 -32768
-2556 -795 -767 -18109 16535 -32768
-2404 -996 -896 -17786 15351 -32768
-2289 -1241 -916 -18130 9598 -32768
-2010 -1679 -932 -19873 -104 -32768
-1766 -1692 -1183 -21330 -8415 -32768
-1697 -1610 -1340 -23147 -20493 -26024
-2191 -1654 -1686 -23864 -25619 -22181
-2972 -1928 -1727 -24412 -23698 -19990
-3988 -2417 -1626 -24928 -14841 -20800
-4446 -2632 -1678 -26128 5056 -23318
-4891 -3336 -1556 -28560 22517 -24747
-5071 -3806 -1704 -30800 27741 -24059
-5329 -3555 -1694 -32768 23636 -22033
-5736 -2436 -1449 -32768 11641 -20155
-6112 -1567 -1562 -32768 3368 -19183
-6208 -1322 -1571 -32768 -4349 -17633
-6016 -1288 -1324 -32768 -2696 -13977
-5662 -1524 -817 -32768 3844 -9585
-5718 -1604 -549 -32768 16023 -1498
-6345 -1488 41 -32768 20644 3242
-6882 -1327 755 -32768 20295 7967
-7548 -1133 1904 -32768 15525 9522
-7998 -969 3087 -32768 14076 9485
-8337 -1126 3782 -31487 14561 10184
-8833 -1595 4985 -18865 13337 15299
-9058 -2203 6453 -10883 10138 22660
-9233 -2670 7461 -1407 2548 32767
-9937 -3760 8256 3495 -2999 32767
-10371 -4753 8164 11517 -13935 32767
-10227 -6291 7281 22049 -28952 32767
-9417 -7664 6273 29322 -32768 32767
-8768 -8464 5436 32767 -32768 32767
-8022 -9578 4044 32767 -32768 32767
-7835 -10173 2990 32767 -32768 32767
-6675 -9935 -35 32767 -32768 32767
-6361 -10512 -1643 32767 -32768 32767
-6253 -10294 -1703 32767 -32768 32767
-6011 -9448 -1525 32767 -32768 32767
-5711 -8724 -1691 32767 -32768 32767
-4941 -8118 -2525 32767 -32768 32767
-4061 -7610 -3490 32199 -32768 32767
-3506 -7136 -3952 29352 -32768 32457
-2607 -6467 -4340 28478 -32768 29499
-2112 -5908 -4512 27492 -32768 24928
-1483 -4909 -4547 26086 -32768 19418
-933 -4081 -4407 24623 -32768 15450
-571 -3627 -4312 21865 -32768 10032
-128 -2998 -4213 19272 -28562 5879
13 -2404 -3963 17606 -24731 3659
40 -2053 -3788 15212 -18785 655
-189 -1690 -3450 13180 -11797 -2048
-563 -1430 -3228 12224 -7619 -3761
-767 -1228 -3091 11660 -3046 -5881
-1124 -912 -2809 11310 -1555 -7541
-1432 -551 -2496 10765 -2513 -8451
-4515 68 -1825 925 942 -29769
-4304 -78 -1797 579 -104 -28824
-3866 -212 -1383 -1135 -1856 -25335
-3827 36 -953 -3586 -3898 -22862
-3914 311 -950 -7834 -8054 -20365
-4135 541 -976 -10507 -10289 -19766
-4219 653 -945 -14099 -10435 -19960
-3893 857 -745 -16093 -7680 -19923
-3393 936 -547 -18473 -341 -18010
-2718 1212 -261 -20141 5777 -14641
-2430 1475 -70 -21068 7465 -12426
-2129 1690 174 -22386 7167 -9758
-1934 1639 347 -23317 5736 -8442
-1829 1552 319 -24390 2657 -7137
-1468 1516 166 -24534 -1219 -6043
-945 1533 47 -24200 -4442 -5018
-713 1476 20 -23356 -9736 -3218
-533 1270 126 -22764 -14352 -1673
-411 1044 235 -22655 -16716 -888
-397 896 199 -22610 -18907 -194
-372 673 175 -22428 -18756 -164
-366 575 172 -22227 -17128 -465
-373 541 136 -21731 -13396 -1359
-373 455 14 -21252 -10957 -2128
-376 379 -59 -20245 -8412 -3188
-290 264 -129 -19533 -7689 -3703
-316 204 -169 -18485 -7399 -4372
-451 54 -183 -17450 -6642 -5302
-704 -121 -131 -16872 -5077 -6364
-873 -205 -111 -16011 -1064 -8537
-1135 -354 -65 -15043 4226 -11161
-1051 -506 -47 -14420 7455 -12700
-875 -582 -68 -13538 10516 -13644
-833 -679 -100 -13009 11178 -13561
-775 -957 -189 -12553 10087 -12595
-1002 -1469 -274 -12449 8534 -11845
-1345 -1810 -273 -12912 6610 -11570
-1799 -2303 -74 -13813 6237 -12151
-2138 -2576 -35 -15735 6419 -14397
-2774 -2939 -18 -17998 5988 -18539
-3203 -3163 85 -19771 5304 -22089
-3402 -3237 104 -22726 4405 -27654
-3430 -3280 10 -25453 4065 -32194
-3202 -3353 -146 -27071 3792 -32768
-3043 -3334 -231 -29059 2592 -32768
-2923 -3092 -257 -30898 696 -32768
-2780 -2850 -280 -32108 -991 -32016
-2721 -2729 -264 -32768 -4074 -28916
-2652 -2592 -268 -32768 -6407 -25424
-2537 -2527 -277 -32768 -7051 -23037
-2505 -2529 -279 -32768 -5869 -19931
-2516 -2391 -312 -32768 -1599 -17676
-2542 -2308 -394 -32768 2589 -16660
-2579 -2255 -463 -32768 9180 -15485
-2699 -2126 -507 -32768 12495 -14832
-2798 -2088 -463 -32768 14533 -13717
-2987 -1936 -377 -32768 14001 -12915
-3144 -1743 -312 -32768 10923 -11912
-3325 -1337 -295 -32768 8273 -11236
-3473 -1019 -215 -32768 5707 -10250
-3740 -527 -163 -32768 5461 -9347
-4219 -230 -332 -32768 5540 -8722
-4664 -157 -328 -32768 5355 -8006
-5302 -28 -170 -32768 4455 -7288
-5644 180 -77 -32768 1878 -5417
-6265 711 553 -32768 51 -2593
-6368 1020 770 -32768 -994 550
-6331 1388 1019 -32768 -2184 7433
-6576 1530 1898 -32768 -1484 12802
-7029 1487 2493 -32768 1713 20007
-8469 1194 3130 -31819 3104 23561
-10160 486 3694 -25593 -368 24001
-10683 -83 4097 -13396 -13578 26430
-10523 -995 4574 -4018 -23534 30899
-9979 -1933 4720 10419 -31922 32767
-9752 -3198 4623 23528 -32768 32767
-9882 -3869 4261 31007 -32768 32767
-9885 -4978 3228 32767 -32768 32767
-9654 -5800 2288 32767 -32768 32767
-8896 -7086 847 32767 -32768 32767
-8077 -8104 -449 32767 -32768 32767
-7720 -8502 -1207 32767 -32768 32767
-6064 -8728 -3602 32767 -32768 32767
-5524 -9079 -4468 32767 -32768 32767
-5588 -9254 -3481 32767 -32768 32767
-5504 -9079 -3822 32767 -32768 32767
-5067 -8698 -4267 32767 -32768 32767
-4191 -7729 -4700 32767 -32768 32767
-3223 -6729 -4820 32767 -32768 32767
-2686 -6155 -4807 32767 -32768 24150
-1994 -5636 -4905 26016 -32768 14756
-1271 -5221 -5089 21258 -32768 10142
-936 -4988 -5182 16532 -32768 5740
-494 -4492 -5235 14905 -32768 4384
-310 -4199 -5094 13730 -27668 4493
-269 -3776 -4624 13015 -24214 5240
-376 -3374 -4247 11472 -20009 6003
-507 -2699 -3763 10130 -18128 6083
-571 -2300 -3509 7902 -16979 5919
-565 -1806 -3251 5885 -17017 5798
-564 -1414 -3127 4927 -16580 5664
-638 -1229 -3006 3790 -14277 5002
-829 -806 -2750 3048 -11895 4102
-1022 -421 -2509 1761 -8630 1883
-1207 309 -2096 262 -6902 -780
-1118 1198 -1862 -452 -6249 -2442
-898 1623 -1751 -783 -4978 -3667
-789 1916 -1776 -373 -3759 -3730
-1142 2091 -1825 1307 -1969 -4812
-2046 2507 -1685 3382 -500 -8744
-2875 2605 -1625 4605 -409 -12357
-3053 2650 -1640 6182 -2996 -17007
-3455 2826 -1598 6806 -7884 -20117
-3645 2730 -1648 6780 -11827 -21318
-3542 2384 -1582 5734 -16958 -20923
-3165 1902 -1251 4129 -18772 -18893
-2971 1621 -877 432 -18512 -13934
-2752 1111 -209 -4119 -12948 -8270
-2777 902 -8 -6575 -6255 -5288
-2912 690 -108 -8007 5149 -2991
-3006 292 -435 -7438 12247 -2853
-2975 98 -707 -4564 19191 -3931
-2806 102 -859 -1884 20497 -5086
-2710 211 -741 1701 18104 -7263
-2526 314 -369 3510 12773 -9684
-2168 366 122 3257 8709 -11101
-1930 402 434 594 2721 -12732
-1603 511 693 -2300 -1150 -13572
-1439 618 758 -7297 -6877 -14673
-1328 728 631 -11859 -11489 -15859
-1415 708 302 -13970 -12669 -16887
-1495 644 69 -15343 -10012 -18770
-1491 545 -283 -14530 -3842 -20394
-1184 576 -453 -13244 262 -20635
-918 562 -453 -11029 4770 -18977
-664 537 -400 -9217 6984 -15336
-529 570 -506 -8090 7050 -12312
-510 519 -576 -6453 5264 -7639
-716 357 -485 -5514 3342 -3959
-914 252 -390 -5329 3284 -2426
-1220 152 -224 -5766 5439 -1580
-1432 120 -47 -6562 7873 -1713
-1456 118 6 -8277 11570 -2164
-1289 114 -137 -9863 13401 -1884
-1141 -17 -330 -10542 13387 -1153
-1031 -117 -361 -11293 12365 721
-914 -192 -370 -11751 11162 2250
-907 -275 -319 -12518 8762 4416
-832 -325 -237 -13746 6104 5995
-813 -360 -137 -14774 4098 6612
-912 -358 -114 -16501 855 6337
-1174 -290 -262 -17756 -1763 4181
-1436 -284 -406 -18413 -2389 1716
-1752 -365 -273 -19471 -1246 -3022
-2030 -353 -170 -20545 916 -6969
-1970 -268 -226 -22090 4160 -12890
-1904 -178 -387 -23135 4710 -18096
-1807 -169 -475 -23559 3287 -20934
-3383 -2157 -1964 -16472 -3019 -21248
-4146 -2995 -1467 -18035 2552 -19736
-4413 -3480 -989 -24017 15437 -17125
-5036 -3768 -625 -32432 28043 -14976
-5698 -3627 -885 -32768 32767 -14413
-6389 -3134 -1440 -32768 32767 -14913
-6765 -2785 -1843 -32768 32161 -15654
-7230 -2142 -1698 -32768 21852 -15403
-7351 -1681 -1111 -32768 3662 -13476
-7074 -1205 -328 -32768 -7532 -8700
-6625 -800 400 -32768 -5425 -3960
-6469 -431 788 -32768 14692 4159
-6851 -320 1106 -32768 32767 10942
-7934 -287 2480 -32768 32767 14714
-9128 -481 3874 -32675 32767 19310
-10951 -1369 6025 -25933 31792 21311
-11485 -2282 7626 -15012 12994 25129
-11239 -3897 9427 -8417 4083 31042
-10832 -4581 9709 2143 -9880 32767
-10554 -5593 8922 16016 -29784 32767
-10672 -7374 7208 27291 -32768 32767
-10330 -8368 6297 32767 -32768 32767
-9162 -9837 5036 32767 -32768 32767
-7049 -8859 5798 32767 -32768 32767
-4744 -12435 -854 32767 -32768 32767
-4976 -10737 -1079 32767 -32768 32767
-5144 -8942 -685 32767 -32768 32767
-5156 -7974 -46 32767 -32768 32767
-4773 -8043 -506 32767 -32768 32767
-3978 -7611 -2048 32767 -32768 32767
-3417 -6909 -3264 29927 -32768 32767
-3193 -6407 -3646 24479 -32768 29519
-2495 -5592 -3750 21316 -32768 23848
-1874 -5130 -3728 17109 -32768 18195
-1122 -4462 -3707 15113 -32768 16295
-894 -4115 -3593 13324 -25999 15173
-1023 -3749 -3293 12091 -20463 14499
-1392 -3526 -3071 11542 -18284 13472
-1554 -3276 -3055 11710 -15885 10752
-1564 -2705 -2957 12438 -14686 8436
-1395 -2337 -2832 13529 -13822 5415
-1230 -1815 -2553 13673 -13589 3407
-1053 -1420 -2258 13071 -12984 2642
-1082 -1106 -2062 10674 -10172 1363
-1119 -830 -2067 9528 -8336 437
-1213 -656 -2098 8441 -5291 -1794
-1407 -343 -2140 8072 -3133 -4053
-1634 -118 -2152 7894 -140 -8580
-2224 143 -1997 7450 1594 -14453
-2848 498 -1825 6880 849 -18719
-3049 668 -1650 5132 -3603 -24662
-3299 889 -1321 3242 -7935 -27924
-3444 1055 -1084 -806 -13801 -31821
-3516 1080 -733 -4144 -16159 -32768
-3488 1047 -354 -10177 -16057 -32768
-3422 1122 20 -16503 -11495 -32382
-3124 1155 -163 -19582 -7914 -29656
-3066 1117 -429 -21420 -4179 -24566
-3116 1066 -960 -19854 -1716 -19907
-2989 1098 -1096 -17652 -23 -17388
-2858 1114 -923 -14729 2353 -14606
-2668 1007 -499 -13720 3510 -13451
-2547 879 -180 -14022 4993 -12481
-2511 659 39 -15379 6697 -12767
-2452 508 90 -16284 7857 -13469
-2247 371 -21 -16980 9005 -14732
-1954 266 -250 -16739 8643 -15429
-1747 282 -307 -15664 6166 -16166
-1417 334 -257 -14911 3402 -16357
-1257 343 -188 -14050 -2013 -16315
-1315 217 -144 -13594 -7474 -16724
-1431 115 -194 -13402 -10289 -17407
-1477 71 -304 -12813 -12912 -18944
-1570 43 -366 -12016 -13378 -20910
-1387 120 -207 -11763 -12812 -21945
-1072 207 -39 -12354 -11867 -21934
-746 230 90 -13235 -11765 -20906
-596 223 117 -14959 -12680 -18321
-489 148 113 -16164 -13772 -16219
-506 68 120 -17881 -15175 -13192
-617 -7 111 -18802 -15255 -11540
-791 -103 185 -19939 -13583 -9945
-873 -135 211 -20922 -9747 -9278
-944 -205 181 -21457 -4992 -9077
-886 -305 86 -21499 -2096 -8893
-834 -408 25 -21060 1280 -8134
-849 -698 -44 -20425 3339 -6947
-970 -988 -17 -20310 4163 -6164
-1313 -1683 243 -21512 4743 -5297
-1845 -2620 386 -24006 4234 -5517
-2467 -3412 366 -25875 3368 -6692
-2959 -3604 338 -28475 2649 -10254
-3611 -3843 246 -30493 4063 -15870
-3645 -4017 45 -31294 5528 -19666
-3446 -3923 -104 -31619 5944 -23697
-2998 -3637 -278 -31442 4067 -24875
-2623 -3278 -210 -31559 -1419 -24307
-2512 -2955 -131 -32509 -7758 -22307
-2381 -2501 -47 -32768 -12732 -20027
-2123 -2273 -84 -32768 -14704 -18301
-1962 -2084 -169 -32768 -15442 -15523
-1772 -1896 -245 -32768 -12670 -13053
-1684 -1800 -266 -32768 -8386 -11574
-1689 -1747 -373 -32768 314 -9752
-1975 -1818 -472 -32768 6232 -8926
-2224 -1867 -485 -32768 12838 -8081
-2566 -1877 -404 -32768 15516 -7445
-2739 -1900 -386 -32768 15375 -6811
-2798 -1914 -444 -32768 13759 -5264
-2895 -2032 -449 -32768 12524 -3823
-3017 -2065 -443 -32768 11356 -1610
-3693 -2103 -408 -32768 11218 -708
-4320 -1981 -332 -32768 10783 -795
-4428 -1565 -333 -32768 7590 -152
-4387 -1150 -361 -32768 3970 1690
-4287 -878 -331 -32768 -15 6591
-4332 -4 -11 -32768 3527 11887
-4919 606 253 -32768 9360 13878
-6322 1077 610 -32768 13750 14627
-7662 1218 1484 -32768 8868 15631
-8264 1155 2326 -32312 -6111 20150
-8752 916 3231 -30120 -13094 24984
-8842 649 3555 -22736 -11593 32767
-9211 54 3796 -14791 -9041 32767
-9857 -394 4119 -953 -16264 32767
-10305 -1253 4445 12403 -32130 32767
-9456 -2161 4553 19936 -32768 32767
-8691 -2866 3931 30647 -32768 32767
-7611 -3826 2467 32767 -32768 32767
-7109 -4377 1372 32767 -32768 32767
-6618 -4892 15 32767 -32768 32767
-2878 -1086 4903 30832 -32768 -6170
-5828 -5501 -3475 32767 -32768 32767
-5726 -5253 -3805 32767 -32768 32767
-5322 -5537 -3428 32767 -32768 32767
-4688 -5040 -3846 32767 -32768 32767
-3916 -4481 -4545 32767 -32768 32767
-2487 -3711 -5131 32767 -31313 32767
-1533 -3381 -4470 32767 -23721 32767
-1632 -3328 -3620 32767 -16987 27563
-2895 -3684 -2840 26115 -19577 16363
-3416 -4136 -2750 19324 -25452 8355
-3541 -4102 -3122 11997 -32768 -1807
-3156 -4075 -3542 8980 -32768 -8248
-2052 -4014 -3705 8757 -32768 -9122
-1371 -3858 -3619 9692 -28579 -5826
-830 -3487 -3437 10546 -24529 -1708
-719 -3282 -3365 11785 -18174 4603
-752 -2891 -3298 12516 -12408 8770
-997 -2458 -3087 12205 -9445 9756
-1124 -2155 -2914 10249 -6987 8970
-1262 -1759 -2686 7040 -7117 6471
-1231 -1506 -2551 4434 -8480 4654
-1110 -1047 -2431 592 -11624 2115
-1151 -529 -2374 -1461 -13407 355
-1175 -79 -2298 -3183 -14108 -2687
-1094 835 -2191 -3255 -13450 -5533
-688 1382 -2018 -2652 -12650 -6455
-519 1493 -1848 -1473 -11089 -5889
-959 1892 -1894 401 -9367 -5915
-1877 2291 -2039 2314 -7875 -7364
-2320 2475 -2124 5785 -5301 -10959
-2583 2791 -2299 8408 -5107 -13041
-2682 2923 -2301 12004 -8410 -14823
-2567 2713 -2123 13721 -14176 -14497
-2600 2288 -1613 12966 -17514 -13626
-2661 2081 -1193 8958 -20078 -12148
-2569 1789 -564 4753 -20078 -11023
-2599 1557 -376 -2134 -18005 -9496
-2720 1343 -774 -6185 -14118 -8896
-2797 1375 -1089 -6826 -10023 -9022
-2694 1260 -1378 -5369 -3343 -9337
-2263 903 -1621 -2334 688 -8630
-1721 555 -1410 -551 1782 -7587
-1412 414 -982 256 2656 -5901
-1099 340 -230 -890 3479 -5150
-939 331 69 -4217 4770 -4781
-717 257 241 -6808 5252 -4962
-552 109 186 -10342 4632 -5707
-553 32 65 -12606 3004 -6980
-668 42 -155 -13206 2155 -8218
-752 94 -259 -12783 2262 -10648
-899 250 -279 -12114 3289 -12517
-839 334 -324 -10926 5202 -15038
-829 261 -275 -10187 7193 -16753
-941 39 -222 -10064 8797 -17479
-1210 -160 -265 -10037 11561 -18630
-1632 -425 -208 -10519 14806 -20150
-1634 -559 -6 -11455 17032 -20567
-1576 -671 -41 -13326 18804 -20051
-1401 -788 -221 -15090 17426 -17925
-1363 -910 -500 -15882 15146 -15969
-1391 -950 -659 -16757 11232 -12739
-1430 -895 -719 -17507 7268 -9981
-1527 -818 -920 -17766 4731 -8791
-1449 -772 -1014 -17621 983 -7695
-1192 -662 -912 -17674 -2511 -6924
-975 -497 -675 -18218 -4527 -6544
-878 -378 -507 -19905 -6715 -6447
-945 -340 -196 -22630 -7127 -7497
-1125 -521 57 -24874 -6099 -9017
-1414 -718 100 -28454 -2443 -12812
-1898 -1022 45 -30341 1281 -16460
-2084 -1047 -133 -31859 7139 -22801
-2184 -857 -507 -31384 10737 -28963
-2069 -904 -778 -30318 11184 -32048
-2184 -1082 -846 -28737 9286 -32768
-2762 -1382 -731 -28318 7301 -32768
-2911 -1533 -699 -28861 4429 -32768
-3210 -1434 -994 -29393 1997 -32768
-3342 -1305 -1196 -30051 -2752 -32768
-3508 -1590 -1966 -29431 -6650 -30618
-3920 -2433 -2714 -28184 -7496 -26965
-4501 -2968 -2675 -27931 -3872 -21738
-5545 -3965 -1901 -32768 8017 -18061
-6433 -4943 -1199 -32768 18701 -16287
-6926 -5222 -1142 -32768 29433 -14019
-7212 -4916 -1512 -32768 28626 -11989
-7126 -4253 -1811 -32768 14205 -7398
-6802 -2912 -1845 -32768 -4808 -1343
-6222 -1896 -1405 -32768 -12483 2670
-5692 -1503 -954 -32768 -9287 7853
-5275 -1211 -161 -32768 2561 9983
-5375 -1171 592 -32768 24407 10978
-6154 -893 2532 -32768 32767 10066
-7284 -354 4295 -32768 32767 9036
-8107 -395 5043 -31618 30964 9142
-10306 -3052 8571 -4125 -5132 23291
-10580 -4512 9824 5751 -17492 32767
-10483 -5592 9505 12702 -26160 32767
-10328 -6202 8728 24581 -32768 32767
-9921 -7430 6707 32767 -32768 32767
-9408 -8653 4661 32767 -32768 32767
-9067 -9652 3273 32767 -32768 32767
-5670 -9864 6266 32767 -32768 32767
-7210 -10710 -2785 32767 -32768 32767
-6779 -10073 -3223 32767 -32768 32767
-6921 -9584 -2366 32767 -32768 32767
-6768 -9196 -2619 32767 -32768 32767
-6190 -8429 -3084 32767 -31293 32767
311 -3045 -3751 13154 -25672 11593
234 -2627 -3701 11283 -25902 4853
9 -2126 -3659 10511 -25219 489
-90 -1858 -3691 10399 -20782 -5131
-255 -1418 -3732 11101 -15779 -7998
-429 -1126 -3700 12912 -8058 -11058
-874 -569 -3457 14268 -4206 -13387
-1360 -44 -3043 14074 -4730 -14900
-1731 159 -2751 11895 -7934 -17727
-3527 884 -394 -8562 -13741 -16980
-3808 762 -333 -12662 -15032 -15739
-3758 804 -232 -15692 -11608 -16319
-3547 883 -304 -16820 -8120 -17017
-3282 872 -447 -16620 -3891 -17471
-2897 758 -492 -15641 -2414 -17119
-2670 725 -509 -13625 -2587 -15797
-2486 747 -423 -11615 -4938 -14413
-2266 765 -487 -10422 -7372 -13579
-2073 786 -473 -8963 -12211 -12396
-1806 853 -429 -8377 -15734 -11703
-1645 870 -341 -8197 -20419 -10911
-1469 789 -127 -9061 -23208 -10430
-1314 764 25 -10073 -23614 -10263
-1210 754 102 -11897 -22264 -10114
-1136 714 132 -13747 -19079 -10116
-1119 678 33 -14721 -16253 -10248
-1024 718 -86 -15365 -11700 -10241
-851 705 -217 -15281 -8971 -9765
-747 635 -273 -14685 -5674 -8292
-604 504 -331 -13740 -3376 -5895
-546 397 -359 -13071 -2486 -4026
-580 330 -342 -12194 -1705 -1209
-667 208 -199 -11846 -984 467
-699 158 -107 -11844 499 2556
-817 115 -23 -12091 1435 3570
-827 65 17 -12682 2550 4811
-843 -42 50 -13441 2819 5951
-938 -181 21 -13917 2442 6476
-1033 -331 55 -14700 1586 6685
-1308 -738 114 -15338 1415 6256
-1450 -1087 146 -16632 1895 4928
-1613 -1538 168 -17731 2454 3657
-1789 -1758 155 -19711 3018 1014
-1977 -2052 254 -22326 4007 -2571
-2227 -2346 291 -24302 5236 -5416
-2376 -2527 309 -27320 8385 -10466
-2398 -2624 309 -29854 12413 -15656
-2216 -2591 263 -31171 14519 -18665
-2109 -2558 282 -32702 15534 -22442
-2002 -2519 403 -32768 14713 -24423
-2057 -2512 530 -32768 11432 -26822
-2253 -2500 527 -32768 8274 -28239
-2481 -2532 510 -32768 3237 -30572
-2709 -2539 440 -32768 -455 -32709
-2574 -2513 276 -32768 -2205 -32768
-2404 -2563 150 -32768 -3588 -32161
-2143 -2678 39 -32768 -2719 -28879
-2157 -2710 -123 -32768 -831 -26224
-2330 -2762 -201 -32768 3629 -22731
-2609 -2870 -294 -32768 8634 -20061
-2891 -2930 -288 -32768 11083 -18656
-3077 -2905 -186 -32768 13157 -16925
-3341 -2878 -9 -32768 13800 -15941
-3495 -2828 1 -32768 14046 -14726
-3696 -2554 -11 -32768 14763 -13948
-3960 -1852 24 -32768 15936 -13828
-4158 -1374 2 -32768 17087 -14286
-4532 -620 -116 -32768 15645 -14770
-4837 -124 -199 -32768 9680 -15341
-5324 410 -373 -31364 1597 -15448
-5760 740 -419 -29093 -2742 -14955
-5938 863 -324 -26621 -5881 -12325
-6053 851 -39 -26032 -5875 -8419
-6552 925 412 -26770 -4126 -59
-7043 958 589 -28275 -2507 9261
-8036 1155 819 -28416 -2163 14858
-8547 1469 1042 -26092 -1815 21628
-9103 1800 1497 -22746 -1684 25475
-9400 1560 2024 -16201 -1798 32024
-9877 684 3105 -10096 -3837 32767
-10412 -632 4243 -6737 -7159 32767
-10940 -1833 4677 -995 -14386 32767
-11492 -3904 5019 7761 -24897 32767
-11530 -5410 4823 15852 -32768 32767
-10731 -7272 4437 29503 -32768 32767
-9516 -8693 3403 32767 -32768 32767
-8721 -9307 2376 32767 -32768 32767
-7880 -9825 736 32767 -32768 32767
-7551 -9837 -214 32767 -32768 32767
-6402 -8793 -2291 32767 -32768 32767
-6141 -9523 -3939 32767 -32768 32767
-5988 -9742 -3129 32767 -32768 32767
-5828 -9001 -3308 32767 -32768 32767
-5128 -8595 -3950 32767 -32768 32767
-3836 -7940 -4764 32767 -32768 32767
-2637 -7120 -5051 32767 -32768 32767
-2114 -6878 -5032 32767 -32768 29887
-1699 -6151 -5125 32767 -32768 24448
-1557 -5665 -4982 29591 -32768 14866
-1234 -5221 -4565 23896 -32768 5723
-872 -5102 -4461 20111 -32768 989
-693 -4970 -4527 15812 -32768 -4025
-468 -4500 -4684 14293 -32768 -6402
-281 -4111 -4810 14022 -32768 -8651
-144 -3380 -4659 15064 -22317 -9525
-164 -2612 -4204 15616 -15959 -9322
-293 -2275 -3827 15254 -11201 -7619
-528 -1930 -3322 13962 -11023 -5811
-795 -1722 -2963 10148 -12831 -3225
-1193 -1328 -2709 5169 -14303 -2107
-1456 -977 -2709 2119 -14693 -2181
-1577 -744 -2710 -1208 -13548 -3195
-1659 -221 -2660 -2446 -11830 -4229
-1667 364 -2535 -2903 -8932 -5876
-1560 1340 -2289 -2327 -5687 -6874
-1565 1810 -1843 -1846 -3822 -6887
-1704 1899 -1542 -1813 -2309 -6360
-2386 2015 -1433 -1860 -2504 -6494
-3042 2003 -1427 -1256 -3459 -8677
-3703 1967 -1480 299 -4543 -12170
-3859 2106 -1618 1977 -6392 -14153
-3715 2335 -1786 5088 -11439 -15443
-3466 2203 -1610 6940 -15237 -14935
-3288 1866 -1280 8201 -19149 -12246
-2925 1333 -814 7316 -20682 -7514
-2783 1012 -281 5794 -20280 -4209
-2754 898 74 2589 -16643 -330
-2856 854 257 452 -12480 1021
-2877 840 202 -1656 -5290 1195
-2807 800 -39 -2229 1176 -11
-2691 685 -208 -1932 4506 -1184
-2630 564 -254 -1154 7768 -3082
-2650 451 -169 -783 9154 -4542
-2630 406 -111 -674 10591 -6981
-2407 388 -12 -875 11102 -8508
-2150 388 60 -1638 10940 -10058
-1632 424 102 -2372 9962 -10382
-1348 455 99 -3698 6895 -9927
-1051 502 145 -4754 3948 -9242
-945 505 132 -6300 -615 -8266
-908 548 -47 -7204 -4386 -7765
-832 640 -258 -7250 -6243 -7588
-799 667 -313 -6810 -7390 -7387
-771 538 -238 -6672 -6869 -7162
-670 407 -131 -7078 -4679 -6341
-658 229 29 -7913 -2829 -5534
-652 148 -58 -9368 -314 -4350
-558 100 -140 -10705 1417 -2961
-503 82 -203 -11467 2004 -2101
-477 85 -283 -12268 2022 -870
-592 44 -309 -12674 1921 -239
-848 -36 -293 -12799 2385 -408
-994 -96 -309 -12866 4226 -1358
-1218 -154 -472 -12609 6342 -2397
-1254 -244 -575 -11890 10364 -3909
-991 -414 -595 -11442 12774 -4338
-817 -512 -476 -11613 15158 -3910
-706 -583 -308 -13006 15547 -3100
-543 -610 -407 -14117 13921 -2654
-569 -519 -487 -15702 8506 -2695
-1071 -363 -401 -16849 4409 -4134
-1452 -395 -280 -19319 936 -8847
-2146 -577 -160 -22468 2809 -16352
-2448 -543 -276 -24400 6178 -22132
-2390 -425 -521 -26233 10497 -29817
-1969 -296 -959 -26602 10709 -32768
-1670 -390 -1282 -26273 5896 -32768
-1615 -858 -1634 -25876 747 -32768
-1892 -1291 -1704 -25696 -6012 -31597
-2462 -1809 -1693 -26441 -7727 -29906
-2816 -1626 -1550 -28100 -4314 -28757
-2805 -1232 -1723 -29307 -1100 -27566
-2766 -1275 -2067 -30543 1606 -24323
-3076 -1942 -2537 -31322 2924 -20488
-4060 -2635 -2610 -32280 5097 -18936
-4802 -3305 -2305 -32768 12615 -19232
-5603 -4194 -1796 -32768 22321 -21185
-6389 -4266 -1678 -32768 26493 -22694
-6948 -3994 -1741 -32768 26072 -24701
-7457 -3590 -1971 -32768 17816 -24520
-7479 -3521 -1771 -32768 10126 -22140
-7164 -3519 -1504 -32768 -896 -14405
-6511 -3167 -891 -32768 -5887 -7043
-6124 -2783 -515 -32768 -6054 4176
-5704 -2249 -28 -32768 5752 12072
-5590 -1874 457 -32768 18583 14423
-6046 -1069 1658 -32768 30088 14495
-6676 -636 2741 -32768 32767 11900
-7727 36 4565 -31523 28237 9679
-8191 164 5537 -24908 18266 10150
-8423 -553 6894 -17153 9288 12842
-8589 -1316 8133 -5936 1784 20522
-9775 -2942 10005 2197 -5060 29911
-11190 -4763 10260 8297 -13478 32767
-12719 -7442 9106 22744 -32768 32767
-11733 -9153 7633 32767 -32768 32767
-10486 -9799 6520 32767 -32768 32767
-9479 -11084 4764 32767 -32768 32767
-7728 -10689 597 32767 -32768 32767
-8107 -11609 885 32767 -32768 32767
-7858 -12054 -2817 32767 -32768 32767
-7855 -11293 -1978 32767 -32768 32767
-7666 -11059 -2122 32767 -32768 32767
114 -3620 -4701 17658 -32414 12072
133 -2996 -4511 16398 -26623 7398
68 -2173 -4045 15495 -23029 4554
18 -1720 -3789 13896 -19424 989
-183 -1292 -3419 12257 -17931 -1874
-571 -983 -2859 10764 -17003 -3778
-803 -703 -2586 7947 -16440 -6659
-3267 676 -186 -1890 -4744 -23649
-3614 753 380 -9583 -3971 -27618
-3856 877 595 -15469 -2849 -30421
-3968 825 395 -22540 -756 -32768
-3733 648 267 -26723 2852 -32768
-3446 532 218 -28220 4251 -32768
-3203 486 266 -29485 1573 -29398
-3143 532 383 -30102 -3475 -26346
-3203 545 560 -30770 -12161 -22375
-3441 553 445 -30632 -16378 -20822
-3455 544 221 -28652 -19005 -20166
-3245 264 72 -26502 -18592 -20209
-3005 42 186 -23498 -15124 -20043
-2497 -125 430 -21407 -8926 -19034
-1997 -69 450 -20239 -4588 -17946
-1696 24 423 -18566 997 -15985
-1262 169 418 -17540 3869 -14551
-1046 348 439 -16310 6344 -12411
-805 588 381 -15259 6108 -10670
-880 613 266 -14569 4804 -10055
-1148 471 224 -13623 3157 -10709
-1541 188 175 -13007 3185 -12266
-1657 128 128 -12057 4348 -15466
-1582 253 109 -11336 4575 -18540
-1221 392 245 -11354 3441 -19748
-1022 392 346 -12448 -182 -20088
-771 319 353 -13671 -3652 -19459
-707 198 237 -15694 -9900 -17720
-847 56 181 -17523 -15406 -15993
-1020 -113 250 -19225 -17761 -14809
-986 -116 241 -20102 -17443 -14010
-1017 -143 117 -20411 -15365 -13002
-913 -246 -78 -19902 -13541 -12256
-751 -337 -180 -18514 -11249 -10494
-662 -557 -357 -16557 -10326 -8158
-1030 -1141 -495 -15080 -9584 -7082
-1118 -1569 -354 -13526 -6240 -6134
-1110 -2052 -139 -13277 -2981 -5359
-1239 -2297 15 -14347 1622 -4613
-1346 -2639 48 -15769 3821 -4422
-1759 -3254 -73 -18417 5804 -4873
-2250 -3918 -170 -21238 7077 -7213
-2954 -4832 -98 -23346 8446 -9995
-3260 -4913 -78 -26707 10131 -15426
-3829 -4491 160 -30920 9194 -22434
-3652 -4008 275 -32768 4734 -28472
-3227 -3661 241 -32768 -138 -30764
-2925 -3424 77 -32768 -9236 -31083
-2785 -3259 -266 -32768 -18404 -28791
-2660 -3213 -440 -32768 -22684 -26129
-2571 -3095 -589 -32768 -24398 -21172
-2405 -2951 -639 -32768 -22802 -17378
-2125 -2790 -709 -32768 -18425 -11176
-2051 -2732 -610 -32768 -13747 -5257
-2174 -2794 -382 -32768 -11024 -2005
-2270 -2864 -239 -32768 -6912 1638
-2275 -2832 -63 -32768 -3429 3470
-2241 -2781 40 -32768 3200 5632
-2302 -2663 176 -32768 10671 7073
-2699 -2338 459 -32768 14253 7178
-3139 -1982 642 -32768 14085 5544
-3785 -1206 904 -32768 6801 2069
-4102 -218 948 -32768 143 -345
-4311 179 887 -32768 -6801 -3009
-4342 545 625 -32768 -6983 -3441
-4366 528 435 -32768 -3899 -636
-4814 397 617 -28609 -1764 6204
-5484 481 1256 -25158 -1843 12138
-5888 450 1594 -21433 -2923 21225
-6277 450 1978 -19101 -2836 26402
-6487 481 2134 -15018 -1289 32202
-6953 349 2577 -11990 -272 32767
-7540 4 2999 -7701 -2099 32767
-8709 -1074 3608 -5041 -6763 32767
-9154 -1820 3905 156 -16903 32767
-9360 -2977 3871 5461 -23946 32767
-8991 -3683 3789 16227 -32768 32767
-8622 -4663 3523 28294 -32768 32767
-8524 -5277 3049 32767 -32768 32767
-8294 -6187 1865 32767 -32768 32767
-7979 -6745 843 32767 -32768 32767
-7290 -7304 -754 32767 -32768 32767
-6874 -3417 -2542 32767 -32768 32767
-5564 -6710 -4415 32767 -32768 32767
-4972 -7802 -5081 32767 -32768 32767
-5267 -7423 -3841 32767 -32768 32767
-5252 -7014 -3527 32767 -32768 32767
-4297 -6454 -4136 32767 -32768 32767
-3607 -6101 -4610 32767 -32768 32767
-2640 -5797 -5083 32767 -32768 32767
-1824 -4890 -5165 32767 -32768 32767
-1402 -4211 -5038 32767 -32768 25354
-1539 -4090 -4569 32767 -32628 19217
-1830 -3997 -4212 23380 -32705 9149
-1893 -3928 -3901 14836 -32768 535
-1153 -3992 -4069 10871 -32768 -2751
-557 -3919 -4170 8014 -32768 -3365
-82 -3603 -4141 7737 -26137 -1791
-138 -3264 -3907 8185 -11140 1577
-703 -2654 -3404 8224 -5670 3200
-1141 -2344 -3134 7436 -5301 3550
-1542 -1907 -2966 6280 -10276 2121
-1487 -1699 -2927 5473 -13135 1231
-1324 -1347 -2833 4144 -14206 680
-1130 -962 -2743 3118 -13086 852
-1092 -740 -2665 1811 -8804 1611
-1114 -443 -2532 712 -3564 2487
-1260 94 -2229 24 -690 2834
-1351 633 -2077 -733 2997 2365
-1420 1290 -1907 -780 4739 1727
-1325 1395 -1769 -553 5558 1273
-1393 1572 -1559 -338 4623 1185
-1749 1816 -1543 396 1684 -355
-2416 1959 -1486 1684 -2552 -4221
-2896 2000 -1515 2712 -5742 -7454
-2924 2016 -1699 4768 -10858 -11752
-2856 2045 -1960 6487 -14190 -13651
-2747 1989 -1934 8630 -17512 -15002
-2558 1835 -1484 9015 -17568 -15027
-2476 1747 -987 7421 -13364 -14194
-2392 1610 -252 3588 -5248 -12462
-2533 1370 219 484 544 -11293
-2638 1143 269 -3617 7375 -9981
-2575 805 111 -5424 9690 -9418
-2373 696 -48 -6666 9480 -8559
-2092 670 -281 -6563 7363 -8091
-1940 689 -338 -5599 2964 -7916
-1737 693 -258 -4763 -875 -8539
-1595 722 19 -4813 -2469 -9369
-1528 784 216 -5996 -3591 -11208
-1264 955 390 -7348 -3955 -12418
-1207 983 418 -9774 -4870 -14161
-1336 807 161 -11216 -5663 -15479
-1487 605 -73 -12366 -6328 -17681
-1581 309 -212 -12702 -4843 -19654
-1438 186 -287 -12681 -2829 -20230
-1023 144 -302 -12602 -342 -19340
-611 95 -426 -12521 -4 -17463
-390 25 -583 -12113 -2029 -13509
-230 -93 -596 -11831 -4568 -10489
-364 -113 -530 -11823 -8071 -6645
-681 -285 -449 -12097 -8995 -4986
-906 -451 -448 -12617 -7449 -3936
-1185 -638 -604 -12862 -2785 -4280
-1281 -678 -843 -12754 1097 -5006
-1155 -668 -960 -12593 6110 -5782
-1114 -684 -1047 -12820 9423 -6363
-1242 -835 -1032 -13731 11741 -7311
-1576 -1107 -780 -14944 13512 -8382
-1653 -1217 -549 -17734 16718 -10476
-1671 -1194 -450 -19736 18428 -11861
-1652 -1138 -416 -22531 19182 -13774
-1490 -1029 -359 -25001 17575 -15204
-1340 -947 -344 -26512 15356 -15856
-1321 -903 -435 -28287 10899 -16805
-1605 -1001 -805 -28852 7645 -17863
-2013 -1198 -898 -29284 4192 -20876
-2744 -1407 -855 -29946 4131 -26066
-2960 -1286 -761 -30556 5300 -29786
-2885 -1245 -762 -31482 5813 -32768
-2521 -1188 -1046 -31876 3841 -32768
-2486 -1238 -1340 -31923 -2626 -32768
-2749 -1416 -1532 -31898 -7028 -32495
-3023 -1638 -1635 -32122 -9482 -29212
-3126 -1793 -1780 -32329 -6984 -24995
-3346 -2179 -1973 -32552 -1969 -20142
-4023 -2713 -2114 -32768 2161 -17251
-4467 -3302 -2047 -32768 9520 -13831
-5457 -4146 -1556 -32768 15637 -12447
-6046 -4520 -1276 -32768 25645 -12169
-6670 -4314 -1319 -32768 29193 -12691
-6910 -3702 -1371 -32768 24639 -13446
-7104 -2500 -1310 -32768 9213 -12928
-6972 -1540 -1056 -32768 -2951 -11169
-6710 -1336 -768 -32768 -15227 -5995
-9427 -5783 8354 27087 -22362 32767
-10116 -6521 7733 32767 -32768 32767
-10497 -8065 6107 32767 -32768 32767
-10304 -9083 4752 32767 -32768 32767
-9518 -10505 2510 32767 -32768 32767
-8375 -8042 -4267 7746 -32768 -32768
-7027 -12229 -3312 32767 -32768 32767
-7194 -11447 -1689 32767 -32768 32767
-7535 -10866 -1076 32767 -32768 32767
-6902 -10074 -1524 32767 -32768 32767
-5364 -8781 -2183 32767 -32768 32767
-4062 -8191 -2954 32767 -32768 32767
-3447 -7667 -3477 32767 -32768 32767
-2746 -6563 -3779 32155 -32768 32767
-1841 -5664 -3908 28343 -32768 29942
-1294 -5205 -3808 23417 -32768 25651
-744 -4641 -3685 20502 -32768 22975
-539 -4404 -3663 16937 -30745 18756
-1572 -603 -2299 4197 -9432 -12049
-1762 -205 -2348 3959 -5951 -14140
-1883 55 -2339 3961 -1196 -17310
-2322 378 -2149 3332 848 -20601
-3132 373 -1639 1999 836 -23261
-3701 302 -1239 -1315 -144 -27547
-4206 270 -680 -5944 -1175 -31031
-4145 345 -393 -9249 -1870 -32077
-4067 313 -328 -13353 -3590 -31429
-3917 291 -526 -15395 -5792 -28616
-3932 339 -627 -15643 -7090 -26279
-3928 438 -479 -15479 -7141 -22949
-3999 556 -159 -15590 -6136 -21112
-3953 615 224 -16843 -3752 -18962
-3905 783 736 -18594 -2183 -17920
-3906 921 475 -20741 -1168 -17009
-3798 981 -230 -20179 -1400 -16620
-3511 1062 -442 -19036 -1220 -16294
-3189 1115 -452 -17324 -940 -15131
-2564 1165 -312 -16555 -2216 -12879
-2027 1107 -120 -16712 -3939 -11050
-1754 1041 -6 -17696 -6890 -8393
-1466 920 110 -18615 -8564 -6985
-1306 795 136 -20027 -10229 -5562
-1227 578 167 -21310 -10385 -5137
-1161 389 245 -22103 -9441 -5364
-1096 353 244 -23041 -6714 -6171
-953 324 188 -23389 -4802 -6824
-822 299 108 -23400 -2674 -7575
-583 264 35 -23104 -1932 -7733
-451 237 -9 -22373 -1839 -7433
-322 220 -59 -21780 -2393 -7014
-335 183 -36 -20951 -3528 -6431
-438 103 53 -20590 -3849 -6305
-521 70 106 -20262 -3201 -6626
-619 5 131 -20120 -2114 -7099
-688 -55 182 -19938 345 -8087
-716 -137 229 -19869 2573 -8685
-776 -305 251 -19680 6198 -9305
-804 -510 257 -19518 9280 -9447
-702 -942 246 -19528 10855 -8938
-737 -1296 231 -19777 12605 -7298
-933 -1934 194 -20415 14160 -5566
-1177 -2278 151 -20981 14952 -4839
-1639 -2716 -68 -21656 15536 -5007
-2217 -3282 -388 -21823 15311 -7194
-2993 -3746 -522 -21924 14526 -10034
-3491 -3829 -392 -23097 12495 -16498
-3789 -3687 -131 -25020 10522 -21507
-3682 -3578 22 -29385 6263 -28195
-3364 -3322 163 -32768 363 -32492
-3162 -3040 -35 -32768 -4159 -32768
-3036 -3008 -283 -32768 -9702 -32768
-3102 -3024 -499 -32768 -10349 -32732
-3154 -3018 -732 -32768 -7564 -31414
-3126 -3005 -871 -32768 -622 -28731
-3122 -2844 -911 -32768 6707 -25312
-3288 -2735 -840 -32768 10339 -22725
-3423 -2680 -721 -32768 12221 -18371
-3828 -2366 -395 -32768 11365 -15497
-4102 -2172 -284 -32768 8910 -11642
-4490 -1781 -207 -32768 8168 -8542
-4755 -951 -64 -32768 10394 -6925
-4809 -655 -106 -32768 15341 -3762
-5064 -500 149 -32768 16852 -464
-6114 -191 1131 -32768 15302 4717
-7127 -60 2042 -32768 9434 8377
-8570 62 3477 -32768 4443 9880
-8961 85 4106 -32768 -1421 13710
-8946 122 4665 -32768 -3819 19321
-8939 -31 5147 -20588 -5201 32767
-9366 144 5942 -9555 -8147 32767
-9959 -88 6389 4568 -20672 32767
-10652 -931 6344 11934 -32707 32767
-10408 -2405 5100 22570 -32768 32767
-9631 -3242 3884 32767 -32768 32767
-8082 -4387 2137 32767 -32768 32767
-6657 -5317 706 32767 -32768 32767
-4945 -2537 526 32767 -32768 -22904
-4668 -6242 -3129 32767 -32768 32767
-4442 -6297 -3320 32767 -32768 32767
-4636 -6143 -2467 32767 -32768 32767
-4601 -5681 -2150 32767 -32768 32767
-4337 -5297 -2472 32767 -32768 32767
-3425 -4968 -3147 32767 -32768 22880
-2334 -4307 -3744 32767 -32768 17920
-1638 -3937 -3885 32767 -32768 14502
-1078 -3432 -3710 32737 -32768 13255
-1016 -3262 -3397 28282 -29530 12119
-1296 -3206 -3009 21437 -18152 8650
-1877 -3401 -2365 16548 -13518 5380
-2203 -3622 -1954 8750 -11540 665
-2536 -3793 -1749 2489 -15798 -2849
-2525 -3667 -1952 177 -20103 -4457
-2363 -3542 -2248 423 -24687 -5896
-2046 -3322 -2706 2844 -25311 -6321
-1808 -3032 -2918 8426 -23126 -6367
-1518 -2551 -2753 13259 -18029 -5233
-1319 -2042 -2409 14885 -14061 -3436
-1233 -1689 -2316 15127 -8796 46
-1291 -1226 -2232 14411 -5949 2260
-1349 -956 -2244 12517 -2853 4412
-1570 -465 -2038 10807 -1714 4841
-1680 -22 -1833 7559 -1607 3821
-1817 909 -1745 4840 -3331 1406
-1963 1326 -1877 4032 -4890 -328
-2277 1247 -1879 3846 -7342 -3144
-2751 1456 -1909 4173 -9396 -5116
-2951 1833 -1708 4441 -12600 -8117
-3110 2438 -1472 4101 -14832 -9795
-3086 2734 -1587 3816 -17991 -11441
-3050 2858 -1631 3831 -19326 -11671
-2955 2696 -1636 3852 -19345 -10387
-2880 2214 -1389 3200 -15943 -7410
-2833 1899 -1119 2200 -12254 -4825
-2781 1498 -631 -49 -6077 -875
-2790 1219 -280 -2495 -355 2416
-2870 793 -76 -4009 3539 3750
-2881 522 -137 -5321 9657 4343
-2891 225 -186 -5501 13609 3862
-2746 91 -151 -5383 18238 2482
-2407 35 -65 -5229 19393 1532
-2197 53 19 -5206 17583 163
-1841 39 169 -5440 14812 -630
-1585 39 218 -5797 11509 -1330
-1320 112 177 -6378 6269 -2230
-1177 154 88 -6545 1791 -3225
-1140 157 -72 -6365 -52 -4116
-1148 195 -168 -5673 -657 -6019
-975 281 -322 -5011 73 -7323
-795 277 -373 -3995 1591 -8512
-647 224 -325 -3648 3085 -8956
-451 145 -290 -3777 5759 -8932
-277 35 -272 -4346 7630 -8533
-158 -78 -384 -5486 9911 -7546
-5 -142 -447 -7075 11186 -6315
-5 -130 -387 -8491 12095 -5561
-34 -99 -288 -11205 14706 -4698
-132 -75 -287 -14118 17506 -4431
-11 -116 -853 -15161 18795 -4263
319 -292 -1501 -14787 19513 -3449
-270 -797 -1242 -13933 19808 -3224
-492 -1148 -1535 -13066 20700 -3997
-874 -1262 -1447 -11123 21855 -6812
-1863 -1235 -1324 -10066 21796 -10479
-2827 -1123 -991 -9335 19762 -20128
-3537 -416 -432 -10519 16767 -32768
-2771 -257 -26 -12074 14066 -32768
-2002 -604 343 -16571 9457 -32768
-1051 -1393 323 -22980 3407 -32768
-1274 -2019 -239 -27144 -1969 -32768
-1641 -2091 -501 -32768 -12433 -32768
-2503 -1793 -986 -32768 -22006 -32768
-3392 -1498 -1507 -32768 -24227 -32768
-4073 -1248 -1982 -32768 -18209 -32768
-4735 -1147 -2960 -32768 -10439 -32768
-4994 -618 -3446 -32768 1216 -32701
-4953 284 -4162 -30675 9231 -27768
-4987 841 -4296 -27166 11875 -22421
-5308 968 -3983 -26267 15452 -14287
-6039 902 -3250 -31607 19407 -8483
-6821 543 -2384 -32768 21964 -6175
-7285 -246 -1913 -32768 22585 -3540
-7685 -1304 -1289 -32768 20078 -1360
-7677 -1740 -876 -32768 14201 2978
-7575 -2153 -489 -32768 9274 7060
-7678 -1957 -57 -32768 9169 7623
-7671 -1223 392 -32768 13190 5178
-7406 -339 1666 -32768 15423 3632
-7183 -420 2630 -27073 13412 6012
-7035 -428 3797 -16533 10778 13311
-7023 -659 4723 -10203 14223 18444
-7613 -985 5374 -1272 21650 23281
-9228 -1972 7298 4274 18533 24278
-10584 -3036 9356 5533 7920 24312
-10561 -4044 9585 9045 -15076 29423
-9394 -5138 8095 15858 -28526 32767
-8563 -5992 7113 30285 -32768 32767
-8260 -7101 6087 32767 -32768 32767
-8122 -8216 4472 32767 -32768 32767
-7557 -5607 6938 28836 -32768 27039
-7126 -9388 -1 32767 -32768 32767
-7067 -9482 210 32767 -32768 32767
-7352 -9771 323 32767 -32768 32767
-6668 -9571 -1070 30960 -32768 32767
-6022 -9372 -2325 26566 -32768 32767
-5106 -8538 -3274 26182 -32768 32767
-4364 -7615 -3281 25564 -32768 32767
-4052 -7150 -3348 23819 -32768 32438
-3386 -6093 -3936 23408 -32768 27262
-2722 -5467 -4365 24523 -32768 21049
-1756 -4560 -4770 26317 -32768 17677
-1149 -3659 -4727 26916 -32768 16247
-977 -3151 -4534 26230 -31302 14067
-976 -2432 -4183 23833 -23868 11289
-1076 -1886 -3786 21694 -21246 9349
-1149 -1564 -3520 18216 -20100 6726
-1421 -1106 -3144 15975 -20455 4900
-1541 -878 -2911 13010 -21685 2299
-1486 -571 -2658 10906 -22690 600
-1395 -396 -2369 9976 -21938 75
-1359 -311 -2244 9305 -18108 209
-1372 -28 -2161 9462 -14093 534
-1448 130 -2059 10083 -7297 774
-1836 422 -1835 10237 -3291 221
-2156 682 -1763 9908 -469 -2313
-2694 904 -1592 8632 -719 -6461
-2976 1097 -1453 7169 -1177 -9432
-2889 1169 -1455 4731 -209 -12713
-2640 1272 -1337 2255 3809 -13992
-2615 1536 -1222 790 7176 -14276
-2670 1789 -1154 -1053 11281 -14845
-2941 1889 -944 -2175 12916 -15509
-3208 1864 -871 -3757 13454 -17298
-3400 1878 -981 -4516 12579 -18751
-3227 1895 -1194 -4751 10589 -19797
-2729 1988 -1524 -18263 5583 2619
-1140 1145 -196 -20675 -2455 260
-1958 882 -143 -23086 -7786 -5620
-1980 920 -774 -23068 -10102 -10172
-1536 1109 -597 -22690 -12163 -16447
-1404 1402 -1021 -21244 -12789 -22579
-1281 1745 -1239 -19407 -12659 -26411
-1168 1875 -1477 -15467 -12627 -31535
-982 1711 -1784 -10519 -16348 -32768
-378 1421 -2263 -6601 -23727 -32768
1658 988 378 -7277 -32768 -32768
747 -561 -546 -11968 -32768 -27727
207 -1141 -154 -14850 -32768 -21726
294 -452 -37 -17146 -31901 -17013
338 62 -91 -19032 -21723 -10484
-671 -60 303 -19834 -12381 -7297
-1501 -526 700 -21586 6309 -6004
-2011 -866 573 -21957 21216 -6683
-2021 -834 92 -20551 24656 -6956
-1856 -948 -89 -17019 21265 -5900
-1496 -1268 -103 -14632 16007 -4182
-1037 -1542 0 -12080 7434 -838
-822 -1704 121 -11355 1958 1859
-678 -1920 160 -11853 944 2567
-889 -2241 104 -13829 2313 789
-1762 -3072 283 -17933 7107 -5903
-2703 -3714 462 -21757 11986 -12904
-3154 -3932 387 -27641 19101 -25277
-3609 -4114 21 -30788 21767 -32768
-3687 -4120 -197 -32768 21816 -32768
-3586 -4109 -469 -32768 19891 -32768
-3538 -4128 -834 -32768 14136 -32768
-3737 -4098 -1417 -32768 6713 -32768
-4852 -4066 -1537 -32768 4717 -32768
-5211 -3913 -1546 -32768 6901 -32768
-5381 -3450 -1754 -32768 10041 -32768
-5238 -3194 -1761 -32768 15095 -30463
-5392 -2968 -1673 -32768 18743 -23723
-5963 -2670 -1505 -32768 19751 -18632
-6555 -2291 -1202 -32768 20805 -16685
-6776 -1890 -1037 -32768 22667 -14906
-6928 -1428 -708 -32768 22989 -13253
-6948 -1107 -313 -32768 21610 -8830
-7841 -892 905 -32768 19160 -4256
-8981 -365 2843 -32768 16119 -586
-9775 -216 4734 -32768 12481 3510
-10136 -546 6075 -32768 7880 13580
-10482 -577 7522 -32768 3207 28415
-10767 -353 9196 -30618 1387 32767
-11154 -253 9973 -11188 -8390 32767
-11984 -570 10409 5993 -31883 32767
-11637 -1444 9791 16038 -32768 32767
-10597 -2156 8556 30851 -32768 32767
-8937 -3452 6115 32767 -32768 32767
-7796 -4621 2960 32767 -32768 32767
-8423 -4545 2578 28937 -32768 -32768
-6287 -6645 -3533 32767 -32768 32767
-5919 -6582 -3582 32767 -32768 32767
-5975 -6874 -2799 32767 -32768 32767
-5516 -5818 -2510 32767 -32768 32767
-4802 -5346 -3038 32767 -32768 32767
-3933 -4935 -3580 32767 -32768 32767
-3518 -5022 -3711 32767 -32768 32767
-2887 -4899 -4365 32767 -32768 27973
-2215 -4829 -4407 26534 -32768 16475
-1894 -4733 -3989 21224 -26252 9118
-1786 -4547 -3065 12708 -19513 463
-1809 -4377 -2060 2785 -21848 -3182
-2038 -4145 -1913 -2878 -25463 -4042
-2206 -4019 -2267 -6598 -28201 -5538
-2279 -3778 -2903 -3792 -26878 -8113
-2114 -3471 -2968 -205 -23983 -9516
-1875 -3159 -2764 4378 -17787 -9446
-1464 -2411 -2354 5931 -12349 -5769
-1191 -1710 -2198 5439 -10160 -1609
-1216 -1285 -2240 3766 -7486 4183
-1538 -857 -2394 2223 -4018 6455
-1914 -445 -2374 1274 -1747 5712
-1996 -119 -2347 75 -1445 2672
-2008 564 -2301 -522 -3117 289
-1786 1117 -2224 -918 -5764 -2595
-1428 1799 -2010 -1380 -7817 -3407
-1124 2077 -1931 -1693 -8976 -2664
-1320 2353 -2008 -1590 -9576 -1921
-2000 2406 -2201 -515 -8386 -3347
-2650 2499 -2028 304 -7027 -5379
-2736 2616 -1913 1069 -7044 -7994
-2596 2801 -1915 1760 -10914 -8571
-2538 2560 -1868 2237 -14399 -8184
-2520 2323 -1642 2050 -18168 -7143
-2585 1997 -1078 917 -19045 -6650
-2624 1733 -561 -2429 -17572 -6567
-2540 1422 -49 -5257 -14735 -6940
-2434 1314 -108 -8336 -8200 -7722
-2264 1146 -650 -7896 -803 -8657
-1876 922 -1033 -5864 3459 -9017
-1579 818 -1009 -1994 8105 -8868
-1239 770 -698 180 9698 -8452
-946 708 -156 1747 10043 -7736
-858 620 171 880 9235 -7338
-1052 463 440 -662 8677 -7856
-1199 398 424 -3099 8394 -9966
-1432 389 347 -4541 8614 -12071
-1572 403 358 -6443 9805 -15815
-1620 403 381 -8198 11937 -19121
-1320 326 400 -9405 13022 -19912
-892 -13 169 -10807 12718 -18688
-847 -454 -394 -11031 10642 -16953
-1312 -783 -657 -10314 7327 -15264
-1706 -1198 -714 -9475 7490 -14859
-1744 -1362 -575 -9410 8679 -14562
-1649 -1265 -553 -10115 9045 -13712
-1481 -1018 -684 -10716 7721 -12849
-1301 -930 -805 -11442 4042 -11136
-1049 -860 -906 -12387 -681 -9070
-828 -727 -976 -13249 -3723 -7733
-711 -627 -1018 -14663 -7405 -6165
-635 -665 -1105 -15668 -9025 -5497
-782 -776 -1037 -17508 -9760 -5937
-1193 -916 -921 -19812 -6947 -8712
-1387 -887 -700 -21764 -2856 -11666
-1428 -723 -490 -24905 4772 -16682
-1292 -790 -652 -26449 9166 -19852
-1180 -962 -780 -27638 13080 -23406
-1171 -1224 -988 -27860 14213 -25075
-1332 -1369 -1024 -27985 14896 -27279
-1868 -1370 -1032 -28622 15487 -29729
-2413 -1320 -977 -29441 15794 -31761
-3049 -1311 -1012 -31205 15762 -32768
-3482 -1369 -914 -32763 15307 -32768
-3698 -1280 -925 -32768 12814 -32768
-3810 -1311 -1172 -32768 5984 -32768
-3914 -1544 -1644 -32768 -557 -32768
-3986 -1560 -1889 -32768 -8202 -27103
-4167 -1515 -2252 -32768 -9275 -23189
-5052 -1774 -2411 -32768 -3222 -19940
-5666 -2339 -2058 -32768 11342 -19655
-6244 -3477 -1253 -32768 21101 -19151
-6720 -3685 -972 -32768 27487 -16108
-7362 -3303 -852 -32768 19607 -11580
-7709 -2650 -903 -32768 8780 -8381
-7763 -2068 -1133 -32768 -7953 -3132
-6999 -2037 -972 -32768 -13099 1113
-6251 -1905 -605 -32768 -8453 8917
-5455 -1557 35 -32768 6849 17074
-5785 -1141 1188 -32768 18339 20766
-6688 -1330 2207 -32514 28411 21926
-8471 -1843 4056 -28902 27931 20240
-9474 -2408 5016 -20149 15006 17610
-10207 -3087 6740 -8846 -3897 21000
-10306 -4416 8346 -1692 -16636 29087
-10105 -5516 8694 9300 -29956 32767
-9950 -6689 7849 18776 -32768 32767
-10138 -7425 7197 32767 -32768 32767
-10269 -8449 5669 32767 -32768 32767
-9556 -9121 3961 32767 -32768 32767
-8616 -6558 3243 32767 -32768 32767
-8360 -10906 -1727 32767 -32768 32767
-8205 -10666 -2744 32767 -32768 32767
-8169 -10180 -3186 32767 -32768 32767
-7457 -9048 -3656 32767 -32768 32767
-6442 -8399 -3905 32767 -32768 32767
-5025 -7616 -4003 32767 -32768 32767
-4233 -7285 -4137 32767 -32768 32767
-3245 -7177 -4874 32767 -29961 32767
-2316 -6479 -5161 32767 -25957 32767
-1824 -5892 -4698 29948 -23572 31486
-1114 -5206 -3850 25745 -24477 27167
-688 -4717 -3590 18999 -26310 21092
-253 -4069 -3688 15881 -25988 17531
-180 -3705 -3705 13562 -23269 13141
-281 -3192 -3587 12820 -18387 9972
-492 -2751 -3250 12468 -13959 8431
-739 -2411 -2911 11602 -8525 6233
-1074 -1930 -2442 10031 -7549 3935
-1473 -1593 -2175 8885 -9166 2082
-1684 -1374 -1952 7029 -12640 -1756
-1843 -916 -1723 5210 -16508 -6301
-1789 -426 -1778 4472 -18880 -9412
-1740 -119 -1905 4575 -19740 -14054
-1724 214 -2048 5236 -17477 -16962
-1959 586 -2039 6447 -12691 -21544
-2425 1136 -1808 6445 -10823 -26356
-2820 1410 -1269 4969 -11029 -29026
-3140 1554 -914 466 -12026 -32213
-3603 1682 -653 -3469 -12566 -32768
-3764 1750 -578 -9689 -12082 -32768
-3698 2033 -308 -13918 -11100 -32768
-3482 2244 -320 -19510 -9917 -31122
-3048 2459 -565 -21926 -8673 -27450
-2831 2306 -869 -23202 -4321 -21218
-2688 2015 -1218 -21495 1020 -15824
-2632 1598 -1542 -18120 5624 -12535
-2638 1309 -1245 -16419 8734 -11748
-2621 1146 -890 -15863 12926 -12327
-2547 936 -375 -16746 14683 -13611
-2387 819 -120 -19094 15158 -16117
-1944 706 27 -20713 13801 -17634
-1459 651 110 -22664 9379 -18952
-1168 690 94 -23806 3210 -19079
-941 708 40 -23976 -1382 -18759
-742 628 -91 -23736 -6229 -18331
-711 476 -156 -22790 -12562 -17905
-862 165 -102 -22072 -15105 -18079
-914 14 -82 -21119 -16278 -18981
-986 -88 -66 -20433 -15933 -19904
-1013 -146 5 -19656 -13687 -21561
-868 -167 140 -19291 -9894 -22626
-739 -164 171 -22679 2086 -7678
-1854 -2690 239 -23937 3487 -8405
-2251 -3041 3 -24191 4298 -9647
-2410 -3274 -45 -24197 4630 -12173
-2593 -3630 -150 -24385 3387 -14675
-2903 -3895 -190 -24854 1533 -16480
-3142 -3967 -215 -26260 -2205 -19748
-3449 -3898 -186 -27633 -4519 -22461
-3502 -3692 -150 -30322 -5991 -26830
-3502 -3481 -75 -32768 -5231 -30478
-3260 -3416 -105 -32768 -3929 -31761
-3105 -3351 -194 -32768 -801 -31620
-3053 -3245 -307 -32768 3262 -29796
-3340 -3047 -441 -32768 5808 -28350
-3618 -2781 -541 -32768 8018 -26564
-3911 -2148 -597 -32768 7331 -25617
-3870 -1560 -613 -32768 2712 -23589
-3843 -482 -663 -32768 -1848 -20408
-3829 183 -656 -32768 -2079 -17533
-4003 356 -622 -32768 2170 -12393
-4463 250 -609 -32768 7197 -8490
-4884 -42 -541 -32768 15843 -2087
-5997 -159 -324 -32768 19403 2866
-7122 138 -109 -32768 16440 4935
-7509 189 12 -32768 4619 8210
-7843 386 513 -32768 -4438 10888
-7864 903 1214 -32768 -11083 15089
-7867 1893 2185 -32768 -8702 17521
-7816 2114 2695 -32768 453 21655
-8112 2170 3384 -32768 6635 27392
-9514 1239 4763 -28080 5100 31666
-10757 170 5672 -14548 -7217 32767
-12166 -1546 7098 -6265 -19146 32767
-12245 -2694 7688 5133 -32768 32767
-11169 -3745 7468 13829 -32768 32767
-10470 -4479 6479 30883 -32768 32767
-9975 -5518 4805 32767 -32768 32767
-9654 -6406 3424 32767 -32768 32767
-9428 -7005 2311 32767 -32768 32767
-10728 -9062 535 32767 -32768 -31003
-8651 -9151 -2995 32767 -32768 25655
-7847 -10225 -4656 32767 -32768 32767
-7803 -9905 -3250 32767 -32768 32767
-7283 -9631 -3726 32767 -32768 32767
-6273 -9780 -4124 32767 -32768 32767
-4641 -9740 -4704 32767 -32768 32767
-3916 -9090 -4869 32767 -32768 32767
-3091 -8098 -4887 32767 -32768 30844
-2425 -7480 -5125 30486 -32768 26669
-2029 -7170 -5469 24024 -32768 22020
-1665 -6603 -5920 20778 -32768 18325
-1450 -5824 -6026 19505 -32768 15891
-1166 -5114 -5896 17459 -32768 12708
-776 -3957 -5593 15669 -32768 11208
-565 -3310 -5254 12216 -27794 9620
-430 -2443 -4639 7763 -23823 8456
-484 -1747 -4212 4768 -22003 7637
-542 -1471 -4010 1256 -18992 6306
-543 -1122 -3761 -70 -16035 5406
-504 -789 -3647 -301 -10429 4232
-478 -160 -3411 542 -6420 3531
-569 361 -3221 2504 -1482 2189
-492 1245 -2833 3694 -139 1429
-387 1678 -2376 3841 -792 962
-416 2067 -1793 1745 -3034 312
-1125 2224 -1732 42 -4971 -1493
-1777 2250 -1770 -1533 -6739 -7353
-2497 2387 -1851 -1404 -6757 -14742
-2618 2571 -2138 17 -7738 -18496
-2529 2617 -2306 3620 -11994 -21041
-2255 2468 -2175 7253 -17273 -19918
-2033 2149 -1781 8720 -20258 -17672
-2197 1997 -1236 8029 -21794 -14572
-2614 1906 -343 5337 -19542 -13819
-2816 1736 44 -750 -13043 -14536
-2880 1516 64 -4601 -7976 -15605
-2770 1358 9 -8321 -695 -17144
-2548 998 -261 -9177 4527 -17811
-2307 739 -542 -8120 6541 -17810
-2185 689 -595 -5377 7998 -17539
-1977 696 -458 -2737 7649 -17186
-1708 659 -233 -1684 6418 -16863
-1535 630 -32 -1567 3645 -16375
-1402 650 292 -2541 1718 -16227
-1515 644 379 -5022 -688 -17079
-1733 601 107 -6489 -1539 -18567
-1908 605 -44 -7823 -941 -21945
-2033 682 -100 -8587 2104 -25619
-1591 677 -104 -8969 4444 -26912
-1212 529 -173 -9417 6298 -25783
-725 292 -351 -9629 5418 -21416
-426 251 -397 -9862 3411 -17399
-433 191 -384 -10658 -54 -11429
-610 32 -289 -11544 -1728 -8211
-787 -126 -267 -13308 -2960 -4898
-1061 -305 -332 -15115 -2780 -3585
-1391 -653 -327 -16382 -1270 -3829
-1443 -784 -347 -18285 2552 -4880
-1440 -765 -563 -19613 5743 -6185
-1232 -700 -815 -20013 6704 -6668
-1051 -736 -941 -20072 6425 -6482
-1043 -928 -1047 -19813 5338 -5884
-1249 -1051 -923 -19899 5213 -5934
-1286 -1047 -771 -20733 6127 -6640
-1259 -1016 -540 -21875 6966 -7383
-1172 -1062 -304 -24348 8089 -8791
-1158 -1118 -203 -27395 8730 -10401
-1301 -1228 -159 -29388 9066 -11945
-1503 -1315 -275 -31600 9582 -15209
-1907 -1378 -602 -32284 10235 -19765
-2330 -1417 -659 -32240 10969 -23365
-2547 -1376 -646 -32064 12070 -29067
-2598 -1279 -688 -31884 11864 -32267
-2749 -1329 -687 -31833 9362 -32768
-2860 -1529 -572 -32315 6617 -32768
-2878 -1700 -657 -32768 1705 -32768
-2991 -1663 -772 -32768 -4172 -32694
-2979 -1612 -884 -32768 -8924 -28296
-3073 -1702 -1082 -32768 -10081 -25073
-3200 -1879 -1235 -32768 -7337 -20777
-3806 -2407 -1345 -32768 -2477 -18843
-4356 -2809 -1265 -32768 9177 -17811
-5031 -3592 -931 -32768 17541 -17481
-5487 -3796 -840 -32768 25134 -16737
-6097 -3594 -887 -32768 23543 -16081
-6365 -2946 -959 -32768 17391 -15445
-6342 -2404 -1066 -32768 3642 -13457
-6016 -1763 -1030 -32768 -8070 -9914
-5310 -1191 -759 -32768 -11938 -6379
-4736 -844 -654 -32558 -9316 484
-4399 -448 -465 -30264 4557 7258
-4992 -362 -157 -28204 15978 10467
-5665 -198 275 -24615 26611 12869
-6676 235 1173 -21234 24416 13783
-7353 426 2190 -19185 16874 14833
-7760 381 2960 -17531 9649 16354
-8142 -524 4105 -15335 6169 20665
-8590 -1481 4758 -12861 11393 28789
-10434 -3392 5882 -10832 12045 32767
-12621 -5488 7099 -7589 -1440 32767
-13425 -7011 7252 -797 -28318 32767
-13043 -9309 6292 14354 -32768 32767
-11864 -10876 4708 27860 -32768 32767
-11358 -11769 3538 32767 -32768 32767
-11256 -12809 1998 32767 -32768 32767
-11264 -13635 515 32767 -32768 32767
-10503 -13184 -2625 32767 -32768 32767
-9799 -13873 -4792 32767 -32768 32767
-9463 -13877 -3697 32767 -32768 32767
-7959 -12865 -3720 32767 -32768 32767
-6115 -11668 -4418 32767 -32768 32767
-5028 -11172 -4751 32767 -32768 32767
-3766 -10148 -5288 32767 -32768 32767
-2982 -9324 -5473 32767 -32411 32767
-1803 -8265 -5392 32767 -31554 32767
-1267 -7524 -5231 26878 -32606 32767
-631 -6603 -5105 20238 -31989 32213
-133 -5845 -5037 16423 -29938 27642
96 -5092 -4912 11803 -25180 20782
189 -3997 -4600 9513 -22119 16109
62 -2949 -4265 7399 -18451 8751
-52 -2361 -4058 6929 -16529 1554
-288 -1636 -3831 7308 -16107 -2611
-441 -1167 -3678 8098 -15946 -7324
-720 -581 -3391 8303 -15602 -9443
-1181 -152 -3171 8006 -14393 -12193
-1440 92 -3066 7454 -9842 -14674
-1729 460 -2982 7294 -4943 -15906
-1961 815 -2909 7322 2117 -17392
-2423 1162 -2491 6953 4470 -18422
-2893 1309 -2033 4648 4325 -20595
-3438 1366 -1407 505 1660 -23487
-3623 1254 -1100 -2541 168 -25088
-3692 1169 -1244 -5621 -1206 -26586
-3557 1212 -1538 -6352 -2220 -26855
-3494 1273 -1369 -7265 -3125 -26441
-3437 1625 -855 -8530 -2987 -25973
-3328 1805 -669 -10738 -2730 -24738
-3142 1762 -655 -11871 -3167 -22613
-3014 1436 -937 -11243 -3979 -20923
-2969 1203 -1005 -8983 -5062 -18771
-2730 1011 -825 -6677 -5239 -17372
-2454 962 -400 -5974 -5175 -16801
-2323 1046 -81 -6662 -5057 -16441
-2075 1128 230 -8077 -5291 -16326
-1898 1061 149 -10764 -6761 -16056
-1800 1012 -110 -12508 -9581 -15904
-1628 912 -368 -13003 -11876 -15842
-1497 824 -378 -13485 -14548 -15737
-1248 701 -222 -14254 -15547 -15301
-1006 632 -35 -15025 -15467 -14818
-877 600 29 -16299 -14872 -13863
-693 532 18 -17040 -14480 -13128
-623 472 23 -17881 -14065 -11926
-547 360 52 -18347 -13786 -11150
-555 258 60 -18920 -13015 -10215
-608 111 2 -19170 -12253 -9845
-685 31 0 -19305 -10484 -9802
-826 -63 17 -19364 -8654 -10156
-857 -108 38 -19357 -5372 -11065
-849 -166 105 -19392 -1776 -11950
-710 -197 125 -19416 508 -12287
-558 -237 129 -19257 3033 -11872
-405 -456 148 -19180 3735 -10471
-532 -856 149 -19153 3449 -9366
-697 -1086 163 -19277 3414 -8249
-968 -1333 181 -19463 3962 -8024
-1189 -1534 229 -20061 5525 -8759
-1558 -1918 289 -20693 6863 -10040
-3385 -3472 383 -32768 -1220 -32768
-3268 -3397 320 -32768 -3015 -32768
-3254 -3392 189 -32768 -6304 -32768
-3138 -3296 -11 -32768 -9156 -32768
-3059 -3174 -240 -32768 -13309 -31338
-3079 -3021 -542 -32768 -13631 -23891
-3300 -3010 -792 -32768 -10463 -19681
-3500 -2992 -791 -32768 -1238 -14910
-3682 -2883 -782 -32768 5557 -12359
-3844 -2726 -650 -32768 11437 -8799
-4209 -2409 -445 -32768 11043 -6551
-4650 -2035 -419 -32768 5960 -4250
-5488 -1153 -266 -32768 2352 -3848
-5876 -520 -166 -32768 -282 -4133
-6222 76 45 -32768 -157 -3585
-6463 481 202 -32768 1181 -555
-6708 965 333 -32768 673 2977
-7238 1296 865 -32768 -2529 10052
-7610 1413 1599 -32768 -4058 15327
-8177 1367 2802 -32768 -5335 23041
-8780 716 3403 -32768 -6080 27388
-9310 298 3979 -27658 -7767 32420
-10190 -284 4981 -14669 -12397 32767
-11072 -1157 6628 2596 -26698 32767
-11336 -1991 7479 14362 -32768 32767
-11062 -3359 7323 21820 -32768 32767
-10809 -4363 6499 32767 -32768 32767
-10529 -5543 5275 32767 -32768 32767
-10363 -6717 4252 32767 -32768 32767
-10036 -7558 3262 32767 -32768 32767
-9576 -8683 1374 32767 -32768 32767
-12396 -10365 -8773 32767 -32768 32767
-7199 -10766 -4957 32767 -32768 32767
-6477 -9907 -2707 32767 -32768 32767
-6536 -10236 -1854 32767 -32768 32767
-6049 -9983 -1789 32767 -32768 32767
-4853 -10395 -2028 32767 -32768 32767
-3802 -9931 -2939 32767 -32768 32767
-3379 -9200 -3320 32767 -32768 32767
-2632 -8272 -4032 32767 -32768 32767
-1967 -7156 -4506 30594 -32768 30630
-1685 -6375 -4411 23008 -27860 24884
-1414 -5422 -3950 15316 -24375 20781
-1106 -4904 -3553 10365 -26957 19071
-1010 -4591 -3551 4942 -32256 16863
-928 -4163 -3686 2317 -32768 14261
-977 -3690 -3618 1528 -32210 12110
-1028 -3311 -3554 1087 -27397 8492
-933 -2630 -3418 1201 -24537 6392
-794 -2245 -3340 2026 -21516 4607
-732 -1753 -3096 2647 -19886 4195
-785 -1410 -2950 3224 -17990 3875
-925 -1044 -2647 2940 -16566 3494
-1114 -780 -2463 2384 -15752 2846
-1197 -84 -2455 2057 -15128 1311
-1101 637 -2453 2450 -14665 162
-1027 921 -2416 3551 -13952 -1179
-1148 1172 -2223 4032 -13429 -1888
-1501 1325 -2087 4142 -11795 -3863
-2318 1643 -2074 4270 -9353 -7935
-2716 2028 -2109 4729 -7966 -11005
-2772 2308 -2230 6326 -7433 -14269
-2615 2567 -2374 8608 -10524 -14831
-2449 2412 -2227 9784 -14329 -13724
-2603 2245 -1754 9003 -18046 -11649
-3040 2069 -838 6267 -17718 -11006
-3184 1909 -361 -224 -13890 -11055
-3218 1692 -123 -6608 -8765 -11620
-3173 1434 -266 -9322 -5427 -12135
-3077 1139 -362 -10809 -1307 -12702
-2845 707 -422 -10471 850 -12866
-2685 579 -403 -8906 2562 -12855
-2548 536 -381 -6663 2594 -13161
-2504 539 -504 -4828 2101 -13833
-2293 601 -692 -1719 790 -15157
-1951 712 -438 -237 -236 -16045
-1657 779 -169 291 -1905 -16812
-1177 847 197 -1265 -3523 -16497
-931 795 442 -3121 -4264 -15831
-983 683 527 -6570 -4153 -15090
-1192 543 421 -8736 -2888 -15032
-1377 468 232 -10850 874 -15633
-1442 422 -111 -11190 5513 -16318
-1094 395 -445 -10462 7960 -15876
-806 298 -528 -8824 9658 -13161
-436 195 -563 -7389 8576 -8434
-415 158 -613 -6654 6480 -5004
-644 74 -573 -6184 3199 -976
-1085 -125 -581 -6201 2155 480
-1251 -251 -627 -6340 2503 1334
-1596 -378 -723 -6463 4964 746
-1609 -284 -710 -6818 7303 -20
-1450 -169 -720 -7881 10286 -755
-1162 -123 -663 -8975 11313 -734
-916 -196 -620 -11465 11785 174
-779 -427 -695 -14387 10620 1520
-835 -590 -601 -16479 9106 2000
-852 -579 -485 -19910 6924 1791
-886 -465 -294 -23457 4977 429
-1047 -348 -169 -25854 3856 -1211
-1162 -298 -246 -29183 2809 -4729
-1581 -429 -591 -30790 2680 -7955
-1703 -627 -779 -32768 3993 -13552
-1622 -1015 -949 -32768 6761 -18618
-1646 -1313 -1101 -32768 8020 -21663
-2414 -1560 -1556 -32768 7948 -27272
-3750 -1686 -2104 -32768 8553 -32277
-4090 -1819 -2332 -32768 13013 -32768
-4070 -1949 -2721 -32768 16642 -32768
-3616 -1864 -3304 -32768 16144 -32768
-3773 -1569 -3498 -32768 7342 -29111
-4751 -1600 -3392 -32768 3229 -23753
-5928 -2100 -3278 -32768 6351 -19784
-7299 -2695 -2999 -32768 13696 -19932
-7574 -3214 -2634 -32768 26115 -20356
-7543 -3167 -2039 -32768 32767 -18563
-7506 -2015 -1734 -32768 32767 -16554
-7549 -1648 -1617 -32768 26321 -12738
-7912 -1537 -1113 -32768 13540 -8368
-7528 -1327 592 -32768 5022 -4914
-7046 -739 2095 -32768 3851 -100
-6216 -20 4198 -32768 18398 3283
-6166 -430 5368 -32768 29493 5610
-7115 -1196 5806 -32632 32767 8456
-10232 -2526 7061 -17635 27379 8244
-11475 -3203 8773 3537 7067 8411
-11692 -4026 10636 17475 -14840 17752
-10228 -4535 10164 24734 -25508 31121
-9528 -5057 8843 32767 -30755 32767
-9577 -6238 7025 32767 -31606 32767
-10049 -7324 6375 32767 -32768 32767
-10249 -8475 5493 32767 -32768 32767
-10427 -10215 5007 32767 -32768 32767
-8413 -11094 4352 32767 -32768 -7242
-6764 -13580 -3163 32767 -32768 32767
-6519 -12800 -2278 32767 -5554 32767
-6764 -11923 -517 32767 -5625 32767
-6204 -10943 -247 32767 -19101 32767
-5477 -10531 -398 32767 -32768 32767
-4788 -10182 -1315 25790 -32768 32767
-4248 -9814 -2893 18036 -32768 32767
-3118 -8837 -4749 18568 -32768 32767
-1910 -7539 -5409 20234 -32768 32487
-1150 -6660 -5553 21897 -32768 25540
-420 -5485 -5503 21989 -32768 22044
-163 -4438 -5128 20591 -32768 17868
-305 -3819 -4710 17363 -32768 13805
-647 -3058 -4122 14757 -30541 10611
-907 -2580 -3782 11125 -26295 5171
-1245 -1960 -3354 9247 -25367 1432
-1425 -1368 -3015 7374 -25819 -3587
-1395 -982 -2856 6575 -27045 -7011
-1352 -446 -2680 6583 -25656 -8929
-1242 39 -2402 6736 -22113 -9533
-1177 275 -2216 6917 -13822 -9459
-1264 406 -1906 7010 -7458 -9059
-1533 448 -1733 7023 1128 -8952
-2185 545 -1653 7202 5396 -10669
-2567 576 -1607 7336 5106 -12802
-3020 818 -1436 7071 2006 -17183
-3395 1056 -1087 6238 -286 -20609
-3640 1026 -716 3343 -2065 -25828
-3829 922 -203 -1207 -1256 -30225
-3879 864 -20 -4480 8 -32318
-3880 923 -149 -8354 2348 -32768
-3739 866 -235 -10138 3998 -32768
-3470 723 -178 -12429 4851 -32198
-2987 678 -25 -14734 2241 -28194
-2757 849 27 -16175 -764 -25434
-2807 973 -324 -16589 -4821 -22846
-2766 950 -647 -15668 -6477 -21928
-2710 842 -539 -14272 -5921 -20774
-2748 606 -193 -14241 -1082 -19174
-2658 298 237 -15233 3591 -17498
-2860 220 199 -17232 8856 -15131
-3087 301 -94 -18036 9344 -14306
-2892 401 -125 -18854 5199 -13513
-2764 374 -130 -19831 -2559 -12578
-2650 217 -2 -20730 -8016 -12128
-2528 140 137 -22487 -14004 -11696
-2338 56 142 -24096 -16936 -11407
-2105 -18 129 -24827 -17332 -11239
-1874 -24 61 -25271 -16454 -10724
-1595 -41 -151 -24929 -15765 -10249
-1418 -36 -274 -23464 -15111 -9317
-1181 -48 -309 -21467 -14682 -8333
-984 -65 -229 -19605 -14297 -7431
-813 -89 -121 -18633 -13941 -6823
-751 -106 -63 -17535 -13274 -6131
-742 -166 -34 -16830 -12336 -5839
-792 -272 53 -16627 -11210 -5966
-793 -332 134 -16616 -8471 -6365
-751 -434 154 -16775 -6180 -6641
-738 -515 123 -16832 -2770 -6891
-614 -583 103 -16784 53 -6636
-544 -583 91 -16670 1409 -6091
-470 -579 30 -16481 2173 -4842
-409 -627 45 -16584 1672 -3710
-386 -756 75 -17258 -440 -1850
-654 -936 149 -18141 -2732 -1073
-872 -1229 199 -20069 -7229 -995
-1372 -1892 236 -22359 -10498 -3042
-2105 -2184 415 -24100 -10476 -6145
-2517 -2118 640 -27338 -5994 -13321
-2593 -1974 676 -29646 -1197 -18593
-2353 -2127 455 -32248 4720 -24597
-2040 -2578 104 -32768 7385 -27164
-2095 -3034 -88 -32768 8406 -27258
-2245 -3679 -63 -32768 10564 -25503
-2667 -3856 264 -32768 12602 -23907
-2901 -3804 358 -32768 14264 -21286
-3209 -3842 136 -32768 11078 -18705
-3486 -3732 -5 -32768 6926 -17450
-3709 -3380 -189 -32768 1037 -16007
-3592 -2846 -599 -32768 -2240 -14795
-3323 -2509 -764 -32768 -5877 -11638
-2817 -2097 -834 -32768 -5539 -6646
-2594 -1610 -812 -32768 -2381 -3054
-2724 -1307 -818 -32768 6012 1155
-3531 -1008 -790 -32768 12427 2121
-4482 -713 -789 -32768 19839 18
-5814 -387 -679 -32768 21172 -4050
-6492 101 -261 -32768 17399 -5205
-6796 751 26 -32768 8315 -3146
-7067 1649 453 -32768 4643 456
-7399 1981 873 -32768 7557 7609
-8085 1897 1330 -32768 15324 16457
-9080 1303 1769 -32768 16386 23222
-9385 -8720 1338 32767 -32768 32767
-8363 -9504 -571 32767 -32768 32767
-2329 -2896 3771 12157 -32768 9534
-6231 -9557 -4230 32767 -32768 32767
-6239 -8851 -3798 32767 -32768 32767
-5979 -9585 -3132 32767 -32768 32767
-5819 -9400 -4231 32767 -32768 32767
-5369 -9286 -4930 32767 -32768 32767
-3827 -8550 -5235 32767 -32768 32767
-2690 -8068 -5444 32767 -32768 32767
-1454 -7770 -5472 32767 -32768 31962
-1019 -7432 -5416 32767 -32768 27448
-780 -6860 -5147 31453 -32768 22827
-895 -6282 -4702 24978 -32768 19128
-943 -5927 -4590 15829 -32768 12957
-719 -5331 -4669 11475 -31160 9245
-492 -4794 -4765 8324 -27826 4956
-281 -4099 -4607 7427 -24566 2480
-371 -3276 -3987 6508 -22885 1333
-460 -2730 -3601 3962 -21733 169
-604 -2192 -3205 941 -20658 -244
-615 -1818 -3086 -545 -19196 88
-657 -1502 -3028 -1589 -15957 1170
-765 -1123 -2996 -1526 -13572 1804
-974 -720 -2887 -694 -9248 1740
-1157 186 -2562 -105 -5999 807
-1299 933 -2291 292 -2652 -1579
-1186 1520 -1762 14 -1912 -2949
-1217 1570 -1553 -724 -2602 -4080
-2097 1726 -1687 -618 -3482 -5624
-2748 1837 -1907 1283 -4826 -10323
-3194 1968 -2221 4721 -7247 -15447
-3034 2220 -2416 7234 -10855 -17643
-2984 2301 -2400 10234 -17774 -19146
-2861 1959 -1789 10255 -22250 -18854
-2974 1494 -765 7754 -22304 -18162
-3036 1294 -253 1736 -17756 -16894
-2978 1002 25 -2351 -12758 -15769
-2963 776 -38 -6490 -3528 -14248
-2888 434 -290 -7482 2193 -13426
-2758 263 -433 -6847 8125 -12493
-2625 121 -642 -5525 10105 -12056
-2634 85 -721 -3094 10353 -12100
-2656 159 -632 -1794 9083 -12772
-2615 277 -395 -1352 5616 -14418
-2309 393 24 -2370 2882 -15394
-1998 412 261 -5518 -1599 -16176
-1595 496 457 -9627 -6254 -16129
-1505 576 240 -12057 -8818 -16065
-1519 575 -60 -14025 -11138 -16486
-1630 477 -398 -14231 -11306 -17033
-1703 353 -502 -13446 -8776 -18038
-1650 184 -548 -12167 -3578 -18356
-1280 158 -354 -11589 342 -17540
-987 147 -201 -11731 5351 -14231
-647 124 -66 -12341 7373 -10974
-490 104 -82 -13737 7646 -5435
-542 43 -192 -14613 6112 -2001
-787 -96 -330 -15460 2949 1480
-1150 -326 -512 -15523 1145 2612
-1341 -424 -560 -15253 1430 2306
-1571 -548 -599 -14722 3595 598
-1487 -566 -584 -14449 5199 -796
-1339 -527 -561 -14459 6751 -2392
-907 -497 -489 -14773 6992 -2723
-614 -524 -389 -15900 6469 -2082
-650 -566 -352 -17520 5317 -1298
-738 -654 -224 -19619 4462 -1147
-892 -695 -188 -21136 4334 -1620
-1208 -682 -218 -23189 4757 -3811
-1593 -676 -173 -24497 5540 -6190
-1832 -627 -103 -26870 7542 -10812
-1953 -505 -118 -28595 9050 -13986
-2056 -652 -206 -30947 10638 -18226
-2090 -664 -276 -32768 10406 -21662
-2279 -692 -432 -32768 8954 -23517
-2593 -780 -582 -32768 6041 -26249
-2776 -977 -638 -32768 3777 -28002
-2764 -1189 -729 -32768 2086 -28045
-2683 -1259 -668 -32768 -1869 -26486
-2423 -1217 -708 -32589 -7301 -22964
-2652 -1480 -847 -32125 -10217 -20447
-3087 -1922 -903 -31181 -10161 -18170
-3668 -2857 -961 -30582 -7274 -17550
-4069 -3536 -859 -30065 -393 -17509
-4566 -3980 -712 -30016 5541 -17881
-4998 -3861 -684 -29527 15852 -19917
-5444 -3471 -865 -27730 24379 -22601
-5630 -3207 -1157 -25701 26295 -23654
-5533 -2799 -1207 -23167 22255 -22120
-5065 -2066 -761 -23154 15928 -18732
-4680 -1494 -413 -25935 5503 -11130
-4328 -986 -106 -28875 501 -5696
-4316 -819 -80 -32510 -1484 649
-4453 -536 -249 -32768 5120 3193
-4721 -88 -453 -31666 12229 2841
-5003 416 -379 -27063 18811 576
-5491 1347 406 -24076 17940 -810
-5862 2029 1299 -21200 8928 -1332
-5918 2123 1664 -19257 353 1143
-5992 1414 1805 -16839 522 4318
-6185 855 2216 -11364 11076 9960
-7126 181 3718 -6959 25182 15378
-8685 -855 5605 -5616 28222 18681
-9807 -1751 6814 -4496 18372 23459
-10511 -3680 7704 -243 21 30941
-10473 -5660 7243 6133 -11019 32767
-10048 -6747 6770 19574 -24189 32767
-9612 -8347 5992 28747 -30219 32767
-9517 -9356 5486 32767 -32768 32767
-9327 -10686 4263 32767 -32768 32767
-8751 -11706 2627 32767 -32768 32767
-8252 -12098 1678 32767 -32768 32767
-7272 -12284 -2211 18173 -32768 -29828
-6124 -12802 -3682 32767 -32768 32767
-6112 -12400 -2059 32767 -32768 32767
-6275 -12030 -1482 32767 -32768 32767
-5523 -10697 -2243 32767 -32768 32767
-4431 -9483 -2867 29280 -32768 32767
-3577 -8851 -3688 27350 -32768 32767
-3091 -8219 -4504 28704 -32768 32767
-2470 -7016 -5282 32767 -32768 26423
-1564 -5974 -5552 32767 -32768 22813
-1046 -5203 -5549 32767 -32768 19668
-474 -4272 -5296 32767 -30619 18210
-313 -3723 -5152 32767 -25631 15828
-440 -2966 -4834 31199 -21802 13576
-673 -2569 -4504 25435 -17834 9249
-1171 -1851 -3999 18994 -16884 3633
-1376 -1160 -3688 14993 -17630 -80
-1352 -774 -3609 10418 -18900 -4261
-1182 -319 -3556 8533 -18627 -5848
-1132 -17 -3394 7049 -15727 -7123
-1269 280 -3078 6164 -10558 -8142
-1482 274 -2966 6034 -6139 -8833
-1646 438 -3049 6808 587 -10141
-2171 774 -2979 7525 3152 -11776
-2496 960 -2642 6898 2858 -15071
-2956 1139 -1822 4568 1074 -17942
-3161 1189 -1365 -1204 -1173 -22450
-3325 1215 -964 -7457 -1210 -26226
-3378 1119 -1032 -11496 551 -28317
-3316 1160 -1432 -11862 1406 -28703
-3071 1342 -1879 -9670 902 -27498
-2776 1344 -1849 -7681 -797 -25644
-2644 1330 -1554 -6014 -4434 -22153
-2626 1489 -874 -6991 -6109 -19569
-2818 1443 -633 -8611 -5752 -18789
-2771 1329 -668 -10938 -5011 -18415
-2608 1198 -680 -12342 -4841 -18130
-2488 1154 -547 -14646 -4620 -17255
-2228 1032 -212 -16550 -4538 -16325
-2086 918 45 -20038 -4536 -14552
-1916 748 88 -22982 -4085 -12805
-1710 684 -343 -23557 -3802 -11839
-1532 648 -537 -22456 -3974 -10657
-1249 575 -645 -21006 -4524 -9951
-1076 550 -599 -18643 -6404 -8970
-941 485 -382 -17472 -8249 -8442
-962 366 -230 -16586 -10419 -8142
-990 145 28 -16711 -11013 -8341
-866 0 147 -17144 -10940 -8498
-814 -12 161 -17812 -10770 -8751
-749 -34 158 -18188 -10756 -8971
-707 -41 113 -18384 -10761 -9389
-663 -17 -14 -18179 -10722 -9734
-700 -35 -125 -17337 -10660 -10520
-689 -77 -225 -16205 -10556 -11502
-784 -67 -179 -15559 -10127 -12278
-880 -149 -69 -15169 -7838 -13566
-910 -314 111 -15521 -3506 -14517
-813 -375 173 -15966 -275 -14566
-735 -409 202 -16777 3759 -13744
-538 -458 280 -17810 6017 -11504
-377 -584 331 -19210 5866 -8163
-611 -872 393 -20334 4824 -6086
-906 -1097 446 -22261 3510 -4493
-1474 -1628 432 -23591 3040 -4621
-1804 -2083 470 -25618 2372 -6507
-2330 -2643 533 -27056 2042 -8793
-2834 -2949 659 -29706 2644 -14137
-3350 -3344 733 -31681 4107 -18728
-3553 -3509 664 -32768 7113 -26054
-3308 -3473 563 -32768 8815 -30379
-3066 -3366 453 -32768 9845 -32768
-2797 -3243 345 -32768 9328 -32768
-2771 -3155 324 -32768 7919 -32768
-2789 -3058 302 -32768 6750 -32768
-2652 -2851 174 -32768 5355 -32768
-2540 -2693 55 -32768 1336 -29230
-2320 -2402 -150 -32768 -4514 -23449
-2291 -2247 -274 -32768 -9287 -17559
-2502 -2271 -281 -32768 -10781 -14423
-2700 -2344 -222 -32768 -10156 -11308
-3054 -2390 -72 -32768 -6833 -10231
-3569 -2134 118 -32768 -3579 -10540
-3940 -1796 44 -32768 1816 -12256
-4333 -1137 -297 -32768 4713 -13122
-4500 -719 -733 -32768 7570 -12783
-4625 -154 -1075 -32768 10977 -9645
-4894 71 -952 -32768 13159 -6018
-5213 113 -829 -32768 12834 803
-5869 386 -442 -32768 9925 5122
-6238 813 -132 -32768 3983 9974
-6650 1360 220 -32768 19 11949
-6855 1523 446 -32768 -4347 13763
-7035 1788 912 -32768 -4428 15388
-7383 1968 1278 -32768 -3118 16909
-8377 1956 1897 -32768 -4322 20777
-7784 -8478 2025 32767 -32768 32767
-7548 -9307 610 32767 -32768 32767
-5437 -8211 -726 32767 -32768 32767
-6846 -9261 -2026 32767 -32768 32767
-5606 -9049 -3384 32767 -32768 32767
-5071 -9152 -2716 32767 -32768 32767
-4427 -8373 -2676 32767 -32768 32767
-3891 -7919 -2968 32767 -32768 32767
-2966 -7357 -3749 32767 -32768 28997
-2438 -6904 -4376 32767 -32768 25408
-2287 -6640 -4752 30360 -32768 21350
-2103 -6157 -5165 27696 -31782 19613
-1858 -5725 -5146 24697 -23253 18638
-1544 -4920 -4648 22005 -22245 18572
-1383 -4510 -4294 16416 -24937 17942
-1251 -3844 -4062 10777 -28191 15453
-1114 -3444 -4001 7753 -28859 12900
-999 -2906 -3903 4338 -26641 8338
-1014 -2574 -3781 2748 -23695 5259
-1101 -2157 -3507 1005 -19105 1281
-1228 -1838 -3281 152 -17225 -649
-1293 -1363 -3093 -513 -17598 -2426
-1268 -877 -2988 -545 -18821 -2789
-1116 -461 -2925 -110 -19819 -2514
-1128 443 -2715 369 -18674 -2654
-1189 1347 -2535 746 -16524 -3433
-1080 1602 -2314 1004 -12122 -4563
-1077 1705 -1964 811 -8861 -4902
-1467 1912 -1888 760 -4506 -6526
-2135 2177 -1883 1765 -1233 -9960
-2759 2254 -1976 3054 -487 -12725
-3010 2297 -2011 5336 -2745 -16561
-3234 2328 -1950 7049 -7217 -19408
-3137 2142 -1521 7047 -10610 -20347
-2984 1867 -960 4078 -14806 -19669
-3073 1429 -177 357 -15982 -18644
-3068 1186 157 -6353 -15868 -16868
-3242 907 485 -12106 -11251 -15716
-3306 622 417 -14516 -5047 -15520
-3207 414 -66 -14381 4917 -15546
-2749 258 -915 -11634 9450 -15133
-2432 262 -1141 -5621 12295 -13504
-2178 290 -931 -1886 12282 -12196
-2011 284 -554 1493 11215 -10457
-1824 224 -53 2059 9923 -9306
-1844 190 22 1710 9227 -9336
-1817 284 -139 1359 7975 -10340
-1691 437 -324 1359 6920 -11440
-1474 575 -456 1723 4471 -13007
-1090 708 -483 1914 2370 -13524
-944 673 -385 1581 -307 -13521
-963 430 -120 547 -868 -13219
-1002 216 158 -2107 1189 -12690
-1126 109 243 -5620 6080 -12172
-1345 6 279 -8085 10036 -12185
-1387 -32 249 -11526 15308 -12618
-1576 -144 38 -13413 17825 -13184
-1707 -322 -111 -15242 20279 -14658
-1678 -519 -275 -15820 21358 -15618
-1499 -525 -375 -15884 22413 -16479
-1335 -421 -439 -15178 22437 -16315
-1002 -302 -462 -14466 20701 -14649
-863 -330 -440 -14290 18073 -12989
-888 -409 -549 -14385 12109 -10491
-1191 -684 -577 -14570 7615 -9283
-1224 -795 -515 -15292 1764 -8323
-1301 -766 -323 -16018 -975 -8080
-1291 -683 -116 -17816 -3067 -8242
-1122 -574 121 -20299 -3597 -8533
-967 -502 233 -23092 -3982 -8943
-1029 -479 215 -24890 -4532 -9466
-1296 -609 93 -26968 -5687 -11317
-1464 -869 -37 -27880 -6795 -13187
-1682 -950 7 -28834 -8789 -16916
-2148 -766 -82 -29082 -9592 -20323
-2408 -523 -150 -28870 -9552 -26678
