1088 56 1 -12639 1042 1063
1054 23 -49 -12893 3975 2663
850 -12 -355 -12855 2770 3282
849 -21 -442 -12737 -207 3106
856 -78 -481 -12102 -3966 2227
960 -154 -519 -10907 -4164 1272
1086 -196 -418 -9895 -1743 924
1137 -294 -520 -9487 789 880
1127 -348 -597 -9768 4958 1015
1279 -310 -825 -10703 8350 2053
1381 -442 -1377 -11409 8847 3116
1555 -497 -2015 -11660 6328 5380
1549 -583 -2886 -12284 2373 6765
1499 -697 -3153 -14043 1086 6409
1715 -1117 -3361 -19798 525 5179
2325 -1428 -3537 -29102 -1302 6058
3278 -2250 -4002 -32768 -4591 8108
3928 -2396 -4170 -32768 -12844 12378
4283 -2574 -4024 -32768 -18081 13402
4355 -2856 -3625 -32768 -21098 10722
4978 -3168 -2826 -32768 -20634 7449
5786 -3383 -2141 -32768 -21480 3391
7256 -3303 -1392 -32768 -24788 1636
8179 -3040 -1091 -32768 -23926 164
8429 -2540 -595 -32768 -12610 -4099
8315 -1676 1933 -32768 -2444 -7792
8064 -1517 2979 -32768 5638 -12392
6228 -1503 6760 -32768 1923 -15031
5955 -2414 7773 -32768 -7019 -17909
6104 -3630 8908 -32768 -6999 -18284
6910 -5237 10761 -31007 283 -16277
7106 -6431 12188 3109 11971 -12059
5645 -7581 11814 32767 16953 -11699
4861 -7737 10667 32767 14610 -15430
5128 -8365 8504 32767 9867 -23979
6008 -9066 6531 32767 2039 -29768
6974 -9841 3824 32767 -2550 -32528
6955 -9802 2750 32767 -6439 -32768
728 -7863 2640 32767 -4675 -32768
5253 -7765 1909 32767 5567 -32768
6522 -8331 478 32767 18789 -32768
6840 -8484 -216 32767 30075 -32768
6156 -7448 -1127 32767 32767 -32768
5735 -7147 -1340 32767 32767 -32768
4618 -6897 -1891 32767 29337 -32768
4404 -6811 -2059 32767 17214 -32768
4672 -6391 -2825 32767 19095 -32768
4661 -6269 -2822 32767 24791 -32768
4324 -5908 -2575 32767 32767 -32768
3878 -5567 -2419 27833 32767 -32768
2829 -5092 -2477 20217 32767 -32768
1866 -4802 -2751 16186 32767 -32768
1418 -4493 -3063 13091 32767 -31506
566 -4015 -3521 12924 32767 -26500
124 -3598 -3312 13159 32676 -23433
-74 -3289 -3084 12824 32530 -18759
-194 -3044 -2888 10878 32767 -13570
-390 -2493 -2566 7550 32767 -8360
-509 -2226 -2506 5156 32767 -5273
-646 -1856 -2543 2164 30434 -1164
-664 -1594 -2582 688 21190 2762
-638 -1250 -2498 645 15118 5351
-416 -1062 -2276 1210 9635 10203
237 -818 -1754 1340 8449 14568
726 -599 -1481 834 9857 22820
1632 100 -1009 -1102 11530 31700
2064 294 -895 -3141 10875 32767
2537 307 -857 -6464 6270 32767
3089 110 -736 -9008 -2228 32767
3562 -102 -513 -9825 -7065 32767
4457 24 -4 -10213 -5887 32767
5435 340 189 -10298 884 32767
5667 475 216 -11055 12102 32767
5858 847 180 -12832 15280 32767
5410 839 -80 -13821 10611 32767
5102 740 -257 -13600 474 27228
4822 615 -256 -12658 -3348 22637
4802 604 149 -11936 -97 16510
4774 546 285 -12532 9916 13039
4393 542 38 -13115 15349 12161
3822 649 -360 -13225 16988 12386
3426 661 -535 -12273 12552 12715
2938 665 -795 -11128 9551 12423
2862 680 -816 -9559 7844 11148
2592 799 -630 -9920 8708 9068
2379 897 -383 -11392 10235 7554
2165 895 -143 -14621 12268 5550
2025 860 -104 -17042 12708 4463
1755 712 -119 -17496 11488 4210
1622 622 -101 -16485 8241 4168
1424 489 55 -14557 5669 3824
1310 449 164 -12665 5115 2952
1172 437 259 -11645 5184 2219
1034 550 241 -10547 4367 1319
950 612 233 -10080 2147 522
848 600 171 -9918 719 -113
819 592 148 -9684 -559 -1123
843 563 129 -9586 -870 -1724
906 377 77 -9563 -813 -2486
921 261 26 -9609 -519 -3215
1080 112 -66 -9704 -145 -3540
1207 21 -40 -9956 419 -3717
1237 59 -6 -10783 954 -4112
1170 85 100 -12342 -124 -4927
1247 46 194 -14342 -1978 -5797
1407 -31 269 -15880 -3287 -6114
1543 -222 337 -17995 -4519 -5929
2088 -555 413 -19334 -6257 -4035
2520 -595 514 -19549 -7824 -1903
2688 -651 584 -18937 -8056 1058
2782 -635 742 -18564 -6181 2089
2709 -616 915 -18981 -1265 1307
2433 -577 955 -20262 3412 -1672
2177 -550 768 -21150 4507 -3857
2010 -582 427 -21822 2505 -5841
1927 -576 172 -21230 -1893 -5730
1929 -674 -92 -20478 -4522 -4747
1986 -724 -120 -19903 -7092 -2123
2134 -851 -153 -20549 -7304 924
2272 -983 -244 -22333 -5877 3505
2334 -1164 -504 -23862 -4862 4802
2387 -1263 -1025 -26100 -4987 6261
2376 -1216 -1121 -28622 -6216 6906
2358 -1275 -1471 -31865 -5660 6791
2447 -1213 -1530 -32768 -3857 6924
2666 -1063 -1558 -32768 958 8242
3147 -932 -1811 -32768 3605 9586
3186 -822 -1956 -32768 1676 11025
3161 -491 -2472 -32768 -8125 10098
3125 -257 -2605 -32768 -18458 6557
4052 161 -1758 -32768 -21660 3889
5113 716 -964 -32768 -19820 1086
5513 1318 -509 -32768 -13700 -733
5842 2132 -6 -32768 -10408 -3068
5664 2543 35 -32768 -10203 -7714
5207 3121 757 -32768 -11978 -11904
4956 3348 2745 -32768 -14508 -18321
5343 3127 5794 -32768 -13091 -21878
5907 2544 7502 -32768 -10176 -21820
6464 910 9251 -32768 -4623 -20462
7242 -1021 10111 -5784 989 -19407
7405 -2163 10746 17672 1224 -20730
7552 -2929 10953 32767 3350 -28188
8201 -3828 10479 32767 7949 -32768
8793 -4621 9717 32767 18222 -32768
9550 -6201 6103 32767 23192 -32768
9229 -6719 4186 32767 25629 -32768
9245 -6016 8894 32767 32767 -32768
6112 -7130 -1242 32767 24403 -32768
6696 -7035 -317 32767 15785 -32768
8091 -7739 -176 32767 27136 -32768
8047 -7844 -1654 32767 32767 -32768
7532 -7549 -3105 32767 32767 -32768
6204 -7018 -4324 32767 32767 -32768
5473 -7114 -4380 32767 32767 -32768
4709 -7305 -4402 32767 30934 -32768
4470 -7115 -4401 32327 28513 -32768
4179 -6794 -3939 25569 32767 -32768
3445 -6462 -3488 20227 32767 -32768
2317 -6501 -3880 13782 32767 -32768
1460 -6162 -4565 11346 32767 -31649
1109 -5951 -4940 11843 32767 -26186
694 -5667 -5099 13335 32767 -18266
-139 -4919 -4770 13315 32767 -13358
-298 -4693 -4534 10691 32767 -6563
-715 -4050 -4031 7160 32767 -720
-799 -3420 -3884 5554 32767 3316
-611 -2915 -3826 4325 32767 10050
-492 -2657 -3758 3602 31167 16684
-283 -2198 -3413 2961 28182 20490
-248 -1891 -3184 2163 23126 24018
-159 -1513 -2728 1148 17865 24794
34 -1217 -2276 131 14792 24408
481 -940 -1823 -1885 10989 24017
1036 -775 -1590 -3149 9001 24264
1462 -657 -1555 -4183 7927 25283
1986 -447 -1481 -4691 9725 27113
2778 59 -1203 -5326 11037 28166
2899 491 -1161 -6519 11322 28252
2898 911 -1042 -8085 7812 25952
3514 1435 -831 -8974 5760 23758
4048 1393 -750 -9707 4932 20843
4619 1265 -785 -8637 4242 18797
5107 1147 -1082 -4640 1393 17119
5003 1114 -1239 694 -1767 14849
4980 1114 -910 3080 -1361 13243
5020 1172 -372 2656 3827 11943
5013 1246 317 -1893 9526 12320
4820 967 400 -5450 10458 13127
4753 878 282 -8684 5386 14470
4459 513 -144 -8521 8 14983
4404 462 -180 -5221 -4334 14501
4195 414 -127 -2259 -1995 13309
3973 516 234 89 5204 11255
3521 728 588 -1924 10537 9645
2771 908 709 -5114 12224 8418
2501 963 685 -10859 10652 5801
1745 909 462 -13909 7190 3729
1355 722 144 -15663 1325 1644
1280 598 46 -14555 -2702 1546
1442 404 260 -13244 -2982 2453
1434 378 427 -11727 -54 4229
1339 395 513 -11435 3314 5196
1053 467 547 -11893 4750 4827
786 441 296 -12702 4650 3042
740 345 103 -12962 2582 1696
761 233 -95 -12343 -904 267
857 63 -310 -10768 -3252 -280
874 21 -312 -9807 -3561 -502
840 44 -193 -9312 -1454 -952
679 26 -111 -9766 734 -1409
561 -20 -197 -10923 2029 -1859
637 -251 -621 -11681 -1722 -1260
747 -326 -783 -11674 -6134 -288
847 -319 -869 -10720 -10645 876
1037 -309 -533 -10290 -10150 1291
1122 -247 -416 -10758 -6625 1348
1190 -119 -144 -12721 -18 869
1150 -50 -145 -14490 3108 346
1266 -53 -433 -16589 4186 142
1411 -281 -907 -16991 1755 570
1558 -481 -1076 -16333 -4761 1757
1936 -706 -955 -15998 -8503 2757
2217 -857 -665 -17276 -10261 3993
2621 -898 -294 -21252 -6274 5345
2814 -1070 -275 -26638 -114 6959
3137 -1523 -499 -30258 2784 8342
3463 -1811 -823 -32768 3398 11213
3755 -2090 -1517 -32768 735 12908
3756 -2069 -1689 -32768 -3937 13629
3818 -2017 -1655 -32768 -7177 12161
4008 -1801 -1548 -32768 -7799 10507
4236 -1672 -1385 -32768 -7128 7941
4962 -1432 -1330 -32768 -6733 6480
5490 -1436 -1317 -32768 -11238 4754
5795 -1358 -1091 -32768 -20997 1753
5983 -1044 -646 -32768 -25499 -3603
6392 -414 150 -32768 -22166 -7418
6658 -40 704 -32768 -10530 -12317
6283 424 2131 -32768 -3859 -15199
5912 518 2603 -32768 -4062 -19717
4765 511 4237 -32768 -15449 -24069
4091 40 6034 -32768 -21128 -26369
4426 -562 7374 -32768 -19141 -26230
6370 -2996 10021 -17030 -9453 -19466
7361 -4208 10806 550 -2759 -13126
7001 -5146 11438 26437 7064 -10864
6158 -5768 10240 32767 10307 -16325
6040 -5926 9616 32767 8054 -29682
7061 -6856 7627 32767 6305 -32768
8817 -7919 5822 32767 10741 -32768
9450 -8548 4461 32767 21294 -32768
9154 -10415 2967 32767 23269 -32768
7599 -9239 131 32767 30172 -32768
7752 -8790 -803 32767 27746 -32768
7759 -9242 -636 32767 22474 -32768
7417 -9086 -1016 32767 23765 -32768
6038 -8280 -2788 32767 31905 -32768
5342 -7752 -3564 32767 32767 -32768
4682 -7261 -3649 32767 32767 -32768
3660 -6745 -3619 32767 32767 -32768
2272 -6064 -3707 28531 32767 -32768
1767 -5728 -3857 22030 30379 -32768
1509 -5247 -3636 18524 28420 -32768
1523 -4888 -3212 14033 31638 -32768
1288 -4436 -2920 10620 32767 -28447
904 -4161 -2912 9254 32767 -23352
488 -3862 -2967 8257 32767 -17033
-101 -3352 -2977 8014 32767 -13626
-520 -2981 -3060 7823 32767 -9721
-950 -2485 -3065 7522 27562 -7673
-950 -1983 -2607 6359 18198 -4967
-782 -1693 -2240 4587 16899 -1981
-416 -1476 -2108 3744 18086 930
-215 -1369 -2210 3382 17724 7274
79 -1113 -2282 3343 15962 12353
326 -933 -2178 2700 12823 19877
762 -581 -1838 675 10936 26414
1254 -136 -1413 -1613 10236 30164
1726 -1 -1266 -5172 8914 32767
2602 -14 -1271 -6912 8101 32767
3211 -68 -1258 -8442 6841 32767
4091 -234 -1138 -9042 5927 32767
4582 -231 -969 -9599 4015 32767
5091 16 -722 -9816 2949 32767
5418 174 -589 -10065 3934 32767
6080 649 -185 -11190 6779 32767
6212 714 -56 -12294 9011 32767
5931 810 -72 -13699 9698 31311
5526 798 -369 -13551 7284 26074
5325 776 -565 -11096 2956 18776
5073 915 -683 -7455 2274 14134
4700 1131 -520 -5892 4084 12665
4334 1213 -356 -6172 7332 11621
3721 1281 -155 -7864 8542 10905
3262 1260 -120 -11044 9111 8759
2608 1144 -180 -12707 8682 6527
2269 977 -227 -13861 7045 3007
1989 737 -223 -13694 5553 1070
1850 614 -151 -13227 5354 1015
1611 585 -18 -12511 6217 2052
1333 647 59 -12167 6921 3036
1223 673 75 -11906 6787 4195
846 719 90 -11838 5570 4027
532 750 115 -11798 5046 3199
424 748 165 -11905 5133 1610
386 668 208 -12049 5248 858
404 648 162 -11722 4270 882
512 626 -73 -10327 1697 2100
546 637 -45 -9193 106 2849
584 673 94 -8430 -392 3101
714 700 353 -8368 903 2386
762 665 352 -9155 2572 857
907 632 202 -9802 3634 -930
1131 535 -13 -10048 3460 -1828
1203 515 -49 -10200 1586 -2185
1392 425 -30 -10516 -836 -1919
1633 362 144 -10990 -1987 -1642
1900 273 373 -12200 -2198 -1398
2077 188 514 -14122 -2058 -1587
2493 -169 557 -15440 -2690 -1811
2703 -417 488 -16557 -4274 -2151
2831 -719 356 -16479 -4303 -2635
2831 -788 330 -15449 -2301 -3525
2745 -837 350 -14806 784 -4013
2609 -768 257 -14843 2613 -3999
2471 -718 116 -15482 3347 -3557
2270 -723 -206 -15998 2238 -3192
2062 -817 -466 -16731 -1337 -2887
2032 -808 -510 -17638 -4100 -2619
2197 -956 -415 -18625 -4631 -2005
2315 -963 -314 -20480 -3618 -327
2458 -1079 -445 -21616 -402 1931
2513 -1130 -684 -21570 1676 3894
2493 -1232 -934 -20949 2760 6721
2304 -1316 -1135 -21153 1615 8628
2295 -1394 -1063 -22181 -292 9489
2348 -1446 -1016 -24682 -2797 10324
2399 -1561 -991 -27370 -4115 10481
2529 -1836 -1244 -28592 -3980 10343
2795 -2153 -1530 -30014 -3338 10639
3002 -2237 -1540 -32560 -2654 11769
3166 -2267 -1383 -32768 -2281 12402
3123 -2174 -1202 -32768 -2552 11948
3026 -1845 -1131 -32768 -2380 9492
3136 -1763 -1324 -32768 -2468 7130
3501 -1736 -1659 -32768 -5666 3898
3830 -1546 -1658 -32768 -9522 2370
4148 -1241 -1458 -32768 -16230 -158
4516 -377 -551 -32768 -20253 -4385
4894 103 -171 -32768 -18891 -7335
5216 560 58 -32768 -13872 -11215
5145 1466 743 -32768 -11483 -13443
4893 1935 1985 -32768 -12808 -16423
4669 2527 5399 -32768 -18388 -20125
4961 2651 8812 -32768 -20255 -23122
5209 2334 9760 -32768 -14148 -27788
6704 537 11190 -32768 -5336 -28882
7923 -1153 11759 5261 3092 -26317
8629 -2926 12711 30962 6399 -26314
8093 -3198 12305 32767 14776 -32768
7818 -3589 10854 32767 19429 -32768
8512 -4568 7740 32767 20493 -32768
9286 -5107 6197 32767 25917 -32768
9320 -5779 4155 32767 32767 -32768
8643 -4932 2900 32767 32767 -32768
7727 -6381 -561 32767 32767 -32768
7948 -6910 -731 32767 32767 -32768
9128 -7254 -2072 32767 32767 -32768
9117 -7254 -2691 32767 32767 -32768
8254 -7500 -4212 32767 32767 -32768
6308 -7417 -4797 32767 32767 -32768
5428 -6952 -4715 32767 32157 -32768
4945 -6439 -4229 31795 30991 -32768
4644 -6330 -3832 23321 32767 -32768
3559 -6366 -3537 17777 32767 -32768
3179 -6406 -3606 11735 32767 -32768
1929 -6160 -3828 10240 32767 -29169
1117 -5803 -4275 11827 32767 -24017
778 -5410 -4349 14437 32767 -15716
105 -4725 -3839 14399 32767 -10544
-23 -4347 -3600 11572 32767 -2808
-144 -3912 -3590 8501 32767 4534
-436 -3350 -3935 7556 32767 8818
-673 -2830 -4112 7253 32412 14055
-637 -2498 -4012 6919 24185 18035
-159 -1973 -3427 5546 17041 20951
119 -1772 -3136 4460 14078 22294
485 -1602 -2862 2995 12472 23520
988 -1511 -2431 1585 13033 23464
1437 -1362 -2082 359 13814 23316
1623 -1190 -1952 -1955 13788 23340
1698 -959 -1815 -3707 11916 23387
1695 -717 -1753 -5894 6716 23329
1900 -294 -1697 -6865 1184 23956
2438 508 -1438 -7035 -1786 24834
2754 1075 -1067 -7081 -932 24495
3373 1306 -931 -7046 2819 23204
3972 1165 -1084 -6307 5948 22150
4614 1023 -1238 -4506 3409 21664
4753 1039 -1280 -2605 1418 20411
4820 1049 -1245 498 748 16994
4833 1165 -958 1402 990 14849
4914 1260 -288 -669 3119 13211
4942 1398 291 -3873 6725 13165
4926 1335 414 -9678 11617 13627
4773 1077 474 -13225 11834 14440
4558 775 106 -12853 9889 15087
4378 624 -70 -9321 6423 15612
4115 586 81 -6618 5229 15399
3940 706 401 -4422 6384 14163
3350 1087 771 -4340 7793 12820
3172 1178 770 -5612 7765 10194
2585 1245 671 -7444 2824 7057
2130 1078 506 -8314 -1441 5056
1887 703 383 -8314 -5792 3069
1867 636 398 -7507 -5577 2736
1775 477 543 -7211 -1851 3673
1560 397 641 -7560 1037 4629
1346 388 603 -8606 3955 5423
1071 408 450 -9384 4702 4895
831 419 251 -10255 4782 2541
595 254 -94 -10451 4308 593
767 56 -544 -9688 2704 -834
953 -144 -704 -8728 380 -331
1002 -223 -662 -8584 -1354 413
1005 -211 -593 -9290 -3278 1204
1005 -167 -472 -10247 -3352 1046
985 -166 -393 -12081 -1262 -397
997 -39 -367 -14047 1623 -2551
1038 -92 -451 -15174 2786 -3840
1037 -186 -601 -15878 2193 -4798
1098 -262 -881 -14646 -1367 -3928
1094 -372 -891 -12580 -3942 -2408
1217 -276 -663 -11851 -3653 -1200
1305 -167 -384 -12394 -645 438
1449 3 -138 -14450 3041 1512
1522 98 -236 -15903 4644 1649
1567 117 -515 -17457 4787 1065
1679 12 -719 -17765 1867 449
1842 -107 -845 -17498 -444 183
2055 -292 -766 -17444 -2164 426
2611 -409 -438 -18014 -1360 1261
2692 -383 -389 -19720 657 2662
2677 -487 -647 -20970 681 3034
2618 -502 -1083 -21270 -1856 3086
3044 -1075 -1604 -22806 -8342 3703
3714 -1378 -1457 -25599 -12099 5248
4654 -1682 -1156 -32298 -13130 8251
5002 -1768 -1194 -32768 -10913 9229
5231 -1775 -1280 -32768 -8674 7959
5379 -1708 -1700 -32768 -10225 3189
5604 -1671 -1658 -32768 -12755 -1131
5894 -1772 -1550 -32768 -20666 -7369
6332 -1826 -1101 -32768 -30421 -11808
6818 -1886 -485 -32768 -32768 -13609
6926 -1811 15 -32768 -29302 -15443
7009 -1704 1525 -32768 -21569 -16147
6368 -1587 2406 -32768 -10662 -17595
5431 -1394 3722 -32768 -13261 -19392
3909 -1471 5758 -32768 -23282 -20895
3236 -1606 7345 -32768 -32768 -23592
3745 -2204 9742 -11712 -32768 -24236
6202 -3108 12022 8440 -16840 -20949
7390 -3744 12768 32767 11600 -13963
6773 -4127 11901 32767 21433 -14002
5882 -4316 10303 32767 23367 -25342
6376 -4918 7837 32767 20820 -32768
8325 -5848 5769 32767 23824 -32768
8673 -7880 2567 32767 28638 -32768
8985 -6556 1225 32767 32767 -32768
8663 -6687 471 32767 32767 -32768
7104 -6623 -1011 32767 32767 -32768
6176 -6284 -1728 32767 32767 -32768
5708 -6011 -2144 32767 29208 -32768
5274 -5754 -2283 32767 27311 -32768
4854 -5470 -2211 32767 27242 -32768
4579 -5272 -2144 31554 31908 -32768
4170 -4959 -2227 27291 32767 -32768
3593 -4550 -2454 22476 32767 -32768
2984 -4311 -2448 18637 32767 -32768
2165 -3954 -2403 16335 32767 -32768
1718 -3551 -2305 12926 32767 -29242
1424 -3260 -2327 10425 32767 -24012
790 -2602 -2176 9141 32767 -20810
671 -2476 -2126 7245 32767 -16529
498 -2166 -2146 5802 32767 -11280
345 -1948 -2113 5073 32096 -7479
205 -1705 -2060 4294 29723 -2357
70 -1436 -2053 3956 25688 1753
87 -1151 -2067 3962 21975 4535
213 -959 -1959 3808 16261 8919
328 -607 -1744 3550 13899 11591
550 -454 -1642 2964 14404 15610
1226 -425 -1652 2080 15150 19126
1523 -458 -1822 293 14420 25409
1730 -482 -2012 -1631 10078 30740
2158 -363 -2031 -3801 3711 32767
2691 -245 -1618 -5659 50 32767
3114 -208 -1275 -9012 -1861 32767
3636 -67 -1124 -11481 1440 32767
4369 -7 -1384 -11904 8194 32767
4751 54 -1487 -11651 10630 32767
5169 115 -1294 -11401 8141 32767
5124 201 -869 -11270 3700 32767
5122 455 -509 -11388 1559 32492
5172 673 48 -12458 527 27442
5344 739 278 -14112 3338 24049
5228 723 153 -14782 6870 22379
4797 666 -92 -14547 11154 19229
3631 558 -512 -13622 11422 16682
3368 581 -523 -11934 8375 13282
2745 674 -269 -11579 4967 11245
2411 840 260 -12615 4450 10534
2249 826 593 -15550 6737 9997
2096 790 704 -17405 8999 10018
1968 772 616 -18835 10164 9982
1565 721 358 -18590 8844 9371
1460 708 311 -16613 5671 7575
1300 722 298 -13535 3051 5641
1177 658 477 -11603 2204 4395
1115 694 633 -9832 2130 2779
986 681 759 -9395 2611 1842
908 662 741 -9333 3517 673
914 661 736 -9768 4340 14
990 593 713 -10193 5454 -32
1048 490 611 -10465 6336 325
1103 375 379 -10167 5501 591
1098 228 172 -9021 2533 199
1178 180 78 -7567 504 -1241
1235 149 67 -6941 838 -2794
1318 165 137 -6854 2173 -4504
1367 183 174 -7831 3867 -6693
1372 199 221 -9026 3780 -7566
1350 148 186 -10924 2107 -8021
1394 78 182 -12329 -464 -7396
1593 -107 347 -13308 -2482 -5774
1729 -237 428 -13887 -3352 -4318
2010 -518 555 -14885 -5790 -1924
1649 -885 214 -18668 -2424 3255
1493 -1028 32 -19965 -1107 2702
1595 -1340 -344 -20941 25 2743
1710 -1627 -760 -22148 1849 4037
1770 -1920 -1160 -23629 2324 6588
2033 -2283 -1798 -25290 1634 8950
2377 -2598 -2249 -30002 253 12471
2770 -2895 -2451 -32768 -158 14065
2917 -2944 -2494 -32768 316 14635
3375 -3047 -2498 -32768 1134 12271
3649 -2913 -2645 -32768 514 9712
4059 -2657 -2820 -32768 -4779 6420
4744 -2210 -3081 -32768 -12109 4882
5255 -1830 -3049 -32768 -27099 2967
6169 -923 -2384 -32768 -32768 532
7150 229 -831 -32768 -32768 -1776
7578 953 428 -32768 -25804 -6500
7770 1828 3453 -32768 -19582 -9649
7665 1929 5280 -32768 -13074 -13775
7536 1634 7166 -32768 -11597 -17747
7566 652 10253 -32768 -11870 -20723
7934 -6974 -3500 32767 26035 -32768
8748 -7756 -2172 32767 11689 -32768
10269 -8133 -1166 32767 32767 -32768
9628 -9421 -3141 32767 32767 -32768
7617 -9561 -4596 32767 32767 -32768
5784 -8701 -4696 32767 32767 -32768
4885 -8176 -4700 32767 32767 -32768
4146 -7872 -4751 32767 32767 -32768
3160 -7539 -4417 31157 32767 -32768
2255 -7553 -4093 25896 32767 -32768
1984 -7659 -3848 19241 32767 -32768
1527 -7493 -3892 16094 32767 -32768
826 -6991 -3967 13852 32767 -25259
592 -6803 -3882 11649 32767 -14380
-152 -5915 -3496 8769 32767 -8123
-918 -4899 -3601 4545 32767 -1438
-1236 -4326 -3788 2630 32767 2770
-1208 -3426 -3780 2486 28438 5329
-827 -3059 -3505 2946 18343 9937
46 -2603 -2928 3237 15843 15544
637 -2169 -2503 3100 17134 19164
820 -1847 -2335 2345 19555 23082
919 -1558 -2142 897 20484 24638
969 -875 -1753 -1539 18774 24069
1045 -648 -1786 -3059 15064 23135
1256 -553 -1864 -4109 7291 22488
2090 -389 -1920 -3702 1502 24343
2802 -65 -1771 -3018 2148 25602
2928 210 -1652 -2712 9027 25119
3088 738 -1261 -3789 13703 23687
3253 947 -1248 -6772 15426 21679
3475 1126 -1330 -9140 9439 20695
4089 1302 -1158 -9977 3281 20132
4227 1348 -1111 -9185 -2719 18498
4679 1464 -1060 -5902 -2008 16196
4979 1331 -811 -3586 1652 14401
5079 1124 -541 -1373 8419 11940
4930 959 -478 -473 12446 9907
4425 936 -450 -354 12517 8877
3964 952 -294 -1986 1927 10934
3947 524 -88 -1356 659 12966
3699 407 -131 139 3270 12577
3241 486 -36 691 5473 11202
3000 596 190 -827 7244 9084
2541 773 653 -3495 6282 8081
2290 788 728 -8371 1778 7141
2062 742 670 -11834 -2599 6468
2004 499 522 -12896 -2666 6105
2010 461 524 -13686 850 5846
1896 251 417 -13965 3313 5982
1746 216 290 -14073 4386 6333
1511 177 185 -14046 2161 5874
1187 152 139 -14204 318 4884
1048 152 196 -14822 -390 2644
820 3 277 -15413 1069 995
779 -15 248 -16079 3908 -693
613 -192 26 -15824 4458 -895
519 -339 -326 -14831 2881 -28
443 -386 -577 -12157 -2186 2031
392 -353 -808 -10138 -5348 3342
423 -238 -717 -8606 -6810 4640
602 13 -355 -9867 -3750 4877
688 72 -135 -13054 1958 3531
687 -15 -234 -15357 4431 2152
738 -92 -478 -17524 3797 543
736 -288 -875 -17578 -1037 44
928 -377 -862 -16977 -3918 612
1120 -394 -703 -16245 -3330 2212
1429 -170 -241 -16537 -225 3340
1441 -202 -169 -18345 5728 4149
1441 -224 -217 -21015 8859 4247
1431 -291 -380 -23415 7587 4508
1450 -398 -600 -24395 5216 4878
1591 -603 -721 -24691 700 6053
1937 -1024 -818 -24289 -2143 7242
2387 -1593 -748 -23821 -4211 9169
2746 -1766 -508 -24965 -3104 11100
2972 -1861 -76 -27838 641 11594
2947 -1882 -67 -30048 2588 11015
3023 -2034 -174 -32768 1122 10184
3571 -2395 -453 -32768 -2275 10473
3781 -2481 -462 -32768 -7332 11958
4552 -2657 -353 -32768 -8140 13230
5071 -2368 47 -32768 -5538 13002
5099 -2178 95 -32768 1957 10734
4664 -1359 -34 -32768 7726 6115
4362 -1040 -382 -32768 6300 2466
4267 -738 -668 -32768 -5705 -1970
5025 -495 -652 -32768 -14686 -3900
5395 -435 -472 -32768 -20702 -5386
6281 -73 109 -32768 -16446 -7563
6228 397 910 -32768 -11023 -10845
5942 521 1353 -32768 -6559 -17893
5572 483 1866 -32768 -8243 -24893
4949 194 3204 -32768 -14549 -29167
4670 -239 5199 -32768 -16526 -29720
5106 -1429 7477 -32768 -12675 -27118
5820 -2557 8919 -32768 -6562 -23029
6676 -4623 10689 -13236 167 -16084
6906 -6239 11580 16885 3470 -13897
6997 -6665 11721 32767 6077 -17485
7745 -8035 10629 32767 11436 -28476
9344 -9493 8178 32767 12820 -32768
9929 -10043 6578 32767 13202 -32768
10140 -10292 5220 32767 16756 -32768
11924 -9945 9289 32767 32767 -32768
8700 -12327 -1870 32767 32767 -32768
10296 -10852 -1422 32767 22587 -32768
10923 -10572 -862 32767 32767 -32768
10464 -11256 -1877 32767 32767 -32768
8813 -11394 -3786 32767 32767 -32768
7617 -10646 -4848 32767 32767 -32768
6337 -9519 -4726 32767 32767 -32768
5262 -8560 -3847 32767 32767 -32768
4033 -8351 -3765 30859 32767 -32768
2788 -8585 -4381 24646 32767 -32768
1969 -8497 -4406 18503 32767 -32768
1238 -8029 -4248 13870 32767 -32768
150 -7171 -3949 11448 32767 -32768
-521 -6538 -3766 8177 32767 -26466
-1413 -5260 -3716 5414 32767 -17249
-1681 -4530 -3857 4376 32767 -10781
-1848 -3812 -4075 3783 32767 -1301
-1978 -2794 -4151 3198 30568 4211
-1796 -2155 -3943 1222 20887 11427
-1305 -1409 -3464 -1707 13643 17623
-816 -1018 -3082 -3774 10527 21334
188 -803 -2604 -5878 9068 26676
1016 -755 -2293 -6418 10343 29858
2048 -885 -2036 -6264 12631 32767
3076 -677 -1597 -6516 11976 32767
3613 -350 -1204 -8108 6978 32767
3975 236 -734 -9213 3459 32767
4071 256 -688 -10171 1143 32767
4403 119 -459 -10647 1486 32767
4522 30 -435 -11604 3472 32767
4801 -47 -242 -13163 4603 32435
4987 165 -10 -13913 4926 32152
5072 488 -78 -13479 4180 32767
5114 689 -248 -10995 2443 32767
4784 824 -405 -8251 2234 31893
4684 799 -337 -7309 2837 29748
4336 835 -77 -8205 4696 25112
4081 845 171 -12070 7897 20003
3894 1014 727 -17699 11656 16451
3719 952 719 -20843 13525 14918
3524 851 437 -21842 14066 13727
3176 688 -204 -19685 13602 13423
2862 620 -475 -14725 13293 12796
2365 635 -399 -11614 13598 11855
1870 892 -39 -11425 14032 11078
1770 947 12 -13328 13811 9530
1519 1055 67 -15286 12994 8362
1384 1059 14 -17994 11834 6433
1255 869 -91 -19410 11021 5326
1236 681 -188 -20444 8313 4355
1179 538 -342 -19319 4137 4016
1084 464 -519 -17519 1362 4050
1099 541 -425 -14546 -1380 4183
1261 653 13 -13410 -1586 4206
1309 673 342 -13845 913 3568
1263 740 651 -16178 4164 1633
1116 641 455 -17508 4973 -328
1006 538 206 -17589 1968 -3503
1041 474 20 -15423 -3451 -5730
1287 415 186 -13866 -5561 -6701
1476 335 482 -13021 -4165 -7943
1666 326 847 -13409 -923 -8588
1654 271 809 -14069 3377 -9030
1545 10 454 -13855 3499 -8930
1433 -261 226 -12984 -241 -8127
1448 -327 279 -12571 -4072 -6497
1786 -623 497 -13098 -5476 -3503
2222 -863 619 -13775 -6220 -1123
2333 -1087 576 -14590 -7152 1074
2362 -1314 544 -14993 -6412 1354
2393 -1422 601 -15994 -2900 904
2447 -1419 711 -17470 2589 561
2133 -1345 535 -18357 6526 541
1737 -1153 330 -19289 9942 951
1588 -1112 219 -19860 9558 1555
1209 -1127 -85 -20256 6245 2076
1078 -1240 -268 -20659 -597 3401
1145 -1576 -616 -20419 -4769 5994
1491 -1841 -841 -20256 -4252 8454
1841 -2048 -846 -21730 372 12352
2062 -2168 -889 -24349 4448 14833
2294 -2240 -1310 -30160 8510 17649
2419 -2360 -1742 -32768 6983 18274
2911 -2690 -2242 -32768 -161 16691
3363 -2701 -2258 -32768 -4120 14749
4458 -2412 -2132 -32768 -4611 11612
5266 -1668 -2205 -32768 -3061 9028
5448 -1406 -2335 -32768 -2130 3296
5823 -629 -2441 -32768 -10864 -3668
6396 540 -1824 -32768 -19700 -7838
7036 1763 -704 -32768 -25529 -13570
7301 2407 325 -32768 -20339 -19067
7603 2764 2288 -32768 -13565 -22168
7168 2410 5402 -32768 -7552 -25898
6881 1893 7832 -32768 -9745 -28163
6859 -473 11605 -32768 -4069 -30224
7506 -2280 13474 -25415 646 -29463
7719 -3392 14312 12955 9639 -27189
7937 -5288 13896 32767 13561 -26492
8063 -6068 12559 32767 14998 -29257
8079 -6481 10307 32767 18109 -32768
8527 -6862 8555 32767 20803 -32768
9540 -7546 5345 32767 22240 -32768
10095 -7923 2532 32767 24558 -32768
7962 -6323 -3589 32767 27965 -32768
8840 -8291 -1250 32767 32767 -32768
9654 -8567 -1396 32767 32767 -32768
9623 -8949 -2175 32767 32767 -32768
8576 -9022 -3205 32767 32767 -32768
6526 -8941 -4070 32767 32381 -32768
6244 -8848 -4096 32767 30556 -32768
5546 -8502 -3921 32767 31427 -32768
4578 -8149 -3786 31695 32767 -32768
3960 -7990 -3747 25181 32767 -32768
2546 -7702 -4001 20348 32767 -32768
1886 -7485 -4333 18628 32767 -32768
1354 -7119 -4617 16848 32767 -32768
655 -6649 -4736 15277 32767 -30422
364 -6273 -4742 12574 32767 -21442
-120 -5679 -4650 11079 32767 -15491
-367 -5213 -4583 9518 32767 -7209
-490 -4581 -4468 7919 32767 816
-528 -3828 -4249 6351 32767 5933
-593 -3197 -4172 4112 32767 12068
-632 -2889 -4244 3544 30394 15713
-489 -2531 -4216 4370 21764 16939
-123 -2394 -4148 7245 10968 17935
990 -2013 -3489 9062 7247 18865
1448 -1594 -2810 9562 8337 20521
1552 -1470 -2579 5652 13492 21922
1978 -978 -2159 1320 17654 23282
2196 -610 -2148 -5026 22458 25542
1953 69 -2747 -7611 21674 26154
1766 196 -3033 -7742 13366 25145
2004 251 -2939 -5721 3171 24165
3092 246 -2194 -4760 -204 24883
3936 293 -1525 -5440 2782 27267
4765 864 -535 -7693 7618 28884
4917 1374 -300 -11271 13211 29083
4786 1539 -459 -11900 12208 25877
4611 1322 -720 -10402 7634 22553
4605 1104 -654 -6722 50 17753
4901 815 -60 -4247 -1961 15718
5079 908 350 -2103 3519 15117
5186 969 714 -2611 15339 16781
5013 1041 818 -4110 20603 18111
4610 1116 623 -6502 19362 18309
3802 1116 249 -7332 12840 16656
3278 908 9 -6618 1118 12324
3238 650 1 -5091 -4024 9440
3311 525 78 -2500 -4275 6778
3273 452 161 -1068 550 6397
2666 585 289 -1250 3233 6786
2452 661 310 -3175 4692 7057
1733 852 361 -6175 3698 6099
1234 957 344 -8359 1166 5229
1132 937 413 -11656 -3776 4438
1255 749 573 -13295 -5221 4369
1322 609 586 -14127 -3562 4439
1367 460 482 -13579 -1088 4393
1279 329 335 -11959 2829 3901
1165 210 185 -10925 4857 3329
1095 189 9 -9960 7257 2499
1056 192 -19 -10313 7162 1635
847 203 -200 -11151 5464 583
756 210 -267 -12949 1165 -1528
768 152 -261 -14762 -1057 -3839
870 -90 -312 -15616 -597 -4945
999 -219 -438 -15754 967 -4964
1204 -433 -709 -14252 1761 -2947
1279 -497 -880 -12776 1540 -1058
1153 -470 -810 -11094 702 1016
943 -220 -637 -10734 567 1501
776 -67 -473 -11809 1197 773
766 69 -207 -14442 3365 -661
820 37 -163 -16426 5247 -1313
1078 -142 -296 -18537 5700 -887
1432 -434 -716 -18545 1388 1354
1522 -508 -860 -17458 -2731 3130
1733 -636 -754 -15481 -6948 4907
1912 -676 -474 -15201 -5239 4970
2191 -860 -125 -16401 -987 4343
2367 -1046 -28 -19840 5286 3748
2358 -1140 -132 -24172 5677 4144
2275 -1405 -640 -26518 1745 4913
2496 -1930 -1172 -28582 -6740 7226
2926 -2319 -1349 -29544 -11765 11609
3749 -2777 -1261 -30700 -10278 15097
4193 -2737 -738 -32768 -2068 19129
4201 -2485 -512 -32768 6257 19210
3894 -2098 -795 -32768 8640 16306
3792 -1997 -1226 -32768 3310 9608
4142 -2022 -1777 -32768 -9607 3915
5038 -2157 -1831 -32768 -20905 1529
6336 -1937 -1086 -32768 -22963 1253
6851 -1531 -369 -32768 -16317 -322
7030 -557 459 -32768 -8516 -3315
6761 67 697 -32768 -1040 -10897
6490 1080 1831 -32768 341 -16488
6467 1260 2229 -32768 2722 -24028
6225 1443 3882 -32768 4303 -30490
5356 931 5225 -32768 2984 -32768
4663 60 5969 -32768 -2955 -32768
3876 -1824 7291 -32768 -7673 -32768
4447 -3995 8804 -16666 -11017 -30781
7066 -7230 11224 4964 -5667 -19354
8136 -8725 12809 32767 13292 -4693
6986 -9239 12052 32767 26103 -8635
5438 -9800 8233 32767 17195 -18570
6065 -10294 5856 32767 -6082 -32768
8367 -10469 4623 32767 -11988 -32768
9464 -10448 4720 32767 1266 -32768
9893 -10946 2560 32767 16986 -32768
9178 -10066 -777 32767 31893 -32768
7577 -11195 -3346 32767 26199 -32768
8002 -9754 -1811 32767 22429 -32768
7966 -9480 -1540 32767 21480 -32768
6532 -9069 -2933 32767 23761 -32768
5714 -8731 -3894 32767 27507 -32768
5044 -8173 -3911 32767 32726 -32768
4311 -7245 -3149 30827 32767 -32768
3779 -6829 -2926 23784 32767 -32768
2935 -6830 -3316 16564 32767 -32768
2208 -6785 -3712 14078 32767 -32768
1652 -6398 -3544 11991 32767 -32768
1288 -5925 -3311 10713 32767 -29929
684 -5204 -3163 10233 32767 -24613
273 -4750 -3203 10002 32767 -17191
-283 -3968 -3169 9873 32767 -12806
-587 -3431 -3058 9604 32767 -7430
-959 -2896 -2990 10039 32347 -3632
-950 -2426 -2902 10578 27855 -1158
-726 -2152 -2722 10641 22383 3450
-257 -1568 -2225 9672 20419 8791
31 -1315 -2077 8720 20661 12509
250 -1046 -1903 6786 22209 18046
592 -581 -1611 4087 23397 23317
897 -146 -1510 2283 22629 26329
1131 -42 -1549 33 17218 29742
1656 -16 -1440 -1287 11449 31181
2160 -76 -1288 -2716 5403 32425
3281 -159 -940 -4379 5270 32767
4347 -43 -432 -7374 7651 32767
4958 172 -155 -9534 8389 32767
5141 284 -57 -11922 6679 32767
5230 330 -87 -12584 3558 32296
5317 218 -177 -12103 2109 29322
5526 257 -388 -10017 2049 26750
5742 308 -671 -8543 2976 26488
5790 442 -622 -8443 3839 27072
5478 883 -124 -11155 4630 26323
5231 1093 159 -13682 6273 24248
4917 1486 267 -16802 9841 19399
4744 1614 -21 -16629 9972 14118
4327 1475 -636 -14202 6976 10857
3968 1367 -922 -8478 1556 6475
3394 1265 -583 -5435 -518 3930
3293 1253 -375 -4533 81 1253
3011 1230 161 -6085 2581 249
2514 1150 274 -9428 7142 -936
2147 1043 83 -11534 10206 -2475
1580 786 -474 -11038 8706 -3669
1165 600 -833 -9887 5713 -3865
956 463 -651 -8757 2271 -3156
924 398 -393 -9359 2508 -1434
754 318 6 -10613 4124 -254
581 317 60 -12838 6539 733
338 318 -33 -14436 7313 562
198 317 -189 -14717 6790 108
172 278 -254 -13758 4582 -322
169 285 -345 -11866 1383 72
220 318 -268 -10571 272 618
257 370 -161 -9600 597 1440
350 376 27 -9875 1322 1956
429 360 163 -11504 2248 2113
485 196 173 -13099 2467 1486
642 65 106 -15377 1829 127
1067 -175 2 -16351 1010 -291
1327 -236 -19 -16023 1614 60
1459 -256 12 -14842 4106 785
1540 -237 92 -14200 5663 1052
1592 -267 199 -14665 6313 1173
1653 -423 282 -16787 3451 1088
1759 -682 311 -18667 -679 1122
1923 -812 297 -20961 -6471 1607
2198 -1032 326 -21701 -8597 2130
2461 -1294 386 -21697 -7753 3184
2515 -1445 457 -21483 -3072 4398
2402 -1695 483 -22051 680 5022
2181 -1850 412 -24460 4654 5627
1842 -1978 118 -28250 4346 6481
1698 -2115 -249 -30917 1866 7508
1708 -2295 -567 -32768 -1749 9079
1781 -2586 -1083 -32768 -1156 10284
2278 -2883 -1671 -32768 1338 11341
2712 -3133 -1875 -32768 5526 13004
3112 -3398 -1821 -32768 7199 13433
3293 -3412 -1648 -32768 4443 12532
3874 -3363 -1853 -32768 -3179 9947
4216 -3239 -1998 -32768 -8429 7125
4781 -3274 -2083 -32768 -12030 2367
5957 -3176 -1835 -32768 -11405 80
6617 -2745 -1512 -32768 -10559 -1540
6981 -1350 -229 -32768 -16611 -3180
6889 -36 862 -32768 -19400 -7682
6884 719 1742 -32768 -17760 -12311
6728 1599 3683 -32768 -15409 -19359
6760 1647 6532 -32768 -16273 -22441
6814 1342 8672 -32768 -18138 -24710
7340 191 11581 -32768 -15355 -26954
8071 -1022 13304 -24784 -7755 -29318
8705 -2402 14724 7568 7564 -32768
8935 -4125 14869 32767 22755 -32768
8160 -5837 11774 32767 29296 -32768
8182 -6174 10694 32767 32548 -32768
8848 -6997 6918 32767 32767 -32768
8945 -7212 4941 32767 32767 -32768
8714 -7470 2802 32767 32767 -32768
6520 -8321 -3391 32767 32767 -32768
8036 -7201 -2165 32767 24412 -32768
8792 -7708 -1558 32767 24266 -32768
9112 -8330 -2788 32767 32767 -32768
8601 -8355 -4027 32767 32767 -32768
7684 -8012 -4719 32767 32767 -32768
6764 -7192 -4544 32767 32767 -32768
5892 -6725 -4712 32767 32767 -32768
5100 -6629 -4855 32767 32767 -32768
4123 -6786 -4804 27017 32767 -32768
3126 -7033 -4467 22959 32767 -32768
2628 -7162 -4136 17447 32767 -32768
2092 -7114 -3840 12739 32767 -32768
1064 -6438 -3710 9703 32767 -27975
670 -6056 -3779 8405 32767 -20422
352 -5610 -3881 6918 32767 -8771
-148 -4757 -4059 6236 32767 -1839
-614 -3928 -4263 5843 32767 6040
-857 -3212 -4323 6240 32767 10278
-668 -3006 -4199 6587 25418 12998
-56 -2650 -3806 6324 21549 14978
327 -2482 -3541 5221 17953 18215
956 -2258 -3049 4061 16612 20855
1411 -1953 -2655 2337 16617 25286
1567 -1519 -2344 642 16676 28952
1659 -1201 -2258 -768 15498 30289
1827 -835 -2093 -1933 14629 29530
2499 -581 -1870 -4256 12134 28159
3005 -272 -1654 -6375 8319 27856
3339 265 -1372 -6957 5734 27218
3680 429 -1190 -6578 4309 27083
4339 416 -956 -5456 4401 27634
5238 331 -834 -3987 6003 29193
5486 428 -861 -2200 6343 29036
5243 550 -882 -1146 5066 26789
4998 713 -795 -282 3294 21320
4848 728 -188 -1621 4263 16912
4995 766 235 -3939 6428 16199
5187 796 637 -8692 10947 18333
5225 795 468 -11569 11881 20823
5028 774 94 -12588 8527 23225
4673 784 -209 -9714 2905 21453
4029 896 -143 -7273 790 17718
3688 979 183 -5890 1515 10466
3361 1053 781 -7087 3210 6392
3062 1032 958 -10552 4512 2563
2391 843 738 -13572 3135 1240
2138 665 390 -14256 303 1495
1862 512 33 -12871 -5487 2731
1615 481 -35 -10945 -9230 4043
1478 565 384 -10829 -8439 4391
1410 672 835 -13018 -3715 4226
1236 665 903 -16891 1296 3063
985 553 659 -19443 2843 1790
895 477 547 -22164 1762 -564
797 119 181 -22819 -712 -1861
907 -185 -82 -21997 -4028 -2642
1064 -395 -80 -20415 -4397 -2225
1163 -372 54 -19738 -2492 -1625
1156 -331 95 -19838 2500 -1024
971 -201 103 -20973 6368 -1679
624 -204 -155 -21762 6698 -2856
542 -201 -457 -22375 3004 -4520
609 -346 -584 -21972 -2542 -5286
717 -437 -744 -20978 -5122 -5228
863 -520 -768 -18892 -5964 -4256
1117 -630 -675 -17556 -4067 -2813
1175 -650 -595 -16929 912 155
1275 -530 -458 -17872 5078 3254
1099 -456 -542 -18968 5990 4484
932 -349 -610 -20887 3488 4483
833 -294 -675 -22698 -1318 3474
1201 -407 -616 -23579 -4120 3213
1573 -566 -560 -24051 -4375 3930
2089 -852 -488 -23926 -2623 5248
2323 -1087 -418 -23664 -969 7882
2474 -1242 -277 -23486 -2333 10484
2306 -1187 216 -23688 -4377 11469
2367 -1198 523 -24764 -6801 11412
2696 -1471 949 -26993 -7265 10271
3230 -1818 1106 -28705 -5821 10007
3877 -2134 1053 -29835 -983 11745
4271 -2372 553 -28036 3483 14210
3791 -2174 121 -26222 2934 15026
3641 -2019 112 -24469 441 14172
3321 -1559 158 -25560 715 11361
3267 -1235 193 -27898 2287 9706
3594 -863 -333 -32215 4962 8944
3915 -706 -859 -32768 4502 9417
4109 -447 -1180 -32768 -2899 10311
4440 63 -1505 -32768 -7149 9477
4831 625 -1484 -32768 -7169 3846
5212 1367 -1285 -32768 -3579 -1025
5326 1921 -1103 -32768 -2734 -9143
5544 2760 -569 -32768 -7391 -13962
5615 2924 -218 -32768 -14029 -19892
5966 2990 1534 -32768 -10523 -24659
6323 2414 4108 -32768 1003 -27723
6348 1609 4960 -32768 10069 -28691
6058 586 5556 -32768 15763 -28797
5070 -2237 6499 -28371 8036 -27971
4453 -3370 7747 -12311 -294 -27767
4395 -4753 9366 9061 -9578 -26726
5924 -7144 10527 23892 -6691 -24148
8024 -9483 10242 32767 7139 -17157
8340 -10343 9083 32767 15930 -13869
7723 -11079 7135 32767 13906 -18415
7297 -11350 5833 32767 3534 -32768
8005 -11531 3448 32767 -3805 -32768
8450 -11594 2948 32767 -3069 -32768
6676 -10901 1690 32767 -8822 -32768
9372 -11912 395 32767 23324 -32768
9062 -12087 -2248 32767 32767 -32768
8276 -11538 -3238 32767 32003 -32768
6298 -10290 -3897 32767 28722 -32768
5274 -9543 -4010 32767 28433 -32768
4439 -8650 -4107 32767 28180 -32768
3758 -7826 -3727 29733 32091 -32768
3444 -7288 -3375 22104 32767 -32768
3127 -7080 -3499 13265 32767 -32768
2098 -6713 -4159 10119 32767 -32768
1326 -6278 -4424 10377 32767 -32768
688 -5807 -4452 11459 32767 -29035
107 -4968 -4220 11512 32767 -25491
-114 -4252 -3795 10433 32767 -19555
-172 -3805 -3552 9474 32767 -13790
-258 -3299 -3552 10108 32459 -10383
-182 -3027 -3663 13122 28192 -5014
-66 -2586 -3622 16067 24824 -11
79 -2078 -3066 16427 23866 2786
159 -1757 -2720 14787 24976 6176
330 -1266 -2535 12182 27027 10442
504 -904 -2720 10253 25232 14045
528 -548 -2839 7473 18199 18714
810 -419 -2647 5771 13197 20758
1278 -297 -2318 2900 7433 23466
1852 -168 -1762 -1676 4935 26490
2710 48 -1014 -5053 4851 28293
3527 8 -858 -8022 6832 30083
3978 -230 -1061 -7326 7980 31583
4474 -400 -1220 -5960 6106 32659
4571 -415 -1101 -4765 1702 32767
4720 145 -637 -6213 1851 32767
4996 602 -118 -8888 3692 32767
5240 1047 19 -13773 5257 32767
5210 1052 -99 -16827 3578 32767
5166 977 -114 -17477 3339 32767
5154 739 -22 -16899 4333 27937
5275 581 -195 -14356 6375 23845
5016 1168 -277 -12366 8471 21859
4683 1592 -280 -10384 12080 19339
4006 1898 -214 -10480 13324 17253
3547 1950 -126 -12640 12372 13078
3106 1873 -71 -15740 8716 8248
2563 1691 44 -17573 6437 5042
2286 1404 147 -19312 5460 938
2055 900 -3 -18932 5833 -381
1831 606 -223 -15780 6010 -32
1463 297 -396 -12875 5356 1398
1312 224 -302 -9437 3547 4530
1070 254 6 -8282 3238 6425
921 367 331 -8516 4662 7995
785 385 427 -10124 7896 7369
700 362 283 -11073 8826 6529
712 222 -36 -11263 5939 5864
774 209 -217 -9493 -47 6445
913 274 -10 -7953 -2719 6865
968 316 114 -6546 -2548 6823
1094 507 527 -6658 207 6155
1122 552 569 -8241 5726 4373
1111 548 503 -10517 8304 1966
941 453 235 -11891 7177 88
1361 -1198 205 -21371 -5000 -833
2068 -1710 209 -23017 -5615 1779
2347 -1857 250 -24327 -3093 6060
2457 -1869 290 -24738 3684 8972
2311 -1714 297 -25112 7984 9588
2156 -1546 307 -26302 10848 8785
1865 -1299 235 -27477 10409 7429
1727 -1146 208 -29806 6251 5328
1761 -1111 203 -31427 2806 4498
1858 -1143 124 -32768 -768 4520
2103 -1371 -130 -32202 -1292 6390
2383 -1508 -189 -31512 855 9443
2518 -1498 -150 -31988 3003 11512
2639 -1445 -167 -32768 6348 13304
2539 -1470 -555 -32768 7902 12115
2780 -1466 -751 -32768 6950 11001
3132 -1481 -967 -32768 4983 9934
7839 3477 1913 -32768 -998 -23769
7446 3615 3529 -32768 3210 -27076
6121 3361 5676 -32768 -6338 -32768
5802 1380 8505 -32768 -16297 -32768
6462 605 9482 -28310 -15509 -32768
9115 -2024 12235 -8094 -4282 -32768
10250 -4221 13443 22575 14608 -28399
9717 -5327 12857 32767 22991 -28512
8741 -5969 11267 32767 24075 -32768
8522 -7026 8766 32767 13902 -32768
9904 -7784 6957 32767 12054 -32768
10624 -8485 4711 32767 22312 -32768
8958 -6723 3981 32767 32767 -32768
9414 -9221 171 32767 32767 -32768
9381 -8702 -1305 32767 29186 -32768
10081 -9101 -663 32767 31816 -32768
9963 -9758 -1136 32767 32767 -32768
8633 -10328 -2826 32767 32767 -32768
7792 -10468 -4330 32767 32767 -32768
6235 -8935 -4620 32767 32767 -32768
5382 -8277 -3943 32767 32767 -32768
4625 -7918 -3598 31035 32767 -32768
3353 -8230 -4014 21632 32767 -32768
2442 -8166 -4535 17707 32767 -32768
2196 -8081 -4691 15224 32767 -32768
1294 -7580 -4720 14439 32767 -31892
1060 -7317 -4562 11759 32767 -22598
312 -6497 -4219 7403 32767 -12680
-331 -5330 -4193 5021 32767 -6561
-755 -4630 -4329 3694 32767 952
-991 -3537 -4410 3919 32767 5413
-1015 -3111 -4252 4453 29107 10897
-686 -2570 -3765 4157 21081 14783
-121 -2221 -3077 3122 17564 16715
299 -2119 -2777 1404 16479 19222
701 -1916 -2573 666 16829 21886
1103 -1447 -2331 703 17503 23274
1190 -1321 -2279 965 18507 24545
1873 -1070 -2145 286 16321 26658
2016 -897 -2126 -695 12475 28440
2257 -436 -2030 -2280 6673 29508
2400 246 -1867 -2991 4156 28472
2592 502 -1747 -3834 4281 24894
3739 448 -1565 -4441 6243 23036
4088 397 -1594 -5009 8049 22898
4870 392 -1603 -5060 7450 23871
4866 884 -1461 -4815 7978 23379
4585 1305 -1253 -4430 9909 20709
4570 1495 -1143 -4655 12060 17715
4583 1445 -896 -5519 12156 16077
4684 1396 -788 -7219 9143 14551
4435 1157 -634 -7985 6085 13534
4328 1094 -602 -7647 3544 11826
4228 1024 -382 -6129 4808 11703
4458 893 -215 -5069 7825 12975
4536 848 -146 -4267 12761 16140
4335 898 -89 -5145 13334 18359
3559 985 -11 -6401 10103 18114
3248 1028 -20 -8070 2168 14104
2525 1058 78 -8826 -2984 10142
2432 962 282 -10066 -7067 5770
2435 822 698 -11813 -6650 4598
2271 651 906 -13095 -3797 5677
1971 575 791 -13101 -2283 7155
1595 529 637 -12141 -2376 9216
1376 502 609 -11389 -5009 10022
1193 499 716 -11460 -6603 9631
1187 468 838 -12645 -6288 7911
1238 295 921 -13936 -3850 6256
1252 231 874 -15999 953 3919
1380 -10 627 -16945 3751 3043
1431 -195 347 -16936 6175 3079
1385 -346 -212 -14963 4818 4039
1145 -364 -429 -13512 2283 4296
971 -260 -381 -12266 -729 3466
854 -105 -119 -12440 -1157 2225
805 -12 55 -13998 1271 -12
754 -13 87 -15920 4155 -1869
655 -174 -248 -16802 4493 -2535
636 -241 -362 -16760 919 -2548
692 -370 -751 -14329 -4838 -1163
803 -441 -860 -11986 -7088 28
933 -369 -599 -9836 -5666 1705
1086 -200 -84 -10039 -1516 2513
1115 -39 138 -12556 5310 2999
1129 114 199 -16165 9207 2671
1116 1 -198 -17935 8975 2202
1168 -202 -573 -18551 4204 2056
1501 -467 -1055 -17626 -66 2856
1774 -559 -1104 -15931 -3529 4719
2116 -660 -798 -16056 -1755 6182
2477 -982 -797 -17182 2129 6582
2563 -1032 -873 -19948 7845 6826
2710 -1168 -1188 -23864 9216 6514
2797 -1317 -1675 -26694 7278 6103
2944 -1468 -1933 -31403 -1153 5707
3255 -1763 -2000 -32768 -10046 6369
4759 -2451 -2099 -32768 -13483 7825
5171 -2575 -2073 -32768 -12965 10017
6090 -2347 -1423 -32768 -5612 8746
6107 -1944 -1114 -32768 -419 4898
5687 -1211 -1208 -32768 -21 -4600
5453 -788 -1464 -32768 -12552 -13987
5782 -533 -1292 -32768 -21659 -18046
6405 -593 -474 -32768 -24459 -20703
7372 -739 1360 -32768 -17354 -21244
6933 -648 3601 -32768 -3245 -23793
5227 -460 5308 -32768 -1581 -28538
4220 -920 5821 -32768 -10969 -30929
3897 -1817 6375 -32768 -25263 -30980
5491 -3497 8878 -19282 -24414 -27796
6998 -4448 10691 8153 -7191 -18931
7791 -5763 11852 30613 11634 -12626
6716 -6054 10458 32767 18561 -15083
5735 -6493 7504 32767 14087 -26239
6521 -6810 5673 32767 4959 -32768
7423 -6935 5026 32767 3941 -32768
7978 -6963 4281 32767 11318 -32768
7842 -7075 2470 32767 19283 -32768
6671 -7185 -129 32767 25369 -32768
6385 -6309 -1356 32767 13537 -32768
6369 -6802 -1165 32767 12261 -32768
6926 -6687 -234 32767 19955 -32768
6729 -7064 -1649 32767 26356 -32768
6356 -6948 -2280 32767 32767 -32768
5843 -6518 -2537 32767 32767 -32768
5325 -6080 -2605 32767 32767 -32768
4548 -5474 -2630 25867 32767 -32768
3489 -5160 -2933 22133 32767 -32768
2868 -5112 -3160 18503 32767 -32768
2371 -4863 -3018 16446 32767 -32768
2164 -4564 -2614 13630 32730 -32768
1962 -4348 -2520 12225 32767 -32768
1823 -4270 -2541 10840 32767 -30012
1198 -3956 -2619 9560 32767 -22921
542 -3589 -2592 8387 32767 -18562
240 -3261 -2619 6666 32767 -12324
-341 -2638 -2835 5787 32767 -6958
-635 -2212 -2900 5477 30425 -2697
-640 -1973 -2866 5436 26655 48
-390 -1663 -2792 5488 22253 5079
-147 -1473 -2666 4831 19650 11438
315 -1008 -2456 3836 18888 16161
424 -930 -2420 1650 18179 23303
834 -723 -2250 -1305 17372 29842
1388 -628 -2208 -3276 16008 32767
1684 -603 -2194 -5590 11118 32767
2255 -628 -2112 -6517 7214 32767
3215 -727 -1650 -8126 2489 32767
3882 -723 -1346 -10279 1758 32767
4887 -719 -933 -11962 3441 32767
5602 -340 -597 -14582 8778 32767
5924 90 -442 -17002 13898 32767
6122 496 -241 -18226 14647 32767
6093 453 -252 -18453 10362 32767
5952 382 -267 -16272 3788 31580
5726 367 -294 -13973 914 25117
5628 410 -235 -11226 449 17903
5467 579 156 -10672 2839 15239
5195 690 344 -11824 8766 13485
4582 813 453 -14227 13091 12700
4093 863 419 -15549 13192 11984
3338 842 289 -16113 10743 10132
2881 806 246 -14951 7656 7597
2250 643 291 -13648 6317 6001
2041 616 367 -11732 6337 4530
1805 590 454 -10878 7177 4111
1443 615 559 -10447 8415 4030
1165 682 595 -10918 8459 3956
754 748 555 -11441 8015 3464
487 728 435 -12049 7512 2171
395 616 310 -12456 6368 981
402 455 88 -12167 5010 615
418 409 15 -10739 2825 788
384 375 18 -9605 1988 950
442 371 234 -8824 1513 1075
553 384 402 -9645 2591 924
639 355 491 -10621 3815 303
666 328 446 -11867 4642 -1055
789 171 231 -12119 3801 -1908
851 34 17 -11411 1269 -3116
931 -95 -16 -10065 -725 -3924
1185 -231 112 -9493 -1411 -3825
1319 -241 316 -10026 96 -3326
1401 -406 541 -11230 1999 -3330
1324 -574 524 -13677 4135 -4007
1145 -736 271 -15451 3372 -4365
1124 -802 192 -17897 -903 -4142
1230 -1047 97 -19865 -5825 -2273
1584 -1339 81 -20704 -7368 176
1891 -1506 219 -21895 -5738 4868
2195 -1637 531 -23873 -406 8619
2168 -1591 731 -26699 5062 9607
1935 -1447 598 -28586 6655 8956
1769 -1357 435 -30577 5178 7004
1717 -1352 325 -31231 1904 5239
1974 -1376 420 -31282 266 5102
2126 -1435 500 -31299 -297 6136
2346 -1529 602 -31385 651 7960
2467 -1610 619 -31311 3435 9366
2468 -1559 588 -31185 5220 9818
2365 -1511 492 -31308 6113 9744
2198 -1493 385 -32066 5135 8927
2179 -1494 232 -32768 3979 8330
2407 -1641 -55 -32768 3408 8015
2534 -1682 -115 -32768 4173 8531
2934 -1690 -321 -32768 7229 10193
3170 -1575 -532 -32768 9132 11189
3259 -1391 -819 -32768 8955 11524
3199 -862 -1505 -32768 3573 9305
3737 -584 -1816 -32768 -889 6805
4458 -388 -1858 -32768 -4263 3225
5168 -4 -1727 -32768 -2298 93
5987 989 -1674 -32768 -864 -2261
6253 1655 -1778 -32768 -3851 -7311
6715 2525 -1674 -32768 -8348 -11585
7259 3283 -725 -32768 -13154 -18820
7640 3575 861 -32768 -10886 -26444
7589 3498 2330 -32768 -7511 -31365
7284 3042 5023 -32768 -6650 -32768
7420 1536 6808 -32768 -7938 -32768
8019 -15 8080 -32768 -4648 -32768
8697 -1835 9933 -11268 3361 -32768
9383 -5209 12802 17478 9095 -32768
9414 -6619 12577 32767 17032 -32768
9664 -8211 10840 32767 24810 -32768
9697 -9237 8834 32767 32767 -32768
9782 -9771 7083 32767 32767 -32768
9872 -10240 3046 32767 32767 -32768
9978 -10326 2185 32767 32767 -32768
9372 -11192 -1480 32767 32767 -32768
8935 -9422 -2613 32767 28395 -32768
9236 -9883 -2148 32767 28725 -32768
9841 -9972 -2866 32767 32767 -32768
9021 -10129 -3816 32767 32767 -32768
7902 -9854 -4753 32767 32767 -32768
6274 -8841 -5387 32767 32767 -32768
5494 -8169 -5098 32767 32767 -32768
4563 -7569 -4517 27466 32767 -32768
3801 -7733 -4267 21154 32767 -32768
3273 -7979 -4318 14305 32767 -32768
2338 -7952 -4546 11591 32767 -32768
1830 -7720 -4837 10432 32767 -26648
-374 -5861 -4677 9814 32767 -6527
-514 -4829 -4300 8869 32767 -1411
-543 -4578 -4242 7608 32767 6191
-467 -3792 -4137 7411 32176 13559
-44 -2863 -4163 8033 29218 18044
73 -2654 -4041 8096 24775 23044
439 -2105 -3674 6767 21225 25315
849 -1648 -3359 5580 18588 25570
1172 -1264 -2865 3541 14332 24925
1354 -1012 -2497 1758 11763 24321
1674 -817 -2085 -1674 7614 24284
2163 -542 -1678 -3869 5842 24684
3159 -60 -1427 -6168 5734 26199
3360 390 -1364 -6921 7855 27122
3417 954 -1277 -6058 9552 25787
3700 1135 -1222 -5057 8172 24379
4061 1139 -1188 -3495 3478 22592
4776 1071 -1005 -2517 1510 21480
4954 1129 -867 -1076 3820 18408
4959 1124 -1006 27 7311 15934
4972 1154 -1096 922 9562 13561
4698 1110 -1050 617 9225 12635
4521 1124 -930 -1381 7723 12269
4264 1286 -311 -5401 6559 12990
4247 1312 64 -8881 6562 13940
4271 1151 428 -13794 7241 15441
4129 968 390 -15906 7311 16213
3873 792 257 -15232 6043 15878
3537 683 95 -11661 2814 14233
3094 598 -37 -7330 724 12451
2801 705 239 -5854 957 11681
2614 844 535 -6753 3757 10922
2188 1005 774 -8916 6034 10170
1668 1047 608 -12564 5870 8454
1317 997 357 -14607 737 6143
1085 728 152 -14988 -3769 4847
1218 617 211 -14611 -8269 4338
1350 505 379 -13814 -7576 4713
1383 432 691 -13317 -1689 4459
1254 410 709 -13204 3179 3708
991 380 562 -13393 7490 2097
789 303 390 -13844 5930 63
589 207 146 -13987 2454 -1141
570 38 -25 -13574 -2616 -2371
739 -102 -116 -12357 -4801 -2373
889 -136 -217 -11220 -3948 -1689
1036 -169 -279 -9979 181 -181
1160 -195 -297 -10307 4327 1169
1055 -265 -397 -11130 5424 1417
948 -250 -489 -12734 3030 825
877 -151 -481 -13816 464 -58
936 -146 -427 -15472 -1590 -1273
1369 -219 -286 -16657 -1081 -801
1846 -405 -252 -16683 794 439
2079 -481 -357 -15220 3858 2790
1982 -435 -415 -13574 5333 3772
1750 -246 -383 -11282 5048 3728
1556 -49 -251 -10376 2810 2052
1458 162 14 -10767 1475 712
1664 140 207 -12483 202 242
2138 -126 331 -13736 422 1117
2468 -527 337 -14951 1801 3529
2458 -757 325 -15252 2970 5170
2400 -842 300 -15639 2575 6661
2218 -1077 284 -16947 -1582 6973
2270 -1454 279 -18481 -4948 6992
2551 -1725 256 -21625 -7379 7781
3128 -2389 -57 -24920 -4728 9754
3470 -2613 -328 -27257 -1182 11471
3460 -2543 -499 -31099 4793 13095
3187 -2445 -985 -32768 9485 12653
2918 -2366 -1863 -32768 8936 11695
2954 -2448 -2556 -32768 1597 10138
3312 -2780 -3181 -32768 -6044 9182
4047 -2724 -2946 -32768 -15576 8785
4933 -2564 -2329 -32768 -15420 8434
5948 -1721 -1339 -32768 -5032 5152
6582 -752 -1217 -32768 1700 750
6868 -223 -1441 -32768 -1392 -8085
6852 86 -1389 -32768 -10281 -14915
6978 -28 142 -32768 -19480 -25032
7045 69 2089 -32768 -18673 -32249
7101 -284 5104 -32768 -14814 -32768
7115 -933 7003 -32768 -11103 -31948
6367 -3424 9974 -32768 -7476 -29803
6195 -4070 11011 -24309 -3556 -26672
6075 -6162 13995 8677 -3332 -22920
6768 -7127 14226 30568 -110 -21236
7205 -8049 13218 32767 12805 -25256
7545 -8881 11794 32767 18202 -31054
8780 -10223 8670 32767 16933 -32768
9554 -10841 6780 32767 17288 -32768
10106 -11290 4473 32767 22026 -32768
7210 -7978 3040 32767 32767 -32768
8916 -11445 -1509 32767 32767 -32768
9434 -10863 -1583 32767 26614 -32768
10249 -11122 -1007 32767 23153 -32768
9385 -11098 -1746 32767 26274 -32768
8001 -10664 -3394 32767 30542 -32768
7211 -10113 -4146 32767 32062 -32768
6513 -9359 -3956 32767 32767 -32768
5040 -8116 -3112 32767 32767 -32768
4360 -7972 -3354 29318 32767 -32768
3267 -7732 -3966 21369 32767 -32768
2215 -7106 -4204 18212 32767 -32768
1922 -6861 -4172 15428 32767 -32768
1242 -6185 -3767 12668 32767 -32768
765 -5510 -3418 10418 32767 -28421
180 -4755 -3519 7682 32767 -20275
-391 -4073 -3869 6262 32767 -13712
-623 -3575 -3941 5472 32767 -9797
-802 -3116 -3815 4370 29942 -5401
-698 -2605 -3458 3627 25794 -2960
-415 -2338 -3093 1898 23546 1794
70 -1799 -2594 -657 24218 8449
375 -1250 -2348 -2369 24425 13304
581 -996 -2400 -3714 22607 20202
832 -498 -2341 -3887 19465 24072
882 -414 -2236 -4345 12714 28212
1355 -119 -1865 -5021 7820 30549
1958 -141 -1667 -6233 2331 32767
3109 -295 -1159 -8404 33 32767
4030 41 -459 -10256 970 32767
4290 244 -207 -13097 6032 32767
4608 461 -127 -15348 13693 32767
5235 993 -286 -16782 13119 32767
5241 989 -407 -16849 7831 32767
5290 1003 -457 -15566 197 32767
5420 853 74 -14677 -693 32767
5471 827 211 -14300 4211 26420
5384 931 455 -14723 9019 21959
5094 985 309 -15231 13543 17482
4656 944 23 -14284 12253 14643
3783 994 -279 -12043 7371 12347
3622 955 -232 -10843 4384 10913
3304 862 99 -10176 3200 9271
3022 839 312 -10305 5110 8465
2766 777 298 -10896 9661 7535
2219 732 175 -11552 11756 7038
2071 727 172 -12790 13189 6235
1658 791 154 -13679 12660 5971
1537 725 154 -14574 9617 5982
1450 674 128 -14465 6407 6109
1238 612 160 -14053 4879 5865
1037 669 295 -13581 3351 4891
881 712 382 -13456 3387 3264
713 808 439 -13453 4207 2125
676 831 395 -13219 5214 939
676 776 276 -12753 4633 643
690 738 125 -11329 2160 682
747 632 18 -10176 -171 586
861 585 84 -8729 -2465 -130
1131 484 247 -8279 -2533 -949
1355 412 341 -8467 -564 -2069
1507 396 346 -9145 2898 -3156
1533 318 250 -9651 4441 -4245
1648 157 109 -10264 4225 -5683
1663 107 -31 -10270 2323 -6295
1620 31 -82 -10247 -2232 -6802
1683 -133 104 -10728 -4703 -6740
1894 -283 452 -12538 -5330 -5574
2088 -415 667 -15475 -2820 -3392
2249 -644 812 -17628 -714 -1982
2197 -785 757 -20276 937 -939
2018 -990 355 -21263 -524 -997
1879 -1031 228 -21198 -2444 -1511
1904 -1168 268 -20862 -4010 -1977
2086 -1145 346 -20742 -3080 -1320
2191 -1102 457 -21083 599 597
2053 -954 485 -22186 3522 1784
1829 -873 420 -23175 3913 1654
1511 -908 161 -24205 2470 987
1404 -972 -28 -25604 -2508 36
1473 -1207 -296 -26726 -6658 364
1684 -1359 -360 -27627 -7350 1687
2086 -1494 -378 -29473 -4132 4816
2431 -1733 -651 -31098 -174 7114
2410 -1795 -845 -32768 5418 9728
2305 -1758 -1068 -32768 7661 10286
2178 -1855 -1497 -32768 5669 9666
2381 -2008 -1982 -32768 -1162 8730
2675 -2042 -2190 -32768 -6741 8779
3374 -2106 -2357 -32768 -6474 9355
3992 -2020 -2297 -32768 -2669 10785
4624 -1523 -2402 -32768 -1910 11188
4874 -1139 -2572 -32768 -9284 9215
5132 -394 -2557 -32768 -18859 6109
5555 84 -2166 -32768 -30858 488
6595 793 -1048 -32768 -31812 -2849
7331 1160 -98 -32768 -23991 -6524
8169 1477 1415 -32768 -14909 -9572
7893 1726 3475 -32768 -13699 -12755
7381 1786 5216 -32768 -21052 -19034
7439 1089 7973 -32768 -24735 -23270
8368 -10 10036 -32768 -15051 -28452
10397 -2217 13215 -7558 7358 -31259
10899 -4430 13769 17402 20037 -32768
10329 -5523 12662 32767 29292 -32768
9487 -6306 10414 32767 31693 -32768
9627 -7071 7534 32767 32767 -32768
9900 -7725 5821 32767 32767 -32768
9606 -8315 3860 32767 32767 -32768
7909 -8080 -811 32767 32767 -32768
7225 -7678 -2133 32767 32767 -32768
7841 -8051 -1029 32767 32767 -32768
8269 -8113 -1816 32767 32767 -32768
7977 -8163 -2471 32767 32767 -32768
6787 -8466 -4230 32767 32767 -32768
6085 -8069 -4770 32767 30034 -32768
5505 -7007 -3995 32767 25776 -32768
4866 -6466 -3256 31855 29111 -32768
3902 -6208 -2835 20582 32767 -32768
3170 -6451 -3058 13162 32767 -32768
2488 -6578 -3234 10303 32767 -32768
1789 -6400 -3370 8587 32767 -30349
1125 -6138 -3550 8618 32767 -25980
437 -5706 -3356 8408 32767 -19230
-22 -5039 -3179 7377 32767 -10474
-188 -4539 -3204 6769 32767 -3679
-293 -4063 -3321 6916 32767 5988
-415 -3080 -3435 7971 29577 13135
-321 -2644 -3399 8653 27336 16395
-102 -2283 -3252 8582 23843 19629
283 -1832 -2925 6874 20400 21049
490 -1495 -2681 5365 18389 20904
766 -1252 -2530 3451 15763 20105
983 -1180 -2409 2003 13344 19797
1771 -884 -2021 962 12031 20657
1969 -756 -1939 -837 11980 23150
2451 -251 -1650 -2706 12240 25905
2585 694 -1636 -3226 11747 26820
2515 854 -1624 -2443 10375 25676
2616 1233 -1475 -1148 8402 23146
3185 1298 -1138 -642 6928 21710
3733 1199 -986 -560 6574 20484
4515 1009 -897 -781 6712 20111
4490 1051 -1063 -85 6167 18807
4299 1054 -1180 1799 5273 15996
4125 1033 -952 2653 4971 14315
4462 981 -403 2101 7224 14058
4635 952 49 604 11395 15082
4628 947 148 -2769 18006 16823
4497 818 268 -6741 19554 17986
4207 658 168 -9770 14995 18292
4005 401 85 -10350 9855 17929
3861 281 -98 -8198 2872 16996
3717 308 -124 -3918 1056 15387
3440 563 115 -1617 2459 14040
3196 705 415 -1178 4998 11750
2777 868 724 -2806 5889 10241
2393 924 789 -6691 4627 7904
1731 1087 662 -9378 2745 6456
1616 1067 637 -12764 385 4667
1377 777 494 -14295 -565 3837
1374 667 421 -14940 -949 3326
1365 341 149 -13574 -390 3340
1257 229 50 -12023 429 3085
1136 196 -6 -10503 1420 2540
974 227 47 -9338 2024 1471
873 330 166 -10141 1280 211
819 381 129 -11349 844 -804
799 356 72 -13050 588 -2315
864 149 -259 -13755 461 -3106
869 87 -336 -13955 320 -3894
1045 -146 -513 -13672 650 -3863
1152 -224 -521 -13566 1058 -3437
1154 -218 -559 -13247 1552 -2831
1038 -217 -633 -12957 992 -2667
966 -183 -667 -12176 -692 -2590
977 -31 -607 -11556 -1697 -2405
1077 -28 -442 -11757 -1401 -2267
1170 -25 -334 -12879 654 -2138
1304 -90 -398 -14176 2707 -1902
1383 -108 -544 -14810 2747 -1399
1448 -162 -750 -15060 1024 -241
1614 -237 -801 -14741 -1108 1596
1890 -320 -717 -14465 -1527 2975
2044 -486 -583 -14834 -722 4670
2181 -674 -320 -17175 -618 5392
2174 -893 -108 -19850 -1642 5188
2314 -1152 -240 -24308 -5606 4777
2522 -1578 -358 -28174 -10694 5564
3273 -2380 -677 -29621 -12481 7733
3797 -2830 -926 -30016 -10818 12776
4134 -3028 -1002 -30456 -7108 15787
4050 -2942 -899 -32768 -814 17302
3692 -2625 -602 -32768 2387 14367
3454 -2440 -773 -32768 1472 10884
3875 -2609 -1277 -32768 -4967 6412
4350 -2805 -1471 -32768 -13142 4746
5579 -2977 -1574 -32768 -17162 5596
6248 -2898 -1364 -32768 -20997 6825
6538 -2123 -875 -32768 -21797 5523
6411 -1440 -633 -32768 -21448 -1279
6219 -251 80 -32768 -18920 -11448
6226 918 1967 -32768 -17493 -17703
6265 1023 2702 -32768 -19075 -23170
6075 841 5569 -32768 -18703 -25129
5759 -368 7760 -32768 -16627 -26012
5787 -1553 9777 -32768 -7102 -25851
6508 -3889 12945 -23513 66 -21020
7111 -5485 13954 -814 3745 -16411
7831 -6759 13977 32767 10853 -13493
7904 -8195 11980 32767 18372 -18678
8025 -8505 11243 32767 22963 -32189
9296 -9866 8489 32767 20554 -32768
10358 -10666 6744 32767 19929 -32768
11055 -11265 4430 32767 23806 -32768
9740 -10659 4672 32767 32767 -32768
7258 -12457 -4107 32767 28871 -32768
9345 -11167 -904 32767 11052 -32768
10021 -10904 -222 32767 16285 -32768
9076 -10888 -1792 32767 29914 -32768
7842 -10530 -3477 32767 32767 -32768
6272 -9471 -4508 32767 32767 -32768
5533 -8627 -4259 32767 32767 -32768
4364 -7793 -3750 32767 32767 -32768
3286 -7395 -3765 28021 32767 -32768
2622 -7198 -3961 20608 32767 -32768
1886 -6789 -3871 16981 32767 -32768
1586 -6435 -3610 12391 32767 -32768
1088 -5830 -3246 8511 32767 -30274
552 -5193 -3187 6686 32767 -24701
46 -4648 -3511 5290 32767 -17092
-245 -4124 -3589 4517 32767 -12212
-738 -3383 -3403 3541 32767 -6516
-784 -2720 -2984 3132 26309 -2336
-733 -2553 -2831 2900 24246 517
-316 -2071 -2386 2102 22998 6144
95 -1577 -1992 1448 22855 10382
399 -1124 -1891 1085 23307 16625
696 -854 -1755 532 21549 23251
1053 -372 -1524 -176 18820 27403
1330 -40 -1323 -1594 12464 32185
1966 76 -1143 -3136 4832 32767
2596 105 -1009 -3792 668 32767
3538 126 -779 -4180 -1319 32767
4126 64 -604 -5023 1274 32767
4986 285 -257 -6445 4727 32767
5360 372 6 -10442 10410 32767
5600 486 247 -13956 12397 32767
5515 720 117 -18465 10612 32767
5358 776 -81 -19900 5580 32767
5209 852 -95 -19582 3106 32332
5115 861 53 -18485 4103 26295
5163 931 175 -17542 7178 22761
5082 1005 38 -15572 11771 18587
4641 1138 -407 -13275 11875 15120
4010 1268 -635 -12314 8823 12708
3635 1308 -622 -12427 3434 8829
3344 1264 -375 -14484 677 5626
3026 1075 -6 -16541 819 3797
2922 1013 20 -19101 4259 1308
2432 721 -172 -19653 7032 -67
2266 553 -331 -18607 8547 -924
2137 386 -457 -15963 5891 -25
2009 318 -415 -14089 3200 1226
1872 318 -249 -12238 873 2368
1615 363 108 -11935 1481 2120
1423 437 260 -12643 5168 629
1129 512 373 -13503 7813 -786
940 499 343 -14570 10009 -2811
648 507 79 -14158 7561 -4093
427 422 -215 -13000 2917 -4385
444 311 -284 -10450 -4482 -4120
671 267 -23 -8938 -7345 -3533
763 237 107 -7839 -6844 -2684
991 237 538 -7979 -3689 -2469
975 249 591 -9163 2523 -3135
871 333 552 -10212 5685 -4110
913 282 397 -11561 6608 -5318
969 264 217 -12151 2899 -5919
1019 -30 -70 -11926 -236 -6254
1299 -195 -146 -11050 -3123 -6085
1474 -303 -39 -10767 -2229 -5183
1687 -274 274 -11249 62 -4270
1732 -242 395 -13156 3734 -2824
1762 -159 546 -15179 4767 -1986
1762 -148 548 -18692 3543 -1120
1819 -355 419 -20657 1454 -890
1984 -677 305 -22117 -3311 -149
2307 -946 162 -21479 -6071 1338
2435 -1090 474 -20854 -5339 2156
2433 -1051 611 -20954 -143 2672
2278 -850 827 -21788 4321 2639
2111 -732 722 -23574 7755 2202
1869 -647 398 -24658 7282 1758
1791 -689 153 -25495 2281 1372
1807 -759 -34 -25318 -6163 1590
1851 -851 -89 -24642 -10265 1957
1969 -839 -29 -23307 -11622 2648
2066 -794 -35 -22405 -6523 3767
2184 -799 -53 -22687 -2158 5015
2411 -708 -235 -24215 3214 7380
2195 -515 -728 -25903 4947 8453
2033 -574 -1093 -28893 2436 8669
2125 -635 -1331 -32768 -6004 8210
2531 -678 -1531 -32768 -10573 8122
3087 -580 -1620 -32768 -11657 8429
3531 -448 -1771 -32768 -6891 9246
3985 -79 -2102 -32768 -2166 9498
4079 214 -2160 -32768 2194 8096
4055 790 -2107 -32768 -304 5739
4088 982 -2116 -32768 -12103 813
4737 1690 -1906 -32768 -21017 -1965
5458 2219 -1612 -32768 -24717 -5064
6420 3274 -638 -32768 -12522 -8629
6723 3925 360 -32768 -1053 -12066
6511 4110 1078 -32768 3760 -18433
5473 4204 2209 -32768 -2340 -23449
4876 3809 3487 -32768 -17461 -30378
4837 2732 5439 -32768 -22026 -32768
5337 1788 6480 -32768 -19627 -32768
6924 -943 9269 -24159 -18005 -29349
7762 -2109 10803 2966 -18122 -21627
8812 -3528 12341 28558 -12400 -18901
9095 -3974 12229 32767 8267 -28730
9074 -4626 11131 32767 18568 -32768
9278 -5875 8564 32767 18523 -32768
10083 -7092 5539 32767 15055 -32768
10160 -7263 4977 32767 23133 -32768
9412 -7102 1765 32767 32767 -32768
8688 -9156 -158 32767 32767 -32768
9347 -9394 -2011 32767 32767 -32768
9408 -9150 -2069 32767 32767 -32768
8599 -9481 -3297 32767 32767 -32768
8333 -9595 -3771 32767 32767 -32768
7268 -9090 -4971 32767 32767 -32768
6522 -8128 -4466 32767 32767 -32768
6175 -7847 -4226 32767 32767 -32768
4252 -7334 -4264 26894 32767 -32768
3228 -7335 -4716 22722 32767 -32768
2029 -6914 -4744 18691 32767 -32768
1448 -6596 -4363 14725 32767 -32768
1042 -6517 -3961 11910 32767 -32768
696 -5952 -3424 8055 32767 -24357
57 -5454 -3342 6289 32767 -17798
-346 -5054 -3489 5418 32767 -8885
-668 -4404 -3755 5841 32767 -868
-922 -3802 -3800 6103 32767 3352
-991 -3214 -3585 5781 32414 8132
-796 -2719 -3248 4306 26946 11830
-523 -2489 -3031 2926 23682 14221
-191 -2242 -2892 1139 19133 18078
569 -1715 -2773 492 16617 20856
848 -1458 -2646 -121 14840 24525
1229 -1069 -2323 -1209 15244 26939
1586 -573 -1993 -2806 15700 28334
1590 -243 -1789 -4073 15315 28036
1598 26 -1621 -5838 13813 26015
1948 229 -1385 -6967 11896 24652
2543 416 -1288 -8449 8032 24727
3490 452 -1203 -9156 5247 26305
4274 843 -1093 -8257 4993 27149
4365 993 -1019 -6783 5873 26307
4453 1092 -1049 -3536 8406 23072
4463 1114 -1015 -391 10393 18245
4361 1043 -863 881 9592 15045
4557 1018 -646 541 4363 12523
4747 1029 -385 -2169 -336 12664
4663 1085 -56 -5451 591 13034
4440 1083 53 -7183 3442 13041
4372 1011 89 -8866 7260 13264
4354 1000 77 -9303 9309 13602
4207 975 112 -9465 11056 13439
3832 1019 220 -9378 10674 12800
3535 1087 293 -9055 6757 11188
2984 1086 409 -8651 3281 9846
2909 1064 438 -7907 -532 8225
2710 857 565 -7537 -1981 7395
2552 536 703 -7565 -1806 7345
2448 470 820 -8055 236 7839
2035 404 973 -8764 1499 8111
1931 408 967 -10101 1144 8204
1682 404 878 -11041 -396 7948
1576 354 815 -11516 -1347 7649
1565 370 827 -12271 -1671 6976
1518 330 839 -12825 -525 6300
1431 295 795 -13704 2965 4863
1251 231 629 -14415 7514 3212
1108 167 472 -14769 9811 2170
918 51 279 -14921 10285 830
725 -46 -120 -14580 8406 358
666 -84 -360 -13597 3346 378
695 -89 -382 -12626 -681 893
843 -90 -252 -12241 -1215 1283
888 -116 -236 -12177 376 1718
953 -170 -310 -12341 1747 1824
950 -135 -428 -12855 3133 1744
951 -144 -547 -13308 3909 1586
1018 -151 -640 -13705 3858 1672
1076 -78 -640 -14570 3132 2059
1102 -83 -630 -15306 2623 2108
1120 -116 -646 -16403 2193 1876
1238 -106 -646 -17244 1488 1980
1479 -168 -717 -17442 1267 2425
1721 -378 -781 -17641 1881 3339
1856 -455 -784 -18255 1955 4207
2061 -671 -755 -18979 978 4644
2219 -770 -614 -21027 -2001 5220
2467 -904 -520 -23808 -3043 5395
2570 -1159 -650 -25588 -1694 4901
2802 -1447 -983 -27755 2000 4174
2977 -1576 -1249 -29625 2069 4835
2982 -1787 -1531 -31071 -2161 5874
3151 -1982 -1683 -32768 -11842 7838
3795 -2646 -1359 -32768 -17814 8557
4493 -2784 -949 -32768 -16880 8111
4690 -2812 -825 -32768 -9715 5442
4942 -2690 -716 -32768 -3451 212
4856 -2418 -973 -32768 -3998 -3797
4872 -2369 -1218 -32768 -11786 -8584
5248 -2470 -1054 -32768 -18693 -10293
5882 -2242 -238 -32768 -22475 -11207
6474 -1986 757 -32768 -14637 -12272
6629 -1814 1347 -32768 -6795 -13954
6140 -1572 2162 -32768 1373 -18586
5117 -1426 3226 -32768 1895 -22777
4782 -1430 3652 -32768 -2481 -28611
4062 -1892 6052 -32768 -6942 -30573
4134 -2163 6661 -32768 -11582 -28842
4604 -3532 8285 -24842 -9108 -22966
5251 -4637 9802 -4878 -4910 -18384
5402 -5134 10410 25747 2006 -14467
5615 -5752 10053 32767 8083 -15851
5687 -5954 9568 32767 16037 -22669
6414 -6539 7648 32767 16603 -29183
7355 -7155 5502 32767 15790 -32768
7677 -7391 3399 32767 16405 -32768
7763 -7441 2263 32767 17413 -32768
6162 -4757 -451 32767 27148 -32768
6959 -7856 -1240 32767 31854 -32768
8212 -7099 -990 32767 32647 -32768
8730 -7391 -877 32767 32767 -32768
7843 -7352 -1947 32767 32767 -32768
7037 -7318 -2727 32767 32767 -32768
5822 -6765 -3294 32767 32767 -32768
5444 -6322 -3158 32767 32767 -32768
5055 -5975 -2938 32767 32767 -32768
4342 -5671 -2834 32767 32767 -32768
3853 -5652 -2878 27346 32767 -32768
3182 -5548 -2976 22161 32767 -32768
1951 -5077 -3322 19813 32767 -32768
1569 -4849 -3307 16935 32767 -30407
568 -4235 -3106 14427 32767 -24929
-36 -3595 -2658 11915 32767 -19766
-150 -3189 -2365 10124 31585 -16057
-160 -3074 -2279 7479 31597 -10448
-137 -2631 -2023 5834 32741 -6871
-90 -2565 -2048 4200 32767 -1219
-3 -2309 -2209 3984 30154 4989
-27 -1887 -2325 4464 26476 9110
12 -1596 -2252 5321 21492 14977
314 -1032 -2004 5460 19571 20527
677 -811 -1837 4761 19145 24268
820 -755 -1797 2470 18722 30129
1260 -714 -1691 -839 17031 32767
1788 -749 -1649 -3021 14530 32767
2178 -761 -1553 -6348 8402 32767
2987 -653 -1148 -10139 3140 32767
3819 -426 -643 -12561 2974 32767
4445 -201 -342 -15711 7503 32767
5557 50 -39 -18126 12858 32767
6420 -322 -187 -18765 11725 32767
6698 -491 -363 -16213 4350 32767
6636 -554 -438 -13329 924 32767
6706 -204 114 -10210 2372 28345
6527 298 508 -9935 10670 20863
6079 506 419 -10591 15861 17139
5521 711 175 -11476 17784 12958
4361 913 -199 -11870 13545 9646
3679 905 -258 -11725 6670 6785
3209 836 -302 -10865 2168 4515
2965 786 -283 -10060 1847 3381
2744 734 -201 -9399 4323 2283
2252 738 -48 -9507 6810 1865
2114 739 -23 -10428 10109 1365
1679 750 -1 -11901 11777 812
1234 727 -76 -12916 11419 180
911 555 -196 -14077 8802 -954
775 433 -232 -14636 5746 -1878
691 379 -193 -14943 4528 -2203
554 363 51 -15409 4195 -2468
425 381 399 -16497 5314 -2688
366 366 448 -17295 8582 -2695
307 361 441 -17295 12163 -2537
212 220 230 -16874 12429 -2356
215 97 55 -15320 7021 -1451
308 123 -176 -12709 -607 -480
439 113 62 -11287 -3577 -532
628 157 422 -10776 -2204 -1711
896 233 833 -11502 2336 -2906
1010 166 886 -13305 9711 -4779
1106 -51 502 -14246 11696 -5569
1127 -223 159 -14066 9117 -5707
1201 -330 -13 -12486 2519 -4823
1328 -321 127 -11618 -746 -3991
1588 -211 633 -12069 -1364 -2485
1826 -146 1104 -14970 1774 -996
1985 -210 1239 -17715 3779 -67
2226 -511 1069 -21291 3914 1219
2354 -880 728 -22450 1891 1824
2455 -1131 515 -22010 -647 2216
2538 -1426 395 -20211 -394 2010
2510 -1399 410 -19171 2683 1352
2345 -1289 472 -19709 4790 803
2078 -1282 300 -22198 7186 -136
1917 -1325 98 -24481 8158 -631
1768 -1531 -499 -27784 7243 -688
1782 -1910 -1101 -29908 1835 531
1895 -2251 -1750 -31145 -3095 1993
1987 -2345 -1936 -32768 -8085 3868
7397 578 -122 -32768 -25112 -6763
7671 1023 846 -32768 -22765 -10334
7877 1390 1985 -32768 -17201 -16391
7901 1574 4152 -32768 -13364 -20556
7521 1484 5803 -32768 -12864 -26145
7044 430 8539 -32768 -13431 -30267
7569 -411 10065 -32768 -9360 -31961
8806 -2104 12345 -12936 3508 -32768
9443 -3507 12852 22507 15357 -32768
9449 -4934 11945 32767 22088 -32768
8690 -5322 10787 32767 30996 -32768
8074 -5818 8535 32767 32767 -32768
8373 -6130 7083 32767 32767 -32768
9283 -6850 4543 32767 32767 -32768
9889 -9484 1970 32767 32767 -32768
8684 -6414 -1020 32767 32767 -32768
9742 -7919 -1214 32767 32767 -32768
9646 -8497 -2083 32767 32767 -32768
8602 -8610 -3121 32767 26878 -32768
8036 -8450 -3869 32767 31595 -32768
7489 -8143 -4270 32767 32767 -32768
6526 -7387 -4078 32767 32767 -32768
5357 -6889 -4091 32767 32767 -32768
4045 -6518 -4093 24742 32767 -32768
3316 -6559 -4093 20321 32767 -32768
2832 -6655 -4070 15201 32767 -32768
2155 -6614 -4043 12272 32767 -27942
1368 -6247 -3997 11551 32767 -23722
772 -5953 -3861 10817 32767 -18132
-58 -5162 -3521 9413 32767 -11940
-234 -4602 -3498 8430 32767 -7011
-193 -4131 -3571 7159 32767 1528
-407 -3446 -3757 6652 32767 6669
-483 -3035 -3862 6787 31692 12143
-377 -2500 -3773 7475 24711 15512
-78 -2125 -3473 7710 21334 16976
243 -1965 -3172 6918 17724 18835
589 -1778 -2860 4719 16547 20797
1127 -1558 -2521 2826 16380 22430
1596 -1434 -2295 -433 15223 26040
2544 -868 -2109 -2183 14230 28776
2693 -675 -2070 -3503 12103 31579
3006 -127 -1977 -3127 9155 31309
3101 399 -1490 -2390 8934 29076
3426 624 -1240 -1270 11099 24906
3834 600 -1077 -917 11032 22162
4811 649 -719 -1545 8784 22012
4961 653 -647 -3007 4209 22672
4902 914 -682 -3569 2625 22329
4850 1035 -686 -3371 4620 19903
4554 1144 -659 -2773 9342 15745
4423 1131 -578 -2626 11681 12995
4185 1165 -498 -2877 13334 9894
3827 1236 -184 -3575 13207 9063
3901 1215 168 -6337 10442 10351
4055 1197 468 -10426 6135 13693
3941 910 695 -12578 3547 15317
3848 800 669 -13290 -1281 15585
3573 566 492 -11727 -4430 14588
3299 524 532 -7661 -6482 12201
3267 574 638 -4583 -3896 9874
3024 767 1191 -4341 -573 8775
2719 898 1339 -6720 4474 7450
2300 985 1309 -10968 6068 5914
1847 1036 1125 -13766 3245 4744
1185 862 577 -16216 -3629 3451
1083 577 353 -16511 -7232 3215
1109 464 345 -15708 -8313 3888
1323 81 396 -14966 -6736 4878
1354 33 378 -14053 -2274 6229
1471 -317 224 -13876 2155 6690
1408 -490 170 -14455 3870 6247
1339 -434 148 -16350 4255 4727
1106 -395 73 -17966 3685 2998
929 -452 34 -20449 2616 -212
692 -902 -253 -21501 2426 -2303
661 -1218 -753 -20969 3932 -3709
607 -1665 -1626 -18748 5984 -2818
666 -2257 -2538 -17399 6706 -764
654 -2571 -3247 -17637 4403 3644
534 -2704 -3751 -19803 835 6211
359 -2827 -4569 -26252 -5570 8090
491 -2918 -5139 -32768 -10052 8682
1219 -2666 -5136 -32768 -11206 9797
1712 -2239 -4985 -32768 -10577 12208
2429 -1463 -4981 -32768 -12941 13585
2941 -549 -5359 -32768 -18895 12840
3208 -341 -5388 -32768 -32768 10093
4482 -145 -4726 -32768 -32768 7271
6416 480 -2585 -32768 -32768 6460
7687 737 -707 -32768 -32768 4094
8619 784 1626 -32768 -11260 -3421
8700 472 2253 -32768 1118 -9906
7993 -1384 2774 -32768 2794 -16360
8347 -2446 4375 -32768 -5110 -13523
9246 -4563 9150 -32768 -5784 -10339
9724 -6132 12599 -23072 5671 -9951
8286 -6958 12057 11179 16072 -16427
7495 -7310 10833 32767 8605 -21950
8695 -7567 9734 32767 -4037 -27797
10343 -7688 9459 32767 -1960 -31030
10045 -7853 8379 32767 5726 -32768
9032 -7957 6429 32767 4170 -32768
8149 -8512 3057 32767 3045 -32768
6082 -6742 1136 32767 10560 -32768
7021 -9615 -9 32767 19895 -32768
7698 -9458 -470 32767 28837 -32768
7099 -8984 -1061 32767 31405 -32768
6533 -8771 -1510 32767 31885 -32768
5059 -7750 -2713 32767 28259 -32768
4399 -6988 -2806 32767 25290 -32768
4047 -6347 -2286 32767 26393 -32768
3657 -6144 -2246 28746 32767 -32768
2818 -5879 -2761 25489 32767 -32768
2169 -5489 -3079 22050 32767 -32768
1258 -4711 -3181 19066 32767 -28448
822 -4214 -3223 17232 32767 -24745
576 -3783 -3384 15090 32767 -20236
387 -3388 -3504 13737 32767 -17244
400 -2946 -3155 10763 32767 -12024
321 -2530 -2866 7557 32767 -7299
108 -2091 -2577 6315 32767 -4924
133 -1879 -2428 6202 32035 -1384
285 -1473 -2144 6911 30850 1232
309 -1380 -2109 8304 29674 5193
416 -1127 -2024 8894 28602 9044
454 -755 -1799 8317 27184 11221
587 -416 -1689 6892 24399 13762
946 -234 -1665 5898 20680 15989
1223 -125 -1730 6082 16826 17515
1645 87 -1712 7513 10558 19696
2008 268 -1426 8202 7305 21852
2695 430 -765 7133 7452 23142
3133 628 -296 3256 10442 24246
3410 879 5 91 12150 23855
3459 889 -42 -3808 8472 22427
3675 727 -171 -5645 -1711 20881
4023 327 -193 -5736 -6640 19936
4473 106 107 -5479 -6188 19179
4810 164 468 -6067 -825 19472
4799 242 601 -8935 6555 21303
4611 334 541 -12534 6706 23398
4078 624 -8 -14005 3052 24268
4033 648 -70 -14799 -5127 24654
4164 603 -153 -14236 -9898 24368
4569 472 -250 -13523 -8455 23980
4555 526 -231 -13337 -1294 22374
4248 711 -174 -14908 6375 18974
3772 879 -167 -16571 9821 15961
3193 982 -230 -18902 12354 10912
2815 1001 -238 -20673 13330 6245
2509 1059 -121 -21710 13193 4265
2373 1055 -68 -22639 10645 3137
2173 863 -118 -22445 8275 3212
2071 682 -202 -20414 5406 4058
1855 480 -266 -18114 4133 4639
1646 414 -266 -14189 4356 4659
1337 357 -81 -11443 6116 3864
1148 336 136 -10727 7174 3424
1139 271 279 -11033 7965 3582
1203 111 225 -11571 8505 4165
1225 -8 104 -11868 8296 5366
1101 -91 -52 -11330 5276 5743
1006 -151 -99 -10061 1919 4659
987 -193 -10 -9198 657 3513
1000 -187 110 -8434 1154 1826
1005 -247 200 -8295 2706 1023
1015 -280 179 -8559 5096 989
952 -329 91 -9192 6635 1702
752 -502 -105 -9683 6242 2122
633 -769 -361 -10253 2273 2677
506 -1003 -447 -10715 -1323 2483
467 -1375 -340 -11545 -2170 1961
632 -1668 -314 -13835 -651 1355
704 -1770 -372 -17195 3139 1777
742 -2277 -634 -21911 6724 3209
684 -2540 -718 -26112 7283 4551
595 -2966 -818 -32768 5636 6716
744 -3415 -1154 -32768 3244 9304
1079 -3769 -1278 -32768 1144 11688
2060 -4137 -1423 -32768 44 16531
6357 1421 3538 -32768 -14934 -14353
6389 2190 6144 -32768 -20184 -22709
7083 2404 8836 -32768 -16905 -26557
9050 1544 12697 -32768 -10018 -26114
10078 39 13643 -31920 6743 -25893
10909 -2913 13896 16755 17840 -30310
10691 -3604 14190 32767 21418 -32768
10563 -4153 13872 32767 27346 -32768
11663 -5642 9731 32767 32767 -32768
11926 -6419 7162 32767 32767 -32768
11283 -7363 3849 32767 32767 -32768
8767 -6273 4478 32767 32767 -32768
8372 -8294 -2067 32767 32767 -32768
8716 -7555 -2132 32767 32767 -32768
9566 -7851 -1783 32767 32767 -32768
9226 -7946 -2277 32767 32767 -32768
7500 -7867 -3760 32767 32767 -32768
5669 -7161 -4083 32767 32767 -32768
5346 -6909 -3788 32767 23456 -32768
5071 -6970 -3568 32767 27231 -32768
4347 -7213 -3130 32657 30335 -32768
3549 -7400 -3013 23917 32081 -32768
2539 -7465 -2777 15654 32767 -32768
2187 -7314 -2712 11275 32767 -32246
1787 -7271 -2845 7133 32767 -24432
1076 -6788 -3120 4687 32767 -17303
105 -5936 -3334 3271 32767 -13079
-47 -5668 -3424 1847 32767 -6325
-388 -4856 -3637 1721 32767 568
-473 -4064 -3727 1963 32767 4982
-351 -3536 -3706 2099 30688 11404
-98 -2887 -3689 2169 28394 15066
201 -2320 -3588 2084 24890 18945
378 -1903 -3377 1295 21782 20033
687 -1679 -3224 -336 19399 20565
1294 -1362 -3030 -1566 17696 21933
1734 -999 -2826 -3418 12594 25141
1750 -718 -2669 -5139 5435 27259
1886 -214 -2307 -6194 1593 27560
2086 54 -1878 -8288 1050 26255
2594 435 -1291 -10616 5367 24868
3476 648 -1203 -11393 7249 24989
3636 618 -1253 -10736 6154 26370
4064 688 -1232 -8337 2623 27594
4310 730 -1344 -6009 1677 27370
4530 903 -1099 -3652 1893 25622
4595 978 -772 -4418 4061 22407
4555 1238 -300 -6501 7245 20171
4570 1375 -13 -11113 12311 18147
4584 1198 359 -14393 14716 17930
4387 884 250 -17996 15966 18658
4190 722 112 -19049 12942 19928
3876 570 -24 -17512 5289 20201
3462 375 -49 -15496 1417 19142
3286 301 271 -12947 733 16274
3144 347 643 -12568 3009 13510
2960 361 731 -13188 4474 12116
2690 359 699 -14514 5081 10574
2167 402 570 -15217 3859 9653
1828 350 483 -15908 922 8316
1454 311 474 -16609 -1969 7552
1446 213 563 -17158 -3024 7481
1390 92 610 -17745 -1951 7448
1273 20 562 -17842 1233 6760
1193 -101 442 -17581 3647 5902
1116 -301 241 -16851 6252 4105
1012 -453 -66 -16236 6845 3112
986 -389 -255 -15490 5599 2333
892 -416 -407 -15410 2925 1931
827 -362 -421 -15765 1545 1691
761 -239 -356 -16612 1764 1189
823 -243 -228 -18142 4578 555
1010 -245 -206 -19293 6621 682
1158 -237 -336 -20126 6954 1669
1143 -472 -752 -19353 1901 2510
1103 -516 -866 -18063 -1955 2627
1138 -538 -792 -16245 -5190 2407
1484 -430 -339 -15765 -4670 2497
1635 -377 -197 -16400 -331 3124
1736 -446 -340 -17985 5634 3758
1739 -880 -1134 -18871 7756 4125
1778 -988 -1389 -20074 4029 5397
2011 -1318 -1780 -22503 -5267 7140
2287 -1667 -1696 -27345 -12008 8477
2926 -2001 -1259 -32010 -12034 9481
3458 -2283 -1096 -32768 -4144 11100
4396 -2576 -1181 -32768 7717 12086
5115 -2761 -1654 -32768 10313 11671
5243 -2634 -1950 -32768 1042 8518
5221 -2477 -2141 -32768 -10231 4798
5261 -2307 -2211 -32768 -24595 -2144
6274 -1739 -1370 -32768 -27122 -8099
7045 -1355 -597 -32768 -21208 -10579
8029 -715 574 -32768 -7445 -12099
8130 -452 1328 -32768 2449 -13963
7211 201 2460 -32768 3481 -17081
6134 473 3181 -32768 -1870 -24939
4518 300 4742 -32768 -7008 -30792
4353 -196 6068 -32768 -8108 -32768
4933 -1642 8566 -32768 1189 -31005
5445 -3283 10308 -24352 9417 -23958
4902 -4807 10540 1774 15982 -12041
4216 -5472 9956 31580 15113 -4567
4104 -6223 9358 32767 14207 -3567
4365 -6648 8914 32767 12887 -7148
6073 -8208 6781 32767 7288 -13110
7226 -9159 5548 32767 2963 -17100
8501 -10141 4617 32767 2745 -24198
9698 -11055 3803 32767 7497 -31321
9828 -11706 2370 32767 15345 -32768
8733 -12635 1807 32767 1171 -32768
8280 -10883 -540 32767 16497 -32768
8240 -11145 -1658 32767 14545 -32768
7695 -10959 -1974 32767 5246 -32768
6443 -10300 -2597 32767 4778 -32768
5466 -9701 -2884 32767 14176 -32768
4418 -8970 -2938 32767 28700 -32768
3687 -8160 -3060 32767 32767 -32768
3062 -7677 -3212 26036 32767 -32768
2083 -7095 -3585 18398 32767 -32768
1516 -6800 -3899 15258 32767 -32768
1000 -6228 -4165 15074 32767 -32768
703 -5826 -4029 14894 32767 -32768
447 -5212 -3605 13958 32767 -28937
295 -4855 -3473 11618 32767 -22009
-171 -4140 -3560 9475 32767 -15544
-351 -3684 -3656 8793 32767 -11559
-517 -3190 -3635 8422 32767 -6252
-752 -2525 -3318 8174 28576 -2334
-783 -1913 -2982 8095 22923 -80
-654 -1632 -2701 7949 16481 3464
-114 -1289 -2272 7722 13504 7716
284 -1248 -2115 7404 13473 11162
812 -1184 -2000 6367 13684 17891
1447 -801 -1759 4361 12144 25067
1749 -224 -1410 2711 10736 28757
1990 151 -1164 383 7519 32484
3039 376 -1019 -595 4717 32767
3444 297 -993 -1409 -130 32767
4665 -68 -865 -2365 -580 32767
5731 -512 -553 -4512 3163 32767
5859 -204 -504 -6277 5813 32767
5883 131 -458 -8869 7571 32767
5984 712 -418 -10315 8261 32767
6083 832 -318 -12414 9595 32767
6133 855 -207 -14711 10474 32767
5961 940 -435 -15445 10774 31814
5541 1052 -731 -14920 10125 25320
4781 1261 -953 -13849 8985 17938
4100 1267 -586 -14107 8515 13971
3961 1270 -468 -15748 8330 10384
3540 1248 -226 -17439 9106 8531
3046 1158 -188 -17806 10323 7503
2814 999 -290 -16622 11276 6580
2345 797 -561 -14757 10753 6420
2059 736 -541 -11804 8620 6298
1796 767 -400 -10354 5891 5662
1239 751 -65 -10506 4639 4554
1166 763 -9 -11808 3674 2975
1077 690 94 -13452 3553 2288
1145 574 90 -14181 5473 2275
1161 430 35 -14463 9102 2900
1188 297 -196 -13944 10376 3889
1006 296 -263 -12947 10416 4735
545 335 -220 -12705 8986 4399
426 307 -157 -12979 4244 3067
384 320 -97 -13603 -112 1429
387 285 107 -14128 -1464 303
481 202 268 -15123 -1543 -1131
599 -9 314 -15790 -109 -1686
896 -388 120 -15584 1171 -1173
924 -466 106 -15011 2537 244
943 -570 135 -15288 2527 1210
863 -624 222 -16124 2009 1219
796 -608 280 -18205 1368 364
1003 -617 369 -19981 1375 -49
1089 -697 349 -22662 2294 308
1523 -1081 132 -24005 1729 1842
2023 -1424 -93 -25185 -2607 5906
2218 -1509 -101 -25408 -7176 9277
2359 -1557 144 -25301 -7917 10005
2366 -1542 288 -25927 -4404 8755
2430 -1483 682 -27267 653 7125
2419 -1448 777 -30437 7285 4920
2276 -1414 588 -32652 9221 3961
1983 -1461 -40 -32768 7740 3219
1860 -1464 -504 -32768 1372 3536
1785 -1558 -850 -32244 -2719 4285
1934 -1575 -754 -31313 -4860 5760
2214 -1669 -694 -32768 -1522 7229
2456 -1619 -746 -32768 2773 8057
2638 -1611 -806 -32768 9682 8635
2979 -1491 -1178 -32768 12492 8266
3041 -1505 -1376 -32768 9698 7290
3575 -1522 -1799 -32768 1040 5423
4218 -1330 -1744 -32768 -3799 4118
5149 -867 -1336 -32768 -2145 2881
5543 -347 -998 -32768 3377 -583
5937 467 -694 -32768 3239 -3923
6105 1355 -356 -32768 -2234 -10010
6225 1880 -67 -32768 -5408 -16797
6282 2425 1155 -32768 -4406 -21590
5957 2515 2683 -32768 -167 -28765
5516 2148 4527 -32768 -71 -32148
5311 1918 5033 -32768 -4626 -32768
5218 1046 6682 -32768 -10094 -32045
5382 -177 8841 -30716 -7979 -30383
5856 -1516 11139 -5628 443 -27732
5928 -2484 12235 17327 9463 -26258
5903 -3810 11755 32767 13341 -27163
6478 -5127 8847 32767 11960 -28714
6854 -5310 8108 32767 10316 -32755
7766 -5605 6580 32767 14899 -32768
8397 -5645 5101 32767 20089 -32768
9283 -6199 2889 32767 28386 -32768
9804 -6577 1434 32767 32767 -32768
8285 -7909 -2351 32767 32767 -32768
9284 -7346 -1807 32767 32767 -32768
9233 -7805 -1700 32767 32767 -32768
9308 -8646 -1850 32767 32767 -32768
8624 -9043 -2998 32767 32767 -32768
7388 -8980 -4429 32767 32767 -32768
6511 -7943 -4469 32767 32767 -32768
5973 -7350 -4419 32767 32767 -32768
5002 -7170 -4489 32767 32767 -32768
3797 -7299 -4862 32757 32767 -32768
3178 -7202 -4938 26250 32767 -32768
2282 -7015 -4876 23124 29996 -32768
1792 -6887 -4680 19946 26895 -32768
1100 -6684 -3907 16701 32532 -30196
738 -6530 -3633 14084 32767 -24479
376 -6267 -3470 9748 32767 -14234
-216 -5331 -3596 7290 32767 -7238
-562 -4772 -3848 5545 32767 1782
-837 -4203 -4133 6335 32767 8418
-1086 -3470 -4448 7854 32767 11560
-968 -2806 -4243 10255 28878 15137
-779 -2434 -3831 11098 24181 16844
-329 -2097 -3002 10092 20508 19166
220 -1621 -2210 5630 19278 22106
561 -1365 -1900 1540 20110 24286
895 -1254 -1783 -4495 21886 26613
1057 -1057 -1911 -8376 19580 28216
1699 -716 -2149 -9237 14348 29409
2165 -516 -2061 -7978 4030 31237
2804 -117 -1857 -5763 -879 32011
2966 31 -1732 -2396 -1058 31355
3243 507 -1200 -1517 5771 28801
3930 959 -771 -2708 10629 27511
4417 943 -664 -6125 13321 26495
5230 774 -533 -9677 10043 25957
5519 712 -577 -10646 7039 25143
5388 625 -722 -9281 4342 21564
5154 506 -824 -6005 5587 16162
5182 347 -479 -4937 7651 13712
5301 300 -67 -6683 10325 13179
5312 318 655 -11318 12457 14854
5107 333 821 -14687 14221 15919
4843 318 782 -17929 14322 16583
4160 143 539 -18248 11812 16237
3986 106 462 -15967 6112 14693
3472 52 493 -12863 956 12374
2935 225 780 -11660 -1028 10540
2623 291 955 -11409 -2686 8003
2218 347 943 -11553 -3623 6477
1855 354 797 -11442 -4386 6069
1675 367 744 -11137 -4941 6312
1509 375 784 -11075 -4409 6727
1459 379 881 -11447 -1697 7404
1407 379 926 -12257 2512 7523
1212 458 913 -12913 5594 6713
1006 474 838 -13866 10210 3852
775 376 558 -14252 12411 1481
690 176 57 -13905 12829 -1295
708 32 -324 -12338 8831 -2014
722 -51 -652 -11192 5236 -1629
647 -44 -618 -10593 1276 -1044
535 58 -424 -11394 335 -1146
522 103 -375 -13904 1625 -1997
633 67 -375 -16032 3637 -2654
686 20 -422 -19071 6186 -3331
840 -182 -876 -20813 6454 -3611
877 -336 -1111 -21223 5109 -3524
990 -525 -1344 -21102 1739 -2534
1174 -611 -1253 -20955 -509 -1206
1226 -635 -1173 -21503 -2407 1104
1547 -604 -1008 -23089 -401 3024
1693 -617 -1133 -24585 2388 3609
1775 -805 -1425 -27048 6796 3114
1870 -1019 -1729 -29053 7891 2570
2146 -1390 -2052 -32768 4927 2188
2520 -1672 -2088 -32768 1212 2580
2821 -1742 -2148 -32768 -4244 3797
3532 -2146 -2505 -32768 -6968 4301
4108 -2290 -2625 -32768 -8280 4231
4755 -2530 -2515 -32768 -10069 2458
6340 -2884 -1691 -32768 -15088 684
6737 -2897 -1558 -32768 -25958 -2126
7752 -2804 -1479 -32768 -30415 -5831
8384 -2670 -1539 -32768 -26649 -9483
8400 -2307 -1386 -32768 -15762 -16245
7674 -1569 248 -32768 -11324 -20506
7371 -1378 954 -32768 -10887 -24579
6909 -916 4085 -32768 -13843 -24629
6123 -871 6773 -32768 -12546 -24266
5420 -1568 7606 -32768 -7722 -23795
4499 -3127 9752 -23598 -7077 -19840
5486 -5117 12075 -461 -2713 -14092
6662 -6059 13397 28611 8730 -5910
6830 -6554 13041 32767 18319 -9673
8112 -10218 -1040 32767 32767 -32768
6386 -9866 -3571 32767 32767 -32768
5091 -8659 -4283 32767 31430 -32768
4423 -7627 -3269 32767 31319 -32768
3932 -7285 -2973 32767 32767 -32768
3417 -7141 -3209 25352 32767 -32768
2349 -6944 -4082 20709 32767 -32768
1912 -6562 -4113 18933 32767 -32768
1450 -6132 -3865 15415 32767 -32768
578 -5219 -3219 12125 32767 -28614
356 -4997 -3172 7523 32767 -21735
-277 -4330 -3316 5322 32767 -15685
-664 -3785 -3608 5139 32767 -11528
-804 -3410 -3621 5235 32767 -5108
-892 -2795 -3286 5074 31031 -1156
-741 -2208 -2718 4311 24372 4189
-550 -1857 -2330 3050 21394 9073
-248 -1361 -1940 2353 20509 12388
26 -1098 -1927 2455 19305 18129
730 -925 -1956 3056 18011 25154
1634 -564 -1550 2650 16556 30327
1812 -469 -1442 560 13837 32767
2398 -253 -1024 -2963 10304 32767
3257 12 -435 -5816 9000 32767
3894 85 -311 -9932 6109 32767
4479 -95 -408 -11360 3467 32767
5358 -693 -588 -10580 141 32767
5869 -702 -446 -8350 1555 32767
6305 -143 467 -8028 5114 32767
6337 585 505 -8750 13006 32767
6101 1190 218 -9748 18892 32767
5785 1332 -135 -9730 17169 31651
5209 1363 -323 -9082 11848 26500
4926 1317 -298 -8107 3309 18142
4784 1101 -181 -7458 310 11778
4742 998 -66 -7439 3270 8790
4433 839 -68 -7663 8181 7602
4038 749 -113 -8452 14409 5992
3080 653 -294 -9594 16126 4325
2612 685 -329 -10457 15682 3216
2207 716 -304 -11838 13948 1530
1790 673 -263 -13340 12141 397
1594 589 -219 -14333 11278 250
1474 511 -177 -15584 10470 742
1281 460 -186 -16017 10308 1478
1081 453 -179 -16083 9843 2696
763 514 -172 -15788 8893 3411
551 587 -177 -15113 6554 3853
279 660 -117 -14722 4726 3608
134 714 -2 -14396 3255 2471
104 719 143 -14496 3672 1238
148 654 221 -15397 5537 -968
311 508 228 -16798 7318 -2590
468 315 66 -17480 7289 -2983
592 228 -85 -17404 4663 -2243
732 95 -145 -16195 1149 -741
927 -83 -66 -15258 336 -55
1058 -109 137 -14639 1779 43
1080 -160 325 -15159 3746 -635
1080 -183 336 -17059 6304 -2557
1048 -354 276 -19532 5800 -4524
1081 -625 60 -21015 2787 -5134
1199 -1172 -168 -22321 -3674 -4463
1611 -1533 -106 -23100 -8304 -1058
1938 -1745 165 -24055 -8544 2364
2150 -1896 445 -26706 -3993 7111
2198 -2007 636 -29029 489 8992
2178 -2123 477 -32404 5794 9327
2067 -2238 202 -32768 6659 8358
2036 -2243 -28 -32768 5436 6576
1995 -2190 -247 -32768 4191 5161
1983 -2175 -453 -32768 4902 4600
2030 -2216 -695 -32768 7230 4559
2257 -1967 -790 -32768 8486 4959
2277 -1932 -915 -32768 9662 5018
2295 -1832 -1001 -32768 7014 3886
2536 -1847 -1415 -32768 5003 2506
2740 -1836 -1413 -32768 3367 368
3662 -1816 -1610 -32768 2839 -1067
4643 -1544 -1739 -32768 738 -1618
5575 -848 -1650 -32768 -3905 -2910
6248 129 -1375 -32768 -8669 -6777
6535 512 -1230 -32768 -12230 -10365
7486 1497 -704 -32768 -14111 -16489
8394 2123 193 -32768 -11797 -20542
8691 2416 1200 -32768 -3772 -26902
8026 2447 2091 -32768 -208 -32172
7160 2386 3676 -32768 -3567 -32768
6134 781 6807 -32768 -9478 -32768
6100 109 7444 -32768 -15262 -32768
6490 -1825 9688 -30161 -6290 -32768
6991 -3720 12544 -7667 1975 -32768
7362 -5106 14195 23789 11846 -24798
7037 -5704 14018 32767 19345 -23498
6802 -6266 12498 32767 26189 -29084
7279 -7259 8925 32767 22844 -32768
9402 -8020 5407 32767 20513 -32768
10229 -8569 2693 32767 22966 -32768
10309 -8752 1779 32767 32767 -32768
9148 -9216 -2797 32767 32767 -32768
9134 -9570 -3777 32767 32767 -32768
11105 -8668 -3147 32767 32767 -32768
10948 -8535 -3104 32767 32767 -32768
9932 -8780 -3614 32767 32767 -32768
8199 -9696 -4705 32767 32767 -32768
7575 -9494 -5683 32767 30601 -32768
6853 -9185 -5223 32767 31436 -32768
5808 -8961 -4442 32767 32767 -32768
3903 -8925 -4064 30224 32767 -32768
2907 -9103 -4474 21453 32767 -32768
2025 -8873 -4804 17481 32767 -32768
685 -8256 -5041 16510 32767 -32768
-344 -7613 -4648 14273 32602 -32768
-953 -6893 -4043 11442 32341 -27001
-1112 -6358 -3848 6925 32767 -17456
-1172 -5778 -3748 3886 32767 -9006
-1333 -5103 -3980 2849 32767 -2667
-1259 -4981 -4084 2752 32767 1684
-1047 -4347 -4116 2391 32767 8394
-1015 -3695 -4011 2062 31314 12333
-883 -3212 -3885 1717 23431 17706
-185 -2332 -3460 1216 17464 22951
330 -1896 -3075 340 16186 26269
984 -1596 -2738 -1570 17619 30743
2035 -747 -2399 -2491 19008 32767
2596 -144 -2415 -2404 21512 32767
3348 141 -2433 -1164 22450 32767
3609 287 -2444 517 19257 32767
4314 945 -2330 2505 14529 32767
4575 1179 -2116 3534 12162 32767
4997 1322 -1730 3488 10703 31425
5482 1428 -973 2123 11226 29448
5491 1415 -526 -1430 14276 25442
5322 1511 -344 -5249 18966 21506
5237 1614 -410 -8671 20754 19755
5207 1493 -434 -10624 18158 20082
5229 1268 -503 -11922 8986 22213
5035 984 -387 -10606 -1901 23316
4824 889 -192 -8650 -5268 22383
4600 888 159 -6314 -2030 18698
4202 1001 675 -6365 6121 14175
3654 1024 831 -7547 10312 11784
2971 987 542 -9362 12288 9580
2424 956 257 -10212 8495 8577
1667 991 59 -10446 4323 8240
1333 1029 96 -11028 318 8137
1091 1066 485 -12052 -38 8321
1029 1040 652 -14734 1698 8554
935 982 684 -17427 4080 8027
720 848 475 -18730 4756 6431
570 586 118 -18593 3060 5124
562 339 -127 -17067 -1006 3277
646 74 -221 -15705 -2972 2325
696 6 -237 -14012 -3934 1714
870 -93 -229 -13435 -2821 1842
864 -135 -220 -13731 755 2256
798 -145 -296 -14862 4138 2675
712 -165 -480 -15879 4895 2804
625 -339 -540 -17568 2726 2412
587 -341 -620 -18809 -375 1351
560 -377 -679 -19321 -1768 443
609 -477 -626 -19933 -2592 -408
978 -535 -537 -20351 -666 544
1226 -672 -460 -20935 2235 2719
1357 -753 -473 -21355 3311 4345
1416 -855 -511 -22061 2448 6055
1493 -905 -681 -22275 1405 6481
1538 -846 -792 -22210 739 6290
1592 -812 -768 -22530 918 5714
1625 -722 -697 -23669 2751 5192
1762 -808 -708 -24719 4628 5131
1964 -1076 -863 -26318 6490 5937
2519 -1504 -1224 -27246 5011 7355
2638 -1598 -1246 -28805 -345 10245
2795 -1763 -1239 -30601 -3584 11772
2736 -1653 -1081 -32396 -3655 11231
2788 -1811 -937 -32768 -670 9175
3599 -2311 -645 -32768 2068 9035
4921 -2776 -138 -32768 983 10745
5600 -2825 -34 -32768 948 13495
6052 -2717 -363 -32768 2102 13491
5923 -2497 -817 -32768 1030 8266
5305 -1941 -1381 -32768 -4867 -1816
5699 -1595 -982 -32768 -10301 -7755
6301 -1127 -319 -32768 -14909 -12875
7383 -15 1185 -32768 -13904 -14207
7497 148 1515 -32768 -6078 -15724
7191 636 2264 -32768 2615 -19913
6283 518 3115 -32768 5199 -24286
5346 262 3618 -32768 1395 -31453
4714 -613 4878 -32768 -4152 -32768
5136 -2071 6892 -32768 -7927 -32645
5509 -3068 8246 -20273 562 -26843
5731 -4768 10272 -5164 8203 -21487
5703 -5995 10633 19526 12802 -13034
5641 -7566 8803 32767 10298 -10006
5649 -7899 7950 32767 9813 -14257
6221 -8321 6962 32767 3198 -24895
7726 -9152 5112 32767 -4343 -32768
7981 -9254 4968 32767 -6405 -32768
9003 -9860 4127 32767 2919 -32768
9173 -10128 3501 32767 32767 -32768
8261 -10334 62 32767 28802 -32768
7512 -9973 -1233 32767 18702 -32768
7312 -10370 -553 32767 17627 -32768
7324 -10201 -238 32767 20407 -32768
6105 -9946 -2941 32767 22077 -32768
5602 -9296 -3397 32767 25755 -32768
5081 -8080 -2543 32767 30918 -32768
4881 -7903 -2475 32767 32767 -32768
3578 -7905 -3517 24911 32767 -32768
3043 -7680 -3953 21482 32767 -32768
2471 -7204 -3936 18958 32767 -32768
1380 -6148 -3214 17408 32767 -32768
833 -5559 -3110 14667 32767 -32768
696 -5406 -3199 12276 32767 -31831
231 -4922 -3409 10308 32767 -25509
-154 -4326 -3548 9216 32767 -21128
-307 -3888 -3712 8355 32767 -14255
-683 -3147 -3774 8287 32767 -9997
-759 -2964 -3725 8696 30968 -4874
-703 -2515 -3491 8897 27359 -48
-308 -2099 -3052 8136 26688 3909
29 -1528 -2538 5413 26394 10944
90 -1169 -2375 2091 26030 17626
200 -804 -2313 33 24344 21802
509 -507 -2274 -2668 18629 28849
1166 -277 -2112 -4660 11111 32767
2155 -250 -1822 -5436 6351 32767
3301 -334 -1209 -6292 493 32767
4100 -425 -784 -6856 -1166 32767
5001 -574 -247 -8139 1560 32767
5427 -427 56 -10942 8230 32767
5971 59 358 -13480 12108 32767
6078 170 349 -17101 12137 32767
6186 399 199 -18424 8618 32767
6205 457 174 -18193 2390 32767
6376 329 365 -16989 157 32767
6305 303 569 -14744 2784 28410
6063 431 719 -13484 9596 21423
5456 706 742 -13347 13677 17066
4683 1011 399 -13369 16071 11637
4187 1126 70 -12807 13759 7713
3579 1121 -271 -12179 10398 5817
3312 1054 -303 -11577 5755 3706
2936 981 -103 -11809 3916 2438
2750 904 114 -13023 4180 539
2300 798 319 -13890 6580 -691
2168 764 326 -14724 11768 -2558
1752 694 258 -14789 15687 -3881
1413 617 117 -14582 16136 -4143
1222 575 29 -14311 15064 -3941
983 514 10 -14071 10819 -3156
860 509 68 -14162 6746 -2461
766 446 122 -14223 5598 -2182
657 366 290 -14186 6303 -1892
551 371 373 -13864 7858 -1764
468 332 331 -12996 9537 -1701
314 214 98 -12202 8307 -1636
212 222 -80 -10943 3376 -1604
226 156 -77 -10337 -10 -1846
406 26 14 -9983 -3371 -2466
586 -23 107 -10104 -3650 -2989
978 -141 237 -10426 -207 -2717
1165 -189 327 -10782 3184 -2094
1308 -150 323 -11486 8144 -980
1265 -121 206 -12123 9156 -758
1123 -90 118 -13360 6318 -1980
1045 -114 44 -14528 1847 -4547
1124 -229 137 -15321 -134 -6001
1290 -328 189 -16169 -1101 -6317
1773 -676 241 -16382 -1295 -4854
2123 -851 313 -16583 -2358 -334
2444 -1035 438 -17131 -4206 5024
2452 -1086 552 -17901 -5346 7402
2370 -1164 746 -19861 -5834 8097
2285 -1188 803 -22413 -2194 5993
2152 -1154 804 -25066 4274 2590
1956 -1130 398 -26648 7883 710
1934 -1145 220 -28133 9122 -239
1829 -1396 -455 -28562 6892 431
1800 -1465 -587 -28736 819 2830
1925 -1764 -960 -28974 -5065 5818
2308 -2015 -1162 -29925 -7579 7300
2608 -2253 -1416 -32768 -6779 7504
2813 -2433 -1458 -32768 -3349 5724
3291 -2579 -1400 -32768 -2121 4079
3689 -2612 -1661 -32768 -2687 1937
