0 0 0 0 0 0
1062 -107 175 -14012 3845 -1363
1162 -46 339 -13391 5534 -1703
1104 9 400 -13519 6704 -2550
980 44 423 -14409 7485 -4744
837 -5 392 -15226 6727 -6431
846 -66 373 -16477 4071 -8479
1001 -212 276 -16999 1117 -8991
1177 -311 285 -16795 -93 -8671
1352 -589 198 -15208 553 -7689
1436 -691 211 -13955 1670 -6656
1435 -884 343 -13448 2935 -4749
1537 -1032 566 -14667 2830 -2956
1786 -1231 804 -19035 544 403
1981 -1365 887 -22935 -2061 2735
1975 -1415 798 -28159 -4419 5093
2047 -1558 673 -31141 -4999 5776
2199 -1796 412 -31625 -4652 5841
2266 -1800 302 -31017 -2333 5979
2444 -1750 459 -30807 -86 6260
2491 -1593 607 -31457 4032 6545
2282 -1363 451 -32206 6829 6289
2192 -1298 384 -32768 10097 5069
1960 -1146 91 -32768 11967 3468
1872 -1023 -267 -32768 12063 2646
1923 -941 -445 -32768 10096 2398
2184 -768 -734 -32768 6871 3234
2254 -713 -773 -32768 5495 4127
2782 -504 -942 -32768 5766 5189
2876 -438 -926 -32768 6369 4857
3193 -136 -745 -32768 4792 3480
3992 103 -844 -32768 1704 3066
4265 150 -1032 -32768 -3774 3410
5283 597 -1404 -32768 -8377 3503
5868 895 -1412 -32768 -9404 1404
6110 1143 -1035 -32768 -8899 -5177
6390 1468 -482 -32768 -10121 -10806
6651 1946 134 -32768 -13267 -16719
6735 2037 226 -32768 -18114 -23964
7156 2119 672 -32768 -17373 -27934
7397 2057 1635 -32768 -12218 -29298
7017 2047 2698 -32768 -2652 -31633
5749 1815 4677 -32768 -51 -32768
5189 1219 5489 -32768 -3210 -32768
5009 231 6978 -32768 -7640 -32768
5374 -713 8077 -18673 -5198 -32768
6244 -2463 9987 7332 -798 -30601
6839 -3476 10578 32767 5765 -27609
7656 -5220 9855 32767 12958 -28563
7895 -5626 9502 32767 22022 -32768
8660 -6699 7784 32767 25260 -32768
9359 -7476 5534 32767 24981 -32768
9631 -7772 4315 32767 32767 -32768
9232 -9283 349 32767 32767 -32768
8170 -10098 -1836 32767 32767 -32768
9481 -9296 -1237 32767 32767 -32768
9840 -8842 -1535 32767 32767 -32768
8967 -8918 -2686 32767 32767 -32768
7377 -9248 -3386 32767 32767 -32768
7043 -9298 -3600 32767 32767 -32768
6359 -8739 -4332 32767 26144 -32768
5345 -7927 -3987 32767 27212 -32768
4332 -7448 -3138 28920 32746 -32768
3622 -7450 -2941 18548 32767 -32768
2403 -7437 -3241 13673 32767 -32768
1648 -7120 -3497 10030 32767 -32768
745 -6957 -3721 8694 32767 -31432
84 -6566 -3625 7623 32767 -26546
-557 -5909 -3519 5349 32767 -19274
-867 -5311 -3597 3722 32767 -11920
-797 -4829 -3661 3627 32767 -3283
1882 -561 -2298 -5434 8358 31129
2584 -139 -1634 -7316 9281 31389
3335 279 -1262 -7810 11224 31354
3915 454 -1171 -7318 14930 31589
4770 656 -1120 -5915 16009 32211
4985 925 -1349 -4314 14615 31665
4902 1047 -1393 -1607 10839 28681
4897 1044 -1234 -95 7698 24300
4962 989 -788 45 7128 21783
5124 987 -298 -950 9630 19610
5205 972 32 -2987 14552 18902
5041 955 412 -5074 18773 18819
5014 1135 687 -9642 21981 19821
4935 1134 684 -14000 17904 20995
4506 1040 466 -15513 11977 20498
4173 849 264 -14632 2954 17756
3794 633 193 -11224 -2999 14683
3633 579 433 -9095 -3668 12961
3474 610 809 -8002 -476 11216
3101 683 1222 -8718 2957 10468
2562 863 1301 -10871 7107 9637
2038 879 1156 -12966 7401 8055
1327 923 816 -13858 4441 6603
896 713 510 -14045 -1936 4677
869 666 428 -13462 -5974 4227
1065 435 522 -12492 -9609 4940
1212 312 664 -12189 -7587 6121
1291 213 877 -12872 -1381 6626
1164 166 865 -13627 3321 6260
930 154 681 -14571 8896 4786
742 132 464 -15071 10932 2526
453 20 124 -15144 9424 868
385 -108 -189 -14352 4564 -703
439 -168 -559 -13321 1147 -926
507 -249 -623 -12086 -2382 -363
723 -325 -538 -11929 -2201 850
848 -232 -346 -12588 -327 1631
816 -240 -317 -14359 3863 1973
852 -389 -548 -15585 6350 1913
875 -543 -796 -17237 7243 1824
974 -684 -1094 -18343 5555 2025
1090 -824 -1195 -20226 1031 2602
1368 -884 -1253 -21488 -2038 2972
1735 -1040 -1421 -22828 -2803 3350
1866 -1053 -1479 -23683 320 3762
2092 -1069 -1601 -24749 3015 3590
2102 -1177 -1494 -28237 5616 1988
2243 -1302 -1293 -32032 5568 554
2371 -1434 -1264 -32768 3430 -1284
2502 -1795 -1331 -32768 -935 -2155
3135 -2319 -1623 -32768 -4854 -1292
3390 -2487 -1591 -32768 -10008 1859
4269 -2793 -1062 -32768 -11389 5806
5159 -2564 -146 -32768 -10228 7597
5303 -2365 78 -32768 -7387 7097
5514 -2158 137 -32768 -5302 2971
5781 -2116 178 -32768 -4955 -1124
6089 -1915 358 -32768 -4293 -8096
6260 -1694 504 -32768 -3847 -12602
6202 -1439 730 -32768 -7197 -18182
6010 -1228 1114 -32768 -11964 -22483
5940 -1141 2041 -32768 -12394 -24490
6021 -1058 2666 -32768 -7225 -25927
5463 -1070 3923 -32768 -2017 -26538
5006 -1342 4281 -32768 2384 -26969
4530 -1734 4410 -32768 -622 -25936
3642 -2760 5892 -30861 -5632 -24661
3556 -2952 6646 -14073 -8356 -22477
4227 -4329 9487 2191 -3154 -19477
4974 -5205 9475 15683 4684 -16828
5543 -6148 8725 32767 10071 -13074
5894 -6755 7613 32767 9425 -14489
6052 -6879 7143 32767 9294 -19712
6588 -7174 6158 32767 10179 -30342
7823 -7922 4409 32767 10771 -32768
8525 -8411 3166 32767 13909 -32768
8857 -8791 1761 32767 -19728 -32768
7356 -8501 0 32767 22436 -32768
7779 -8654 -689 32767 25598 -32768
7644 -9118 -813 32767 21958 -32768
7624 -9243 -1296 32767 23729 -32768
7037 -8954 -2079 32767 29902 -32768
6209 -8600 -2577 32767 32767 -32768
4976 -7922 -2987 32767 32767 -32768
4257 -7352 -2931 32767 32767 -32768
3423 -6728 -2923 32767 32767 -32768
3046 -6557 -3075 31163 32767 -32768
2476 -6007 -3098 25201 32767 -32768
2092 -5581 -2797 20696 32767 -32768
1488 -5070 -2574 14368 32767 -32768
1222 -4738 -2745 10523 32767 -29979
902 -4442 -2983 9417 32767 -25267
452 -3962 -3188 8705 32767 -18704
-75 -3268 -3096 8274 32767 -15055
-277 -2883 -2894 7073 32767 -10792
-390 -2561 -2660 5064 30367 -7293
-216 -2155 -2286 3511 29398 -4862
-106 -1951 -2264 1616 28430 -203
36 -1687 -2349 851 26103 6053
277 -1321 -2352 546 24063 10520
427 -1125 -2248 -67 21593 16878
764 -670 -2095 -723 18778 22538
993 -494 -2002 -1386 16102 25704
1576 -461 -1641 -3450 10507 29852
2565 -527 -1187 -5574 6304 32767
2884 -605 -1040 -8966 1234 32767
3604 -785 -756 -11383 316 32767
4330 -985 -530 -12507 1593 32767
5198 -928 -339 -13514 5392 32767
5627 -675 -96 -14144 8990 32767
5942 -126 117 -15434 14048 32767
6040 482 184 -16307 14142 32767
3103 950 205 -16386 14989 8880
2667 956 217 -19169 12711 5815
2266 935 185 -20957 10540 2533
1748 628 40 -21255 9594 756
1627 583 -14 -20129 8105 -130
1460 505 26 -18800 7519 159
1371 446 162 -16980 8036 1320
1220 472 299 -16195 9193 2152
1138 490 257 -15387 10927 3410
1005 482 205 -14997 10653 3594
619 462 129 -14975 9204 2725
540 468 110 -15025 6193 288
480 431 106 -14983 3982 -1475
483 412 115 -14730 1640 -3657
609 211 110 -13705 901 -4384
853 112 78 -12490 1238 -3774
901 62 83 -10458 2355 -2453
773 101 141 -9381 3102 -2059
709 128 193 -8733 2446 -2485
625 203 318 -9063 1055 -3385
667 257 429 -10333 -1002 -5005
775 203 471 -11400 -1883 -6048
1009 25 535 -12783 -2050 -6856
1266 -265 549 -13209 -982 -6920
1383 -461 504 -13141 724 -6289
1518 -854 465 -13106 169 -4833
1701 -1069 458 -13224 -1516 -3315
2140 -1401 469 -13760 -4837 -329
2311 -1462 588 -14646 -6201 1562
2307 -1507 712 -16816 -5647 2674
2153 -1517 883 -20028 -1999 1655
2184 -1626 915 -22487 1494 713
2216 -1586 850 -26039 5280 175
2169 -1559 679 -27802 5796 310
2022 -1679 247 -28307 -944 1959
1908 -1648 88 -27390 -1670 2729
1947 -1629 237 -27690 -620 3429
1937 -1560 344 -28596 491 3819
1948 -1527 293 -30360 2098 4271
2088 -1709 -238 -31457 3058 4620
2232 -1782 -411 -32768 3406 5751
2612 -1770 -459 -32768 2887 7320
2695 -1759 -431 -32768 2020 9804
2729 -1490 -460 -32768 2559 10341
2603 -1214 -746 -32768 2858 9091
2886 -1139 -1178 -32768 2929 6754
3834 -950 -1602 -32768 2704 6294
4088 -876 -1721 -32768 2423 6556
4878 -140 -2005 -32768 -1169 6574
4948 55 -2031 -32768 -6281 5301
5179 598 -1779 -32768 -15905 1187
5847 1321 -1305 -32768 -19919 -2351
6400 1812 -997 -32768 -16823 -8141
7166 2488 -189 -32768 -11331 -12022
7194 2646 154 -32768 -6089 -17531
6751 3366 2189 -32768 -5920 -21101
6591 3420 2853 -32768 -6225 -26497
6111 3189 5212 -32768 -5962 -31852
5789 2400 7739 -32768 -7568 -32768
6086 1395 8919 -32768 -3305 -32768
7014 -998 10298 -21921 2338 -32768
8309 -3532 11130 11411 9054 -27570
8911 -4856 11588 32767 16823 -24031
9192 -6044 11137 32767 24009 -27988
9278 -6805 9705 32767 27886 -32768
10204 -8002 6029 32767 25629 -32768
10486 -8115 5353 32767 25993 -32768
11183 -8442 3694 32767 32767 -32768
11232 -8013 -32 32767 32767 -32768
8175 -10535 -3884 32767 32767 -32768
9419 -8990 -2098 32767 29023 -32768
10347 -9542 -1443 32767 29236 -32768
10435 -10568 -2035 32767 32767 -32768
9671 -11210 -3342 32767 32767 -32768
8921 -10869 -4266 32767 32767 -32768
7345 -9924 -4419 32767 32767 -32768
5736 -9034 -3978 32767 32767 -32768
4253 -8791 -4033 32700 32767 -32768
3273 -8922 -4192 25478 32767 -32768
1808 -8789 -4447 22325 32767 -32768
1365 -8405 -4335 19581 32767 -32768
1038 -7981 -4145 17985 32767 -32768
559 -7355 -3937 15099 32767 -26297
153 -6934 -4057 12162 32767 -14607
-333 -5555 -4359 10254 32767 -7093
-450 -5228 -4456 8247 32767 2272
-884 -3869 -4551 7263 32767 7550
-944 -3317 -4328 6639 31222 9020
-819 -2877 -4043 5145 24939 10145
-166 -2265 -3538 3289 21088 11856
302 -2076 -3283 1097 19367 15358
1005 -1778 -3037 -179 19276 18762
1770 -1384 -2885 -1652 19856 24853
2101 -795 -2604 -2939 21231 29334
2137 -313 -2404 -3826 21687 30371
2189 138 -2195 -5103 20294 29620
2541 497 -1986 -5746 17067 28364
3533 449 -1850 -5598 14627 28373
4376 554 -1798 -4452 12282 29110
4744 791 -1849 -2763 11354 28836
4960 1005 -1743 -2309 9382 26354
5008 1120 -1458 -2761 8014 23842
4971 1053 -1155 -4369 8289 19908
4856 1170 -627 -5956 10435 18258
4757 1248 -231 -9141 14986 18111
4731 1312 249 -11679 16768 19394
4618 1235 344 -14921 13052 21803
4100 1100 205 -15419 3160 22075
3955 908 246 -14019 -2365 20574
3890 712 484 -10700 -5325 16891
3882 651 688 -7963 -3666 13643
3840 636 947 -7217 -2111 12314
3601 726 1172 -7239 349 11344
3190 792 1089 -7575 1633 11130
2884 834 1039 -8701 1534 11164
2235 836 950 -9921 -186 10944
2090 834 935 -12074 -3462 9812
1766 759 914 -14313 -4838 8018
968 -188 324 -16760 3729 -2
868 -195 118 -16894 4608 -363
656 -152 -183 -16904 4014 -797
617 -176 -247 -16524 1734 -1229
699 -300 -307 -16171 361 -1213
804 -281 -261 -15770 -133 -1063
835 -257 -214 -15648 748 -1439
829 -261 -296 -15426 1244 -1813
899 -270 -446 -15008 1543 -1758
919 -232 -451 -15007 1652 -1569
959 -198 -398 -15682 1598 -1063
1030 -132 -313 -16895 1886 -409
1060 -22 -379 -17564 2603 -62
1141 -63 -643 -17951 4497 382
1218 -108 -802 -17966 5623 994
1355 -147 -1002 -18224 6182 2464
1418 -246 -1160 -18928 4508 3972
1581 -419 -1478 -19527 1856 4817
1763 -527 -1705 -20564 -2142 5481
2489 -1183 -2024 -21779 -3057 5536
2948 -1444 -2094 -25018 -2514 5798
3286 -1687 -2079 -30596 -1705 6178
3469 -1949 -1979 -32768 -2499 5787
3469 -2006 -1940 -32768 -8233 3578
3935 -2579 -1984 -32768 -14001 2080
5023 -3163 -1824 -32768 -21810 2968
7030 -3558 -1281 -32768 -23560 5474
7244 -3366 -1096 -32768 -20643 5031
7037 -2956 -1054 -32768 -15063 -344
6614 -2110 -798 -32768 -13830 -5607
6527 -1538 -354 -32768 -15464 -12192
6578 -806 806 -32768 -15897 -15017
6672 -314 2482 -32768 -12348 -17451
6435 12 3795 -32768 -8948 -18719
5981 318 5028 -32768 -6095 -20874
5099 -170 6152 -32768 -7412 -23433
4642 -1052 7932 -32768 -10699 -24199
4894 -2397 10367 -19178 -10126 -23693
5977 -3669 11848 3832 -2525 -18628
7638 -5578 12578 27944 10707 -13357
9065 -8920 -434 32767 32767 -32768
7590 -8898 -1640 32767 32767 -32768
6493 -8894 -2804 32767 32285 -32768
6120 -8420 -3224 32767 24964 -32768
5822 -7835 -3020 32767 30685 -32768
4715 -7192 -2357 32767 32767 -32768
3932 -7199 -2653 29120 32767 -32768
2764 -6993 -3214 22588 32767 -32768
2127 -6704 -3469 18768 32767 -32768
1280 -5932 -3583 17205 32767 -32768
754 -5392 -3622 15126 32767 -29666
-20 -4505 -3351 13313 32767 -24285
-167 -4301 -3230 9855 32767 -16474
-441 -3681 -3018 6482 32767 -8781
-542 -3098 -2989 4656 32767 -3616
-490 -2510 -2943 2673 32767 4171
-487 -2099 -2907 1576 30216 11320
-376 -1555 -2650 898 27221 15596
-112 -1100 -2348 -254 23113 21425
270 -912 -2197 -1511 19285 27758
1333 -572 -1965 -2787 16018 32767
1857 -445 -1910 -3588 13714 32767
2404 -319 -1730 -5282 9146 32767
3591 -163 -972 -6983 7136 32767
4154 -165 -554 -10260 7992 32767
4890 -266 -245 -13403 12395 32767
5384 -385 -217 -15573 15217 32767
5979 -252 -178 -16590 12245 32767
6111 79 -126 -15533 7595 32767
6115 478 -26 -13742 6389 32767
5967 698 81 -10920 9036 32605
5878 785 197 -9833 12959 26424
5645 849 337 -10229 14697 22941
5095 958 144 -11107 14260 18180
4650 1004 -84 -11013 10882 13544
3966 857 -201 -10602 8339 10821
3770 766 -99 -10164 5707 7975
3570 714 3 -10163 5693 6633
3059 677 158 -10294 7305 6133
2905 687 169 -10647 11004 5399
2409 747 121 -11206 13374 4344
1994 749 87 -11820 13347 3605
1770 730 48 -12959 11297 2559
1465 738 82 -14223 8653 1524
1202 718 81 -14914 7677 738
1059 659 -36 -15133 6901 43
1000 593 -236 -14393 6735 25
916 578 -349 -12100 7412 374
714 596 -338 -10034 7636 465
588 577 -298 -9091 6814 157
504 616 -230 -9131 5234 -239
375 618 -177 -9749 1870 -1387
286 622 -118 -10314 -2 -2482
438 506 0 -11261 -1517 -3877
656 444 100 -11893 -1430 -4426
718 448 110 -12634 -13 -4722
1585 -712 142 -20582 -3147 -4553
1973 -1156 -47 -19180 -10304 -2080
2300 -1309 132 -17294 -11822 1224
2693 -1376 686 -17129 -8433 3148
2618 -1257 1183 -19326 137 4180
2409 -1124 1217 -23299 6790 3485
2217 -939 890 -25867 7353 2873
2140 -955 589 -28172 3943 1985
2092 -989 341 -28015 -1464 1367
2131 -1134 86 -26219 -4082 1391
2219 -1165 98 -25006 -3867 1976
2252 -1159 124 -24210 -1566 3426
2214 -1081 241 -24845 -11 4472
2143 -1103 153 -27093 1326 5631
2120 -1172 1 -29905 2078 6323
2140 -1257 -280 -31744 2406 6529
2274 -1359 -493 -32768 3154 6720
2604 -1584 -826 -32768 3792 6897
2721 -1629 -955 -32768 5333 8012
3099 -1596 -1439 -32768 7182 10080
3189 -1182 -1853 -32768 7917 10878
3133 -1068 -1951 -32768 6448 9623
3059 -746 -2305 -32768 588 5983
4044 -465 -2312 -32768 -5898 3692
4340 -421 -2265 -32768 -14782 703
5225 -88 -2071 -32768 -17425 -2286
6170 492 -1620 -32768 -16073 -4023
6721 1003 -1343 -32768 -12473 -6652
6966 1799 -857 -32768 -11440 -9653
6708 2437 127 -32768 -12822 -16624
6638 2818 1011 -32768 -12833 -21745
6576 2998 2963 -32768 -10399 -28037
9282 -6727 5980 32767 15938 -32768
10766 -7386 4115 32767 16581 -32768
11294 -7837 3154 32767 26253 -32768
8120 -6799 1095 32767 32767 -32768
8141 -10379 -4343 32767 32767 -32768
9637 -9297 -1873 32767 21611 -32768
11020 -10229 -899 32767 32204 -32768
10614 -10607 -1792 32767 32767 -32768
8886 -10830 -3628 32767 32767 -32768
7725 -10386 -4588 32767 32767 -32768
6256 -9741 -4569 32767 32767 -32768
5468 -9346 -4103 32767 32767 -32768
4076 -9356 -3739 32767 32767 -32768
2594 -9367 -3936 27084 32767 -32768
1920 -9217 -4278 21555 32767 -32768
1282 -8599 -4682 19473 32767 -32768
1117 -8367 -4637 16783 32767 -29082
460 -7598 -4442 14687 32767 -21627
132 -6980 -4354 11168 32767 -11925
-120 -5428 -4391 7748 32767 -3641
-202 -4702 -4450 5750 32767 694
-336 -4091 -4635 4260 32767 4199
-458 -3178 -4943 4424 32767 4866
-391 -2965 -4892 5079 31395 5385
-177 -2408 -4447 4346 23167 6104
438 -1955 -3668 1673 18223 7830
944 -1789 -3302 -980 16514 10494
1477 -1549 -3005 -5492 17320 16682
2178 -777 -2594 -8347 18761 20989
2176 -552 -2564 -11247 20304 25174
2052 225 -2581 -11725 19750 26334
2063 484 -2540 -11063 15748 26450
2668 688 -2354 -9870 9503 26377
3789 493 -2057 -9025 4082 27202
4820 764 -1702 -8481 2837 28102
5035 1128 -1367 -7996 5412 27863
4918 1376 -979 -7635 9261 25154
4689 1368 -722 -7285 9719 22827
4692 1174 -485 -6507 7104 20525
4741 1124 -326 -5883 5071 20101
5001 1046 84 -5511 5029 21116
5329 1197 585 -6059 6234 22948
5369 1197 706 -7418 8950 25310
5247 1232 621 -7367 10202 25388
4727 1310 211 -6367 8212 23699
3858 1432 23 -4798 2556 18103
3324 1517 176 -5291 -2501 11154
2848 1552 630 -7304 -4012 7727
2605 1477 905 -11684 -4402 5409
2248 1213 942 -14165 -4735 5556
1999 974 812 -15549 -6314 7282
1610 682 544 -14238 -7297 9501
1558 609 564 -13069 -6891 10651
1383 579 853 -12757 -4181 11059
1245 575 983 -13795 -2018 10257
1073 568 929 -16300 -613 8099
892 406 657 -17894 -1351 6282
856 320 545 -19194 -2954 3645
859 69 278 -19003 -3305 2386
1016 -113 145 -18323 -2050 2668
1232 -349 49 -17323 1241 4322
1156 -385 -108 -16905 2738 5563
1061 -358 -178 -16556 1618 6230
710 -227 -268 -16689 -875 4606
501 -167 -219 -17117 -1725 2698
609 -183 -155 -18231 -1793 333
888 -266 -193 -18969 -1329 -209
975 -307 -217 -19439 -423 368
1105 -358 -384 -18436 1440 1587
1120 -333 -564 -16964 2327 2245
2600 -883 -396 -15222 62 4984
2751 -918 4 -15440 142 5386
2750 -913 235 -18147 -60 4905
2797 -865 301 -22021 -360 3951
2744 -1107 64 -24180 -733 3205
2886 -1507 -276 -25846 -1915 3375
3411 -2074 -759 -26114 -2804 6664
3914 -2324 -873 -26470 -2768 10095
4040 -2320 -789 -28430 -1404 14433
3826 -1986 -748 -32516 -302 14809
3372 -1596 -865 -32768 86 12351
3284 -1478 -1199 -32768 -412 7376
3688 -1256 -1743 -32768 -3004 5322
4436 -952 -2111 -32768 -8815 5643
5105 -369 -1919 -32768 -12067 7615
5446 -120 -1531 -32768 -11554 7137
5712 521 -857 -32768 -10815 4374
6057 980 -229 -32768 -8562 -3167
6167 1358 417 -32768 -6476 -9746
6166 1497 708 -32768 -6477 -18849
6355 1082 2194 -32768 -10270 -24210
7129 104 4365 -32768 -9588 -25039
7369 -804 5829 -32768 -2011 -24779
6630 -2159 7928 -32768 3130 -25574
5676 -3981 9605 -25799 2836 -26162
5640 -5578 10162 6442 718 -25215
6590 -7539 10539 29420 783 -23470
7280 -8182 10463 32767 9772 -23858
7682 -8841 9757 32767 18564 -27962
7919 -9784 7652 32767 24015 -32768
8582 -10545 5942 32767 24108 -32768
9040 -11164 4065 32767 24769 -32768
3131 -7155 -729 32767 24233 -32768
7247 -9690 -1017 32767 26560 -32768
7603 -10548 -1035 32767 28385 -32768
7488 -10334 -1092 32767 29527 -32768
6870 -9950 -1671 32767 30444 -32768
5570 -9195 -2622 32767 30405 -32768
4683 -8582 -3092 8564 32767 -25624
561 -3853 -3151 8261 32767 -21190
326 -3339 -3205 7917 32767 -14489
36 -2840 -3053 6710 32767 -8838
-83 -2590 -3048 6004 32767 -5628
-80 -2189 -3123 6034 28641 -1012
-146 -1926 -3047 6391 22262 3111
-124 -1331 -2710 6228 18165 5930
212 -976 -2550 5839 14017 11035
785 -752 -2419 5419 13037 17830
1135 -620 -2235 4354 12859 22953
1490 -534 -2050 1210 11507 30117
1863 -521 -1868 -1541 9519 32767
2767 -436 -1626 -5453 4805 32767
3222 -252 -1509 -7326 947 32767
3847 -82 -1172 -9039 -1487 32767
4633 -13 -576 -10348 321 32767
4874 -64 -417 -13265 6191 32767
5503 -42 -181 -16315 10239 32767
5711 249 -363 -17177 9437 32767
5660 461 -565 -16388 4777 32767
5647 589 -434 -14772 1050 32767
5646 661 -162 -14111 980 29784
5741 742 302 -14259 4499 24434
5531 859 486 -14745 8577 21327
5162 957 409 -15090 13267 17090
4593 916 -154 -13746 13299 13977
3921 993 -366 -12909 10536 12149
3477 1018 -235 -13001 7112 8892
2950 966 229 -14102 6667 6748
2841 935 303 -16340 8275 4127
2442 834 346 -18005 11232 2205
1992 744 312 -18495 12591 1355
1643 573 155 -17879 13371 1080
1447 509 7 -15468 11681 2336
1131 493 96 -13656 9992 3309
968 520 233 -11617 8696 3887
844 573 364 -10967 8835 3775
695 604 414 -10770 9363 3283
508 650 334 -10829 10162 1980
416 647 231 -11075 9313 528
319 601 65 -11219 6983 -220
287 542 -65 -10798 2335 -1025
329 409 -180 -9995 -246 -1254
434 351 -147 -8423 -2119 -1177
617 323 59 -7652 -1793 -662
751 323 262 -7992 -8 -262
851 331 392 -9558 3432 -267
937 333 352 -10761 4839 -848
1076 249 134 -11889 4631 -2067
1211 124 -74 -12019 3059 -2905
1269 94 -109 -11478 -419 -3743
1446 -9 -38 -10950 -2788 -4207
1633 -115 165 -10999 -3066 -4193
1756 -170 296 -11900 -2644 -3338
2009 -356 435 -12903 -2659 -2239
2197 -517 495 -14893 -3522 -320
2414 -725 555 -16883 -4173 983
2597 -901 597 -17978 -3854 1357
2646 -1014 621 -19080 -1590 1092
2655 -1060 633 -19574 914 633
2591 -1074 561 -20255 4716 -151
2464 -1073 335 -20439 6540 -637
2215 -990 -4 -20471 5483 -1145
2023 -976 -192 -20648 997 -1609
1917 -996 -267 -21132 -2573 -1695
2022 -1043 -224 -22485 -6140 -1069
2282 -1338 -220 -23901 -5136 438
2495 -1474 -309 -24726 -2552 1903
2729 -1625 -470 -26061 1890 4492
2780 -1684 -735 -27274 4735 5956
2675 -1688 -894 -30045 7451 7141
2581 -1509 -1319 -32768 6545 7798
2633 -1472 -1652 -32768 4369 8163
2844 -1395 -1922 -32768 1603 8371
3305 -1275 -1864 -32768 1478 8360
3465 -1182 -1870 -32768 4030 8486
3913 -790 -2181 -32768 4105 8364
3947 -429 -2470 -32768 -227 7392
3951 0 -2855 -32768 -12876 4421
4136 278 -2719 -32768 -23160 2134
5030 777 -1713 -32768 -31084 -973
6017 1502 -537 -32768 -27940 -3181
6505 1867 163 -32768 -15617 -7520
6700 2206 793 -32768 -6991 -11238
6522 2510 1284 -32768 -1582 -17439
5981 2502 2380 -32768 -2232 -21475
5746 1959 4886 -32768 -10735 -26398
5844 1180 6816 -32768 -20268 -29560
6481 173 8742 -32768 -19499 -30657
7338 -1839 10613 -20702 -8910 -32172
8302 -4263 11328 4421 -2231 -32288
8975 -5366 11246 32767 7937 -32768
8962 -6142 10907 32767 20908 -32768
8531 -6421 9958 32767 26756 -32768
8480 -6925 7299 32767 29365 -32768
9068 -7286 5461 32767 31337 -32768
9761 -7484 3212 32767 32767 -32768
7262 -10038 -3273 32767 32767 -32768
6304 -9141 -4544 32767 26025 -32768
8213 -8984 -2123 32767 13881 -32768
9424 -8658 -1536 32767 21913 -32768
9325 -9304 -3231 32767 32194 -32768
8608 -9104 -4644 32767 32767 -32768
7340 -8317 -4605 32767 32767 -32768
6322 -7831 -4417 32767 32767 -32768
5394 -7665 -4337 32767 32767 -32768
4523 -7729 -4655 30184 32767 -32768
4242 -7784 -4790 27151 32767 -32768
3533 -7791 -4596 24775 32767 -32768
2883 -7634 -4358 20881 32767 -32768
1752 -7110 -4262 18672 32767 -30424
711 -6442 -4345 15904 32767 -22877
169 -5981 -4372 13254 32767 -14575
-599 -5179 -4413 11642 32767 -9163
-968 -4572 -4475 10297 32767 -1897
-1267 -3533 -4337 10144 32767 2136
-1189 -3119 -4078 10323 31450 7377
-1036 -2814 -3794 10133 27134 12115
-371 -2318 -2879 8094 24102 17547
-8 -2066 -2419 5517 22515 21387
166 -1800 -2071 -5221 9735 27273
3979 703 -737 -5617 9760 25576
4280 736 -898 -5405 8265 22602
4711 627 -1027 -4310 6122 19474
5046 501 -955 -3421 4604 17422
5137 397 -753 -2516 4358 14207
5222 412 -285 -3153 5242 12488
5166 496 41 -5984 8172 10884
5013 504 230 -9729 12608 9941
4792 560 152 -12369 15642 10072
4770 420 -38 -13140 14956 11154
1280 639 -3 -15247 -6284 4246
1059 649 41 -13846 -9577 4899
944 698 380 -13582 -9298 4963
926 716 627 -14842 -5377 4309
949 683 846 -13227 4878 -1740
661 110 -223 -15806 4710 -3015
653 99 -383 -17143 2958 -3770
704 -13 -502 -18385 -617 -4465
872 -121 -514 -18731 -2480 -4262
1056 -128 -482 -18536 -3323 -2987
1189 -172 -436 -18013 -2026 -1060
1432 -204 -251 -17792 -170 321
1433 -214 -238 -17725 3536 1487
1359 -293 -365 -17849 5148 1543
1311 -447 -479 -18264 5267 1118
1580 -789 -831 -18600 3829 1247
1734 -923 -1001 -18579 810 2931
2287 -1576 -1506 -18730 -1413 5530
2647 -1731 -1791 -19271 -1548 7700
2803 -1941 -1920 -22256 -730 10237
2978 -2159 -2188 -28288 -755 11368
3341 -2756 -2775 -32768 -3240 11251
3812 -3256 -2916 -32768 -12904 11136
5020 -3672 -2437 -32768 -20771 11860
5743 -3829 -2071 -32768 -25925 12443
6501 -3895 -1923 -32768 -20199 9495
6802 -3814 -1863 -32768 -14914 5076
6994 -3588 -1750 -32768 -14264 -2303
7306 -3404 -933 -32768 -19820 -6223
7472 -3154 49 -32768 -29718 -9789
7707 -2642 1873 -32768 -30482 -11363
7378 -2192 3029 -32768 -19690 -14807
6608 -1560 4114 -32768 -7234 -20187
5306 -895 5082 -32768 -1977 -23177
4470 -554 5688 -32768 -1354 -24878
3619 -453 7353 -32768 -5432 -22458
3942 -1008 9713 -26279 -4315 -18302
4345 -1732 11941 -7251 4714 -10042
4247 -2167 12792 6759 13666 -6137
4109 -2963 12776 30327 25741 -5885
4994 -4699 11074 32767 26292 -7496
6293 -6009 9609 32767 15704 -11537
8908 -7715 6801 32767 9617 -17163
9587 -8137 6216 32767 8132 -30020
11195 -9530 4526 32767 10340 -32768
11299 -9772 4259 32767 29390 -32768
8796 -11027 -211 32767 17989 -32768
9787 -9907 1009 32767 13531 -32768
9896 -10355 848 32767 24143 -32768
9630 -10811 -112 32767 32767 -32768
7835 -10712 -1676 32767 32767 -32768
6676 -10263 -2812 32767 32767 -32768
5417 -8758 -4006 32767 32767 -32768
5126 -8336 -3929 32767 32767 -32768
3680 -7171 -3488 32767 32767 -32768
3020 -7013 -3693 31189 32767 -32768
2197 -6757 -4069 25967 32767 -32768
1956 -6624 -4105 20288 32767 -32768
1301 -6187 -3942 16057 32767 -32768
923 -5817 -3698 13639 32767 -28451
380 -5238 -3388 10769 32767 -20430
-112 -4565 -3328 9695 32767 -15714
-385 -4087 -3338 8975 32767 -9791
-624 -3413 -3265 8303 32767 -4723
-825 -2482 -3077 7758 32767 -1884
-809 -2301 -3003 6736 29196 1766
-801 -1645 -2510 5379 22413 4514
-666 -1312 -2184 4252 19244 6215
-408 -1149 -1985 2562 16629 9894
277 -587 -1658 996 15603 15382
491 -298 -1574 108 16028 19300
866 -124 -1508 -1476 15744 25425
1438 31 -1283 -3163 14057 29245
1874 240 -1094 -6055 9310 32767
2309 271 -836 -7944 4782 32767
3158 172 -362 -10528 -374 32767
4211 5 115 -11990 -660 32767
4554 -65 247 -13970 3928 32767
5246 -225 442 -15580 11987 32767
5603 -119 390 -16844 16515 32767
5488 -44 143 -17214 15608 32767
5404 13 100 -17020 8799 32767
5603 -11 327 -16623 3871 32767
5896 182 829 -16302 761 32767
6025 377 1050 -15782 3366 30353
5895 651 901 -14643 6873 26488
5616 766 605 -11757 10951 19826
5059 798 252 -9701 11590 15604
4730 801 176 -7481 10561 10799
4296 829 127 -6787 10036 8754
4019 846 99 -6676 10224 7258
3639 852 179 -8117 11425 5535
3357 819 202 -9961 12575 4330
3034 778 146 -12946 14318 2072
2508 682 -38 -14423 14784 429
2156 598 -189 -15307 13859 -1802
1577 493 -376 -14852 11898 -3152
1319 423 -362 -14233 10574 -3360
1246 410 -331 -13455 8954 -2792
1072 396 -241 -13052 7912 -1646
858 410 -80 -13114 7608 -998
770 384 -112 -13084 7960 -689
715 345 -373 -12655 8097 -863
702 345 -383 -12281 7290 -1366
685 435 -328 -12536 6071 -2057
664 463 -204 -13110 5520 -2739
662 471 -144 -14122 4147 -3774
650 373 -153 -14637 2425 -4481
684 289 -174 -14757 -541 -5494
870 95 -149 -14254 -3189 -6175
994 44 -83 -13684 -4221 -6584
1101 -31 4 -12820 -4005 -7219
1248 -79 207 -12528 -2329 -7693
1272 -74 319 -12861 -1053 -8037
1926 -1318 600 -23635 -2157 5037
1843 -1364 522 -24719 -3511 4126
1874 -1362 491 -25728 -3214 3336
1881 -1403 475 -27926 -1067 2700
1856 -1447 366 -29987 1410 3281
1767 -1548 -34 -30672 2309 4328
1587 -1651 -423 -30741 1122 6090
1444 -1769 -969 -30763 -2747 7983
1654 -1905 -1246 -31686 -5116 9308
1910 -1975 -1241 -32768 -5376 10831
2393 -2092 -1206 -32768 -1801 11194
2963 -2153 -1278 -32768 1223 10603
3349 -2086 -1738 -32768 2874 8479
3778 -2077 -2256 -32768 -2049 4819
4425 -1973 -2875 -32768 -8555 1794
5332 -1495 -2743 -32768 -20736 -1920
6162 -729 -2243 -32768 -30683 -2458
6958 571 -1575 -32768 -30234 -2887
7254 1401 -1053 -32768 -22682 -5942
7552 2276 167 -32768 -18918 -9395
7769 2661 1398 -32768 -17033 -14952
7820 2966 4438 -32768 -16952 -20446
7789 2568 7643 -32768 -16897 -23719
7940 1193 9935 -32768 -11483 -28794
8480 -191 11701 -25405 -1916 -31953
9897 -2665 14166 -4975 6311 -31750
10593 -5027 14260 27549 21781 -32213
9706 -6558 12087 32767 32767 -32768
9575 -7347 10085 32767 32767 -32768
9978 -7892 8123 32767 32767 -32768
11043 -8533 3937 32767 32767 -32768
11127 -8657 2888 32767 32767 -32768
4196 -4263 -1925 32767 32767 -32768
9947 -9337 -2894 32767 32767 -32768
10762 -9403 -2633 32767 32767 -32768
10993 -9674 -2893 32767 32767 -32768
10504 -9905 -3642 32767 32767 -32768
8819 -9928 -4702 32767 32767 -32768
7968 -9741 -4794 32767 32767 -32768
7086 -9246 -4552 32767 32767 -32768
5220 -8547 -4399 32767 32767 -32768
3746 -8342 -4504 26821 32767 -32768
2763 -8757 -4193 22055 32767 -32768
2480 -8879 -3979 15055 31565 -32768
1498 -8646 -3436 9875 32767 -32768
854 -8320 -3190 7544 32767 -32768
259 -7962 -3056 4889 32767 -26813
-240 -7275 -3086 2816 32767 -15023
-703 -6085 -3816 2468 32767 -7432
-994 -5505 -4269 3821 32767 1705
-1292 -4869 -4548 5831 32767 7153
-1381 -3986 -4518 6447 28996 9391
-1195 -3469 -4212 5172 24278 12344
-576 -2834 -3692 1412 23730 16545
122 -2250 -3220 -1898 24240 20324
618 -1873 -3049 -6655 24352 26929
1542 -1000 -2841 -9904 21372 32767
1854 -382 -2781 -10270 17688 32767
2324 81 -2689 -7939 13829 32767
2964 226 -2296 -5830 13365 32767
4367 607 -1225 -6020 14311 32767
4907 897 -870 -7839 14455 32767
5217 1130 -848 -7953 12077 32141
5447 1405 -1046 -4678 8605 29890
5455 1263 -1003 -18 6927 27105
5541 1150 -814 2483 9039 25724
5479 1140 -585 3581 14523 24516
5175 1182 -301 1820 17318 23929
4790 1215 -230 155 16272 23584
4633 1146 -232 -2645 10216 23560
4631 1078 139 -6397 1308 23806
4440 1013 501 -9955 -3363 22320
4134 870 802 -11970 -3704 19991
3921 707 951 -14108 -1643 15582
3813 560 1060 -14675 697 13120
3536 510 1003 -14288 3999 10604
3147 590 971 -13798 4920 9221
2456 767 997 -13840 4071 7127
994 -43 165 -15443 -254 2930
1023 -37 24 -16531 1225 1652
1041 -41 -57 -17628 2328 176
1073 -88 -483 -17392 1659 -910
1039 -222 -819 -16636 531 -1525
1030 -234 -936 -15235 -685 -2135
1045 -137 -916 -14454 -855 -2264
1001 -12 -744 -14682 -247 -2251
857 7 -568 -15918 1547 -2469
814 33 -489 -17712 2958 -2517
798 22 -460 -19166 1317 -2147
784 -18 -551 -19608 -1906 -1755
845 -40 -554 -19354 -7941 -1091
1069 -107 -500 -18561 -10962 -681
1441 -152 -355 -16632 -10356 -136
1679 -240 -229 -14826 -3706 136
1996 -339 -169 -14150 1468 427
2127 -336 -162 -14378 6683 1165
2004 -190 -221 -15391 8098 1195
1806 -313 -318 -18124 6484 -78
1676 -816 -656 -21003 1780 -1463
1883 -1199 -1155 -22325 -2169 -1283
2081 -1455 -1468 -23389 -7072 1069
2519 -1828 -1592 -24806 -8355 5584
3113 -2494 -1622 -26725 -6634 8919
3230 -2698 -1626 -32320 -3341 12614
3795 -3083 -1505 -32768 -4798 14317
4170 -3226 -1609 -32768 -7425 13726
4446 -3115 -1735 -32768 -11356 11091
4908 -2989 -1881 -32768 -12924 8719
5171 -2541 -2051 -32768 -13134 4675
5416 -2137 -1886 -32768 -16861 1349
6143 -1276 -918 -32768 -21901 -193
6917 -415 261 -32768 -28252 -2044
7119 -142 718 -32768 -24828 -4859
7095 1130 2887 -32768 -15906 -8264
6932 1408 3516 -32768 -3165 -14702
5949 1298 5698 -32768 152 -19808
5599 645 6676 -32768 -1620 -21319
5539 -336 8172 -32768 -5722 -20737
5537 -2380 11093 -22897 -3739 -19459
5629 -3621 12176 4778 1519 -16464
5976 -4720 12622 32158 10590 -12343
6748 -6061 12321 32767 17128 -11258
7984 -8191 9264 32767 22164 -15959
9159 -9329 7103 32767 15581 -24763
10008 -9844 5233 32767 3913 -32768
10415 -9863 3969 32767 -262 -32768
5359 -8552 338 32767 -2251 -32768
10090 -9820 2445 32767 29757 -32768
10824 -10841 62 32767 32767 -32768
10652 -11105 -738 32767 32767 -32768
8792 -10440 -1550 32767 32767 -32768
7442 -9801 -2025 32767 24965 -32768
6548 -9229 -3326 32767 22367 -32768
6305 -8793 -3534 32767 24921 -32768
5893 -8305 -3262 32767 30093 -32768
4882 -7602 -2892 26891 32767 -32768
3593 -7273 -3275 21208 32767 -32768
2546 -6989 -3647 15700 32767 -32768
1698 -6576 -3590 11735 32767 -32768
1188 -6114 -3435 9071 32767 -32768
718 -5670 -3238 4868 32767 -32768
-109 -4713 -3080 2313 32767 -28384
-415 -4239 -3080 -478 32767 -20257
-671 -3768 -3063 -1944 32767 -12590
-812 -2911 -2779 -2396 32767 -7672
-796 -2713 -2648 -2799 29379 -823
-665 -2135 -2265 -2813 26174 3250
-351 -1692 -2112 -1756 22292 9219
146 -1322 -1926 56 18842 15921
665 -854 -1615 1019 16775 23139
1018 -585 -1472 997 16063 27690
1617 -331 -1458 609 14129 32767
2040 -189 -1603 608 12377 32767
2738 -278 -1757 624 9316 32767
3581 -379 -1502 -512 8773 32767
4102 -325 -1354 -2441 11794 32767
4594 -123 -1316 -3749 14472 32767
4860 145 -1347 -5884 15592 32767
5244 731 -1692 -6909 11620 32767
5396 782 -1709 -7235 7769 32767
5639 929 -1241 -8266 6061 32767
5670 863 -816 -11408 5814 32767
5627 765 -314 -14884 7959 27737
5535 807 -328 -15861 9542 23583
5395 758 -603 -14131 10859 19024
4818 729 -880 -10681 10291 16262
4286 789 -584 -9195 9056 15149
3939 847 -398 -8689 7295 13763
3548 903 -350 -9265 7791 11835
2833 956 -303 -10192 9655 9805
2225 971 -279 -12359 12678 6944
2117 964 -295 -14914 14638 5594
1680 932 -332 -17207 13654 5325
1397 864 -388 -18161 11424 5053
1197 760 -423 -18400 6881 4418
906 597 -269 -17744 3454 3366
799 585 -49 -17496 2772 2492
706 695 274 -17829 4129 971
701 666 389 -18829 5421 -296
684 564 241 -19238 4657 -832
654 470 73 -18558 792 -1327
653 414 -33 -16664 -3758 -1716
747 328 123 -15580 -5361 -2035
938 301 434 -15115 -3659 -2718
1086 263 550 -15713 777 -3405
1187 130 487 -16203 3296 -4115
1105 81 200 -16300 4856 -5470
1046 20 21 -15938 4115 -6327
984 -8 -73 -15324 1010 -7253
959 -95 -9 -15577 -2019 -7486
1139 -294 258 -16904 -3055 -6659
1175 -453 367 -18195 -2897 -5697
1220 -487 442 -20313 -2107 -3903
1369 -812 500 -22331 -1679 -1925
1654 -999 492 -23451 -1783 -82
2144 -1348 401 -24291 -3649 3534
2293 -1512 320 -24283 -5585 5568
2288 -1514 343 -24038 -6597 6898
2288 -1392 583 -24674 -2826 6234
2189 -1267 712 -25675 1387 5171
2089 -1191 570 -27312 5844 3847
1841 -1149 56 -28134 6409 3552
1725 -1156 -152 -29029 3081 4102
1685 -1187 -281 -29854 -3040 5627
1859 -1433 -287 -30784 -8032 7897
2186 -1642 -303 -31375 -9133 9642
2410 -1714 -292 -32396 -7480 12293
2692 -1761 -353 -32768 -3663 14159
2807 -1758 -358 -32768 -1179 15020
2987 -1680 -209 -32768 1654 15762
3105 -1372 -355 -32768 3969 15878
3145 -1293 -447 -32768 3481 16012
3356 -1144 -762 -32768 1342 16242
3514 -1027 -781 -32768 -87 15896
3690 -870 -506 -32768 -3543 14735
3944 -787 -311 -32768 -8567 13612
4533 -302 -35 -32768 -10369 12914
4918 69 46 -32768 -7045 11610
5031 424 199 -32768 1448 8321
5128 974 383 -32768 6139 5260
4905 1177 330 -32768 5069 -536
4497 1524 209 -32768 -1665 -4619
4587 1708 340 -32768 -10360 -9671
4939 2507 1128 -32768 -10027 -12275
5150 3078 1585 -32768 -1050 -15239
5212 3454 1912 -32768 9305 -18199
4443 4603 2962 -32768 11699 -21178
4181 4738 3381 -32768 6656 -27572
3685 4937 5023 -32768 -1394 -32768
4435 3259 7206 -32768 -5122 -32768
5383 1675 7960 -31282 -3760 -32768
6755 -1035 8848 -3379 151 -26268
7378 -2453 9575 29445 3059 -19524
8454 -4379 10982 32767 7944 -19001
9361 -5417 10908 32767 19389 -26806
9978 -7320 9004 32767 22392 -32768
11430 -8874 6854 32767 20059 -32768
12365 -9752 5332 32767 24416 -32768
12287 -10338 4040 32767 30186 -32768
9741 -9291 9022 32767 32767 -32768
7717 -12492 -3273 32767 26494 -32768
9254 -11295 -886 32767 25748 -32768
10209 -11058 -327 32767 32767 -32768
9804 -11333 -2678 32767 32767 -32768
7837 -10621 -4219 32767 32767 -32768
6917 -10190 -4338 32767 32767 -32768
6337 -9645 -3975 32767 31580 -32768
5739 -9105 -3614 32767 27918 -32768
5119 -8853 -3431 28484 32767 -32768
3518 -8395 -3452 23184 32767 -32768
3083 -8147 -3541 17209 32767 -32768
1803 -7263 -3944 14185 32767 -32768
745 -6634 -4234 12988 32767 -32768
268 -6262 -4292 10834 32767 -27492
-264 -5620 -4288 7656 32767 -19316
-658 -5003 -4344 5825 31893 -14087
-657 -4673 -4315 4176 27296 -6173
-530 -4057 -4044 3203 27314 1374
-303 -3246 -3450 1567 29247 8037
-291 -2792 -3160 -44 30386 11722
-262 -2203 -2900 -2747 30494 16017
-386 -1854 -2872 -5298 24301 18264
-407 -1546 -2895 -6538 16850 19110
-72 -1462 -2881 -7221 5140 21220
1252 -1177 -2185 -7494 -413 25199
1897 -854 -1635 -7852 1313 28142
2491 -61 -1251 -7760 9692 31203
2651 349 -1218 -6982 19185 31683
2945 805 -1281 -6759 23213 30963
3150 1066 -1369 -7157 20976 29280
3630 1365 -1438 -7159 8312 27939
4025 1368 -1384 -6193 -598 27024
4836 1490 -1162 -3252 -5163 25266
5279 1398 -812 -777 2420 22502
5391 1189 -414 -207 10240 20087
4955 1173 -390 -508 17867 16738
4490 1215 -445 -1628 16384 14734
4011 1249 -338 -2775 11526 14646
3925 1103 -100 -4840 2662 16851
3909 918 54 -6203 -2888 19354
4054 667 289 -7480 -7853 23742
4141 190 212 -6400 -7275 26069
3898 70 -56 -4390 -5073 25348
3576 65 -183 -1407 -1697 21619
3298 81 20 -1024 733 17121
3117 176 467 -2608 2806 14593
3034 246 773 -7025 7713 12106
2849 453 1030 -10477 11940 11225
2545 568 981 -15419 16081 10657
2123 601 705 -18932 11807 10235
1886 550 498 -19909 5678 9682
1710 434 356 -19468 -3774 8281
1561 344 374 -18393 -7718 6865
1463 281 468 -16516 -8034 4237
1402 241 493 -15170 -3379 1565
1304 215 485 -14780 699 84
1203 229 393 -14780 5908 -1390
985 199 197 -14990 8296 -2008
835 199 69 -15352 9757 -2413
559 233 -229 -15440 9106 -2412
503 238 -278 -15512 6080 -2276
424 261 -413 -15424 2203 -1828
510 239 -544 -15157 52 -1461
545 209 -540 -14743 -1760 -1014
537 189 -413 -14869 -1850 -780
674 318 -128 -15308 -693 -532
701 352 -100 -16103 3328 -174
772 362 -46 -16815 6044 -240
866 242 -173 -17750 8082 -665
999 55 -458 -17633 6750 -553
1160 19 -590 -16126 2271 832
1420 -28 -648 -14567 -1035 2281
1560 -90 -606 -12147 -3460 4089
1777 -77 -206 -11415 -2891 4543
2243 -390 374 -12241 -1680 4225
2448 -713 452 -14721 705 3355
2668 -958 406 -16951 1601 2939
2937 -1102 322 -17709 105 3093
2923 -1243 221 -17498 -2607 2813
2949 -1520 107 -16770 -3169 2336
3053 -1600 82 -15646 -2921 2344
3368 -1801 -1 -15329 -2570 3034
3529 -1930 -32 -16463 -2313 4669
3586 -1941 96 -18700 -2265 5927
3478 -1753 200 -23634 -1650 7461
3310 -1653 123 -27014 301 7861
3247 -1543 -7 -31247 4412 7948
3251 -1402 -301 -32768 7983 7432
3194 -1481 -720 -32768 7300 6727
3393 -1575 -1195 -32768 -1179 5648
3519 -1813 -1375 -32768 -10771 4174
4210 -1732 -1016 -32768 -14097 3313
4646 -1547 -760 -32768 -10098 2157
4916 -1158 -698 -32768 2954 144
4972 -266 -876 -32768 9077 -3732
4782 376 -1189 -32768 2716 -7155
4795 641 -1229 -32768 -16533 -12883
5048 1162 -381 -32768 -28107 -19492
5441 1263 712 -32768 -25406 -23521
5753 1343 2733 -32768 -12944 -27896
5423 1148 4856 -32768 -4066 -29956
4887 362 5669 -32768 -4764 -30034
3781 -1127 7303 -32768 -12816 -29458
3704 -1618 8005 -23364 -21824 -27173
4864 -3099 10819 5630 -11272 -21292
7278 -4802 13186 22624 3580 -15765
8141 -5925 13385 32767 25036 -12138
8509 -7514 11160 32767 28428 -15001
8514 -8783 8336 32767 18305 -27828
8939 -9237 6635 32767 7191 -32768
9688 -10100 4943 32767 5249 -32768
8218 -11197 4204 32767 29128 -32768
8778 -10606 2392 32767 23016 -32768
8577 -10131 -313 32767 27537 -32768
9385 -10104 -316 32767 32767 -32768
9186 -9777 -690 32767 32767 -32768
8121 -9463 -1429 32767 32767 -32768
6744 -9275 -2161 32767 27062 -32768
6757 -9144 -2803 32767 20230 -32768
6547 -8616 -3061 32767 22057 -32768
6014 -8219 -2831 32767 25791 -32768
5199 -7713 -2661 30206 31096 -32768
3718 -7103 -2677 24446 32767 -32768
2282 -6636 -2934 16369 32767 -32768
1190 -6058 -3369 12315 32767 -32768
645 -5656 -3602 8278 32680 -32768
226 -5215 -3652 4760 32208 -32768
-182 -4464 -3336 2185 32767 -28353
-278 -4089 -3266 -1327 32767 -16311
-519 -3507 -3321 -3364 32767 -4607
-626 -3108 -3458 -3449 32767 5558
-720 -2355 -3634 -2653 29320 11186
-686 -2161 -3583 -1438 22909 18426
-148 -1740 -3410 -1170 19995 23130
368 -1558 -3219 -1927 18029 30331
1323 -1264 -3152 -3285 18518 32767
2956 -808 -2847 -4721 18425 32767
3715 -393 -2515 -8005 15999 32767
4455 108 -1684 -12551 13284 32767
4797 319 -1215 -16671 13745 32767
4890 377 -1039 -17891 15979 32767
4828 335 -1091 -17038 18099 32767
4603 246 -861 -15413 16732 32453
4586 164 -714 -12878 12918 25954
4426 108 -250 -11042 11973 23673
4063 339 282 -10928 12995 23836
3785 525 627 -12694 15327 25316
3137 834 843 -14483 16223 26342
2926 872 831 -16899 14637 26387
2108 974 540 -17355 9902 23688
1861 938 227 -15777 6668 21051
1710 986 -70 -11107 3602 17276
1666 1285 -94 -6849 3058 14791
1760 1359 186 -5967 3441 13995
1782 1465 449 -7522 4500 13212
1509 1594 589 -9811 4514 12249
1349 1571 479 -13248 2576 9758
1426 1363 389 -14906 169 7843
1815 1133 302 -15727 -2188 5779
2118 979 224 -14573 -1702 4598
2588 854 181 -12795 1245 3489
2704 816 266 -12274 3726 1960
2599 829 327 -13024 6347 -2253
2519 725 233 -14571 5611 -7376
2772 169 -117 -15486 2082 -9852
3031 -52 -184 -16293 -4647 -11282
3297 -259 -225 -16032 -6872 -10715
3552 -536 -274 -15164 -5502 -9905
3479 -712 -441 -13579 -1334 -8982
3237 -826 -493 -12806 1308 -9043
2815 -855 -482 -13326 1509 -9374
2520 -875 -419 -15670 -240 -9582
2322 -847 -163 -18100 -2103 -8879
2303 -785 -48 -21416 -2469 -6469
2202 -820 50 -23215 -186 -3347
2113 -827 24 -23175 2266 -1215
1801 -767 -66 -21773 5904 1636
1595 -666 -69 -19726 7855 3325
1181 -503 -55 -18589 7857 3415
1038 -486 -43 -17801 5567 1979
775 -469 155 -18045 3252 652
779 -466 234 -19225 -134 -398
877 -421 372 -20141 -1664 -177
911 -607 339 -20075 -1151 224
831 -649 226 -18775 109 1362
761 -657 113 -17444 494 2513
682 -948 141 -16320 -530 4425
739 -1042 179 -16469 -1782 5762
799 -1027 182 -17694 -3247 7545
859 -1056 156 -19604 -2820 8271
963 -1090 -19 -21564 -174 8198
1200 -1226 -390 -22738 1641 8282
1508 -1543 -1124 -24112 3601 8844
1716 -1907 -1458 -26726 2410 10008
2095 -2036 -1585 -29840 -52 11570
2607 -2153 -1554 -32768 -4794 13929
2923 -1852 -1341 -32768 -6409 14501
3093 -1578 -1236 -32768 -4409 12092
3732 -1412 -1295 -32768 -1140 8658
4122 -1378 -1356 -32768 179 4701
5280 -1411 -1673 -32768 -9211 3556
5804 -1128 -1923 -32768 -19528 2777
6056 -882 -1612 -32768 -29630 -184
6850 -211 -624 -32768 -21976 -4135
7930 1100 731 -32768 -4011 -8183
7889 1682 1117 -32768 3648 -11335
6827 2411 1346 -32768 2140 -17871
5844 2572 1918 -32768 -6228 -23475
4890 2406 4068 -32768 -19855 -31960
5281 1929 7188 -32768 -26053 -32768
6089 1049 9081 -32768 -20124 -32768
7094 -353 10733 -12824 -2810 -29772
8178 -3172 11970 6894 5016 -25399
7846 -3778 11778 32767 14441 -26548
7454 -4024 11266 32767 23010 -32768
8465 -4873 8853 32767 27656 -32768
9384 -5414 7063 32767 32767 -32768
9619 -5789 5178 32767 32767 -32768
8841 -6068 2346 32767 32767 -32768
7297 -5197 320 32767 32767 -32768
8555 -6076 -1409 32767 32767 -32768
9702 -6897 -2100 32767 32767 -32768
9407 -6991 -2955 32767 32767 -32768
8803 -7052 -3457 32767 32767 -32768
7548 -7454 -3832 32767 32767 -32768
6674 -7215 -4137 32767 32767 -32768
6051 -6812 -4190 32767 32767 -32768
4261 -6100 -3477 32767 32767 -32768
3815 -5995 -3301 26305 32767 -32768
2455 -6137 -3155 20760 32767 -32768
1521 -6469 -3331 15605 32767 -32768
1263 -6386 -3599 13361 32767 -31381
998 -5915 -3595 12761 30264 -24021
635 -5606 -3249 11572 29506 -13945
102 -5116 -2791 8812 32767 -6418
-675 -3928 -2423 5492 32767 13
-734 -3652 -2425 3729 32767 4232
-778 -2958 -2541 2356 32767 9841
-827 -2468 -2640 1827 32311 12776
-685 -2050 -2727 1508 23704 16075
-490 -1893 -2740 2032 15054 18400
23 -1674 -2528 2388 10588 19832
604 -1480 -2180 2378 8657 21872
1009 -1352 -1936 1499 10326 23146
1441 -1235 -1719 -1209 14209 24687
1712 -1182 -1723 -4377 16890 26448
2205 -878 -1811 -7300 14438 28691
2268 -367 -1824 -8670 10124 29792
2312 -56 -1868 -8555 3924 29827
2551 467 -1641 -6823 2652 27860
2850 668 -1490 -5045 6947 25360
3538 743 -1347 -4400 10298 24673
4064 666 -1179 -5009 13476 25453
4277 788 -1057 -6855 12554 25800
4178 959 -1045 -7883 9701 24918
4126 939 -1043 -8465 3850 21891
4299 873 -914 -8227 1799 19173
4574 900 -817 -7529 4006 15519
4720 877 -409 -7706 9195 12825
4544 906 -224 -8436 12074 11733
4425 864 -142 -9975 12135 11490
4340 790 -79 -10662 8384 12891
4097 660 75 -10349 5219 14079
3815 572 122 -8697 1571 14580
3548 539 174 -6291 -87 13619
3237 567 545 -5206 468 12579
3172 629 770 -5374 3238 11323
3052 686 905 -7428 5610 10636
2794 620 926 -9216 4716 10156
2554 401 784 -10730 -500 9391
2327 405 626 -10619 -4489 9160
2283 377 700 -9900 -6229 8514
2312 384 1058 -10082 -2444 7911
2254 320 1229 -10741 1005 7562
2120 327 1231 -12187 4919 6798
1734 240 1092 -13105 6926 5588
1412 144 961 -14008 9899 2573
833 -171 334 -14181 11381 55
527 -375 -340 -13911 12036 -3178
489 -471 -597 -13145 9611 -4585
302 -989 -1400 -12583 6158 -4361
338 -1482 -1916 -12398 -62 -2144
397 -1821 -2110 -13861 -3056 1216
262 -2127 -2404 -17831 202 3282
-35 -2196 -2729 -22120 4723 3737
-28 -2267 -3449 -30036 10378 4669
-65 -2377 -4107 -32768 7504 6643
-41 -2676 -4614 -32768 -1365 8673
341 -2903 -4328 -32768 -17075 12418
729 -3046 -3839 -32768 -25652 15654
1747 -2898 -2873 -32768 -25297 17269
2450 -2755 -2431 -32768 -14496 17872
3970 -2035 -2533 -32768 -4935 17134
4747 -1585 -2929 -32768 -1370 14597
5731 -992 -2943 -32768 -12261 9143
7105 -143 -1582 -32768 -22299 281
7886 345 -428 -32768 -21919 -7123
8918 894 1556 -32768 -11761 -17698
9418 805 2486 -32768 1002 -24443
9667 51 3424 -32768 5798 -26236
8975 -891 4100 -32768 7577 -28648
7210 -2234 6541 -32768 4765 -30148
6263 -3121 8886 -32768 -2363 -27880
6553 -4637 11573 -9586 -2600 -16978
8031 -6491 12300 11458 6398 -9496
8165 -6682 12015 32767 20410 -5028
7881 -7438 10252 32767 15096 -12479
8475 -8142 8522 32767 3909 -21606
9237 -8523 7726 32767 -9112 -32768
10068 -9160 6383 32767 -9871 -32768
10079 -9960 4332 32767 -3334 -32768
7640 -9122 1346 32767 5557 -32768
6515 -10573 -508 32767 -867 -32768
7421 -9741 456 32767 -7452 -32768
7763 -9661 1021 32767 -663 -32768
6565 -9511 -479 32767 18685 -32768
5332 -9058 -1810 32767 32129 -32768
4800 -8528 -2076 32767 32767 -32768
4356 -7977 -2098 32558 32767 -32768
3523 -7237 -2094 25888 32767 -32768
3058 -6919 -2220 22088 32767 -32768
2433 -6259 -2627 18182 32767 -32768
2033 -5649 -2757 16515 32767 -32768
1928 -5521 -2769 14682 32767 -32768
1573 -4874 -2575 12730 32767 -30069
1388 -4468 -2601 11586 32767 -26186
1145 -4113 -2644 10618 32767 -20409
758 -3617 -2887 10614 32767 -16542
561 -3151 -2995 11252 32767 -11130
260 -2597 -3105 12244 30119 -7396
91 -1836 -2806 12409 25906 -5137
126 -1568 -2646 11952 24533 -3727
183 -1385 -2484 10351 22281 -913
273 -1107 -2355 9034 20667 1313
394 -915 -2255 7116 20360 4824
579 -719 -2170 5001 20922 8986
777 -238 -1991 2158 18900 13838
1088 416 -1734 -19 16194 16745
1306 564 -1625 -3279 10717 19998
1693 652 -1456 -5115 6487 21863
2254 619 -1200 -7598 -1 25297
3170 291 -810 -8935 -2308 27836
3949 129 -556 -10654 -257 31635
4877 -73 -349 -11570 3174 32767
5234 55 -336 -12674 6179 32767
5458 189 -153 -14477 5075 32767
5541 261 159 -16138 3569 32767
5549 335 316 -18098 3218 32767
5661 452 77 -18221 4253 32767
5649 571 -160 -16852 5681 30751
5383 757 -523 -15451 6143 28729
5144 882 -560 -14164 6484 25217
4555 1166 -353 -14085 6664 22912
4399 1321 -323 -14400 7081 19922
3659 1777 -424 -14155 6219 16835
3481 1822 -458 -13690 5895 14430
3064 1818 -384 -13482 6703 10724
2881 1709 -176 -13934 7857 8752
2712 1576 -114 -14804 9333 6343
2209 1218 -252 -14791 8657 4237
1966 996 -407 -13800 7563 3066
1786 831 -491 -11181 6051 2148
1606 722 -423 -9484 5996 2064
1486 648 -268 -8355 7190 2221
1269 594 27 -8657 8388 2331
1115 560 35 -10036 10238 1958
834 439 -135 -11013 10801 1043
694 356 -267 -11901 9896 -763
649 155 -381 -11744 7593 -1792
756 23 -468 -11088 6046 -1413
769 -11 -393 -10023 4661 -224
626 -35 -186 -9761 4769 222
532 -44 -57 -10014 5939 282
416 -51 88 -10680 6920 -49
318 -122 117 -12147 7819 -1014
139 -260 -34 -13408 6292 -2021
100 -363 -191 -13902 2709 -2529
109 -706 -362 -13731 -3804 -2928
255 -778 -368 -12944 -7856 -2286
374 -1124 -102 -13092 -7993 -1747
513 -1453 109 -15165 -2970 -525
789 -1867 353 -17820 1689 1099
958 -2147 307 -22570 6562 4949
1001 -2511 -19 -25742 6800 7695
798 -2808 -347 -30346 2880 10307
934 -3513 -798 -32768 -1136 11409
1623 -4128 -921 -32768 -6740 14671
3431 -4940 -966 -32768 -6711 20048
4110 -5034 -1009 -32768 -1882 22618
4294 -5118 -1069 -32768 8279 20912
4330 -4864 -1076 -32768 11540 16354
4175 -4413 -1591 -32768 4846 7482
4226 -4434 -1760 -32768 -15450 1072
5359 -4859 -1891 -32768 -28682 199
5769 -4903 -1688 -32768 -32768 2411
7194 -4430 -443 -32768 -30327 4376
7641 -3797 833 -32768 -19606 3785
7030 -1290 3748 -32768 -16261 133
6575 122 5536 -32768 -18439 -8677
6689 1119 7746 -32768 -23689 -16866
7316 1445 9547 -32768 -18630 -21380
9083 1291 12042 -32768 -3858 -25392
10514 291 15001 -14606 2180 -28164
10452 138 15255 17398 9275 -32768
10003 -1069 13135 32767 22106 -32768
10030 -1678 11756 32767 32263 -32768
10202 -3031 9561 32767 32767 -32768
10039 -3945 7281 32767 32767 -32768
9465 -5346 3477 32767 32767 -32768
7581 -7605 -2003 32767 32767 -32768
7246 -6178 -3274 32767 32767 -32768
9096 -7112 -1250 32767 32767 -32768
9743 -7346 -1388 32767 32767 -32768
7961 -7729 -3914 32767 32767 -32768
6907 -7225 -4083 32767 32767 -32768
6238 -6646 -3802 32767 32767 -32768
5429 -6312 -3357 32767 32767 -32768
4312 -6187 -3173 32767 32767 -32768
3454 -6138 -3018 32767 32767 -32768
2677 -6448 -2728 29414 32767 -32768
2313 -6419 -2484 23063 32767 -32443
1548 -6221 -2510 14902 32767 -25461
1158 -5969 -2766 10058 32767 -19677
628 -5489 -3055 7695 29119 -14003
72 -4756 -2590 4998 28314 -8639
-82 -4350 -2444 2985 29226 -4924
-187 -3994 -2439 541 29249 862
-240 -3429 -2679 -558 25711 6393
-367 -2909 -2839 -781 21577 9055
-300 -2421 -2796 -869 15343 11456
-131 -2158 -2684 -1005 10811 12916
277 -1929 -2477 -1077 9058 14126
925 -1788 -2314 -1205 8458 17400
1436 -1684 -2203 -1957 8226 23176
1990 -1298 -1863 -3384 7952 27144
2342 -678 -1485 -6755 7701 31106
2384 -291 -1466 -8812 6284 31663
2234 87 -1606 -9537 1425 29244
2551 607 -1750 -8334 -2164 26695
2803 661 -1701 -5581 -3605 24199
3952 568 -1455 -3403 566 25153
5087 528 -1183 -2754 4494 27230
5355 776 -1095 -2573 8086 29090
5049 936 -1143 -2351 7591 26256
4515 960 -992 -2432 5730 22605
4537 992 -801 -4557 4214 17872
4712 1032 -14 -7788 5644 16502
4973 947 567 -14091 9502 17348
4951 784 629 -17659 10841 18653
4742 479 407 -19135 9128 19786
4298 243 -98 -15151 4018 19289
3597 58 -261 -11078 1136 17372
3263 70 -15 -6591 635 13692
2928 192 642 -6570 5437 10954
2438 366 1134 -8822 9077 9831
2038 462 1108 -13457 11268 8642
1268 454 580 -16158 8329 7938
1147 388 451 -18452 -372 7055
1200 -125 168 -17830 -8783 7339
1523 -243 40 -15898 -10949 8260
1681 -333 209 -13009 -7026 9390
1837 -240 388 -11918 -388 9624
1615 -123 444 -12510 10311 8685
1226 -20 272 -14207 15090 7222
965 -36 74 -17445 18420 4160
655 -5 -278 -20299 17025 1049
426 -127 -614 -21636 13663 -751
362 -222 -769 -22729 6654 -2471
413 -447 -1021 -22544 2164 -2664
515 -538 -1066 -21268 -2228 -1387
741 -617 -901 -20356 -3527 1257
903 -593 -670 -20565 -2473 3261
880 -560 -538 -22271 698 5636
847 -458 -433 -25197 3117 6520
815 -451 -493 -27140 3815 6383
842 -490 -559 -29024 3043 5798
1019 -774 -891 -29052 -1050 5750
1304 -1079 -1179 -28241 -4385 6339
1606 -1285 -1111 -27224 -7124 8416
2445 -1441 -909 -27289 -5994 10498
2557 -1502 -858 -29145 -987 12875
2840 -1605 -745 -32768 5289 13451
3173 -1733 -725 -32768 7267 12845
3438 -1798 -653 -32768 3645 10573
4137 -1958 -634 -32768 -769 8509
5146 -2324 -1141 -32768 -7169 5267
6150 -2440 -1635 -32768 -12632 3095
6648 -2100 -1633 -32768 -13130 1902
6977 -1583 -1448 -32768 -10038 -1393
6760 -536 -951 -32768 -8258 -5532
6514 256 -390 -32768 -10140 -12886
6486 1221 534 -32768 -12867 -19255
6636 1765 1822 -32768 -11012 -23021
6658 2035 2876 -32768 -3789 -28133
6476 1622 3928 -32768 1295 -30696
6015 1022 4213 -32768 5667 -32430
5364 -193 4327 -32768 6011 -31737
5119 -1241 5270 -32333 2085 -28193
5000 -2472 7634 -14296 1843 -22690
5031 -3578 9686 -3702 6202 -18551
5201 -4717 9908 15639 16555 -12072
5561 -7428 8627 30975 21679 -7919
5591 -7948 8057 32767 18376 -4023
6175 -9701 6434 32767 8732 -4038
7052 -10267 5327 32767 -5507 -10232
7134 -9955 5027 32767 -8565 -20533
7485 -10044 4766 32767 -2652 -32768
8125 -10543 3949 32767 8271 -32768
6585 -9872 -30 32767 15226 -32768
6683 -10867 -832 32767 17313 -32768
6421 -9669 -867 32767 13322 -32768
6711 -9672 35 32767 12424 -32768
6628 -9482 -184 32767 19067 -32768
5646 -9063 -1650 32767 25528 -32768
4961 -8559 -2267 32767 32767 -32768
4298 -7711 -2486 32767 32767 -32768
3764 -7001 -2545 31588 32767 -32768
3430 -6568 -2670 24022 32767 -32768
2906 -6162 -2986 20434 32767 -32768
2608 -5928 -3074 17263 32767 -32768
2158 -5458 -2834 15770 32767 -32768
1958 -5197 -2782 13614 32767 -32768
1688 -4959 -2960 11933 32767 -28199
1309 -4518 -3272 11127 32767 -23829
1027 -4150 -3395 10392 32767 -18049
471 -3590 -3601 10490 32767 -15301
242 -3214 -3626 11353 29500 -11837
207 -2752 -3438 11874 24646 -7717
472 -2290 -2798 11185 23184 -4360
531 -2154 -2660 8857 23170 1271
784 -1570 -2582 7272 23873 5416
885 -1302 -2570 5068 22709 12326
1128 -960 -2611 3066 17719 19636
1219 -922 -2648 2123 13096 24178
1697 -792 -2620 795 5748 30610
2679 -575 -1874 -936 1690 32767
3229 -402 -1474 -4730 1251 32767
3845 -352 -1219 -9001 6919 32767
4556 -259 -1056 -13043 11651 32767
5239 -187 -1166 -15288 13493 32767
5506 53 -1214 -18115 13375 32767
5702 777 -1144 -19888 8242 32767
5826 1060 -951 -20236 3759 32767
5768 1192 -697 -20178 422 32767
5748 1210 -139 -20725 2237 31241
5601 1190 306 -21476 5108 25317
5317 1186 444 -22357 8760 18156
4996 1136 320 -21607 10230 13575
4309 1152 -32 -19798 9826 11411
3696 1072 -292 -16006 7611 9029
3370 1096 -307 -12745 5496 7245
2926 1053 -27 -11880 5102 6110
2655 1096 168 -12354 6765 4290
1960 1030 275 -13829 9778 1756
1659 979 231 -14842 11376 76
1408 838 73 -15685 11617 -1730
1176 585 -162 -15651 9362 -2162
1000 380 -308 -14444 5548 -1735
893 246 -229 -12795 4032 -687
836 202 -60 -12134 4344 97
685 211 145 -12160 6456 816
536 207 208 -12630 7976 816
374 206 201 -13434 8841 479
202 215 106 -13862 7299 121
79 176 -4 -13993 2427 -765
60 106 -21 -13150 -1969 -1763
273 23 -53 -11945 -3573 -1941
437 -16 54 -10120 -3188 -1763
563 -77 324 -9654 -873 -1686
676 -172 540 -10534 3288 -1400
745 -235 591 -12706 5564 -313
899 -262 557 -14398 5481 709
867 -332 459 -16457 3733 1199
803 -403 291 -17457 3 630
1099 -782 168 -17552 -2811 722
1478 -1027 179 -17359 -5228 2604
1924 -1269 416 -18050 -3627 5597
2253 -1462 768 -19428 -1130 7614
2252 -1459 801 -22556 3066 9555
2147 -1516 781 -24963 4909 9675
2060 -1655 630 -28137 5739 8716
2081 -1876 231 -29913 3895 7924
2119 -2097 -241 -30026 1294 8062
2144 -2111 -537 -29892 509 8519
2145 -2093 -578 -30544 2002 9192
2128 -2047 -1017 -31691 4452 9401
2183 -2026 -1278 -32768 8173 9561
2253 -2093 -1575 -32768 7773 9341
2499 -2450 -2062 -32768 3484 8853
2916 -2513 -2243 -32768 -5582 8095
3691 -2521 -2364 -32768 -12798 6691
4791 -2437 -2088 -32768 -13543 5115
5745 -2119 -1798 -32768 -9601 2629
6549 -1527 -1701 -32768 -7209 665
7254 -144 -1856 -32768 -9055 -1105
7276 173 -1811 -32768 -14615 -6161
7417 1092 -865 -32768 -16833 -10931
7786 1713 1068 -32768 -16860 -18187
7466 2172 3373 -32768 -15023 -24381
7097 2256 5268 -32768 -14976 -27589
6834 1732 6980 -32768 -11104 -30215
7076 571 9182 -32768 -4777 -30255
7733 -1633 11926 -29958 1271 -28358
8350 -3777 14025 2846 7069 -27367
8647 -5252 14006 32767 19784 -31113
8832 -6090 12763 32767 32767 -32768
9259 -7452 9603 32767 32767 -32768
9747 -7999 7421 32767 32767 -32768
10366 -8155 3559 32767 32767 -32768
10447 -8154 1752 32767 32767 -32768
10705 -8215 350 32767 32767 -32768
9994 -9022 -3433 32767 32767 -32768
11250 -7935 -3668 32767 32767 -32768
12268 -8472 -2862 32767 32767 -32768
12240 -8684 -2969 32767 32767 -32768
10963 -9352 -4141 32767 32767 -32768
9396 -9855 -5558 32767 32767 -32768
8619 -9510 -6018 32767 32767 -32768
6994 -8628 -4992 32767 32767 -32768
5380 -8315 -4284 30600 32767 -32768
4323 -8823 -4452 24282 32767 -32768
3634 -9016 -4831 18840 32767 -32768
2394 -8718 -5459 18073 32767 -32768
1013 -8144 -5156 17151 32767 -30950
-65 -7653 -4318 14940 32767 -26828
-554 -6742 -3631 9429 32767 -19474
-746 -5774 -3474 3197 32767 -11085
-863 -5367 -3702 200 32767 -5961
-984 -4868 -4016 -1657 32767 814
-1159 -4074 -4297 -1739 32767 6617
-1271 -3313 -4294 -1447 30753 10006
-1199 -2864 -4172 -689 24996 14754
-743 -2409 -3991 -273 20964 20098
504 -1774 -3094 -1770 17499 25158
895 -1306 -2603 -6725 12758 32706
956 -891 -2205 -12015 11922 32767
1174 -263 -1939 -14307 11750 32767
2025 13 -1983 -14499 8843 32767
2775 7 -2122 -12024 6354 32767
3695 -28 -2250 -5279 4643 32767
4835 99 -2247 1906 7012 32767
5995 395 -1444 4513 8971 32767
6085 459 -1153 4694 8897 32767
5753 563 -930 2847 3333 32767
5499 653 -717 493 -1226 27224
5236 844 -357 -1347 1449 23045
5348 967 117 -5210 11179 20767
5484 912 338 -8453 17131 21916
5616 803 495 -13605 19626 26267
5632 748 404 -16953 13197 29673
4704 507 14 -17108 5636 29118
4454 483 -27 -14333 -4614 24144
3892 610 417 -11881 -6861 19660
3860 689 690 -10626 -2443 13911
3588 818 1486 -12911 5903 10326
3181 839 1550 -15363 10505 8703
2733 864 1412 -18514 13697 6736
2037 781 906 -19401 12598 5671
1517 643 474 -18757 6996 4748
1291 595 303 -16595 917 4810
1151 533 342 -15198 -1392 5267
1107 508 475 -14265 -1288 6054
980 532 658 -14574 877 6211
835 456 647 -16215 5714 5132
732 387 572 -18678 10090 3060
643 236 364 -21021 11943 1191
594 27 161 -21858 11102 602
560 -191 -248 -21600 6883 878
517 -434 -480 -20809 2921 1348
546 -563 -504 -19324 -1552 1986
618 -520 -365 -18503 -2358 2051
624 -489 -240 -18804 413 1239
658 -431 -169 -19494 3082 664
676 -400 -209 -20732 6284 336
535 -531 -389 -21831 6489 316
524 -616 -693 -22146 3772 1032
566 -713 -822 -22088 -2835 2963
759 -792 -763 -22047 -6881 5243
1030 -829 -471 -22300 -6499 6765
1386 -774 -120 -23342 -1067 9107
1552 -739 52 -24551 4310 10394
1577 -704 148 -27139 11046 10716
1600 -910 -7 -29820 14373 8957
1915 -1334 -371 -31310 13496 8043
2462 -1653 -716 -32768 4644 8813
2689 -1878 -847 -32768 -6912 10800
3002 -1892 -835 -32768 -10364 12494
3285 -1991 -637 -32768 -6526 12699
3955 -2523 -602 -32768 3716 12451
4829 -3039 -785 -32768 7779 13224
5028 -3154 -862 -32768 1718 13963
5241 -3098 -1126 -32768 -10993 13179
5351 -3106 -1095 -32768 -15335 10640
5602 -3043 -901 -32768 -12522 4916
6021 -2641 -623 -32768 -3434 -520
6421 -1977 -523 -32768 305 -2979
6248 -1527 -452 -32768 -3607 -5957
6018 -1160 -266 -32768 -13400 -9916
5905 -789 508 -32768 -16768 -13144
6059 -636 1278 -32768 -11280 -18171
6081 -491 2814 -32768 421 -23079
5776 -403 4341 -32768 6959 -25603
5311 -482 4936 -32768 12069 -28135
4272 -1416 5830 -32768 7090 -29056
4136 -2264 6492 -27341 4285 -28302
4767 -3636 8393 -13983 6176 -26197
5367 -4908 9405 6605 12058 -21060
6233 -6822 9518 30042 21384 -15004
6130 -8156 8147 32767 23773 -12649
6253 -8721 6764 32767 22154 -15167
7262 -9857 5056 32767 17401 -23910
9152 -11095 3306 32767 15295 -31297
9745 -11439 2798 32767 14235 -32768
10462 -11946 1336 32767 18446 -32768
6158 -7066 1156 32767 25755 -32768
8778 -11687 -2202 32767 29328 -32768
9159 -11684 -2136 32767 28430 -32768
9232 -11616 -1961 32767 28221 -32768
8243 -11346 -1898 32767 31909 -32768
6531 -10624 -3489 32767 32767 -32768
5657 -9969 -4067 32767 32767 -32768
4834 -9182 -4080 32767 32767 -32768
3791 -8167 -3438 32767 31355 -32768
2658 -7580 -3076 25933 30615 -32768
2376 -7504 -3109 16274 30206 -32768
1644 -7151 -3336 11239 31266 -32768
1037 -6641 -3556 10112 32767 -32768
696 -6248 -3460 9204 32767 -32768
102 -5617 -3223 7679 32767 -24709
-699 -4513 -3269 6226 32767 -15619
-854 -3648 -3447 5199 32767 -9587
-928 -3354 -3465 3091 32767 -1305
-1114 -2432 -3378 886 30248 4724
-964 -2042 -3179 -435 25767 8038
-666 -1723 -2901 -2448 21583 13224
-90 -1001 -2131 -5120 19576 19140
407 -704 -1870 -6949 18998 23502
1199 -503 -1645 -9062 17688 29519
1952 -293 -1681 -9315 15176 32767
2416 -272 -1629 -8744 12239 32767
3191 -517 -1286 -7995 6335 32767
3693 -593 -1019 -7882 1103 32767
4400 -585 -365 -8836 -651 32767
5224 23 442 -12141 2246 32767
5974 518 991 -15232 8240 32767
6176 712 1036 -20057 18125 32767
6105 876 621 -22379 19889 32767
5796 807 127 -19434 11276 32767
5394 590 -533 -12096 13 32767
5318 477 -352 -5550 -5876 25851
5498 637 353 -3311 -2939 19535
5461 774 855 -4058 2917 16857
4993 846 878 -6888 12240 14072
4535 885 735 -10135 17305 11313
3780 876 455 -11944 18383 9012
3299 782 305 -13614 17583 5031
2721 627 109 -14011 14822 1460
2249 448 -23 -13701 12930 -257
2017 364 -65 -12788 11050 -1481
1666 326 -129 -11795 10586 -1164
1515 328 -92 -11378 10876 -374
1349 356 -35 -11375 11961 1210
993 471 72 -11743 12974 2189
893 481 87 -12759 14281 3074
595 526 106 -14192 14602 2931
305 536 32 -15187 13470 2290
167 533 -33 -16354 9545 1013
176 313 -258 -16509 6172 378
298 245 -371 -15344 1487 424
425 179 -390 -13231 -2149 1403
599 106 -184 -11979 -3245 2071
658 113 15 -11123 -1530 2377
859 112 338 -11515 771 2280
964 139 513 -13178 4156 1448
885 125 460 -15137 5834 -796
818 48 388 -16315 5339 -2873
844 -4 347 -17676 3258 -5495
1122 -168 333 -18116 1754 -6276
1404 -450 267 -17830 298 -5812
1468 -578 272 -17078 -351 -4073
1701 -907 371 -16994 -848 -2156
2056 -1312 663 -18510 -2383 1607
2179 -1497 991 -20677 -3268 4089
2077 -1580 1167 -25458 -2917 6225
1961 -1693 1251 -30655 91 6146
2034 -2117 900 -32768 2719 5637
2098 -2307 532 -32768 5918 5281
2271 -2564 -8 -32768 7393 6173
2150 -2615 -394 -32768 6296 7668
2040 -2548 -560 -32768 4493 8612
2082 -2527 -920 -32768 1426 9950
2138 -2405 -1083 -32768 305 10356
2294 -2550 -1022 -32768 1264 9550
2703 -2469 -920 -32768 4380 7336
3076 -2440 -959 -32768 4746 3366
3784 -2311 -1892 -32768 490 61
4089 -2167 -2103 -32768 -14640 -3813
5030 -1749 -2449 -32768 -27143 -6224
6220 -1003 -2287 -32768 -28270 -7619
6762 -407 -1679 -32768 -22006 -11259
7491 488 -392 -32768 -16209 -15231
8001 1500 1043 -32768 -14009 -17486
7517 1932 1822 -32768 -12659 -22054
7050 2057 4228 -32768 -17222 -26970
7451 1653 6040 -32768 -20069 -28254
8387 911 7963 -32768 -11060 -27974
9872 -789 11079 -32768 -204 -27991
10299 -2564 12873 -8393 12514 -31014
10369 -3819 12624 24420 21304 -32768
10314 -5360 11165 32767 26718 -32768
10472 -6115 9980 32767 32767 -32768
10537 -6938 7568 32767 32767 -32768
10132 -7318 4317 32767 32767 -32768
10028 -7513 2523 32767 32767 -32768
10538 -8248 87 32767 32767 -32768
9856 -6967 -2925 32767 32767 -32768
10430 -8476 -4203 32767 32767 -32768
10342 -9504 -4678 32767 32767 -32768
10153 -9788 -5196 32767 32767 -32768
9320 -9753 -5685 32767 32767 -32768
8562 -9116 -5739 32767 32767 -32768
6090 -7660 -5322 32767 32767 -32768
5757 -7410 -5246 30159 32767 -32768
5099 -7587 -5143 22928 32767 -32768
3934 -8458 -5249 21267 32767 -32768
3631 -8542 -5192 21106 32767 -32768
2618 -8512 -4669 20322 32767 -32768
1436 -7746 -3815 17395 32767 -32768
256 -6949 -3312 14780 32767 -32250
-453 -6405 -3433 11383 32767 -27316
-641 -5677 -3783 9846 32767 -22082
-717 -5406 -3920 8763 32767 -12645
-1184 -4604 -4267 8874 32767 -4258
-1585 -3691 -4341 8735 31110 2443
-1594 -3363 -4215 8134 27396 6532
-1339 -3032 -4006 6005 22891 13234
-603 -2619 -3590 2410 20324 20888
485 -2008 -3082 -379 20063 26006
1128 -1323 -2745 -4349 20386 32405
1241 -1103 -2612 -7214 20792 32767
1541 -387 -2374 -8188 21176 32767
2140 -27 -2261 -8079 18959 32767
3070 112 -2081 -6623 12582 32767
3834 118 -1758 -5723 8068 32767
4677 302 -1332 -5214 4018 32767
5647 506 -936 -4775 4213 32767
6015 526 -792 -4162 5102 32767
5901 539 -741 -2775 5383 28288
5439 502 -630 -1729 5702 23108
5025 658 -345 -568 9813 16616
4726 772 -22 -1863 16239 13805
4709 928 427 -7408 19592 15955
4869 985 709 -12334 18718 19295
4729 830 608 -18058 11213 23448
3945 556 -53 -19028 3939 24117
3491 431 -152 -16511 -4711 21153
1256 157 816 -16741 -3686 10407
1275 89 853 -17783 -16 11451
1210 -118 822 -18762 2539 11508
1128 -162 681 -19902 6316 10548
1012 -258 482 -20380 7952 8588
913 -403 207 -20402 7165 7326
1013 -471 -168 -19559 5152 6455
1047 -497 -279 -18505 4302 6570
1062 -457 -245 -18378 4583 6767
1049 -452 -167 -19360 5642 6691
965 -318 -90 -20490 6837 6149
847 -279 -99 -22361 8646 4460
762 -225 -184 -23870 8928 2880
739 -205 -317 -24531 8354 2154
741 -295 -461 -24945 7126 1768
809 -369 -607 -24517 5792 2691
912 -420 -735 -24084 5207 3884
935 -430 -694 -24141 5045 5726
1094 -515 -441 -25891 5942 7219
1324 -541 -276 -27647 7155 8078
1688 -655 -432 -29753 9000 9497
1941 -733 -784 -29636 10108 10923
2025 -902 -1267 -28575 10215 11144
2346 -1189 -1367 -27730 10808 10464
2708 -1355 -1265 -28708 11108 9696
2918 -1513 -1091 -32768 10493 7787
3112 -1561 -983 -32768 7750 5106
3230 -1747 -1101 -32768 4233 2822
3522 -2121 -1208 -32768 -3150 252
4734 -2721 -1156 -32768 -10207 638
6043 -3189 -1156 -32768 -12258 1467
6578 -3147 -1050 -32768 -9843 426
6748 -2565 -785 -32768 -5355 -3096
6409 -1830 -694 -32768 -378 -11966
6185 -1297 -577 -32768 -4808 -21122
6155 -648 -214 -32768 -11523 -25366
6759 -618 607 -32768 -17910 -28162
7173 -800 1481 -32768 -11723 -28776
6887 -1002 3151 -32768 -2472 -30064
5899 -1341 4550 -32768 8489 -32768
4989 -2219 5733 -32768 6776 -32768
4700 -3400 6224 -32768 -785 -32768
4628 -4527 6766 -13677 -5519 -28346
5549 -5891 8935 7535 -1671 -23483
6306 -6473 10013 32767 10630 -16820
6472 -6888 10064 32767 22133 -16612
6985 -8203 7916 32767 22270 -19603
7770 -8929 6096 32767 13557 -27172
8997 -9528 4048 32767 7680 -32768
9378 -9622 3476 32767 4731 -32768
9328 -9550 3176 32767 12787 -32768
8040 -7359 6047 32767 31857 -32768
7559 -10870 -2064 32767 30536 -32768
8437 -9572 -1469 32767 25256 -32768
8291 -9033 -725 32767 27681 -32768
7248 -9100 -1696 32767 31346 -32768
6296 -9016 -3136 32767 31188 -32768
6167 -8767 -3370 32767 30790 -32768
5611 -7779 -3012 32767 32767 -32768
5243 -7381 -2810 32767 32767 -32768
4022 -6963 -3213 24566 32767 -32768
3280 -6870 -3484 20068 32767 -32768
2585 -6683 -3580 14997 32767 -32768
1442 -5973 -3313 10870 32767 -32768
1203 -5765 -3201 8464 32767 -32768
638 -5289 -2976 5526 32767 -27565
46 -4708 -2863 4161 32767 -22268
-97 -4519 -2867 3229 32767 -14568
-470 -3973 -2969 3214 32767 -7467
-655 -3255 -2891 3367 32767 -603
-651 -2890 -2692 3190 32767 3811
-652 -2452 -2418 2194 30286 9828
-575 -1593 -2000 1106 27817 13403
-346 -1296 -2070 138 24252 18845
-24 -1105 -2179 121 21306 25009
577 -866 -2098 -123 19455 29252
1307 -744 -1937 -1184 17574 32767
1987 -720 -1805 -3082 15780 32767
3047 -571 -1329 -5413 14392 32767
3592 -423 -877 -10090 13456 32767
4453 -643 -744 -14341 10855 32767
5164 -799 -619 -16598 7539 32767
6093 -695 -420 -18763 3503 32767
6413 -614 -209 -19581 3109 32767
6682 -472 178 -19536 4372 32767
6714 -421 302 -19354 6966 32767
6682 -177 669 -19320 8181 32767
6047 147 527 -18632 7461 31829
5682 251 425 -16072 5108 25258
5395 311 419 -13175 4660 19233
5053 419 625 -12039 5595 16269
4705 585 835 -11848 7478 13455
4413 724 870 -12548 8428 11563
3896 732 821 -13088 8073 10142
3280 758 742 -13950 6651 7145
2858 768 644 -14755 6148 2873
2306 744 506 -15286 7005 -70
1880 667 469 -16379 9487 -3730
1672 593 431 -17208 11259 -5218
1463 459 306 -17952 12999 -5905
1163 344 115 -17780 13215 -5010
765 273 -17 -17444 12626 -4034
565 259 -30 -16997 11339 -2598
358 276 -29 -16765 9556 -1466
247 307 -34 -16506 7607 -571
215 335 -17 -16249 6512 -229
174 369 24 -15973 5331 -344
214 340 113 -15884 5135 -596
242 308 153 -15504 5542 -840
397 213 119 -14902 5311 -607
493 77 66 -13615 3172 -75
519 61 44 -12190 -215 83
601 0 164 -11679 -2081 -304
684 -17 417 -12206 -2968 -1718
852 -183 583 -13291 -1953 -3020
1132 -417 587 -15157 1614 -4313
1230 -636 477 -16363 5736 -4498
1257 -748 396 -16957 7120 -3772
1266 -830 336 -17642 4788 -2297
1197 -1022 324 -18365 2553 -1178
1142 -1200 397 -20361 -172 425
2561 -3720 -1089 -32768 7283 13543
3161 -3782 -909 -32768 13351 10580
4212 -3665 -992 -32768 16084 5263
4520 -3531 -1539 -32768 10137 -529
4934 -3365 -1790 -32768 -7409 -8827
6133 -2839 -1923 -32768 -17966 -11986
7278 -1545 -1314 -32768 -21911 -13716
7866 -806 -538 -32768 -13949 -14876
8412 408 1003 -32768 -8913 -16310
7954 1866 2639 -32768 -7520 -21610
7436 2551 4189 -32768 -10583 -27353
7309 2522 6620 -32768 -14418 -32768
7588 1683 8327 -32768 -8929 -32768
8141 -401 10915 -32768 -1783 -32768
8317 -1839 12878 -22437 7001 -32768
8540 -3940 15094 5724 13750 -31109
8428 -5674 14875 32767 22772 -30622
9017 -7737 11938 32767 30668 -32461
9244 -8133 10952 32767 32767 -32768
10954 -9523 6646 32767 32767 -32768
11165 -9631 4429 32767 32767 -32768
11991 -10032 520 32767 32767 -32768
12121 -10135 -43 32767 32767 -32768
10152 -12465 -3916 32767 32767 -32768
10504 -9222 -3448 32767 16801 -32768
11642 -9959 -2751 32767 24548 -32768
11950 -10632 -3039 32767 32767 -32768
10466 -10808 -4211 32767 32767 -32768
8189 -10406 -4886 32767 32767 -32768
6972 -9925 -5041 32767 32767 -32768
5190 -9222 -4531 32767 32767 -32768
4817 -9113 -4320 32767 32767 -32768
3676 -9460 -3779 28059 32307 -32768
2730 -9942 -3657 22900 32232 -32768
1864 -9609 -3735 17930 32767 -32768
1240 -9268 -3623 13871 32767 -32768
548 -8491 -3345 8911 32767 -27071
84 -7448 -3507 6085 32767 -18434
-289 -6757 -3881 3906 32767 -8232
-822 -5722 -4349 3528 32767 -3772
-1041 -5050 -4470 3156 32767 226
-1107 -4100 -4212 1456 30569 2926
-707 -3178 -3799 -261 28157 5357
-560 -2980 -3744 -2698 24441 10772
-52 -2409 -3657 -3874 21199 17314
337 -1877 -3637 -3874 20176 21243
649 -1401 -3468 -3849 19170 25893
932 -385 -2968 -4345 17963 27982
1309 -35 -2732 -4702 17012 28774
1918 127 -2527 -4969 15087 30836
3089 176 -2337 -4945 12156 32767
3928 278 -2166 -4590 5580 32767
4623 542 -1942 -3529 2607 32767
5060 662 -1499 -2963 4008 32767
5240 882 -1211 -2681 9816 30787
5136 1102 -820 -3383 17004 26479
4979 1193 -212 -4770 20448 24955
4929 1193 -6 -8601 21737 24884
4784 1164 377 -12558 17784 26294
4496 969 150 -13017 11186 27157
4343 785 -314 -11000 7184 27349
4300 763 -290 -7319 4112 26962
4002 975 342 -6052 5269 25899
3860 1064 663 -7040 9224 23615
3565 1121 904 -10739 10885 21294
3216 961 782 -13429 9321 19764
3038 737 554 -15927 3543 17476
2908 537 344 -15443 -3158 15475
2690 394 306 -14078 -5831 14139
2606 375 479 -12286 -4488 12375
2514 445 805 -12008 855 11295
2177 509 945 -12665 4101 10527
1884 532 857 -14230 5325 8890
1344 521 618 -15268 2899 7300
1078 496 473 -16274 -1908 4563
891 308 416 -16778 -4119 2288
887 127 459 -17093 -3698 1246
880 59 436 -17358 -687 532
789 -112 308 -17294 2087 525
715 -285 167 -17058 5670 1056
607 -386 29 -17189 6830 1717
514 -424 -104 -17687 6906 2725
435 -475 -242 -18063 4999 3203
430 -491 -407 -18489 361 3174
400 -513 -453 -18704 -2594 1893
677 -571 -578 -18517 -1690 1324
1062 -561 -464 -18566 1741 1714
1106 -500 -356 -19538 8851 2647
1010 -447 -261 -21355 13989 3567
918 -362 -399 -22480 15667 4317
815 -423 -545 -23584 14479 5261
859 -538 -924 -23898 11195 5664
913 -647 -1016 -23792 5676 5941
1427 -815 -1072 -23695 2168 6944
1653 -908 -944 -24234 1505 7913
1788 -1089 -850 -25850 3837 8909
1911 -1381 -960 -28030 8880 9425
2109 -1831 -1172 -30024 11794 9604
2565 -2214 -1420 -32768 12291 10891
3483 -2828 -1748 -32768 9414 12072
3534 -2954 -1748 -32768 4002 12152
3574 -3076 -1633 -32768 711 9365
3684 -3191 -1373 -32768 467 6314
4496 -3255 -934 -32768 1927 2730
5496 -3203 -790 -32768 -221 1762
6062 -3117 -824 -32768 -4921 1716
6427 -2748 -823 -32768 -12399 -324
6622 -1916 -749 -32768 -13346 -6611
6581 -1087 -172 -32768 -10224 -12693
6732 -552 969 -32768 -2992 -21479
6955 -481 1843 -32768 3967 -26593
6978 -556 2683 -32768 7259 -28672
6055 -645 3571 -32768 7479 -32410
4526 -1479 4341 -32768 4882 -32768
4199 -1738 4575 -32768 137 -32768
3781 -3144 6630 -32768 -2590 -32768
4190 -3903 8318 -14832 -2624 -26349
5027 -4619 9699 5810 8303 -13527
5884 -5658 10522 18735 18426 -6785
5711 -6340 9081 32767 28530 -5375
5731 -7285 7412 32767 17763 -13080
6648 -8202 5192 32767 6140 -20751
7600 -8416 4621 32767 -2559 -32768
8680 -8902 4503 32767 496 -32768
8951 -9564 3879 32767 6298 -32768
8882 -9934 2787 32767 13447 -32768
3487 -6679 -2675 28987 32767 -32768
2961 -6368 -2904 24977 32767 -32768
2396 -5836 -2952 20437 32767 -32768
2173 -5472 -2811 16462 32767 -32768
1860 -5016 -2591 13937 32767 -32768
1552 -4772 -2652 10993 32767 -30889
848 -4222 -2848 9497 32767 -26776
681 -4093 -2920 8062 32767 -20203
186 -3661 -3131 7537 32767 -13894
-205 -3192 -3330 7378 32767 -9918
-505 -2806 -3281 6753 32767 -4584
-623 -2528 -3035 5122 29890 100
-577 -2154 -2651 3833 25237 3261
-454 -1940 -2357 2043 20234 8329
-242 -1701 -2108 1415 17886 12063
258 -1633 -2051 1416 14232 18931
644 -1599 -1959 2107 10484 27255
1130 -1422 -1774 2710 9134 32767
1571 -1233 -1463 3035 10058 32767
1853 -1136 -1107 1023 13163 32767
2498 -1047 -644 -1887 15637 32767
3585 -1157 -437 -8037 16597 32767
4561 -1335 -439 -13907 12535 32767
6164 -1621 -472 -16511 8947 32767
7052 -1677 -317 -17920 4895 32767
7350 -1395 -143 -17059 5807 32767
7171 -762 97 -14596 10694 32767
7107 -432 202 -12289 14262 32767
6981 -12 227 -10852 14723 26996
6523 381 301 -10752 13771 23986
6020 569 363 -12040 12059 20036
5264 780 369 -13920 10979 15761
4915 776 347 -15124 11019 11939
4557 619 267 -15372 11885 9997
4059 481 131 -14851 13733 7579
3678 445 29 -14186 15033 6062
3009 472 29 -13487 16126 3399
2568 539 99 -13586 16292 1383
2192 592 149 -14443 16057 -1521
1756 606 189 -15659 14798 -3618
1513 538 148 -16262 13459 -4220
1426 477 75 -16387 11365 -3955
1316 393 32 -16122 10309 -3309
1129 327 55 -15516 9651 -2297
992 343 105 -14922 9808 -1857
612 389 177 -14620 10029 -2084
529 400 166 -14013 10362 -3067
351 387 131 -13560 9911 -3904
290 335 101 -12986 7603 -5007
215 269 104 -12806 5656 -5670
231 189 103 -12467 3249 -6229
414 60 85 -12073 2351 -6028
485 -19 87 -11317 1978 -5296
469 -77 103 -10766 2624 -4784
505 -210 124 -10730 2957 -4658
562 -320 171 -11462 2358 -4921
663 -439 164 -12234 2073 -5284
689 -644 157 -13550 1716 -5865
843 -876 113 -14768 1335 -5608
933 -1052 82 -15869 1343 -3965
964 -1406 81 -16849 1563 -2381
1015 -1551 139 -19289 658 679
1167 -1759 222 -21720 -1493 3180
1303 -1931 326 -26048 -5305 6645
1465 -2100 571 -29039 -6523 8108
1538 -2141 625 -32768 -4663 8787
1690 -2268 677 -32768 -1482 8537
1841 -2403 532 -32768 3733 8025
1995 -2461 412 -32768 6188 8857
2154 -2503 327 -32768 4512 11060
2299 -2522 231 -32768 1970 12419
2299 -2415 291 -32768 -1189 12791
2250 -2326 363 -32768 -989 10647
2285 -2185 392 -32768 925 8509
2491 -2158 415 -32768 4478 6016
2725 -2113 499 -32768 6514 5422
2825 -2088 458 -32768 8882 6161
3146 -2007 137 -32768 9377 7983
6636 1631 134 -32768 -10779 -11096
6944 2050 709 -32768 -3427 -16176
7396 2795 1624 -32768 3140 -21725
7117 2928 2242 -32768 2921 -25887
6812 2948 2865 -32768 -4073 -32251
6426 2620 3830 -32768 -10359 -32768
6577 1687 5421 -32768 -12141 -32768
7329 -30 6918 -32768 -8001 -32768
7890 -1479 8106 -11107 1473 -32768
8513 -3480 10066 4062 8302 -32768
8631 -4614 10655 28112 20602 -32768
8568 -6440 9170 32767 32767 -32768
8952 -7285 7927 32767 32767 -32768
9919 -8320 5976 32767 32767 -32768
10954 -9174 3618 32767 32767 -32768
11259 -9738 1951 32767 32767 -32768
10700 -9339 -1390 32767 32767 -32768
9905 -10362 -3016 32767 32337 -32768
10859 -11162 -2787 32767 22949 -32768
11020 -11288 -2820 32767 29522 -32768
10418 -11058 -3688 32767 32767 -32768
8647 -10386 -4835 32767 32767 -32768
7286 -9905 -4983 32767 32767 -32768
5373 -9248 -4908 32767 32767 -32768
5042 -9108 -4762 32767 32767 -32768
3517 -8966 -4060 32767 32767 -32768
3117 -8962 -3931 24793 32767 -32768
1975 -8825 -3701 20189 32767 -32768
1710 -8653 -3727 15402 32767 -32768
722 -8217 -4046 13487 32767 -32768
121 -7577 -4116 12855 32767 -26587
-135 -7050 -4203 11776 32767 -14964
-457 -6003 -4253 10341 32767 -7970
-628 -4946 -4393 7912 32767 143
-734 -4361 -4531 6388 32767 4923
-792 -3800 -4506 5414 31927 6721
-689 -3038 -4268 3811 24692 8539
-301 -2582 -3867 1762 20919 10747
66 -2378 -3540 124 20933 13041
593 -1944 -3186 -2272 23173 17646
999 -1559 -2905 -4154 23598 21168
1193 -1220 -2748 -7125 20130 25842
1458 -519 -2652 -8416 15288 27848
1669 -128 -2499 -8769 7668 28686
2233 308 -2098 -8002 4615 27705
3357 474 -1752 -7339 5447 27449
3987 518 -1567 -6240 8769 28247
4424 598 -1444 -5301 10492 29585
4984 803 -1256 -4846 11305 30438
5179 932 -1058 -4578 12430 30054
5054 907 -974 -4651 13027 26233
4655 802 -834 -4850 13071 22348
4448 864 -632 -6020 13180 17454
4549 879 -106 -8717 13635 16920
4953 799 281 -10608 13328 19325
5335 710 532 -12927 10100 25726
5187 633 745 -13298 5133 29759
4664 676 696 -11952 1714 28821
3876 701 630 -8271 -1581 22481
3710 632 887 -5325 -1152 15141
3896 566 1204 -4929 260 12530
3878 522 1249 -5904 2641 12158
3532 595 1239 -6941 3700 13012
3092 664 1148 -8366 3429 13636
2343 840 1003 -9061 2270 12921
1859 908 909 -9682 1198 10718
1765 892 909 -10377 853 8805
1708 819 917 -11033 966 8019
1631 718 802 -11986 2153 7254
1559 615 593 -12276 3470 6647
1429 416 266 -12116 5490 5525
1253 217 -26 -11743 6347 4807
1028 185 -200 -11077 6599 3918
855 124 -261 -10894 5704 2873
712 78 -305 -11133 4634 2073
556 -8 -324 -12187 2483 820
504 -145 -410 -13478 640 -435
571 -351 -786 -14030 46 -1025
1079 -358 -336 -25659 -1762 1057
1188 -307 -336 -24161 2478 2614
1292 -328 -277 -23693 4995 3509
1326 -348 -241 -24394 6613 4202
1518 -450 -419 -25613 5528 4355
1622 -521 -504 -27727 745 4746
1977 -895 -960 -28536 -2194 5013
2384 -1355 -1284 -28618 -1040 5248
2770 -1582 -1377 -29397 4577 6565
3356 -1946 -1414 -31250 8555 7828
3363 -1985 -1496 -32768 10144 8828
3173 -2110 -2014 -32768 2726 7051
3368 -2773 -2486 -32768 -6087 4551
3727 -3015 -2410 -32768 -19665 2083
5418 -3655 -1786 -32768 -22523 3541
7008 -3857 -1272 -32768 -14400 5430
7440 -3573 -1147 -32768 1708 5846
7198 -2693 -1308 -32768 3972 1214
6105 -1532 -1543 -32768 -4904 -4554
5775 -517 -761 -32768 -18647 -13900
6237 92 524 -32768 -16292 -19940
6805 863 3134 -32768 -7323 -21830
6665 1022 4512 -32768 7117 -23458
5425 736 5855 -32768 10406 -24407
4549 -91 6268 -32768 1435 -24429
4290 -2271 7553 -32768 -8136 -22046
5018 -4104 10711 -21561 -7263 -20021
5374 -5259 12646 4928 3182 -17167
5471 -6474 12832 24696 12792 -14590
5927 -7941 11492 32767 21062 -9265
6574 -9363 9488 32767 22378 -9540
7559 -10369 7670 32767 16796 -14755
8643 -11228 5994 32767 4194 -29074
10356 -11716 3943 32767 -2426 -32768
10664 -11779 3124 32767 1164 -32768
9599 -11017 727 32767 22840 -32768
8286 -11705 -1860 32767 23050 -32768
8937 -11078 -1171 32767 16674 -32768
9547 -11364 -507 32767 22594 -32768
8275 -10882 -1330 32767 27945 -32768
7023 -10596 -2146 32767 27174 -32768
6057 -10075 -2948 32767 23663 -32768
4936 -8723 -3385 32767 22391 -32768
4648 -8442 -3249 32767 24994 -32768
3891 -7778 -2615 28144 29983 -32768
2807 -7509 -2535 21097 32767 -32768
2537 -7386 -2695 13741 32767 -32768
1447 -6677 -3248 9898 32767 -32768
1061 -6291 -3363 8040 32767 -32768
563 -5601 -3434 5532 32767 -28724
148 -4861 -3352 4140 32767 -23165
-91 -4373 -3305 2665 32767 -15912
-234 -3900 -3272 1809 32767 -9768
-384 -3048 -3131 1321 32767 -6061
-319 -2659 -3004 578 32767 -367
-176 -2150 -2793 -443 32767 5758
11 -1870 -2626 -1314 28567 10239
165 -1541 -2484 -2123 21220 16966
476 -1100 -2264 -2292 16249 22868
1187 -716 -1927 -2328 14732 26521
1706 -571 -1805 -2489 13419 32748
2325 -543 -1656 -3536 10049 32767
3053 -364 -1286 -4893 7238 32767
3424 -333 -1079 -7071 4052 32767
3956 -371 -880 -8056 2029 32767
4428 -346 -739 -8821 920 32767
5380 -180 -194 -10079 4841 32767
6107 142 328 -11810 9204 32767
6296 342 386 -14945 15448 32767
6248 740 262 -16475 16918 32767
5772 834 -154 -16730 12886 32767
5541 769 -437 -14567 6202 29683
5264 818 -350 -13422 3990 22852
5117 903 -21 -14242 5776 14854
4994 1002 460 -16209 9324 12024
4774 1068 502 -19346 13987 10773
4424 1053 340 -20710 14958 9886
3517 848 -118 -20170 14212 8339
3318 792 -206 -17583 11001 5212
2693 628 -206 -14604 8064 2317
2443 587 -56 -13275 7410 959
2074 508 123 -12470 7859 -211
1836 578 214 -12697 8803 -521
1440 604 308 -13930 10488 -938
1135 637 286 -15417 12136 -1229
945 634 251 -16240 12990 -1386
762 522 115 -16320 12571 -1032
609 521 -101 -15540 10541 -168
472 480 -163 -13888 6303 1333
350 427 -97 -12815 3752 2061
342 406 -47 -11362 1799 2518
319 423 64 -10631 1557 2289
352 432 117 -10159 1519 1306
504 421 154 -10208 1404 732
546 391 168 -10657 287 -1
681 262 147 -10808 -1730 -517
853 188 71 -10451 -3054 -782
902 136 33 -9739 -4017 -1260
1109 63 125 -8770 -4465 -2010
1397 -14 305 -8443 -2543 -2779
1578 -113 460 -8722 33 -3386
1654 -100 520 -10027 2864 -3590
1891 -208 643 -11367 3435 -3208
1934 -287 644 -13570 2751 -2122
2100 -432 589 -24653 2557 2417
1945 -1326 153 -23583 1055 2549
1716 -1474 90 -23146 639 2577
1639 -1479 109 -23507 1365 3102
1621 -1468 2 -24440 2605 3837
1613 -1476 -66 -26728 4246 5158
1589 -1514 -565 -29538 5130 6361
1549 -1544 -923 -31553 4563 6788
1534 -1599 -1295 -32768 1054 6582
1671 -1747 -1450 -32768 -932 6107
1988 -1892 -1540 -32768 -2459 5848
2793 -2085 -1842 -32768 -4533 6594
3696 -1935 -2288 -32768 -4973 6967
4056 -1678 -2454 -32768 -5434 4859
4568 -1168 -2456 -32768 -9413 -116
5315 -414 -2289 -32768 -14380 -3847
6132 244 -2297 -32768 -22514 -8491
6718 753 -2050 -32768 -28595 -10660
7546 1422 -916 -32768 -28319 -10895
7707 2309 1046 -32768 -22014 -11887
7180 2976 3428 -32768 -17324 -14290
6910 2963 5119 -32768 -14319 -19938
7002 2412 6303 -32768 -15085 -24572
7862 855 8580 -32768 -14200 -26350
9184 -1302 11253 -26506 -5329 -27243
10126 -3096 12837 3977 11580 -26906
9923 -4102 12680 24862 22255 -28726
9461 -5268 10782 32767 32767 -32768
10098 -6428 7742 32767 32767 -32768
10883 -7001 5744 32767 32767 -32768
11392 -7373 3053 32767 32767 -32768
11052 -7518 746 32767 32767 -32768
8755 -9909 -4010 32767 32767 -32768
8670 -7047 -4433 32767 20888 -32768
9238 -8099 -3267 32767 20307 -32768
10117 -7635 -2314 32767 32767 -32768
9820 -9255 -3339 32767 32767 -32768
8251 -9638 -4445 32767 32767 -32768
148 -6568 -2615 5257 32767 -16531
-517 -5556 -3448 2320 32767 -9542
-1007 -4672 -4254 2758 32767 -3909
-1355 -4145 -4462 3440 32767 -1427
-1646 -3654 -4464 3609 32767 431
-1538 -2858 -3919 2716 25739 1285
-1361 -2729 -3772 -1 17354 3898
-772 -2441 -3328 -3551 12976 8511
261 -2218 -3144 -5505 11898 12701
558 -2116 -3082 -7857 10895 20897
1406 -1681 -2930 -9362 11590 29416
1963 -1145 -2571 -10120 12702 32767
1939 -366 -2068 -11314 15035 32767
2014 218 -1836 -12079 15719 32767
2605 523 -1477 -12353 14446 32767
3201 642 -1334 -12187 11926 32767
4456 634 -1022 -11282 7789 32767
4804 671 -975 -9803 4569 32767
4935 611 -887 -6212 2125 32767
4998 638 -697 -2586 2056 28258
5046 726 -286 -968 3461 24379
5037 857 20 -255 7961 20174
5239 921 351 -2083 13037 19761
5577 927 689 -4820 14420 21469
5603 962 809 -9590 12878 24007
5182 890 677 -12134 9262 23469
4668 819 421 -12040 6606 21363
4212 668 422 -10408 3921 16660
4016 634 611 -9401 3727 13757
3806 602 878 -9101 5596 10999
3580 570 982 -9910 7488 9737
2943 551 947 -10707 8047 8930
2167 488 797 -11809 6549 7252
1799 467 660 -12457 3652 5929
1451 422 577 -12774 1919 5559
1286 436 563 -13353 645 5704
1117 399 564 -14146 1299 6469
1009 402 625 -15010 2541 7235
955 389 611 -16465 5145 8021
745 195 448 -17359 6693 8046
661 16 180 -18250 7132 7471
667 -122 -114 -18238 5278 6604
747 -220 -407 -18029 3448 5888
833 -262 -401 -18149 1893 4569
893 -206 -381 -19104 2994 3162
909 -267 -315 -20283 4379 2248
907 -387 -555 -21810 5513 1538
944 -451 -804 -22181 2568 1977
1031 -526 -1156 -21634 -65 2579
1061 -551 -1197 -20593 -1416 3102
1065 -539 -983 -20874 650 2765
1077 -440 -753 -22146 3111 2427
1100 -436 -531 -25180 6515 1971
1090 -428 -597 -27340 6510 1890
1090 -434 -775 -29535 2117 2150
1171 -516 -1009 -29784 -3100 2706
1495 -619 -860 -29457 -4494 3202
1764 -707 -598 -29433 -2067 3872
2206 -1041 -265 -30403 2797 4834
2741 -1297 -138 -31337 5570 5909
2890 -1447 -60 -32768 5384 6757
2896 -1577 -136 -32768 452 5860
2840 -1721 -237 -32768 -3428 4419
2998 -1903 -148 -32768 -6647 2386
3622 -2269 90 -32661 -3732 2551
4347 -2571 124 -32203 398 4221
4754 -2652 58 -31344 1767 8124
4708 -2341 -368 -29983 -803 9905
4260 -1704 -512 -27569 -6110 8981
3997 -1206 -464 -26575 -10213 3802
4080 -637 -444 -27314 -10576 -706
4580 -493 -260 -31849 -9479 -6184
5407 -372 92 -32768 -10908 -9556
6106 -328 252 -32768 -13416 -11355
6413 -204 382 -32768 -17287 -15239
6285 -77 655 -32768 -15321 -22084
6208 -49 1439 -32768 -10091 -27133
6098 -247 2050 -32768 -1596 -32768
6203 -730 3126 -32768 872 -32768
6082 -1734 4504 -32768 -998 -32233
5651 -2417 5734 -32768 -4286 -30240
5215 -3804 8404 -29882 -3841 -29276
5363 -4719 9191 -2471 4648 -27606
5929 -5597 9654 27110 10607 -23216
6406 -6635 9483 32767 10584 -20857
6556 -7043 8211 32767 14323 -23503
6873 -7511 6994 32767 19215 -28750
7565 -8251 5529 32767 22374 -32768
9050 -9574 2640 32767 21982 -32768
4562 -4765 -145 32767 24420 -32768
7407 -7676 -575 32767 32767 -32768
8845 -8853 -1419 32767 32767 -32768
9022 -9501 -1314 32767 32767 -32768
8148 -9582 -2103 32767 32767 -32768
7724 -9540 -2561 32767 32767 -32768
6737 -9112 -4016 32767 32767 -32768
5549 -8043 -3567 32767 32767 -32768
5198 -7776 -3272 32767 32767 -32768
3583 -7034 -3140 32767 32767 -32768
2722 -6732 -3483 28619 32767 -32768
2234 -6630 -3448 23366 30156 -32768
1776 -6345 -3242 19025 29485 -32768
1101 -5875 -2886 16835 32767 -32768
587 -5214 -2791 14547 32767 -32562
249 -4837 -2807 12666 32767 -22996
-304 -4136 -2898 11529 32767 -17162
-734 -3616 -3114 10333 32767 -10519
-1275 -2864 -3312 9366 32767 -6356
-1449 -2282 -3184 8464 26946 -4634
-1269 -1906 -2843 6595 20365 -2565
-714 -1603 -2478 4247 17531 1085
-261 -1442 -2248 1933 18731 6803
346 -1082 -2054 751 20801 11347
535 -804 -1993 -754 23462 18102
857 -322 -2002 -1858 23095 22443
1142 -98 -1990 -3575 17484 27713
1425 -59 -1917 -5047 8544 31072
2171 -150 -1643 -6025 2381 32705
3320 -186 -1247 -7811 -3325 32767
4254 -200 -939 -10738 -2205 32767
5454 30 -410 -13364 1900 32767
6080 335 -155 -17576 8651 32767
6138 424 -124 -20784 11967 32767
5989 345 -267 -21736 11836 32767
5988 317 -439 -20963 8803 32767
5782 401 -477 -19627 6598 32767
5496 715 -261 -17714 4883 28218
5349 872 -92 -16963 5638 23500
5062 1096 213 -17417 7180 21462
4716 1253 217 -18451 9665 19187
4097 1301 113 -18976 10215 17716
3483 1111 -123 -18772 8819 15478
3007 915 -408 -17210 5543 13682
2711 766 -492 -15938 3446 12612
2314 683 -389 -14672 2406 11219
2059 696 -55 -14807 3166 10476
1977 704 63 -16720 5985 9606
1719 814 296 -19743 9978 8850
1522 825 395 -21909 12078 8450
1389 801 351 -24535 13204 7939
1109 680 99 -25459 12420 7542
984 392 -184 -25197 9751 6808
982 345 -308 -22633 6913 6741
854 261 -340 -20420 5310 6836
739 248 -165 -18103 3824 6268
745 280 162 -17780 3708 5226
727 303 425 -18704 3898 4326
705 296 497 -20930 4102 2484
722 199 428 -22713 5055 328
805 66 315 -23088 5589 -840
881 -68 163 -22074 5797 -1735
916 -265 -33 -19785 4962 -1971
934 -463 -119 -18165 3678 -1683
1047 -580 -50 -16562 1427 -844
1125 -716 245 -17142 1174 -349
1118 -801 398 -18663 2606 -431
1195 -864 522 -22215 5075 -710
1320 -1055 484 -24677 6310 -689
1335 -1305 201 -27599 4600 -194
1366 -1587 -67 -28688 -2987 1316
1600 -1957 -318 -28386 -9201 3290
2141 -2268 -167 -27401 -16595 7292
2438 -2351 121 -27314 -16511 10463
2693 -2230 650 -28340 -11368 11307
2772 -2169 955 -31692 559 11112
2755 -1985 1038 -32768 7612 10571
2497 -1853 621 -32768 11371 9753
2284 -1826 173 -32768 6390 9067
2107 -1832 -468 -32768 657 8826
2162 -1873 -595 -32768 -6571 8868
2486 -1706 -309 -31628 -8197 9092
2793 -1552 117 -32048 -4452 9095
2939 -1328 171 -32768 4276 8463
3039 -921 34 -32768 10068 7846
3089 -525 -210 -32768 14299 6832
3192 24 -848 -32768 9145 5634
3689 515 -1582 -32768 2013 4608
3944 702 -1687 -32768 -6383 3024
4805 1476 -1564 -32768 -8162 1561
5198 1842 -1234 -32768 -7175 -2345
5974 2407 -291 -32768 -6958 -7714
6264 2460 164 -32768 -8715 -11881
6495 2556 616 -32768 -10869 -17891
6770 2566 1559 -32768 -9143 -22741
6852 2161 2639 -32768 -6023 -25182
6713 1560 3506 -32768 -4000 -27938
6304 461 5112 -32768 -9192 -29314
6423 -741 6433 -31455 -11776 -29488
6910 -1623 7800 -9009 -7401 -29006
7962 -3219 9361 5794 -178 -27588
8932 -4875 9487 27723 8307 -24694
8915 -5515 9333 32767 20284 -28154
8906 -6605 7113 32767 26984 -32768
8971 -6883 6325 32767 30728 -32768
9546 -7592 4001 32767 27641 -32768
9739 -8076 1879 32767 25898 -32768
9711 -8552 8 32767 25944 -32768
8649 -4757 831 32767 32767 -32768
8902 -9597 -3681 32767 32767 -32768
10106 -9336 -3378 32767 32767 -32768
10551 -9534 -3589 32767 32767 -32768
10139 -9599 -3975 32767 32767 -32768
8429 -9837 -4858 32767 32767 -32768
7179 -9962 -5268 32767 31213 -32768
6875 -9645 -5645 32767 28190 -32768
5884 -9237 -5175 32767 31615 -32768
5126 -9082 -4618 32767 32767 -32768
3789 -9423 -4581 24554 32767 -32768
2334 -9514 -4926 20162 32767 -32768
1573 -9210 -5277 16955 32767 -32768
716 -8406 -5244 15641 32767 -32768
-85 -7638 -5024 13365 32767 -28088
-604 -6682 -4769 10549 32767 -16983
-808 -6016 -4648 8906 32767 -10102
-911 -5255 -4794 7750 32767 -1158
-848 -4684 -4792 7313 32767 4151
-804 -3937 -4705 6983 32767 10525
-728 -3485 -4507 6437 32767 15080
-592 -2844 -3951 5270 32767 18063
-415 -2247 -3549 3714 32767 20079
-67 -1905 -3327 2493 32767 21090
164 -1739 -3280 311 30544 22939
954 -1579 -3090 -2491 23278 26907
1939 -1211 -2697 -4489 18505 30207
2617 -822 -2276 -7206 15217 32767
3358 477 -1798 -8188 17140 32767
3433 744 -1782 -7406 19775 32767
3756 1152 -1965 -4846 21785 30467
4563 1129 -1757 -3562 19336 28838
5058 1070 -1581 -3174 11653 27279
5394 1126 -908 -4306 2403 24967
5397 1173 -772 -4844 296 22694
5229 1230 -460 -4902 4872 18766
5181 1074 -186 -4901 10975 17138
5173 1170 108 -5544 18991 17538
4978 1274 274 -6667 20754 19148
4731 1278 224 -8488 15617 21551
4391 1283 157 -9178 4528 22095
3879 1294 158 -8934 -1859 20992
3548 1266 495 -8709 -5625 17712
3400 1084 833 -9443 -1422 14307
3247 1016 955 -10328 2704 12800
2969 948 914 -11453 6785 11625
2445 868 692 -11795 6136 11241
2010 750 284 -11554 3496 11252
1634 773 238 -11802 -1791 11176
1502 797 332 -13352 -4317 10793
1415 814 578 -15198 -3739 10281
1351 772 784 -18885 -240 8817
1225 679 790 -22638 4165 6377
997 429 611 -24639 6473 4371
856 145 233 -25898 7601 1897
798 -59 -33 -25006 4673 932
757 -330 -292 -23734 1377 1027
760 -414 -275 -22114 -2403 1841
815 -418 -150 -21582 -3296 2686
832 -310 6 -21965 -2621 2741
713 -204 93 -23287 -779 1424
632 -136 71 -24324 600 -214
620 -139 20 -25612 1652 -2674
736 -285 -204 -25773 844 -3876
853 -372 -334 -24331 -405 -3243
966 -499 -447 -22778 -609 -2248
1064 -599 -423 -20515 -234 -43
1134 -665 -339 -19238 793 2276
1100 -544 -157 -19187 1809 3380
1027 -440 -90 -19874 3385 4066
993 -347 -161 -20528 4244 4008
998 -350 -306 -21227 5035 3438
1065 -466 -627 -21427 5065 2953
1539 -798 -821 -21748 4080 3098
2225 -1316 -717 -23334 1018 5061
2633 -1493 -511 -25206 -1759 7536
2974 -1480 -177 -28764 -5153 11525
2982 -1434 -101 -31555 -4653 13110
2720 -1480 -349 -32469 -1931 12001
2794 -1613 -464 -32768 3413 8842
3344 -2017 -773 -32768 6761 6934
3866 -2191 -858 -32768 4561 7145
4484 -2126 -780 -32768 -4804 9861
4815 -1859 -719 -32768 -11242 12023
5102 -1558 -580 -32768 -13944 13653
5241 -1037 -324 -32768 -7577 11535
5234 -695 -134 -32768 -1969 7838
