0 0 0 0 0 0
2314 -191 191 2479 11012 6971
2269 -193 226 4099 12262 7139
2181 -215 285 5494 13301 6926
2155 -215 304 6310 13889 6673
2138 -214 318 7425 14472 6222
2118 -210 307 8103 14614 5878
2129 -191 247 9192 14528 5357
2110 -182 168 10437 14079 4716
2073 -184 114 11352 13671 4256
2019 -166 104 12662 12962 3421
1999 -138 137 13789 11999 2502
2023 -106 258 14191 11317 1996
2032 -75 252 14484 10548 1261
2051 -64 352 14311 10134 947
2157 -90 448 13405 10343 860
2416 -98 797 11376 11902 1621
2422 150 847 9591 13411 2529
2389 159 786 7053 15069 3677
3079 97 1540 4553 14821 5262
2458 129 1339 132 15650 8018
2395 -45 1061 -3245 19587 9381
2236 -201 1022 -6008 23651 9693
2107 -310 935 -7608 25731 9372
2188 -288 803 -9260 27140 8913
2311 -290 574 -9857 26995 8906
2424 -52 185 -9448 24426 9435
2236 54 -136 -7277 19130 9640
1786 -77 -521 -3177 13337 8374
1518 -259 -345 -171 9961 6636
1143 -472 -415 4812 3711 2731
1044 -401 -291 8213 -1527 -600
1237 -358 -7 12707 -8279 -5728
1304 -290 139 16222 -11394 -10761
1440 -180 215 18120 -12361 -13821
1456 -93 128 20395 -14351 -17832
1611 -52 38 22306 -17080 -20845
1780 95 -117 23444 -19232 -22133
2061 146 -126 24707 -22451 -22945
2269 122 -21 25168 -24735 -22138
2782 91 453 24650 -24906 -20407
3416 63 1138 21112 -21301 -14796
3105 189 377 18455 -16818 -7368
3231 167 15 17524 -16213 -1844
3403 302 232 15663 -18251 7310
3276 495 569 13200 -21031 16321
3126 543 265 12147 -21557 21830
844 223 1341 10931 -19649 26270
-330 -512 1557 5901 -15137 20520
1380 -1072 482 3913 -10745 16164
1485 -183 81 3645 -3326 10636
1565 286 156 4772 247 6207
1712 133 402 5100 -2559 2509
1849 -36 378 5094 -4766 448
1894 -37 262 5325 -5187 -2144
1872 -94 190 5540 -4242 -4338
1899 -113 241 5460 -4543 -5527
1920 -77 226 5049 -6719 -6732
1944 -18 126 4752 -8864 -7262
1878 39 -16 4450 -12552 -8044
1809 92 -81 4214 -16459 -8986
1811 83 -161 3758 -19927 -9721
1907 -262 -60 3241 -21855 -9872
1872 -194 -113 2082 -24200 -9731
1866 -128 43 568 -24711 -9033
1949 -174 67 -364 -22932 -7856
2152 -211 -101 -1002 -16988 -4658
2765 -348 -88 -1172 -11850 -1279
3464 -548 -617 -289 -3649 6849
4227 -243 -1082 2289 2823 18055
916 714 -120 3015 6695 21217
1113 464 159 1362 12766 21339
1396 -358 -25 -370 16240 19313
1215 -97 -375 -73 16736 14566
1211 118 -439 1089 14441 10900
1213 26 -428 3184 8900 5489
1387 -129 -412 5098 3972 1253
1649 -108 -280 6205 529 -857
1985 -131 -50 6261 -1622 -1034
2141 -181 62 5506 -4058 17
2259 -203 74 4562 -4115 1711
2253 -274 59 4125 -2846 2752
2186 -276 43 3756 -146 3706
2089 -193 -20 3838 1861 3994
2008 -196 -145 4179 2383 3839
1965 -267 -189 4907 1928 3235
1946 -285 -193 5548 667 2409
1974 -220 -215 6143 -424 1773
2073 -206 -221 6497 -1179 1568
2080 -297 -168 6773 -2269 1482
2077 -311 -148 6798 -2380 1334
2081 -225 -186 6788 -1974 1335
2075 -223 -195 6841 -1681 1301
2093 -297 -196 6782 -2022 1140
2074 -341 -191 6606 -2024 983
2072 -306 -215 6329 -1390 711
2072 -260 -226 5969 -985 518
2059 -285 -218 5585 -1169 374
2024 -318 -188 4833 -1604 -14
2039 -339 -205 4035 -1442 -526
2035 -299 -240 3648 -1047 -813
2044 -310 -261 3152 -934 -1204
2057 -420 -193 2486 -1200 -1590
2080 -443 -208 2018 -843 -1780
2085 -386 -224 1486 424 -1919
2061 -388 -213 994 1143 -1947
2034 -420 -228 660 1167 -1982
2012 -409 -244 263 934 -2053
1971 -401 -254 62 682 -2130
1975 -466 -230 -406 205 -2277
1970 -503 -182 -1017 346 -2343
2004 -415 -206 -1363 1020 -2235
2010 -400 -208 -1719 2013 -1893
1971 -451 -196 -2147 2185 -1678
1938 -462 -204 -2557 2100 -1569
1900 -421 -222 -2765 2261 -1544
1904 -439 -212 -3067 2313 -1470
1915 -469 -219 -3321 2113 -1383
1936 -469 -257 -3273 2107 -1124
1945 -454 -275 -3064 2143 -894
1948 -459 -276 -2587 1938 -544
1943 -482 -282 -1833 1681 -302
1928 -469 -305 -1001 1470 -201
1916 -455 -282 -492 1236 -151
1924 -464 -247 50 599 -93
1963 -449 -212 320 52 94
2009 -440 -179 384 -119 361
2019 -439 -157 399 -17 776
2025 -435 -151 428 277 1106
2001 -425 -152 514 521 1255
1970 -433 -158 613 564 1229
1971 -456 -165 757 528 1074
1977 -435 -176 943 482 920
1970 -429 -164 1046 388 840
1974 -433 -136 1045 135 810
1973 -421 -126 923 165 826
1967 -394 -118 850 313 882
1955 -398 -97 616 510 942
1919 -389 -101 423 598 923
1912 -364 -107 116 748 908
1895 -380 -91 -228 701 860
1888 -394 -81 -514 637 846
1896 -365 -104 -798 884 922
1923 -359 -116 -957 972 1150
1925 -408 -88 -1164 725 1348
1940 -382 -112 -1206 751 1518
1948 -353 -131 -1090 1003 1718
1964 -384 -108 -1007 942 1844
1978 -387 -114 -859 636 1953
1998 -359 -132 -581 507 2049
2010 -350 -120 -390 132 2005
2027 -354 -88 -384 -259 1855
2077 -335 -87 -500 -625 1635
2087 -319 -79 -611 -508 1358
2114 -344 -75 -808 -300 1124
2125 -351 -80 -1121 147 727
2120 -352 -80 -1474 776 346
2140 -335 -98 -1712 1179 79
2119 -306 -112 -2058 1583 -410
2088 -289 -100 -2555 1829 -1192
2113 -285 -91 -3019 2168 -1763
2129 -272 -85 -3841 3122 -2502
2177 -275 -67 -4531 3932 -2892
2179 -265 -61 -5650 5123 -3298
2185 -249 -71 -6833 5923 -3623
2174 -221 -90 -7627 6304 -3843
2189 -206 -104 -8661 6820 -4185
2144 -190 -154 -9227 7090 -4493
2136 -160 -184 -9929 7290 -5063
2113 -115 -215 -10301 7185 -5746
2078 -164 -258 -10415 6729 -6226
2049 -148 -288 -10430 5116 -6847
2053 -125 -320 -10287 2650 -7210
2030 -112 -359 -10065 921 -7300
2049 -92 -394 -9538 -1540 -7306
2081 -22 -411 -8950 -3844 -7149
2115 -50 -421 -8295 -5699 -7053
2109 -59 -451 -7746 -6703 -7098
2135 13 -385 -6702 -8733 -7741
2208 39 -355 -6230 -8765 -8280
2236 81 -363 -5934 -8186 -8578
2192 238 -414 -5472 -6787 -9184
2118 329 -457 -5197 -5870 -9831
2095 346 -494 -4958 -5119 -10987
2038 405 -522 -4944 -5521 -12271
2010 562 -578 -5045 -6726 -13547
1854 704 -725 -4982 -7777 -14774
1820 762 -702 -4887 -9958 -17043
1729 815 -732 -4898 -11621 -18877
1632 845 -723 -5061 -13655 -22041
1542 805 -804 -5238 -14754 -25326
1556 763 -877 -5263 -15024 -27740
1486 692 -909 -5127 -14960 -28784
1455 611 -953 -4540 -14579 -29157
1396 532 -913 -3945 -14277 -28445
1328 521 -819 -2904 -13915 -26192
1192 590 -715 -2233 -13777 -24088
937 595 -193 -1528 -10304 -20562
1391 706 -1023 1244 -1534 -15170
1692 406 -971 3993 4684 -10074
1688 229 -849 7624 12107 -1218
2145 80 -539 9615 13884 5924
2233 299 -244 10790 11947 17723
1860 721 -139 10552 7319 27849
557 291 434 8913 5587 30979
977 -91 292 5933 7748 31989
1627 212 169 4089 12272 31930
1849 635 162 1495 20100 30510
1913 632 210 -1153 24187 26988
1796 624 117 -2567 24029 23027
1773 517 10 -3773 20633 15163
1861 441 16 -4048 15574 6964
2099 391 81 -3888 11058 609
2316 358 203 -3867 8661 -2142
2446 278 290 -4521 5753 -4367
2524 196 332 -5354 4512 -4871
2538 145 287 -6937 3697 -4728
2465 46 211 -8474 3678 -4127
2363 -5 76 -9345 3874 -3690
2277 -54 -50 -10110 3800 -2956
2250 -70 -111 -10378 2949 -2101
2258 -86 -194 -10318 1949 -1429
2258 -100 -241 -10025 895 -385
2202 -230 -269 -9747 801 80
2147 -284 -247 -9487 477 317
2080 -280 -216 -9585 -264 52
2061 -307 -225 -9775 -713 -205
2042 -308 -223 -10143 -981 -601
2024 -271 -227 -10605 -766 -818
2031 -275 -233 -11043 -546 -865
1999 -292 -242 -11833 -312 -908
1969 -329 -252 -12856 -307 -915
1940 -343 -318 -13544 -368 -755
1931 -321 -365 -14452 -499 -200
1935 -357 -431 -14948 -716 397
1908 -357 -453 -15499 -1518 1460
1873 -306 -516 -15639 -2816 2584
1895 -315 -516 -15542 -4326 3643
1946 -308 -461 -15502 -5224 4312
1989 -298 -421 -15597 -5847 5184
2028 -316 -344 -15969 -5449 5714
2042 -314 -284 -16400 -4818 5865
2038 -332 -274 -17340 -3793 5856
2064 -368 -287 -18500 -3212 5801
2016 -400 -299 -19384 -3010 5769
2003 -417 -315 -20755 -2653 5806
2034 -421 -335 -21982 -1614 6107
2038 -510 -442 -22684 -1289 6288
2086 -608 -460 -23776 -1278 6697
2145 -653 -598 -24512 -1293 6966
2225 -789 -763 -25523 -1279 7244
2364 -916 -1199 -25924 -1898 7540
2496 -929 -1630 -25826 -3338 7785
2569 -954 -1793 -25960 -7359 8157
2689 -993 -1833 -27390 -12128 8288
2857 -1105 -1689 -29384 -14842 8030
3038 -1200 -1497 -32768 -17418 7054
3408 -1258 -1237 -32768 -17455 6249
3703 -1264 -1138 -32768 -14731 4896
3802 -1286 -1155 -32768 -11081 2968
3901 -1451 -1268 -32768 -9842 1292
4074 -1637 -1385 -32768 -10687 -1301
4202 -1801 -1459 -32768 -14170 -3538
4317 -1995 -1498 -32768 -19315 -5464
4372 -2070 -1341 -32768 -23081 -6569
4523 -2181 -913 -32768 -27291 -7805
4691 -2240 -370 -32768 -28266 -8272
4726 -2268 -2 -32768 -26863 -8557
4622 -2304 362 -32768 -24746 -8479
4390 -2391 642 -32768 -24587 -8091
4139 -2631 1178 -32768 -26334 -7576
4064 -2912 1938 -32768 -29249 -5786
4501 -3456 3936 -32768 -30806 -2899
4291 -4746 8021 -32768 -32389 2466
4444 -5736 11610 -32364 -30413 4218
5811 -7089 15193 -20475 -10039 1192
8507 -9062 15915 -1355 7134 -2238
10134 -9979 14943 32767 22879 -7803
10757 -9453 13909 32767 27640 -22409
11532 -8668 13674 32767 32767 -32768
8920 -10375 -9644 32767 18464 -32768
7048 -10258 -8908 32767 12338 -32768
5321 -9706 -6226 22905 10963 -32768
4360 -9221 -4622 9109 15832 -32768
3536 -8347 -4227 -6562 24089 -32768
2056 -7176 -3895 -12831 26312 -32768
1418 -6421 -4035 -15672 26047 -32768
506 -5826 -4423 -12238 20094 -30236
255 -5036 -4028 -9133 13986 -27700
358 -4251 -3024 -6702 9855 -23046
456 -3658 -2437 -7218 12287 -17552
443 -3248 -2393 -7918 14622 -11687
148 -2762 -2650 -6539 14888 -7686
-115 -2466 -3104 -4052 13800 -6280
-57 -2159 -3082 621 9004 -3932
48 -1745 -2846 3484 6942 -1872
214 -1316 -2486 6188 7460 1769
277 -1060 -2397 6716 9265 5619
368 -664 -2448 6268 9985 9186
468 -368 -2528 6040 10774 10915
545 -248 -2620 6000 12044 12571
792 -92 -2663 5679 10409 14342
1078 123 -2420 4788 8393 15730
1216 204 -2191 2378 7904 17535
1387 318 -1844 -751 9544 18897
1504 420 -1661 -2714 10667 19741
1549 527 -1639 -4447 12044 21000
1541 566 -1691 -4386 12600 22008
1523 586 -1885 -2702 12710 22657
1511 709 -1774 -1491 11720 23146
1503 790 -1696 -421 9510 23592
1531 806 -1289 -663 7889 23737
1634 940 -887 -2939 5601 23940
1673 947 -751 -6155 5816 24091
1682 833 -643 -9359 7049 24107
1708 797 -708 -11180 7774 24278
1777 707 -681 -13319 8506 24974
1840 655 -624 -15304 8755 26045
1891 578 -500 -16707 8709 26825
1902 577 -397 -18941 7661 27846
1921 490 -291 -21013 6428 28350
1943 448 -197 -22227 6002 28346
1883 441 -160 -23780 5547 27769
1772 328 -144 -24663 5119 26963
1659 213 -162 -25747 4009 25475
1617 59 -287 -26328 2727 24093
1704 -211 -485 -26370 1557 23562
1876 -328 -486 -26732 -2334 24133
2239 -476 -320 -27851 -7124 26015
2516 -533 -63 -29210 -8871 27497
2612 -593 170 -31989 -8304 28943
2579 -646 259 -32768 -6173 28706
2553 -826 278 -32768 -4814 27802
2595 -978 258 -32768 -3803 26228
2668 -1109 210 -32768 -4993 25193
2884 -1311 90 -32768 -7931 24837
3300 -1550 -115 -32768 -10010 24992
3614 -1692 -240 -32768 -12629 25714
3857 -1903 -301 -32768 -14552 26178
3872 -1989 -211 -32768 -15550 25734
3852 -2049 -67 -32768 -16238 23568
3830 -2021 56 -32768 -16121 20402
3958 -2061 94 -32768 -15963 18327
4086 -2095 88 -32768 -15995 16055
4394 -2096 60 -32768 -15455 15212
4617 -2107 -40 -32768 -14273 15068
4723 -2117 -88 -32768 -11217 14544
4694 -2124 -122 -32768 -8969 12867
4514 -2096 -154 -32768 -8221 10923
4397 -2130 -130 -32768 -7731 6968
4385 -2113 -69 -32768 -7262 3008
4333 -2137 -20 -32768 -7734 -505
4257 -2106 -36 -32768 -8803 -2551
4267 -2073 12 -32768 -10398 -4991
4234 -2036 162 -32768 -10711 -6273
4189 -2032 318 -32768 -9833 -7713
4126 -1823 527 -32768 -8293 -8425
4041 -1655 660 -32768 -7578 -8573
3985 -1577 721 -32768 -7038 -8527
3946 -1476 981 -32635 -6407 -8307
3914 -1400 1286 -29770 -5204 -7512
3748 -1332 1902 -27935 -4627 -6224
3582 -1142 2645 -27195 -4980 -5056
3598 -1483 3726 -26413 -6083 -2880
3978 -2160 4508 -24531 -8985 88
4461 -4154 6434 -19381 -10531 1960
4632 -6950 9770 -13967 -9050 -460
5734 -8630 11687 2207 194 -8593
8864 -10640 12624 22317 13656 -12919
10216 -11527 12318 32767 31519 -18894
11025 -11722 10941 32767 32767 -26024
11682 -11239 9732 32767 32767 -32768
13403 -10297 7105 32767 32767 -32768
14845 -9933 2829 32767 32767 -32768
15438 -10133 298 32767 32767 -32768
13876 -8383 2656 32767 32767 -32768
15613 -11899 -10702 32767 32767 -32768
15289 -11018 -10681 32767 32767 -32768
14966 -10016 -9007 32767 32767 -32768
14628 -10161 -7958 32767 32767 -32768
13397 -10243 -8170 32767 32767 -32768
10769 -9878 -8306 32767 32767 -32768
8766 -9368 -7122 17328 24747 -32768
6675 -8659 -6244 7765 27638 -32768
5288 -8331 -6201 -619 27179 -32768
3229 -7576 -5826 -4679 18989 -32768
1654 -7169 -5014 -6257 11545 -32768
1085 -6510 -4203 -6418 8025 -32768
949 -6091 -3801 -5991 7083 -26414
808 -5270 -3050 -7165 8303 -16153
813 -4654 -2610 -9102 9839 -10676
932 -3883 -2486 -11430 12582 -4587
1043 -3169 -2811 -10706 13278 34
952 -2516 -3148 -8346 12224 2403
815 -1952 -3341 -3038 9836 4929
753 -1594 -3311 2340 5996 6316
730 -1119 -2975 5574 3775 6983
688 -723 -2631 6256 3664 7364
684 -526 -2462 5811 4425 8239
786 -276 -2277 4711 6429 10164
858 -162 -2211 4122 7998 11897
946 -82 -2149 3350 9169 15171
1078 62 -2248 3258 10769 18714
1111 212 -2108 3112 10992 20734
1123 310 -1996 2417 10829 22885
1194 439 -1859 1307 10453 24150
1312 546 -1635 339 9667 24597
1353 635 -1542 -830 8566 24862
1516 692 -1394 -1215 7838 24904
1577 758 -1290 -1006 7510 24797
1577 801 -1207 -305 7567 24598
1548 790 -1139 228 8524 24386
1439 797 -997 -235 8527 24233
1430 866 -721 -2198 7586 24631
1511 969 -514 -4172 7057 25333
1539 1028 -414 -7709 6108 26713
1549 1120 -274 -11687 4625 27755
1593 1159 -291 -14122 4053 28120
1730 1117 -287 -17049 4525 28376
2053 1024 -273 -19129 6735 28808
2221 1015 -321 -20029 8298 29284
2176 946 -332 -20955 8933 29484
2044 874 -428 -21293 8243 29205
1920 774 -426 -21589 5582 28297
1833 678 -378 -22019 1297 26855
1739 435 -278 -22752 -2362 24993
1827 171 -189 -23487 -3884 23945
1971 -6 -219 -24670 -4772 23408
2209 -293 -196 -26241 -4343 24489
2500 -401 -5 -27942 -4098 26022
2661 -447 59 -31492 -3969 28959
2736 -584 47 -32768 -4920 30526
2670 -663 -36 -32768 -7808 31064
2660 -785 -66 -32768 -9441 29545
2814 -977 131 -32768 -9123 28010
2981 -1025 314 -32768 -6353 26170
3265 -1117 512 -32768 -1981 25698
3397 -1220 269 -32768 494 25953
3317 -1275 -165 -32768 -839 25965
3349 -1547 -785 -32768 -9088 24818
3685 -1783 -1025 -32768 -17425 23131
4117 -2049 -848 -32768 -20228 21871
4388 -2213 -584 -32768 -20176 19746
4638 -2363 -158 -32768 -17308 17617
4647 -2423 -48 -32768 -15401 16077
4641 -2449 -27 -32768 -14875 13687
4831 -2487 -138 -32768 -15283 12144
5012 -2453 -222 -32768 -15234 10293
5318 -2386 -382 -32768 -13721 8901
5301 -2276 -460 -32768 -12154 7863
5132 -2208 -481 -32768 -10716 5363
4929 -2135 -323 -32768 -11254 2089
4886 -2097 -50 -32768 -11859 -1
4904 -2088 162 -32768 -12923 -2328
4807 -2002 430 -32768 -14808 -3821
4756 -1831 841 -32768 -15674 -4261
4737 -1654 1278 -32768 -15601 -3781
4672 -1519 2321 -32768 -15184 -2240
4800 -1647 4003 -32768 -15632 -657
5188 -2201 5091 -32768 -15257 2891
5222 -4043 7521 -32768 -13467 4457
5348 -6746 11755 -30084 -10428 1290
6750 -8638 13838 -15106 2938 -7788
9448 -11165 14658 4763 16884 -14451
10795 -12423 13159 32767 32767 -23463
11057 -12256 11766 32767 32767 -32768
12633 -11730 10448 32767 32767 -32768
13551 -11089 8761 32767 32767 -32768
14255 -11020 4118 32767 32767 -32768
14072 -11087 862 32767 32767 -32768
13997 -9885 2307 32767 32767 -32768
13091 -11492 -11211 32767 32767 -32768
13580 -10021 -8906 32767 19854 -32768
15032 -10238 -6014 32767 23064 -32768
15529 -10922 -5702 32767 32767 -32768
13743 -11197 -7112 32767 32767 -32768
10747 -10544 -8225 29391 32767 -32768
8322 -9280 -7147 23951 32767 -32768
6862 -8640 -6211 14949 32767 -32768
4935 -7879 -5527 6577 24821 -32768
3387 -7590 -5273 3023 17743 -32768
2126 -7104 -4795 781 9909 -32768
1449 -6745 -4113 -887 4050 -32768
899 -6157 -3069 -4040 2399 -32768
586 -5589 -2640 -5929 4465 -27135
465 -5107 -2549 -7788 7467 -17124
410 -4311 -2450 -8291 8501 -10858
512 -3552 -2450 -7939 10318 -2897
614 -2791 -2542 -6470 11489 2693
638 -2338 -2592 -4388 10967 5954
769 -1720 -2587 -3016 10131 7200
808 -1200 -2591 -841 8648 8157
830 -914 -2529 1191 7550 8650
905 -516 -2469 2865 7978 9511
940 -304 -2469 3677 8473 10496
912 -1 -2430 4278 8506 12204
915 150 -2490 4527 8611 13270
956 219 -2522 4625 8515 14959
1052 283 -2473 4002 7627 16731
1189 395 -2270 3035 7284 17970
1264 486 -2077 832 7957 19995
1430 616 -1786 -1912 8691 22192
1551 633 -1604 -3613 9338 23504
1576 664 -1609 -5223 9883 24979
1622 687 -1588 -5352 9672 25969
1593 646 -1508 -4789 9189 26523
1645 623 -1481 -4282 9041 26785
1669 586 -1342 -4384 8128 27259
1776 598 -1080 -6190 6033 28135
1852 635 -958 -8902 5721 28912
1840 624 -881 -10788 5937 29170
1835 562 -743 -14071 4724 29153
1845 560 -630 -17242 3771 28920
1893 477 -705 -18845 3733 28712
1968 394 -768 -20379 3517 28652
2037 320 -766 -21381 1540 29212
2004 271 -699 -22002 -95 29650
1947 206 -677 -22936 -2031 29841
1944 93 -505 -24465 -3370 29545
2024 4 -470 -25786 -3931 29370
2050 -81 -522 -27832 -5226 29233
2110 -255 -495 -29180 -6833 29346
2180 -368 -505 -31091 -9527 29737
2382 -626 -517 -32761 -11630 30442
2660 -906 -436 -32768 -12668 31113
2829 -1022 -345 -32768 -13816 32373
2984 -1196 -228 -32768 -13845 32767
3197 -1319 -21 -32768 -13122 32767
3318 -1395 70 -32768 -12256 32767
3398 -1573 23 -32768 -11208 32767
3622 -1772 -12 -32768 -11401 32433
3819 -1875 -9 -32768 -12191 32058
4075 -1980 100 -32768 -12658 31668
4264 -2044 218 -32768 -12087 30993
4291 -2122 153 -32768 -10736 28852
4287 -2200 4 -32768 -10199 26833
4259 -2232 -139 -32768 -10705 23524
4207 -2263 -261 -32768 -12522 20243
4084 -2265 -247 -32768 -14322 18080
4022 -2263 -102 -32768 -16748 14774
3968 -2194 94 -32768 -17233 11629
4056 -2225 198 -32768 -16388 9839
4109 -2180 214 -32768 -14173 8208
4107 -2086 201 -32768 -12518 7595
3983 -1939 176 -32768 -11765 7293
3837 -1827 215 -32768 -11076 6498
3662 -1717 165 -32768 -9876 4858
3506 -1532 28 -32768 -9026 2788
3386 -1393 -95 -32768 -9066 1387
3318 -1306 -38 -30808 -9712 -488
3264 -1195 156 -29450 -9915 -1510
3224 -1147 235 -27959 -9117 -2640
3131 -955 301 -26574 -7511 -3349
3023 -769 239 -25410 -6130 -3624
2915 -613 217 -23290 -4221 -3972
2762 -398 187 -21731 -3395 -4298
2614 -241 104 -19342 -2595 -4998
2530 -136 115 -17083 -2890 -5830
2458 19 306 -15983 -3308 -6285
2467 104 558 -15443 -3152 -6629
2480 297 868 -15720 -1982 -6547
2545 464 1000 -16536 846 -5757
2551 583 1117 -17341 2606 -4343
2593 633 1193 -17597 2833 -3300
2595 576 1388 -17667 2130 -1909
2664 538 1688 -17536 1814 -1036
2715 438 1962 -16960 2322 285
2726 131 2490 -16461 2580 1027
2873 -154 2894 -15197 2641 2438
3204 -895 3607 -13591 3108 3963
3405 -1537 3974 -8969 2649 6581
3597 -3173 5137 -4296 -210 7518
3987 -4312 6653 3343 -5416 6605
5647 -6197 9239 8913 -3946 4853
7325 -7365 10431 21476 5896 1253
9246 -8775 10361 32767 20481 -6460
9416 -9407 8053 32767 25788 -16237
9982 -9507 6819 32767 21636 -32768
12393 -8936 5690 32767 25984 -32768
15315 -8804 3653 32767 32767 -32768
16421 -8919 1518 32767 32767 -32768
17218 -9179 -2488 32767 32767 -32768
17254 -9601 -6498 32767 32767 -32768
14694 -8138 -7161 32767 32767 -32768
15008 -10620 -12681 32767 24717 -32768
13281 -10596 -11408 32767 4017 -32768
11179 -10938 -10864 32767 -2472 -32768
9757 -11781 -9859 32767 -6840 -32768
7718 -12804 -6326 31526 -3013 -32768
5612 -12792 -4653 13459 10616 -32768
4159 -11949 -4233 -5679 28710 -32768
2315 -10272 -4121 -16505 32767 -32768
437 -8802 -5626 -17425 32767 -32768
-282 -7900 -6098 -12757 28768 -31279
-256 -6623 -5199 -9004 17317 -31265
286 -5506 -3607 -10855 16021 -29678
317 -4700 -3168 -12920 17783 -27260
-58 -4286 -3356 -13075 19551 -23424
-496 -3716 -3778 -10729 19081 -21089
-700 -3369 -3765 -5811 16191 -17836
-711 -2859 -3321 -2346 13511 -14031
-515 -2332 -2799 -1552 13443 -10988
-477 -2025 -2695 -1389 15030 -6653
-356 -1537 -2747 -1014 15687 -2752
-235 -1279 -2855 -303 15832 -587
-174 -978 -3056 1209 15680 1505
-27 -693 -3096 2580 13825 3111
233 -500 -2910 3034 12372 4401
562 -312 -2567 2669 11862 6845
749 -191 -2374 1576 14125 9791
991 12 -2298 873 15967 11840
1032 132 -2277 271 17545 14089
1078 222 -2217 101 18060 15038
1270 335 -2074 96 17670 15540
1403 372 -2003 112 16982 16448
1435 419 -1951 134 15453 17696
1511 647 -1806 -125 14010 18915
1490 727 -1616 -1266 13106 20652
1440 852 -1177 -2844 13162 21489
1381 999 -912 -5896 13980 22295
1352 1016 -822 -8740 15625 22524
1266 1058 -864 -10082 16639 22455
1164 1077 -1040 -10802 16717 22123
1137 1021 -1111 -10340 15104 21901
1115 936 -1264 -9328 12196 22073
1174 932 -1078 -9032 8936 22583
1267 915 -806 -9782 4009 23572
1341 886 -675 -11506 2809 24446
1528 857 -413 -14367 4583 25308
1610 840 -239 -16741 6144 25843
1643 770 -227 -20514 8244 26455
1736 703 -199 -22912 9149 26916
1706 687 -227 -26165 10084 27464
1607 608 -328 -28376 9167 27374
1472 489 -333 -29328 4100 26300
1569 297 -347 -29241 567 25465
1714 154 -375 -28161 -2667 24474
1942 -35 -300 -27338 -4134 24317
2153 -133 -330 -26448 -5237 24949
2418 -314 -294 -26432 -5214 26536
2516 -475 -146 -28102 -5239 27902
2547 -668 -65 -30058 -5470 28232
2570 -752 30 -32768 -6434 27699
2763 -932 133 -32768 -8233 26518
3103 -1044 190 -32768 -9111 26010
3282 -1143 146 -32768 -9507 25804
3519 -1319 11 -32768 -9153 25832
3620 -1437 -54 -32768 -8467 25727
3708 -1618 32 -32768 -8200 25505
3667 -1683 163 -32768 -8364 24746
3876 -1816 -10 -32768 -10042 8843
3920 -1758 -63 -32768 -9907 5777
3991 -1730 -55 -32768 -10997 3814
4061 -1751 -101 -32768 -12238 760
4223 -1757 -85 -32768 -13056 -2066
4255 -1737 -42 -32768 -12932 -4689
4159 -1710 72 -32768 -11938 -6361
4064 -1652 163 -32768 -10254 -8413
3880 -1516 237 -32768 -9482 -9385
3777 -1430 338 -32768 -9398 -10191
3725 -1296 429 -32768 -9646 -10272
3743 -1368 582 -32768 -9584 -9924
3649 -1300 705 -32768 -9406 -9283
3507 -1261 1069 -32768 -9539 -8828
3384 -1213 1441 -32768 -9454 -7877
3271 -1205 2319 -29165 -9187 -6111
3553 -1512 3649 -25378 -10039 -2246
3649 -2434 5246 -21801 -11064 851
3646 -3490 7261 -16362 -13303 3111
4773 -5269 10922 -9991 -6196 2008
6876 -7425 13126 -1542 5281 40
8532 -9014 13202 22883 20504 -4720
10765 -10532 11745 32767 27931 -9163
11077 -10856 10356 32767 32767 -23185
12324 -10306 9096 32767 32767 -32768
14975 -9910 6975 32767 32767 -32768
16455 -10124 4867 32767 32767 -32768
18128 -10872 1075 32767 32767 -32768
18503 -11651 -2051 32767 32767 -32768
17323 -12107 -7371 32767 32767 -32768
15445 -14420 -11855 32767 32767 -32768
12774 -13415 -10538 32767 11258 -32768
10810 -12576 -8403 32767 -2593 -32768
9527 -13631 -6905 32767 158 -32768
6842 -14171 -4732 32767 4408 -32768
3646 -13354 -4657 24615 21366 -32768
1349 -11142 -4335 8806 28916 -32768
457 -9550 -4248 -563 32767 -32768
101 -7545 -4678 -3351 32767 -28907
704 -6082 -5266 -3696 28371 -23072
1161 -5229 -4924 -3153 18975 -20215
1729 -4135 -4088 -4213 16949 -20147
1846 -3458 -3815 -4930 16143 -20377
1557 -2938 -3737 -4491 14973 -20011
1279 -2629 -3504 -3456 13484 -18460
765 -2305 -3318 -2302 13793 -16124
374 -1981 -3182 -1560 14087 -14203
215 -1781 -3083 -653 14075 -10687
189 -1482 -2971 -35 14155 -6564
211 -1245 -2965 313 14722 -3949
328 -1006 -3128 715 15305 -561
483 -770 -3241 814 14266 1450
636 -668 -3204 492 12026 4270
929 -462 -3078 90 11776 6137
1139 -339 -2979 -593 12107 8823
1219 -231 -2842 -1673 11707 11211
1407 -122 -2557 -2989 12567 13208
1506 -5 -2408 -3814 13583 14394
1522 24 -2352 -4560 12631 15745
1535 110 -2220 -4475 10766 16344
1665 125 -1984 -4146 10686 16594
1727 166 -1745 -3673 11308 17136
1737 181 -1540 -3764 11639 17944
1700 219 -1223 -4796 11680 18830
1710 223 -930 -5922 11267 19503
1703 251 -762 -7920 10605 20558
1605 170 -608 -9844 10677 21410
1581 228 -534 -11541 9451 22488
1561 229 -462 -12552 8166 23309
1428 182 -418 -13910 6827 24315
1422 216 -440 -15171 5971 25406
1411 227 -640 -16094 4979 26757
1417 203 -749 -16677 3880 27719
1529 216 -686 -18209 993 29468
1722 235 -488 -19735 -624 30714
1814 213 -179 -22931 -1520 32088
1850 149 63 -27204 -593 32258
1946 38 295 -32040 2459 31392
2075 -57 417 -32768 5324 30503
2197 -156 341 -32768 9981 29242
2358 -276 -15 -32768 13101 28567
2407 -486 -510 -32768 11729 28394
2418 -780 -661 -32768 2727 28214
2442 -937 -626 -32768 -8640 28012
2568 -1261 -400 -32768 -14691 27022
2787 -1523 -134 -32768 -15516 25915
3142 -1745 84 -32768 -14481 24176
3392 -1899 227 -32768 -13700 23212
3710 -2035 337 -32768 -13456 22932
4115 -2136 386 -32768 -13295 23070
4276 -2148 339 -32768 -12644 23437
4329 -2193 179 -32768 -12374 23176
4362 -2269 149 -32768 -12439 21821
4360 -2393 237 -32768 -11442 19471
4293 -2451 282 -32768 -9602 17349
4218 -2481 246 -32768 -6737 13318
4081 -2516 -42 -32768 -6606 8919
4088 -2519 -249 -32768 -8143 6272
4126 -2556 -223 -32768 -11170 3298
4261 -2517 93 -32768 -12175 1899
4384 -2503 423 -32768 -10391 686
4438 -2450 771 -32768 -7233 191
4333 -2375 699 -32768 -2979 -644
4121 -2325 328 -32768 -3099 -1999
3908 -2295 162 -32768 -4997 -3272
3831 -2264 141 -32768 -7853 -5521
3772 -2211 313 -32768 -8557 -7165
3760 -2121 511 -32768 -8183 -9381
3704 -1896 709 -32768 -7548 -10490
3609 -1782 901 -32768 -7192 -11685
3515 -1584 1191 -29963 -7116 -12134
3379 -1319 1395 -28293 -7023 -12117
3279 -1147 1559 -26495 -7414 -11876
3084 -895 1915 -25386 -7784 -11473
2962 -846 2537 -25116 -7628 -11066
2928 -915 3034 -25457 -7185 -9933
2941 -1387 4120 -25772 -7206 -8598
3107 -1851 4798 -24389 -7352 -4768
3310 -3636 5969 -18278 -8257 85
3474 -5974 8471 -11829 -10888 2630
4175 -7493 10565 1828 -7822 4453
6373 -9472 12777 22242 10133 3740
9392 -11009 12106 32767 24298 3089
10388 -11678 10460 32767 32767 -2355
10550 -11598 7969 32767 32767 -14078
12227 -10988 6174 32767 32767 -32768
14274 -10392 4689 32767 32767 -32768
16533 -10413 2267 32767 32767 -32768
17875 -10765 -926 32767 32767 -32768
18965 -12940 373 32767 32767 -32768
18230 -11499 -11332 32767 32767 -32768
19276 -10380 -9510 32767 32767 -32768
20737 -11226 -7862 32767 32767 -32768
19503 -12319 -8708 32767 32767 -32768
16300 -11741 -10813 32767 32767 -32768
13738 -11023 -11356 32767 32767 -32768
10345 -9955 -9103 32767 32767 -32768
8918 -9873 -7765 23348 32767 -32768
6984 -9422 -7254 14924 32249 -32768
5271 -8735 -7295 7833 24152 -32768
3133 -7892 -6719 5598 15186 -32768
2031 -7186 -5940 5885 11205 -32768
1676 -6581 -5084 8271 9214 -32768
1584 -6049 -4179 8856 10184 -22054
1197 -5195 -2874 4224 15144 -9940
917 -4314 -2633 -77 19011 -4782
764 -3778 -3073 -3943 20892 50
547 -3033 -3782 -2390 17821 2821
325 -2410 -3910 618 14645 3749
240 -2036 -3714 5222 10179 4365
382 -1554 -3153 7548 7657 5606
619 -1106 -2699 7483 7786 7162
699 -825 -2575 5783 9147 9904
699 -420 -2490 3050 9716 12139
769 -162 -2401 1246 10034 13213
908 -21 -2270 -1003 10573 15192
1182 128 -2031 -2287 11578 17778
1418 319 -1996 -2112 13974 20493
1523 409 -2041 -1386 15298 21992
1597 503 -1999 -262 15181 24025
1607 589 -1933 373 13198 25516
1715 678 -1788 436 11467 26285
1820 714 -1691 144 9482 27167
1881 823 -1421 -719 9221 27672
1856 876 -1182 -1687 9624 27814
1872 932 -1029 -3412 10024 28038
1901 935 -959 -5056 10207 28286
1970 938 -798 -6858 9860 28617
2037 916 -878 -7872 10336 28951
1985 752 -874 -9279 11050 29272
1939 759 -732 -11712 8879 29616
1859 713 -578 -14996 6280 29896
1844 609 -393 -18618 4818 29987
1829 510 -149 -21164 4182 30001
1923 513 -54 -25017 3972 30279
2114 503 -151 -27154 4355 30780
2239 440 -263 -29369 4967 31844
2308 410 -240 -31198 4566 32767
2317 447 -153 -32511 4085 32767
2275 448 -72 -32768 3936 32767
2242 364 -2 -32768 3703 32182
2261 244 33 -32768 2639 30270
2385 10 4 -32768 1221 28986
2537 -153 -51 -32768 -2085 27470
2648 -370 -114 -32768 -4657 26596
2738 -684 -156 -32768 -8522 25333
2791 -957 -123 -32768 -12778 23883
2940 -1247 9 -32768 -16532 22346
3240 -1479 264 -32768 -17750 21389
3478 -1629 354 -32768 -17147 20357
3654 -1815 384 -32768 -14659 19542
3676 -1974 303 -32768 -13130 19080
3653 -2125 216 -32768 -13100 18064
3605 -2359 108 -32768 -14626 17168
3677 -2480 86 -32768 -17513 16024
3860 -2595 121 -32768 -19048 15247
4014 -2681 212 -32768 -18639 14762
4091 -2680 306 -32768 -16098 13896
4136 -2670 374 -32768 -12531 12652
3990 -2645 352 -32768 -11068 11411
3833 -2643 262 -32768 -11305 8940
3777 -2668 71 -32768 -12252 7190
3810 -2688 -85 -32768 -13604 5048
3846 -2713 -136 -32768 -14557 4006
3819 -2629 41 -32768 -15663 2745
3844 -2548 170 -32768 -14155 1886
3832 -2417 229 -32768 -12087 1491
3840 -2341 274 -32768 -10047 1253
3782 -2210 297 -32768 -9201 1076
3653 -2060 230 -32768 -9134 641
3550 -1906 149 -32768 -9323 -820
3385 -1733 87 -32768 -9031 -2319
3298 -1607 119 -31396 -8667 -4797
3313 -1429 293 -28688 -9073 -6682
3338 -1328 429 -27193 -8811 -7525
3316 -1195 606 -25307 -6951 -8415
3299 -969 751 -24101 -4939 -8667
3269 -855 855 -22696 -2378 -8394
3188 -682 1065 -21821 -1778 -7581
3119 -430 1537 -21827 -1632 -6745
3066 -192 1972 -23053 -351 -5050
2738 265 2756 -25600 1041 -3318
2421 622 3889 -28063 1207 -2183
2485 365 5151 -31900 -243 301
2972 -490 6056 -32768 -2201 4746
3922 -3384 7364 -30151 -3736 8555
4337 -6039 8781 -17079 -5789 11934
5775 -9395 11409 7587 -478 10592
8375 -11696 12430 32767 15378 5455
10073 -12579 10901 32767 25611 -4685
10741 -12328 9346 32767 25315 -17007
12070 -12490 8213 32767 27740 -32768
15405 -13244 6099 32767 32767 -32768
17689 -14053 2018 32767 32767 -32768
17969 -14257 -597 32767 32767 -32768
18480 -14990 -3735 32767 32767 -32768
19138 -15962 -8711 32767 32767 -32768
20405 -15401 -9712 32767 32767 -32768
21606 -14845 -7019 32767 32767 -32768
20824 -15909 -6723 32767 32767 -32768
18936 -16289 -8125 32767 32767 -32768
15428 -15588 -10917 32767 32767 -32768
11564 -13337 -9650 32767 32767 -32768
9015 -12458 -8040 25359 32767 -32768
6794 -11611 -7217 12777 32767 -32768
4548 -10013 -7456 7714 26865 -32768
3217 -8762 -6817 3953 18787 -32768
1720 -7616 -6064 3186 15843 -32768
1238 -6917 -5553 4160 9547 -32768
1232 -6361 -4918 5470 5625 -29180
1176 -5387 -3459 4487 6545 -20589
1107 -4774 -2627 -719 11138 -10138
1087 -3951 -2292 -6571 17174 -2708
1051 -3274 -2872 -8374 19961 1058
973 -2778 -3234 -7472 19988 5701
656 -2224 -3595 -3607 16273 8226
518 -1700 -3560 -463 13159 8890
602 -1255 -3219 3413 8431 9571
760 -999 -3065 5240 5185 10770
1005 -595 -2708 5210 4007 11979
1250 -406 -2508 3765 4581 14706
1442 -96 -2123 929 6553 18263
1595 203 -1968 -977 8114 20828
1649 373 -1989 -2966 10586 24393
1645 619 -2039 -3633 11637 26216
1712 739 -2043 -4139 12276 28073
1733 899 -2025 -4508 11875 28763
1735 1021 -2047 -4685 10687 28575
1814 1142 -1940 -5317 7535 28054
1966 1243 -1542 -6181 5922 27802
2038 1239 -1112 -8338 5682 27536
2026 1232 -956 -10728 7460 27394
2029 1166 -864 -12729 8746 27588
2007 1009 -829 -13865 8345 27941
1976 949 -823 -15295 5710 28717
1878 835 -765 -15990 3395 29050
1777 760 -643 -17049 -35 29045
1642 602 -482 -18330 -3112 28428
1670 466 -230 -19295 -4722 28156
1824 380 -45 -21276 -5469 28524
2102 329 226 -23811 -4164 30150
2285 314 357 -26618 -2170 32306
2252 291 342 -28298 -1125 32767
2179 294 310 -30518 -29 32767
2073 270 180 -32280 -846 32767
1980 199 81 -32768 -2854 32767
1985 99 -68 -32768 -6802 32269
2135 -57 -178 -32768 -9544 31831
2358 -256 -172 -32257 -12933 31186
2538 -352 -40 -32272 -14614 30609
2901 -513 212 -32768 -14531 30132
3265 -683 542 -32768 -12959 29988
3361 -767 648 -32768 -9896 29880
3433 -902 489 -32768 -8572 29797
3446 -1165 243 -32768 -8877 29480
3483 -1354 158 -32768 -10120 28628
3653 -1538 137 -32768 -10847 27875
3702 -1738 192 -32768 -10815 27216
3682 -1892 187 -32768 -10605 25591
3757 -2094 71 -32768 -11034 24216
3870 -2268 16 -32768 -13305 21866
4006 -2334 123 -32768 -15443 19483
4163 -2433 297 -32768 -15707 17905
4156 -2471 359 -32768 -14434 15538
4071 -2462 455 -32768 -13146 14125
4006 -2470 352 -32768 -11256 12586
3769 -2525 -71 -32768 -12374 11317
3700 -2545 -265 -32768 -15056 10602
3775 -2516 -223 -32768 -18737 9690
3932 -2390 72 -32768 -18559 8623
4087 -2252 388 -32768 -16693 7770
4052 -2116 500 -32768 -12574 6107
3957 -1928 539 -32768 -10080 4679
3866 -1823 394 -32768 -7818 2233
3671 -1679 145 -32768 -7700 -357
3559 -1576 44 -32768 -8058 -1940
3495 -1540 45 -32768 -7956 -3916
3365 -1404 120 -32554 -7631 -4975
3283 -1320 242 -30365 -7295 -6188
3225 -1131 453 -28744 -6486 -6893
3169 -939 619 -27899 -5396 -7130
3148 -780 729 -26876 -3268 -7115
3185 -571 778 -26189 -1685 -6764
3134 -425 827 -25039 -7 -6073
3023 -277 924 -24233 354 -5724
2924 -200 1039 -22982 338 -5694
2818 -97 1348 -21921 71 -6014
2785 -73 1626 -21406 -17 -6079
2749 10 2160 -20857 335 -5528
2777 -110 3041 -20857 -6 -4455
2735 -123 3943 -21209 -2151 -1492
3100 -569 5911 -21316 -2666 1529
3719 -1564 7395 -19609 -242 8216
5307 -4368 9989 -13689 4638 15291
6358 -6615 11450 -4805 8743 17468
8520 -9480 12297 21235 21806 13130
9785 -11134 11034 32767 31393 4355
9633 -11565 9664 32767 32654 -18446
11406 -11511 8591 32767 25933 -32768
15277 -11774 7549 32767 32767 -32768
17336 -12656 4061 32767 32767 -32768
17430 -13045 1159 32767 32767 -32768
17307 -13526 -2716 32767 32767 -32768
17104 -13524 -6419 32767 32767 -32768
17634 -13836 -9014 32767 32767 -32768
18029 -13154 -7637 32767 22178 -32768
17423 -13578 -6625 32767 32767 -32768
16270 -13652 -7932 29342 32767 -32768
12979 -12791 -10538 24349 32767 -32768
9519 -11726 -9574 20487 32767 -32768
8315 -10607 -7722 8193 32767 -32768
6423 -9961 -6905 -2188 32767 -32768
3984 -8935 -7383 -3356 32767 -32768
2296 -7841 -6795 -1741 25369 -32768
1612 -7364 -6230 2514 19995 -32768
967 -6849 -5616 6723 15696 -32731
376 -5956 -4314 6947 12302 -26069
140 -5156 -3185 3136 12645 -18412
190 -4692 -2970 -1757 15849 -11783
299 -3975 -3183 -3441 16886 -7012
299 -3173 -3284 -3157 17035 78
310 -2704 -3301 -1198 16943 5696
298 -2052 -3311 1147 15099 9153
464 -1445 -3225 3205 12293 11078
577 -1107 -3068 3984 11190 11617
838 -602 -2843 3965 11090 11974
1117 -181 -2713 2979 11511 13052
1286 110 -2567 2107 11564 14152
1378 294 -2489 832 12156 15961
1498 462 -2389 -129 12878 17659
1600 557 -2264 -580 12954 18656
1657 579 -2259 -674 12533 19768
1702 730 -2265 -81 10675 20730
1853 766 -2114 417 9383 21351
1993 776 -1887 509 8730 22541
2110 807 -1469 -223 9271 23417
2122 795 -1166 -2711 10999 24428
2048 855 -901 -6011 12473 24854
1938 859 -828 -8021 13269 24809
1929 884 -827 -10354 13529 24679
1933 859 -817 -11826 12526 24610
1996 744 -777 -12902 10688 25022
2010 758 -636 -13604 8842 25624
1999 732 -532 -14849 6413 26842
1943 648 -400 -16179 5649 27827
1904 567 -293 -17206 5769 28286
1927 542 -201 -19047 6062 29049
1895 477 -132 -20360 5921 29507
1816 453 -205 -21970 5024 29827
1861 435 -293 -22879 3500 29952
1887 417 -398 -23318 1388 29895
1871 273 -321 -23675 -727 29575
1926 284 -177 -24880 -4185 29272
2029 241 37 -26762 -5382 29133
2093 215 223 -28343 -4999 29017
2209 118 357 -31283 -4403 28739
2378 29 405 -32768 -3761 28481
2630 -152 406 -32768 -3668 28510
2838 -297 322 -32768 -4512 28772
3072 -492 215 -32768 -6712 29149
3200 -647 255 -32768 -7797 29140
3244 -717 300 -32768 -8076 28632
3169 -900 433 -32768 -7967 27606
3077 -1129 457 -32768 -7634 24960
3089 -1285 467 -32768 -7842 21797
3210 -1502 468 -32768 -8546 20084
3302 -1690 473 -32768 -9809 18359
3369 -1867 391 -32768 -10403 17765
3451 -1974 371 -32768 -10690 17912
3576 -2010 343 -32768 -10405 18254
3671 -2034 355 -32768 -9513 18634
3705 -1997 309 -32768 -8311 18355
3691 -1963 154 -32768 -7522 17636
3630 -1995 59 -32768 -7889 15378
3612 -1996 -217 -32768 -9180 12373
3626 -1989 -499 -32768 -11529 10272
3696 -2004 -578 -32768 -16249 7189
3981 -2004 -444 -32768 -18012 5396
4221 -2005 -221 -32768 -17430 3428
4485 -2027 233 -32768 -14004 2367
4496 -1927 411 -32768 -9394 1444
4306 -1736 312 -32768 -6570 567
4094 -1623 153 -32768 -4341 -1401
3902 -1419 -15 -32768 -4716 -2810
3774 -1265 -25 -32768 -6148 -4749
3751 -1140 113 -32768 -7035 -6260
3797 -979 526 -32768 -6639 -7235
3884 -843 812 -32768 -5925 -7416
3916 -717 1207 -32768 -5027 -7390
3915 -681 1466 -32768 -5003 -7136
3721 -610 1872 -32768 -5749 -6543
3649 -488 2786 -32768 -6146 -5116
4050 -649 4111 -31842 -5236 -2749
4187 -1161 5273 -29083 -2248 2088
4899 -3034 7216 -26120 -1567 5518
5501 -5000 9025 -19288 -2441 7769
7161 -7967 11947 -6366 7035 3188
8211 -10062 11778 11253 23390 -4120
8127 -10924 10679 32767 32767 -18991
8716 -11616 9224 32767 27452 -32768
11575 -11626 8384 32767 28017 -32768
13314 -11770 5982 32767 32767 -32768
13576 -11761 3478 32767 32767 -32768
13871 -11344 242 32767 32767 -32768
14525 -11064 -1074 32767 32767 -32768
15864 -9979 -2953 32767 32767 -32768
17281 -10770 -10361 32767 32767 -32768
18896 -9039 -7521 32767 32767 -32768
19100 -10032 -6698 32767 32767 -32768
17796 -10688 -7788 32767 32767 -32768
14816 -10497 -10122 32767 32767 -32768
10681 -8898 -10223 32767 32767 -32768
8491 -8368 -8752 32767 32767 -32768
6667 -8367 -7062 32767 26576 -32768
4658 -7989 -7001 29641 17198 -32768
3010 -7103 -5833 24887 5212 -32768
2363 -6699 -4734 20859 2455 -32768
1644 -6419 -3619 18733 4779 -32768
1230 -6174 -3247 16566 11590 -27718
673 -5396 -3089 13851 17447 -11689
546 -4719 -2885 8533 20088 137
543 -3729 -2642 1945 23705 7655
590 -2874 -3135 -1112 25122 10972
532 -2389 -3590 -1595 21577 14296
500 -1740 -3933 564 17429 15316
558 -1341 -3850 5032 11983 15576
901 -728 -3440 7749 9058 15312
1148 -215 -3078 7876 8434 14912
1201 115 -2982 6127 8452 13984
1261 520 -2904 4544 8333 13504
1291 745 -2885 2624 8046 13657
1267 912 -2943 2063 7848 14530
1346 997 -2887 2488 7793 15952
1515 991 -2733 2842 7717 17231
1672 960 -2612 3166 7327 19567
1784 935 -2402 3036 6967 20972
1899 963 -2246 2138 7317 22474
2003 920 -1945 140 8049 23146
2138 943 -1620 -1712 8116 23496
2194 901 -1341 -4524 8146 23812
2237 866 -1223 -6489 8653 23985
2225 770 -1104 -7155 8752 24031
2191 600 -1041 -6975 8472 23918
2126 414 -1015 -5793 8014 23775
2108 398 -931 -4483 6976 24149
2028 337 -704 -3986 6049 24708
1950 293 -559 -4141 5216 25388
1693 292 -285 -5818 4085 25320
1533 241 -28 -7922 2702 24856
1529 267 89 -11841 1208 24395
1610 260 262 -16018 1872 24612
1785 184 316 -18680 3324 25203
1901 192 291 -21852 5815 26787
1994 270 149 -23221 6864 28173
1928 225 57 -24226 6879 29716
1813 128 67 -24843 5134 30280
1784 24 31 -25244 3602 30294
1801 -194 -100 -25893 1422 29891
1819 -368 -149 -26837 -1186 29039
1842 -603 -180 -28348 -4171 27955
1909 -863 -164 -29664 -5977 27274
2074 -1010 -88 -32380 -8034 26771
2647 -1205 116 -32768 -8749 28067
3285 -1317 338 -32768 -8500 30127
3638 -1372 444 -32768 -7548 32767
3733 -1444 484 -32768 -5684 32767
3741 -1538 528 -32768 -3921 32767
3704 -1567 592 -32768 -1368 32767
3638 -1695 600 -32768 242 31850
3652 -1854 533 -32768 1519 28474
3616 -2021 181 -32768 -600 25265
3752 -2291 -159 -32768 -7461 22384
3856 -2499 -213 -32768 -12345 20510
4016 -2597 35 -32768 -16091 17551
4133 -2604 197 -32768 -15834 14885
4256 -2557 420 -32768 -14704 13446
4313 -2532 469 -32768 -12563 12001
4315 -2441 606 -32768 -10354 11127
4215 -2302 712 -32768 -9248 10511
4196 -2231 762 -32768 -7685 8986
4146 -2270 494 -32768 -6735 7436
4046 -2302 239 -32768 -6876 4188
4033 -2305 176 -32768 -7213 541
3881 -2236 200 -32768 -7094 -1849
3384 -1014 1022 -23860 -1089 -7997
3361 -732 1522 -21675 -1189 -5939
3305 -603 2035 -20814 -979 -3801
3236 -466 3043 -20964 -1146 -2293
3380 -626 3691 -21199 -1414 880
3661 -1564 5334 -20211 -4726 4474
3866 -3485 7509 -17197 -7232 5879
4394 -5105 10053 -9746 -6474 3038
6909 -7682 13430 4242 7742 -3507
9198 -10072 13136 32767 29790 -12579
9694 -11289 10439 32767 32767 -24463
11193 -10990 9292 32767 29774 -32768
14048 -10870 8325 32767 32767 -32768
15568 -11271 6048 32767 32767 -32768
16664 -11843 1545 32767 32767 -32768
17067 -12681 -2469 32767 32767 -32768
17911 -13216 -4704 32767 32767 -32768
18171 -13694 -7196 32767 32767 -32768
18446 -14096 -9344 32767 32767 -32768
17937 -13276 -7332 32767 32767 -32768
16724 -13313 -7015 32767 32767 -32768
14193 -13067 -8740 32767 32767 -32768
12044 -12416 -8721 32767 29251 -32768
8589 -11390 -7402 30776 22067 -32768
6684 -10531 -6293 20498 21080 -32768
5677 -9842 -6093 7579 18132 -32768
3910 -8698 -5420 -211 18852 -32768
2508 -7595 -4824 -3021 20242 -32768
1841 -6980 -4654 -4207 22262 -32768
1112 -6046 -4318 -4611 22831 -25937
639 -5084 -3982 -5377 22914 -21716
471 -4585 -3921 -6277 20769 -17485
368 -3937 -3759 -6247 16146 -13788
366 -3400 -3517 -5480 14643 -11531
403 -2889 -3229 -3977 13866 -7667
394 -2565 -3039 -3074 13266 -3297
414 -2096 -2765 -2794 14067 887
382 -1676 -2707 -2598 14804 3282
433 -1410 -2714 -1793 15112 6396
567 -1031 -2633 -597 15020 9028
735 -801 -2547 277 14802 10419
840 -610 -2460 1315 13201 12526
1044 -344 -2219 1656 12365 14845
1237 -134 -2123 1612 13546 17286
1352 5 -2142 1478 14199 18958
1488 130 -2092 1015 13898 21496
1672 313 -1877 -114 13721 23682
1818 403 -1588 -1235 13703 24470
1977 550 -1366 -3169 13922 24950
2025 582 -1365 -4414 13404 25221
2087 618 -1299 -4623 12864 25230
2178 568 -1173 -4659 12402 25379
2254 644 -1074 -5010 12112 26079
2293 686 -916 -6076 11793 27252
2288 642 -780 -7254 11727 28073
2249 664 -657 -9658 10776 29119
2211 711 -462 -11600 9889 29791
2107 732 -313 -15633 9699 30424
2049 672 -148 -17744 9740 30366
2128 671 -129 -20689 9858 30462
2343 707 -197 -22925 9708 31451
2480 747 -352 -23850 8698 32376
2416 723 -515 -24324 6364 32767
2403 768 -493 -24396 4039 32541
2340 785 -330 -25201 1765 31243
2234 758 -165 -26215 619 29967
2128 671 -13 -28601 -982 27399
2072 543 141 -30627 -1984 25602
2159 386 174 -32768 -3174 23650
2225 257 157 -32768 -4638 22945
2277 25 81 -32768 -6403 23156
2486 -207 13 -32768 -7702 23856
2595 -325 10 -32768 -9372 25503
2627 -435 89 -32768 -9943 26435
2562 -592 238 -32768 -10435 26705
2558 -712 340 -32768 -10859 25682
2684 -871 509 -32768 -11692 24158
2806 -1056 619 -32768 -12232 23176
2883 -1165 589 -32768 -12220 22031
3128 -1371 449 -32768 -11809 21664
3412 -1551 334 -32768 -11409 21925
3618 -1681 326 -32768 -10204 23051
3784 -1765 468 -32768 -7788 24442
3802 -1872 480 -32768 -5475 24880
3699 -1845 432 -32768 -1954 23917
3510 -1861 169 -32768 -27 20672
3503 -1896 -247 -32768 -338 17820
3568 -1942 -556 -32768 -2937 13605
3691 -2127 -937 -32768 -6291 10930
3926 -2257 -952 -32768 -11680 7764
4265 -2382 -870 -32768 -14190 6327
4573 -2360 -540 -32768 -15743 4706
4724 -2343 -250 -32768 -14489 3526
4775 -2152 56 -32768 -12228 2726
4769 -1990 114 -32768 -7885 1229
4614 -1760 -59 -32768 -4599 -837
4434 -1679 -204 -32768 -4358 -2554
4339 -1649 -276 -32768 -7031 -5199
4244 -1614 -125 -32768 -10802 -7805
4293 -1599 244 -32768 -12107 -9230
4313 -1537 578 -32768 -10697 -10476
4209 -1291 1111 -32768 -9314 -10571
4082 -1203 1650 -32768 -9308 -9634
4093 -1266 2745 -32768 -9879 -8095
4195 -1591 3936 -32768 -10672 -4008
4723 -2998 5867 -32768 -9254 1614
4469 -5798 9163 -32768 -8782 3454
4946 -7867 11757 -25767 -6070 905
7489 -10572 13688 -4142 12595 -4175
9906 -12495 12640 21378 29167 -7980
11378 -12152 9068 32767 32157 -32120
13404 -11742 8221 32767 32767 -32768
15499 -11483 5111 32767 32767 -32768
16352 -11488 1103 32767 32767 -32768
16966 -11544 -1338 32767 32767 -32768
16353 -9604 745 32767 32767 -32768
18255 -12210 -10025 32767 32767 -32768
18077 -10844 -10576 32767 32767 -32768
17873 -11601 -10373 32767 32767 -32768
16167 -12276 -9947 32767 32767 -32768
12548 -11078 -11192 32767 32767 -32768
9996 -10345 -11266 32767 21990 -32768
7524 -10060 -9062 32729 11790 -32768
6559 -10222 -7386 16558 13206 -32768
4894 -9690 -6153 2980 22470 -32768
3093 -8744 -5107 -5769 28972 -32768
1614 -7671 -4869 -8273 32767 -32768
792 -7014 -5090 -8070 32767 -20598
-229 -5814 -5154 -6164 32767 -13667
-763 -4662 -4945 -4007 27239 -13555
-332 -3953 -4488 -2897 20933 -14553
336 -3647 -4076 -1890 13638 -13673
1241 -3088 -3333 -2156 13001 -8707
1295 -2546 -2954 -2692 15251 -4976
1070 -2207 -2955 -3336 18232 -1010
701 -1725 -3162 -2790 18961 1141
246 -1346 -3426 -1519 18218 1576
37 -1111 -3535 1560 15455 1415
76 -818 -3486 3655 12703 1596
266 -665 -3198 5602 9169 3217
666 -400 -2487 4982 8819 6577
935 -247 -2023 3675 10738 9282
1087 -159 -2035 1897 14253 13482
1266 -57 -2211 1433 17283 17278
1439 85 -2208 1291 18552 19674
1754 251 -1966 380 19820 22716
1898 403 -1743 -676 20391 23975
1910 478 -1631 -2471 20300 24499
1817 519 -1555 -3597 18342 23479
1869 565 -1436 -3768 16877 22676
1909 527 -1322 -3406 16033 21902
2110 546 -1005 -3267 16315 22666
2166 572 -713 -3732 16420 23860
2174 565 -556 -5295 15672 26067
2100 571 -437 -6690 15010 27257
2029 587 -376 -9104 14045 28264
1964 609 -328 -11652 13300 28512
1902 570 -436 -13173 13074 28468
1836 556 -472 -15108 11787 28390
1752 547 -402 -17068 9768 28535
1843 459 -194 -19550 8237 29145
2075 485 14 -21508 7923 29939
2205 530 48 -24644 8351 31476
2246 495 -9 -26630 8711 32242
2202 530 -23 -29689 7925 32617
2192 550 -48 -32543 5361 32142
2123 421 -113 -32768 2273 30625
2102 229 -86 -32768 -147 29220
2341 48 46 -32768 -3867 27651
2589 -110 168 -32768 -6869 27432
2985 -287 434 -32768 -8139 28024
3229 -358 609 -32768 -7930 29416
3236 -412 663 -32768 -5896 30088
3044 -556 666 -32768 -3514 29102
2898 -724 657 -32768 -3078 27672
2906 -929 632 -32768 -4337 25200
2987 -1196 506 -32768 -6771 22972
3221 -1457 459 -32768 -8372 21647
3390 -1628 443 -32768 -10465 19815
3621 -1884 366 -32768 -11331 18219
3778 -2012 456 -32768 -11452 16946
3921 -2110 533 -32768 -11296 16259
3987 -2216 504 -32768 -10705 15314
3979 -2315 362 -32768 -10843 14482
3959 -2395 196 -32768 -11925 12646
3919 -2490 57 -32768 -13738 9950
3897 -2479 -11 -32768 -14323 7856
3931 -2476 17 -32768 -13750 4783
3950 -2402 29 -32768 -13056 3051
4008 -2320 29 -32768 -12278 1057
4152 -2257 24 -32768 -12112 -96
4224 -2193 20 -32768 -12033 -796
4247 -2119 130 -32768 -11811 -1960
4175 -2043 223 -32768 -10979 -3016
4094 -1963 305 -32768 -9070 -5126
3893 -1816 272 -32768 -7317 -7504
3657 -1696 192 -32768 -6684 -8925
3443 -1523 236 -32768 -7032 -10492
3374 -1370 346 -32768 -7821 -11131
3401 -1055 707 -32768 -6634 -10380
3320 -622 1245 -32768 -4946 -9331
3202 -353 1580 -32768 -3175 -7310
3008 -102 2184 -32768 -4147 -4831
2971 31 3125 -32768 -5705 -2760
3048 -126 3885 -32768 -7111 1081
3260 -864 5345 -32768 -6852 5516
3510 -2994 6994 -32768 -7511 8341
3805 -4962 8807 -25576 -10201 9836
5334 -7702 11843 -12072 -4598 8023
7570 -10199 12803 3116 7903 4842
9111 -11380 12244 32767 24877 -690
9634 -12225 10053 32767 28234 -11698
10451 -12097 8616 32767 27378 -24908
12298 -12297 7507 32767 31166 -32768
15346 -12612 4890 32767 32767 -32768
16797 -12741 1261 32767 32767 -32768
16975 -12768 -593 32767 32767 -32768
18113 -13137 -2792 32767 32767 -32768
19876 -12835 -5260 32767 32767 -32768
21863 -13831 -10113 32767 32767 -32768
22389 -14149 -9517 32767 32767 -32768
19748 -14580 -9616 32767 32767 -32768
16483 -13391 -11432 32767 32767 -32768
13866 -12580 -12069 32767 32767 -32768
10410 -11116 -9565 32767 32767 -32768
8568 -10845 -7983 32767 32767 -32768
7062 -10237 -8136 21658 32767 -32768
4513 -8877 -7932 16008 24103 -32768
2443 -8202 -7197 14909 19098 -32768
1255 -7585 -6889 16461 13054 -32768
780 -7031 -6141 18777 8247 -32768
332 -6122 -4397 15988 9847 -20535
308 -5244 -3171 11073 13342 -12257
319 -4318 -3165 3219 19850 -1554
305 -3713 -3494 -1453 23184 6275
385 -2931 -3892 -2361 23214 10078
444 -2300 -3938 -1386 19929 13571
549 -1889 -3799 1090 16366 15319
730 -1382 -3622 2980 14404 15873
909 -1047 -3430 5253 11221 16596
1197 -622 -2869 5165 9096 17318
1528 -302 -2316 2864 10564 18515
1748 -45 -2055 -8 13051 20494
1828 167 -2038 -1514 14108 22086
1867 311 -2038 -2888 14017 24180
1823 458 -2036 -3139 13414 25385
1957 612 -1951 -2883 12674 25837
2012 669 -1887 -2255 10746 26092
2243 686 -1660 -2031 8827 26303
2428 794 -1382 -2556 8514 26700
2501 872 -1133 -3923 9622 27040
2524 860 -915 -5239 10228 27204
2576 922 -860 -7283 11362 27650
2529 949 -851 -8918 11997 28313
2420 911 -766 -10470 11023 28649
2302 814 -537 -12272 9007 28308
2251 751 -273 -13611 7973 27898
2189 714 -148 -15652 7095 26997
1988 573 -90 -17331 6494 25878
1935 521 -41 -18280 5733 25423
1967 479 2 -19705 4387 25796
2069 414 10 -21232 3706 27086
2136 304 72 -22502 2939 28092
2202 399 122 -24687 1246 29622
2182 408 163 -26952 281 30324
2073 419 140 -28268 -7 29941
2025 372 106 -29866 -1250 28457
1947 252 106 -31184 -3545 26633
2009 198 114 -31817 -5237 25804
2120 91 185 -32768 -7536 25453
2368 -87 310 -32768 -8669 26016
2656 -322 422 -32768 -8216 26846
2892 -415 517 -32768 -7358 27398
2936 -489 454 -32768 -6800 27661
2871 -681 356 -32768 -8046 26750
3012 -826 378 -32768 -9281 25847
3131 -909 436 -32768 -9807 24631
3228 -1075 549 -32768 -9136 23376
3304 -1274 521 -32768 -8648 22711
3351 -1413 463 -32768 -7991 22208
3395 -1597 356 -32768 -7661 22267
3545 -1806 213 -32768 -7703 22432
3690 -1935 82 -32768 -7950 22666
3749 -1980 -4 -32768 -8566 21927
3843 -2010 -27 -32768 -8410 19871
3890 -1984 -30 -32768 -7683 16768
3919 -1997 17 -32768 -7009 14406
3907 -2007 -23 -32768 -6528 10981
3935 -2038 -290 -32768 -6694 8078
4088 -2047 -593 -32768 -7584 6621
4143 -2052 -760 -32768 -10206 4894
4230 -2053 -452 -32768 -12165 3130
4338 -1891 40 -32768 -12133 1832
4359 -1705 357 -32768 -9530 -351
4368 -1536 472 -32768 -5834 -2567
4321 -1363 414 -32768 -3858 -4544
4303 -1308 257 -32768 -4229 -5695
4271 -1310 175 -32768 -6321 -7247
4337 -1349 344 -32768 -8731 -8371
4297 -1288 794 -32768 -9702 -8776
4277 -1161 1432 -32768 -8974 -8758
4176 -1199 1969 -32768 -6677 -7889
4188 -1501 3036 -32768 -5330 -5460
4625 -2451 4495 -32768 -5823 -2292
5167 -3814 5757 -32065 -8793 4290
5343 -6520 9992 -28578 -8988 6703
6290 -8992 13857 -23625 -2199 3288
7179 -10563 13942 2487 24158 -8443
8083 -12429 11298 32767 32579 -20973
9181 -12210 9609 32767 26193 -32768
12192 -11290 9461 32767 30618 -32768
13599 -11061 7574 32767 32767 -32768
14399 -10950 2901 32767 32767 -32768
14784 -10998 -1002 32767 32767 -32768
16387 -10937 -3290 32767 32767 -32768
17332 -10527 -5534 32767 32767 -32768
19027 -10240 -9434 32767 32767 -32768
20049 -9885 -8377 32767 32767 -32768
19143 -10682 -7981 32767 32767 -32768
17494 -11094 -8778 32767 32767 -32768
14493 -10361 -9992 32767 32767 -32768
11284 -9986 -9615 32767 32767 -32768
9642 -9036 -7349 29473 32767 -32768
8260 -9161 -5905 16533 32767 -32768
5943 -8369 -6247 11126 32767 -32768
3560 -7439 -6185 8750 21033 -32768
2194 -6716 -5649 10293 17025 -32768
1697 -6381 -5259 13919 13514 -32768
786 -5457 -3863 15069 11506 -25366
536 -4949 -3175 11354 12973 -16198
515 -4295 -2851 6063 16495 -9160
674 -3646 -3163 2694 18126 -2205
668 -2974 -3420 1813 17887 2093
562 -2585 -3456 1633 17002 6993
472 -2030 -3458 2142 15426 10299
471 -1542 -3430 2776 13889 11884
512 -1251 -3286 3224 11546 13571
637 -803 -2998 2819 10484 14946
847 -428 -2734 2144 10658 16047
945 -240 -2604 803 11292 18038
1071 -4 -2446 -490 10891 20426
1265 197 -2271 -1100 10991 22125
1349 278 -2249 -1589 11829 24201
1462 397 -2451 -1062 11834 25541
1735 431 -2499 -105 10733 26579
1957 539 -2288 253 9743 27172
2072 578 -2018 -167 8537 27754
2391 612 -1459 -2198 9200 28425
2570 629 -1036 -5174 10498 29597
2643 643 -763 -7204 10946 30576
2614 627 -616 -9703 11858 31881
2554 543 -522 -11256 13038 32767
2465 434 -433 -12026 12854 32767
2395 374 -397 -12270 11966 32767
2255 309 -351 -12300 10697 32767
2175 252 -326 -12512 8701 32767
2044 176 -179 -13584 5497 32767
2228 217 -87 -14719 3943 32767
2424 222 31 -17011 2652 32767
2488 234 106 -19827 2776 32767
2441 175 230 -21929 3516 32767
2351 185 176 -25303 4733 32767
2451 143 131 -28610 5243 32767
2651 73 113 -32063 5228 32767
2677 75 96 -32768 4726 32767
2613 -32 31 -32768 3423 32767
2593 -249 19 -32768 1292 32767
2731 -441 26 -32768 -748 32767
2873 -594 -9 -32768 -3780 32767
2920 -884 -15 -32768 -6792 32363
2964 -1243 69 -32768 -8774 30857
3060 -1460 128 -32768 -11013 29016
3253 -1699 237 -32768 -12139 28180
3580 -1924 325 -32768 -12480 28557
3980 -2032 531 -32768 -12699 29386
4063 -2123 590 -32768 -12221 29903
4089 -2235 608 -32768 -11203 28771
4149 -2351 610 -32768 -10903 26257
4260 -2498 467 -32768 -10774 24177
4321 -2507 355 -32768 -10571 20873
4445 -2637 252 -32768 -9481 17697
4400 -2652 216 -32768 -8283 15703
4332 -2667 213 -32768 -6885 12890
4235 -2643 257 -32768 -7113 10239
4071 -2598 166 -32768 -7612 8338
4069 -2587 67 -32768 -8589 5386
4076 -2540 86 -32768 -9195 3500
3963 -2499 163 -32768 -9822 637
3876 -2422 232 -32768 -10138 -2093
3740 -2272 308 -32768 -9790 -3705
3594 -2131 335 -32768 -8260 -5757
3319 -1920 318 -32768 -7445 -6853
3059 -1745 276 -32768 -6679 -8036
2857 -1625 286 -31771 -6745 -8803
2656 -1415 330 -28933 -6946 -9101
2460 -1169 247 -24499 -6837 -9366
2364 -989 196 -19979 -6220 -9455
2236 -817 263 -16253 -6212 -9181
2205 -611 416 -14505 -6467 -8704
2231 -405 587 -12883 -6269 -7522
2379 -144 692 -12328 -5493 -5900
2483 -41 649 -12044 -4036 -4300
2358 108 559 -11467 -2504 -3771
2383 163 697 -11274 -1721 -3811
2430 165 704 -11250 -128 -3976
2584 199 816 -11276 877 -3893
2620 164 945 -11711 1066 -3567
2575 119 1082 -11827 1217 -3513
2605 -22 1385 -11714 2144 -3510
2743 -234 1764 -11571 3300 -2747
3221 -669 2350 -11146 3129 -1044
3515 -1003 2649 -8124 298 3301
4024 -1835 3775 -2142 -4079 7731
4434 -2686 6003 2574 -3835 8887
4964 -3114 7839 9617 4263 6417
6520 -4329 9872 17804 16112 223
9310 -5766 10257 30783 25061 -7467
11354 -7071 9223 32767 32445 -14444
12008 -7873 7430 32767 32767 -28305
12785 -8677 5072 32767 32767 -32768
14251 -9110 3375 32767 32767 -32768
15246 -9406 1915 32767 32767 -32768
15711 -10167 -919 32767 32767 -32768
16122 -9071 -2875 32767 32767 -32768
15435 -10409 -8445 32767 32767 -32768
16077 -9740 -8133 32767 32767 -32768
17183 -9316 -6985 32767 32767 -32768
16623 -10235 -8047 32767 32767 -32768
14890 -10695 -9047 32767 32767 -32768
12108 -10039 -10201 31564 32767 -32768
9244 -8544 -8510 27979 32767 -32768
7531 -8012 -7009 16891 32767 -32768
765 -3281 -2935 -1077 15980 -1724
844 -2722 -2995 245 15947 3773
734 -2199 -3066 1677 14486 6351
668 -1864 -3228 4555 12384 8087
586 -1465 -3383 7467 9400 8214
684 -1060 -3298 9039 5920 8524
820 -688 -2958 8912 4698 9180
947 -347 -2613 6981 4695 11150
1012 -182 -2534 3978 5647 13816
1141 44 -2376 815 6221 16970
1259 300 -2275 -1027 6955 19133
1299 469 -2238 -3027 8222 21948
1431 645 -2304 -4023 8664 24216
1538 849 -2428 -4179 7555 25850
1602 908 -2425 -4056 6110 26314
1708 917 -2250 -4547 3713 26214
1948 830 -1807 -6498 2421 26142
2149 717 -1310 -9834 2775 26522
2250 598 -924 -12443 3625 27104
2227 567 -757 -16115 4582 28074
2149 466 -610 -18736 4983 28884
2047 346 -564 -19685 4806 29241
1909 165 -594 -19779 3797 29564
1863 54 -578 -18870 954 30015
1887 -91 -467 -17776 -2195 30810
1968 -202 -241 -17480 -3872 31359
2039 -243 14 -18050 -5395 31963
2129 -275 132 -19683 -5483 32627
2279 -299 257 -22087 -4869 32767
2333 -350 310 -24718 -4556 32767
2319 -455 319 -32768 -8815 32767
3988 -1404 1053 -32768 -7895 32767
3945 -1510 975 -32768 -6636 32767
3955 -1634 896 -32768 -5536 32767
3980 -1863 943 -32768 -4713 32767
4045 -1991 920 -32768 -3861 31688
4053 -2176 770 -32768 -4353 30114
4124 -2314 673 -32768 -4792 28852
4152 -2374 626 -32768 -4754 26680
4003 -2390 484 -32768 -5274 23840
3902 -2360 387 -32768 -6208 21771
3942 -2316 381 -32768 -7552 19093
3950 -2297 286 -32768 -8979 16618
4071 -2205 318 -32768 -9594 15062
4108 -2132 340 -32768 -9226 13009
4005 -1991 342 -32768 -7999 10601
3810 -1836 234 -32768 -7217 7808
3607 -1676 96 -32768 -7571 5828
3515 -1524 45 -32768 -8864 2936
3433 -1385 184 -32768 -10036 195
3623 -1200 345 -32416 -9466 -1130
3782 -1160 436 -32073 -6614 -2075
3728 -1090 403 -31870 -3306 -2495
3553 -975 252 -30969 -1336 -3162
3289 -828 156 -29845 -1009 -3953
3208 -703 57 -27429 -826 -5583
3077 -511 -47 -24240 -1053 -7463
2975 -411 -1 -22179 -1809 -8691
2984 -354 186 -19917 -2761 -10199
3128 -313 557 -19114 -2541 -10897
3309 -255 880 -19305 -940 -10669
3529 -368 969 -19396 792 -10130
3633 -381 973 -18309 2254 -8884
3807 -528 1048 -15376 2085 -7237
4166 -737 1585 -12739 1616 -5884
4564 -1003 2305 -9126 2642 -3586
5358 -1632 3716 -6525 5534 -1307
6074 -2864 5594 -3866 8785 -1282
7174 -4231 7399 215 11297 -3000
7901 -5317 8748 11969 19027 -10350
8821 -6600 9694 31348 31418 -22720
8816 -7538 9223 32767 32767 -32602
9069 -7830 8698 32767 32767 -32768
10286 -7883 7492 32767 32767 -32768
10607 -7965 5498 32767 32767 -32768
10572 -8163 3763 32767 32767 -32768
10650 -8543 967 32767 32767 -32768
8700 -6747 -2353 32767 32767 -32768
14084 -8574 -1522 32767 32767 -32768
15914 -8779 -6068 32767 32767 -32768
15204 -7581 -6682 32767 32767 -32768
14301 -7303 -7018 32767 32767 -32768
12579 -7787 -7932 32767 32767 -32768
11226 -7228 -7788 32767 32767 -32768
10012 -6656 -6934 32767 32767 -32768
7564 -6486 -5697 22563 32767 -32768
6059 -7057 -6009 15715 32767 -32768
4975 -7027 -6520 10719 26670 -32768
3601 -6474 -6787 10710 11917 -32768
2490 -5800 -5843 10397 1749 -32768
1963 -5281 -4638 8861 -1060 -26871
1639 -4894 -4093 5304 -121 -15756
1119 -4234 -3650 2832 1845 -9044
867 -3760 -3538 -217 4186 54
731 -2953 -3456 -1855 6302 8047
808 -2113 -3514 -2251 7782 12970
680 -1615 -3620 -1835 7853 18388
479 -882 -3816 8 5106 20527
414 -306 -3726 2767 1094 20150
420 179 -3673 4896 -1297 19461
377 481 -3617 7964 -6426 18323
594 938 -3219 9436 -11660 17992
1095 1420 -2489 8924 -12407 18734
1394 1694 -1943 5576 -9804 21265
1664 1929 -1485 2242 -6479 23212
1649 2024 -1667 -2421 -1954 25279
1499 1953 -1793 -5590 -2746 25104
1253 1702 -1687 -7286 -6836 22355
1337 1387 -1274 -8355 -8416 19953
1648 1105 -1092 -10360 -9784 17502
2261 714 -624 -12198 -9685 17603
2694 301 -298 -15512 -6991 20281
3014 145 -216 -18133 -2850 24865
3202 12 -74 -19233 -810 27852
3146 -11 -48 -19506 1133 30570
3172 39 -314 -17403 902 30618
3280 46 -500 -14970 -787 29695
3333 195 -594 -10816 -4254 27747
3451 391 -574 -7474 -6461 25432
3356 555 -506 -6418 -6562 23657
3098 622 -543 -6483 -6960 21255
2764 556 -595 -7136 -8586 19820
2482 470 -457 -8492 -11826 18376
2307 367 -288 -9830 -13798 17960
2163 219 -66 -10922 -14529 18573
2047 70 213 -12101 -14672 19951
2629 -2229 439 -25933 -18095 31744
2924 -2333 510 -29203 -16877 32767
3443 -2540 521 -32768 -13888 32767
3665 -2644 358 -32768 -11885 32767
3778 -2710 90 -32768 -9923 32767
3905 -2797 20 -32768 -9249 32767
4227 -2866 73 -32768 -9502 32767
4558 -2787 86 -32768 -9822 32767
4738 -2670 -24 -32768 -8385 32767
4865 -2457 -169 -32768 -6673 32767
4726 -2227 -250 -32768 -5907 32278
4529 -2123 -237 -32768 -4896 27275
4198 -2033 -198 -32768 -4470 21260
3908 -2046 -246 -32768 -4832 17375
3759 -2005 -315 -32768 -7366 12479
3778 -1932 -199 -32768 -11010 9677
3856 -1870 -55 -29387 -12855 8946
3853 -1727 148 -24639 -13909 8685
3858 -1415 465 -21840 -12829 8781
3725 -877 571 -20754 -11586 8789
3653 -478 497 -19924 -9828 8498
3563 57 329 -19505 -7847 7357
3587 509 146 -19583 -6698 6252
3682 908 171 -20408 -5311 4297
3797 1086 332 -22759 -3767 2548
3969 1232 634 -26498 -1301 781
4191 1223 685 -28824 837 -320
4377 1143 624 -30911 4042 -1739
4727 1163 540 -30938 6735 -2252
4958 1262 776 -29828 8750 -2263
5340 1284 1712 -29719 9412 -1922
5693 1215 2610 -30849 12070 -1161
5846 900 3234 -31625 16359 -856
5979 252 3976 -29440 15647 -924
6803 -1553 5385 -25265 11608 -790
7396 -3455 6815 -13283 7416 -2438
9172 -6599 9967 -2178 8813 -6109
9612 -8301 11737 18486 18125 -20945
9680 -10110 12168 32767 28824 -32768
11447 -11972 10947 32767 27942 -32768
14049 -12919 10292 32767 31079 -32768
17148 -14874 8671 32767 32767 -32768
18089 -16565 4567 32767 32767 -32768
18512 -17496 -368 32767 32767 -32768
19127 -17605 -3264 32767 32767 -32768
16637 -16664 -7061 32767 23135 -32768
20825 -16623 -4601 32767 32767 -32768
20693 -17733 -8056 32767 32767 -32768
545 -6837 -5302 -784 25042 -26498
816 -5809 -5098 -3522 24906 -15352
980 -5141 -5035 -6168 23042 -6589
1155 -4153 -5028 -6715 20992 -2611
1000 -3302 -4777 -5359 17216 133
966 -2551 -4255 -3022 13562 1126
903 -2130 -3836 -1200 11929 2266
796 -1593 -3365 -274 12228 3384
844 -1229 -3227 1315 13920 6089
998 -992 -3136 2554 13458 10631
1164 -693 -2862 2861 12541 15476
1424 -339 -2478 2405 13366 18181
1524 -170 -2279 1092 15956 21204
1616 118 -2257 516 17465 23196
1668 314 -2356 1079 17967 24035
1665 273 -2377 2592 17714 24627
1737 383 -2290 3932 14362 25446
1881 456 -1973 4334 12191 26352
1948 458 -1626 3670 11852 27482
1946 529 -1334 1704 14087 28454
2087 698 -1135 -161 15217 29405
2080 758 -1048 -3534 17028 30595
2111 869 -1003 -7279 19718 31187
2180 1028 -943 -10025 20839 31477
2166 1200 -991 -14245 19638 31689
2086 1212 -1103 -17157 16814 30575
2035 1230 -1080 -18261 12445 28291
2165 1334 -822 -18104 9240 25853
2282 1439 -543 -17720 9097 24241
2388 1541 -538 -16760 9914 22280
2360 1598 -652 -14813 10546 20594
2194 1623 -853 -12290 9540 18562
2003 1541 -946 -10149 7219 15785
1752 1443 -795 -9514 5072 13553
1593 1381 -595 -10331 1552 10078
1449 1286 -309 -12792 -1082 7506
1463 1130 -44 -14996 -1738 6668
1542 941 111 -18654 -1397 6799
1643 667 274 -22047 -131 8204
1651 454 266 -24081 1322 10142
1468 166 136 -24542 1987 11069
1321 -9 107 -24389 1895 11668
1160 -318 112 -24282 352 11769
1134 -564 168 -24788 -2534 12369
1222 -795 292 -25632 -4930 13213
1311 -962 378 -27512 -8062 14984
1503 -1166 424 -29616 -8827 17271
1884 -1357 375 -30871 -8076 19260
2206 -1496 325 -32613 -6224 22790
2287 -1503 300 -32768 -4733 26126
2344 -1629 345 -32768 -3967 27592
2520 -1697 375 -32768 -3456 28782
2576 -1754 382 -32768 -4401 28833
2576 -1895 272 -32768 -5487 27577
2585 -2022 157 -32768 -5740 26391
2666 -2112 90 -32768 -6881 24784
2879 -2446 69 -32768 -9635 23813
3160 -2558 181 -32768 -11008 23709
3358 -2588 289 -32768 -11329 24135
3592 -2694 319 -32768 -9976 24363
3643 -2651 338 -32768 -7282 24290
3766 -2489 369 -32768 -5306 23764
3835 -2458 223 -32768 -4220 22891
3851 -2394 116 -32768 -2897 20386
3808 -2359 -132 -32768 -3928 16580
3737 -2360 -374 -32768 -5495 13589
3692 -2360 -535 -32768 -8183 9184
3728 -2242 -595 -32768 -9828 6699
3909 -2171 -446 -32768 -11411 4102
4086 -2050 -159 -32768 -11306 2592
4066 -746 846 -32644 -164 -8485
4192 -352 1475 -31723 2353 -6280
4307 133 2611 -31994 4515 -3971
4593 276 4093 -32768 6627 669
4963 -25 5158 -32768 6533 6361
5377 -2208 6967 -32768 3070 9557
5756 -5401 9863 -28201 -295 6806
6619 -7757 11892 -11268 3634 -5781
9483 -10646 13456 21242 23502 -21963
9904 -12537 11935 32767 32767 -32768
10094 -12777 10998 32767 28790 -32768
12986 -12533 10534 32767 32767 -32768
16105 -13343 8343 32767 32767 -32768
16996 -14386 3590 32767 32767 -32768
17222 -15293 -1206 32767 32767 -32768
15753 -13739 -1643 32767 32767 -32768
17485 -16082 -7201 32767 32767 -32768
18052 -15477 -5775 32767 22313 -32768
18344 -15385 -4463 32767 12530 -32768
17345 -16166 -4440 32767 32767 -32768
14362 -16016 -7347 32767 32767 -32768
11717 -15104 -8501 32523 32767 -32768
8021 -13014 -7176 20201 26409 -32768
6125 -11894 -5950 4986 25795 -32768
4239 -10540 -6203 -1847 25024 -32768
3046 -9441 -6000 -6628 19732 -32768
1629 -8217 -5377 -7485 15873 -32768
1030 -7421 -4991 -6625 15275 -32768
727 -6879 -4690 -5067 13851 -29202
518 -5752 -3909 -5569 13063 -19774
765 -4812 -3308 -6777 14202 -14379
1041 -4067 -2986 -8358 16863 -7362
1159 -3576 -3091 -8427 19131 -1899
1018 -2918 -3460 -6000 18235 1349
772 -2303 -3687 -3389 16262 2319
621 -1926 -3726 703 12759 2689
559 -1425 -3450 3135 8631 3150
748 -1062 -2875 2960 7749 4839
1111 -723 -2327 1711 9028 7149
1298 -522 -2049 -873 12326 11709
1424 -278 -1892 -2715 15743 16065
1529 -73 -1935 -3020 18015 18382
1535 79 -2074 -2024 20694 20847
1528 235 -2280 35 19451 22105
1520 427 -2272 2135 14798 22117
1492 659 -2127 3157 12449 21589
1711 778 -1825 3100 11801 21179
1986 871 -1334 645 13057 21949
2001 1028 -1101 -1601 14243 22698
2048 1037 -1037 -4749 16381 23773
2019 987 -1078 -6908 17813 24647
2011 1009 -997 -8501 16716 25554
1955 1019 -784 -10054 15067 26221
1879 1036 -516 -11237 14652 26232
1910 960 -253 -13145 14877 25981
1888 1037 -135 -15204 15386 25973
1822 1178 -133 -16813 16379 26253
1738 1311 -254 -17497 16569 26372
1537 1327 -490 -18000 15402 25900
1499 1392 -519 -18493 11351 24970
1511 1367 -481 -19172 7158 23787
1522 1314 -345 -19673 4953 22778
1531 1260 -205 -20601 2377 20988
1599 1239 29 -21729 1209 19554
1873 1251 344 -22787 1311 19238
2124 1295 531 -24523 3425 19558
2142 1348 555 -26290 6223 20004
1997 1341 406 -27577 7228 19418
1762 1209 189 -27993 5845 18333
1616 1076 92 -27944 1772 16002
1540 845 118 -27607 -2141 13724
1568 584 180 -27514 -3624 12648
1618 356 233 -27684 -4581 11972
1766 90 335 -28414 -5028 12761
1993 -128 420 -29129 -5331 14134
2207 -248 506 -30451 -5759 16964
2327 -335 625 -32294 -6406 19597
2359 -419 711 -32768 -6125 20842
2319 -641 710 -32768 -5353 20726
2283 -721 676 -32768 -4293 19521
2281 -889 620 -32768 -4285 18467
2352 -1041 546 -32768 -5125 17239
2508 -1293 491 -32768 -5964 16907
2729 -1558 433 -32768 -5880 17678
2920 -1807 399 -32768 -5568 18546
2958 -1907 452 -32768 -5304 19718
2923 -1959 529 -32768 -4623 20035
2776 -2013 294 -32768 -3903 19359
2675 -2023 -64 -32768 -2923 17166
2721 -2079 -413 -32768 -2744 14332
2931 -2197 -755 -32768 -4290 12313
3313 -2254 -831 -32768 -6377 11775
3723 -2376 -801 -32768 -9245 11797
3908 -2369 -688 -32768 -11553 11544
4134 -2274 -509 -32768 -12001 10148
4323 -2157 -557 -32768 -10280 8569
4416 -2043 -528 -32768 -7303 5388
4711 -1983 -592 -32768 -6307 2186
4946 -1827 -566 -32768 -6744 367
4977 -1776 -560 -32768 -8257 -2463
5091 -1726 -432 -32768 -9240 -5430
5207 -1653 -6 -32768 -9140 -7245
5206 -1437 464 -32768 -7843 -9330
5113 -1149 850 -32768 -6366 -10597
4858 -618 1961 -32768 -5809 -10808
4926 -142 3763 -32768 -4403 -8740
5249 -676 6080 -32768 -3198 -5965
5686 -3298 8155 -32768 -3258 -1166
5510 -6129 9560 -32768 -6362 -2034
6569 -10382 12366 -28169 -7566 -7806
9514 -13213 14409 6819 5660 -18958
10541 -14160 14291 32767 26511 -28086
10394 -14281 12838 32767 31260 -32768
11283 -14053 11708 32767 32767 -32768
13690 -14056 9180 32767 32767 -32768
15730 -14519 5105 32767 32767 -32768
16551 -14884 1393 32767 32767 -32768
17922 -15462 -127 32767 32767 -32768
20171 -15206 -4449 32767 32767 -32768
24974 -17164 -8363 32767 32767 -32768
24997 -17154 -8527 32767 32767 -32768
22686 -17132 -8359 32767 32767 -32768
19606 -16704 -9687 32767 32767 -32768
15949 -14880 -11191 32767 32767 -32768
13372 -13405 -9655 32767 32767 -32768
10536 -12563 -7729 32767 32767 -32768
8185 -12092 -8150 24422 28518 -32768
5157 -10590 -8072 16523 17350 -32768
2887 -9431 -7103 13619 12326 -32768
2069 -8982 -6675 11610 8351 -32768
1422 -7951 -5637 9994 6162 -32768
872 -6830 -4274 7836 6452 -25312
661 -6083 -3470 2432 11847 -11924
613 -5046 -3146 -3040 17937 -2739
569 -4050 -3457 -5219 19464 1850
535 -3214 -4061 -4514 18543 6672
560 -2704 -4268 -211 13955 9635
676 -1921 -4064 4100 9368 11283
827 -1214 -3575 5647 7135 12044
1037 -613 -2924 5159 5836 13106
1237 -306 -2537 2223 7704 14915
1447 20 -2217 -1207 10918 17507
1582 223 -2132 -2802 12310 19319
1760 426 -2156 -3362 14201 22074
1821 474 -2157 -2306 15427 24521
1921 676 -2065 -769 15711 26396
2016 792 -2000 295 15901 27266
2072 845 -1895 1572 15379 28262
2078 893 -1653 1727 14382 28683
2176 945 -1271 819 13623 28709
2215 1025 -826 -2087 12293 28473
2220 1097 -558 -6112 12715 28159
2307 1116 -327 -10073 15460 28245
2395 1190 -298 -12926 18521 29315
2418 1263 -466 -14121 20737 30962
2376 1309 -616 -14243 21674 32104
2293 1324 -645 -14264 20913 32767
2096 1384 -652 -14692 17225 32150
1968 1360 -571 -15672 13434 30046
1822 1279 -279 -17649 10363 27229
1773 1255 18 -19500 9096 25435
1765 1174 140 -22645 8414 23403
1799 1091 268 -25687 7785 22477
1856 1060 287 -27294 7230 22447
1859 974 246 -28911 6625 22652
1709 886 225 -29678 6077 22359
1542 826 272 -30118 5576 21814
1454 697 264 -30699 4399 20626
1478 644 320 -31206 1929 19762
1524 595 332 -31447 -1137 19626
1656 382 352 -31472 -3990 19670
1781 104 434 -31493 -5364 19710
1930 2 477 -31688 -6400 20128
2138 -183 516 -32231 -7205 21206
3108 -1551 755 -32768 -4834 20428
3126 -1718 665 -32768 -4964 20849
3073 -1879 577 -32768 -5110 20530
3019 -1980 624 -32768 -5028 19018
2970 -2147 665 -32768 -4744 17478
2977 -2226 543 -32768 -4218 14975
2997 -2325 304 -32768 -4580 12690
3155 -2370 185 -32768 -5377 11432
3350 -2366 67 -32768 -5878 10478
3646 -2317 -30 -32768 -5513 10346
3857 -2228 -101 -32768 -5294 10253
4027 -2151 -171 -32768 -5773 9569
4038 -2140 -309 -32768 -7213 7539
4046 -2003 -232 -32768 -8109 5471
4099 -1938 -136 -32768 -9070 1809
4252 -1835 -108 -32768 -8936 -1628
4559 -1687 -31 -32768 -8412 -3212
4661 -1615 2 -32768 -7903 -4539
4773 -1484 214 -32768 -7719 -5102
4726 -1300 515 -32768 -7310 -5684
4583 -1093 761 -32768 -6976 -6240
4577 -975 966 -32768 -6153 -7009
4508 -817 1456 -32768 -3525 -7305
4350 -464 2455 -32768 -1257 -7082
4248 -344 3159 -32768 804 -5666
4050 -539 4472 -32768 -1464 -3222
4134 -1769 6917 -32768 -4635 -1411
4590 -3496 8825 -31710 -8427 248
5433 -6726 11788 -19896 -3931 -3680
8068 -10269 13239 -5021 5423 -9099
10564 -11882 13021 30277 21637 -15081
11065 -12887 11142 32767 31789 -25601
10689 -12729 9451 32767 31692 -32768
12166 -12676 8604 32767 32767 -32768
15473 -13379 6348 32767 32767 -32768
17101 -14225 2536 32767 32767 -32768
17381 -15121 -726 32767 32767 -32768
16671 -13464 -3153 32767 32767 -32768
20242 -16641 -4468 32767 32767 -32768
21322 -17362 -7834 32767 32767 -32768
19729 -16476 -7927 32767 32767 -32768
18382 -15887 -7678 32767 32767 -32768
16093 -15304 -9398 32767 32767 -32768
12609 -13728 -9246 32767 32767 -32768
10288 -12737 -7959 32767 31066 -32768
7791 -11902 -7086 16504 31153 -32768
5472 -10818 -7257 8349 28007 -32768
4006 -9852 -7092 1576 20270 -32768
2311 -8563 -6359 251 17537 -32768
1417 -7778 -5813 1190 16698 -32768
871 -7342 -5417 3477 15258 -31413
413 -6217 -4213 2470 15051 -18924
290 -5225 -3407 -1522 18183 -9126
340 -4333 -3428 -4625 20200 -1285
479 -3493 -3779 -5052 20130 3317
506 -2995 -3896 -3663 17043 8764
631 -2259 -3669 -1523 13614 11854
770 -1608 -3318 -333 12263 12741
962 -1082 -2946 789 10801 13246
1192 -679 -2640 1316 11002 13716
1324 -478 -2531 1585 10885 14891
1542 -239 -2419 1922 9245 16775
1784 -41 -2141 2194 9558 18911
1943 155 -1893 2150 10779 20362
2024 295 -1794 1653 12902 22640
2122 463 -1800 920 14576 24750
2172 620 -1856 576 15258 25971
2213 725 -1828 211 15270 27288
2369 841 -1675 -502 15519 28076
2531 915 -1411 -2164 15625 28395
2606 1006 -1150 -3724 15611 28415
2640 1016 -1069 -6171 15528 28276
2697 1041 -859 -8525 15509 28092
2735 1108 -687 -10080 15991 28114
2752 1115 -668 -12105 17661 28303
2692 1184 -724 -13576 19253 28611
2564 1247 -745 -14819 18702 28849
2283 1320 -851 -15798 15878 28245
2074 1313 -695 -17324 11074 26762
1843 1286 -384 -18856 7866 25345
1733 1195 -123 -21861 5026 22662
1746 1045 165 -25379 4171 20424
1866 925 269 -27520 4160 19768
1958 828 248 -29728 4833 20133
2108 847 265 -30708 5168 21780
2075 871 255 -30834 5337 22962
1998 843 291 -30660 5637 23814
1873 856 355 -30762 4910 23172
1720 795 367 -31109 3088 21171
1534 702 338 -31354 774 19368
1476 597 373 -31658 -3625 16560
1508 395 416 -32007 -6241 14373
1653 91 421 -32471 -6721 13443
1827 -35 462 -32768 -6745 13774
1938 -157 487 -32768 -7419 15371
2075 -384 565 -32768 -7964 17470
2183 -567 639 -32768 -7934 19157
2230 -761 649 -32768 -7688 19553
2319 -857 703 -32768 -7536 19051
2455 -1054 788 -32768 -7647 17787
2589 -1237 735 -32768 -7465 16981
2710 -1399 632 -32768 -7233 16333
2755 -1531 485 -32768 -7122 16523
2732 -1710 347 -32768 -8256 16828
2727 -1918 257 -32768 -9250 16891
2756 -2019 280 -32768 -10294 16416
2900 -2193 325 -32768 -10984 15583
3086 -2205 304 -32768 -11109 14962
3272 -2224 121 -32768 -10049 14061
3435 -2213 49 -32768 -9118 13272
3670 -2224 -45 -32768 -8863 12787
3801 -2217 -124 -32768 -7905 11810
3889 -2295 -321 -32768 -7285 10130
3904 -2356 -630 -32768 -8680 7798
3920 -2419 -818 -32768 -10724 6160
4101 -2487 -626 -32768 -14120 3783
4300 -2471 -467 -32768 -15403 1985
4516 -2349 -237 -32768 -13423 602
4693 -2144 121 -32768 -11076 -132
4698 -2035 279 -32768 -7633 -1254
4815 -1782 461 -32768 -5808 -2234
5014 -1496 396 -32768 -5223 -2590
5078 -1350 404 -32768 -5136 -2979
5000 -1130 609 -32768 -5165 -3732
4791 -867 1270 -32768 -4858 -4513
4537 -593 2108 -32768 -3897 -5741
4684 -698 3829 -32768 -4133 -5391
5201 -1848 5887 -32768 -5656 -3559
5832 -3816 7758 -32768 -11586 -870
6342 -7393 11894 -32768 -13583 -5367
8661 -10666 15105 -21715 -1472 -12859
9852 -12402 14566 19428 30078 -26350
9743 -14094 11800 32767 30174 -32768
11602 -13324 11641 32767 27939 -32768
15072 -13119 10776 32767 32767 -32768
16927 -13653 6096 32767 32767 -32768
17339 -13899 2583 32767 32767 -32768
18338 -14322 -1584 32767 32767 -32768
19613 -15456 -5582 32767 32767 -32768
19518 -14492 -7763 32767 32767 -32768
19200 -15507 -7965 32767 32767 -32768
17719 -15874 -8216 32767 23646 -32768
14020 -14550 -9207 32767 19541 -32768
11167 -13863 -9678 32767 17385 -32768
8510 -13458 -7641 26234 10395 -32768
6670 -12940 -5897 7079 19333 -32768
4244 -11063 -5286 -1421 28921 -32768
2748 -9940 -5079 -9240 32767 -32768
944 -8879 -5442 -10800 32767 -32768
73 -7604 -5903 -9045 32767 -32768
-141 -6812 -5860 -5265 25016 -28269
130 -5762 -5103 -3547 16998 -21550
806 -4781 -4015 -5035 14180 -13902
1112 -3915 -3542 -6513 15976 -9134
1075 -3160 -3563 -7452 19023 -3656
929 -2684 -3579 -6610 19867 -164
592 -2087 -3529 -4574 19384 1089
280 -1697 -3689 -2358 18390 1157
172 -1419 -3677 1784 13660 1477
115 -1002 -3409 5159 9376 2624
441 -651 -3112 6448 9012 4108
813 -352 -2869 6589 9415 7777
954 -175 -2691 4859 11382 11536
1169 55 -2416 2076 14647 14471
1282 234 -2373 347 16669 15814
1372 345 -2424 -1012 18211 17245
1577 385 -2562 -956 18141 18020
1850 480 -2340 -219 15792 19554
1929 548 -2187 422 13114 20808
1910 554 -1938 782 12780 20828
1987 499 -1719 466 12936 20759
2187 528 -1407 -429 12789 21321
2290 561 -1209 -2625 12975 22896
2343 666 -1066 -4978 14909 24767
2337 789 -1045 -6808 17166 26532
2233 906 -1004 -8578 18036 27854
2071 974 -837 -9997 17780 28259
1980 993 -765 -12509 16684 27964
1866 1029 -674 -15052 14920 27072
1764 1035 -743 -16402 13721 26299
1766 1002 -816 -17559 12141 25359
1711 1038 -830 -18214 10330 24834
1629 1007 -805 -18685 8340 24608
1585 1039 -503 -19351 6701 24560
1568 1021 -199 -21100 4691 24410
1617 977 -14 -23491 4097 24175
1757 986 202 -26134 3650 24098
1749 948 292 -27739 2998 23880
1775 765 293 -29332 2153 23225
1820 700 296 -29834 1963 22404
1819 630 314 -29755 1764 21807
1739 517 289 -29362 851 20596
1621 394 278 -28733 -982 19017
1591 237 372 -28422 -3874 17741
1649 21 467 -28530 -5664 17363
1813 -132 506 -29192 -7469 17960
2119 -346 484 -29951 -8405 19151
2303 -583 516 -31505 -9116 21296
2429 -669 642 -32768 -8880 23123
2614 -817 901 -32768 -6721 24249
2696 -936 993 -32768 -4124 24429
2674 -1078 911 -32768 -627 23794
2763 -1262 573 -32768 522 22673
2855 -1519 284 -32768 -289 22028
2920 -1657 211 -32768 -2567 21282
4333 -2338 -353 -32768 -14590 9997
4541 -2237 -233 -32768 -12983 7381
4683 -2161 -295 -32768 -11945 5324
4752 -2072 -356 -32768 -11320 2485
4910 -1896 -250 -32768 -11480 266
5156 -1784 -60 -32768 -11397 -681
5260 -1682 55 -32768 -10667 -1563
5421 -1576 322 -32768 -9670 -2306
5389 -1422 647 -32768 -8847 -2913
5323 -1304 880 -32768 -6329 -3966
4977 -936 1584 -32768 -3352 -5185
4524 -284 2801 -32768 -2731 -5829
4455 61 3828 -32768 -3704 -5361
4801 -703 5950 -32768 -4663 -2758
5569 -3547 8572 -32768 -6216 -639
5857 -6065 10860 -32768 -9558 -2537
8328 -10000 14220 -14572 -298 -10765
10989 -12751 14765 24800 25942 -21112
10493 -13921 12733 32767 32767 -30069
10305 -13823 11759 32767 29348 -32768
13359 -13370 10885 32767 32767 -32768
16180 -14170 7699 32767 32767 -32768
16908 -14536 4199 32767 32767 -32768
16671 -15019 -365 32767 32767 -32768
15968 -14047 -3019 32767 32767 -32768
17709 -15130 -6324 32767 32767 -32768
20406 -14903 -8611 32767 32767 -32768
22177 -14661 -6573 32767 32767 -32768
21040 -15396 -7150 32767 32767 -32768
17324 -15134 -10442 24721 32767 -32768
12500 -14209 -11023 27155 32767 -32768
10124 -13196 -9723 23624 32767 -32768
8901 -12165 -7563 15104 32767 -32768
6615 -10884 -7182 3273 32767 -32768
4693 -10180 -7446 -102 32662 -32768
2380 -9003 -7709 4825 21265 -32768
807 -8128 -7186 9738 14777 -32768
256 -7402 -6224 10027 5408 -17462
14 -5100 -3089 3500 12351 -6509
135 -4172 -3213 -178 16041 55
293 -3247 -3636 -3077 18443 8781
355 -2679 -3927 -2306 17836 15081
463 -1839 -4075 -497 16114 17514
612 -1096 -3850 2772 12525 19180
770 -669 -3484 4812 9067 19398
1107 -157 -2939 4920 9019 19255
1603 148 -2583 3607 9891 20190
2021 395 -2377 2453 10500 21654
2133 521 -2303 1162 12201 23958
2156 727 -2295 777 12806 25813
2205 844 -2246 1027 12007 26627
2199 896 -2052 1400 10857 27097
2289 975 -1677 958 11128 27195
2443 1090 -1279 -58 11504 27506
2501 1128 -971 -2762 12493 27665
2538 1154 -900 -5838 14979 27469
2517 1113 -818 -8614 16526 26987
2480 1083 -785 -10581 17048 26566
2399 1088 -915 -11169 16827 26270
2322 1121 -1089 -10804 15990 26300
2251 1096 -1071 -10026 13442 26413
2162 1111 -852 -10229 10987 26318
2072 1096 -649 -11886 9482 26102
2054 1148 -404 -14947 7417 26078
1973 1180 -311 -17343 6340 25831
1966 1142 -206 -21098 5716 24856
1911 1077 -87 -24644 6070 23602
1884 965 -55 -26563 6481 22894
1929 894 -82 -28524 6454 22387
1924 875 -98 -29211 4868 22511
1819 843 -85 -28926 2779 22365
1773 810 -68 -28402 807 21524
1795 788 21 -28234 -407 20815
1815 745 130 -28728 -1879 19626
1819 655 292 -30132 -2616 18416
1793 506 332 -31837 -2612 17487
1775 376 353 -32768 -3701 17113
1732 137 322 -32768 -4873 17083
1744 -152 219 -32768 -6966 17191
1846 -303 187 -32768 -9353 17798
1980 -530 139 -32768 -10756 18569
2179 -822 230 -32768 -11125 18893
2412 -994 351 -32768 -11557 19501
2733 -1215 508 -32768 -11482 20385
2928 -1400 530 -32768 -10434 20932
3013 -1460 470 -32768 -7539 21435
3165 -1663 350 -32768 -4579 21322
3267 -1881 94 -32768 -2744 20800
3273 -1969 -138 -32768 -1258 19537
3254 -2073 -577 -32768 -3858 17883
3327 -2240 -854 -32768 -7327 16599
3460 -2382 -874 -32768 -12564 14586
3860 -2535 -794 -32768 -16155 12911
4189 -2730 -711 -32768 -17642 11638
4416 -2894 -581 -32768 -18624 9566
4828 -2951 -320 -32768 -18035 7912
5067 -2892 -107 -32768 -16501 6916
5170 -2786 -44 -32768 -12488 5386
5220 -2689 -256 -32768 -9384 3424
5266 -2569 -248 -32768 -10233 1966
5245 -2561 -177 -32768 -13768 -231
5241 -2483 56 -32768 -17404 -2567
5469 -2401 504 -32768 -18461 -3950
5462 -2366 1220 -32768 -17249 -4558
5507 -2423 2039 -32768 -15838 -4833
5475 -2825 3405 -32768 -17053 -4080
5868 -4168 5292 -32768 -19977 -2936
5911 -5364 7747 -32768 -25253 -3886
7668 -7526 12694 -22800 -17594 -10930
10125 -9443 15041 -9012 2309 -18589
10910 -10446 14569 26738 29071 -31484
10494 -10659 12655 32767 32524 -32768
11912 -9766 11511 32767 32767 -32768
12986 -9449 10029 32767 32767 -32768
13557 -9307 5910 32767 32767 -32768
12970 -9525 1232 32767 32767 -32768
12849 -9424 -1410 32767 32767 -32768
13171 -8319 -5393 32767 32767 -32768
13119 -9134 -8952 32767 32767 -32768
12717 -9010 -7735 32767 32767 -32768
12070 -9330 -7364 32767 32767 -32768
10265 -8667 -7855 32285 32767 -32768
7536 -8171 -8432 26236 22382 -32768
5513 -8424 -6999 22797 17008 -32768
4751 -8483 -5890 13745 13710 -32768
3637 -7699 -4873 4947 16140 -32768
2442 -6639 -3920 -2310 20315 -32768
1551 -5607 -3262 -6422 24396 -32768
553 -1290 -2897 573 16168 806
496 -1092 -2883 3389 11841 3149
412 -761 -2776 5519 9318 5338
399 -458 -2732 6933 10207 7224
480 -264 -2647 7377 10563 8669
603 -196 -2494 6963 10999 11144
769 -190 -2392 5953 12543 13602
950 -183 -2294 4722 12964 16037
1177 -135 -2081 3893 12741 17753
1279 -98 -2205 3405 13369 20379
1437 -12 -2290 3890 13181 23139
1637 59 -1981 3889 12537 24988
1868 118 -1586 3060 13555 27351
1988 159 -1374 1303 15921 28890
2126 198 -1191 -149 17428 29462
2143 235 -1204 -2241 18076 29891
2162 277 -1152 -4354 15870 30185
2216 346 -977 -6632 13126 30588
2311 360 -741 -9061 12545 31235
2361 385 -629 -10584 13009 31815
2362 402 -590 -12429 13379 32700
2233 458 -746 -13400 12982 32767
2068 508 -871 -13675 11939 32530
2143 -377 -461 -32768 4484 28854
2218 -541 -460 -32768 -809 28801
2375 -750 -374 -32768 -6706 28892
2522 -974 -116 -32768 -10337 28574
2655 -1151 138 -32768 -11006 28115
2813 -1347 284 -32768 -10105 27411
2971 -1463 328 -32768 -8525 27168
3255 -1671 360 -32768 -7622 27373
3414 -1794 315 -32768 -6812 27721
3614 -1928 314 -32768 -6806 27664
3704 -2011 319 -32768 -6306 26955
3758 -2031 300 -32768 -4579 24890
3804 -2032 242 -32768 -3551 23122
3750 -2036 88 -32768 -2956 20099
3669 -2013 -102 -32768 -3542 16945
3780 -2090 -509 -32768 -4461 15012
3868 -2211 -715 -32768 -7467 12365
4031 -2313 -771 -32768 -13085 9551
4401 -2467 -583 -32768 -16274 7545
4781 -2450 -197 -32768 -17227 4801
5013 -2408 88 -32768 -14638 2600
5200 -2349 255 -32768 -9465 968
5254 -2072 275 -32768 -6076 173
5136 -1934 97 -32768 -2514 -1103
4907 -1781 -28 -32768 -2302 -2910
4643 -1687 -46 -32768 -3519 -4535
4457 -1586 44 -32768 -5666 -7389
4491 -1591 227 -32768 -7679 -9837
4536 -1534 727 -32768 -8530 -10967
4671 -1425 1639 -32768 -8090 -10598
4683 -1489 2458 -32768 -7074 -8425
5004 -1966 4195 -32768 -7179 -4338
5453 -3293 6076 -32166 -6403 152
5668 -5311 9400 -30318 -5678 614
6037 -6984 11432 -22730 1290 -5485
7695 -9255 13137 -404 18471 -17001
9154 -11014 12414 32767 31985 -28828
10164 -11454 10956 32767 32767 -32768
12040 -10914 10102 32767 32767 -32768
13170 -10716 8342 32767 32767 -32768
14128 -10737 4313 32767 32767 -32768
14465 -10807 233 32767 32767 -32768
15035 -10884 -1945 32767 32767 -32768
15741 -8272 -2958 32767 32767 -32768
17253 -10467 -8891 32767 32767 -32768
17201 -10414 -9540 32767 32767 -32768
16526 -9821 -8883 32767 32767 -32768
14836 -9337 -8734 32767 32767 -32768
12121 -9062 -9393 32767 32767 -32768
9681 -8580 -8516 32767 32767 -32768
8193 -8238 -7353 25749 27143 -32768
6504 -8332 -6804 18225 25374 -32768
5213 -7728 -6630 10236 20579 -32768
3431 -6993 -5810 5727 17791 -32768
2079 -6285 -4858 3760 18045 -32768
1467 -5996 -4666 2897 20176 -31539
613 -5506 -4514 3165 19603 -21200
196 -4683 -4099 1962 18412 -13098
279 -3990 -3839 611 17799 -8398
483 -3583 -3732 -1165 17662 -1783
773 -2915 -3654 -1915 17937 2345
830 -2366 -3709 -1955 18102 7546
747 -1993 -3747 -614 17055 10802
578 -1460 -3677 613 15797 11885
569 -1139 -3578 2411 14377 12416
620 -763 -3329 3499 13235 12472
812 -492 -3032 3803 11937 13114
1144 -322 -2766 3844 12122 14364
1371 -238 -2626 3795 12811 17555
1556 -57 -2398 3715 12219 21408
1730 66 -2068 3733 12982 23556
2107 251 -1887 3685 16050 26597
2114 326 -1986 3940 17918 28698
2141 454 -1993 4164 16094 29350
2426 519 -1680 3615 14884 29670
2776 587 -1273 2645 15453 30046
2902 623 -1023 384 16378 30671
2926 767 -877 -1861 16811 30918
2887 873 -933 -2783 17468 30944
2832 901 -959 -3412 18555 30760
2707 978 -923 -4075 18623 30220
2627 994 -798 -5353 17269 29519
2472 948 -674 -6672 16079 28934
2350 895 -496 -9555 13209 27740
2267 950 -171 -13530 10706 26840
2205 919 10 -16325 10540 26485
2173 872 109 -20341 10914 26149
2109 830 161 -23669 11071 26256
2217 875 137 -25269 11192 26866
2186 888 33 -26910 11118 28007
2093 834 -28 -27798 9596 28113
2001 865 -47 -28466 7534 27003
1955 910 80 -29589 6129 25033
1894 892 186 -30720 5002 23556
1836 800 252 -32768 2068 21483
1811 590 352 -32768 -1356 19754
1926 324 451 -32768 -3016 18803
2111 122 506 -32768 -3205 18755
2251 -55 461 -32768 -3087 19407
2374 -203 417 -32768 -2961 20578
2387 -312 417 -32768 -3080 21096
2362 -495 493 -32768 -3545 21011
2364 -621 581 -32768 -3690 20365
2424 -794 582 -32768 -3601 18871
2453 -919 498 -32768 -3082 17335
2526 -1130 327 -32768 -2794 15963
2635 -1422 111 -32768 -2667 15360
2694 -1486 31 -32768 -3415 15046
2876 -1663 -162 -32768 -5003 15323
3048 -1769 -517 -32768 -6649 15274
3366 -1896 -648 -32768 -8337 14792
3657 -2025 -726 -32768 -11528 13484
4106 -2191 -667 -32768 -14184 11643
5364 -1814 476 -32768 -9971 -7124
11163 -12299 11471 32767 32767 -32768
12452 -11136 10211 32767 32767 -32768
13665 -10266 7015 32767 32767 -32768
14112 -10061 4160 32767 32767 -32768
14639 -9940 -145 32767 32767 -32768
13837 -8926 -3978 32767 32767 -32768
13809 -9924 -10743 32767 32767 -32768
13196 -9084 -9650 32767 26806 -32768
12249 -9897 -8335 32767 10686 -32768
10959 -9570 -8934 32767 6833 -32768
9312 -9484 -9202 28022 10014 -32768
7494 -10011 -8135 13629 7827 -32768
6369 -10048 -6386 -540 14352 -32768
4658 -9050 -5252 -7537 23822 -32768
3129 -7736 -4712 -14470 32231 -32768
2071 -7101 -4903 -15660 32767 -31993
762 -6304 -5540 -10285 30092 -27782
43 -5281 -5323 -5389 22439 -26999
-1 -4707 -4658 -533 14869 -26681
243 -4059 -3628 -293 14287 -24335
400 -3553 -3309 -1281 15586 -21110
370 -3202 -3336 -2140 17355 -14758
64 -2725 -3350 -1680 17605 -9028
-183 -2221 -3221 -234 17973 -4953
-267 -1833 -3312 1116 18042 -2815
-219 -1517 -3463 3457 16584 237
-198 -1122 -3603 5631 15366 2620
0 -742 -3489 6346 14869 4103
214 -551 -3254 5736 14385 6793
543 -410 -2908 3763 15008 9963
762 -362 -2770 2549 15546 12237
1109 -248 -2433 1163 15886 15754
1369 -146 -2268 1069 18118 18768
1553 -38 -2401 1865 19797 20333
1684 114 -2600 3949 20569 22255
1790 220 -2512 5643 19972 23516
1907 330 -2191 5791 19155 23908
1991 437 -1833 4126 16838 23957
2102 445 -1264 1130 16401 23684
2264 464 -1050 -1778 17761 24078
2316 473 -1065 -3556 19413 25581
2291 470 -1252 -3973 20574 27537
2189 494 -1292 -4034 20022 28843
2111 535 -1194 -4716 17750 30487
1973 522 -986 -6555 15621 31339
1872 576 -760 -8484 13886 31593
1849 535 -621 -11741 11368 31803
1889 534 -562 -15093 9932 32170
2002 509 -431 -17318 8631 32618
2045 597 -348 -20376 6863 32767
2073 603 -282 -22989 6435 32767
2161 568 -119 -25572 6317 32767
2306 664 30 -27343 6380 32767
2262 690 79 -29891 6772 32767
2171 622 93 -32043 6758 32733
2124 464 95 -32768 5612 31588
2167 454 204 -32768 4166 31156
2164 307 285 -32768 1391 30541
2129 78 472 -32768 -311 29490
2180 -112 710 -32768 -470 28746
2251 -239 797 -32768 848 27643
2271 -466 782 -32768 2988 26736
2292 -616 589 -32768 3714 26370
2378 -807 349 -32768 2464 26348
2485 -1174 83 -32768 -2958 26222
2788 -1541 -62 -32768 -7586 25831
3065 -1870 -200 -32768 -8636 25344
3156 -1957 -140 -32768 -8879 24247
3219 -2040 3 -32768 -8641 22610
3306 -2075 86 -32768 -7702 20606
3534 -2062 -63 -32768 -7008 19458
3680 -2127 -352 -32768 -6843 18118
3964 -2254 -712 -32768 -8497 17211
4410 -2506 -930 -32768 -9537 16801
4611 -2647 -955 -32768 -10116 15777
4750 -2753 -664 -32768 -9570 13497
4745 -2665 -593 -32768 -8301 11213
4812 -2525 -587 -32768 -5506 7282
4866 -2354 -579 -32768 -4176 4675
4846 -2263 -599 -32768 -3581 1009
4832 -2153 -499 -32768 -3898 -2056
4853 -1904 -463 -32768 -3798 -3599
4896 -1907 -355 -32768 -3611 -5221
4847 -1736 -204 -32768 -4604 -6355
4934 -1715 307 -32768 -4887 -6717
4836 -1659 878 -32768 -4156 -7127
4841 -1769 1836 -32768 -4102 -6777
5037 -2037 2794 -32768 -5388 -5499
5233 -3091 4416 -32768 -6927 -2973
5446 -3991 5597 -26986 -6526 -1269
5474 -6106 8764 -17410 -7138 -5687
6960 -8119 12717 -4000 1142 -16571
9454 -10331 14327 21889 22090 -29305
10281 -11856 12906 32767 30743 -32768
10552 -11835 11817 32767 32767 -32768
12651 -11264 11226 32767 32767 -32768
15151 -11327 8443 32767 32767 -32768
15686 -11714 5111 32767 32767 -32768
16127 -12048 273 32767 32767 -32768
16705 -10787 -2343 32767 32767 -32768
19366 -12948 -7076 32767 32767 -32768
20179 -13061 -7777 32767 32767 -32768
20511 -13408 -7397 32767 32767 -32768
18821 -14045 -8300 32767 32767 -32768
16352 -13690 -9574 32767 32767 -32768
12161 -12462 -9453 32767 32767 -32768
9492 -11654 -7155 28511 32108 -32768
8012 -11620 -6617 9731 31812 -32768
5320 -10436 -7218 1627 27488 -32768
2882 -9359 -7048 815 21255 -32768
1519 -8575 -6454 3042 15243 -32768
846 -7852 -5913 5837 11007 -32768
99 -6688 -4630 5547 9431 -27398
198 -5554 -3530 1218 11041 -15782
470 -4828 -3320 -4121 15638 -5465
847 -3843 -3592 -6269 18570 3591
894 -2875 -4099 -5179 17653 8093
885 -2251 -4201 -1175 13590 11266
885 -1511 -4001 2906 9383 10921
1005 -894 -3629 4651 7005 9956
1094 -479 -3328 5213 4874 9093
1264 -24 -3024 4052 5179 10166
1296 232 -2878 2183 6510 12737
1236 408 -2787 957 7161 14674
1277 459 -2668 -514 7686 17560
1455 537 -2417 -1718 8704 20355
1618 627 -2182 -2322 9580 21982
1730 667 -2024 -3018 11416 24070
1871 746 -1800 -3714 12294 25856
1939 742 -1650 -3970 12344 26692
2012 698 -1465 -4298 12344 27506
2052 628 -1301 -4503 12350 28089
2109 574 -1205 -4554 11840 28372
2110 578 -1024 -4845 11079 28715
2078 585 -913 -5804 10827 28977
2048 592 -747 -7675 10758 29521
2045 521 -670 -9239 10663 30151
2036 542 -627 -11680 9893 31472
1976 504 -576 -14146 8795 32538
1994 466 -452 -16831 7642 32767
2187 414 -294 -18754 6461 32767
2247 481 -163 -21788 4152 32767
2233 470 -2 -24769 3407 32767
2186 409 6 -26498 3910 32767
2166 369 -33 -28622 4503 32767
2152 303 -78 -30127 3552 32767
2085 171 -128 -30735 2101 32406
2149 90 -59 -31353 -993 31968
2280 -25 9 -32046 -3652 32048
2353 -132 29 -32768 -5204 32306
2502 -243 79 -32768 -7595 32395
2653 -433 133 -32768 -9102 32139
2722 -558 275 -32768 -9966 31266
2815 -778 498 -32768 -9493 30061
2869 -983 592 -32768 -8803 29421
2906 -1102 559 -32768 -7799 28663
3077 -1300 415 -32768 -8463 28318
3334 -1536 379 -32768 -9549 28172
3517 -1793 470 -32768 -9328 27931
3498 -1973 487 -32768 -8626 26619
3388 -2285 435 -32768 -9745 24034
3347 -2546 301 -32768 -11003 21990
3509 -2635 278 -32768 -12563 19425
3815 -2828 114 -32768 -12981 18260
3982 -2939 116 -32768 -13306 16987
4125 -2925 65 -32768 -12802 16067
4265 -2787 24 -32768 -11413 15313
4170 -2637 -2 -32768 -10294 14484
4134 -2530 -38 -32768 -9119 12488
4042 -2416 -105 -32768 -8005 9726
3957 -2345 -157 -32768 -8537 6511
4104 -2218 -162 -32768 -9401 4712
4130 -2108 -165 -32768 -10169 2559
4235 -2025 -160 -32768 -10719 779
4288 -1833 -63 -32768 -10598 -162
4407 -1627 138 -32768 -9720 -1111
4473 -1498 312 -32768 -7404 -1621
4481 -1275 488 -32768 -4346 -2146
4539 -1146 528 -32768 -2685 -2548
4525 -1059 565 -32768 -1221 -3322
4264 -959 579 -31608 -2139 -4829
3899 -869 649 -29302 -4424 -6239
3945 -809 1244 -25755 -6854 -7928
4165 -694 2041 -24239 -5473 -7112
4544 -792 3712 -25426 -2308 -5014
4772 -940 4976 -30390 4607 -100
5117 -1927 6490 -32768 7801 5879
4508 -4149 8249 -32768 5767 7863
3925 -5784 9827 -25890 3344 3529
4361 -8868 11616 -1384 11983 -8645
6977 -11703 12558 23117 19189 -15736
9297 -13082 12292 32767 26482 -19840
10783 -13269 11113 32767 32767 -25181
11656 -13078 8893 32767 32767 -32768
13665 -13053 6105 32767 32767 -32768
15657 -13442 4264 32767 32767 -32768
18638 -14409 1457 32767 32767 -32768
21189 -15844 -1802 32767 32767 -32768
21541 -15929 -6643 32767 32767 -32768
22907 -18507 -8513 32767 32767 -32768
235 -7915 -4958 4398 20760 -32768
336 -6560 -4525 2170 21617 -26030
806 -5442 -3968 -742 23577 -21499
966 -4855 -3953 -5516 27863 -16211
775 -3848 -4566 -7821 27602 -12521
490 -3464 -5020 -6236 21168 -10663
217 -2932 -4919 -2902 12817 -9708
264 -2427 -4092 -1633 10329 -7961
480 -1941 -3265 -2868 12294 -4173
739 -1556 -2899 -4072 15595 -684
758 -1345 -2854 -5259 19841 4226
671 -996 -2928 -5015 20689 7509
521 -783 -3287 -2623 18208 8940
462 -536 -3323 -315 15400 9253
741 -407 -3089 2873 11700 9619
1050 -250 -2771 4336 10209 11365
1435 -154 -2243 3496 11698 14328
1638 -19 -1785 1122 14738 17413
1722 82 -1581 -550 16658 19189
1845 152 -1434 -2761 18836 21390
1942 185 -1316 -4303 20592 23020
2046 271 -1376 -4632 21130 24376
1950 314 -1510 -4257 20290 24969
1955 364 -1406 -3826 16334 25682
2042 442 -1031 -4579 12803 26522
2119 510 -587 -5970 12464 27171
2122 610 -232 -9234 13795 28167
2113 661 -232 -12951 16372 28971
2075 692 -447 -15804 18454 29826
2011 707 -538 -17409 18451 30357
2117 673 -528 -19617 16666 31283
2170 641 -518 -21602 13316 32169
2153 643 -272 -23720 8529 32354
2138 628 -76 -25825 5551 31674
2141 595 108 -27150 5048 30893
2165 582 257 -29276 5019 29365
2170 586 321 -31519 5513 28184
2224 500 383 -32768 6742 27489
2275 308 429 -32768 7738 27320
2306 267 478 -32768 9093 27515
2386 253 544 -32768 9855 28346
2394 215 491 -32768 8409 29004
2383 54 427 -32768 6234 28835
2344 -99 384 -32768 3325 27625
2298 -268 404 -32768 973 25279
2245 -489 506 -32768 -622 22189
2229 -739 705 -32768 -1261 20088
2233 -819 798 -32768 -1818 17691
2298 -1057 864 -32768 -1971 16703
2318 -1222 845 -32768 -1738 15877
2454 -1503 647 -32768 -1357 15970
2577 -1791 455 -32768 -1271 16355
2690 -2013 413 -32768 -1223 16830
2794 -2272 266 -32768 -773 16489
2912 -2459 22 -32768 -510 15833
3023 -2526 -127 -32768 -1239 14560
3323 -2738 -377 -32768 -2340 13805
3695 -3019 -651 -32768 -5012 13065
3967 -3176 -785 -32768 -10250 12680
4347 -3498 -915 -32768 -15679 12037
4651 -3656 -528 -32768 -17737 11014
4981 -3849 -241 -32768 -15699 8480
5102 -3838 -72 -32768 -8364 5015
5260 -3713 -77 -32768 -1658 1595
5328 -3616 -307 -32768 581 -260
5247 -3531 -408 -32768 -591 -2700
4959 -3318 -440 -32768 -4815 -5212
4545 -3107 -504 -32768 -7460 -7267
4288 -2896 -481 -32768 -10162 -10668
4162 -2689 -21 -32768 -11438 -13361
4275 -2775 859 -32768 -10972 -14265
4405 -2989 2118 -32768 -9960 -13500
4362 -3216 3012 -32768 -11415 -10721
4715 -3988 4868 -31089 -17192 -5998
5423 -5710 8165 -27350 -20016 -3667
6586 -7408 11030 -19618 -16838 -6313
9604 -9480 14086 -259 8310 -17713
10432 -11002 13861 23365 30838 -30119
10385 -11621 12703 32767 32767 -32768
12456 -11357 12359 32767 32767 -32768
14827 -10890 10512 32767 32767 -32768
15210 -11338 6870 32767 32767 -32768
14705 -11744 902 32767 32767 -32768
12940 -11121 -3262 32767 32767 -32768
14569 -11073 -6922 32767 32767 -32768
14158 -9836 -8866 32767 23697 -32768
13382 -9068 -7648 32767 6734 -32768
12503 -9511 -6276 32767 4273 -32768
11214 -9587 -6078 32767 14182 -32768
8800 -10203 -6299 18946 17911 -32768
6762 -10015 -5294 8045 16958 -32768
5668 -9376 -4297 2348 18544 -32768
4879 -8531 -4015 -2166 23148 -32768
3937 -7077 -3583 -3412 24165 -32768
3197 -5893 -3358 -4211 24157 -32768
2978 -5220 -3411 -3653 21846 -32768
2836 -4257 -3526 -1768 18992 -32768
2679 -3427 -3281 -831 16730 -32768
2565 -2759 -2820 -1549 16412 -31280
2449 -2479 -2669 -3558 18730 -28690
2081 -2149 -2710 -5087 20325 -26316
1543 -1922 -2905 -5311 20130 -24948
1092 -1765 -2896 -4582 18967 -23099
975 -1623 -2672 -3666 18171 -20388
770 -1454 -2431 -2836 19571 -16932
564 -1285 -2325 -2148 21060 -14422
372 -999 -2264 -1185 21980 -10804
295 -837 -2302 302 22415 -7730
289 -598 -2403 1675 22962 -5987
363 -413 -2404 3823 23769 -3614
454 -327 -2351 5378 24293 -1526
572 -170 -2266 6361 24478 406
785 -155 -2283 6950 24886 1637
937 -185 -2606 8676 25536 3468
1004 -183 -2628 10923 24679 5090
1199 -251 -2376 12428 23939 6460
1426 -323 -2215 12966 24782 7303
1668 -405 -2144 13227 27021 9470
1859 -473 -2110 13042 28030 10841
1946 -478 -1996 12409 29596 12916
2061 -478 -1942 11605 30632 14904
2221 -559 -1944 11007 30904 16771
2331 -667 -1891 10511 30052 18401
2498 -798 -1831 10051 29429 19967
2705 -847 -1669 9619 29416 21277
2883 -860 -1573 8581 29967 23877
3025 -945 -1479 7137 31243 26663
2895 -1053 -1547 6039 32085 28142
2809 -1079 -1443 3921 32767 29965
