0 0 0 0 0 0
-1664 987 866 23669 -14042 -12889
-1624 950 805 24237 -14851 -12975
-1586 991 685 24350 -15448 -13040
-1525 994 668 23873 -16068 -12838
-1443 1013 681 23085 -16124 -12656
-1453 1037 680 21537 -15431 -12694
-1481 1029 688 20567 -14466 -12866
-1496 1012 689 19625 -12947 -13163
-1610 1013 660 19687 -11380 -13458
-1694 990 799 20042 -10308 -13381
-1763 994 1000 20431 -10036 -12759
-1915 971 1363 20449 -12804 -11445
-2109 893 1625 20399 -15669 -10429
-2266 847 1737 20866 -18203 -9304
-2717 694 1788 21787 -18245 -9345
-3173 616 1865 23786 -17043 -10941
-4045 533 1920 25432 -16118 -12814
-4768 500 1718 28436 -15426 -15552
-5670 -797 -3247 25333 -7555 -5255
-6357 -1951 -4341 19170 -6954 -5743
-6814 -3230 -5793 10715 -5620 -3763
-7886 -5086 -8655 4662 3325 2787
-8736 -6422 -9363 -2869 15156 9728
-8868 -6929 -8350 -25018 28595 23915
-7707 -7362 -6323 -32768 25176 32767
-7317 -7313 -5625 -32768 18829 32767
-7949 -7223 -5320 -32768 19831 32767
-8633 -7144 -3996 -32768 28123 32767
-8269 -7003 -1701 -32768 29487 32767
-7696 -6692 -172 -32768 24993 32767
-6092 -5013 2550 -32768 21198 32767
-6421 -5678 2043 -32768 32767 32767
-7547 -4911 2834 -32768 32767 32767
-8029 -4484 2556 -24347 32767 32767
-7831 -4052 2950 -4386 32767 32767
-7320 -3344 4105 2804 32767 32767
-6735 -2981 4743 3579 32767 32767
-5727 -2585 5029 -2388 32767 32767
-5143 -2411 4637 -6784 32767 32767
-4629 -2421 4173 -10858 32767 32767
-3730 -2450 3611 -12191 30914 32767
-3224 -2358 3380 -12676 27371 32767
-2825 -2220 3330 -13720 20818 32655
-2074 -2097 3132 -14213 15320 28573
-1503 -2038 2748 -13714 12147 26685
-1309 -1964 2459 -11899 8579 24070
-1155 -1833 2098 -10257 7734 22223
-1169 -1769 1924 -7971 7927 18753
-1272 -1636 1873 -7133 8440 15908
-1330 -1426 1951 -7317 9139 11026
-1383 -1270 2012 -8630 9211 5849
-1536 -1008 1982 -9460 8567 2249
-1484 -748 1866 -9865 7770 -2523
-1359 -607 1866 -9339 6680 -5792
-1210 -425 1860 -8772 4914 -7405
-1157 -259 1900 -8088 1827 -9752
-1052 -31 1966 -7847 -67 -11546
-1033 121 1997 -7459 -1980 -15439
-1262 400 1784 -5642 -1324 -21567
-1221 707 1368 -3076 743 -26092
-1036 979 1172 2053 4155 -31918
-840 1555 1083 6575 5828 -32768
-721 2214 1214 8340 5859 -32768
-635 2533 1377 8864 4598 -32768
-590 2623 1381 7757 1861 -32768
-571 2450 1352 6510 -371 -32768
-671 2319 1284 4753 -2949 -31700
-1052 2220 1066 3967 -4365 -30515
-1467 2169 861 4067 -4501 -30731
-1551 2101 829 4811 -3580 -31149
-1548 1894 822 6133 -2518 -30367
-1333 1716 786 7308 -2467 -28817
-1187 1525 798 9388 -3145 -25164
-937 1302 690 10912 -4277 -22229
-842 1159 621 13219 -6391 -18133
-777 1002 502 15294 -7202 -15205
-761 819 468 16429 -7139 -14086
-834 719 499 17496 -6361 -13912
-1023 640 560 18125 -4998 -15665
-1249 579 556 19044 -3980 -18651
-1416 515 462 19975 -3701 -20640
-1457 509 393 21690 -2943 -22435
-1369 427 306 23306 -1868 -21860
-1292 391 273 24095 -1724 -20379
-1209 322 316 24455 -3434 -16997
-1182 212 429 23567 -6839 -13513
-1231 64 660 22246 -9225 -11740
-1336 -86 752 19810 -12591 -10479
-1595 -275 740 18499 -14149 -10719
-1974 -509 617 17803 -15047 -12679
-2227 -668 537 18808 -14283 -15828
-2514 -826 472 20272 -13251 -17986
-2677 -910 473 23253 -11175 -20610
-2861 -1050 509 26820 -9114 -21988
-2988 -1197 603 29188 -8853 -22112
-3102 -1317 692 32139 -10188 -21439
-3289 -1492 876 32767 -12702 -20679
-3626 -1498 1168 32767 -14469 -20493
-3815 -1483 1326 32767 -17219 -20436
-4114 -1397 1273 32422 -18948 -20425
-4322 -1401 1096 32767 -19510 -20203
-4458 -1398 741 32767 -17546 -19014
-4401 -1381 630 32767 -15744 -17567
-4367 -1305 639 32767 -14355 -14777
-4289 -1198 781 32767 -15441 -11730
-4286 -1057 861 32767 -17024 -9917
-4299 -986 778 32767 -19110 -7700
-4275 -981 617 32767 -19689 -6352
-4151 -976 395 32767 -20481 -4470
-4006 -839 187 32767 -21149 -3408
-3928 -734 97 32767 -22475 -2132
-3855 -823 97 32767 -23646 -1511
-3888 -846 -156 32767 -25650 -1639
-4038 -625 -720 32767 -25927 -3625
-4061 -443 -1351 32767 -24398 -5540
-4031 -136 -1769 30288 -21170 -8937
-4090 278 -2429 27923 -19436 -10924
-3982 343 -2988 23960 -18656 -11537
-3881 134 -4036 21156 -19231 -9787
-4140 -64 -4896 15849 -18871 -4583
-5111 -478 -5949 5086 -13430 2154
-6140 -527 -6550 -5793 -7405 6339
-8450 -638 -8015 -22401 5363 10969
-9934 -553 -9517 -30967 20105 14764
-9712 -585 -9600 -32768 32767 24077
-8922 -468 -8128 -32768 32767 32767
-8157 -79 -5126 -32768 32767 32767
-7666 -154 -2745 -32768 32767 32767
-6567 -601 482 -32768 32767 32767
-5774 -1360 2401 -32768 32767 32767
-4005 -824 5207 -32768 32767 32767
-3411 -791 5620 -32768 32767 32767
-3577 -970 5262 -32768 32767 32767
-3775 -627 4888 -25500 32767 32767
-3956 -484 5048 -11308 32767 32767
-3997 -740 4976 1237 32767 32767
-3430 -1382 4679 5112 32767 32767
-2940 -1707 4388 5449 32767 32767
-2058 -1993 4109 54 32767 32767
-1115 -2133 4234 -6190 29316 32767
-936 -2108 3957 -14815 15812 32767
-943 -2098 2873 -16961 5330 32767
-1247 -1878 1840 -14926 2086 32767
-1491 -1659 1417 -10138 2115 23363
-1720 -1244 1260 -7579 4369 14766
-1483 -900 1205 -4958 8358 3194
-1242 -625 1341 -3705 10575 -3809
-918 -243 1442 -3462 10943 -5921
-605 62 1562 -3825 9926 -5187
-604 318 1610 -5019 7943 -3614
-959 690 1545 -5626 7715 -3625
-1316 877 1399 -5403 9549 -5789
-1787 1029 1178 -3651 13556 -9674
-1798 1209 1076 -1770 17261 -13101
-1506 1312 1352 -1567 18684 -14502
-1260 1388 1694 -3612 18177 -15274
-859 1310 1890 -6873 14038 -15038
-754 1104 1715 -8695 10459 -15091
-927 929 1501 -10246 5046 -16673
-1423 739 1103 -10230 2511 -19060
-1774 659 829 -8335 2760 -24061
-2239 657 377 -5749 5592 -27695
-2387 673 181 -537 11136 -32282
-2391 766 183 2886 14484 -32768
-2264 863 333 6469 15784 -32768
-2015 905 482 7646 11941 -32768
-1640 815 664 7144 8231 -32519
-1435 722 704 5300 1454 -28659
-1287 570 643 3946 -3201 -25993
-1255 500 592 2625 -8892 -22593
-1409 453 394 2703 -11180 -21318
-1524 468 301 4231 -11951 -20968
-1750 371 183 6006 -11318 -21476
-1938 420 184 9352 -9754 -23337
-2126 428 128 11821 -9026 -24574
-2127 420 277 15154 -7374 -25491
-2068 443 447 17749 -4712 -24874
-1960 473 624 19172 -3383 -23860
-1895 461 753 20924 -2397 -21905
-1746 498 921 21923 -2589 -20428
-1641 466 1000 23343 -4434 -18084
-1458 474 1101 24228 -6454 -16456
-1370 483 1203 25058 -10072 -14222
-1329 551 1218 25125 -12451 -12849
-1426 686 1239 24806 -13886 -12390
-1561 700 1195 24155 -14345 -12648
-1620 796 1122 23762 -13752 -13111
-1601 862 1093 23100 -12924 -13889
-1494 924 1061 22637 -12947 -14150
-1450 1008 1078 21763 -14061 -14062
-1338 1118 1152 21063 -14924 -13619
-1302 1168 1183 20241 -16358 -12634
-1281 1180 1206 19949 -17648 -11690
-1352 1163 1151 20219 -18086 -11381
-1439 1080 1133 21271 -17383 -11393
-1480 1021 1127 22615 -16232 -11623
-1764 842 1164 23548 -15313 -12025
-2188 737 1143 25162 -13676 -13551
-2711 495 1043 27144 -11820 -14451
-2851 275 1037 28395 -10874 -13827
-2952 -204 1017 29927 -10707 -11274
-3043 -884 1203 30341 -12013 -9124
-3227 -1190 1362 30038 -15834 -7081
-3660 -1363 1346 29551 -18836 -7022
-3995 -1450 1250 28876 -21014 -8781
-4610 -1702 1039 28481 -18606 -12324
-4912 -1648 836 28298 -14820 -14768
-4902 -1425 744 27956 -8472 -17303
-4819 -964 727 27277 -3896 -17551
-4611 -444 699 26608 -2610 -16289
-4392 -187 676 25033 -3789 -12280
-3960 55 526 23530 -6961 -8461
-3778 121 353 20952 -13351 -2668
-3906 215 -151 19617 -16467 -50
-4158 276 -897 18832 -17532 1047
-4365 305 -1400 19183 -14179 -653
-4668 345 -2161 19671 -7660 -4124
-4556 431 -3073 19659 -4370 -6363
-4445 459 -3651 17896 -1814 -8506
-4525 174 -4394 15045 -428 -8976
-4663 -338 -4953 9069 1681 -7249
-5088 -1390 -6041 2563 3280 -2971
-5656 -2382 -6930 -5366 4471 2489
-6831 -3353 -7247 -12228 5540 5559
-7889 -4061 -7195 -24742 9521 9457
-9212 -5249 -6793 -32768 16006 15831
-9333 -6189 -6074 -32768 21679 23955
-8661 -6857 -5112 -32768 23588 32767
-8390 -7362 -3606 -32768 17981 32767
-8750 -7923 -2687 -32768 7807 32767
-9152 -8254 -1080 -32768 6236 32767
-9075 -8334 -283 -32768 18684 32767
-5970 -3564 4437 -17627 32767 32767
-4704 -3293 4352 -19950 32767 31088
-4089 -3122 4431 -24347 32767 29244
-3656 -2787 4019 -27159 26486 26788
-3251 -2504 3554 -27621 23425 24384
-2935 -2336 3318 -26713 19952 19933
-2387 -2022 3237 -25681 15745 15475
-1839 -1622 3371 -25708 12334 12708
-1480 -1343 3457 -27200 6000 9156
-986 -1071 3499 -29570 -1850 6367
-775 -867 3248 -30566 -6379 4270
-838 -666 2993 -29785 -9224 -843
-935 -340 2498 -25903 -10326 -7552
-783 -83 2135 -21981 -10306 -11601
-758 89 1992 -15331 -8737 -16684
-819 384 1891 -11064 -7053 -19800
-950 627 1929 -5913 -4379 -24373
-1242 1062 2101 -3558 -2628 -27404
-1318 1347 2274 -1665 -777 -31135
-1526 1763 2349 -618 -644 -32768
-1591 1985 2134 260 -1362 -32768
-1551 2095 1849 2205 -2572 -32768
-1638 2216 1593 3682 -2312 -32768
-1680 2222 1444 6070 -593 -32768
-1646 2127 1156 7817 83 -32583
-1578 2198 1104 9797 -608 -30427
-1454 2209 1019 10591 -1605 -28763
-1351 2125 892 11364 -2998 -25942
-1176 1956 720 11819 -4094 -22662
-1104 1689 605 12021 -4228 -20576
-1095 1654 716 11686 -3320 -18335
-1054 1509 801 11323 -2674 -17361
-948 1368 756 11235 -2497 -16304
-779 1135 736 11630 -2718 -15605
-701 974 565 12343 -3532 -15454
-633 761 438 13957 -6199 -15430
-583 582 284 15155 -8042 -15536
-548 489 322 16333 -9144 -15942
-581 397 452 16562 -8048 -16860
-700 392 382 16765 -6781 -17774
-841 324 226 17950 -3876 -19457
-904 329 142 19129 -1666 -20527
-946 322 18 21158 -360 -21576
-834 336 -9 22543 -1540 -21122
-738 278 8 22854 -3065 -20085
-849 253 79 22408 -5081 -18334
-1061 234 89 21365 -5818 -17580
-1541 313 10 20817 -5507 -17845
-1760 328 -33 20471 -4653 -18353
-1934 281 -151 20674 -4400 -18259
-2016 232 -209 21593 -3876 -17504
-2089 88 -202 22735 -3200 -16283
-2220 -129 -182 23514 -3245 -15607
-2292 -292 -81 24308 -4476 -15131
-2424 -518 196 24468 -6455 -15033
-2658 -682 314 24323 -11157 -15431
-3255 -962 452 23950 -15678 -16959
-3592 -1130 511 23743 -17021 -18142
-3718 -1188 460 24110 -16309 -19584
-3930 -1207 395 25796 -13547 -20356
-3962 -1257 329 27883 -11524 -20087
-3917 -1259 323 32141 -8932 -18302
-3831 -1166 642 32767 -7071 -15529
-3808 -954 1106 32767 -7775 -13627
-3787 -858 1258 32767 -12379 -10883
-3664 -718 1440 32767 -15715 -9052
-3574 -703 1431 32767 -18745 -6381
-3560 -549 1294 32767 -19195 -5113
-3697 -457 1210 32767 -18775 -4750
-3914 -352 1091 32767 -18571 -5519
-3996 -179 920 32767 -19317 -6002
-4056 -98 822 32767 -20746 -6363
-4116 -13 627 32767 -21504 -6249
-4247 34 438 32767 -22081 -6141
-4557 159 -102 32767 -21083 -6875
-4733 548 -815 32767 -19065 -7802
-4718 805 -1328 32767 -15076 -9068
-4514 1170 -2282 32767 -13315 -9477
-4396 1258 -2927 32767 -13928 -9496
-4373 1115 -3942 32767 -15780 -9242
-4526 877 -4696 32513 -16749 -8174
-4779 -24 -6293 22356 -15454 -3826
-5323 -1288 -8187 14106 -12125 1010
-5859 -1967 -9328 -170 -3206 9334
-7736 -2934 -10003 -12122 3848 13509
-8700 -3261 -9890 -32768 17238 19600
-8620 -3283 -8976 -32768 29045 30725
-7895 -3068 -7396 -32768 32671 32767
-7692 -2810 -6288 -32768 32767 32767
-7526 -2644 -4123 -32768 32767 32767
-7245 -2805 -1926 -32768 32767 32767
-7311 -4243 -321 -32768 32767 32767
-5446 -3392 3803 -32768 32767 32767
-4971 -2860 4969 -32768 21437 32767
-4773 -3020 4793 -32768 10181 32767
-4495 -3490 4317 -32768 12442 32767
-4365 -3604 4256 -32768 16588 32767
-3864 -3666 4350 -18529 22485 32767
-3143 -3481 4453 -7727 25743 32767
-2558 -3399 4453 -3515 26057 32767
-2261 -3423 4456 -994 23252 32767
-1936 -3417 4355 -1307 17000 32767
-1760 -3288 4068 -1682 12991 32767
-1495 -2972 3607 -1386 9750 32767
-1252 -2615 3194 -550 9240 32767
-1069 -2374 3102 811 9951 32767
-831 -1962 2986 2243 11163 27994
-541 -1509 2788 3424 12454 23762
-409 -1227 2628 5493 15411 17718
-256 -870 2419 7187 18762 12253
-306 -579 2287 7769 20526 8755
-439 -354 2284 7406 22935 3536
-442 -35 2430 6266 24361 717
-476 150 2504 3747 24741 -2606
-497 297 2563 1929 24051 -4142
-443 297 2556 -514 22571 -5587
-496 292 2362 -2205 20294 -7276
-732 295 2074 -2744 19150 -9155
-938 322 1863 -2645 17652 -13202
-1213 455 1412 -1806 16633 -16460
-1325 521 1081 534 16140 -21266
-1399 679 712 3200 17185 -25123
-1409 827 546 4556 17919 -26808
-1377 857 532 5258 17817 -28124
-1346 899 736 3787 15518 -28258
-1253 904 844 2076 12828 -27627
-1186 864 820 -381 8471 -25752
-1080 741 674 -1316 5839 -23989
-1069 707 454 -918 2130 -21554
-1114 716 123 514 229 -20480
-1191 716 -70 4096 -1060 -20149
-1388 716 -323 7181 -800 -20878
-1519 732 -409 11958 1225 -22965
-1582 856 -265 15597 5036 -25281
-1622 920 -66 17011 7303 -26447
-1642 905 171 17674 8374 -27157
-1635 1041 463 17221 7931 -26935
-1605 1076 649 15538 6723 -25495
-1527 1075 749 13903 4700 -22601
-1496 1063 801 13026 2821 -20045
-1473 1059 887 11843 -1166 -15566
-1558 1038 893 10868 -6617 -11397
-1703 1012 841 10468 -9944 -9260
-1746 1033 806 10463 -12104 -7351
-1637 1100 837 11011 -11088 -6686
-1566 1117 851 11678 -10069 -6789
-1462 1140 776 13172 -9425 -7550
-1418 1079 779 14355 -9309 -8470
-1398 1096 718 16417 -9227 -10604
-1400 1286 613 18513 -8929 -13194
-1313 1357 654 19494 -8477 -14597
-1219 1394 772 19815 -7471 -15470
-996 1373 985 19364 -6920 -14956
-832 1201 1186 18076 -6730 -12927
-828 1147 1227 17011 -7064 -11036
-944 975 1287 16515 -8274 -10432
-1161 905 1305 16548 -9682 -10961
-1384 833 1211 17718 -11665 -12716
-1723 714 1054 19300 -12001 -14144
-1952 653 1019 22291 -10807 -15734
-2113 515 1024 25254 -8910 -15756
-2235 347 1173 26689 -8532 -14832
-2326 140 1274 27897 -10829 -12542
-2525 -101 1420 28065 -13525 -10940
-2803 -206 1510 27843 -17712 -9735
-3182 -247 1561 27677 -20204 -9774
-3473 -236 1419 28197 -22769 -10874
-4101 -308 1171 29312 -22963 -12262
-4468 -354 1052 31855 -21030 -14065
-4876 -489 832 32767 -18862 -14589
-5131 -384 724 32767 -14546 -14268
-5126 -301 717 32767 -11885 -12470
-5047 -149 622 32767 -12555 -10570
-5042 -162 548 32767 -15889 -7375
-5143 -322 173 32767 -18717 -5584
-5320 -498 -261 32767 -21031 -4156
-5671 -698 -782 32767 -19933 -4564
-5865 -929 -1296 32767 -18026 -5399
-5870 -1009 -1787 30387 -14171 -6474
-5623 -1110 -2492 23737 -10029 -6748
-5291 -1215 -3432 18936 -8471 -6228
-5286 -1563 -4389 13341 -8562 -4043
-5637 -2670 -6191 10559 -10944 739
-6506 -3969 -7888 8782 -10112 4817
-7767 -5226 -8634 1400 -538 11094
-8207 -5825 -8371 -15524 14170 18791
-7729 -6325 -7264 -30664 19726 26153
-7257 -6485 -6620 -32768 17170 32767
-7541 -6527 -5903 -32768 13729 32767
-8066 -6384 -5182 -32768 18549 32767
-8469 -6371 -3445 -32768 25935 32767
-6267 -3931 4615 -11480 32705 32767
-4872 -3694 4524 -8980 32767 32767
-4033 -3633 4414 -8559 31854 32767
-3472 -3617 4290 -8057 23462 32767
-2613 -3544 3965 -7371 19068 32767
-2015 -3363 3525 -6305 16052 32767
-1733 -3213 3199 -4888 13051 31368
-1360 -2985 2777 -3781 11862 27382
-1200 -2788 2568 -2364 11760 22512
-1102 -2528 2430 -1964 11522 18422
-1163 -2208 2424 -2458 10535 15567
-1229 -2000 2385 -3815 8633 11120
-1225 -1670 2240 -5191 7951 6740
-1163 -1353 2171 -6124 7556 3940
-1113 -1101 2221 -7827 5937 -216
-1024 -729 2308 -9116 4491 -3074
-1069 -396 2274 -10395 2898 -7917
-1159 16 2220 -10446 3313 -11513
-1193 272 2132 -8871 4459 -17183
-1127 595 1984 -5412 5560 -22676
-940 1088 1688 -2420 6664 -26005
-765 1519 1637 1610 8653 -29862
-605 2031 1774 3259 9854 -31510
-606 2233 1741 4561 10301 -32677
-577 2334 1660 4877 9763 -32460
-637 2257 1520 5105 7964 -31209
-881 2107 1147 5812 5809 -29837
-1053 1969 767 6656 4758 -29019
-1172 1902 550 8392 4818 -28103
-1365 1778 385 10179 7297 -27912
-1596 1709 402 11038 9040 -28240
-1616 1691 562 11206 10050 -28406
-1416 1567 870 10667 8953 -27783
-1082 1474 997 9495 4524 -25450
-874 1335 965 8894 214 -22147
-737 1186 833 9340 -1813 -20045
-713 978 496 11250 -3436 -18037
-778 806 265 12934 -3406 -17648
-856 721 184 15438 -2109 -18253
-1007 586 226 16617 -1054 -19313
-1078 625 473 16757 77 -21485
-1229 666 701 15972 -316 -23638
-1206 632 620 15746 -1069 -24256
-1074 561 469 16649 -1875 -23046
-934 493 178 18169 -2028 -21105
-899 451 38 21180 -1877 -17689
-933 463 -18 23851 -1701 -14927
-977 333 113 24908 -1920 -13572
-1118 218 261 25004 -3162 -12753
-1282 226 422 24182 -4360 -13055
-1439 183 513 22202 -5960 -14191
-1608 123 521 20470 -6519 -15165
-1665 -49 370 20127 -6724 -15228
-1698 -165 272 20910 -7721 -14531
-1783 -366 262 22588 -9675 -13404
-1889 -635 434 23644 -11277 -12751
-1963 -811 547 24999 -14225 -12167
-2162 -1113 737 25715 -16490 -12315
-2660 -1355 767 27002 -20537 -15445
-3586 -1445 790 27529 -20553 -18841
-4062 -1437 844 28330 -16860 -24416
-4362 -1342 700 30681 -11392 -27674
-4275 -1411 512 32767 -8417 -27509
-4139 -1429 462 32767 -6229 -23977
-3960 -1449 521 32767 -6119 -20318
-3865 -1300 711 32767 -7440 -14804
-3898 -1256 864 32767 -10950 -10853
-3948 -1151 1058 32767 -15045 -8894
-3850 -1090 1045 32767 -16965 -8133
-3813 -1065 889 32767 -18160 -7377
-3816 -1007 610 32767 -18252 -7114
-3815 -915 320 32767 -18068 -7021
-3779 -848 245 32767 -17144 -6645
-3723 -773 200 32767 -16421 -6190
-3685 -749 212 32767 -15877 -5310
-3667 -616 100 32767 -16092 -4903
-3650 -451 -17 32767 -15879 -4523
-3513 -125 -220 32767 -15065 -4233
-3499 225 -410 32767 -12958 -4023
-3446 458 -490 32537 -11101 -3966
-3376 735 -556 31523 -10233 -3945
-3337 860 -632 29437 -8888 -3816
-3196 1045 -840 27830 -8162 -3648
-3085 1172 -1097 25620 -8777 -3063
-5376 -2218 -7789 -29098 11701 7250
-6174 -2663 -7813 -32768 15990 13182
-6885 -3031 -7071 -32768 23820 23264
-6974 -2992 -5419 -32768 26275 30121
-6935 -2940 -4264 -32768 27250 32767
-7025 -2898 -2800 -32768 28167 32767
-6998 -2985 -1612 -32768 30266 32767
-7101 -3187 -854 -32768 32767 32767
-7378 -3508 641 -32768 32510 32767
-6577 -2936 2667 -32768 32767 32767
-7327 -2518 4177 -32768 32767 32767
-7268 -2181 4579 -32768 32767 32767
-6277 -2476 4641 -32768 32600 32767
-6094 -2609 4258 -29126 29082 32767
-5497 -2718 4490 -21323 24356 32767
-4831 -2736 4761 -14813 16214 32767
-3653 -2627 4964 -13222 12523 32767
-3358 -2705 4587 -11675 10201 32767
-2917 -2840 3599 -8662 10272 32767
-2478 -2905 3048 -2379 14430 32767
-1867 -2756 2773 2001 18047 32767
-1370 -2393 2797 3042 18282 32767
-1048 -2134 2793 2959 18357 32432
-693 -1760 2670 2914 19277 26383
-583 -1426 2539 3363 19262 22633
-532 -1213 2482 4364 18619 17392
-452 -906 2397 5179 19421 12489
-444 -620 2356 5263 20375 9155
-448 -396 2343 4412 20913 3987
-376 -116 2475 3055 21165 649
-325 77 2435 392 21825 -3745
-297 84 2280 -1778 21463 -7194
-275 -6 1886 -2686 20917 -8986
-373 -72 1730 -3901 20750 -11810
-516 -145 1707 -5323 17656 -16076
-906 -63 1286 -5596 12948 -21786
-1012 -33 1167 -5428 12713 -25445
-1204 59 967 -4665 14236 -30226
-1458 235 788 -3732 14658 -32768
-1581 359 632 -1386 15544 -32768
-1718 492 429 586 16486 -32768
-1736 585 399 6114 420 -29993
-1973 991 490 8475 220 -29884
-1956 1077 571 12179 -89 -28561
-1834 1144 848 14227 248 -26908
-1703 1161 1096 16509 366 -23812
-1610 1150 1226 18015 -1136 -20870
-1459 1141 1463 18694 -3125 -19281
-1365 1086 1564 19405 -6963 -17384
-1253 952 1737 19683 -9617 -16355
-1224 880 1711 20230 -14224 -15062
-1259 793 1614 20839 -16417 -14568
-1417 737 1438 22441 -16878 -14650
-1536 714 1281 24702 -15108 -15612
-1660 695 1133 26349 -13791 -16541
-1699 657 1030 28660 -12076 -17905
-1673 663 963 30165 -10752 -18924
-1606 699 1030 30326 -10706 -19373
-1565 753 1118 29181 -11623 -19548
-1544 788 1294 27631 -12693 -19402
-1587 795 1305 25213 -13832 -18992
-1766 764 1151 24393 -13853 -18581
-2056 661 969 24882 -13215 -17791
-2389 599 858 26913 -11926 -17521
-2794 540 808 28580 -10844 -17533
-2929 459 854 30524 -9166 -17055
-2964 328 974 31113 -8685 -16227
-3060 189 993 31247 -10581 -14377
-3131 -121 1024 30924 -12290 -12892
-3275 -299 1065 29954 -15391 -10844
-3804 -490 1065 29045 -18015 -10153
-4196 -669 1079 27381 -21443 -10286
-4548 -823 929 26416 -22384 -10729
-4908 -895 594 25890 -20465 -11927
-5069 -840 346 26682 -14972 -13269
-5120 -616 79 27691 -10850 -13636
-4960 -476 -28 29055 -6351 -12511
-4542 -178 -27 29258 -4976 -10689
-4357 -28 14 28026 -5413 -7327
-4169 227 -90 25753 -7628 -3967
-4029 361 -411 24242 -9401 -1779
-3988 432 -756 22430 -11532 1017
-4002 598 -1369 21423 -12123 2236
-4085 781 -2037 19830 -11430 2885
-4302 785 -2481 18081 -9168 1474
-4898 485 -3284 15805 -6435 -1588
-5203 -19 -4051 13610 -4191 -3107
-5045 -500 -4342 8038 -1277 -1666
-4745 -1238 -4684 2812 -342 1958
-4861 -1839 -4800 -6288 96 8302
-5669 -2677 -5153 -14709 332 11905
-6630 -3543 -5406 -19489 2758 13060
-7067 -3913 -5127 -27486 9089 15018
-7282 -4403 -4239 -32768 10820 20198
-7524 -4959 -3611 -32768 9395 25891
-7752 -5262 -3534 -32768 9729 32767
-7975 -5894 -3246 -32768 13885 32767
-7955 -6379 -2664 -32768 21490 32767
-8162 -7018 -1515 -32768 25834 32767
-8891 -8528 -655 -32136 31857 32767
-7167 -7600 1611 -32768 32767 32767
-7049 -7077 2291 -32768 27441 32767
-6752 -6901 1890 -32768 1426 32767
-5531 -6382 1870 -32768 -4760 32767
-4728 -6065 2095 -32768 -335 32767
-4040 -5730 2491 -32693 2106 32767
-3574 -5445 2700 -25892 3595 32767
-2642 -4974 2731 -17485 10273 32767
-1916 -4467 2662 -11295 18052 32767
-1653 -4233 2714 -2371 26996 32767
-1404 -3828 3025 3946 29454 32767
-1003 -3380 3451 5951 29169 32767
-853 -3050 3602 6263 27026 28542
-786 -2654 3622 5530 24693 26178
-789 -2458 3507 4109 20296 23079
-932 -2254 3238 3018 17063 20005
-1166 -2118 2943 2640 16459 17784
-1274 -2022 2812 2392 16021 14121
-1436 -1810 2683 2074 14789 9946
-1542 -1674 2654 1819 14485 7087
-1614 -1448 2419 1687 14419 3075
-1617 -1161 2248 1628 14491 649
-1539 -968 2134 1471 14097 -2524
-1425 -625 1998 973 12132 -5738
-1484 -259 1899 511 10756 -8286
-1435 -43 1841 194 10315 -12481
-1351 316 1792 431 10485 -15549
-1355 626 1861 1567 11189 -20609
-1201 1135 1610 4778 12114 -25496
-950 1830 1230 7727 12677 -28086
-777 2222 1230 10822 12936 -30070
-678 2596 1493 10907 12988 -30012
-633 2669 1747 9539 12317 -29188
-592 2620 1840 6452 9245 -27434
-657 2437 1665 4759 6649 -26445
-768 2313 1427 3830 4683 -25736
-917 2216 1259 4405 4756 -25972
-985 2085 1185 5287 4864 -26089
-969 2021 1285 6759 5058 -25139
-810 1772 1288 8000 4614 -23551
-790 1623 1202 10370 2842 -20689
-934 1398 1080 12781 2137 -18363
-1013 1271 1065 14171 1858 -17235
-1178 1029 936 16081 431 -16548
-1274 974 878 17085 -136 -16639
-1230 844 795 18115 367 -16874
-1157 752 752 18608 579 -16698
-1070 653 721 18613 84 -16229
-934 475 664 18497 -861 -15426
-858 326 573 18201 -2540 -14252
-845 250 497 18085 -3820 -13468
-840 149 500 17907 -4234 -13245
-897 77 491 17598 -5627 -12994
-971 12 411 17604 -7663 -12889
-1100 -1 362 17735 -7964 -13013
-1225 -33 307 18248 -7418 -13428
-1389 -70 268 18769 -6680 -13790
-1433 -121 313 19552 -5915 -14102
-1495 -205 382 20132 -5958 -14267
-1594 -426 480 21061 -6600 -14508
-1728 -592 532 22186 -7623 -14926
-1991 -834 579 23088 -8333 -15476
-2160 -976 584 24670 -9291 -16591
-2335 -1169 595 26317 -10260 -17674
-2570 -1355 710 27374 -11831 -18854
-2924 -1441 835 27645 -13122 -19829
-3203 -1500 892 27750 -14740 -21386
-3624 -1527 896 27948 -15273 -22250
-3928 -1534 780 29189 -14446 -22786
-4032 -1495 675 31874 -11615 -22016
-4061 -1452 524 32767 -9603 -20713
-4033 -1400 491 32767 -8218 -17973
-3955 -1255 572 32767 -8791 -15911
-3918 -1166 651 32767 -10518 -12672
-3921 -1053 763 32767 -12458 -9868
-3859 -933 750 32767 -13767 -8337
-3793 -876 682 32767 -15644 -6323
-3759 -826 507 32767 -16864 -5241
-3769 -721 393 32767 -17743 -4133
-3788 -577 203 32284 -16926 -3241
-3753 -472 135 31965 -15733 -2567
-3724 -451 67 31916 -14941 -1945
-3750 -556 24 32031 -14980 -1600
-3804 -391 -167 32312 -15534 -2466
-3815 -124 -362 32489 -15360 -3513
-3712 304 -587 32232 -13482 -4963
-3548 675 -797 31057 -11177 -6040
-3401 959 -952 29695 -10125 -6548
-3246 1070 -1089 27001 -9749 -6553
-3023 1154 -1375 25055 -10214 -5925
-3002 1238 -1596 22032 -11914 -4702
-3125 1306 -2062 20188 -13005 -3958
-3175 1263 -2440 17594 -12687 -2867
-3333 1126 -3025 14914 -10896 -2052
-3611 734 -3923 13011 -10713 -1520
-3841 375 -4543 8575 -10916 -125
-4344 -136 -5324 3716 -8869 1708
-4872 -536 -5801 -5818 -1217 6393
-5688 -1093 -6556 -14879 8919 13960
-6896 -1540 -6928 -22389 19571 22059
-7711 -1549 -6184 -28151 25908 27334
-7437 -1512 -5251 -32768 32767 32767
-7079 -1318 -3543 -32768 32767 32767
-6749 -1202 -1784 -32768 32767 32767
-6523 -1258 -664 -32768 32767 32767
-6449 -1369 536 -32768 32767 32767
-5844 -2573 1223 -32768 32767 32767
-7105 -471 1464 -32768 32767 32767
-6139 285 4476 -30008 32767 32767
-5630 596 5335 -24157 32767 32767
-5676 415 5320 -14796 32767 32767
-5539 -65 5410 -7132 32767 32767
-5234 -737 5276 -3262 32767 32767
-4858 -1048 5232 -453 32767 32767
-4031 -1361 5170 -1478 32767 32767
-3236 -1562 5016 -3735 28006 32767
-2798 -1616 4781 -7410 19359 32767
-2117 -1839 4003 -7597 14817 32767
-1553 -2013 3095 -5374 13868 32767
-1335 -1928 2722 -1664 14238 28240
-921 -1588 2556 -676 16445 16306
-618 -1317 2606 -1816 18033 8727
-281 -904 2579 -4377 20897 -684
-89 -522 2286 -4976 22902 -4755
-7 -415 2100 -3412 24765 -7397
-170 -138 2018 -1348 24246 -8269
-340 172 2289 -1167 23190 -8724
-333 346 2502 -3982 20687 -9756
-318 520 2704 -7210 18614 -10794
-333 542 2527 -11742 15520 -13096
-475 466 2034 -14155 13046 -16333
-669 368 1490 -14218 12768 -18568
-755 298 1158 -12037 13682 -21551
-982 231 776 -8466 14190 -24399
-1292 286 658 -6151 14069 -26610
-1468 372 568 -3104 12737 -30133
-1672 502 433 -704 11076 -32768
-1895 639 405 334 10504 -32768
-1969 729 369 1218 9738 -32768
-1991 750 301 1643 8369 -32768
-1991 662 225 1804 7060 -32768
-1981 652 142 2252 5030 -32768
-1947 635 1 2810 3741 -32553
-1937 596 -53 4097 2282 -30365
-1955 626 -104 5223 1268 -29313
-1977 654 13 6632 -247 -28406
-2008 689 88 7717 -1211 -28178
-2044 776 196 8371 -1818 -28137
-2072 798 286 9370 -2734 -27750
-2101 818 369 10467 -3277 -26713
-2086 889 423 11452 -4054 -25504
-2047 952 465 13372 -5437 -22907
-2018 1011 577 15453 -6292 -20012
-2079 1067 652 16819 -6525 -18287
-2047 1049 738 18258 -6861 -16156
-1913 1132 808 18822 -7505 -15165
-1864 1196 806 19255 -8834 -14144
-1609 1221 877 19214 -8971 -12895
-1383 1233 938 19062 -8718 -11809
-1326 1202 978 18776 -9617 -10197
-1354 1244 1080 18334 -12030 -9587
-1476 1235 1038 18138 -13425 -9827
-1542 1278 904 18490 -14141 -10782
-1621 1346 677 19099 -13713 -11538
-1680 1444 617 19819 -12415 -12623
-1684 1562 705 19701 -11155 -13141
-1556 1622 841 18591 -9215 -13197
-1428 1573 918 17037 -8959 -12148
-1324 1437 950 16250 -9955 -10987
-1275 1356 993 15750 -11716 -8930
-1297 1208 977 16050 -12925 -7642
-1317 1148 1006 17070 -14186 -5973
-1408 957 1121 18174 -15291 -4963
-1588 794 1219 18850 -16291 -4928
-1744 616 1258 19797 -17381 -5690
-1988 352 1262 20450 -17643 -6610
-2251 227 1272 21325 -17396 -8751
-2670 -5 1316 22188 -16449 -10970
-3108 -294 1385 22804 -15888 -12225
-3435 -398 1420 23868 -15437 -14077
-3823 -429 1342 24754 -15158 -15027
-3932 -511 1186 26611 -14381 -15252
-4045 -660 1034 27740 -13519 -14671
-4074 -640 1005 28513 -12128 -13080
-4135 -608 974 28096 -11149 -11436
-4236 -451 872 27551 -10422 -10558
-4312 -373 670 27191 -9719 -9487
-4307 -202 336 27370 -9905 -8320
-4112 -65 22 27519 -10347 -7155
-3898 8 -156 27265 -10761 -4873
-3595 74 -476 26701 -11105 -3211
-3578 100 -739 25199 -11465 -1634
-3870 135 -1165 23797 -11041 -1829
-4075 63 -1824 21330 -9642 -3197
-4075 -39 -2199 17695 -8032 -4525
-3911 -244 -2862 14370 -7782 -4913
-3806 -487 -3371 8850 -8022 -4506
-3945 -1069 -4539 4640 -6038 -3001
-4648 -1805 -5385 2437 -2051 -1888
-5299 -2342 -5660 -1186 4686 -264
-6104 -3218 -5676 -7314 9320 2524
-6682 -3966 -5396 -13190 12659 5851
-6779 -4344 -5191 -23630 17862 13686
-6749 -4733 -4570 -31267 19904 20080
-6978 -4153 3264 -32768 24325 32767
-6446 -4042 3254 -32768 18373 32767
-5503 -3605 3907 -30698 18098 32767
-4909 -3446 4205 -28671 15676 32767
-3919 -3302 4034 -25975 14929 32767
-3320 -3270 3807 -19413 17442 32767
-2660 -3229 3499 -14020 19569 32767
-2306 -3143 3395 -5963 21406 32767
-1851 -2988 3452 126 23344 32767
-1492 -2823 3637 2547 24448 32767
-1305 -2701 3645 4373 23914 26817
-1188 -2505 3567 4813 22327 22860
-1043 -2213 3452 4586 20246 17968
-961 -1937 3307 4041 19224 15400
-902 -1772 3181 2896 17135 12151
-827 -1541 2971 1965 15503 10282
-743 -1397 2823 295 13838 8051
-700 -1245 2696 -1081 13077 6610
-720 -1149 2700 -3524 11120 4116
-869 -995 2662 -5954 8223 460
-1122 -636 2534 -7163 6706 -2671
-1143 -355 2452 -7938 6984 -7590
-1218 102 2335 -7671 8523 -10895
-1158 342 2197 -5969 10342 -15134
-1081 721 1992 -4250 11170 -17400
-945 1193 1904 -1884 12798 -19766
-833 1457 1968 -809 13809 -20782
-725 1837 1926 -806 12897 -20946
-721 1981 1803 -1314 10063 -20771
-732 1952 1735 -2071 7302 -20306
-809 1841 1553 -2081 5095 -20258
-970 1782 1123 -745 2859 -20843
-1081 1673 767 965 3074 -21571
-1059 1680 616 3985 5483 -22745
-1025 1612 525 5871 7530 -23457
-982 1557 538 7731 9837 -24338
-933 1559 683 8131 10553 -24805
-875 1509 728 7822 10022 -24982
-735 1367 793 7240 8961 -24555
-568 1205 915 6051 7009 -23030
-514 1043 912 5169 6335 -21098
-445 915 871 4996 6049 -19188
-502 805 497 5844 3789 -17896
-670 553 140 8710 -198 -16480
-726 550 75 12343 -1159 -15854
-914 554 -21 14875 -251 -16036
-1042 550 -47 18111 2099 -16968
-1048 581 248 19702 4553 -17704
-1041 508 361 20038 5379 -17931
-1033 523 387 19908 4983 -17976
-984 520 438 19508 3819 -17767
-938 446 413 18742 915 -17004
-925 334 341 18184 -284 -16387
-985 296 506 16912 -2300 -15375
-1138 206 439 15877 -5253 -14708
-1349 96 482 15432 -7231 -14576
-1456 16 507 15439 -9140 -14654
-1558 -167 420 16685 -10129 -14778
-1656 -327 366 18148 -10149 -14996
-1811 -551 372 20835 -9573 -15857
-2129 -720 451 22602 -9486 -17087
-2408 -856 495 25119 -10413 -19831
-2726 -1064 587 26574 -11052 -21929
-2972 -1326 724 28359 -11043 -24873
-3107 -1479 794 29836 -10041 -26931
-3333 -1593 825 31687 -8726 -28185
-3720 -1634 693 32767 -7703 -28833
-3962 -1632 640 32767 -5491 -29336
-4267 -1570 669 32767 -4290 -28607
-4408 -1588 756 32767 -5025 -26931
-4395 -1608 770 32767 -6702 -22629
-4270 -1588 770 32767 -6721 -18966
-4177 -1468 786 32767 -5210 -13407
-4103 -1302 835 32767 -4842 -10309
-4103 -1198 828 32767 -7588 -6981
-4019 -1036 763 32767 -12809 -4845
-4007 -898 612 32767 -15650 -3836
-4040 -813 443 32767 -17396 -2614
-4134 -696 188 32767 -17018 -1907
-4148 -615 37 32767 -15954 -726
-4177 -711 -182 32767 -15679 82
-4206 -736 -352 32767 -16078 918
-4205 -541 -647 32767 -16099 1014
-4169 -334 -868 32767 -15067 615
-4032 -171 -1269 32767 -13929 286
-3906 -131 -1595 32767 -12796 -27
-3729 -172 -2284 32767 -13358 28
-3631 -378 -2828 32465 -16127 986
-3623 -634 -3876 24631 -18075 2948
-3739 -1083 -5140 13678 -18197 6358
-4185 -1336 -6196 5599 -15837 9120
-5297 -1887 -7629 -5429 -6797 13813
-7013 -2144 -8850 -11166 2728 16737
-8565 -2219 -8848 -19604 19692 19884
-9117 -2093 -7818 -26657 30955 23688
-8663 -1886 -6633 -32768 32767 32767
-8038 -1472 -4672 -32768 32767 32767
-7753 -1197 -2740 -32768 32767 32767
-7584 -1222 -1276 -32768 32767 32767
-7162 -1216 1278 -32768 32767 32767
-6339 -20 3264 -32768 32767 32767
-5178 -693 5666 -32768 32767 32767
-4565 -395 5808 -32768 32767 32767
-4226 -492 5890 -32768 32767 32767
-3976 -1092 5577 -30891 32279 32767
-3824 -1698 5303 -21131 31883 32767
-3717 -1915 5080 -10281 32305 32767
-3344 -2055 4891 -6500 32638 32767
-2738 -2187 4629 -4515 32075 32767
-2295 -2331 4355 -3489 30568 32767
-1716 -2361 3878 -1791 27992 32767
-1312 -2241 3532 -750 24466 32767
-949 -2050 3535 -791 16846 32767
-956 -1832 3338 -1818 8626 32767
-608 87 2097 -1747 14131 -5097
-561 78 1786 -3950 14283 -5147
-709 -12 1396 -4945 15175 -6457
-951 -17 1056 -5592 16258 -10367
-1035 -13 856 -5344 17488 -15417
-1697 571 413 2921 4796 -28705
-1788 511 385 5312 4116 -28758
-1845 504 432 6518 3711 -29509
-1804 565 611 7280 2972 -31170
-1810 599 833 7107 1958 -32740
-1814 630 1009 6940 729 -32768
-1874 684 989 7428 -1915 -32768
-1912 751 926 9035 -3880 -32316
-1886 722 916 10635 -4734 -30896
-1913 790 918 13491 -6315 -28533
-1912 873 961 16467 -7599 -26344
-1959 941 994 18411 -7767 -25099
-2061 974 988 21481 -6605 -23899
-2194 959 894 23731 -5581 -23437
-2180 974 865 27065 -3897 -22820
-2080 1032 858 29757 -2506 -21957
-2006 1010 955 30735 -3047 -20988
-1980 988 1059 30841 -5693 -18912
-1907 926 1066 29871 -9777 -16117
-1855 855 1126 28725 -12107 -14152
-1825 779 1109 26663 -15545 -11805
-1832 872 991 25164 -17618 -10888
-1837 929 903 22893 -18854 -10522
-1832 1083 868 20779 -17946 -11283
-1891 1214 851 19745 -17137 -12294
-1893 1226 833 19222 -15834 -13984
-1842 1217 774 19712 -14452 -14699
-1835 1206 751 21656 -11796 -14835
-1905 1163 744 23436 -10020 -14386
-1970 1099 796 26173 -8458 -13044
-2046 997 874 27769 -8384 -11763
-2066 875 951 29450 -8940 -9422
-2137 694 988 30446 -10057 -7120
-2259 446 922 30898 -10810 -5897
-2382 223 856 31512 -11292 -4665
-2523 -61 819 31636 -11623 -4488
-3020 -316 873 30777 -12668 -5953
-3429 -411 840 29572 -12813 -7963
-3811 -358 830 27273 -10574 -10766
-3918 -347 719 26118 -8137 -11499
-3875 -149 -314 18052 -7135 -2990
-3900 -136 -634 17655 -5435 -3269
-3784 -76 -791 16227 -3847 -2992
-3504 112 -1157 14634 -3883 -2311
-3359 222 -1474 11494 -4591 -1134
-3486 242 -2112 7773 -5860 -1101
-3767 73 -2938 5317 -6455 -1693
-3974 -345 -3673 2154 -6269 -2339
-4484 -1258 -4653 263 -4847 -2226
-4915 -1946 -5379 -2233 -395 -919
-5698 -3036 -6417 -5525 6323 1776
-6558 -3929 -6686 -10043 11406 4271
-7221 -4489 -6281 -22259 17203 9505
-8082 -5187 -5391 -32768 19893 18822
-8146 -5821 -4549 -32768 20353 28469
-7955 -6066 -4011 -32768 18592 32767
-8399 -6296 -2961 -32768 18218 32767
-8850 -6459 -2103 -32768 19459 32767
-8906 -6552 -632 -32768 19515 32767
-8309 -6533 660 -32768 18072 32767
-7732 -6376 1420 -32768 5220 32767
-6396 -5730 3161 -32768 32767 32767
-7244 -5002 3431 -32768 32767 32767
-7612 -4971 3160 -24161 32767 32767
-7795 -4242 3101 -1139 32767 32767
-7613 -3365 4127 9972 32767 32767
-7091 -2950 5035 15012 32767 32767
-5924 -2421 5596 10146 32767 32767
-5099 -2231 5475 4815 32767 32767
-4740 -2332 4882 -1287 32767 32767
-3919 -2458 3920 -3311 32767 32767
-3145 -2519 3543 -5222 30844 32767
-2605 -2395 3496 -7478 25297 32767
-2130 -2340 3459 -11404 17140 28064
-1530 -2251 3195 -13490 12871 25281
-1257 -2199 2984 -15153 7412 21802
-1060 -2066 2651 -15088 4366 18712
-1046 -1868 2412 -14499 4233 16470
-1088 -1683 2368 -13726 5165 12127
-1075 -1307 2459 -13843 5350 8813
-964 -1096 2566 -14902 4612 4092
-766 -785 2586 -15763 3548 1256
-693 -647 2552 -16516 1067 -2601
-594 -493 2485 -16122 -949 -6303
-802 -194 2448 -15247 -1883 -9603
-951 33 2340 -12746 -2495 -15807
-1175 412 1967 -10066 -1388 -20371
-1198 680 1808 -5053 4249 -26679
-1047 1158 1864 116 10009 -31104
-911 1616 1926 3105 11238 -32768
-789 1889 1986 6155 10258 -32768
-674 2176 2004 7225 6966 -32617
-666 2346 2067 6743 4475 -31277
-786 2376 2008 5193 1104 -29274
-1016 2335 1634 4399 -399 -28309
-1080 2292 1349 4261 -1493 -27092
-1179 2162 890 5513 -898 -26344
-1309 1946 481 6946 243 -26145
-1306 1810 319 9005 2282 -25642
-1219 1692 307 9826 3075 -24916
-1098 1586 360 10007 2776 -23012
-888 1416 437 9465 1684 -21310
-770 1284 549 7962 -1040 -18682
-630 1151 584 6960 -3402 -17125
-537 1078 639 5992 -6511 -15186
-502 924 488 6711 -8279 -14021
-564 796 341 8080 -8212 -13790
-673 668 268 11196 -7097 -14442
-868 619 66 13836 -6230 -15625
-974 590 9 17945 -4012 -17984
-1000 542 2 21342 -784 -19780
-924 510 162 22719 415 -20109
-861 490 343 23159 -270 -19346
-866 497 557 22599 -2227 -18363
-890 435 637 20984 -6191 -16450
-1041 323 656 19875 -8643 -15152
-1229 216 576 19015 -11038 -13736
-1495 105 405 19177 -11639 -13268
-1655 -20 342 20213 -11734 -13228
-1890 -220 307 21144 -11756 -13662
-2015 -344 344 22292 -11986 -14873
-2134 -540 485 22727 -12417 -15909
-2199 -644 550 22989 -13369 -17592
-2275 -874 686 23130 -15466 -18922
-2502 -1078 693 23414 -17441 -19764
-2701 -1182 721 24021 -19502 -21140
-3112 -1307 747 24483 -20335 -22216
-3396 -1329 712 25575 -20308 -23835
-3651 -1351 638 26723 -19207 -24643
-3827 -1311 513 29244 -16655 -25320
-3858 -1297 467 32229 -13879 -25293
-3877 -1193 468 32767 -12396 -24708
-3775 -1105 525 32767 -11928 -23827
-3618 -1023 574 32767 -12036 -21491
-3386 -926 636 32767 -13245 -19422
-3268 -835 670 32767 -16158 -16105
-3230 -715 673 32767 -18148 -14172
-3336 -642 634 32162 -20423 -12293
-3502 -504 586 30889 -20496 -11609
-3587 -449 483 29738 -19370 -10984
-3721 -391 390 29718 -17905 -10455
-3888 -277 343 30482 -16506 -9983
-4107 -77 274 31343 -15591 -9789
-4246 117 236 32767 -14168 -9567
-4324 337 115 32767 -12508 -8750
-4333 436 -118 32767 -11316 -7819
-4347 479 -277 32767 -10054 -6192
-4349 555 -484 32767 -9583 -4651
-4197 722 -692 32767 -9362 -3650
-4124 832 -886 32767 -9203 -2593
-4002 1016 -1256 31148 -9698 -2890
-3935 1074 -1652 28265 -8432 -2156
-3788 1107 -2496 25332 -8400 -2313
-3814 1075 -3253 20597 -9450 -2925
-3970 1050 -4475 16659 -9622 -3525
-4141 902 -5370 9333 -7149 -3403
-4780 476 -6487 -722 -983 -1440
-5640 -8 -7259 -8707 4441 926
-6529 -413 -7708 -20555 12055 5222
-7445 -966 -8044 -27311 16863 10062
-7413 -1293 -7711 -32768 23800 22400
-7495 -1553 -6296 -32768 26768 31867
-7692 -1657 -4988 -32768 27990 32767
-8200 -1793 -3531 -32768 30878 32767
-8323 -2178 -2138 -32768 32767 32767
-8201 -2480 -954 -32768 32767 32767
-7684 -2959 1238 -32768 32767 32767
-6202 -2442 3131 -32768 32767 32767
-5883 -3486 4528 -32768 31875 32767
-5419 -2992 5588 -32768 16385 32767
-4048 -3112 5276 -32768 3155 32767
-3345 -3348 4717 -32768 6997 32767
-2833 -3627 4229 -23272 10294 32767
-2550 -3830 4176 -8267 13984 32767
-1862 -4056 4059 2229 19723 32767
-1119 -4123 3780 7180 23834 32767
-859 -3993 3624 11627 26787 32767
-535 -3561 3841 12033 26319 31133
-418 -3216 4095 9317 21107 26940
-430 -2650 4098 6261 13859 24545
-442 -2133 3683 5556 11321 23457
-557 -1783 3335 6495 10369 20988
-642 -1340 3080 7605 11531 18615
-601 -1019 2989 8492 14434 14309
-589 -550 2876 8016 18009 9623
-408 -317 2801 7154 20232 7109
-317 -16 2615 5689 22535 4076
-165 283 2748 4164 23737 2638
-73 473 2739 1590 23234 1455
40 623 2584 101 21394 1057
-67 600 2470 -1745 17677 -88
-378 509 2183 -2570 16343 -1792
-577 486 2026 -3401 17112 -5808
-911 521 1773 -3727 17953 -9135
-1027 569 1595 -3965 18661 -13983
-1075 638 1446 -4166 19103 -16661
-1087 731 1233 -4331 18920 -19774
-1148 787 1077 -4133 17339 -22049
-1267 832 887 -3495 15323 -23484
-1328 882 790 -2980 14154 -23818
-1368 892 714 -2144 12432 -23367
-1340 840 672 -1676 11160 -22573
-1307 805 631 -1060 8558 -21366
-1286 787 547 -614 5991 -20831
-1300 705 563 -397 4363 -21051
-1335 768 497 177 2176 -22272
-1272 721 468 697 1737 -23271
-1220 701 446 1767 2345 -24562
-1247 667 385 3333 3268 -25693
-1293 717 438 4429 3923 -26294
-1397 1025 1413 12840 -11777 -9974
-1477 1040 1353 11481 -13860 -8322
-1512 1027 1251 11090 -13715 -8116
-1486 1024 1181 11313 -12831 -8621
-1398 991 1108 11904 -12058 -9312
-1360 965 1025 13476 -10952 -10736
-1314 927 919 15562 -10016 -12671
-1305 1030 791 17071 -10015 -14136
-1294 1121 716 19225 -10164 -15857
-1095 1075 852 20343 -8102 -16330
-946 1017 1063 20429 -6152 -16191
-908 989 1172 19907 -4880 -16105
-943 898 1343 19305 -5562 -16294
-1056 823 1398 18721 -8416 -16869
-1234 713 1316 19347 -11615 -17448
-1500 574 1201 20488 -12854 -17772
-1751 581 1088 23076 -12664 -18331
-1991 554 1074 25889 -9746 -18336
-2089 501 1183 27484 -7438 -17811
-2108 474 1323 29288 -5594 -16324
-2188 350 1537 30231 -6925 -14594
-2564 249 1565 30889 -8733 -13813
-2916 180 1612 32121 -10486 -13435
-3529 100 1627 32767 -10943 -13757
-3988 55 1699 32767 -12126 -14822
-4442 145 1597 32767 -13625 -15429
-4623 96 1311 32767 -13678 -14771
-4606 -94 975 32767 -12496 -11393
-4669 -430 696 32767 -11362 -8466
-4934 -498 557 32767 -11882 -5555
-5318 -643 237 32767 -13909 -4946
-5459 -690 -98 32767 -16149 -5461
-5559 -732 -736 32767 -15219 -6445
-5665 -911 -1859 31013 -13435 -7019
-5569 -1025 -2702 28251 -11018 -7214
-5174 -1221 -3945 23827 -11608 -5811
-4989 -1673 -5577 19862 -13412 -3495
-5309 -2385 -6894 12806 -12828 1018
-6753 -3886 -8444 6454 -8054 3152
-8006 -4826 -9338 -6021 2801 5284
-9094 -5760 -9567 -16577 11784 9114
-8637 -6308 -8963 -32768 21086 23697
-7656 -6664 -7262 -32768 15505 32767
-8209 -6877 -6025 -32768 9861 32767
-9112 -7028 -5404 -32768 13594 32767
-9453 -7446 -3802 -32768 22968 32767
-9419 -7669 -2439 -32768 32767 32767
-6368 -10113 -320 -32768 32767 32767
-8850 -7306 3210 -32768 32767 32767
-9098 -5929 3003 -32768 32767 32767
-8693 -5525 3467 -31773 32767 32767
-7998 -5425 3881 -23402 32767 32767
-7416 -5125 4118 -15631 32767 32767
-6022 -4828 4868 -16490 32767 32767
-4511 -4278 5468 -20977 30980 32767
-3622 -3952 5455 -27473 20164 32767
-2508 -3694 4653 -27223 11874 32767
-1776 -3438 3579 -23146 10943 32767
-1445 -3291 3101 -14746 14177 32767
-1164 -3061 2924 -7988 17507 31766
-1025 -2793 3021 -5330 18414 26205
-965 -2696 3002 -3362 19066 19084
-964 -2410 2839 -2766 19626 15338
-1105 -2193 2729 -2355 20288 10515
-1452 -1890 2523 -2125 20200 7445
-1505 -1722 2466 -2141 17427 4106
-1373 -1407 2280 -2457 14300 3041
-1278 -1211 2261 -3772 10159 2303
-1384 -964 2144 -5256 6746 850
-1569 -746 1840 -5684 5582 -844
-1597 -567 1650 -5301 6228 -4126
-1694 -321 1578 -4743 7239 -6820
-1805 99 1561 -3917 8143 -11390
-1784 383 1576 -3215 9704 -15729
-1753 778 1604 -2697 11121 -18339
-1729 1032 1544 -1300 12189 -21810
-1599 1428 1354 206 11601 -23791
-1434 1785 1310 2460 8759 -25847
-1087 2188 1343 3485 5566 -26073
-843 2415 1448 3290 4512 -25406
-814 2446 1544 2070 4072 -24317
-897 2373 1528 881 2898 -23793
-935 2176 1451 457 2272 -23589
-934 2070 1474 389 1538 -23365
-952 2006 1484 824 1002 -23338
-1019 1840 1269 2829 679 -23371
-1159 1737 1117 5126 1358 -23719
-1359 1659 810 9860 3925 -24257
-1343 1505 589 13338 5778 -23952
-1203 1448 569 17386 7297 -22161
-994 1302 676 18757 7285 -20344
-912 1225 755 18614 4909 -17656
-763 1058 873 17257 2119 -16142
-642 883 924 14204 -2033 -14555
-569 816 860 11291 -4859 -13782
-502 658 755 9689 -6047 -13635
-555 497 559 9744 -6526 -13902
-710 399 279 11676 -7307 -15006
-847 376 155 15066 -7156 -16656
-1005 312 44 17637 -5810 -17743
-1073 315 10 21179 -2276 -18754
-1073 264 52 23722 728 -18501
-1096 237 253 24492 1655 -17873
-1126 194 490 23884 -82 -16458
-1194 62 731 22672 -3301 -15335
-1268 -11 821 20505 -8413 -13743
-1481 -157 782 19138 -11862 -12466
-1752 -399 666 19208 -12843 -11955
-1949 -566 637 20625 -13437 -12064
-2294 -781 578 22273 -13941 -12825
-2522 -1061 615 25174 -14277 -14421
-2607 -1216 680 27787 -14587 -16101
-2760 -1433 801 29168 -15306 -17313
-2846 -1518 932 30464 -16439 -19244
-3074 -1728 1172 30963 -17976 -21460
-3616 -1766 1434 31177 -18624 -23157
-4030 -1793 1499 32534 -18689 -25204
-4452 -1792 1363 32767 -17466 -25371
-4619 -1808 1236 32767 -16568 -24216
-4676 -1786 1138 32767 -15737 -21039
-4682 -1677 1166 32767 -14992 -18320
-4610 -1533 1278 32767 -14948 -13923
-4483 -1310 1386 32767 -18212 -10038
-4353 -1063 1295 32767 -21855 -8014
-4448 -887 1043 32767 -25542 -6185
-4527 -893 812 32767 -26398 -5270
-4673 -859 316 32767 -26882 -4979
-4784 -770 -312 32767 -28412 -4950
-4787 -675 -754 32767 -29391 -4922
-4838 -701 -1502 32767 -28438 -4698
-5059 -836 -2420 32767 -26624 -4786
-5274 -914 -3300 32767 -24931 -5227
-5687 -875 -4860 28233 -23927 -5146
-5935 -808 -5648 17074 -18388 -3026
-6257 -676 -6571 3301 -10124 3437
-6988 -550 -7774 -4500 -4552 9519
-8110 -474 -8356 -12148 7949 17492
-9125 -110 -8507 -18692 23773 23628
-8798 421 -7612 -24916 32767 27488
-8040 555 -6713 -32768 32767 32767
-6850 714 -5014 -32768 32767 32767
-6030 553 -2679 -32768 32767 32767
-5674 262 -942 -32768 32767 32767
-3393 -74 -1518 -32768 32767 32767
-4553 -362 3780 -32768 32767 32767
-4280 145 4464 -32768 32767 32767
-3948 85 4732 -32768 32767 32767
-3813 -347 5078 -32768 32767 32767
-4082 -813 4830 -27868 32767 32767
-3925 -1290 4725 -16037 32767 32767
-3209 -1861 4543 -10223 31532 32767
-2623 -2084 4085 -5036 30933 32767
-2212 -2171 3939 -3346 27498 32767
-1554 -2302 3823 -3592 24189 32767
-1248 -2393 3665 -4558 17923 32767
-881 -2448 3144 -4195 12145 32767
-685 -2325 2462 -2730 10374 31030
-644 -2167 2125 428 10801 25233
-588 -1859 1974 2709 11769 19604
-454 -1374 2192 2931 12235 15866
-392 -998 2223 1810 10852 10436
-323 -486 2246 503 9470 6961
-297 -156 2237 -1682 8936 1977
-324 305 2195 -3667 9404 -2918
-357 669 2081 -4451 10710 -5886
-449 867 2019 -4788 14581 -9544
-539 1091 2098 -4688 16843 -11276
-632 1211 2297 -5133 16420 -13372
-758 1594 2498 -6348 13059 -15134
-782 1747 2455 -6962 11404 -16013
-764 1680 2189 -6716 10452 -16912
-819 1441 1788 -6004 10640 -17618
-885 1160 1573 -4963 10802 -19171
-924 968 1532 -4838 10706 -21266
-1083 895 1500 -5129 10621 -22903
-1289 727 1415 -5306 10995 -25221
-1442 706 1262 -4437 11097 -27444
-1712 657 913 -2844 10258 -28921
-1799 669 615 1013 8333 -30438
-1713 608 398 5390 7453 -30367
-1562 566 316 8879 6851 -29114
-1508 491 467 10266 5904 -28033
-1481 443 559 10649 2990 -26641
-1427 347 675 10110 626 -25920
-1483 335 731 8622 -3020 -25492
-1509 270 759 7202 -6489 -25510
-1599 217 631 6767 -8229 -25598
-1653 185 527 7419 -9459 -25610
-1783 201 369 8544 -9800 -25563
-1833 201 366 10745 -9574 -25295
-1912 211 390 12376 -9561 -24941
-1939 271 464 14715 -9904 -24196
-1897 301 523 16703 -10367 -23181
-1889 407 635 17771 -10800 -22593
-1883 500 671 19141 -11045 -22007
-1898 581 639 20617 -9689 -21584
-1925 671 635 21629 -7798 -21343
-1934 706 658 23035 -5628 -20765
-1970 748 772 23785 -5559 -19638
-1998 744 956 23857 -6604 -18404
-1951 754 995 23560 -9731 -15879
-1861 788 1109 22535 -13394 -13021
-1764 805 1199 21544 -15421 -11290
-1725 815 1193 20110 -17931 -9536
-1693 812 1064 19389 -19509 -9253
-1676 791 832 19366 -20294 -9857
-1690 815 681 20007 -19831 -11852
-1721 903 499 21391 -16331 -14440
-1737 981 439 22524 -13597 -15886
-1746 1020 462 23984 -10300 -17123
-1762 1082 672 24586 -8716 -17003
-1783 1058 819 24384 -8887 -16134
-1848 1012 971 23866 -9808 -14817
-1906 984 1058 22833 -11507 -12431
-2059 911 1101 22322 -12601 -10838
-2394 863 1131 22110 -13383 -9037
-2660 843 1087 22967 -12594 -8131
-3042 715 1004 24075 -11456 -8039
-3362 683 837 26444 -10292 -9052
-3768 825 692 27873 -9277 -10214
-3989 1045 714 28838 -7263 -11455
-4153 1030 701 28188 -6826 -11410
-4448 853 621 27068 -7987 -10837
-4810 619 326 24674 -10936 -9573
-4974 440 -3 22262 -12875 -8268
-4994 429 -699 21058 -12644 -7603
-5006 556 -1313 20572 -9700 -7526
-4979 1023 -2427 21593 -5876 -8799
-5099 1289 -3348 22617 -1513 -10641
-5258 922 -4201 22611 1358 -11455
-5548 349 -4571 19567 4107 -11283
-5984 -965 -5055 14701 3490 -9583
-6208 -2332 -5587 3676 -2038 -2834
-7104 -4281 -6683 -4944 -5919 3845
-8015 -5167 -7414 -18420 -2394 14530
-8784 -6115 -7566 -28282 5974 22274
-8677 -6623 -6880 -32768 15318 32767
-8046 -7319 -5338 -32768 13577 32767
-8080 -7750 -4247 -32768 12423 32767
-9007 -8168 -3353 -32768 21148 32767
-9437 -8353 -2343 -32768 32767 32767
-9506 -8262 -1110 -32768 32767 32767
-8779 -7250 671 -32768 32767 32767
-8288 -8161 3240 -32768 29211 32767
-7171 -7483 3556 -32768 4995 32767
-5539 -7110 3942 -32768 -9302 32767
-3461 -6487 4081 -32768 -9577 32767
-2261 -6031 3305 -32768 -11349 32767
-1883 -5816 2498 -32768 -7381 32767
-1237 -5869 1957 -25674 3099 32767
-842 -5758 2039 -13343 20624 32767
-470 -5140 2667 -6030 28983 23014
-47 -4245 3215 -3418 30104 15946
-106 -3592 3411 -1640 29994 10242
-641 -2974 3614 -1299 29102 8420
-1104 -2664 3560 -986 26080 7182
-1697 -2241 3344 -592 24811 7015
-1973 -1903 2998 383 24542 7721
-2012 -1736 2862 1395 23763 8918
-2079 -1564 2665 1910 22493 9179
-2110 -1360 2611 1961 22055 8840
-2160 -1206 2615 1389 22673 7135
-2218 -956 2475 1117 23565 4447
-2212 -714 2376 1250 24388 2501
-2331 -544 2266 2171 26228 -810
-2568 -258 2059 3259 28571 -3035
-2699 -121 2002 4875 32767 -5872
-2925 95 1924 6119 32767 -7814
-3013 384 1786 6762 32767 -8520
-3022 582 1714 7658 32767 -8542
-2716 902 1788 7968 32767 -7450
-2371 1151 1938 7464 28909 -4492
-2077 1592 1986 6537 18318 -1592
-1580 2057 1663 6395 10044 224
-1236 2341 1415 7508 -1590 2517
-844 2522 977 9276 -7248 3619
-564 2479 895 12634 -12193 4896
-305 2255 766 16157 -13496 5207
-147 2095 783 17846 -12263 4576
-39 2047 999 18096 -8287 2207
74 1995 1180 16693 -5572 -319
54 1912 1105 13364 -4903 -5451
-126 1592 895 10786 -7017 -9590
-411 1386 965 6163 -12395 -15819
0 875 1203 2880 -17220 -18660
277 992 1510 -1816 -21372 -22018
142 1042 1714 -6938 -20196 -24633
-279 663 1643 -9383 -17670 -26528
-532 251 714 -9085 -13489 -28837
-680 161 45 -4746 -4553 -32768
-1220 21 -232 1328 6115 -32768
-1484 323 -26 5272 12349 -32768
-1954 828 87 11967 16518 -32768
-770 541 -410 17489 15675 -32768
-756 230 -277 24977 11205 -32768
-697 101 -155 30345 6839 -29960
-698 189 47 32549 6357 -22017
-893 193 101 32767 7815 -11758
-1194 77 73 32767 7826 -7317
-1510 79 75 32767 4894 -4328
-1667 -60 125 31489 -230 -4406
-1804 -296 265 29913 -3927 -5400
-1963 -475 332 27573 -9305 -7635
-2124 -767 378 26309 -12161 -9251
-2183 -962 369 25224 -14862 -11309
-2234 -1217 254 25309 -15288 -12223
-2284 -1512 99 26730 -13751 -12940
-2304 -1526 129 28792 -11845 -13101
-2394 -1745 111 30273 -11553 -13291
-2641 -1807 211 32248 -12167 -14828
-3219 -1981 389 32767 -14327 -18034
-3837 -1974 450 32767 -16224 -20873
-4098 -1828 484 32767 -16466 -24725
-4108 -1709 506 32767 -13688 -25770
-3929 -1741 498 32767 -7824 -24027
-3755 -1707 421 32767 -4573 -20992
-3554 -1632 357 32767 -2773 -15071
-3573 -1397 453 32767 -4000 -11490
-3706 -1245 551 32767 -8831 -8107
-3872 -1120 611 32767 -12945 -7029
-3892 -1082 606 32767 -18167 -6086
-3883 -1102 354 32767 -19937 -5370
-3946 -1119 185 32767 -19277 -4370
-4249 -1124 -84 32767 -17495 -4081
-4484 -1022 -278 32767 -13718 -4170
-4533 -985 -359 32767 -9931 -4076
-4427 -1043 -395 32767 -8475 -3474
-4184 -1096 -426 32767 -8112 -1702
-4056 -1014 -506 32767 -9651 -42
-3877 -681 -764 32767 -12216 572
-3699 -357 -1115 32767 -13257 432
-3569 -99 -1345 30509 -12216 -273
-3227 126 -1596 27993 -10692 -632
-2987 195 -1842 24212 -9779 -727
-2862 264 -2187 21537 -10063 -863
-2767 251 -2522 17502 -10931 -975
-2735 249 -3084 14412 -11338 -1147
-2768 320 -3426 8580 -11735 -1442
-2764 192 -4108 1470 -12277 -505
-3007 32 -4968 -3501 -11585 759
-3298 -176 -5742 -10110 -8070 3726
-4219 -498 -6722 -13681 -3170 6169
-4875 -790 -7296 -18507 5548 11251
-5931 -1044 -7679 -23880 18607 17220
-6605 -1063 -7327 -29754 26571 21158
-6938 -1095 -6142 -32768 32767 27906
-6880 -1067 -4450 -32768 32767 32767
-6774 -1077 -3264 -32768 32767 32767
-6409 -1322 -1288 -32768 32767 32767
-6135 -1628 479 -32768 32767 32767
-6439 -1343 709 -32768 32767 32767
-5430 -1386 3666 -32768 32767 32767
-5012 -1416 4014 -32768 32767 32767
-4839 -1346 3962 -32768 32767 32767
-4635 -1203 4071 -32768 32767 32767
-4424 -1303 4397 -24304 32767 32767
-4027 -1683 4886 -17142 32767 32767
-3778 -1905 4903 -11439 32767 32767
-3285 -2061 4212 -7991 31399 32767
-2356 -2205 3974 -7122 28334 32767
-700 -184 1722 -2473 16661 -3879
-698 104 1856 -3230 17754 -6849
-678 249 1886 -4264 17964 -10556
-923 409 1852 -5155 18124 -14562
-1267 581 1900 -5840 18992 -17597
-1286 732 2016 -7199 19673 -21429
-1210 750 2025 -8783 18415 -23357
-1212 669 1744 -9180 16582 -23778
-1146 636 1514 -8376 15574 -23058
-1193 358 1154 -5823 12927 -21515
-1406 240 908 -3940 10514 -20942
-1626 213 841 -1865 7358 -21832
-2095 352 866 -1183 6221 -23904
-2348 481 811 -693 6168 -28548
-2548 634 687 126 8081 -32768
-2569 781 341 1421 9608 -32768
-2363 725 103 4416 12012 -32768
-2181 694 1 8036 13901 -32768
-1852 567 33 10233 13685 -32768
-1666 502 139 12313 9654 -30298
-1497 468 349 12299 3611 -26139
-1393 500 539 11466 -889 -23809
-1408 466 526 9860 -8145 -21482
-1597 462 391 8862 -11759 -21302
-1937 569 136 9035 -11630 -22303
-2148 589 -70 10864 -9064 -24454
-2292 648 -231 12841 -6331 -25706
-2290 729 -278 16281 -2139 -26336
-2218 829 -169 18460 156 -25785
-2113 923 -71 20987 1396 -23432
-1941 985 86 22223 445 -19463
-1731 973 255 22270 -329 -16396
-1681 980 302 21564 -1545 -12354
-1751 1020 331 20357 -2856 -10193
-1900 1093 415 19335 -3649 -9837
-1947 1189 486 17785 -3739 -10001
-1894 1209 622 16977 -2704 -9957
-1822 1201 691 16508 -770 -9410
-1767 1205 694 17435 -622 -8801
-1759 1215 547 19842 -2502 -8468
-1796 1321 412 21733 -3692 -8505
-1782 1393 434 23733 -4221 -8494
-1708 1497 733 23713 -4219 -8246
-1615 1567 1032 21257 -5641 -7344
-1431 1622 1438 16782 -9263 -5895
-1306 1489 1532 13951 -11932 -4771
-1291 1388 1363 11967 -15078 -3309
-1322 1189 1020 12485 -16342 -2503
-1389 1054 905 15286 -15735 -1746
-1545 934 905 18934 -13481 -1938
-1723 847 1219 20984 -12003 -2657
-1844 787 1512 22937 -10590 -4271
-2292 563 1858 24220 -11159 -6496
-2827 400 2058 25196 -12661 -8015
-3177 408 2045 27353 -14983 -9578
-3665 412 1992 29268 -15525 -9946
-4116 333 1559 32767 -16071 -9177
-4400 119 1265 32767 -15506 -7324
-4792 -42 1020 32767 -14266 -6308
-4946 -137 842 32767 -13881 -5340
-4973 -182 487 32767 -15965 -4680
-5049 -311 -50 32767 -17430 -4402
-5260 -330 -586 32767 -17292 -4622
-5482 -542 -1559 32767 -15223 -5047
-5566 -691 -2253 32767 -11286 -5363
-5705 -1302 -3133 29896 -9745 -4500
-6411 -2435 -4152 22933 -11524 -2072
-6888 -4117 -5464 16974 -12478 1658
-7521 -5264 -6848 8132 -9152 9190
-8305 -6486 -8321 1241 -414 15058
-8200 -6884 -8065 -15792 17780 24707
-7667 -7226 -6353 -32768 23571 32767
-6472 -7199 -5031 -32768 19194 32767
-6418 -6915 -4628 -32768 15028 32767
-6830 -6540 -4040 -32768 18922 32767
-6995 -6296 -3262 -32768 29410 32767
-7050 -6002 -1570 -32768 32767 32767
-7984 -6943 -1446 -32768 27718 32767
-5774 -4633 1861 -32768 32767 32767
-5694 -4669 2988 -32768 24100 32767
-5266 -4533 3084 -32768 8424 32767
-4494 -4153 3379 -32768 1203 32767
-3795 -3651 3553 -32768 4925 32767
-3438 -3352 3461 -32768 6772 32767
-3090 -3227 3311 -23592 11583 32767
-2619 -3098 2997 -12620 19988 32767
-2322 -2974 2893 -6115 25157 32767
-2103 -2860 3064 514 29807 32767
-1776 -2722 3527 2367 30553 31441
-1674 -2566 3638 2972 28619 25963
-1575 -2327 3433 3118 26802 23146
-1463 -2161 3142 3888 24713 20525
-1299 -1941 2749 4512 23053 19511
-1296 -1730 2503 4651 19988 18253
-1380 -1600 2391 3429 17996 16820
-1432 -1535 2352 1131 16757 14883
-1536 -1466 2290 -1258 14566 12507
-1595 -1429 2160 -2480 13182 10740
-1581 -1375 2065 -3432 11862 7948
-1628 -1203 1960 -3618 10899 5770
-1582 -1070 1921 -3566 9358 2288
-1567 -761 1853 -3443 8907 -2045
-1643 -443 1826 -3385 9235 -5402
-1687 -208 1685 -2552 10576 -10938
-1677 154 1461 -895 12992 -16268
-1599 375 1512 333 13771 -19720
-1652 723 1325 2623 11329 -25490
-1539 1247 1358 3879 9904 -29011
-1383 1552 1371 4817 9784 -32564
-1257 2004 1488 4679 9800 -32768
-1196 2266 1569 3654 8290 -32768
-1084 2415 1396 3209 5127 -32414
-990 2401 1160 3527 3825 -30399
-949 2310 959 5297 3735 -27140
-1051 2119 726 7905 4357 -24942
-1153 2079 819 9010 3967 -23926
-1298 1985 964 9787 4120 -23641
-1319 1884 1009 10008 4540 -23583
-1333 1774 994 10361 5197 -23071
-1419 1592 822 11375 4779 -21983
-1378 1420 639 12501 4301 -20833
-1339 1320 511 14762 3902 -18711
-1305 1245 423 16381 4148 -17333
-1178 1130 369 18393 3950 -15267
-1008 967 340 19275 2880 -13943
-894 837 323 19897 990 -12244
-750 681 345 19812 87 -11434
-730 593 422 18804 -1183 -11025
-720 452 560 17645 -2071 -11350
-777 375 654 15638 -3175 -12786
-912 298 519 14739 -4154 -14922
-1080 194 329 15470 -3762 -16636
-1117 117 102 16827 -2757 -16986
-1104 78 27 19269 -503 -16196
-1087 31 82 20737 643 -15149
-1064 -19 198 21942 346 -13360
-1069 -142 440 22125 -897 -12288
-1311 -341 659 21701 -3578 -11573
-1574 -503 757 21170 -6596 -12345
-1953 -742 784 21277 -8931 -13916
-2292 -1001 677 22116 -9655 -14853
-2444 -1212 591 24625 -9490 -15837
-2663 -1382 501 26837 -9066 -16421
-2869 -1572 567 30220 -8628 -17543
-3081 -1688 640 32767 -8813 -19035
-3519 -1826 742 32767 -9418 -20139
-3813 -1854 771 32767 -10515 -21403
-4051 -1811 773 32767 -10869 -21431
-4054 -1784 738 32767 -10351 -19708
-3930 -1727 613 32767 -9894 -17647
-3860 -1698 515 32767 -9810 -14106
-3727 -1590 543 32767 -10348 -11825
-3670 -1515 547 32767 -12493 -8906
-3633 -1413 541 32767 -14102 -7455
-3595 -1360 492 32767 -15773 -5753
-3522 -1258 356 32767 -17040 -4415
-3522 -1155 201 32767 -17705 -3702
-3582 -1068 117 32767 -18525 -2946
-3730 -927 -52 32767 -18736 -2577
-3821 -838 -174 32767 -18288 -1691
-3821 -818 -197 32767 -17312 -713
-3842 -894 -209 32767 -15885 791
-3849 -766 -314 32767 -14688 1085
-3918 -393 -576 32767 -13909 313
-3895 -127 -808 32144 -12706 -1646
-3834 288 -1340 30686 -11847 -3212
-3616 582 -1884 28516 -10172 -5048
-3394 688 -2272 25553 -10210 -5313
-3043 810 -2752 20676 -11656 -3472
-2907 871 -3311 16311 -12461 -1360
-3144 894 -3745 8440 -12365 1440
-3734 717 -4657 3061 -10829 2790
-4249 534 -5442 -4015 -6879 4363
-6452 -46 2441 -32768 32767 32767
-5394 -1730 5629 -32768 18899 32767
-1115 -2667 3993 3553 24947 32767
-979 -2537 3561 2716 20063 30379
-864 -2344 3025 3031 17641 26977
-686 -2025 2692 4017 16331 22646
-596 -1717 2548 4579 16250 19063
-567 -1321 2516 4251 16032 16778
-654 -1037 2551 2653 14001 12629
-921 -557 2412 849 11380 7176
-1135 -209 2279 73 11607 3281
-1246 -9 2103 98 14454 -2099
-1309 243 2016 566 18046 -6094
-1223 431 2007 736 19970 -7757
-963 608 2188 -69 21685 -8467
-731 677 2338 -2519 20642 -7167
-577 678 2317 -5445 17268 -5804
-590 541 2199 -6832 14263 -5874
-872 445 1674 -7130 9728 -8371
-1183 328 1197 -6384 8667 -11342
-1356 293 908 -4562 10586 -16561
-1445 290 787 -2656 13462 -21842
-1575 339 688 -1612 14469 -25118
-1660 411 651 -482 14398 -29301
-1656 478 631 3 12903 -31819
-1631 537 586 -66 10767 -32355
-1566 483 626 -439 9297 -31819
-1542 535 542 -842 6182 -30249
-1506 495 509 -846 3601 -28398
-1493 408 436 -445 2450 -27198
-2009 714 390 14965 -810 -25439
-1910 724 454 17868 -547 -23608
-1839 744 627 21058 -1276 -21273
-1710 749 844 22146 -2884 -19937
-1656 683 1012 22425 -5941 -18361
-1663 628 1037 21746 -8079 -17399
-1732 666 966 21283 -8773 -17190
-1798 684 893 20976 -8408 -17140
-1782 701 782 21137 -7734 -17086
-1789 747 770 21709 -6821 -17215
-1798 786 763 22324 -6513 -17601
-1777 878 754 22684 -6423 -17861
-1749 978 754 23156 -5844 -17925
-1719 1099 867 23250 -5078 -17789
-1675 1184 941 22951 -4474 -17279
-1580 1252 1118 22562 -4994 -16756
-1526 1265 1218 21849 -6564 -15604
-1493 1219 1313 21591 -7965 -14554
-1546 1124 1387 21607 -10200 -12750
-1757 988 1440 22373 -12273 -10985
-2125 778 1466 23344 -13303 -10048
-2398 642 1419 25462 -13934 -9193
-2666 339 1448 27041 -13665 -8750
-2753 90 1493 29123 -12899 -8139
-2932 -170 1575 30786 -12425 -8113
-3209 -405 1593 31698 -12493 -8682
-3421 -450 1622 32683 -12903 -10211
-3893 -373 1553 32767 -12711 -11510
-4172 -382 1464 32767 -10779 -12950
-4519 -323 1407 32767 -8022 -13546
-4892 -276 1263 32767 -6460 -13652
-5000 -194 1149 32767 -5314 -12702
-4978 -272 943 32767 -5886 -9805
-4879 -394 660 32767 -7101 -7082
-4903 -568 407 32767 -8802 -3219
-4984 -875 -166 31105 -9663 -802
-4997 -1285 -946 29668 -9738 -116
-5077 -1545 -1582 26652 -9451 -620
-5066 -1956 -2519 21518 -8670 -1341
-4727 -2386 -3851 17393 -8153 -639
-4586 -2733 -4906 11160 -5601 2651
-4877 -3396 -6141 6566 -1968 5683
-5605 -4099 -6881 -2128 3993 10083
-6435 -4527 -7138 -12897 10584 12704
-7975 -5295 -7104 -25455 18181 15222
-8387 -6133 -6362 -32768 22797 20372
-7662 -6482 -5663 -32768 25421 32767
-7457 -7002 -4541 -32768 23738 32767
-7936 -7318 -3772 -32768 22763 32767
-8623 -7390 -2418 -32768 27873 32767
-8677 -7278 -908 -32768 32767 32767
-8640 -7127 -128 -32768 32767 32767
-10087 -5434 -981 -32768 32767 32767
-8179 -5016 3447 -32768 32767 32767
-7724 -4802 4337 -32768 32767 32767
-7523 -4003 4344 -25382 32767 32767
-7065 -3769 4647 -20344 32767 32767
-6446 -3784 4873 -16077 32767 32767
-5272 -3529 5237 -16528 32767 32767
-4465 -3235 5567 -21152 29129 32767
-3373 -3033 5371 -23906 21972 32767
-2682 -3073 4776 -23205 14335 32767
-1914 -3186 3603 -16677 13038 32767
-1625 -3226 3031 -11826 14023 32767
-1545 -3173 2995 -7274 15801 29749
-1420 -2988 2962 -6047 17042 23058
-1264 -2771 2739 -5337 19481 14224
-1216 -2572 2580 -4686 21945 7671
-1321 -2263 2470 -4205 22613 2785
-1541 -1889 2517 -4394 21674 199
-1591 -1664 2582 -5442 18488 -2067
-1556 -1350 2447 -6269 15349 -2583
-1634 -1179 2308 -7246 11012 -3047
-1755 -907 2126 -7755 7592 -4406
-1888 -564 1847 -7521 5876 -7663
-2038 -187 1593 -6952 6858 -11008
-2085 38 1439 -5344 10888 -16962
-2077 380 1136 -3615 13994 -20898
-1953 751 945 -338 17870 -26034
-1843 1075 950 2790 20168 -29734
-1538 1548 1010 5133 17919 -31543
-1339 2136 920 6094 14106 -31939
-1179 2358 1005 6400 8571 -31378
-1101 2572 874 6366 5480 -30520
-1086 2581 799 6383 3923 -28897
-1093 2459 724 6728 5328 -27393
-1128 2363 720 7134 6387 -26746
-1185 2298 591 8232 6110 -26564
-1357 2228 616 8890 5702 -26849
-1454 2187 763 9297 6077 -27210
-1497 2118 737 9779 6075 -26465
-1400 1920 707 10279 6036 -25112
-1353 1761 699 10966 5409 -22364
-1304 1556 692 11279 4169 -20291
-1311 1394 609 11927 1276 -17264
-1307 1261 531 12506 68 -15514
-1285 1162 499 13491 -66 -13438
-1259 1028 455 14399 688 -12357
-1206 870 477 14788 1226 -12228
-1115 891 518 14756 1059 -12594
-1021 821 554 14502 170 -13344
-870 700 545 14391 -325 -13770
-793 630 522 14672 -1262 -13999
-780 497 324 16048 -3197 -13662
-792 412 195 17417 -3879 -13193
-841 342 164 19482 -3187 -12398
-925 286 156 20592 -2324 -11900
-1062 143 247 21445 -1627 -11214
-1244 87 321 21205 -2386 -11262
-1465 11 502 19976 -3652 -11773
-1569 -209 636 19018 -4517 -11926
-1662 -421 640 18431 -6445 -11732
-1818 -789 535 18973 -8125 -11505
-1988 -980 421 21247 -10508 -11666
-2227 -1256 287 24694 -11465 -12554
-2428 -1491 223 27263 -11161 -13437
-2590 -1628 273 30758 -10337 -15081
-2920 -1795 426 32620 -10208 -16399
-3201 -1876 522 32767 -10282 -18483
-3596 -1984 563 32767 -10560 -20128
-3757 -2002 506 32767 -10559 -20264
-3739 -2005 485 32767 -10134 -19336
-3737 -2006 467 32767 -9756 -16991
-3657 -1969 475 32767 -10334 -13966
-3726 -1910 558 32767 -11172 -12166
-3811 -1823 615 32767 -12615 -10268
-3840 -1704 639 32767 -13281 -9264
-3808 -1637 563 32767 -13823 -7786
-3746 -1563 509 32767 -14144 -6244
-3653 -1504 445 32767 -14540 -5200
-3647 -1430 402 32767 -15506 -4066
-3685 -1305 312 32767 -15942 -3655
-3694 -1294 289 32767 -16063 -3325
-3734 -1406 223 32767 -16407 -3296
-3816 -1213 10 32767 -16964 -3824
-3826 -943 -200 32767 -17078 -5033
-3720 -554 -516 32767 -16047 -5547
-3659 -313 -644 32767 -13641 -5779
-3572 -30 -796 32767 -11560 -5462
-3407 105 -976 32767 -11058 -4831
-3344 161 -1163 32767 -11022 -3683
-3248 303 -1418 32767 -11005 -3003
-3251 356 -1636 32070 -10695 -2261
-3299 338 -1991 31083 -9784 -1940
-3315 254 -2248 28896 -8365 -1600
-3139 135 -2729 25261 -8990 -716
-2869 -13 -3186 21444 -10191 334
-2749 -198 -3461 12962 -11038 2314
-2820 -349 -3920 2059 -9053 4096
-3294 -555 -4466 -5429 -7140 4785
-3620 -767 -4983 -14332 -4078 6710
-3989 -1313 -5653 -19488 -366 11505
-4617 -1634 -5839 -21957 2864 16091
-5313 -1617 -5469 -26523 9797 24516
-6012 -1359 -5003 -32768 18096 32094
-6670 -972 -4209 -32768 23260 32767
-7005 -517 -3432 -32768 30562 32767
-6891 -409 -2587 -32768 32767 32767
-6732 -227 -1162 -32768 32767 32767
-6577 -261 511 -32768 32767 32767
-6499 -314 1500 -32768 32767 32767
-6427 -184 2620 -32768 32767 32767
-6385 -411 3630 -32109 32767 32767
-5470 492 4374 -32561 32767 32767
-4870 97 4570 -30093 32767 32767
-4632 -353 4289 -26454 32767 32767
-4351 -628 4085 -19379 32767 32767
-3857 -879 4390 -15096 32767 32767
-3432 -1036 4721 -14686 32767 32767
-3114 -1203 4796 -16184 29842 32767
-2699 -1386 4367 -16620 25370 32767
-2422 -1478 3628 -14477 20616 32767
-2225 -1503 3230 -9855 17988 32767
-1846 -1526 2805 -4506 16995 32767
-1667 -1503 2560 -1276 16945 32767
-1454 -1378 2503 1627 17342 29452
-1342 -1110 2614 1351 16817 23242
-1205 -876 2751 -237 15489 18787
-1127 -680 2665 -3069 13289 11845
-982 -524 2451 -4653 13351 7273
-977 -431 2282 -5744 15363 273
-1156 -263 1909 -4969 17631 -4303
-1149 -238 1733 -1966 21997 -9757
-1046 -45 1727 948 25892 -13113
-713 246 2145 1289 27475 -14009
-561 338 2450 -1254 26567 -14154
-472 228 2518 -4105 24003 -14021
-483 130 2383 -8469 19094 -14389
-754 -4 1953 -10697 16069 -15521
-941 -49 1679 -12417 12915 -18399
-1257 -93 1159 -11803 10432 -22173
-1429 -22 748 -10322 9924 -24599
-1469 10 641 -7569 11461 -27918
-1632 220 452 -5512 12886 -29997
-1566 624 173 4203 -4719 -25990
-1967 606 -60 9456 -2771 -27767
-2364 754 -146 15019 321 -29700
-2505 821 135 17965 2629 -30093
-2424 870 423 20399 5521 -28625
-2190 967 709 20980 6010 -25113
-1904 951 914 20732 4766 -22091
-1608 866 1018 20151 751 -17343
-1470 777 1048 19913 -5350 -13265
-1322 686 1073 20175 -10859 -10507
-1266 660 1063 20638 -12843 -9561
-1303 629 1065 21611 -13501 -9584
-1358 598 1034 22978 -12306 -11055
-1407 540 986 24147 -11388 -12641
-2252 484 1204 24239 -16297 -15120
-2588 344 1175 25760 -16241 -13510
-3110 182 1172 27548 -16200 -13312
-3380 -56 1117 28899 -16296 -13431
-3560 -418 1074 30505 -16303 -13599
-3911 -552 1240 30842 -16636 -14119
-4169 -699 1321 30220 -17921 -15431
-4498 -910 1402 29248 -18666 -16283
-4663 -1070 1298 28106 -18742 -16444
-4898 -1240 1057 28023 -17477 -15806
-4988 -1279 852 28975 -14616 -14094
-5093 -1219 677 30579 -11934 -12145
-5009 -1110 546 31695 -10335 -10493
-4818 -1081 524 32767 -8667 -7121
-4499 -1027 409 32767 -8549 -4520
-4288 -930 356 32713 -8668 -925
-4015 -777 264 31485 -8761 923
-3884 -652 93 28909 -8858 2527
-3753 -461 -119 25611 -8601 2911
-3652 -290 -467 23421 -8105 2758
-3534 -139 -758 20393 -6330 2675
-3392 -42 -1075 17552 -4197 3001
-3479 -50 -1561 15993 -3655 3145
-3685 -9 -1916 14044 -3757 2504
-3916 -31 -2455 12722 -4038 1906
-3944 -182 -2956 10953 -4089 2295
-3853 -552 -4067 10226 -2784 3612
-4144 -1053 -4984 8633 1703 5756
-4922 -1674 -5359 4003 6865 6393
-5571 -2210 -5420 -4573 11378 5770
-6352 -2983 -5469 -15214 15016 6890
-6686 -3665 -5249 -22409 17451 10047
-6823 -4022 -4908 -32480 20087 18395
-7150 -4580 -4057 -32768 19657 25126
-7630 -4878 -3488 -32768 18311 32767
-8402 -5442 -2691 -32768 20355 32767
-8485 -5958 -1906 -32768 22188 32767
-8540 -6331 -1162 -32768 24510 32767
-8690 -6641 56 -32768 25481 32767
-8689 -6621 811 -32768 28278 32767
-7225 -5084 3330 -32768 32318 32767
-7867 -6734 2833 -32768 32767 32767
-8052 -6087 3034 -32768 32767 32767
-7746 -6064 2988 -31755 32767 32767
-6931 -5702 3261 -24206 32767 32767
-6283 -5226 3564 -20550 32767 32767
-5751 -4911 3896 -17628 32767 32767
-4716 -4461 4344 -17191 32540 32767
-4035 -4193 4457 -17524 27599 32767
-3089 -3850 4399 -17077 22577 32767
-2304 -3642 4141 -15645 19414 32767
-1923 -3487 3900 -11676 16533 32767
-1640 -3267 3659 -8352 16044 32767
-1554 -3104 3527 -3404 17490 32767
-1364 -2884 3415 683 20520 26143
-1205 -2564 3309 3452 23240 18194
-967 -2246 3259 4375 24146 13782
-833 -2072 3271 4042 23071 8411
-791 -1804 3337 2721 20938 5219
-863 -1623 3317 -160 17437 409
-1020 -1361 3195 -3011 14518 -4734
-1160 -974 2994 -4450 13174 -8289
-1190 -723 2820 -5333 12302 -13181
-1055 -392 2568 -5026 12545 -15947
-1043 -203 2325 -3148 13237 -19813
-1039 249 2004 -1497 13699 -22211
-1031 707 1813 756 14780 -25380
-1040 984 1756 2046 16101 -27859
-1089 1463 1801 2149 15818 -30007
-1229 1865 1902 1584 14290 -31307
-1315 1980 1824 746 10221 -32636
-1358 2001 1774 340 7903 -32690
-1342 1996 1676 917 6201 -31288
-1294 1872 1209 2638 5640 -29592
-1321 1815 1016 6549 5525 -26797
-1393 1853 967 10358 5871 -24665
-1540 1853 782 12580 5620 -23818
-1503 1852 807 14636 6182 -22715
-1281 1755 1010 14971 7352 -21827
-988 1603 908 14956 7602 -20063
-848 1472 837 14769 5853 -18331
-722 1266 710 14641 4181 -17443
-688 1138 619 14620 1792 -16624
-709 1021 622 14464 593 -16293
-787 908 656 14383 162 -16133
-958 858 609 14794 -698 -16210
-1164 798 450 15519 -1302 -16296
-1230 760 315 17258 -1460 -16164
-1237 694 137 19469 -637 -15625
-1160 651 -17 20951 19 -15078
-1096 663 -27 22570 539 -14028
-1029 596 -16 23308 212 -12751
-1005 555 50 23082 -161 -12033
-1038 544 227 21823 -857 -11415
-1229 456 361 20550 -1844 -11352
-1431 400 419 18410 -3738 -11892
-1605 257 452 16853 -5255 -12448
-1711 -28 341 16565 -6200 -12569
-1761 -220 268 17244 -7563 -12557
-1832 -494 129 18458 -8324 -12456
-1889 -667 74 20937 -9181 -12693
-1990 -963 136 23383 -9709 -13636
-2123 -1223 289 24632 -10083 -14798
-2331 -1381 388 25964 -10849 -17487
-2900 -1627 485 27002 -11754 -21533
-3456 -1745 408 27949 -12111 -24471
-3599 -1775 315 30189 -10831 -27376
-3611 -1906 212 32242 -8703 -27790
-3567 -1947 127 32767 -4840 -26243
-3471 -1967 27 32767 -2392 -24085
-3407 -1966 36 32767 -377 -20014
-3395 -1882 116 32767 -1408 -16253
-3424 -1787 235 32767 -2974 -14273
-3430 -1695 421 32767 -4836 -12710
-3435 -1616 481 32767 -8239 -10802
-3387 -1496 531 32767 -12113 -8880
-3366 -1379 455 32767 -14309 -7544
-3371 -1345 433 32767 -16342 -5368
-3418 -1329 321 32767 -17247 -3938
-3531 -1312 172 32767 -18487 -2543
-3705 -1152 -4 32767 -18624 -2091
-3811 -924 -145 32767 -18017 -2051
-3813 -752 -231 32767 -16253 -2068
-3843 -584 -219 32767 -13534 -2291
-3885 -282 -236 32767 -11946 -2772
-3902 24 -255 32767 -11138 -3490
-3903 323 -398 32767 -11653 -4491
-3991 619 -707 32767 -12044 -5001
-4065 890 -1049 32767 -11066 -5265
-4043 1014 -1314 32767 -9168 -4374
-3972 1160 -1617 32767 -7896 -3156
-3965 1309 -1875 32767 -6971 -1049
-3967 1434 -2425 30227 -7793 862
-4155 1342 -3196 27489 -8227 1480
-4196 1143 -3711 22338 -7249 2186
-4183 584 -4511 18091 -6346 3035
-4222 26 -5105 10814 -5118 5552
-4578 -888 -6254 5675 -4213 8009
-4848 -1455 -6689 -3453 246 12901
-5095 -2241 -7199 -10448 5068 17186
-5346 -2589 -7149 -22756 13209 23746
-5828 -2839 -6469 -32768 20329 29102
-6218 -2852 -5417 -32768 25024 32022
-6416 -2824 -4609 -32768 31955 32767
-6701 -2810 -3254 -32768 32767 32767
-6681 -2799 -2181 -32768 32767 32767
-6505 -2745 -641 -32768 32444 32767
-6388 -2713 870 -32768 31729 32767
-6364 -2586 1788 -32768 31014 32767
-7073 -4869 -709 -32768 32767 32767
-5676 -2136 4600 -32768 32767 32767
-5902 -1681 5045 -32768 32767 32767
-5943 -1841 4865 -32768 30440 32767
-5947 -2223 4623 -23073 32767 32767
-5790 -2434 4812 -13655 32767 32767
-5306 -2623 5428 -5826 32767 32767
-4519 -2571 5688 -4068 32731 32767
-3951 -2587 5632 -3829 25335 32767
-3175 -2671 5231 -4046 21889 32767
-2525 -2695 4740 -3765 20317 32767
-2083 -2677 4386 -2332 17761 32767
-1406 -2569 4083 -947 16259 32767
-1059 -2407 3864 1384 14795 32767
-585 -2093 3536 3458 14758 32767
-177 -1812 3163 4580 15676 29876
-24 -1621 2905 5725 18336 23514
62 -1276 2653 5673 22648 16767
46 -953 2610 4924 25243 12224
76 -724 2571 3014 27143 5838
8 -507 2691 1188 27315 1996
-77 -343 2593 -1493 26396 -2919
-52 -194 2575 -4354 25778 -6168
-159 -144 2552 -6131 25274 -7885
-299 -128 2441 -7866 23812 -10247
-466 -80 2169 -8208 22648 -11998
-684 -16 1944 -7514 21163 -15507
-1015 135 1544 -5812 20352 -19872
-1253 287 1202 -4371 20381 -22830
-1420 365 953 -1844 21120 -26899
-1527 485 818 302 22118 -30028
-1575 566 710 1394 21530 -31552
-1589 606 639 2453 18749 -32768
-1501 573 591 2614 16120 -32768
-1408 540 597 2159 12107 -32304
-1361 532 474 1664 8631 -30998
-1357 584 391 1523 7122 -30108
-1370 667 351 1586 5690 -29073
-1396 693 347 1952 4904 -28662
-1453 748 378 2759 4372 -28933
-1530 776 362 3686 3742 -29400
-1552 752 325 5909 3184 -30019
-1575 805 241 7900 3284 -30266
-1589 825 240 11425 4177 -30040
-1667 884 284 13725 4916 -29532
-1696 933 475 16266 5371 -28280
-1698 1041 709 17181 4471 -27074
-1676 1078 832 17674 2039 -24653
-1752 1097 1050 17468 -249 -22750
-1799 1064 1010 17314 -4761 -19512
-1780 1071 917 17516 -7057 -17283
-1780 994 838 18478 -8465 -14366
-1870 892 718 19996 -8298 -12868
-1955 905 698 20914 -8109 -12772
-1994 898 764 21761 -8001 -13520
-1954 960 823 21985 -7951 -14260
-1894 929 816 22174 -8218 -15276
-1911 977 675 22877 -9045 -16124
-1874 1174 597 23456 -9286 -16502
-1731 1279 753 23862 -8354 -16151
-1588 1327 961 23142 -7360 -14870
-1547 1384 1271 22074 -7599 -14130
-1573 1426 1431 20392 -7896 -13732
-1694 1411 1427 19959 -7615 -13837
-1716 1355 1386 20666 -7041 -13805
-1851 1205 1417 22446 -7342 -13245
-2207 1071 1552 23692 -8108 -12832
-2463 961 1606 25367 -10333 -11610
-2595 686 1628 26914 -11692 -8787
-2616 277 1566 28136 -12439 -6219
-2645 -45 1517 30033 -14587 -2613
-2701 -303 1494 31124 -16758 -979
-2812 -657 1568 32207 -20227 86
-3036 -822 1550 32767 -22884 -993
-3772 -967 1430 32767 -23409 -3279
-4342 -1306 1328 32767 -21456 -7701
-4495 -1501 1175 32767 -17733 -10984
-4534 -1631 1013 32767 -15022 -11917
-4421 -1623 817 32767 -12505 -11040
-4376 -1517 755 32767 -11771 -8584
-4239 -1348 630 32767 -11815 -6620
-4111 -1215 540 32767 -12192 -3901
-4071 -1077 371 32767 -13200 -2163
-4042 -969 239 32767 -13809 -1844
-4153 -703 -122 32767 -14222 -2831
-4318 -566 -698 31797 -13621 -4043
-4390 -509 -1165 29579 -11416 -5844
-4311 -445 -1721 27844 -9468 -6523
-4137 -419 -2056 23897 -7641 -5960
-3893 -489 -2509 17658 -8024 -3876
-3658 -688 -3155 12617 -9123 -1838
-3622 -976 -4072 6616 -10359 1459
-3992 -1558 -5821 3787 -7792 3505
-4742 -2368 -7028 2328 -3019 3831
-5355 -3021 -7282 -2661 5907 3601
-6163 -3888 -7003 -13253 13514 4183
-6616 -4534 -6481 -22231 17749 6525
-6702 -4896 -6025 -32768 22918 13802
-6745 -5286 -5140 -32768 23988 20352
-6822 -5544 -4026 -32768 22868 30751
-6974 -5667 -3262 -32768 19982 32767
-7398 -5788 -2288 -32768 18885 32767
-7701 -5929 -1323 -32768 21341 32767
-7901 -5972 -756 -32768 29120 32767
-8184 -7316 -619 -32768 32767 32767
-8527 -5789 2644 -32768 32767 32767
-8666 -4913 2854 -32768 32767 32767
-8417 -5066 2980 -32768 32767 32767
-7905 -4835 2949 -29909 32767 32767
-7461 -4682 3326 -25710 32767 32767
-6490 -4330 4135 -25877 30851 32767
-5716 -3939 4667 -29545 22151 32767
-4565 -3398 4921 -32512 16660 32767
-3618 -3171 4347 -31562 13694 32767
-3163 -3132 3811 -25242 11494 32767
-2595 -3037 3262 -16490 14422 32767
-2258 -2905 3121 -11070 17802 32767
-2103 -2780 3062 -4595 20901 32767
-1818 -2624 3055 -486 23353 28719
-1556 -2447 3017 1025 25130 24732
-1518 -2258 3031 1458 26512 19485
-1519 -2065 3007 892 25936 16348
-1536 -1900 2832 -81 23985 12249
-1371 -1801 2648 -1170 22032 9438
-1225 -1608 2610 -2222 20006 7994
-1238 -1473 2555 -3942 15599 5516
-1385 -1220 2382 -5223 12862 2158
-1565 -954 2142 -5571 12902 -639
-1650 -771 2133 -5471 14269 -5420
-1670 -337 2018 -4886 14395 -8732
-1475 49 1962 -3435 14545 -13046
-1410 333 1777 -1017 15354 -16956
-1214 793 1679 720 15497 -19473
-1110 1422 1580 3370 12929 -24143
-991 1763 1614 3972 12514 -25852
-1048 2099 1611 4495 12192 -27741
-1155 2197 1345 5694 10555 -28822
-1230 2258 1014 6946 9157 -28981
-1222 2241 845 9028 8266 -28180
-1234 2143 702 10995 8088 -26730
-1246 2063 591 12745 7275 -25618
-1306 2011 506 13912 6507 -25574
-1253 1992 501 14129 6128 -25629
-1117 1874 606 13673 6055 -25251
-1014 1745 619 12699 5310 -23930
-797 1537 653 11940 4301 -22724
-890 673 268 17772 -3244 -14364
-961 644 248 18038 -3327 -14831
-1001 603 224 18358 -3385 -15329
-991 534 152 19344 -3248 -15383
-2146 -936 470 24724 -15046 -9818
-2413 -1222 396 27030 -15697 -12038
-2721 -1448 358 28837 -15771 -13713
-3771 -1578 579 32767 -13402 -10077
-3668 -1468 545 32767 -14614 -8516
-4089 -746 -566 32767 -15348 -2215
-4019 -556 -698 32767 -15514 -2094
-3889 -261 -923 32767 -14807 -1782
-3728 -53 -1043 32767 -11950 -968
-3542 155 -1180 32767 -9222 42
-3262 216 -1242 31341 -8478 904
-3024 301 -1335 26470 -10175 2496
-2673 384 -1565 22770 -12306 3765
-2496 368 -1792 16885 -14895 5649
-2513 196 -2354 11289 -16210 6653
-2675 36 -2889 7835 -15842 6551
-3011 -128 -3622 2529 -12754 5525
-3421 -366 -4422 -937 -9870 4853
-3834 -640 -5101 -5435 -6402 4825
-4748 -975 -6134 -8417 -36 7791
-5327 -1374 -6814 -9821 7037 13056
-5842 -1542 -6770 -13775 18283 23046
-6573 -1468 -5908 -19573 24090 29103
-6978 -1265 -5239 -32390 32040 32767
-7462 -780 -4050 -32768 32767 32767
-7377 -644 -2919 -32768 32767 32767
-7008 -512 -974 -32768 32767 32767
-6596 -604 846 -32768 32767 32767
-5028 -2584 446 -32768 32767 32767
-7079 -122 2095 -32768 32767 32767
-6422 799 4529 -32768 32767 32767
-5922 849 4951 -29340 32767 32767
-5863 752 4791 -21831 32767 32767
-5819 510 4871 -10629 32767 32767
-5513 -153 5298 -5385 32767 32767
-5134 -514 5343 -5465 32767 32767
-4762 -671 5187 -7502 32767 32767
-3904 -1038 5084 -10368 32767 32767
-3270 -1434 4833 -11567 32767 32767
-2927 -1638 4481 -10763 22977 32767
-2463 -1808 3869 -8844 18524 32767
-2215 -1847 3471 -5921 16102 32767
-1714 -1859 3087 -5146 15218 32767
-1391 -1778 2895 -5962 13912 28862
-887 -1672 2604 -7096 13574 23592
-635 -1495 2414 -8566 14254 16556
-499 -1286 2180 -8935 15731 10184
-624 -968 2057 -8510 16508 5907
-716 -797 1971 -6755 17162 -271
-811 -491 1821 -5173 18015 -4213
-901 -127 1777 -3069 20442 -9912
-900 115 1849 -2600 23128 -14937
-828 480 2004 -4462 24825 -19112
-740 838 2132 -6788 25553 -21353
-722 890 2003 -10382 25870 -23808
-748 868 1854 -12740 24779 -24894
-623 655 1583 -13158 22327 -24322
-800 524 1296 -12288 20054 -23749
-975 474 1132 -9665 16456 -23303
-1332 420 807 -5782 13513 -23791
-1690 524 577 -2916 12758 -24975
-1931 619 412 1261 13233 -27855
-2181 730 273 4761 14627 -31201
-2296 798 182 6494 15671 -32768
-2359 837 162 7984 16929 -32768
-2299 847 244 8068 17302 -32768
-2201 841 363 6819 16771 -32768
-1926 852 610 5175 15515 -32768
-1698 761 655 20365 5384 -29021
-1971 1040 586 21300 6462 -27615
-1892 980 651 22896 7052 -24527
-1822 932 735 24036 5923 -22074
-1717 882 836 25761 2112 -17920
-1665 711 950 26879 -1202 -15170
-1749 627 986 28257 -6760 -11827
-2066 543 1032 29304 -11314 -10236
-2358 544 991 29938 -13059 -10117
-2478 548 897 31025 -13197 -10772
-2482 574 754 31894 -11650 -11297
-2425 549 642 32767 -8483 -11830
-2366 609 454 32767 -6949 -12137
-2269 777 416 32767 -5968 -12152
-2083 930 558 32767 -6266 -11688
-1866 1052 771 32767 -7935 -10023
-1739 1071 938 31493 -10443 -7768
-1560 1098 1070 27607 -13055 -5409
-1462 1011 1151 25065 -14730 -4155
-3938 -922 1293 26716 -24354 -6692
-4428 -1037 1147 25360 -23223 -9771
-4908 -1274 703 26357 -17282 -12030
-4943 -1336 319 28141 -12757 -12359
-4818 -1328 212 31165 -7237 -10490
-4476 -1269 257 32524 -4909 -7868
-4262 -1191 384 32767 -4175 -3130
-4030 -1049 631 30735 -7321 1126
-3901 -1042 543 27893 -13194 4210
-3947 -1011 239 26551 -15517 5199
-4064 -941 -272 25369 -14172 5144
-4064 -861 -691 24720 -11515 4490
-4032 -781 -894 23197 -8124 3031
-3777 -602 -1149 20319 -6182 1998
-3484 -402 -1497 16744 -5117 1727
-3385 -266 -1903 14433 -5254 1870
-3310 -181 -2413 12110 -5623 2453
-3223 -215 -2909 8986 -6661 4090
-3506 -501 -3510 5331 -7086 5328
-3890 -798 -3810 2259 -6184 5358
-4658 -1462 -4423 -2959 -3175 4516
-5232 -2360 -5097 -6406 -71 4187
-5719 -3072 -5565 -10881 6261 5133
-6514 -4004 -5914 -13793 11960 6993
-7054 -4549 -5710 -20651 19596 11936
-7263 -5171 -4709 -32343 22845 20824
-6897 -5545 -3633 -32768 22170 28773
-6702 -5683 -3084 -32768 19954 32767
-7020 -5732 -2467 -32768 20039 32767
-7452 -5847 -1926 -32768 23837 32767
-7842 -5847 -798 -32768 28449 32767
-7815 -5860 227 -32768 28049 32767
-6730 -4481 3023 -32768 27771 32767
-6712 -5442 2545 -32768 31338 32767
-6852 -5238 3199 -32768 16279 32767
-6193 -5034 3073 -32768 9837 32767
-5536 -4716 2925 -32768 14624 32767
-5300 -4589 3088 -27488 20819 32767
-4845 -4296 3356 -19394 22389 32767
-4104 -3966 3585 -15138 23608 32767
-3334 -3699 3768 -10744 26295 32767
-2896 -3570 3793 -7883 26606 32767
-2312 -3378 3811 -6408 25599 32767
-1942 -3188 3778 -4461 23298 32767
-1469 -2920 3636 -2626 19991 32767
-1224 -2609 3408 -1471 17759 32767
-1093 -2451 3275 39 15965 30267
-1083 -2258 2989 1427 15552 25413
-1136 -2095 2766 2165 16019 21962
-1228 -1969 2694 2529 17314 16475
-1310 -1750 2706 2199 18041 12990
-1266 -1599 2613 1386 18017 8756
-1153 -1355 2337 876 18165 5557
-1144 -1093 2172 620 18373 3507
-1094 -917 2117 58 17054 309
-1118 -580 1933 -415 15178 -2264
-1174 -349 1823 -1205 13743 -7060
-1364 -6 1685 -1844 15191 -12699
-1435 326 1628 -2041 17124 -16520
-1421 567 1565 -1489 20227 -21906
-1316 959 1488 -484 21994 -24747
-1103 1203 1395 1698 23267 -27363
-968 1569 1522 3451 21641 -28371
-929 1819 1663 3518 18181 -28682
-959 1995 1627 3176 15902 -28536
-961 2020 1538 2791 13820 -27716
-971 2099 1467 2755 13268 -26973
-1036 2073 1325 3481 12957 -26097
-1105 2008 1438 4132 12980 -25648
-1214 2013 1441 5622 11886 -25399
-1437 1907 1230 8181 10167 -25255
-1359 1725 1180 10000 9811 -24474
-1121 1596 1187 12329 9481 -21996
-949 1417 1065 13656 8505 -20200
-866 1319 1026 15177 7029 -18089
-768 1110 908 15862 6043 -17148
-737 959 806 16671 4123 -16337
-716 741 640 17125 2926 -16097
-695 679 603 17405 1924 -16062
-727 617 679 17160 1867 -16368
-891 613 738 16294 1758 -17436
-1107 583 723 15863 1301 -18232
-1191 554 601 16143 5 -18783
-1193 490 442 17386 -762 -18141
-1209 468 324 18651 -723 -17180
-1180 432 148 20926 -523 -14927
-1099 320 102 22366 -668 -13190
-1095 287 156 23654 -1456 -11155
-1145 228 417 23560 -2386 -10486
-1258 171 576 22221 -5104 -10641
-1435 60 681 20445 -8480 -11779
-1566 -81 708 19592 -10303 -12719
-1801 -335 635 19594 -12210 -14080
-2051 -632 431 21670 -12914 -15229
-2233 -806 304 24020 -12640 -16038
-2445 -1075 214 28329 -11455 -17052
-2556 -1366 256 31342 -10341 -17643
-2674 -1599 411 32767 -8970 -18674
-2833 -1763 537 32767 -9027 -20258
-3145 -1933 801 32767 -11067 -22238
-3688 -2009 1054 32767 -12937 -23713
-4052 -1990 1130 32767 -15014 -25215
-4241 -2053 1061 32767 -15421 -24877
-4193 -2055 963 32767 -14290 -21940
-4156 -2030 812 32767 -11988 -17426
-4219 -1862 763 32767 -10961 -14449
-4230 -1644 802 32767 -10823 -10843
-4196 -1247 892 32767 -11334 -9002
-4104 -1085 1066 32767 -12655 -6281
-3846 -834 1179 32767 -15179 -4193
-3778 -715 1028 32767 -20873 -1151
-3892 -680 753 32767 -23479 432
-4128 -692 423 32767 -24260 1371
-4525 -576 -173 32767 -22809 898
-4645 -528 -531 32767 -19362 -639
-4657 -413 -1134 32767 -16565 -2272
-4642 -498 -1525 32767 -15064 -3240
-4639 -517 -2285 32767 -13648 -4290
-4682 -381 -2861 32767 -11033 -6213
-4688 -203 -3982 32767 -9491 -7041
-4541 -256 -4609 30232 -7183 -5782
-6651 -2066 -1262 -32768 30162 32767
-6698 -2251 -429 -32768 32767 32767
-9810 -3160 -3099 -32768 32767 32767
-6548 -2482 4975 -32768 32767 32767
-6568 -1548 4433 -32768 32767 32767
-6369 -1143 4878 -32768 32767 32767
-6466 -1144 4763 -26264 32767 32767
-6255 -1498 5123 -12218 32767 32767
-5952 -2017 5513 -6422 32767 32767
-5438 -2038 5342 -1437 32767 32767
-4786 -1968 5216 -669 32767 32767
-3760 -2029 4999 -2221 31288 32767
-3207 -2061 4761 -6374 23510 32767
-2433 -1967 4291 -9526 14854 32767
-1597 -1952 3377 -9415 12417 32767
-1266 -1864 2862 -6969 11601 32767
-983 -1681 2547 -5549 11704 32767
-910 -1510 2384 -4664 13441 26586
-894 -1161 2117 -3867 20667 14520
-713 -1003 1807 -2336 27638 7819
-703 -817 1673 927 32767 498
-602 -525 2067 2082 32767 -2987
-423 -306 2964 174 32767 -3756
-426 -36 3150 -5140 24194 -4326
-337 120 3270 -9183 16783 -4685
-403 147 3091 -12577 13117 -5614
-750 97 2394 -14952 12490 -9022
-985 114 1997 -14195 16128 -14903
-1193 114 1458 -12320 19780 -19397
-1130 121 1178 -8247 25248 -24970
-992 114 1051 -5419 27854 -27453
-1044 178 1034 -1830 28342 -30070
-1259 403 1024 -120 26085 -31522
-1305 464 1004 1480 20017 -32697
-1349 446 887 2184 13146 -32768
-1372 465 806 2416 8634 -32687
-1512 460 564 2897 6910 -32654
-1670 467 280 4211 7085 -32768
-1721 459 16 5643 7787 -32768
-1765 465 -130 8467 9329 -32768
-1831 521 -290 11658 11473 -32768
-1834 551 -289 13795 13065 -32768
-1851 548 -250 16777 14621 -32768
-1907 597 -89 18521 15022 -32768
-1892 613 57 20495 13471 -32768
-1901 639 149 21371 10346 -32768
-1895 652 188 22024 3873 -32768
-1840 580 245 21841 -2931 -30401
-1876 521 276 21249 -6499 -27996
-2056 528 359 19974 -8673 -24862
-2341 652 300 19376 -7623 -23550
-2461 775 209 19361 -3659 -22557
-2401 884 137 20054 -648 -21929
-2160 845 182 21931 2744 -20291
-1984 818 242 24309 3418 -17884
-1810 828 362 25733 1902 -16064
-1778 809 502 27272 -2768 -13539
-1820 743 670 27993 -8479 -11750
-1895 702 775 28180 -12133 -10969
-1949 581 701 28737 -16529 -10327
-2040 508 483 29687 -17785 -10483
-2096 546 301 32105 -17218 -11612
-2214 541 103 32767 -15331 -12942
-2199 614 152 32767 -10949 -15255
-2122 726 356 32767 -8531 -16746
-2013 829 574 32767 -6602 -18317
-1950 918 984 32767 -6095 -18813
-1997 846 1287 32767 -6424 -18228
-2251 762 1265 32636 -7022 -16624
-2811 594 960 32670 -7102 -15489
-3030 513 927 32767 -6347 -13425
-3191 441 1038 32767 -6192 -11632
-3302 438 1219 32767 -7662 -8551
-3582 452 1670 32767 -10690 -5692
-3933 298 1840 32767 -13353 -4015
-4291 299 1706 32767 -16866 -2505
-4789 175 1288 32767 -18646 -2022
-5060 151 948 32767 -20548 -1569
-5268 -93 401 32767 -19465 -444
-5427 -299 -75 32767 -16919 632
-5494 -415 -355 32767 -11769 2405
-5483 -601 -746 32767 -9032 3287
-5436 -627 -1165 32767 -10103 3662
-5495 -853 -2035 32767 -17117 2895
-5653 -1409 -3136 31684 -22778 2384
-5873 -2286 -4588 25730 -22794 3272
-5989 -3105 -5555 17252 -16470 8131
-6537 -4681 -6779 11506 -10021 12944
-7232 -5670 -7276 1374 -1787 19485
-8042 -6856 -7618 -6300 2868 23134
-8376 -7390 -7599 -18475 12587 28923
-8217 -7703 -6934 -28049 19899 32767
-7250 -7958 -5195 -32768 22851 32767
-6794 -7745 -3609 -32768 18518 32767
-6924 -7494 -2928 -32768 12947 32767
-7011 -7103 -2117 -32768 18596 32767
-7223 -6860 -1683 -32768 27580 32767
-6910 -8393 -1461 -32768 32767 32767
-7475 -5992 1162 -32768 32767 32767
-7649 -4918 2916 -32768 32767 32767
-7324 -4196 3062 -32768 32767 32767
-7007 -3892 2941 -29722 32767 32767
-6535 -3892 3638 -25800 32767 32767
-6203 -3337 3694 -24644 32767 32767
-5505 -3129 3927 -24915 32767 32767
-4502 -2805 3997 -26224 32767 32767
-3741 -2545 3822 -26748 32326 32767
-3220 -2378 3689 -26114 24099 32767
-2475 -2191 3352 -23308 18936 32767
-2025 -2117 2949 -20471 17270 32767
-1877 -2060 2740 -15717 15939 31343
-1737 -1933 2407 -10850 15840 26988
-1599 -1875 2089 -7658 17392 24232
-1563 -1779 1937 -3472 21489 20469
-1607 -1657 1837 -1485 23971 18031
-1721 -1622 1844 142 25239 13910
-1857 -1423 1823 233 24060 9642
-1713 -1294 1894 -684 22406 7354
-1631 -1147 1945 -3146 18883 4778
-1521 -953 2041 -6494 14956 2899
-1423 -743 2029 -9907 10298 1449
-1413 -565 1943 -11870 7517 423
-1524 -440 1811 -13711 4866 -1825
-1563 -189 1601 -14206 4315 -3837
-1554 -6 1500 -13909 5162 -7521
-1652 189 1374 -12335 6925 -12547
-1789 483 1032 -10086 7784 -16614
-1782 659 849 -5021 8632 -23119
-1865 1075 660 -1132 8598 -27583
-1847 1486 718 3937 8736 -32768
-1771 2045 904 6272 9581 -32768
-1607 2354 1138 7903 11959 -32768
-1408 2737 1407 8002 13419 -32768
-1218 2750 1380 8044 12783 -32768
-1106 2667 1304 8270 9246 -32768
-1007 2486 1166 8568 6721 -29665
-1216 2315 801 9951 3860 -25789
-1397 2237 595 12250 1405 -23629
-1577 2092 492 13670 691 -22835
-1630 1944 480 15400 1189 -22025
-1613 1775 531 16210 2163 -21514
-1535 1629 556 16928 3524 -20479
-1316 1429 674 17075 3619 -19471
-1085 1266 721 16685 1869 -17453
-936 1107 694 16337 -1352 -14916
-711 892 582 16486 -3329 -13044
-692 676 449 17349 -5148 -10568
-722 559 310 19220 -5845 -9375
-832 481 112 20880 -5942 -9372
-899 421 42 23388 -5751 -10425
-975 315 77 24738 -5083 -11640
-981 252 116 25995 -3210 -13616
-958 197 211 26334 -1845 -14865
-926 133 213 26368 -733 -16212
-934 112 184 26256 -694 -16835
-940 19 182 26149 -1021 -16691
-958 -88 192 25936 -2397 -15551
-1047 -298 273 25613 -4406 -13773
-1267 -454 410 25366 -6063 -12685
-1459 -594 478 25257 -9399 -11546
-1771 -840 478 25831 -12862 -11214
-2110 -1050 440 26583 -14560 -11579
-2306 -1232 451 27982 -15054 -12877
-2613 -1437 427 29235 -14619 -14164
-2894 -1590 414 31620 -14427 -16664
-3289 -1759 345 32767 -14411 -19375
-3532 -1887 345 32767 -13697 -20740
-3683 -1943 348 32767 -11678 -21808
-3784 -1891 436 32767 -10644 -21723
-3821 -1851 476 32767 -11331 -20313
-3869 -1799 561 32767 -13368 -17838
-4076 -1727 674 32767 -14426 -16163
-4205 -1602 647 32767 -15087 -13738
-4196 -1541 570 32767 -15102 -11195
-4103 -1432 481 32767 -15136 -9370
-4060 -1296 425 32767 -15934 -6870
-3978 -1149 340 32767 -16572 -5441
-3960 -1095 280 32767 -17496 -3564
-4082 -1091 95 32767 -19064 -2276
-4253 -1040 -95 32767 -19468 -1680
-4368 -992 -227 32767 -18349 -812
-4403 -931 -326 32767 -15841 650
-4209 -1059 -299 32767 -14719 2128
-4120 -1100 -361 32767 -15165 3940
-4091 -910 -679 32767 -16141 4270
-4013 -746 -982 32767 -16336 3821
-3871 -476 -1495 32457 -15350 3143
-3731 -353 -1802 30701 -12907 2009
-3388 -255 -2265 27802 -12665 1748
