0 0 0 0 0 0
-1172 -491 623 22825 -7062 -20731
-1343 -636 723 20080 -11372 -20700
-1732 -884 816 18383 -13236 -20925
-1989 -1059 796 17006 -15613 -21567
-2373 -1131 760 17031 -16844 -22319
-2581 -1182 613 18959 -17852 -23768
-2872 -1349 530 22750 -17627 -25209
-3393 -1430 451 26286 -17271 -26044
-3812 -1450 497 32339 -16011 -27346
-4318 -1323 561 32767 -14113 -28180
-4594 -1278 682 32767 -9846 -28902
-4740 -1292 797 32767 -5881 -28505
-4689 -1434 934 32767 -5009 -27210
-4671 -1506 925 32767 -7314 -24051
-4599 -1610 889 32767 -11062 -20138
-4574 -1693 872 32767 -13496 -17652
-4654 -1701 815 32767 -16552 -14919
-4714 -1648 808 32767 -18256 -13860
-4801 -1553 628 32767 -20619 -13351
-4846 -1369 458 32767 -21174 -13562
-4751 -1076 34 32767 -20380 -13912
-4565 -744 -295 32767 -19062 -14064
-4389 -504 -414 32767 -16201 -13941
-4283 -198 -534 32767 -13477 -13834
-4252 54 -587 32767 -12141 -13764
-4121 146 -611 32767 -10707 -12822
-3793 269 -678 32767 -10634 -11439
-3541 284 -780 32767 -11390 -8493
-3235 317 -1010 32767 -11850 -6461
-3044 359 -1149 32028 -12191 -3724
-2844 309 -1343 29313 -14944 -1356
-2847 182 -1583 27768 -16886 -365
-2961 -1 -2160 26697 -17256 -20
-3051 -339 -2940 26846 -15840 -317
-3019 -489 -3338 26544 -12393 -1001
-2926 -840 -3768 24869 -10845 -918
-2855 -1093 -4068 18544 -11417 1141
-3056 -1615 -4271 5963 -12470 5477
-4013 -2062 -4863 -4637 -13038 9415
-4918 -2538 -5667 -18934 -8521 18291
-6291 -3162 -6663 -26117 -1906 26405
-7143 -3073 -6770 -32768 11495 32767
-7497 -2349 -5810 -32768 25664 32767
-7433 -1491 -4565 -32768 32767 32767
-7307 -1056 -3751 -32768 32767 32767
-7390 -871 -2364 -32768 32767 32767
-7390 -1059 -54 -32768 32767 32767
-7398 -901 1709 -32768 32767 32767
-6392 -638 4730 -32768 32767 19048
-4455 -499 7961 -32768 32767 32767
-3528 204 7676 -32768 32767 32767
-2151 876 6916 -32768 32767 32767
-1641 845 5622 -32768 32767 32767
-1538 558 4721 -32768 24837 32767
-2381 373 3337 -28749 21661 32767
-3017 364 2806 -16363 23747 32767
-3280 270 2466 -9961 26920 32767
-2763 -158 2247 -7441 27619 32767
-2435 -386 2016 -3365 27765 32767
-2086 -478 1540 2621 29849 24571
-2113 -339 1344 6705 30555 19389
-2326 -52 1422 10423 27948 13110
-2462 157 1714 10211 22138 8063
-2540 299 1601 7867 17003 2831
-2538 257 1549 5840 16119 -936
-2508 266 1428 3147 16461 -6564
-2301 178 1194 2055 16785 -9847
-1878 -2 1040 1552 16481 -13204
-1676 -79 913 1914 15285 -15364
-1641 -146 968 1866 14383 -16752
-1611 -174 1106 895 11720 -18898
-1651 -166 965 180 8706 -20435
-1613 -208 1041 -1535 4969 -22812
-1470 -82 1036 -3665 2338 -24977
-1284 8 948 -5048 1523 -26196
-1202 -22 997 -7279 1367 -27715
-1045 -99 1147 -9441 -1272 -29430
-1191 85 851 -10082 -5053 -31032
-1214 119 712 -9921 -8795 -32768
-1327 137 715 -9065 -8137 -32768
-1295 134 524 -7658 -6697 -32768
-1345 174 450 -4282 -4389 -32768
-1543 314 399 -290 -2384 -32768
-1795 408 383 2297 -1256 -32768
-1940 475 358 6141 470 -32768
-2036 589 265 10203 2938 -32768
-2041 798 328 12697 4545 -32768
-1915 758 487 15438 4134 -31806
-1650 694 451 17288 -1127 -27619
-1450 703 611 17691 -5195 -24397
-1402 658 818 17005 -11499 -19398
-1288 423 807 16175 -18619 -14659
-1323 430 750 15782 -21912 -12570
-1371 391 761 15164 -24998 -11113
-1382 419 683 14701 -26615 -10897
-1484 511 631 14286 -26505 -12082
-1592 480 544 14912 -22752 -14276
-1652 443 356 16275 -19462 -16001
-1778 474 315 19267 -14258 -18944
-1831 448 451 22094 -9383 -21332
-1686 497 734 23444 -6944 -22101
-1503 600 1184 24457 -5203 -21579
-1528 600 1552 24058 -6540 -20073
-1950 669 1850 23685 -9807 -19360
-2379 641 1911 24159 -11915 -19386
-2791 414 1761 26710 -14869 -20267
-3438 177 1456 29400 -16413 -21087
-3901 80 1365 32767 -15931 -22318
-4385 185 1790 32767 -13263 -22602
-4815 114 1785 32767 -12482 -21740
-5045 -62 1681 32767 -12228 -19209
-5323 -126 1334 32767 -12301 -17060
-5283 -245 1115 32767 -13065 -13049
-5444 -268 708 32767 -13827 -10644
-5698 -203 505 32767 -14176 -8681
-5863 -103 189 32767 -13030 -8106
-5984 133 -631 32767 -11108 -8444
-5966 488 -1299 32767 -6672 -9221
-6017 756 -2198 32767 -3460 -9518
-5946 751 -2703 32767 -1377 -8445
-5756 12 -3393 31972 -3917 -4044
-5638 -1346 -3863 18763 -8015 3619
-6520 -3146 -4924 8843 -11314 8956
-7667 -4446 -5859 -5099 -12926 15025
-9612 -5885 -7467 -12846 -7111 17895
-10300 -6552 -8126 -23129 12901 24758
-10286 -7172 -7020 -32107 26132 32767
-9171 -7855 -4430 -32768 32127 32767
-8727 -7980 -3318 -32768 23344 32767
-9105 -8106 -2826 -32768 22039 32767
-9696 -8403 -2006 -32768 32286 32767
-7041 -10133 1684 -32768 32767 32767
-9148 -7896 1528 -32768 32767 32767
-7679 -7017 4133 -32768 28388 32767
-6867 -6590 4290 -32768 21882 32767
-5985 -6102 3489 -32768 18496 32767
-5099 -5825 3303 -19948 20801 32767
-4122 -5279 3748 -12151 22921 32767
-3449 -4852 3973 -3787 24337 32767
-2608 -4332 4031 336 23997 32767
-2021 -4055 4006 5182 23754 32767
-1924 -3923 3873 8614 24066 32767
-1848 -3691 3672 10238 25379 30454
-1778 -3486 3340 12269 28860 22688
-1777 -3292 3176 13845 29757 17282
-1764 -2986 3161 13910 27792 14681
-1720 -2613 3343 11319 23474 11800
-1623 -2350 3434 5683 19658 9410
-1605 -1924 3455 -1044 15875 6632
-1518 -1607 2993 -5680 11698 3763
-1304 -1251 2531 -7254 9926 1972
-1150 -1010 2306 -8152 7910 -1024
-1080 -523 2124 -8033 7202 -5494
-1066 39 1975 -7506 8345 -9188
-981 349 1813 -5677 10814 -14754
-881 929 1660 -3193 14360 -19926
-777 1346 1846 -1868 16878 -22907
-726 1630 2046 -655 18514 -26944
-648 2025 2242 -534 15430 -30006
-603 2241 2313 -824 11912 -31252
-649 2254 1984 -47 7356 -31648
-487 2115 1648 2245 6596 -29413
-434 1877 1365 4674 7009 -27103
-438 1534 949 8865 6716 -23966
-460 1396 936 10835 5395 -22516
-495 1288 1074 11605 2501 -21452
-537 1060 1278 10920 191 -21461
-613 1037 1302 9338 -3298 -22481
-633 772 1159 8377 -5126 -23791
-632 441 847 8704 -5301 -24460
-695 334 608 10833 -4337 -25298
-875 199 366 14247 -2002 -26314
-1162 182 260 16715 211 -27124
-1291 157 306 20026 3227 -28038
-1514 250 456 21618 4203 -28590
-1566 341 521 22885 4589 -28915
-1448 353 659 23028 3975 -28285
-1345 262 638 22759 1370 -25939
-1246 158 583 22337 -822 -23865
-1230 52 532 21570 -3908 -20892
-1226 -108 452 20833 -7124 -18457
-1298 -330 355 20428 -9993 -17384
-1529 -358 395 19389 -13948 -17679
-2044 -407 566 18073 -14927 -20071
-2446 -557 640 17976 -14289 -22726
-2732 -646 419 19420 -14144 -24059
-2910 -753 260 23703 -13105 -25294
-3017 -930 116 27539 -11343 -25307
-3061 -1182 362 32767 -8383 -24239
-3286 -1303 671 32767 -8265 -23347
-3712 -1241 1139 32767 -9983 -23389
-4070 -1223 1338 32767 -12769 -23875
-4505 -1281 1509 32767 -12068 -23722
-4810 -1390 1475 32767 -10899 -22712
-4888 -1540 1451 32767 -11574 -19158
-4995 -1675 1406 32767 -13177 -15907
-4963 -1656 1432 32767 -16019 -10593
-4847 -1519 1405 32767 -18195 -5698
-4666 -1338 1320 32767 -19224 -3269
-4570 -1282 1244 32767 -21323 -1248
-4545 -1205 984 32767 -22941 -1240
-4527 -1181 693 32767 -24547 -3023
-4479 -880 225 32767 -24090 -6635
-4490 -509 -266 32767 -22990 -9655
-4563 -350 -700 32767 -21471 -14994
-4532 -142 -1574 32767 -21562 -18527
-4342 -75 -3023 32767 -23110 -21976
-4139 -100 -4035 32767 -23136 -21365
-4073 -402 -5525 32767 -20773 -14922
-4698 -935 -6337 26681 -17888 -7242
-5448 -1418 -6819 1250 -14431 9105
-7214 -1867 -7941 -26517 -7454 25873
-9345 -1725 -9273 -32768 3924 32767
-9914 -1477 -9267 -32768 24849 32767
-9926 -1108 -7878 -32768 32767 32767
-9351 -892 -6297 -32768 32767 32767
-8332 -965 -3331 -32768 32767 32767
-7307 -1275 -284 -32768 32767 32767
-5010 -1241 1031 -32768 32767 32767
-4998 -1722 4374 -32768 32767 32767
-3789 -1485 5696 -32768 32767 32767
-2453 -1114 6517 -32768 32767 32767
-1694 -1053 6518 -32768 32767 32767
-1128 -799 5693 -32768 23938 32767
-1547 -701 4478 -32768 18984 32767
-1912 -886 3649 -20088 23484 32767
-2174 -1410 2878 -2988 32767 32767
-2283 -1529 2597 5610 32767 32767
-2064 -1493 2754 11880 32767 32767
-1523 -1314 3046 10779 32767 28564
-858 -1209 3267 6998 32767 27343
-482 -993 3185 -640 20683 28818
-736 -845 2936 -6729 3306 30190
-1684 -475 2019 -7877 -3793 28895
-2191 -299 1427 -5241 -3400 23330
-2530 -81 942 -466 4734 14830
-2365 124 825 2413 10104 8598
-2106 255 900 5183 16428 -316
-1703 297 1107 5887 18845 -5562
-1419 347 1376 4991 18692 -11918
-1041 475 1782 2995 15637 -15006
-1001 513 2003 -1052 9970 -18666
-1089 370 2078 -4725 6183 -21667
-1388 324 1897 -6634 4856 -24948
-1652 167 1649 -6868 5167 -27319
-1768 74 1473 -6019 6075 -30953
-1895 27 1197 -4882 6830 -32768
-1829 -25 1029 -2774 8270 -32768
-1696 -108 976 -225 6674 -32768
-1601 -18 768 1752 3551 -32768
-1525 34 707 4380 -20 -32768
-1521 73 797 5590 -407 -32768
-1555 71 846 6805 -484 -32768
-1823 320 901 7619 -1880 -32768
-1975 470 876 8268 -2566 -32768
-2016 489 801 9956 -1817 -32768
-1896 502 683 11708 -1339 -32768
-1831 411 590 15364 -2623 -32768
-1684 325 442 18266 -4274 -32768
-1652 464 463 22030 -6783 -32768
-1780 515 685 23523 -9093 -30473
-1908 536 929 23749 -14279 -25815
-2239 451 1078 22398 -21347 -22139
-2378 584 1188 21250 -24467 -20205
-2469 617 1051 20809 -24726 -18013
-2462 467 838 22508 -21461 -16491
-2508 189 536 24748 -19121 -16249
-2551 229 444 28744 -15755 -17447
-2507 461 376 31184 -13636 -18921
-2447 619 522 32767 -11181 -20732
-2381 724 726 32767 -10641 -21161
-2339 772 831 32767 -11019 -20210
-2280 739 867 32767 -11411 -18484
-2190 625 827 32767 -11407 -14759
-2169 524 767 32767 -12143 -10732
-2218 514 806 32767 -13344 -8593
-2330 556 872 31142 -15878 -6488
-2525 469 834 29769 -17686 -5694
-2684 400 673 28437 -19056 -5573
-2950 166 313 28384 -18650 -6034
-3072 -172 123 28960 -15643 -7014
-3087 -273 118 29091 -12521 -7879
-3271 -362 369 28141 -12077 -8479
-3406 -493 590 24943 -13964 -9096
-3630 -714 925 21934 -15415 -9187
-3817 -889 1132 17312 -16721 -8595
-4217 -1130 1089 14680 -17423 -7689
-4711 -1103 846 14597 -16940 -7504
-5013 -896 633 16784 -14326 -8290
-5287 -538 273 20917 -9256 -9709
-5044 -185 92 23762 -4500 -9914
-4754 -128 108 26544 933 -8379
-4368 68 -9 27317 1905 -6309
-4239 25 -97 26843 1005 -2553
-4226 44 -296 25142 -921 1111
-4174 -227 -725 23687 -2081 3500
-4054 -328 -1077 21195 -2360 6702
-3919 -598 -1552 17892 -2449 9054
-3874 -879 -2074 15043 -2234 9826
-3851 -1015 -2362 9242 -761 9936
-4016 -1389 -2851 4532 599 9262
-4197 -1746 -3278 -2438 2384 7532
-4686 -2655 -4135 -6209 2788 6459
-5095 -3396 -4505 -11284 3940 6203
-5846 -4553 -4845 -17215 7591 8057
-6712 -5351 -4843 -22630 12121 10078
-7182 -5679 -4562 -32768 22742 14764
-7641 -6129 -3901 -32768 30082 19929
-7817 -6483 -3229 -32768 32767 30664
-7804 -6878 -2075 -32768 32767 32767
-8024 -6994 -1218 -32768 29182 32767
-8535 -7044 -145 -32768 22125 32767
-8975 -6997 1043 -32768 20725 32767
-9031 -6723 1876 -32768 27011 32767
-8248 -6250 4179 -32768 32767 32767
-8016 -5658 4809 -32768 32767 32767
-7673 -5412 4277 -32768 32767 32767
-7264 -5246 4156 -30412 32767 32767
-6937 -4937 4466 -14735 32767 32767
-6097 -4556 5318 -8850 32767 32767
-5509 -4290 5605 -6053 32767 32767
-4297 -3862 5902 -6520 32767 32767
-3378 -3752 5898 -8459 27219 32767
-2328 -3668 5539 -9178 21741 32767
-1703 -3663 4874 -8020 15270 32767
-1521 -3661 4280 -3706 14549 32767
-1445 -3617 3467 2788 19378 29760
-1268 -3414 3005 6988 23472 23647
-1135 -3174 2951 10679 28149 15285
-857 -2767 3170 9582 28378 8461
-532 -2406 3474 6395 25674 4763
-420 -2102 3580 -372 19377 -50
-358 -1610 3443 -6682 13358 -4241
-500 -1070 2988 -9340 10779 -6961
-660 -723 2647 -10552 10050 -11035
-601 -335 2416 -9454 10776 -14473
-513 264 2108 -7831 10148 -16785
-389 644 2163 -5527 9794 -20111
-194 1256 2279 -3811 7816 -23139
-191 1756 2020 -2489 6609 -25099
-310 1989 1842 72 8331 -27761
-387 2199 1653 2005 11131 -28991
-486 2165 1496 5321 14873 -29992
-686 1985 1351 8819 16604 -30348
-831 1796 1131 12253 13166 -29909
-868 1569 888 14134 9520 -28888
-841 1351 851 15652 5866 -26406
-728 1040 890 15178 2972 -23517
-804 907 1027 13728 854 -22076
-849 739 1089 10849 -1674 -20964
-958 548 1032 9063 -3026 -20992
-1052 381 871 7753 -5086 -21521
-1084 292 566 7959 -5591 -22227
-1101 259 389 9714 -4254 -23541
-1092 142 218 12549 -871 -24784
-1135 73 183 14760 958 -25527
-1198 43 83 18740 1297 -26534
-1278 52 256 21250 1334 -27065
-1329 -3 325 24523 1096 -27070
-1360 -145 375 27030 520 -26350
-1468 -65 511 27970 67 -25859
-1571 -137 547 28517 -2022 -25122
-1685 -269 631 28418 -3880 -24687
-1865 -305 624 28073 -6773 -24597
-2052 -425 574 28247 -8772 -24684
-2169 -566 335 29135 -9530 -24701
-2272 -663 186 31700 -9655 -24528
-2450 -944 133 32767 -9125 -24383
-2626 -1068 156 32767 -9286 -24495
-2935 -1240 227 32767 -10346 -24988
-3335 -1424 428 32767 -11795 -25516
-3645 -1511 519 32767 -14925 -26127
-3935 -1665 528 32767 -16512 -25748
-4032 -1811 509 32767 -16563 -23448
-4261 -2009 490 32767 -15239 -21148
-4386 -2122 572 32767 -13406 -17278
-4587 -2261 620 32767 -14132 -14692
-4701 -2371 614 32767 -16558 -11309
-4758 -2360 564 32767 -17520 -8665
-4778 -2250 492 32767 -17044 -7278
-4732 -2116 448 32767 -15490 -5841
-4622 -1940 426 32767 -15245 -5281
-4556 -1831 374 32767 -15928 -4978
-4402 -1565 79 32767 -16201 -5110
-4236 -1307 -158 32767 -15497 -5499
-4150 -1143 -318 32767 -15677 -5858
-4019 -970 -628 32767 -16600 -6059
-3910 -855 -832 32767 -17203 -6266
-3699 -772 -1170 32767 -17219 -6290
-3491 -783 -1769 32767 -17405 -6335
-3391 -778 -2289 32767 -19136 -6471
-3420 -980 -3457 32767 -21999 -6347
-3665 -1225 -4407 29622 -24979 -5785
-4735 -1845 -5987 19385 -20945 -3964
-6382 -2577 -7018 -1181 -9870 1416
-8756 -3249 -7644 -20242 832 7086
-9280 -3179 -7971 -32768 19234 20466
-8787 -2617 -8052 -32768 30928 32767
-8274 -1913 -7266 -32768 32767 32767
-7888 -878 -5233 -32768 32767 32767
-7515 -712 -3135 -32768 32767 32767
-731 -447 2352 -3513 32767 32767
-1082 -443 2241 -1950 32767 32767
-1118 -547 2064 -2010 32767 25770
-765 -710 1759 -2824 28837 19998
-438 -773 1568 -3925 23447 19962
-330 -780 1429 -6012 14226 22928
-521 -646 1133 -7217 8330 25246
-942 -526 921 -8114 930 26871
-1762 -301 568 -7567 -1524 25280
-2390 -160 520 -6580 -675 20773
-2742 104 361 -5462 -677 16351
-2835 373 260 -3360 2619 9651
-2504 420 483 -2212 6447 5777
-2296 479 505 -212 10933 683
-1980 494 575 1457 13301 -2129
-1808 471 664 3638 17010 -5611
-1509 336 985 4322 18784 -7552
-1428 244 1185 3998 16087 -10614
-1504 439 1534 1893 10379 -14022
-1329 396 1745 -213 8142 -15780
-1329 301 1820 -3299 5966 -18381
-1613 188 1645 -4577 4472 -20413
-1798 359 1167 12076 -733 -32768
-2003 515 1105 10434 -4098 -32768
-1974 492 1001 8187 -7616 -32768
-1946 542 886 7039 -8262 -32768
-1988 567 629 7931 -7191 -31157
-2074 555 452 9566 -6093 -28640
-2023 592 325 13707 -6070 -24216
-2101 689 122 19447 -8959 -19872
-1999 838 221 23089 -10246 -17298
-1839 957 435 26534 -10050 -13895
-1578 965 892 26825 -10118 -11241
-1363 1062 1432 25306 -11561 -9996
-1164 1044 1801 21284 -15765 -8579
-1064 847 1959 17663 -21817 -8154
-1220 815 1868 16409 -25122 -8764
-1362 899 1788 16670 -27174 -10960
-1568 1075 1749 18155 -26017 -13065
-1724 1280 1745 22080 -20893 -16436
-1793 1536 2068 26482 -13928 -18504
-1785 1853 2693 28851 -10335 -18767
-1851 1801 3043 31467 -10427 -17390
-2333 1674 3503 32544 -14085 -16035
-2734 1707 3507 32767 -21678 -14009
-3253 1842 3098 32767 -25448 -12794
-3857 1587 2355 32767 -26919 -11503
-4380 1097 1597 32767 -24514 -11836
-5007 570 551 32767 -21756 -13194
-5640 551 100 32767 -15970 -18221
-5976 541 -222 32767 -14576 -20978
-6747 143 -917 32767 -15572 -24355
-6986 -306 -1691 32767 -16783 -24163
-6517 -1276 -2645 32767 -12196 -17320
-6244 -2298 -3284 28444 -7548 -10370
-7750 -3818 -4678 15949 -9578 -2723
-9944 -5976 -5849 6075 -13394 634
-11232 -6663 -6872 -10381 -8008 6540
-11541 -6891 -8668 -20952 6137 15397
-11113 -7455 -8681 -32768 28781 32767
-9940 -8349 -6546 -32768 32767 32767
-8991 -8990 -4549 -32768 26290 32767
-9414 -9025 -4303 -32768 20891 32767
-9757 -9237 -3749 -32768 32767 32767
-7835 -8728 -718 -32768 32767 32767
-8156 -8762 649 -32768 32767 32767
-7230 -7663 3274 -32768 29756 32767
-5825 -6606 3154 -32768 5678 32767
-4936 -6052 2916 -32768 2252 32767
-3935 -5480 2877 -32251 5017 32767
-3021 -4934 3182 -21045 10778 32767
-2461 -4483 3215 -10819 19758 32767
-1952 -3996 2864 -3610 26143 32767
-1632 -3660 2722 6820 32767 32767
-1512 -3435 2909 13917 32767 32418
-1543 -3077 3112 17246 32767 24808
-1676 -2690 3331 17650 32767 21118
-1683 -2499 3270 16566 32767 18394
-1591 -2163 3162 13291 25445 18119
-1622 -1855 3110 7665 18668 18223
-1712 226 1714 -2933 12821 -14239
-695 2038 1037 19316 7048 -27680
-830 278 282 16857 -5972 -17415
-1747 -945 279 24419 -9457 -23684
-2236 -1064 160 26555 -10019 -26286
-2726 -1198 121 28587 -10017 -27842
-2937 -1359 149 32125 -9554 -29000
-3130 -1595 145 32767 -9618 -28098
-3149 -1815 330 32767 -9533 -26410
-3341 -1886 427 32767 -9967 -23825
-3910 -1883 560 32767 -11077 -22716
-4477 -1872 785 32767 -11998 -22694
-4728 -1884 798 32767 -12831 -22419
-4893 -2002 659 32767 -11727 -21598
-4977 -2046 552 32767 -8010 -19160
-4942 -2104 594 32767 -4756 -15610
-4808 -1971 700 32767 -5227 -12885
-4663 -1872 840 32767 -9106 -8768
-4350 -1749 1008 32767 -14608 -5058
-4167 -1636 1007 32767 -18481 -3295
-4106 -1550 862 32767 -23649 -2379
-4151 -1230 400 32767 -25530 -3078
-4297 -982 10 32767 -25110 -6232
-4506 -625 -510 32767 -21339 -11048
-4688 -279 -1012 32767 -18510 -14510
-4695 -94 -1328 32767 -14117 -18867
-4250 -43 -1820 32767 -11986 -19645
-3431 -166 -2486 32767 -14252 -17507
-3210 -133 -3103 32767 -23380 -11510
-3465 -480 -4465 32415 -29379 -6171
-4234 -540 -5347 22470 -26956 2465
-6236 -1002 -6249 11216 -17474 8484
-7925 -1082 -6505 -12814 -4920 17846
-8890 -1011 -7385 -29202 2248 26251
-8971 -773 -8107 -32768 19334 32767
-8485 -413 -7825 -32768 32767 32767
-8071 7 -6181 -32768 32767 32767
-7627 69 -4331 -32768 32767 32767
-6685 -238 -1404 -32768 32767 32767
-5316 -1392 1206 -32768 32767 32767
-3611 -1012 4182 -32768 32767 32767
-2875 -716 7335 -32768 32767 32767
-1735 -1802 8249 -32768 32767 32767
-1047 -1423 6942 -32768 22971 32767
-1306 -1031 4653 -32768 13417 32767
-1453 -792 3641 -32768 11829 32767
-1499 -722 2953 -30001 14221 32767
-1853 -861 2112 -12308 24038 32767
-2278 -803 1775 -3058 31331 32767
-2013 -816 1699 6224 32767 30741
-1211 -824 1792 9098 32767 24235
-826 -768 1917 8631 32767 20031
-478 -687 1912 4088 24510 20332
-168 -600 1841 -60 14747 22299
-286 -413 1576 -5648 1626 24811
-1224 -63 951 -7441 -4929 24472
-1931 156 448 -6100 -7362 20156
-2770 394 -35 -1619 -850 12285
-2921 642 -79 1679 4865 6211
-2813 766 60 5768 11950 -2853
-2413 684 404 8084 18037 -10330
-1802 479 787 9026 19926 -13722
-1404 308 983 9964 17536 -16343
-945 208 1460 9494 14094 -17146
-823 37 1989 6666 8033 -18416
-997 -115 2225 1884 -2286 -21509
-1655 69 2223 -3084 -12436 -27226
-1873 -58 1902 -5558 -14264 -31206
-2005 -127 1602 -6966 -10840 -32768
-2059 -244 1080 -4545 -5878 -32768
-2076 -203 753 -1186 -3691 -32768
-2020 -183 670 4687 -761 -32768
-1828 -29 806 8142 1613 -32768
-1719 25 993 12236 3060 -32768
-1728 89 1092 15310 -167 -32768
-1861 271 1209 16578 -2996 -32768
-1995 343 1224 17456 -5792 -32768
-2231 525 1156 17741 -7478 -32768
-2260 531 1006 18019 -9363 -32768
-2216 483 772 19411 -13498 -29401
-2243 716 508 20659 -15465 -25792
-2208 811 513 21974 -15310 -21028
-2175 943 587 22370 -14034 -17618
-2013 1071 819 21681 -14277 -16021
-1736 1009 1086 19492 -18225 -13405
-1601 811 1113 17826 -23013 -11800
-1670 953 914 15977 -28001 -10662
-1787 1006 770 15355 -28582 -10800
-1857 1094 568 15604 -26542 -11326
-1873 1039 422 16852 -22172 -12330
-1869 1052 404 18546 -17959 -13069
-1761 1038 593 20021 -14695 -12842
-1753 1019 834 20811 -13647 -12164
-1861 1002 1073 21409 -13220 -11031
-2101 1061 1468 21463 -13962 -10340
-2587 1139 1578 21781 -14808 -10612
-2991 974 1368 23919 -15832 -12051
-3277 728 991 27484 -15133 -13607
-3528 823 1025 29496 -13662 -14428
-3711 786 1103 30976 -13385 -15084
-4052 798 1211 30460 -15002 -15681
-4631 886 1081 29677 -15059 -16525
-4951 921 763 29319 -13234 -17843
-5236 804 183 30618 -9424 -17968
-5247 479 -454 32198 -6648 -17037
-5352 332 -809 32767 -3134 -15139
-5652 352 -1126 32767 -838 -14180
-5894 135 -1682 32767 497 -12903
-5745 -209 -2320 32767 1523 -10233
-5710 -819 -2692 30510 2225 -7696
-5600 -1587 -2935 22786 1220 -2178
-5358 -3074 -3382 15159 -955 2569
-5137 -3653 -3687 329 -6484 10202
-5886 -4375 -4244 -10396 -10488 13996
-6449 -4899 -4673 -24348 -10855 18626
-7528 -5111 -5252 -32768 -3462 23042
-8414 -5349 -4601 -32768 3746 26797
-8622 -5535 -4042 -32768 12580 32767
-8248 -6261 -3432 -32768 17898 32767
-7826 -7148 -2882 -32768 21651 32767
-8033 -7752 -2453 -32768 28944 32767
-9057 -8216 -1565 -32768 32767 32767
-7530 -8616 -1077 -32768 32767 32767
-8887 -8115 733 -32768 32767 32767
-8354 -8061 2349 -32768 32767 32767
-7270 -7411 2316 -32768 32767 32767
-6262 -6952 2579 -32538 25061 32767
-5028 -6054 3331 -28526 25528 32767
-4395 -5429 3814 -27492 25044 32767
-3504 -4629 3953 -24609 22167 32767
-2560 -4135 3621 -20776 22219 32767
-2048 -3901 3404 -13051 25988 32767
-1602 -3609 3357 -5662 29416 32767
-1403 -3260 3573 -2217 29399 32767
-1270 -3039 3660 474 25737 29555
-1005 -2751 3764 312 20786 24778
-944 -2554 3585 -732 17416 21869
-989 -2317 3436 -2922 12862 17357
-1160 -2080 3067 -4432 9478 12687
-1452 -1907 2609 -4598 8710 9533
-1658 -1860 2336 -3721 9030 4544
-1971 -1546 2028 -2828 10343 683
-2159 -1212 1713 -1100 13120 -5677
-2143 -776 1597 783 16251 -11500
-2192 -395 1620 2303 19140 -17255
-2305 134 1786 2869 18611 -20867
-2131 481 1725 3605 14554 -24802
-1925 873 1529 4937 11860 -27305
-1799 1334 1356 6192 11082 -28622
-1741 1686 1372 7845 10244 -30432
-1745 2305 1390 9007 9948 -32309
-1671 2887 1788 8954 10136 -32768
-1549 3163 1984 7709 9008 -32768
-1236 3292 1964 6597 5928 -30925
-782 2940 1737 6718 3741 -27500
-684 2712 1457 8640 747 -21673
-812 2428 1053 11963 -444 -17252
-889 2254 1050 14462 -355 -14961
-967 2143 1059 15330 -755 -14531
-1053 1953 954 16094 -1528 -15077
-1157 1569 1088 16062 -1786 -15716
-1152 1376 1034 15593 -4072 -16600
-1159 1314 931 15190 -7523 -17380
-960 944 756 15240 -8121 -17261
-866 801 553 16291 -7314 -16177
-783 484 303 18374 -5871 -14916
-834 483 144 19948 -4887 -14689
-834 378 90 22029 -3222 -15175
-752 247 144 22953 -1861 -15648
-728 97 278 23370 -1136 -16300
-772 -105 375 23231 -2482 -16964
-857 -83 444 22411 -5997 -18530
-911 -218 481 21282 -8262 -19789
-1058 -388 430 20858 -8806 -20275
-1124 -641 338 21147 -9242 -20291
-1379 -727 290 22181 -10782 -20313
-1558 -889 360 22903 -12193 -20206
-1701 -1038 488 23777 -13872 -19893
-2093 -1232 606 24867 -15639 -19831
-2610 -1499 584 26780 -18362 -20502
-3195 -1594 544 28554 -19672 -21628
-3457 -1722 626 31307 -19529 -23535
-3818 -1689 750 32767 -18787 -24732
-4136 -1545 739 32767 -17710 -26410
-4475 -1458 822 32767 -15680 -26982
-4641 -1413 759 32767 -13953 -26428
-4749 -1364 802 32767 -11364 -23977
-4869 -1412 796 32767 -10901 -19853
-5056 -1216 720 32767 -11895 -16940
-5103 -1117 805 32767 -13586 -12771
-5187 -1006 795 32767 -14776 -10487
-5154 -925 703 32767 -16195 -7891
-4919 -861 519 32767 -18230 -5949
-4653 -751 210 32767 -19948 -5012
-4555 -644 -16 32767 -21564 -4626
-4381 -421 -404 32767 -20811 -5292
-4109 -148 -872 32767 -19624 -6006
-4007 -47 -1252 32767 -18154 -7301
-3893 140 -2000 32767 -17459 -8308
-3714 142 -2668 32767 -16752 -8893
-3453 -156 -3633 32767 -16537 -7537
-3233 -323 -4728 32767 -17231 -5118
-3235 -641 -5236 23356 -14497 907
-3582 -1028 -5692 11786 -10062 5950
-4404 -1373 -6020 -9709 -4603 12726
-6601 -1838 -7081 -30398 4115 15671
-8946 -1634 -7841 -32768 18089 15133
-9245 -1407 -7642 -32768 32767 15884
-8418 -1224 -6707 -32768 32767 20628
-6692 -1110 -4304 -32768 32767 32750
-5802 -812 -2068 -32768 32767 32767
-5317 -939 -667 -32768 32767 32767
-1278 -895 2895 -4491 28518 32767
-1497 -750 2199 3654 32613 32767
-1084 -855 2181 6123 32767 32767
-911 -791 2161 5847 28045 32496
-710 -584 2055 2416 19534 28431
-620 -332 1926 -680 13516 26877
-864 -173 1644 -4589 5577 24285
-1658 111 1187 -5828 3051 21355
-2248 307 644 -4716 1835 15447
-2457 470 319 -382 3475 8852
-2409 610 221 2827 7032 4678
-2233 642 360 6127 11991 -1312
-2067 668 637 6999 14305 -7451
-1761 485 970 6297 15098 -11213
-1431 382 1292 3303 13967 -15998
-1461 464 1694 -1020 7530 -20884
-1492 343 1767 -3682 3761 -23934
-1573 205 1662 -6088 1923 -28124
-1762 -19 1309 -6054 1832 -30616
-1928 -171 1146 -4057 1780 -32768
-2053 -259 999 -1368 2707 -32768
-1948 -317 1014 485 3129 -32768
-1909 -456 1102 2487 -3 -32768
-2009 -242 1110 3103 -4530 -32768
-1979 -187 1207 2483 -9508 -32768
-2105 -87 1292 985 -10245 -32768
-2262 -18 1073 773 -9364 -32768
-2239 -118 892 2742 -7531 -32768
-2201 -90 629 7012 -6310 -32768
-2289 -67 522 10241 -6198 -32768
-2398 4 581 13955 -7719 -32768
-2569 29 690 16716 -12901 -32768
-2638 226 522 18167 -16756 -32768
-2631 323 443 20390 -18353 -32768
-2603 449 166 22378 -16408 -31362
-2538 507 39 25979 -10693 -27835
-2351 650 -45 29267 -5463 -24458
-2039 813 172 30528 -3656 -22353
-1756 767 478 30327 -4067 -19225
-1508 666 731 29185 -7178 -17256
-1526 678 852 26524 -13992 -14946
-1694 621 825 23790 -20407 -13728
-2162 695 595 22670 -22155 -13568
-2440 670 412 22810 -19664 -13651
-2617 634 199 24793 -13187 -12994
-2507 658 242 26485 -8919 -11767
-2397 687 417 28301 -5902 -9071
-2302 652 851 28536 -6418 -7234
-2445 749 1345 27314 -8863 -5770
-2633 773 1467 25746 -10690 -5953
-3036 639 1264 26286 -11524 -6756
-3379 428 845 28091 -12197 -7159
-3527 241 470 31957 -12872 -7134
-3618 253 378 32767 -12673 -6635
-3755 281 482 32767 -13754 -6063
-4125 252 653 32767 -15176 -6272
-4544 299 521 30498 -15681 -8029
-4941 167 193 27867 -13355 -10374
-5147 -119 -358 27131 -11180 -11602
-5232 -318 -750 27353 -8132 -13054
-5497 -580 -1326 27917 -6784 -13671
-5532 -861 -1635 28411 -3822 -13117
-5611 -1230 -2019 27179 203 -10502
-5465 -1485 -2290 25031 1259 -6915
-5037 -2198 -2930 18780 -1218 1661
-4793 -2640 -3158 12164 -3061 8519
-5140 -3288 -3819 267 -4212 17686
-5913 -3931 -4423 -7918 -2584 21467
-7357 -4971 -5099 -19953 6604 24138
-8126 -5397 -5259 -27816 15456 25684
-8097 -5836 -4625 -32768 26409 32560
-7149 -5941 -3189 -32768 27539 32767
-6965 -5889 -2429 -32768 22389 32767
-7370 -5756 -1698 -32768 19653 32767
-7653 -5703 -1283 -32768 20953 32767
-7749 -5735 -334 -32768 22416 32767
-8661 -8013 -4591 -32768 32767 32767
-6804 -5508 2058 -32768 19023 32767
-5623 -4887 3383 -32768 5172 32767
-5081 -4504 3004 -32768 3476 32767
-4939 -4477 2405 -32768 3190 32767
-4519 -4240 2051 -26563 5756 32767
-4207 -4122 2064 -11831 14535 32767
-3781 -3922 2445 -1924 24232 32767
-3397 -3571 2863 1643 28389 32767
-3045 -3463 3130 3523 31682 32767
-2581 -3284 3133 3812 32012 32767
-2097 -3177 2984 4213 31841 32241
-1824 -3145 2930 4539 31265 27436
-1661 -3037 2938 4365 30151 24955
-1639 -2943 2839 3965 27603 21935
-1576 -2814 2652 3621 25500 19870
-1579 -2705 2505 3287 23789 18730
-1673 -2546 2444 2123 20286 16189
-1782 -2266 2456 -47 17039 12829
-1831 -1969 2400 -1734 16127 10521
-1885 -1816 2273 -3653 16295 7062
-1871 -1524 2126 -4516 16555 4697
-1724 -1214 1989 -5129 17002 880
-1574 -961 1906 -4899 16900 -3411
-1506 -515 1656 -4142 16871 -6847
-1456 -143 1569 -2628 18551 -12715
-1326 432 1748 -1557 21085 -18754
-1227 982 2024 -1028 22931 -24515
-1074 1364 2226 -704 23366 -27873
-890 1685 2394 -532 22213 -31630
-766 2091 2309 175 18761 -32768
-713 2210 2056 1449 15575 -32768
-561 2056 1574 4679 11481 -30500
-522 1747 1114 7508 9974 -27943
-456 1431 843 11920 9444 -23798
-597 1139 612 15910 8699 -20796
-744 1035 544 18347 6551 -20063
-1019 935 728 18517 4911 -20768
-1375 876 1115 16424 3065 -23318
-1575 866 1175 13241 1380 -27034
-1755 824 960 11845 163 -29439
-1716 789 682 12114 -572 -31408
-1429 608 339 13913 292 -31049
-1145 335 127 18444 2785 -28286
-1074 252 68 23746 5262 -24655
-1032 249 70 27026 5940 -22635
-1119 164 157 30709 5073 -21023
-1363 79 332 32110 3687 -21131
-1517 35 435 32538 1587 -22735
-1780 -56 578 31849 324 -24380
-1860 -57 584 29976 -1491 -26654
-1940 -173 603 28530 -2040 -27477
-1997 -419 505 27150 -1973 -27214
-2073 -623 356 27703 -2367 -25500
-2232 -880 94 30327 -3434 -23254
-2345 -1059 43 32659 -4390 -21568
-2539 -1437 92 32767 -6908 -19165
-2739 -1588 269 32767 -10041 -17233
-3048 -1774 471 32767 -11815 -16549
-3409 -1861 457 32767 -13862 -16839
-3810 -1797 334 32767 -14234 -17635
-3978 -1753 226 32767 -12606 -18548
-4027 -1787 124 32767 -10349 -18319
-3898 -1774 154 32767 -5910 -15834
-3813 -1930 243 32767 -2868 -11745
-3896 -1989 447 32767 -2473 -9130
-3922 -1965 542 32767 -5171 -5818
-3917 -1913 665 32767 -8508 -4003
-3947 -1905 685 32767 -12802 -1878
-3948 -1842 606 32767 -14202 -341
-3953 -1705 517 32767 -13793 302
-4044 -1613 373 32767 -13080 372
-4078 -1483 71 32767 -12864 -59
-4046 -1379 -180 32767 -12476 -1008
-3893 -1170 -497 32767 -11130 -2053
-3767 -840 -719 32767 -10261 -3184
-3645 -505 -869 32767 -10205 -3873
-3586 -317 -993 32767 -9707 -4845
-3272 -62 -1212 32767 -8800 -5043
-2838 48 -1347 32767 -7488 -4254
-2526 73 -1539 32767 -8239 -2344
-2238 64 -2120 32767 -10390 -848
-2184 -25 -2687 27965 -15707 1287
-2394 -274 -3555 21903 -18778 2516
-2790 -459 -4356 16850 -17846 2850
-3199 -685 -4981 7288 -14195 3244
-4007 -1133 -5864 -695 -10786 3768
-4589 -1574 -6501 -14210 -3943 6589
-5754 -2254 -7103 -23973 2105 10095
-6987 -2562 -7132 -32768 13273 17577
-7320 -2438 -6518 -32768 26352 27849
-7489 -2181 -5465 -32768 32767 32767
-7531 -1941 -3817 -32768 32767 32767
-7421 -1873 -2492 -32768 32767 32767
-6741 -1879 -241 -32768 32767 32767
-6147 -1944 1109 -32768 32767 32767
-4978 -1916 2921 -32768 32767 32767
-3991 -1540 4192 -32768 32767 32767
-3411 -1647 4345 -32768 30788 32767
-2996 -1792 3882 -32768 26617 32767
-2861 -1764 3859 -32768 25120 32767
-2906 -1980 3716 -25296 28054 32767
-2836 -2094 3398 -13578 31283 32767
-2804 -1934 3245 -315 32767 32767
-2521 -1576 3158 5874 32767 32767
-1981 -1323 3275 6254 32767 32767
-1890 -1124 3012 4476 32767 32767
-1564 -1200 2963 1864 24622 32767
-1515 -1054 2441 650 17329 30650
-1645 -877 2241 -865 11079 24492
-1996 -615 1821 -1235 10267 18011
-2364 -410 1539 -753 12195 13349
-2519 -290 1351 734 17564 6503
-2470 -299 1407 2202 22954 461
-2368 -402 1452 2969 23560 -3262
-2000 -535 1563 3797 20203 -8064
-1775 -444 1497 4270 13935 -11739
-1443 -369 1511 4129 11283 -13771
-1244 -468 1447 3373 9017 -16521
-1420 -424 1343 2427 7308 -20479
-1775 -394 1256 1722 7314 -23925
-1944 -378 1215 999 9501 -29324
-2084 -485 1125 1330 9757 -32768
-2225 -320 940 2215 8336 -32768
-2145 -278 841 4196 7194 -32768
-1939 -255 795 6817 6718 -32768
-1903 -190 734 9370 3894 -32768
-1894 -58 767 10356 1164 -32768
-1852 13 885 10689 -3015 -32768
-1784 -26 932 9862 -7251 -31697
-1636 185 1122 8583 -10175 -29569
-1587 182 1177 6361 -14974 -26776
-1662 146 997 5136 -19456 -25041
-1843 136 729 5222 -21202 -24721
-2079 280 529 6696 -21680 -25763
-2335 417 310 8501 -20484 -26954
-2424 555 35 12634 -17078 -28478
-2361 670 22 17538 -11751 -28837
-2022 766 239 20558 -8407 -28141
-1939 646 394 24125 -7101 -26456
-1794 701 583 26259 -9273 -24745
-1774 883 614 27001 -11413 -23713
-1727 939 808 26995 -13357 -21916
-1730 940 914 26164 -14790 -19943
-4017 471 1386 32767 -16002 -16453
-4406 484 1168 32767 -11319 -18623
-4469 474 1388 32767 -8334 -18793
-4480 401 1537 32767 -7483 -17016
-4499 147 1488 32767 -10855 -13025
-4554 -110 1199 32734 -13038 -9839
-4752 -256 806 31343 -14842 -6024
-5347 -458 84 31854 -15968 -4697
-5798 -633 -487 32767 -15516 -4925
-6213 -708 -870 32767 -12597 -7380
-6414 -755 -1529 32767 -7761 -9466
-6294 -944 -2093 31856 -2992 -9627
-5871 -1200 -2326 27450 4802 -6437
-5293 -2040 -2796 19340 6104 1022
-5286 -3140 -3290 11858 2731 6983
-5495 -3702 -3838 -862 -3899 16126
-5728 -4397 -5192 -12232 -4451 24632
-6516 -4937 -6350 -19028 1275 28502
-7166 -5248 -6528 -29845 16510 30485
-8474 -5514 -5938 -32768 29442 30274
-8443 -5802 -4726 -32768 32767 32767
-7804 -6065 -3885 -32768 32767 32767
-7720 -6168 -2837 -32768 29921 32767
-8298 -6123 -2063 -32768 28797 32767
-8710 -6017 -1570 -32768 31174 32767
-8066 -6130 1080 -32768 32767 32767
-7891 -5617 1864 -32768 32767 32767
-7316 -5665 2090 -32768 32767 32767
-6459 -5318 2429 -32768 21834 32767
-5789 -4693 2212 -32768 5671 32767
-4705 -4434 2372 -32768 1162 32767
-4105 -4280 2513 -24587 -569 32767
-3467 -4067 2536 -17841 1905 32767
-3279 -4005 2439 -7741 10679 32767
-3143 -3913 2158 2266 21336 32767
-2926 -3874 2205 10432 29945 32767
-2610 -3688 2486 14032 32767 27662
-2533 -3472 2688 16594 32767 20290
-2372 -3158 2864 16738 32767 16711
-2213 -2960 2913 15304 30677 13244
-2240 -2697 2888 12334 26233 10577
-2268 -2441 2884 9501 23417 8676
-2300 -2277 2861 4467 19852 5607
-2312 -1998 2567 24 17874 2601
-2194 -1594 2208 -1932 16946 545
-2163 -1230 2002 -3280 14087 -3149
-2184 -579 1872 -3432 12605 -6257
-2112 -149 1778 -2775 11596 -10827
-1836 478 1693 -1264 11415 -15273
-1737 1146 1606 146 11909 -18574
-1597 1500 1587 2761 14064 -23808
-1448 2034 1707 4529 15487 -27472
-1480 2688 2084 6211 15646 -32768
-1368 3101 2476 5729 14194 -32768
-1181 3305 2769 3917 9928 -32768
-1024 3265 2590 3024 6535 -32768
-876 2948 2194 3961 2390 -32768
-773 2475 1491 7654 -647 -28048
-777 2128 1010 10530 -2207 -24954
-837 1815 749 13955 -4247 -21622
-909 1705 738 14992 -5926 -20152
-962 1500 834 13655 -5964 -20055
-851 1288 900 11894 -5596 -20340
-793 1111 885 9064 -5962 -21060
-783 839 652 7660 -7082 -21520
-710 555 356 8051 -7775 -21309
-721 425 178 10439 -8219 -20584
-769 332 -54 13020 -7765 -19945
-776 232 -214 18016 -6557 -18576
-748 156 -261 23035 -4375 -17194
-748 85 -161 25594 -2538 -16575
-754 78 -10 27441 -629 -16421
-787 81 174 26848 -1168 -17149
-789 -30 314 25413 -2336 -17880
-768 -240 441 22580 -5299 -19202
-869 -387 334 20853 -7833 -20027
-914 -512 277 18991 -10427 -20881
-1123 -709 119 18781 -11564 -21140
-1459 -1007 -37 19729 -11623 -21162
-1674 -1181 -17 22046 -10502 -21326
-2107 -1336 99 24536 -9470 -22371
-2631 -1442 206 26082 -9452 -23647
-2947 -1538 249 28491 -9278 -25731
-3241 -1652 292 31211 -7553 -27106
-3345 -1817 387 32767 -6460 -27228
-3434 -1917 437 32767 -7044 -26527
-3749 -1903 573 32767 -9469 -25851
-4163 -1944 837 32767 -11446 -25351
-4419 -1942 894 32767 -13516 -24332
-4702 -1975 994 32767 -13014 -23207
-4817 -2033 1003 32767 -11137 -20791
-5014 -1944 909 32767 -10418 -18932
-5061 -1879 916 32767 -10280 -16066
-5003 -1720 1075 32767 -10887 -13069
-4876 -1494 1162 32767 -12165 -11252
-4835 -1310 1076 32767 -15015 -9342
-4725 -1046 753 32767 -17071 -8306
-4568 -838 431 32767 -17502 -7845
-4531 -578 71 32767 -16627 -7745
-4486 -426 -84 32767 -13993 -8173
-4338 -302 -230 32767 -12033 -8582
-4015 -180 -369 32767 -13629 -8183
-3735 -74 -624 32767 -15300 -7786
-3582 -23 -1056 32767 -17239 -7031
-3422 -149 -2070 32767 -18565 -6283
-3423 -217 -2963 32767 -21772 -4896
-3602 -209 -4091 32457 -22831 -3687
-3823 -335 -4633 26943 -18665 -516
-4483 -552 -5145 13804 -10601 4786
-5563 -983 -5753 1622 -7044 10006
-6600 -1436 -6593 -15933 1337 19499
-9304 -1665 -8101 -24618 13479 24506
-9926 -1645 -8163 -32768 32767 31880
-9479 -1544 -7039 -32768 32767 32767
-8261 -1114 -4654 -32768 32767 32767
-7153 -879 -1979 -32768 32767 32767
-6392 -1182 -577 -32768 32767 32767
-7945 -3522 -2478 -32768 32767 21965
-3772 -1874 4484 -32768 32767 32767
-1581 -2046 6383 -32768 32767 32767
-1446 -2153 6311 -32768 32767 32767
-826 -1295 5813 -32768 31922 32767
-746 -811 4670 -32768 28735 32767
-770 -704 3981 -19160 27252 32767
-1341 -362 3203 -9074 28803 32767
-1995 -295 2745 1953 32767 32767
-2289 -373 2351 7960 32767 32767
-1796 -562 2575 8839 32767 32767
-1517 -587 2637 6682 30268 29808
-959 -668 2636 3639 22136 28434
-812 -624 2461 -2116 10519 28329
-1212 -439 2154 -7755 1152 26666
-2191 -155 1634 -10127 -1289 23251
-2936 56 1215 -10082 2669 14707
-3508 191 653 -6060 11762 4999
-3279 62 790 -2711 16280 -711
-3049 138 685 2711 17423 -8226
-2487 143 736 7023 17313 -13488
-1729 4 1002 8302 18201 -15498
-1291 -16 1323 7212 18398 -17174
-940 -62 1637 3318 14385 -19017
-894 -133 1754 -19 10773 -20988
-1084 -189 1696 -4643 5034 -25407
-1463 -286 1538 -7715 -313 -31083
-1748 -235 1229 -8311 -2328 -32768
-1760 -200 1022 -6771 -1508 -32768
-1617 -302 650 -4047 471 -32768
-1532 -315 557 1133 3545 -32768
-1423 -259 618 5483 4808 -32768
-1432 -182 884 7086 3659 -32768
-1488 -83 1088 7314 -633 -32768
-1681 101 1251 5616 -6225 -32768
-1863 128 1277 4182 -9863 -32768
-1996 211 1085 2979 -13906 -32768
-2028 287 799 3126 -14572 -32768
-2030 274 668 4927 -13300 -32768
-2063 342 412 8723 -11845 -32768
-2141 517 278 12007 -10700 -32565
-2129 563 353 16957 -8931 -31265
-1951 661 586 19742 -8535 -29795
-1822 748 802 22521 -9680 -26774
-1611 762 1177 23124 -12302 -22982
-1633 698 1427 22820 -14055 -20724
-1852 749 1386 22610 -15395 -18873
-2216 689 1327 23174 -14765 -18653
-2409 495 1224 24856 -14061 -19342
-2544 540 1013 26581 -13974 -19994
-2523 663 896 29468 -13051 -20226
-2405 754 995 30939 -11584 -19653
-2333 790 1040 32165 -10176 -17830
-2326 837 1099 32321 -10122 -16370
-2361 782 1072 31968 -11407 -14137
-2403 619 1078 30723 -13028 -11990
-2826 389 1169 29268 -14338 -11156
-3158 278 1063 27157 -15245 -10687
-3396 57 881 26000 -13109 -10013
-3495 -208 657 25926 -11227 -9266
-3588 -375 635 26316 -9439 -8187
-3664 -545 633 26482 -9540 -7534
-3749 -572 740 25912 -11010 -6859
-3783 -543 964 24100 -14013 -6288
-3939 -532 1067 21746 -16202 -6287
-4162 -371 929 20518 -16026 -6849
-4521 -196 702 20091 -13356 -9080
-5005 93 178 22118 -8423 -12022
-5180 422 -305 24478 -4506 -13363
-5073 519 -449 27929 653 -13147
-4751 626 -674 29679 2808 -11737
-4359 598 -773 29718 3955 -7778
-4150 431 -819 26935 3758 -2412
-3934 335 -956 23692 1266 1367
-4042 -173 -1781 18113 -4957 5638
-4445 -684 -2626 13991 -7306 7103
-4785 -1222 -3155 7335 -6386 7643
-5439 -2116 -3725 2384 -4251 7247
-5633 -2806 -4087 -6222 -798 7326
-6041 -3772 -4396 -13055 2784 7942
-6416 -4125 -4777 -23349 10925 9870
-6721 -4656 -5301 -31153 19137 16385
-7176 -5363 -4657 -32768 19606 28726
-7549 -5928 -3521 -32768 16548 32767
-7657 -6179 -2921 -32768 14308 32767
-7804 -6680 -2295 -32768 15395 32767
-8036 -7082 -1870 -32768 15540 32767
-8162 -7377 -1407 -32768 15970 32767
-7851 -7532 -741 -32768 22878 32767
-8849 -6302 521 -30530 32767 32767
-7941 -6666 2665 -31131 32767 32767
-8324 -6427 2472 -27756 32767 32767
-7955 -6261 2394 -21114 32767 32767
-6871 -5734 3061 -18457 32767 32767
-6209 -5500 3540 -18590 32767 32767
-5255 -4773 3997 -21084 32767 32767
-3964 -4108 4114 -23016 32767 32767
-3248 -3839 4093 -25408 25699 32767
-2538 -3531 4153 -26726 14399 32767
-2117 -3336 3844 -26293 7981 32767
-1937 -3183 3556 -23415 3542 32767
-1864 -3082 2913 -19985 3430 32767
-1856 -3002 2614 -13717 7043 32767
-1772 -2849 2400 -7988 11096 27078
-1611 -2729 2505 -5390 13950 21558
-1582 -2533 2579 -3504 18473 13130
-1515 -2261 2649 -3276 21107 7514
-1484 -1987 2666 -3970 23271 -490
-1402 -1519 2678 -4798 24299 -7103
-1339 -1010 2570 -4849 24206 -12346
-1355 -417 2369 11772 10556 -25664
-900 2130 1069 14372 8275 -22011
-937 1941 707 16241 7437 -20288
-972 1836 740 17634 5231 -18473
-1188 1613 898 17031 1937 -18010
-1247 1648 958 14054 -2967 -18104
-1151 1501 1036 11279 -4715 -18062
-1039 1341 1046 7383 -5416 -17117
-858 1043 811 5855 -6659 -15934
-907 -109 149 24100 4932 -26659
-850 -199 224 24938 5428 -27425
-830 -321 280 26314 3789 -26897
-908 -488 276 27287 357 -25729
-1004 -597 305 28162 -5895 -23343
-1128 -747 410 28009 -10329 -20886
-1412 -998 428 27693 -12243 -19751
-1745 -1117 428 27062 -14336 -19712
-2423 -1181 353 26752 -15227 -21065
-2907 -1243 286 26891 -15081 -24445
-3335 -1427 171 27736 -13596 -26783
-3545 -1616 15 30670 -10052 -29186
-3690 -1724 -70 32767 -6173 -30068
-3825 -1780 -150 32767 -4290 -29858
-4011 -1871 -14 32767 -3795 -28268
-4105 -1919 212 32767 -5044 -26324
-4221 -1965 401 32767 -7382 -22866
-4369 -2087 694 32767 -8818 -19303
-4529 -2187 794 32767 -9806 -17165
-4645 -2213 795 32767 -11118 -14633
-4753 -2247 763 32767 -10788 -12704
-4849 -2194 703 32767 -10025 -11626
-4877 -2241 595 32767 -9575 -10015
-4802 -2058 442 32767 -9824 -9003
-4744 -1907 329 32767 -11183 -7676
-4635 -1566 57 32767 -12245 -7094
-4565 -1324 -117 32767 -12618 -6556
-4468 -983 -361 32767 -12171 -6176
-4408 -806 -516 32767 -11536 -5934
-4222 -559 -770 32767 -9653 -5548
-4007 -330 -1039 32767 -8188 -5263
-3805 -243 -1197 32767 -6715 -4563
-3503 -106 -1521 32767 -7918 -3518
-3090 -57 -1965 32767 -10479 -2538
-2859 -139 -2392 32767 -16581 -554
-2701 -302 -3288 31883 -20797 1001
-2840 -440 -3841 25882 -22541 3296
-3159 -804 -4359 19614 -19870 4868
-3373 -977 -4530 4993 -13881 7871
-3515 -1363 -5149 -13380 -14054 13413
-4203 -1882 -6578 -23990 -14854 19196
-5209 -2204 -7729 -32737 -4809 29179
-7154 -2397 -8370 -32768 18933 32767
-7935 -2255 -7166 -32768 31696 32767
-7895 -1995 -6011 -32768 32767 32767
-7489 -1703 -3901 -32768 32767 32767
-6929 -1481 -2091 -32768 32767 32767
-6416 -1546 -688 -32768 32767 32767
-5697 -1653 1035 -32768 32767 32767
-4936 -2886 800 -32768 32767 32767
-4878 -1080 4927 -32768 32767 32767
-4672 -651 4717 -32768 32767 32767
-4550 -247 4877 -32768 32767 32767
-4280 311 4570 -28635 32767 32767
-4111 695 4617 -10283 32767 32767
-4113 919 4558 -2419 32767 32767
-4075 682 4422 1586 32767 32767
-3556 83 4800 -2660 32767 32767
-3461 -160 4109 -5951 32767 32767
-2536 -596 3339 -8240 24650 32767
-2060 -813 2993 -10068 22077 32767
-1760 -939 2657 -11672 15961 32767
-1488 -795 2271 -14097 7056 32767
-1441 -668 2017 -16776 3757 27438
-1721 -387 1668 -18706 3220 13997
-1976 -327 1249 -17862 5643 177
-2188 -274 731 -14832 10070 -8231
-2284 -303 451 -6983 20374 -18766
-2082 -352 479 1767 30355 -25721
-1807 -271 988 5978 32767 -28662
-1717 -136 1424 7726 31424 -31635
-1585 -80 1963 5888 27240 -32768
-1604 -84 2088 781 20601 -32768
-1669 -142 1831 -3753 16840 -32768
-1603 -259 1404 -5684 15119 -32768
-1486 -304 1090 -7188 12052 -32768
-1383 -347 935 -7677 7688 -32407
-1275 -281 718 -7404 2229 -30389
-1281 -187 510 -6648 -1602 -29467
-1404 -138 375 -4707 -6271 -29385
-1672 -45 254 -2238 -8407 -31208
-1934 126 108 -414 -8221 -32768
-2016 213 5 2784 -5786 -32768
-2010 389 -92 5160 -3440 -32768
-2012 415 -129 8899 -235 -32768
-2152 595 -170 12987 1785 -32768
-2205 675 -248 15853 2477 -32768
-2164 746 -218 20067 3937 -32768
-2064 855 -86 22457 4686 -32768
-1989 945 82 24614 3248 -32768
-1862 1006 352 24686 -1339 -29452
-1833 1034 547 23361 -6137 -23416
-1869 1035 674 21986 -8392 -19645
-1942 959 828 19721 -11187 -14960
-2134 841 880 18486 -13467 -12783
-2298 793 816 17702 -16319 -11019
-2530 782 687 18373 -16955 -10829
-2640 801 630 19368 -16446 -11125
-2615 816 631 21189 -14476 -11337
-2425 819 741 22383 -12198 -11101
-2131 942 850 23964 -8744 -9696
-1932 883 990 25104 -7451 -7005
-1675 837 1271 25403 -8173 -4945
-1675 838 1440 25117 -11094 -2525
-2062 805 1662 24618 -14402 -2349
-2726 856 1511 25110 -15716 -3766
-3094 854 1311 27576 -15778 -7028
-3313 701 1199 29785 -14308 -8864
-3264 346 1174 32767 -12104 -9680
-3349 267 1185 32767 -12860 -9211
-3784 228 1247 32767 -15076 -9020
-3993 132 1232 32767 -20004 -8536
-4331 -48 927 32767 -23399 -7817
-4630 -49 744 32767 -25539 -6900
-5044 100 269 32767 -24291 -6867
-5381 145 -316 32767 -19245 -7973
-5461 269 -632 32767 -13479 -9801
-5558 245 -1178 32767 -10772 -10592
-5415 -49 -1472 32767 -8450 -9739
-4951 -327 -2046 32767 -8045 -7243
-4878 -748 -2455 31250 -9237 -2103
-5456 -1675 -3208 26051 -14151 2120
-5950 -2745 -3819 20286 -16977 4741
-5990 -3379 -4338 9395 -14683 9755
-6519 -4341 -6006 151 -4737 14635
-7372 -5071 -7363 -5011 4607 17092
-7750 -5468 -7362 -14944 19320 21287
-7440 -5783 -5451 -30173 25935 29527
-6976 -5870 -4449 -32768 23028 32767
-7089 -5738 -3631 -32768 20451 32767
-7571 -5758 -3322 -32768 22988 32767
-8026 -5992 -2191 -32768 25667 32767
-7874 -5940 -599 -32768 24396 32767
-7674 -5031 2085 -32768 23566 32767
-5930 -5094 3062 -32768 16773 32767
-5486 -4782 3116 -32768 5766 32767
-5159 -4493 2325 -32768 2934 32767
-4712 -4206 2115 -32768 6821 32767
-4392 -3994 2454 -21076 15020 32767
-3796 -3731 2996 -13904 19108 32767
-3343 -3569 3303 -7120 23100 32767
-2824 -3402 3534 -3190 25624 32767
-2361 -3207 3441 -998 27118 32767
-2163 -3110 3331 2368 29495 32767
-1980 -2997 3108 5986 32115 28393
-1874 -2890 2982 8130 32767 24969
-1844 -2771 2965 10113 32767 20839
-1771 -2633 2988 10333 32767 18776
-1743 -2586 3009 8966 29947 16349
-1785 -2497 2949 6088 23985 14052
-1917 -2324 2838 3779 20898 12363
-1968 -2264 2724 419 18600 9680
-2095 -2028 2543 -1467 17711 7611
-2103 -1811 2471 -3643 17157 4105
-1989 -1525 2053 -3937 17827 318
-1923 -1084 1597 -2990 19364 -2622
-1849 -804 1397 -470 23367 -7632
-1735 -335 1307 2441 26354 -13295
-1716 387 1320 4333 26982 -17603
-1713 821 1342 7315 25894 -24228
-1446 1646 1557 9012 23300 -28115
-1334 2214 1791 10154 18284 -32579
-992 2642 2201 9329 16485 -32768
-643 2866 2509 8165 15751 -32768
-483 2784 2545 6772 12313 -31090
-345 2526 2151 6993 8905 -28323
-346 2301 1870 9269 3739 -24085
-448 2137 1453 11632 561 -21602
-804 1812 1034 15953 -3990 -19369
-1000 1715 966 19440 -6613 -19145
-1131 1578 754 21839 -7115 -19712
-989 1222 545 22970 -6155 -19873
-899 1010 441 23942 -3319 -20006
-878 842 381 24039 -1366 -20297
-1024 627 355 23380 167 -21188
-1027 510 475 21767 523 -22146
-1069 416 549 19951 -285 -22821
-955 326 523 19067 -1100 -22710
-815 256 440 18877 -3148 -21011
-688 100 288 20123 -5720 -18114
-680 -46 228 21413 -7139 -16160
-804 -125 163 23419 -8983 -14087
-1156 -228 208 24355 -9625 -13665
-1407 -296 276 24677 -10006 -14426
-1748 -377 354 23983 -10399 -15981
-1967 -607 402 23175 -9842 -17424
-2118 -814 310 23188 -9205 -18125
-2219 -994 220 24403 -8810 -18837
-2465 -1330 85 26115 -9108 -19267
-2836 -1588 30 29619 -10281 -20408
-3308 -1910 -35 32340 -10977 -21154
-3492 -2131 8 32767 -11243 -21443
-3765 -2178 114 32767 -11260 -21158
-3939 -2149 206 32767 -11005 -20679
-3944 -2029 352 32767 -9928 -19396
-4040 -1905 449 32767 -9366 -18317
-4097 -1882 521 32767 -8618 -16293
-4366 -2028 536 32767 -8358 -14778
-4459 -2049 490 32767 -8237 -12004
-4514 -2186 403 32767 -8561 -9709
-4476 -2213 392 32767 -11056 -5701
-4417 -2247 479 32767 -14369 -1957
-4368 -2372 664 32767 -15703 -249
-4375 -2215 563 32767 -17290 411
-4394 -1736 313 32767 -17761 -516
-4372 -1376 120 32767 -16482 -3165
-4223 -914 -133 32767 -14131 -5083
-4044 -673 -350 32767 -10083 -7358
-3662 -427 -536 32767 -7730 -8180
-3405 -347 -659 32767 -6280 -8191
-3077 -258 -778 32767 -7503 -7492
-2911 -174 -887 32767 -10051 -6876
-2709 -7 -1205 32154 -15003 -6015
-2484 -21 -1697 30915 -17700 -5477
-2267 -73 -2194 29406 -20853 -4397
-2202 -233 -3011 28169 -22192 -4036
-2459 -382 -3689 24854 -21447 -5055
-3062 -591 -4420 17385 -17565 -7373
-3803 -1042 -4977 10068 -14646 -8626
-5087 -1833 -5965 -3205 -7402 -6625
-6394 -3161 -7222 -12110 -1642 -379
-7116 -3586 -7706 -26241 10023 15511
-7283 -3298 -7359 -32768 22219 32739
-6791 -2316 -5964 -32768 28570 32767
-6498 -1577 -5033 -32768 32767 32767
-5912 -845 -3359 -32768 32767 32767
-5387 -899 -2010 -32768 32767 32767
-3841 -1709 -923 -32768 32767 32767
-3577 -1223 2561 -32768 32767 32767
-2201 -398 5501 -32768 32767 32767
87 206 9694 -32768 32767 32767
435 -1280 9362 -32768 28471 32767
-373 184 4934 -32768 16015 32767
87 647 4393 -32768 24619 32767
-118 878 3538 -26646 27614 32767
-375 1028 3198 -16473 28099 32767
-1129 992 2424 -12798 30395 32767
-1820 736 2086 -9608 32767 32767
-2213 242 1512 -6117 26485 32767
-1648 4 1029 -3529 22574 28904
-1419 -53 1043 -1941 20419 23085
-1721 110 992 -3057 15896 18281
-2041 371 961 -4947 12195 15155
-2342 515 919 -8519 8854 9906
-2779 634 735 -10600 7742 6133
-3177 621 550 -10937 7303 658
-3279 472 110 -6649 8546 -2782
-3030 264 35 -184 12387 -4204
-2682 267 203 3686 14902 -4889
-2403 235 404 7180 15089 -6267
-2024 276 755 7450 13585 -7732
-1795 242 1056 4797 11010 -10613
-1626 163 1584 1487 7890 -12971
-1728 205 1468 -2990 11 -17337
-1717 136 1277 -5543 -4218 -21430
-1627 0 1034 -5915 -3989 -23568
-1657 -36 807 -3864 -3549 -26399
-1755 -6 515 469 -3198 -29269
-1627 62 468 3605 -2062 -30793
-1498 121 606 7023 298 -32191
-1363 139 777 8333 774 -32664
-1358 254 809 9314 -997 -32768
-1322 293 748 9571 -3629 -32768
-1206 258 763 9320 -5314 -32147
-1152 230 737 8634 -8605 -29954
-1231 138 581 8437 -10646 -28099
-1423 211 477 8779 -11968 -25821
-1793 403 321 10071 -11266 -24436
-1927 482 249 11609 -10692 -23603
-1920 653 148 14343 -8899 -21896
-1720 840 381 15840 -7052 -20191
-1567 824 627 16925 -5923 -17183
-1351 904 1003 16630 -7210 -15184
-1193 891 1252 15053 -11978 -12445
-1140 640 1355 13679 -18557 -10409
-1277 637 1097 14122 -23609 -9330
-1695 611 846 15383 -24262 -9515
-2044 717 690 18003 -20828 -11105
-2294 857 608 19843 -16363 -12501
-2306 1014 679 22191 -9531 -14172
-2240 1056 768 23735 -5381 -14445
-1998 1076 994 24152 -5131 -13547
-1906 1023 1115 23832 -7876 -11000
-1880 956 1270 22746 -12059 -8207
-2093 870 1247 21940 -14922 -6831
-2196 788 1207 20889 -17612 -5461
-2468 667 957 20743 -17669 -5116
-2692 489 815 21117 -16326 -5308
-2815 278 712 22321 -14812 -6073
-2986 296 623 23662 -14900 -7120
-3274 326 634 24322 -14839 -8089
-3501 300 728 24320 -14462 -9974
-4114 260 874 23555 -14569 -11868
-4473 370 902 21588 -14699 -15107
-4699 410 759 20166 -13925 -16790
-4746 287 460 20146 -13054 -16491
-4731 205 215 21286 -12468 -14344
-4730 36 -4 22728 -12558 -11536
-4985 -259 -450 24011 -12289 -10035
-5165 -524 -939 26137 -11271 -8292
-5158 -827 -1333 28023 -9919 -6771
-5086 -1385 -2050 28768 -9807 -5556
-4928 -1749 -2440 27635 -9608 -2738
-4853 -2389 -2922 24329 -9301 -332
-4907 -2732 -3340 15188 -9295 3554
-5511 -3674 -4418 3605 -8846 7075
-6883 -4825 -5883 -3634 -6163 8807
-8323 -5605 -6759 -12730 5105 11015
-9958 -6406 -6952 -23048 26323 18625
-9266 -6798 -5786 -32768 32767 31215
-8051 -7010 -3468 -32768 28242 32767
-8725 -6691 -2412 -32768 20584 32767
-9541 -6680 -1593 -32768 25165 32767
-9811 -6369 -668 -32768 31839 32767
-7950 -6714 1787 -32768 29900 32767
-6658 -5070 4602 -32768 29411 32767
-5773 -4646 5266 -32768 12519 32767
-4680 -4376 4644 -32768 5336 32767
-4118 -4357 4181 -28961 7272 32767
-3498 -4355 3779 -13027 14644 32767
-2790 -4089 3843 -5300 20607 32767
-2384 -3820 3914 2275 28793 32767
-1963 -3582 3834 5748 32444 32767
-1666 -3439 3799 9169 32767 32767
-1411 -3303 3808 10711 32767 26721
-1414 -3199 3751 11078 32767 21615
-1408 -3169 3648 11191 31713 16424
-1402 -3043 3267 10976 26749 14190
-1493 -2857 2961 10195 23619 13590
-1618 -2685 2794 7736 20385 12564
-1707 -2446 2615 5279 19241 11350
-1839 -2162 2509 871 17212 8093
-1864 -1971 2379 -3052 15615 4002
-1724 -1757 2016 -4547 14876 1642
-1611 -1565 1787 -5141 13832 -1374
-1567 -1159 1592 -4756 14425 -4950
-1531 -638 1561 -4402 15171 -7880
-1499 -257 1613 -4253 15060 -12937
-1493 301 1534 -3714 15721 -18652
-1456 799 1446 -2533 19135 -24501
-1331 1458 1663 -1801 20845 -28194
-1257 1928 1849 -1248 20398 -32549
-1032 2418 2201 -1683 17552 -32768
-699 2504 2055 -1501 14311 -32235
-569 2390 1742 401 10021 -27767
-530 2156 1464 2380 8463 -24194
-584 2090 1488 5200 7190 -19659
-740 1941 1377 7010 5297 -17862
-907 1860 1268 9411 1051 -17379
-1067 1736 1073 11491 -1593 -18367
-969 1375 828 12787 -1750 -18917
-884 1245 674 14500 -944 -19429
-796 1032 457 15550 -234 -19580
-752 852 384 16953 1464 -19565
-737 648 476 17421 2673 -19669
-802 613 572 17387 3027 -20361
-885 544 659 16935 1267 -21371
-818 425 694 16703 -120 -21653
-766 336 622 17078 -2441 -21399
-775 255 437 18314 -4204 -20570
-792 131 391 19436 -4589 -19897
-868 62 284 21491 -5222 -19146
-977 -17 267 23341 -5509 -19059
-1079 -201 276 24295 -5423 -19279
-1119 -328 297 25014 -5667 -20207
-1408 -417 424 24761 -6774 -22343
-1832 -538 463 24353 -7447 -24820
-2085 -729 450 24523 -7332 -25896
-2196 -861 394 25692 -7494 -26245
-2330 -1092 339 27147 -7728 -25690
-2371 -1303 361 30042 -8100 -23990
-2630 -1609 493 32127 -8921 -22835
-3017 -1790 659 32767 -11767 -22219
-3631 -1985 769 32767 -15518 -22654
-4114 -2123 934 32767 -16815 -23169
-4301 -2118 948 32767 -17021 -23352
-4517 -2118 888 32767 -15383 -22271
-4698 -2131 743 32767 -13614 -20893
-4788 -2200 613 32767 -10163 -18071
-4832 -2233 550 32767 -7301 -14719
-4790 -2224 750 32767 -7715 -12237
-4754 -2120 870 32767 -11478 -8466
-4701 -2001 960 32767 -15096 -5358
-4643 -1955 911 32767 -16774 -3371
-4616 -1907 681 32767 -17264 -2808
-4592 -1857 484 32767 -18345 -3243
-4668 -1597 -16 32767 -20241 -5373
-4768 -1238 -575 32767 -21026 -9113
-4691 -872 -1190 32767 -20612 -11691
-4636 -661 -1691 32767 -20031 -15317
-4446 -482 -2720 32767 -20811 -16944
-4219 -402 -3499 32767 -22073 -16071
-3902 -413 -4814 32767 -22328 -10608
-3916 -582 -5892 30827 -19728 -4492
-4279 -757 -6572 12397 -14120 6742
-5722 -862 -7198 -13523 -6811 16370
-8366 -812 -8569 -29419 842 19789
-9604 -612 -9404 -32768 19795 23929
-9022 -441 -8962 -32768 32767 32767
-7816 -163 -6338 -32768 32767 32767
-7193 53 -4455 -32768 32767 32767
-1477 -1578 3168 -25306 27248 32767
-1598 -1563 2835 -11289 32767 32767
-1750 -1296 2530 -4184 32767 32767
-1608 -1125 2469 1999 32767 32767
-1309 -924 2430 3417 32767 32767
-942 -866 2512 2190 32767 32618
-628 -762 2471 -1616 18720 32356
-507 -515 2229 -4324 8960 32767
-932 -303 1829 -6366 -261 32767
-1803 -130 1208 -5676 -494 28587
-2546 99 809 -4248 2525 23316
-2726 193 727 -1401 9247 13891
-2754 233 576 1173 12646 7321
-2641 222 642 5221 14831 -2058
-2335 232 707 8602 16569 -9771
-1813 180 1050 9727 18689 -13483
-1450 292 1390 8722 19767 -17445
-1368 324 2000 4558 16838 -20829
-1444 277 2358 877 14461 -22975
-1471 171 2457 -4069 11455 -25757
-1722 19 2146 -5744 7887 -27530
-1863 -14 1782 -5294 2577 -30012
-1795 -180 1389 -2240 631 -31636
-1691 -260 1010 780 -28 -32479
-1639 -211 894 5267 -733 -32768
-1580 -142 829 7636 -984 -32768
-1599 -145 947 9295 -1273 -32768
-1656 -26 1070 8933 -2459 -32768
-1873 171 1159 7971 -4077 -32768
-2017 231 1127 6855 -5281 -32768
-2061 249 902 7721 -5224 -32768
-2104 126 612 9654 -6047 -32768
-2171 221 445 13772 -8975 -32768
-2287 318 291 16665 -10488 -32768
-2564 477 180 20663 -10364 -32768
-2669 585 108 24206 -7550 -32768
-2638 754 146 26778 -5196 -32768
-2532 1357 714 21766 -18463 -7821
-2558 1696 991 23246 -13278 -9864
-2410 2039 1431 24208 -11001 -10407
-2339 2326 1818 25095 -9528 -10017
-2382 2783 2331 25626 -10157 -8698
-2649 3194 2505 26093 -12090 -7866
-2956 3339 2480 26973 -16729 -7254
-3436 3247 2033 28047 -19710 -7169
-3680 3035 1504 31006 -21454 -6870
-3858 2121 678 32767 -19602 -5523
-4146 1346 -250 32767 -14764 -4106
-4625 1093 -767 32767 -10598 -3765
-5266 429 -1104 32767 -8284 -4152
-5606 26 -981 32767 -10054 -5379
-5447 -422 -1363 30582 -11938 -5660
-5607 -607 -2828 22829 -13046 -5718
-6289 -921 -3936 19120 -6566 -7001
-7264 -2321 -4693 16728 -1398 -7118
-7508 -3339 -4467 7782 -844 -3709
-7977 -4377 -4211 -1896 -4225 816
-7997 -4685 -4389 -17728 -6664 11746
-8315 -4717 -5068 -26527 -5575 20272
-8860 -4848 -4941 -32768 1051 31676
-8840 -4940 -4482 -32768 9669 32767
-7924 -5579 -3655 -32768 12196 32767
-7169 -6223 -3536 -32768 12566 32767
-7064 -6721 -3362 -32768 14135 32767
-6320 -8797 -3846 -32768 29995 32767
-7028 -6793 -2463 -32768 32767 32767
-6203 -7037 -113 -32768 32767 32767
-5939 -6557 165 -32768 32767 32767
-5574 -6272 -54 -28878 32767 32767
-4825 -5779 427 -17441 32767 32767
-4274 -5128 1173 -11073 32767 32767
-4093 -4596 1885 -5747 32767 32767
-3627 -3868 2834 -5614 32767 32767
-2936 -3342 3346 -7396 29679 32767
-2433 -3102 3474 -10982 20305 32767
-1860 -2847 3279 -12690 15529 32767
-1678 -2706 2991 -12828 11625 32767
-1651 -2455 2466 -9831 10342 31433
-1703 -2324 2235 -6809 10465 29031
-1928 -2131 2045 -2119 11248 23841
-1953 -1906 2037 301 12744 20127
-1956 -1825 2161 2082 15937 14947
-1959 -1677 2280 1653 16425 10076
-2078 -1408 2317 -185 15334 5079
-2209 -1214 2327 -1753 14484 1730
-2262 -970 2248 -3679 11397 -3028
-2199 -654 2056 -4367 9601 -5684
-2038 -426 1891 -4007 9126 -8903
-1921 -173 1475 -1514 10520 -12528
-1953 358 1215 1051 11901 -15779
-1939 687 1125 5497 11815 -21075
-1886 1252 983 8556 10760 -24616
-1796 1624 906 12826 10244 -29366
-1728 2312 985 14990 10257 -31963
-1771 2812 1063 17008 11363 -32768
-1726 3497 1453 16991 14012 -32768
-1525 4000 1757 15840 13822 -32768
-1133 3904 1774 13091 9513 -32768
-811 3631 1731 10064 3674 -26371
-518 3214 1574 8338 -87 -21127
-540 3049 1484 6312 -4676 -14303
-887 2744 1098 5709 -8235 -10663
-1065 2423 807 5728 -9410 -9844
-1016 2003 704 5793 -8762 -9843
-908 1671 674 5556 -7475 -10456
-779 1357 645 5196 -7288 -11018
-628 990 659 4674 -7168 -11695
-577 840 655 4601 -7005 -12126
-500 565 610 5609 -7086 -12297
-466 432 595 6835 -6886 -12377
-466 307 570 9208 -5106 -12254
-440 158 559 10956 -3301 -12270
-539 136 392 14090 -1989 -12854
-691 -84 275 16271 -1875 -13452
-782 -159 260 19226 -1276 -14665
-908 -279 299 20650 -821 -15546
-937 -326 290 21887 -436 -16684
-971 -370 463 21613 -213 -17327
-1040 -553 747 20556 -484 -17482
-1155 -717 932 18223 -2401 -17423
-1485 -1113 1021 16809 -3936 -17399
-1706 -1275 1005 15900 -6976 -17484
-2130 -1569 746 17103 -10625 -17913
-2474 -1776 586 20338 -12364 -18427
-2889 -2085 536 23327 -12766 -18970
-3155 -2160 594 28146 -13034 -20290
-3674 -2231 772 32344 -12896 -22623
-4070 -1998 893 32767 -12588 -24432
-4229 -1869 952 32767 -11347 -26326
-4480 -1695 1002 32767 -9798 -26945
-4628 -1648 985 32767 -7665 -26547
-4618 -1611 891 32767 -7400 -23745
-4395 -1674 1018 32767 -8800 -20330
-4365 -1675 1073 32767 -13845 -14132
-4467 -1698 1106 32767 -17384 -10352
-4637 -1629 1040 32767 -19998 -6527
-4824 -1620 805 32767 -19653 -5209
-4787 -1632 668 32767 -18407 -4400
-4719 -1681 586 32767 -20691 -4615
-4636 -1613 275 32767 -23786 -5443
-4632 -1479 43 32767 -27837 -7627
-4706 -1078 -471 32767 -28805 -9724
-4917 -893 -889 32767 -26824 -13920
-5222 -652 -1786 32767 -24757 -16954
-5374 -628 -2718 32767 -23929 -20121
-5297 -801 -4412 32767 -24443 -18427
-5198 -1141 -5725 32767 -21959 -13553
-5591 -1628 -6406 22838 -16986 -1784
-6894 -1822 -7035 -9888 -10341 11815
-7218 -1700 -7779 -32768 -4952 22470
-7242 -843 -9356 -32768 4369 32767
-7155 426 -9786 -32768 14900 32767
-6865 1122 -8819 -32768 32767 32767
-6102 1515 -6235 -32768 32767 32767
-4878 1219 -3009 -32768 32767 32767
-3693 1001 308 -32768 32767 32767
-4217 73 1443 -29605 32767 32767
-2572 1075 4206 -32768 32767 32767
-1487 716 7967 -32768 32767 32767
-1592 23 6904 -32768 32767 32767
-1791 897 4070 -32768 32767 32767
-1580 615 3733 -32768 32767 32767
-1637 759 3146 -32768 25888 32767
-1406 480 2697 -30745 18946 32767
-2137 315 1877 -25313 17244 32767
-2546 114 1466 -21065 15907 32767
-2336 -258 1157 -19159 14941 32767
-1742 -454 955 -17219 14620 32767
-1435 -559 777 -14697 12974 32767
-1284 -442 502 -12462 10992 32767
-1493 -133 509 -9899 7145 30673
-2143 422 725 -9261 2878 24432
-2767 765 798 -9228 2698 15511
-3168 952 698 -8643 5586 8586
-3114 942 509 -5869 10770 -984
-2668 672 528 -3277 14268 -5707
-2365 520 592 1016 18949 -10261
-1738 194 701 5108 20938 -11647
-1172 188 1124 6488 20509 -11563
-960 137 1618 4931 16667 -11902
-1016 51 2034 298 6559 -14995
-1505 165 1996 -3329 273 -19172
-1849 180 1903 -8425 -2043 -27410
-2287 279 1471 -10373 599 -32768
-2334 251 1157 -9753 6962 -32768
-2393 202 838 -5415 13516 -32768
-2265 163 675 -1166 17322 -32768
-2005 55 586 6689 18136 -32768
-1735 -31 488 12096 14873 -32768
-1504 92 652 17803 10128 -32768
-1258 150 1047 19568 8104 -32768
-1114 80 1279 19213 4463 -32768
-1108 270 1539 16253 -1682 -31578
-1306 290 1468 13908 -6748 -30902
-1414 237 1340 11148 -12335 -30106
-1629 127 976 10901 -15536 -29057
-1755 166 647 12499 -16808 -28243
-1975 315 240 16764 -16066 -27052
-2000 426 95 20044 -13385 -26016
-1997 467 70 24689 -8051 -24383
-1915 503 374 27298 -4708 -23166
-1759 629 711 27632 -5048 -22599
-1557 722 967 25838 -8872 -21283
-1148 728 1330 23511 -12690 -19491
-938 389 1423 20044 -19201 -15404
-1261 272 1234 18904 -25172 -12518
-2058 412 739 19816 -26976 -12554
-2393 519 535 22752 -24048 -14491
-2633 739 366 25216 -19234 -16162
-2673 809 424 28571 -10690 -18179
-2515 954 832 30221 -4911 -18372
-2367 982 1213 30005 -5579 -17007
-2283 961 1789 28136 -11158 -13914
-2707 1060 1956 26856 -15096 -12244
-3171 1057 1819 26535 -19328 -10896
-3634 933 1428 27668 -20154 -10293
-3805 723 1145 31109 -17843 -9320
-4153 576 807 32767 -15704 -8960
-4462 565 812 32767 -14299 -9007
-4921 501 824 32767 -15142 -9670
-5391 375 674 32767 -15119 -10490
-5714 286 351 32767 -13777 -11795
-5849 0 -241 32767 -9990 -11681
-5926 -184 -748 32767 -7021 -10853
-5859 -349 -1383 32767 -4660 -8229
-5614 -527 -1827 32767 -4522 -5818
-5409 -580 -2140 32767 -5059 -1837
-5127 -602 -2820 31309 -4639 858
-5161 -997 -3397 23689 -3265 4415
-5623 -2015 -4239 17660 -2877 6149
-5992 -2794 -4622 6951 -4842 8341
-6746 -4167 -5342 -4804 -5762 11022
-7512 -5325 -6002 -12935 -3887 13838
-8144 -5908 -6274 -25244 2857 19885
-8861 -6331 -5973 -32768 10543 25696
-8908 -6673 -5077 -32768 19714 32767
-8829 -7056 -3745 -32768 22568 32767
-8706 -7446 -2859 -32768 22637 32767
-8895 -7849 -1867 -32768 20802 32767
-9302 -8300 -925 -32768 23414 32767
-9242 -8245 -13 -32768 27855 32767
-7634 -7380 2946 -32768 32767 32767
-7543 -7314 2590 -32768 32767 32767
-7203 -7115 3393 -32768 29833 32767
-6327 -6446 3129 -32768 17450 32767
-5538 -6089 2976 -31899 18097 32767
-4702 -5583 2904 -19030 24680 32767
-4045 -5036 3260 -12486 28109 32767
-3246 -4427 3661 -5703 30231 32767
-2660 -4152 3785 -806 30521 32767
-1807 -3736 3773 1985 29995 32767
-1340 -3541 3758 5389 29073 32767
-1004 -3190 3665 7074 27766 32767
-800 -2950 3523 8725 24067 29502
-724 -2790 3400 9551 19490 25647
-704 -2610 3166 9565 17045 23343
-751 -2401 2929 8487 15098 19878
-819 -2220 2750 6179 14370 15961
-1166 -2080 2540 3489 14946 10872
-1507 -1939 2211 2123 16081 6965
-1627 -1792 2018 914 18184 1087
-1794 -1567 1975 181 19348 -2499
-1748 -1236 1955 -867 18454 -6891
-1708 -940 1886 -1830 15800 -10108
-1445 -483 1811 -2319 14177 -11283
-1273 -237 1784 -2947 10492 -12221
-1289 344 1732 -3361 6791 -14360
-1360 894 1591 -3027 5375 -16429
-1462 1252 1346 -905 4386 -20553
-1556 1756 932 3143 6400 -25451
-1628 2112 724 6362 9543 -28661
-1561 2403 940 10035 12505 -32708
-1504 2857 1243 11288 11508 -32768
-1381 3018 1454 11251 9158 -32768
-1006 2870 1493 10774 7614 -32768
-702 2517 1275 10393 4811 -28952
-591 2223 1110 10818 1407 -23754
-552 1877 1020 11490 -2383 -19659
-713 1659 943 11892 -4752 -18204
-861 1494 913 12439 -6274 -18005
-1100 1248 806 13429 -5396 -19684
-1235 1128 618 14504 -4307 -21492
-1234 984 484 16784 -1774 -24230
-1166 750 348 18603 433 -25679
-1073 642 324 21273 2527 -26719
-977 538 367 23218 3076 -26739
-959 427 506 23923 2837 -26419
-1082 335 685 23836 1116 -26117
-1187 207 618 23753 -4274 -25540
-1264 184 555 23856 -6943 -24870
-1253 39 484 24431 -8742 -22979
-1319 -217 285 25612 -9421 -20684
-1476 -318 268 26366 -9141 -19551
-1620 -396 353 26865 -8240 -18682
-1895 -634 566 26829 -7812 -18779
-2103 -785 650 26801 -8124 -19941
-2448 -1117 688 27707 -9478 -21632
-2741 -1587 619 29251 -10679 -22491
-2901 -1856 651 32645 -12035 -22856
-3158 -2238 780 32767 -13186 -22218
-3629 -2375 802 32767 -14404 -21786
-4000 -2481 817 32767 -16034 -21485
-4431 -2460 854 32767 -16013 -21589
-4701 -2291 911 32767 -15203 -21497
-4719 -2163 1092 32767 -13920 -20101
-4609 -2072 1264 32767 -13855 -18098
-4536 -2004 1305 32767 -15719 -14074
-4480 -2008 1271 32767 -20593 -9744
-4596 -1764 938 32767 -23525 -7492
-4709 -1632 649 32767 -25369 -5572
-4923 -1465 201 32767 -25427 -5197
-5048 -1361 -264 32767 -25610 -5752
-5164 -1158 -670 32767 -26615 -7956
-5367 -900 -1547 32767 -27970 -10052
-5641 -813 -2441 32767 -30862 -13843
-5884 -560 -4129 32767 -30399 -16668
-5729 -495 -5598 32767 -25740 -15713
-5400 -1160 -6462 32767 -17227 -6235
-5688 -1756 -6980 19533 -15832 10152
-6743 -2477 -7364 -8092 -11051 27100
-8254 -2701 -8120 -26762 -2477 32767
-9020 -2524 -8327 -32768 13293 32767
-9339 -1996 -7883 -32768 25084 32767
-9165 -1528 -7052 -32768 32767 32767
-511 -1034 3484 -32768 20104 32767
-1041 -1008 2636 -15039 27151 32767
-1737 -866 2421 -278 32767 32767
-2014 -671 2498 4138 32767 32767
-1494 -768 2677 4269 32767 32767
-1140 -674 2531 565 32767 29690
-605 -618 2401 -2695 28769 28477
-430 -512 2127 -6640 13893 29590
-615 -314 1576 -8007 1797 31128
-939 257 1311 -1578 11357 -13863
-1119 261 1586 -4153 7990 -15355
-1329 190 1721 -6151 6397 -17406
-1755 -48 1683 -8092 2421 -22609
-2088 16 1315 -7939 -591 -27023
-2121 -92 935 -6938 -1116 -31208
-2013 -149 769 -4019 2903 -32768
-1715 -332 527 603 7284 -32768
-1625 -303 506 5543 8681 -32768
-1614 -177 725 8097 8250 -32768
-1671 -147 940 10480 6398 -32768
-1869 -87 1178 11405 4044 -32768
-2017 73 1202 12454 -186 -32768
-2174 97 1147 13208 -2088 -32768
-2222 50 974 15095 -4235 -32768
-2124 30 850 17940 -6371 -32768
-2004 89 665 20181 -7816 -32768
-1812 65 637 23093 -10444 -30322
-1767 42 761 24255 -12367 -26977
-1781 -3 830 24681 -15997 -23568
-1909 188 884 23976 -19868 -22215
-2024 223 901 23302 -21490 -22000
-2087 258 902 22726 -21430 -22056
-2225 250 735 23179 -19949 -22103
-2367 162 547 25509 -17269 -22158
-2375 123 450 29236 -14583 -22215
-2382 223 330 31935 -12800 -22110
-2352 276 373 32767 -10107 -21493
-2395 455 518 32767 -8806 -20971
-2386 595 685 32767 -9158 -19554
-2149 607 945 32767 -11507 -16494
-1988 522 1139 30972 -13542 -13805
-2081 453 1170 27737 -17068 -10198
-2659 298 931 26714 -18719 -8938
-3470 304 667 27370 -18914 -9511
-3877 209 549 30018 -16359 -11659
-3964 105 304 32498 -13951 -12495
-3883 -8 247 32767 -10749 -12063
-3820 -95 335 32767 -10731 -10563
-4059 -112 608 32767 -14460 -9574
-4535 -52 656 32767 -16576 -9438
-4766 -97 567 29377 -16555 -8922
-5005 -174 191 27180 -14319 -8482
-5364 -329 -457 27088 -12376 -8380
-5487 -529 -915 28110 -9501 -8118
-5563 -640 -1178 29206 -7651 -7397
-5612 -829 -1504 29488 -5428 -5818
-5494 -1008 -1744 28796 -3135 -4207
-5339 -902 -1846 26251 998 -894
-5074 -1114 -2355 22083 1735 3831
-4908 -1140 -2699 18219 1143 7256
-4766 -1124 -3385 10832 -205 11656
-5158 -1593 -3975 5308 -564 13601
-5993 -2487 -4487 -2492 -1037 14782
-7116 -4202 -5032 -10000 1412 16425
-7877 -5809 -5467 -15050 5351 18939
-8259 -6568 -5602 -23962 15419 25283
-8263 -7031 -4643 -32768 28514 32767
-7918 -7325 -2893 -32768 32767 32767
-7735 -7464 -2052 -32768 31933 32767
-7773 -7639 -1407 -32768 29993 32767
-7989 -7682 -761 -32768 31800 32767
-8214 -7481 -13 -32768 32767 32767
-8197 -6463 3902 -32768 32767 32767
-7290 -6032 3405 -32768 32767 32767
-6753 -5683 5143 -32768 17696 32767
-5786 -4798 4151 -32768 -2725 32767
-4292 -4512 3685 -32768 -437 32767
-3944 -4281 3446 -19245 8262 32767
-3766 -3929 3506 -11731 11979 32767
-3389 -3728 3807 -4219 18071 32767
-3135 -3548 3849 -159 25077 32767
-2682 -3434 3930 2188 30051 32767
-2169 -3362 3947 3424 31788 32767
-1878 -3320 3917 5178 32016 30481
-1515 -3196 3722 6587 31575 27312
-1279 -3108 3645 8206 30367 24155
-1093 -2893 3593 8392 27130 21591
-1054 -2690 3475 7620 23976 19681
-1028 -2500 3368 5631 19410 16522
-1045 -2233 3081 3494 16005 13048
-991 -1965 2720 2257 14894 10710
-884 -1790 2496 898 14867 7346
-829 -1526 2236 117 14395 3480
-983 -1141 1986 -62 14131 187
-971 -865 1913 -116 14293 -5137
-817 -333 1897 -472 13640 -10394
-740 203 1971 -1241 13474 -15561
-621 657 2123 -1828 13769 -18936
-593 955 2168 -2248 13411 -24034
-487 1362 2061 -1931 12660 -27084
-454 1610 2094 -1066 12908 -30704
-251 1828 2164 233 12068 -32383
-246 1903 2007 1799 9915 -32499
-196 1724 1573 5595 7985 -31085
-156 1364 1120 8974 7829 -29396
-241 1052 832 14503 6527 -27120
-440 996 609 18631 3101 -26879
-615 840 600 19923 859 -27642
-713 752 764 19139 -655 -29416
-979 641 1281 13789 -2578 -32437
-1103 687 1518 10563 -3411 -32768
-1154 633 1402 7681 -4020 -32768
-1163 380 905 8941 -3293 -32768
-1221 125 517 11651 -2255 -32768
-1324 8 249 17634 -2129 -32768
-1358 -114 -52 24573 -3279 -31793
-1557 -90 -74 28769 -3812 -31195
-1677 -87 45 32767 -3548 -31026
-1816 -132 299 32767 -2605 -31825
-1937 -85 532 32767 -2175 -32768
-2114 -276 706 31139 -3058 -32768
-2233 -410 716 28307 -6300 -32768
-2442 -544 596 26526 -9784 -32768
-2570 -723 399 26499 -11330 -32768
-2603 -853 259 28227 -12618 -28959
-2711 -1088 205 31222 -13335 -24789
-2902 -1289 250 32767 -14153 -22584
-3063 -1473 386 32767 -15156 -20747
-3621 -1665 661 32767 -16206 -21326
-4153 -1735 762 32767 -17221 -22562
-4332 -1742 744 32767 -16731 -24112
-4321 -1695 489 32767 -14778 -24237
-4285 -1649 358 32767 -10153 -22642
-4318 -1718 345 32767 -6791 -20813
-4417 -1676 411 32767 -3875 -17715
-4442 -1687 657 32767 -4047 -15421
-4400 -1748 812 32767 -6979 -11426
-4297 -1721 864 32767 -9156 -8704
-4263 -1664 841 32767 -10252 -5130
-4286 -1572 728 32767 -9084 -2561
-4296 -1565 617 32767 -7839 -1346
-4229 -1568 542 32767 -7829 33
-4005 -1473 453 32767 -9623 752
-3861 -1315 273 32767 -13634 1201
-3187 -367 -4467 18914 -19842 -3992
-3741 -502 -4938 11864 -12268 -649
-4798 -767 -5580 4091 -5061 2104
-5456 -884 -5679 -13096 3859 7266
-6747 -1098 -6150 -25836 8771 11407
-7927 -964 -6453 -32768 21450 18111
-8326 -739 -6462 -32768 32767 27084
-7710 -462 -4757 -32768 32767 32767
-7120 -241 -3279 -32768 32767 32767
-6147 -124 -1038 -32768 32767 32767
-5160 -405 838 -32768 32767 32767
-5235 -1646 865 -32768 32767 32767
-3825 -1226 4161 -32768 32767 32767
-2818 -1061 4560 -32768 32767 32767
-2172 -1457 4715 -32768 32767 32767
-2119 -1548 4412 -32768 32767 32767
-1672 -1385 3914 -32768 31912 32767
-1217 -1556 3062 -32080 32732 32767
-1679 -1287 2434 -13546 32767 32767
-1844 -1163 2417 -1149 32767 32767
-1689 -937 2745 2114 32767 32767
-1571 -667 2746 1592 32767 32767
-1177 -344 2701 -743 29327 32767
-937 -184 2269 -4369 19394 32767
-1053 -119 1871 -5608 12066 32767
-1874 136 1414 -4684 10267 28172
-2448 235 1215 -3240 9966 24038
-2682 358 949 417 10349 17101
-2742 298 889 4185 14442 9990
-2668 299 1002 6078 17002 5209
-2574 213 1087 8041 19228 -1796
-2218 21 1233 8946 19687 -7444
-1768 -203 1382 8945 17304 -10174
-1574 -220 1468 7905 12020 -13583
-1483 -383 1566 6642 9177 -15924
-1774 -406 1534 4216 4240 -20748
-2004 -363 1381 2017 479 -27055
-2015 -394 1171 1061 992 -30910
-1834 -441 1030 946 3510 -32768
-1721 -378 848 2023 4862 -32768
-1547 -362 841 3037 5301 -32768
-1475 -474 921 4405 3597 -32768
-1476 -351 986 5187 -495 -32768
-1588 -287 1083 5239 -2922 -32768
-1739 -293 1111 5198 -6433 -32768
-1865 -201 988 5878 -10708 -32768
-1941 -99 910 6562 -12427 -32768
-2080 -116 852 7782 -12917 -32768
-2217 -72 775 9083 -12857 -32768
-2424 166 658 10410 -13052 -32768
-2482 218 602 11287 -12580 -32768
-2453 354 609 12709 -11110 -32768
-2347 373 650 15051 -11819 -32768
-2418 443 513 17655 -13558 -32768
-2418 544 432 22437 -14618 -29519
-2292 650 548 25451 -13101 -26791
-2216 763 667 28939 -10283 -22869
-2164 756 888 30863 -10458 -19734
-2194 538 978 31439 -12103 -18295
-2274 481 865 31708 -15963 -17751
-2379 439 788 32243 -17691 -16943
-2563 491 710 31985 -19431 -16837
-3475 1000 649 32180 -9608 -10567
-3580 785 486 32767 -7258 -9448
-3632 515 442 26499 2117 -9736
-5350 -900 -3471 24848 3831 -5174
-5261 -1678 -3610 18717 5264 4169
-5534 -3046 -3679 11529 3659 10265
-6157 -3976 -3720 -3442 -2412 16577
-7366 -5648 -4473 -18984 -7305 20346
-8336 -6840 -5808 -27516 -4746 22819
-8643 -7416 -6362 -32768 10228 29059
-8128 -8145 -5232 -32768 26498 32767
-7446 -8281 -3690 -32768 28897 32767
-6758 -8297 -2195 -32768 21562 32767
-7109 -8074 -1977 -32768 17993 32767
-7471 -7920 -1807 -32768 24029 32767
-7806 -7643 -935 -32768 32767 32767
-7457 -6309 3763 -32768 31940 32767
-5821 -6990 2353 -32768 32767 32767
-6660 -5875 3483 -32768 32767 32767
-6227 -5922 3481 -32768 19917 32767
-4891 -5099 3241 -32768 5320 32767
-4042 -4660 3151 -30990 5640 32767
-3542 -4009 3115 -24655 5925 32767
-3319 -3562 3099 -20552 5208 32767
-3146 -3333 2912 -13648 8555 32767
-2924 -3120 2568 -6137 18838 32767
-2644 -3102 2526 -1616 26334 32767
-2377 -3053 2696 3539 32767 32621
-2205 -3005 2914 6098 32767 26062
-1979 -2842 3124 6492 32687 22556
-1880 -2721 3221 5626 29534 18613
-1704 -2586 3236 3694 25605 16427
-1710 -2377 3073 2224 23332 15312
-1758 -2209 2931 99 21102 13444
-1792 -2030 2725 -1710 18933 11157
-1779 -1860 2442 -2484 17392 9281
-1817 -1703 2270 -2825 16678 5742
-1784 -1478 2171 -2771 16921 1430
-1751 -1100 2171 -2783 16811 -1936
-1714 -804 2177 -3008 15737 -7427
-1694 -298 2075 -2947 14713 -11120
-1648 21 2006 -1968 15093 -16301
-1579 429 2068 -743 15759 -19727
-1532 884 2107 1677 14941 -25101
-1406 1495 2151 4561 13797 -29906
-1145 2081 2195 6331 12865 -32035
-982 2447 1971 7894 10016 -32768
-889 2520 1762 10520 7931 -32118
-834 2356 1463 11644 8073 -30412
-712 2207 1373 12643 8550 -26848
-596 1989 1435 11806 5937 -23349
-640 1770 1714 10039 2451 -21726
-716 1614 1729 6734 -4641 -20607
-913 1418 1426 4437 -10546 -20846
-878 1143 1248 3741 -11562 -21082
-909 948 1035 4788 -11235 -21404
-1073 629 513 7376 -10666 -21774
-1243 515 196 13142 -7539 -22835
-1293 435 115 19526 -2376 -24195
-1319 394 237 24848 1852 -25351
-1272 311 379 27468 3224 -26009
-1293 368 485 29763 3696 -27179
-1224 268 648 30098 3002 -27987
-1282 133 747 29553 1512 -28226
-1296 -9 734 28343 -1223 -27976
-1254 -130 656 27569 -2714 -27209
-1255 -199 571 26791 -4643 -25351
-1349 -352 500 26600 -6777 -23107
-1489 -535 438 26761 -8538 -21594
-1687 -695 480 27359 -11644 -19788
-2042 -1018 480 28203 -15653 -18564
-2273 -1265 551 28664 -17604 -18129
-2565 -1473 551 29340 -18746 -18188
-2852 -1670 545 30355 -18428 -19440
-3297 -1892 563 31246 -17443 -21019
-3613 -1963 523 32767 -15420 -24321
-3982 -1946 412 32767 -12174 -27505
-4148 -1883 376 32767 -9615 -28427
-4141 -1885 406 32767 -7299 -26987
-4150 -1813 534 32767 -7013 -23140
-4199 -1836 682 32767 -7167 -20147
-4215 -1819 782 32767 -7009 -15749
-4276 -1847 852 32767 -6895 -13329
-4202 -1774 957 32767 -8838 -10221
-4197 -1590 928 32767 -12693 -7908
-4053 -1422 838 32767 -13754 -6481
-3988 -1247 631 32767 -12878 -4664
-3922 -1267 490 32767 -11964 -3319
-3816 -1305 283 32767 -12738 -2817
-3800 -1147 66 32767 -15841 -3069
-3817 -876 -267 32767 -17365 -4364
-3846 -522 -577 32767 -16573 -5586
-3932 -352 -776 32767 -13774 -7800
-3973 -136 -1046 32767 -11333 -9215
-3906 -9 -1194 32767 -7488 -10950
-3587 280 -1370 32767 -5135 -11611
-3380 395 -1544 32767 -2973 -11968
-2954 455 -2041 32334 -3853 -11546
-2503 533 -2691 28021 -8604 -9599
-2374 524 -3218 22127 -14348 -6644
-2605 385 -3961 16853 -15985 -4821
-2995 164 -4525 7084 -14327 -2580
-3805 -424 -5563 -213 -11530 -1074
-4857 -1234 -6503 -11702 -5361 1785
-5874 -1870 -7153 -22370 2964 5937
-7335 -2755 -7437 -29469 10205 10391
-7861 -2937 -7046 -32768 20189 21205
-8118 -2906 -5822 -32768 26815 32767
-7818 -2602 -4060 -32768 29834 32767
-7769 -2298 -2862 -32768 32767 32767
-7683 -2136 -1232 -32768 32767 32767
-7327 -2237 -115 -32768 32767 32767
-6879 -2598 1172 -32768 32767 32767
-5522 -3061 3536 -32768 32767 32767
-5727 -2639 4017 -32768 32767 32767
-4713 -2422 4917 -32768 32767 32767
-3481 -2161 5342 -32768 32767 32767
-3180 -1919 5453 -32768 32767 32767
-3103 -1683 4815 -32768 29506 32767
-2974 -1716 4582 -24523 22160 32767
-3026 -1872 3920 -11535 22810 32767
-2873 -1886 3352 -4833 23849 32767
-2637 -1817 3238 939 24750 32767
-2058 -1831 3233 2134 23537 32767
-1725 -1839 3124 1926 19847 32767
-1290 -1710 2738 1689 17471 32767
-1217 -1548 2407 2257 14107 27192
-1285 -1318 2067 3906 11356 19440
-1430 -953 1860 5323 10197 14162
-1551 -715 1721 7519 11115 6054
-1675 -492 1644 9073 13504 -2150
-1772 -195 1546 9560 15117 -7581
-1717 -35 1528 9351 19314 -14813
-1529 107 1668 8509 21386 -18691
-1445 17 1617 6901 19007 -23056
-1337 -71 1613 5142 15110 -25319
-1180 -184 1974 2104 11151 -26123
-1305 -167 1925 -1164 4304 -27030
-1435 -171 1704 -3394 310 -28476
-1488 -228 1368 -3992 -179 -29639
-1546 -332 1057 -3535 -1370 -31704
-1719 -241 856 -1915 -3917 -32768
-1708 -200 747 -154 -3861 -32768
-1600 -178 735 993 -3181 -32768
-1590 -159 774 2542 -3558 -32768
-1601 -112 951 3525 -5060 -32768
-1595 -129 1058 3889 -6587 -32768
-1646 -172 1073 4529 -9903 -32768
-1868 -222 976 5769 -13628 -32768
-2232 -116 821 7039 -15020 -32768
-2424 -54 741 9599 -14153 -32768
-2664 67 626 11924 -12860 -32768
-2752 137 640 16216 -11882 -32768
-2750 309 647 21149 -12349 -32768
-2687 332 664 24361 -12459 -32768
-2560 393 837 27847 -12283 -32768
-2537 410 1074 28996 -14458 -28553
-2736 469 1266 28472 -17268 -26466
-2835 331 1221 27173 -20046 -24184
-2353 724 935 29561 -14612 -10640
-4392 -216 394 24241 -13160 -6679
-4800 -359 -24 23852 -10818 -7499
-4946 -448 -337 24345 -6505 -8598
-4912 -341 -576 24705 -3683 -9004
-4864 -378 -775 24715 -1300 -8731
-4826 -437 -914 23921 -336 -7933
-4851 -538 -978 21370 1286 -6012
-5068 -757 -1333 19231 2025 -4375
-5049 -916 -1622 15214 2816 -912
-4893 -1024 -2002 9423 3119 3242
-4703 -1158 -2409 4276 2120 6041
-4817 -1282 -2719 -4180 1173 9262
-5509 -2006 -3542 -10280 2490 11373
-6053 -2672 -4148 -12571 4897 12928
-6880 -4022 -4625 -15980 10723 16421
-7386 -5225 -4531 -19821 15048 20171
