0 0 0 0 0 0
-1370 443 736 20496 -17126 -22215
-1393 546 851 19720 -19643 -18649
-1444 619 903 18924 -21386 -17165
-1484 709 874 17918 -22782 -16133
-1655 721 728 17876 -21361 -16505
-1853 583 509 18714 -19023 -17334
-1928 538 330 21404 -15029 -18894
-1940 632 243 23607 -12505 -19605
-1914 638 299 26720 -9220 -19386
-1819 652 469 28863 -7350 -17290
-1828 653 689 29380 -7919 -15059
-1927 518 789 28962 -11695 -11064
-2180 339 957 27276 -15978 -7521
-2749 9 1025 25978 -17804 -6220
-3162 -128 963 24574 -19130 -6011
-3708 -329 806 24105 -18945 -7095
-4001 -612 842 23957 -18180 -8042
-4234 -610 843 23819 -17036 -9927
-4493 -370 828 23821 -13943 -12221
-4588 -62 659 24244 -11067 -13442
-4475 221 430 25748 -7789 -13884
-4331 430 299 27368 -7912 -12189
-4182 551 128 28068 -10593 -8872
-4110 601 19 27745 -11826 -6314
-4254 573 -189 26757 -11849 -3250
-4592 555 -698 26138 -10615 -2016
-4753 468 -1130 25467 -6867 -1314
-4866 392 -1770 24936 -3878 -1286
-4801 260 -2232 22954 -381 -1025
-4702 138 -2467 18678 -660 208
-4745 -92 -2767 14475 -1725 1297
-4949 -575 -3017 7125 -1772 3117
-5504 -1713 -3641 155 524 5642
-6233 -2970 -4133 -4570 1950 7765
-6719 -3741 -4393 -12667 3412 11641
-7387 -4510 -4907 -22329 6655 16934
-7546 -4844 -4945 -29898 11238 22402
-7498 -5443 -4452 -32768 18659 32767
-7255 -5814 -3586 -32768 23504 32767
-6849 -6136 -2538 -32768 23235 32767
-6960 -6237 -2059 -32768 18150 32767
-7123 -6326 -1358 -32768 13099 32767
-7158 -6159 -869 -32768 13943 32767
-9207 -8532 -1352 -4383 21901 32767
-2472 -2871 3741 -4892 20300 32767
-2114 -2837 3643 -5019 18826 32767
-1833 -2874 3328 -3573 17817 32767
-1662 -2835 2974 -1690 17745 32767
-1523 -2783 2821 1484 19033 27661
-1366 -2668 2729 3674 20441 21988
-1221 -2446 2802 3954 20944 18151
-1130 -2306 2892 2564 20886 12553
-1067 -2107 2877 915 19896 8868
-1066 -1929 2789 -1578 17590 3441
-961 -1706 2679 -3795 15626 -1581
-1020 -1350 2429 -4805 14239 -4964
-1039 -1038 2338 -5454 14056 -10062
-1032 -637 2177 -5245 13884 -13194
-993 -321 2130 -4126 12822 -17590
-940 166 1986 -2363 11843 -21723
-777 741 2002 -1121 11469 -24038
-662 1112 2198 -13 10806 -27002
-650 1689 2255 959 9064 -29699
-730 2073 1899 2270 8896 -31379
-775 2284 1718 5267 11605 -32768
-725 2424 1450 7841 13848 -32768
-665 2332 1241 12396 15639 -32221
-546 2101 1079 15319 15480 -30321
-464 1974 1187 17951 11620 -26612
-471 1828 1314 17887 5306 -23060
-494 1584 1498 16537 690 -21208
-596 1433 1410 14006 -5817 -19749
-744 1163 1102 12342 -9578 -19555
-838 856 756 12082 -10492 -19871
-923 706 542 12867 -10166 -20817
-995 490 309 14049 -8716 -21606
-1009 381 189 16551 -5833 -22966
-1253 293 128 18523 -3803 -24238
-1389 280 206 21336 -361 -26453
-1489 207 265 23112 1353 -27681
-1564 210 259 25775 2442 -29028
-1509 173 298 27828 2924 -29271
-1431 66 377 28812 2855 -28713
-1325 -137 427 29852 1179 -27081
-1403 -327 564 30065 -1318 -25976
-1558 -417 679 29311 -6731 -24760
-1820 -619 811 28204 -10517 -24093
-2126 -756 743 26498 -14553 -23062
-2270 -915 650 25881 -15736 -21797
-2610 -1157 468 26380 -15744 -21283
-3113 -1354 450 27986 -15439 -21819
-3447 -1481 419 30330 -14818 -23576
-3822 -1644 375 32767 -13404 -25134
-4040 -1716 302 32767 -12215 -25479
-4115 -1756 265 32767 -9924 -24510
-4112 -1760 429 32767 -8045 -23026
-4100 -1743 682 32767 -7028 -20064
-4130 -1828 927 32767 -8989 -17798
-4142 -1946 1065 32767 -14485 -14130
-4380 -1999 1041 32767 -18577 -11362
-4667 -2038 849 32767 -19112 -10240
-4821 -2031 651 32767 -18104 -9516
-4814 -1920 452 32767 -17095 -9298
-4688 -1750 291 32767 -16024 -8996
-4473 -1396 76 32767 -15221 -8949
-4355 -1176 -41 32767 -14118 -9384
-4312 -822 -265 32767 -14307 -10523
-4400 -582 -450 32767 -15627 -11823
-4356 -477 -698 32767 -15978 -12309
-4233 -388 -898 32767 -14879 -12074
-4044 -317 -1323 32767 -11538 -11244
-3862 -272 -1912 32767 -10480 -9941
-3463 -279 -2727 32579 -13281 -8289
-3195 -378 -3405 28965 -20177 -4074
-3218 -678 -4770 23083 -21485 1266
-4273 -973 -5810 12251 -14204 5607
-5938 -1297 -6673 1144 -7101 8445
-6936 -1340 -6773 -21091 5154 14315
-7281 -1100 -7393 -32768 13424 21270
-6874 -739 -7447 -32768 25171 32767
-6759 -86 -6782 -32768 32767 32767
-6472 373 -5086 -32768 32767 32767
-6136 428 -3544 -32768 32767 32767
-5319 28 -1254 -32768 32767 32767
-4677 -340 137 -32768 32767 27991
-3786 -707 2067 -32768 32767 32767
-2568 -295 5008 -32768 32767 32767
-1324 -1238 6816 -32768 32767 32767
-1235 -1243 5402 -32768 20366 32767
-1523 -652 3050 -32768 17607 32767
-1396 -549 2647 -29206 26555 32767
-1173 -456 2375 -18529 29176 32767
-1049 -244 2361 -7925 28844 32767
-1374 -95 2231 -2742 31467 32767
-1762 -228 2028 -1312 32694 32767
-1674 -282 1877 -641 29193 32767
-985 -487 1824 -896 25625 32153
-749 -528 1704 -2254 18429 31680
-841 -501 1564 -3669 9567 31987
-1402 -364 1343 -4388 4734 31129
-1923 -196 1185 -4883 1633 27416
-2560 -74 1108 -4784 2096 23367
-2892 129 867 -3038 2981 15238
-2780 196 618 -871 5417 9952
-2353 205 471 3170 10775 3445
-2006 223 524 7168 14991 -1005
-1590 312 655 9058 16880 -3379
-1393 327 825 9672 18591 -6694
-1279 168 1300 6794 14463 -10395
-1250 336 1458 3632 9818 -13287
-1150 335 1545 -1693 7053 -17460
-1297 267 1420 -4749 7281 -20540
-1468 225 1248 -7359 8334 -25486
-1715 74 1098 -7641 9393 -28724
-1917 70 1007 -6222 11981 -32768
-2078 57 1003 -4451 13818 -32768
-2031 89 1153 -1486 13122 -32768
-1912 -39 1079 2241 5184 -32768
-1850 -21 1009 4592 -332 -32768
-2020 -88 1045 7126 -4537 -32768
-2248 -153 1015 8200 -6177 -32768
-2574 76 1181 7813 -6652 -32768
-2747 289 1255 6352 -6648 -32768
-2833 481 1208 5878 -5442 -32768
-2641 369 908 7908 -4150 -32768
-2473 395 738 12810 -6193 -32768
-2128 491 684 18148 -9105 -32768
-1712 518 722 21035 -11019 -30059
-1498 525 807 23819 -14291 -24190
-1322 573 908 24538 -17347 -21205
-1350 655 883 24349 -21972 -18989
-2616 926 1289 32144 -8545 -19027
-2960 902 1424 32767 -11717 -16967
-3317 502 1616 32767 -14654 -14487
-3888 252 1677 32767 -15483 -13288
-4168 151 1701 32767 -15940 -12197
-4487 -143 1637 32767 -16452 -11690
-4913 -187 1459 32767 -16031 -12056
-5169 -219 1187 32080 -15124 -13370
-5530 -279 476 32767 -13567 -15035
-5902 -232 -228 32767 -11173 -16096
-7336 -5278 -5275 -22119 -14702 14026
-7988 -5595 -6421 -32768 -11096 24116
-8988 -5718 -6975 -32768 5280 32767
-8924 -6230 -5641 -32768 18011 32767
-8497 -6694 -4484 -32768 25136 32767
-8510 -7131 -3347 -32768 21506 32767
-8844 -7341 -2799 -32768 24920 32767
-10255 -9397 -2553 -32768 28553 32767
-7762 -7552 805 -32768 32767 32767
-7728 -7074 1467 -32768 32767 32767
-7433 -7005 1668 -32768 26111 32767
-6503 -6467 1745 -31339 18416 32767
-5609 -5917 1775 -25751 18962 32767
-5087 -5640 1973 -17376 23017 32767
-4391 -5036 2457 -12853 25517 32767
-3871 -4619 2746 -7879 28202 32767
-3017 -4164 2991 -4347 29737 32767
-2370 -3766 3181 -2580 28943 32767
-1951 -3461 3274 -279 26396 32767
-1803 -3242 3278 1419 23704 32767
-1739 -2927 3277 1997 22297 29919
-1739 -2796 3216 2087 20056 25551
-1724 -2625 3089 1636 17761 21260
-1840 -2498 2854 1284 16924 18331
-1903 -2450 2701 735 17365 13926
-1941 -2286 2560 222 18153 10862
-1944 -2118 2393 -453 19058 5879
-1771 -1825 2262 -1409 19175 1170
-1652 -1474 2295 -2369 18590 -2102
-1699 -1122 2235 -3914 16090 -7836
-1711 -658 2157 -4943 14093 -13843
-1727 -109 1867 -4756 14268 -17785
-1756 220 1625 -2513 18169 -23611
-1688 647 1457 -4 21943 -27265
-1592 1039 1578 3587 24962 -31870
-1388 1606 1998 4950 24127 -32768
-1310 1960 2307 5035 20864 -32768
-1134 2538 2722 3265 15737 -32768
-1096 2788 2612 2390 12225 -32768
-1030 2674 2219 3875 8921 -32165
-853 2264 1516 6938 7897 -28798
-849 2042 1111 13349 7260 -23850
-1143 1815 717 17647 6768 -21617
-1380 1723 830 21750 5341 -20278
-1439 1699 921 22443 3499 -20430
-1383 1441 985 21669 2259 -20710
-1188 1182 987 19492 668 -20687
-1109 1030 899 17163 -1151 -20885
-1129 806 770 16101 -2105 -21168
-1148 650 615 16160 -2952 -21337
-1149 397 294 17549 -3187 -21194
-1193 330 175 20926 -2273 -21134
-1207 222 55 23634 -1095 -21055
-1188 143 99 27481 614 -20894
-1201 123 212 29448 1359 -20968
-1263 55 307 31184 981 -21453
-1317 -108 480 31465 -890 -22137
-1422 -188 514 31073 -2547 -22661
-1503 -248 533 30070 -3986 -23170
-1677 -389 471 29125 -4629 -22914
-1737 -580 429 28803 -5225 -21996
-1796 -705 340 29113 -6681 -20003
-1943 -906 299 30185 -8670 -17924
-2111 -1214 235 31263 -10030 -16820
-2275 -1393 254 32767 -11190 -16283
-2673 -1639 391 32767 -11768 -16885
-3037 -1729 441 32767 -13776 -18954
-3548 -1749 456 32767 -14169 -21197
-3856 -1726 478 32767 -12832 -21952
-4034 -1780 355 32767 -10154 -21064
-4273 -2033 269 32767 -6915 -18222
-4500 -2203 366 32767 -5431 -15848
-4590 -2288 500 32767 -6731 -11915
-4688 -2405 709 32767 -10855 -8050
-4696 -2357 793 32767 -13581 -5827
-4700 -2285 704 32767 -15433 -3455
-4690 -2134 503 32767 -15297 -2612
-4644 -1954 299 32767 -14161 -2497
-4455 -1645 -27 32767 -13192 -2908
-4336 -1472 -203 32767 -12405 -3841
-4165 -1177 -370 32767 -13790 -4718
-4058 -1008 -485 32767 -15975 -5224
-4053 -916 -691 32767 -19004 -5871
-3953 -764 -1110 32767 -20141 -6566
-3909 -696 -1495 32767 -20205 -7236
-3812 -655 -2260 32767 -19702 -7388
-3678 -590 -2786 32767 -18800 -6920
-3755 -529 -3830 32767 -18271 -5307
-3705 -597 -4503 29954 -18508 -2695
-3872 -886 -5373 21526 -15735 3486
-4152 -1044 -5937 12762 -11249 8790
-4777 -1294 -6254 -5982 -3493 17926
-5326 -1352 -6290 -20990 888 24325
-6022 -1143 -6428 -32768 8179 32575
-6796 -656 -6569 -32768 22194 32767
-7078 -332 -6187 -32768 32767 32767
-7046 -95 -4919 -32768 32767 32767
-6469 -44 -2798 -32768 32767 32767
-5922 -202 -1486 -32768 32767 32767
-5172 -440 427 -32768 32767 32767
-4741 -1049 2537 -32768 32767 32767
-3648 -410 4231 -32768 32767 32767
-2593 -738 4252 -32768 32767 32767
-2552 -1148 3623 -32768 32767 32767
-2129 -866 3252 -32768 32767 32767
-1758 -699 2962 -32768 30830 32767
-1556 -327 2518 -31825 28010 32767
-1872 -111 2144 -18178 25148 32767
-2258 -89 1702 -7743 27335 32767
-2171 -214 1566 -3392 29286 32767
-1818 -248 1553 -929 29000 32767
-1437 -232 1689 -2456 25246 27641
-1334 -215 1685 -4363 21006 23791
-1402 -287 1551 -6518 12846 20235
-1640 -161 1213 -6926 7015 19039
-1837 -157 1019 -5975 2185 17768
-2473 12 798 -3896 2517 13899
-2974 177 596 -2266 4416 9547
-2987 181 537 69 9649 2131
-2731 59 645 982 14019 -2495
-2465 -12 915 1191 18490 -8549
-2340 -121 1059 981 17029 -13276
-2147 -195 997 1206 13710 -15716
-1968 -231 1052 1480 10021 -18561
-1969 -188 1157 1104 8602 -21620
-2152 -204 1188 731 8803 -24100
-2172 -221 1157 609 8889 -27783
-2136 -260 976 1176 8329 -29732
-2041 -277 878 2679 7644 -31701
-1856 -345 920 3803 5919 -32768
-1762 -244 940 4043 3139 -32768
-1698 -186 911 3603 -1337 -32768
-1621 -141 926 2927 -3180 -32768
-1706 -65 846 1881 -5667 -32768
-1782 16 741 1317 -7825 -32768
-1880 58 564 1451 -8340 -32768
-1909 95 469 2746 -8005 -32768
-1852 -38 244 4697 -7724 -32768
-1891 -15 157 8675 -7082 -32768
-1995 34 61 11684 -6636 -32768
-2189 112 184 15718 -6762 -32768
-2323 116 313 18731 -9372 -32768
-2365 230 323 20203 -11983 -32768
-2272 297 364 21837 -13951 -31408
-2067 296 458 22869 -13408 -27135
-1979 202 587 23419 -12949 -24332
-2005 54 555 24738 -14190 -21108
-2129 74 515 25863 -15799 -19976
-2250 182 508 27572 -16786 -19964
-2411 296 455 28808 -15462 -20505
-2533 303 400 30802 -11538 -21205
-2562 344 387 32761 -7664 -21396
-2507 425 408 32767 -6265 -20924
-2429 438 489 32767 -5976 -19288
-2291 439 602 32767 -6866 -17519
-2172 432 652 32767 -9044 -13947
-2192 349 760 31787 -11382 -10405
-2387 290 861 30380 -13083 -8816
-2638 253 933 28188 -16010 -8224
-3096 145 741 27284 -17134 -9041
-3402 -146 493 27292 -15320 -10856
-3507 -499 237 29261 -10999 -12012
-3585 -658 -29 31148 -7669 -12439
-3594 -610 58 32767 -5089 -12609
-3659 -661 443 31739 -6135 -12429
-3817 -683 737 29464 -8053 -12419
-4223 -655 958 24979 -11545 -12816
-4703 -473 823 22332 -12573 -13017
-4924 -394 583 20572 -10416 -12615
-5173 -216 129 21696 -6732 -10992
-5099 -248 -68 23032 -5222 -8815
-5034 -264 -99 24439 -4258 -4400
-4894 -144 -202 24792 -3692 -1094
-4879 -117 -220 24204 -3153 3850
-4853 -300 -319 22903 -3067 8802
-4712 -598 -642 21903 -3126 13419
-4630 -873 -998 21414 -3208 15876
-4616 -1002 -1522 19887 -2615 17839
-4631 -1048 -1755 17725 -1811 18307
-4517 -1154 -1852 12025 -764 18512
-4418 -1312 -2191 4816 623 18229
-4641 -1837 -2772 42 2409 17616
-4826 -2355 -3081 -6838 6069 16670
-5252 -3359 -3378 -11391 8422 16156
-5656 -4135 -3820 -17554 8724 16343
-6481 -4893 -4450 -23447 10826 18711
-6795 -5378 -4584 -27944 16333 22743
-6786 -5955 -4091 -32768 25250 32303
-6418 -6383 -2901 -32768 26388 32767
-6523 -6492 -1932 -32768 23765 32767
-6905 -6597 -1720 -32768 23713 32767
-7220 -6601 -1110 -32768 29672 32767
-7248 -6389 -98 -32768 32767 32767
-7624 -5514 -54 -32768 32767 32767
-6182 -5531 2920 -32768 32767 32767
-6113 -5189 2889 -32768 29854 32767
-5662 -4821 2855 -32768 19686 32767
-5095 -4314 2678 -32768 17972 32767
-4762 -4078 2677 -24339 20293 32767
-4339 -3834 2892 -18126 22027 32767
-4105 -3652 3069 -11095 23648 32767
-3719 -3385 3291 -7197 25939 32767
-3213 -3205 3478 -5961 27966 32767
-2721 -3083 3477 -5822 28030 32767
-2304 -2987 3308 -5536 26115 32767
-2043 -2954 3169 -4901 23311 31852
-1757 -2854 3027 -4503 21775 30166
-1635 -2774 2920 -4315 19581 27577
-1637 -2705 2852 -4619 17274 24132
-1634 -2541 2748 -5115 15805 21305
-1571 -2359 2493 -5751 14688 16575
-1504 -2194 2246 -5729 15308 11497
-1375 -1978 2024 -5501 16351 8003
-1324 -1769 2032 -5309 18121 2356
-1325 -1378 1988 -4926 18509 -3859
-1368 -971 1791 -4226 18759 -8031
-1377 -684 1640 -2217 21552 -14205
-1328 -246 1683 135 25319 -20384
-1235 390 1826 1543 27062 -24380
-1058 834 2131 2460 27953 -29122
-756 1457 2542 1595 25738 -31941
-520 1996 2847 209 23334 -32708
-470 2218 2938 -2053 18816 -32188
-453 2063 2520 -2144 14458 -29767
-504 1705 1947 438 12120 -26679
-694 1439 1540 3040 11709 -24979
-878 1361 1368 7084 11844 -23665
-1265 1289 1186 10601 11675 -23982
-1454 1139 1073 12549 11238 -24657
-1484 1030 951 15176 9992 -25626
-1459 828 769 17758 8528 -26076
-1451 675 663 19391 7874 -26029
-1450 556 649 21276 7483 -25548
-1339 377 594 22257 6853 -24930
-1305 321 567 23118 5227 -24016
-1352 251 559 23208 3258 -23390
-1341 151 582 23025 2027 -22943
-1400 97 629 22462 659 -22434
-1536 116 415 22568 -105 -22043
-1564 4 273 23801 -168 -20941
-1537 -125 121 26003 1494 -19513
-1510 -190 0 27773 3017 -18619
-1547 -226 -49 30516 4609 -17993
-1684 -262 -42 32116 4483 -18049
-1767 -336 -17 32767 2477 -18674
-1966 -523 60 32767 673 -19221
-3228 -2761 -323 32767 115 -13664
-3409 -2787 -213 32767 -1585 -11674
-3570 -2899 -1 32767 -3504 -8873
-3655 -2910 74 32767 -4368 -5907
-3762 -2987 203 32767 -4182 -3825
-3878 -2993 242 32767 -3999 -951
-3943 -2821 154 32767 -4981 1228
-3915 -2743 134 32767 -5599 2801
-3826 -2659 132 32767 -6097 3825
-3523 -954 -2896 32427 -22179 1438
-3534 -1082 -3631 24011 -23775 4216
-3814 -1340 -4721 12432 -22952 8829
-4969 -1739 -6134 3702 -19784 12439
-6171 -1976 -7024 -9416 -8311 18372
-7436 -2129 -7772 -18607 2963 23586
-7198 -1770 -7458 -32768 18218 32767
-6436 -936 -6587 -32768 28782 32767
-5982 -185 -5684 -32768 32767 32767
-5491 -25 -4595 -32768 32767 32767
-4834 -44 -2778 -32768 32767 32767
-4085 -395 -441 -32768 32767 32767
-3658 -509 956 -32768 32767 32767
-1805 -316 3455 -32768 32767 32767
-1472 651 6995 -32768 32767 32767
368 -107 8549 -32768 31975 32767
-247 -245 5372 -32768 13327 32767
-658 -93 2140 -32768 22802 32767
-926 196 1434 -24022 32393 32767
-1013 397 1499 -11740 32767 32767
-918 450 2039 -9967 32767 32767
-1147 273 2660 -13570 32767 32767
-2068 340 1698 -14833 24318 32767
-1875 -13 1272 -13099 22779 24531
-1238 -531 988 -9842 27720 19960
-930 -772 1024 -8175 26567 19062
-749 -784 1074 -7199 20734 19327
-499 -743 1204 -8168 13817 20180
-553 -584 1480 -9894 6944 20395
-875 -394 1404 -12345 -4306 19350
-1449 -166 1174 -13045 -7758 16521
-1959 24 911 -12186 -6017 13764
-2049 138 730 -8986 -1151 9259
-2012 299 695 -4859 4316 4652
-1814 435 874 -2197 6855 1625
-1663 530 990 1205 6911 -2493
-1417 714 1272 2627 6245 -4796
-1308 834 1449 3277 6379 -7576
-1190 991 1636 2757 7197 -9533
-1065 1063 1700 2136 7352 -10371
-1011 1103 1723 1072 7500 -11256
-995 1099 1711 -29 7446 -12145
-953 1140 1750 -921 6838 -12863
-926 1076 1674 -2109 4645 -14109
-869 780 1539 -2689 2220 -14940
-755 608 1372 -3104 -2781 -15950
-676 569 1271 -3434 -5402 -16700
-655 572 1283 -4205 -6675 -18072
-807 397 1224 -4387 -7002 -19184
-1046 189 1048 -3245 -8124 -21538
-1488 88 908 -996 -7955 -24969
-1763 -86 887 685 -6660 -27486
-1868 -369 893 3577 -5086 -31092
-2017 -730 865 5748 -5096 -32768
-2135 -935 845 8963 -6360 -32768
-2209 -1017 809 12068 -8101 -32768
-2347 -1197 756 15030 -9830 -32768
-2655 -1236 823 16917 -10658 -32768
-2951 -1283 769 20276 -10904 -32768
-3265 -1384 787 22778 -9830 -32768
-3477 -1399 718 27068 -7764 -32768
-3553 -1375 681 31690 -6348 -32768
-3484 -1366 695 32767 -6346 -32768
-3392 -1419 685 32767 -8479 -32768
-3396 -1413 694 32767 -11110 -32768
-3561 -1349 729 32767 -12216 -32768
-3794 -1314 709 32767 -13391 -32768
-4106 -1170 671 32767 -13730 -32768
-4020 -1110 623 32767 -14088 -32768
-3940 -1003 559 32767 -13468 -29286
-3842 -903 517 32767 -12436 -26071
-3891 -794 514 32767 -11787 -21475
-4031 -635 521 32767 -12944 -17960
-4193 -462 582 32767 -14055 -16221
-4342 -270 432 32639 -14344 -14023
-4391 -155 375 31877 -13781 -11788
-4630 -2 189 31632 -13733 -10393
-4822 59 48 31573 -13363 -8553
-5064 266 -137 31646 -11126 -6904
-5310 386 -368 31735 -8674 -5888
-5447 472 -537 31932 -4925 -4211
-5610 507 -887 32056 -3227 -3016
-5557 474 -1103 31955 -1270 -597
-5393 371 -1569 31208 205 2401
-5427 38 -2049 30032 1380 4319
-5341 -160 -2297 26542 3890 7320
-5093 -588 -2774 22911 4288 9570
-5011 -872 -3171 15627 3208 12969
-5084 -1477 -3812 9734 2407 15107
-5334 -2077 -4128 -250 3508 17836
-5799 -3184 -4777 -6952 4588 19572
-6092 -3893 -5186 -16192 4785 22669
-6842 -4891 -5479 -21985 6532 24576
-7627 -5389 -5263 -31757 15068 26171
-8499 -6023 -4444 -32768 22787 27559
-8526 -6529 -3561 -32768 29499 32767
-8208 -7132 -2292 -32768 25896 32767
-7788 -7742 -1658 -32768 19797 32767
-7794 -8092 -1437 -32768 15200 32767
-8352 -8413 -650 -32768 16960 32767
-8755 -8340 60 -32768 26937 32767
-8320 -8022 2230 -32768 32767 32767
-7742 -7774 3476 -32768 30064 32767
-7335 -7152 3461 -32768 14890 32767
-6505 -6709 3138 -32768 8966 32767
-5820 -6367 3052 -22578 11086 32767
-4829 -6050 3236 -10904 18720 32767
-4012 -5543 3637 -5582 22731 32767
-3474 -5177 3799 -13 26008 32767
-2648 -4671 3855 4178 28307 32767
-1920 -4433 3923 6428 29894 32767
-1390 -4113 3908 8978 31315 32767
-1097 -3892 3965 9738 30161 28866
-695 -3568 4023 8666 27098 24528
-561 -3216 3892 7391 24466 22299
-572 -2962 3713 4928 20086 19324
-683 -2827 3536 2275 15604 15807
-914 -2620 3317 -334 12343 11339
-1145 -2354 2951 -1576 10853 8074
-1297 -2136 2688 -2346 10222 2901
-1538 -1802 2280 -2082 10861 -480
-1643 -1554 1958 -504 12433 -5188
-1749 -1081 1628 1476 16100 -10102
-1696 -716 1587 2423 18542 -13462
-1446 131 1497 2825 18094 -18368
-1322 545 1537 2504 16384 -22925
-1239 1155 1373 2502 15265 -25859
-1313 1667 1098 3823 13892 -30280
-1304 2496 1065 4982 14047 -32645
-1247 3165 1246 5788 15220 -32768
-1177 3844 1718 5218 15085 -32768
-872 3872 1742 4232 12907 -31378
-621 3594 1484 5006 9874 -24790
-329 3100 1032 6551 8209 -19597
-309 2647 628 9526 5837 -13081
-328 2408 548 11369 2966 -9420
-367 2059 704 11145 1189 -8486
-417 1853 956 8434 -593 -8852
-411 1614 1230 3922 -3029 -10900
-502 1433 1202 1063 -4936 -12931
-478 1125 987 -1501 -6734 -15523
-541 885 667 -261 -7319 -17194
-689 653 200 2718 -6268 -17993
-763 472 -65 9597 -2895 -18745
-861 219 -324 17788 1849 -19400
-911 98 -241 22680 5507 -19792
-938 36 -86 28088 9683 -20325
-979 1 225 30063 11026 -20958
-1012 10 543 30507 9625 -22270
-955 -103 692 28530 4531 -23191
-844 -182 819 26237 739 -23410
-766 -323 815 22428 -3480 -22969
-784 -459 694 19748 -5996 -21736
-1100 -653 573 18598 -8040 -20960
-1528 -876 484 18557 -9239 -21010
-1864 -967 455 19364 -10217 -21953
-2275 -1054 479 20222 -10440 -22888
-2642 -1167 418 22021 -10272 -24461
-2844 -1209 401 24592 -9595 -25833
-3149 -1316 449 27656 -8858 -26935
-3371 -1420 462 30039 -8497 -27452
-3372 -1512 487 32767 -8951 -27230
-3572 -1543 574 32767 -11079 -26749
-3823 -1534 634 32767 -16478 -25715
-4182 -1544 778 32767 -19326 -24017
-4476 -1671 796 32767 -18946 -22502
-4580 -1820 788 32767 -15763 -19770
-4888 -2041 598 32767 -13694 -18275
-5045 -1999 504 32767 -12401 -16779
-5123 -1997 436 32767 -12378 -15851
-5097 -1916 481 32767 -11306 -14344
-4989 -1879 536 32767 -10331 -12620
-4900 -1703 502 32767 -11236 -11452
-4781 -1580 388 32767 -14016 -9546
-4597 -1395 166 32767 -15063 -7667
-4516 -1209 -45 32767 -14612 -6678
-4462 -1089 -162 32767 -13903 -5843
-4391 -836 -349 32767 -13204 -5852
-4211 -565 -527 32767 -12747 -6157
-4096 -496 -641 32767 -11622 -6684
-3654 -354 -884 32767 -10756 -6545
-3226 -335 -1142 32767 -10244 -5488
-2936 -281 -1353 32229 -12169 -3674
-2758 -310 -2005 30437 -14727 -2464
-2821 -354 -2544 28030 -18442 -698
-2691 -639 -3543 24753 -21622 2634
-3200 -983 -4676 18286 -22549 6660
-4375 -1325 -5791 11021 -17836 9533
-5331 -1600 -6321 -5370 -2612 14405
-6455 -1822 -6972 -25992 10536 20073
-6973 -1643 -7492 -32768 19705 24253
-7066 -1417 -7506 -32768 32767 29961
-7045 -953 -6442 -32768 32767 32463
-6732 -816 -5103 -32768 32767 32767
-6224 -461 -2368 -32768 32767 32767
-5323 -352 200 -32768 32767 32767
-4665 -415 1831 -32768 32767 32767
-3627 -484 4337 -32768 32767 32767
-2729 133 5695 -32768 32767 32767
-1675 -867 6241 -32768 32689 32767
-1682 -721 5046 -32768 13418 32767
-1783 -487 3781 -32768 11988 32767
-1655 -624 2786 -32768 15571 32767
-1476 -674 2448 -23459 22169 32767
-1651 -624 2297 -11765 26614 32767
-1907 -425 2098 -5687 30204 32767
-1520 -405 2003 -4037 32345 32767
-1209 -421 1867 -3505 30626 30064
-817 -299 1691 -4111 22750 27204
-653 -198 1434 -4523 15703 27052
-659 -143 1234 -5066 6152 27507
-1515 193 953 -5248 401 26686
-2233 397 712 -4616 -2231 22846
-3188 672 324 -2591 3662 15775
-3639 860 111 -696 9654 10147
-3557 813 156 2352 17598 2468
-3210 654 268 4306 21320 -1773
-2796 340 639 6348 19893 -6598
-2353 298 296 9003 13328 -9401
-1567 172 595 9951 12626 -9932
-1296 132 823 8958 12352 -10729
-1441 113 1232 6609 10451 -12637
-1654 214 1366 1721 6415 -17810
-1879 205 1222 -1220 4907 -22020
-1935 126 1046 -4160 5633 -28156
-1907 -13 829 -4486 6031 -32768
-1783 -64 638 -3323 5446 -32768
-1626 -110 550 -454 5159 -32768
-1404 -128 511 1649 5323 -32768
-1270 -158 544 4398 4177 -32768
-1272 -207 563 6684 107 -32768
-1454 -78 608 7582 -2736 -32768
-1579 -45 639 8132 -5342 -32768
-1754 -25 661 8263 -6097 -32768
-1916 154 527 8586 -6821 -32768
-1966 319 355 9732 -6629 -32768
-1922 388 264 11561 -4946 -32768
-1812 463 211 13568 -3139 -32430
-1693 506 291 14995 -3148 -30848
-1741 511 252 17836 -5840 -27920
-1722 631 286 19828 -7917 -25576
-1684 620 346 22387 -9529 -21579
-1704 633 492 23479 -9566 -18890
-1774 642 667 23962 -9378 -15465
-1774 684 768 23960 -11340 -12747
-1817 611 729 24240 -13238 -11339
-1799 451 680 25316 -15437 -9631
-1951 318 540 26390 -16029 -9194
-2059 348 561 27689 -15558 -9697
-2300 468 672 28144 -14926 -11442
-2577 599 737 28059 -14182 -12919
-2524 698 804 27726 -11742 -14271
-2386 789 912 27426 -8991 -14043
-2206 802 1004 27446 -7832 -12933
-2219 776 1058 28029 -7769 -10736
-2551 846 1104 28803 -8514 -9724
-2924 909 1132 30227 -9355 -9443
-3308 943 1195 31483 -8937 -9667
-3460 783 1258 31918 -9011 -9384
-3493 638 1270 31768 -10407 -8458
-3553 515 1092 31259 -11812 -7702
-3683 389 886 30008 -13979 -6459
-3864 285 751 28298 -15643 -5262
-4176 195 511 27201 -16574 -4510
-4227 150 334 25812 -18063 -2974
-4319 55 61 25397 -18726 -2113
-4557 15 -426 25741 -17760 -2050
-4913 96 -1002 26457 -16054 -2825
-5118 89 -1362 27582 -12974 -4692
-5537 25 -1811 27844 -10495 -6279
-5600 -150 -2126 27326 -6375 -7391
-5412 -655 -2452 24769 -2233 -5208
-4915 -1296 -2734 19427 1415 943
-4701 -1854 -2962 14066 2405 6100
-4817 -2130 -3183 4117 182 12753
-5738 -3076 -3770 -5321 -3705 16301
-6988 -4370 -4945 -10194 -3185 17150
-7588 -4912 -5582 -17123 5524 18094
-8062 -5655 -5512 -27996 20002 22073
-7830 -6314 -4294 -32768 28505 28246
-6854 -6909 -2869 -32768 31499 32767
-6759 -7179 -2272 -32768 21282 32767
-7208 -7140 -2037 -32768 14549 32767
-7410 -7168 -1732 -32768 10172 32767
-7742 -6225 -507 -32768 16978 32767
-6245 -6475 1345 -32768 18036 32767
-6083 -6103 1684 -32768 8344 32767
-5537 -5538 1830 -32768 2538 32767
-4940 -5246 1831 -32768 2631 32767
-4228 -4982 1801 -22724 10136 32767
-3847 -4869 1944 -14554 16077 32767
-3374 -4556 2249 -5211 23762 32767
-2735 -4101 2641 -1333 27941 32767
-2318 -3823 2756 2005 32767 32767
-1946 -3326 2821 3246 32767 32767
-1655 -3142 2840 4624 32767 30428
-1310 -2876 2752 6063 32767 25347
-1115 -2658 2647 6890 32767 23227
-1085 -2513 2569 7463 29009 21038
-1226 -2361 2458 7192 25489 19522
-1362 -2288 2348 5795 21163 16539
-1589 -2174 2221 3211 19387 12612
-1762 -2057 2068 1146 19233 9485
-1961 -1929 1935 -1777 19838 4004
-2074 -1783 1760 -3818 20619 -1464
-2204 -1457 1577 -4435 20938 -4921
-2217 -1229 1517 -4376 22124 -9670
-2247 -797 1448 -3278 23619 -13880
-2194 -277 1435 -2052 23849 -16368
-2234 58 1471 28 22442 -19895
-2208 470 1529 2547 19896 -23365
-2319 983 1336 4828 17359 -26059
-2363 1310 1214 8974 15490 -30121
-2422 1799 1214 13050 15549 -32768
-2456 2450 1354 15012 15193 -32768
-2415 2692 1537 16173 14953 -32768
-2339 2885 1611 16245 15387 -32768
-2012 2781 1457 16356 15809 -32768
-1792 2690 1351 16315 13317 -29261
-1554 2574 1356 15622 9256 -26259
-1481 2433 1356 13648 1678 -22177
-1494 2271 1334 11075 -5489 -19644
-1662 2173 1084 9664 -8904 -18818
-1625 2027 965 8553 -10211 -18131
-1523 1850 737 7804 -9781 -16776
-1454 1625 506 8666 -8670 -15163
-1364 1519 327 9883 -7138 -14315
-1306 1385 277 12097 -4267 -13307
-1180 1175 284 13681 -3251 -12645
-1098 1074 258 16191 -3006 -11703
-957 860 242 17898 -3154 -11107
-874 701 297 20118 -3542 -10582
-825 519 312 21858 -3855 -10527
-828 344 224 22878 -3991 -10853
-793 227 198 24187 -3706 -11657
-768 15 156 24894 -3466 -12245
-746 -75 148 25593 -2779 -13116
-795 -222 212 25780 -1878 -13902
-921 -398 301 25711 -1782 -14475
-1166 -644 357 25369 -3071 -15229
-1399 -985 554 24833 -4417 -15532
-1530 -1276 652 23878 -7158 -15325
-1767 -1739 749 23542 -9241 -14981
-1971 -2102 698 24284 -12334 -14555
-2315 -2541 588 26872 -14179 -14585
-2832 -2836 492 29585 -14323 -15326
-3172 -2918 429 32767 -13980 -17231
-3565 -2943 408 32767 -13490 -18570
-3710 -2934 467 32767 -11677 -19690
-3932 -2827 656 32767 -9773 -19954
-4127 -2734 691 32767 -7308 -19925
-4363 -2529 805 32767 -5264 -19407
-4349 -2409 960 32767 -5224 -17469
-4298 -2283 1054 32767 -7200 -15285
-4323 -2262 1095 32767 -12374 -11353
-4458 -2175 996 32767 -17426 -7877
-4626 -1964 634 32767 -19896 -6195
-4655 -1843 377 32767 -21388 -4732
-4603 -1618 75 32767 -21606 -4316
-4637 -1460 -168 32767 -22793 -5043
-4854 -1189 -618 32767 -24562 -7725
-5097 -1009 -1161 32767 -25548 -10259
-5338 -819 -1713 32767 -25484 -14547
-5300 -602 -2676 32767 -23913 -16323
-4790 -601 -3321 32767 -19495 -14678
-4087 -603 -4240 32767 -15219 -8367
-3582 -683 -4904 29179 -14298 875
-3592 -724 -5056 17079 -14721 7686
-5049 -1189 -5349 -6374 -12336 17377
-7156 -1310 -6191 -28914 -592 21093
-9592 -710 -7411 -32768 15125 20850
-8657 -462 -7496 -32768 32767 26003
-6660 14 -6544 -32768 32767 32767
-5346 461 -4861 -32768 32767 32767
-4818 609 -3415 -32768 32767 32767
-4173 381 -1440 -32768 32767 32767
-2370 -1875 -1692 -32768 32767 32767
-2814 -472 1614 -32768 32767 32767
-2657 -627 2825 -32768 32767 32767
-1963 -882 3963 -32768 32767 32767
-386 -1672 6042 -32768 32767 32767
-698 -1616 4308 -32768 25898 32767
-681 -1069 2793 -30219 23715 32767
-257 -898 2236 -17790 31514 32767
-109 -362 2379 -14129 30128 32767
-30 -45 2445 -13836 24527 32767
-542 49 2091 -14889 24056 32767
-1237 -56 1505 -15699 22804 32767
-1307 -118 1162 -13755 19943 27900
-1035 -243 887 -10240 19033 24386
-1238 -246 756 -7873 17483 23324
-1463 -109 747 -5341 13532 22205
-1623 37 868 -4691 8316 21729
-1732 132 964 -5085 5211 21513
-1778 194 1047 -6484 1664 20259
-2088 407 956 -7156 -186 18099
-2161 486 929 -7062 -966 13453
-2050 555 896 -5593 1077 8199
-1865 655 973 -4159 3167 4512
-1740 748 1041 -1967 7052 -1326
-1592 814 1218 -741 9542 -5230
-1484 809 1183 1212 11094 -10666
-1348 747 1281 2842 12098 -14468
-909 822 1578 3109 10729 -16411
-972 828 1757 2473 6620 -17694
-1125 696 1844 922 -270 -19893
-1229 492 1769 -28 -3666 -21261
-1385 358 1738 -1091 -5916 -23550
-1726 316 1730 -1767 -6383 -26732
-1963 215 1571 -1537 -6415 -30480
-2033 120 1374 -668 -6318 -32768
-2120 -99 1164 1612 -6922 -32768
-2206 -318 789 5542 -9873 -32768
-2232 -382 502 8565 -11661 -32768
-2151 -454 527 12268 -12475 -32768
-2222 -530 706 14056 -12972 -32768
-2488 -417 864 14377 -13581 -32768
-2768 -419 1000 14033 -14363 -32768
-2913 -397 894 14245 -14398 -32768
-3015 -461 739 16632 -12897 -32768
-2979 -385 447 19837 -10644 -32768
-2889 -320 499 25708 -6662 -32768
-2826 -11 864 29078 -5928 -32768
-2976 341 1177 32174 -8082 -32768
-3293 786 1677 32767 -11539 -32196
-3529 1042 1902 32767 -13742 -29919
-3568 1178 2100 32506 -16842 -25432
-3607 1379 2279 31180 -20458 -20218
-3749 1565 2372 30498 -22403 -16933
-4073 1673 2122 31600 -23537 -13684
-4647 1860 1315 32767 -22940 -12797
-5026 1918 979 32767 -19666 -13091
-5283 2030 528 32767 -16415 -13641
-5348 1982 -120 32767 -15056 -13654
-5326 1954 -586 32767 -12942 -13163
-5247 1780 -1433 32767 -10859 -12302
-5200 1516 -2153 32767 -5732 -9526
-5243 788 -3021 32767 -2174 -6495
-5274 -337 -3590 32767 -2199 -864
-5396 -1232 -3808 29196 -10269 4639
-6346 -2720 -3799 17178 -15362 6662
-7233 -3480 -4089 -2000 -15085 6741
-8318 -4423 -5149 -18959 -9522 6227
-8683 -4668 -5614 -29058 -6553 7920
-9086 -4977 -5757 -32768 -901 15698
-9372 -4799 -5705 -32768 5733 25080
-9120 -5089 -5716 -32768 16887 32767
-8898 -5679 -5615 -32768 26490 32767
-8618 -7082 -4793 -32768 31655 32767
-8760 -7847 -3906 -32768 32767 32767
-9328 -7643 -4553 -32768 32767 32767
-7569 -8711 -344 -32768 -536 32767
-7684 -7821 -673 -32768 -18447 32767
-6957 -7567 -289 -32768 -31853 32767
-5663 -7279 265 -32768 -31455 32767
-4844 -6979 469 -16203 -18770 32767
-3764 -6361 1325 -2815 9754 32767
-2966 -5694 1879 3612 27634 32767
-2558 -5309 2142 11166 32767 32767
-1743 -4801 2764 14477 32767 32767
-1239 -4480 3225 16169 32767 32767
-896 -3922 3701 15123 32767 32767
-674 -3473 3970 13430 32313 32415
-548 -3122 3868 10453 20639 29898
-517 -2937 3663 7917 12747 27801
-707 -2667 3190 6313 10068 24193
-1090 -2414 2736 5489 10377 20372
-1259 -2274 2464 4596 12174 13346
-1501 -2060 2097 4490 13709 5845
-1694 -1746 1773 4806 14553 1161
-1803 -1470 1729 5028 16564 -5116
-1909 -1015 1697 4864 17878 -8886
-2060 -544 1608 4422 19052 -14085
-2052 -231 1642 3880 19386 -18377
-1948 250 1723 3264 18174 -22113
-2001 844 1663 2986 16163 -24764
-1936 1162 1696 3044 12988 -28537
-1814 1762 1456 4047 11278 -30816
-1772 2188 1195 7704 11029 -32768
-1713 2864 709 13511 13562 -32768
-1638 3372 584 17361 15535 -32768
-1452 3586 795 20881 17442 -32768
-1195 3643 1305 21219 16966 -32768
-963 3458 1512 19296 12706 -28360
-696 3031 1701 15243 6030 -21979
-598 2699 1827 11821 1158 -18306
-615 2384 1730 7127 -6049 -14419
-692 2009 1459 4794 -9837 -13116
-779 1529 1144 2998 -12544 -12629
-780 1224 884 3363 -12098 -13400
-864 848 551 4534 -10676 -14549
-958 639 374 7415 -7149 -16998
-1012 372 325 10714 -2880 -19567
-1093 281 399 12821 -307 -21274
-1248 254 486 15815 2965 -24044
-1430 248 548 17772 4423 -25616
-1440 200 524 20998 6062 -26612
-1345 21 524 24504 7458 -25714
-1299 -178 411 28032 6079 -23586
-1255 -246 421 29757 3561 -21924
-1180 -320 477 30584 -1760 -19317
-1115 -421 676 29771 -5268 -17762
-1149 -569 792 26897 -9601 -16070
-1450 -788 930 22874 -12708 -16106
-1973 -1018 1008 19063 -15484 -18019
-2649 -1246 659 17468 -17528 -20948
-2924 -1398 425 18969 -16317 -23672
-3279 -1508 94 21798 -13519 -24896
-3412 -1600 -44 27925 -7990 -25504
-3639 -1668 -10 32767 -3466 -25103
-3898 -1519 165 32767 -2191 -24641
-3988 -1427 404 32767 -2721 -23705
-3944 -1387 850 32767 -7159 -21558
-3821 -1483 1081 32767 -11081 -19274
-3868 -1597 1105 32767 -15039 -15755
-4062 -1668 981 32767 -16134 -13863
-4291 -1621 844 32767 -15829 -12181
-4456 -1612 627 32767 -13899 -11118
-4422 -1613 470 32767 -12711 -10416
-4317 -1656 397 32767 -12392 -9069
-4134 -1537 314 32767 -13448 -8257
-4102 -1175 220 32767 -15673 -8671
-4105 -798 128 32767 -16955 -9460
-4104 -576 91 32767 -17695 -11054
-4100 -332 -18 32767 -18019 -11981
-4059 -136 -129 32767 -17464 -12893
-4036 114 -338 32767 -15338 -13227
-4017 182 -489 32767 -14002 -13080
-3928 176 -893 32767 -12558 -12255
-3594 216 -1515 32767 -12178 -11085
-3342 166 -2022 32767 -13133 -8431
-3115 89 -3046 32767 -14900 -6344
-3048 -5 -3663 32767 -17499 -2685
-3202 -325 -4372 31456 -18215 325
-3536 -580 -4783 19665 -16480 5424
-4878 -739 -5422 -1213 -9535 10358
-5806 -1035 -6011 -17424 -2357 14493
-7212 -1202 -7448 -32768 8737 21754
-8176 -977 -8346 -32768 17484 27723
-7927 -917 -8145 -32768 31912 32767
-2522 -1176 5469 -32768 32767 32767
-1707 -461 4322 -32768 29670 32767
-1500 -126 3248 -22903 25339 32767
-2086 -84 2554 -11193 24455 32767
-2591 -45 1929 -5628 26656 32767
-2242 -95 1833 -1781 30209 32767
-1577 -164 1766 -2275 27828 31368
-1289 -80 1757 -4226 23965 25961
-1253 -4 1654 -7839 18402 19154
-1420 143 1270 -9710 14473 13560
-1582 119 793 -8812 12399 11039
-1731 89 558 -4750 10274 8594
-1948 78 435 -1398 10346 6922
-2061 86 471 2760 11174 3038
-2118 47 609 4247 11192 -449
-2013 96 987 3783 11498 -6518
-2024 81 1211 731 11660 -13334
-2112 89 1270 -1437 12012 -17847
-2180 -91 1107 -3232 12798 -23766
-2291 -171 944 -2887 11647 -28892
-2225 -266 689 -1741 10552 -31416
-2038 -350 585 812 10172 -32768
-1767 -481 461 3786 9491 -32768
-1655 -415 463 5518 8658 -32280
-1633 -434 506 7206 6263 -31804
-1770 -266 563 7538 2476 -32716
-1854 -158 576 7105 -3 -32768
-1822 -91 600 6044 -2445 -32768
-1831 32 499 5450 -3428 -32768
-1868 79 369 5456 -4277 -32768
-1847 122 205 6650 -5168 -32768
-1865 134 45 8665 -7108 -32768
-1779 182 -8 10110 -8317 -31549
-1726 246 -1 12224 -9996 -27922
-1854 391 110 13301 -11072 -25690
-1935 538 295 14194 -12386 -22983
-1922 598 402 14529 -13586 -20676
-1907 731 476 14742 -13896 -19423
-1901 713 552 15315 -13365 -17864
-1748 612 585 16944 -13293 -16281
-1770 538 477 18820 -13648 -15716
-1796 594 425 22008 -13119 -15749
-1754 633 479 24019 -12556 -16141
-1737 730 545 26222 -11730 -17020
-1683 878 810 26886 -10504 -17671
-1660 878 1048 26800 -10114 -17577
-1668 883 1115 26351 -10402 -16740
-1714 930 1407 25634 -11216 -15950
-1846 980 1513 24459 -13527 -14854
-2205 1130 1487 24398 -14194 -14666
-2636 1365 1466 25236 -13098 -15131
-2846 1482 1480 27420 -11527 -15751
-2981 1485 1523 29059 -12144 -15502
-3113 1583 1563 31070 -14520 -14179
-3477 1455 1505 32063 -15525 -12841
-3716 1176 1403 32767 -15271 -10306
-4053 651 1085 32767 -14314 -7785
-4380 480 813 32767 -14273 -6507
-4491 413 707 32767 -16079 -5144
-4729 194 459 32767 -17784 -4915
-5272 74 199 32767 -19187 -6909
-6118 120 -506 32767 -17810 -10875
-6446 192 -1099 32767 -13960 -13156
-6462 129 -1533 32767 -6631 -14193
-6054 33 -2442 32767 -2896 -12545
-5343 -49 -3151 32767 -246 -6196
-4890 -304 -3315 28392 -25 3671
-5111 -1553 -3731 23329 -2715 10334
-6230 -2713 -4217 13789 -11413 16040
-7972 -4409 -4992 5958 -15008 17323
-8838 -5497 -5566 -8199 -10760 18391
-9806 -6654 -6741 -23677 3081 21920
-9460 -7259 -6716 -32768 14852 28517
-8704 -7735 -5623 -32768 27938 32767
-7672 -8208 -3777 -32768 27541 32767
-7675 -8273 -2971 -32768 16757 32767
-8409 -8168 -2314 -32768 10676 32767
-8743 -7931 -1990 -32768 14280 32767
-6892 -7508 -774 -32768 29284 32767
-7689 -7024 633 -32768 32767 32767
-7209 -6654 2393 -32768 32767 32767
-6359 -6034 2312 -32768 25033 32767
-5123 -5597 2359 -29955 23754 32767
-4471 -5062 2425 -17287 28098 32767
-4206 -4707 2813 -8247 30222 32767
-3689 -3963 3303 -4447 28598 32767
-3178 -3631 3461 -895 25590 32767
-2478 -3265 3391 1411 24610 32767
-2103 -3049 3133 2770 24212 32767
-1995 -2928 3017 4582 23727 32767
-1990 -2739 2877 5959 24351 29782
-2055 -2648 2707 6633 25309 26779
-2013 -2453 2516 7224 26239 22532
-1898 -2398 2518 6218 25663 19153
-1784 -2239 2538 4490 23893 17258
-1793 -2171 2560 690 21469 14572
-1782 -2103 2495 -3372 19102 11731
-1979 -1928 2355 -6728 16799 7725
-2213 -1797 2243 -8241 16381 4629
-2215 -1580 1929 -8510 17295 264
-2062 -1199 1563 -7479 18313 -2430
-2049 -910 1514 -5464 19631 -6608
-2017 -341 1582 -3756 19925 -11248
-1803 211 1658 -2882 18322 -14293
-1834 573 1562 -1057 16123 -19487
-1757 1180 1495 1629 17194 -24703
-1610 1510 1557 3758 18337 -27614
-1496 2063 1659 6657 18248 -30954
-1140 2681 2056 7462 16571 -32154
-968 3040 2288 6893 12141 -32573
-801 3326 2348 5506 7088 -31401
-512 3092 1983 5188 4163 -29534
-351 2887 1725 6110 1225 -25953
-375 2483 1323 7567 -312 -23858
-490 2283 956 10909 -2404 -22128
-699 2054 561 14354 -2797 -22056
-896 1730 410 16101 -1935 -22516
-945 1562 407 17286 400 -23393
-862 1341 543 16984 2078 -23834
-775 1241 878 14386 4390 -24160
-701 1036 1269 11739 4800 -24293
-737 921 1241 8606 2273 -24379
-684 638 942 8300 -1930 -23420
-671 295 567 9882 -4508 -22252
-743 127 367 14248 -7254 -20573
-953 -4 38 20081 -8570 -19469
-1046 -128 -29 23859 -7976 -19009
-1056 -197 -27 28403 -5409 -18894
-1109 -218 61 30327 -3385 -19288
-1122 -225 162 31463 -857 -20492
-1174 -270 300 31059 -54 -22325
-1268 -398 366 30345 -855 -23601
-1382 -550 450 28911 -3530 -25042
-1500 -891 466 28135 -6243 -25334
-1602 -1132 380 27996 -10662 -24654
-1899 -1517 223 28810 -13137 -23860
-2557 -1934 79 31495 -15606 -23252
-3000 -2103 53 32767 -15789 -24021
-3675 -2275 30 32767 -14716 -25346
-4083 -2296 -21 32767 -11966 -28126
-4440 -2270 -78 32767 -7911 -30161
-4576 -2241 74 32767 -5310 -30273
-4607 -2215 237 32767 -2976 -28399
-4554 -2199 548 32767 -2698 -25830
-4538 -2189 687 32767 -3303 -20792
-4410 -2251 810 32767 -4358 -15021
-4396 -2374 848 32767 -5671 -11447
-4448 -2380 907 32767 -9469 -7202
-4430 -2307 861 32767 -13178 -5107
-4384 -2163 695 32767 -17832 -3107
-4407 -2064 621 32767 -19957 -2740
-4552 -1973 350 32767 -20536 -3475
-4663 -1743 100 32767 -20991 -5961
-4877 -1386 -399 32767 -21318 -8310
-4965 -1136 -726 32767 -21387 -12043
-5094 -765 -1234 32767 -19156 -15433
-5062 -492 -1671 32767 -16905 -16734
-4801 -538 -1870 32767 -15730 -15397
-4279 -444 -2539 32767 -17671 -12045
-4043 -667 -3328 29592 -22352 -3636
-4440 -899 -4861 20025 -20295 6763
-5239 -981 -5910 9888 -12602 13644
-6391 -917 -6224 -13774 -2423 20294
-7979 -495 -6818 -32768 9710 24263
-7665 86 -7803 -32768 22025 28592
-7055 512 -7763 -32768 32767 32767
-5913 1140 -6579 -32768 32767 32767
-5232 1417 -4938 -32768 32767 32767
-4283 1568 -2194 -32768 32767 32767
-5483 1142 -1826 -32768 32767 32767
-2164 912 2427 -32768 32767 32767
72 1501 6613 -32768 32767 32767
1274 1031 9184 -32768 32767 32767
26 -281 5401 -32768 10170 32767
-842 -370 2167 -32768 -4904 32767
-929 -401 1049 -18059 17302 32767
-1248 -517 1124 -3359 30920 32767
-1262 -467 1448 255 31044 32767
-1191 -255 1645 200 30218 32767
-1300 -213 1534 -1281 32442 29564
-1412 -257 1214 -2882 32767 16532
-1076 -464 1139 -4433 32767 10168
-714 -518 1167 -6024 29816 9329
-533 -264 1146 -9059 21194 11059
-763 -115 899 -10993 12857 13428
-1195 47 732 -12993 1496 16171
-2210 410 353 -12734 -3616 15317
-3190 764 -137 -10891 -2595 12462
-3565 865 -354 -6149 4754 6351
-3901 984 -345 -717 14791 -804
-3683 1009 -78 2491 20524 -5102
-3306 897 187 5760 25637 -9907
-2661 705 777 6343 25316 -12107
-2380 708 1043 4754 18530 -14477
-1769 593 1553 739 11514 -15565
-1307 417 1849 -2472 6757 -15770
-1230 294 1948 -6726 -638 -16247
-1352 122 1731 -8551 -6998 -17308
-1416 -236 1257 -7810 -9740 -18141
-1570 -323 1041 -4823 -10632 -20536
-1852 -285 921 -2426 -8995 -23095
-2005 -236 877 1151 -4719 -28168
-2089 -80 803 3513 -1659 -32057
-2097 74 692 7025 2380 -32768
-1827 148 725 9098 4101 -32768
-1626 195 802 11535 4824 -32768
-1397 227 964 12645 4130 -32768
-1281 214 962 14130 1614 -32768
-1240 229 1002 14949 -505 -32768
-1335 309 879 16436 -4022 -32768
-1441 375 763 18444 -7168 -32768
-1444 443 799 19677 -8304 -31050
-1424 521 866 20773 -9730 -27149
-1490 672 1051 20520 -11876 -23677
-1579 677 1347 19558 -14051 -21618
-1636 657 1443 17522 -18476 -18699
-1609 712 1671 15962 -21161 -16739
-1586 679 1836 13969 -23589 -13897
-1734 550 1802 13617 -24682 -12687
-2008 893 1643 14971 -24663 -12875
-2198 1097 1703 17583 -21842 -15006
-2450 1522 1887 19679 -19121 -16960
-2684 1690 1875 23885 -13725 -19792
-2886 1750 2091 28767 -8691 -21035
-3071 1782 2129 32767 -6752 -19802
-3073 1700 2239 32767 -7129 -17383
-3028 1577 2462 32767 -10360 -12229
-3487 1710 2240 32767 -12640 -9307
-3773 1720 1956 32767 -13293 -6510
-3899 1203 1235 32767 -13655 -5110
-3881 851 603 32767 -16924 -3243
-4165 539 -61 32767 -18586 -3417
-4430 550 -358 32767 -18011 -4792
-4859 343 -939 32767 -15475 -8073
-5395 94 -1707 32767 -11304 -10786
-5521 -109 -2132 32767 -2553 -13313
-5292 -701 -2840 29666 1189 -12692
-5272 -1261 -3434 23406 -2040 -8081
-5790 -2751 -3678 16958 -7594 -3826
-6860 -3609 -3712 3206 -14124 358
-8737 -4542 -4428 -7276 -14887 1798
-9368 -4727 -5319 -21149 -6898 7170
-9699 -4910 -6328 -32250 6793 20801
-9880 -5124 -6164 -32768 15973 32767
-9413 -5652 -5089 -32768 23552 32767
-8799 -6657 -3551 -32768 20580 32767
-9495 -7387 -2652 -32768 16391 32767
-9957 -7696 -2215 -32768 14346 32767
-10190 -7253 396 -32768 21570 32767
-8363 -7497 1446 -32768 21398 32767
-7752 -6984 1897 -32768 12978 32767
-6495 -6343 2295 -32768 7735 32767
-5612 -6034 2246 -32768 4886 32767
-4629 -5576 1674 -20662 11060 32767
-3780 -5086 1644 -12230 19595 32767
-3258 -4751 1826 -1193 32255 32767
-2569 -4291 2316 6983 32767 32767
-1971 -3868 2940 10429 32767 32767
-1684 -3553 3253 12811 32767 32245
-1342 -3132 3540 12854 32767 28484
-1127 -2963 3560 11599 31673 25312
-1064 -2686 3346 9523 25365 23138
-1404 -2389 3001 8018 22507 21273
-1597 -2285 2813 5710 20392 17759
-1816 -2145 2491 3504 19324 13603
-1960 -2081 2336 2063 19120 10481
-2155 -1940 2255 -288 18557 5791
-2155 -1746 2185 -1859 17456 3224
-2226 -1569 2118 -3849 15584 -418
-2201 -1176 2006 -4773 15181 -2825
-2031 -872 1867 -5029 14735 -6521
-1866 -342 1509 -4132 13770 -9484
-1686 51 1277 -934 13059 -14467
-1567 562 870 4271 15070 -20406
-1649 1137 913 8049 18265 -24726
-1710 1476 1194 12886 22646 -30858
-1687 2052 1646 15777 21778 -32768
-1510 2814 2361 16114 19344 -32768
-1259 3093 2617 15051 14727 -32768
-968 3205 2527 13767 9769 -32768
-603 3007 2293 13164 6914 -30746
-443 2681 2063 12971 2831 -25128
-409 2310 1892 13020 41 -21685
-620 2111 1654 13215 -4045 -18418
-730 1929 1395 13816 -7645 -17318
-720 1620 1107 14282 -8759 -17331
-752 1437 925 15074 -8383 -18235
-806 1149 671 15666 -7429 -19275
-820 928 608 16607 -4972 -20897
-763 618 483 17467 -3097 -21771
-736 389 406 19177 -880 -22700
-771 246 363 21278 -105 -23304
-830 62 368 22681 -226 -23548
-937 -109 424 24481 -1083 -23580
-1068 -302 557 25487 -2275 -23340
-1245 -368 719 25545 -3152 -23317
-1432 -381 749 24902 -5131 -23471
-1513 -500 718 24003 -7190 -23130
-1527 -718 671 23645 -8519 -22373
-1538 -913 497 24182 -10597 -20611
-1666 -1183 403 25527 -11702 -19098
-2012 -1410 357 26665 -12125 -18749
-2310 -1588 350 28495 -13030 -19240
-2721 -1825 397 30476 -13718 -20716
-3109 -1897 333 31963 -13935 -22063
-3251 -1938 235 32767 -13610 -23763
-3409 -1957 149 32767 -12732 -24447
-3591 -1850 263 32767 -12369 -24247
-3728 -1845 457 32767 -12473 -23261
-4072 -1891 615 32767 -13339 -22488
-4230 -1975 582 32767 -14880 -20914
-4345 -1953 448 32767 -14492 -19332
-4532 -1874 303 32767 -12964 -18536
-4598 -1853 320 32767 -10169 -17551
-4588 -1817 381 32767 -9319 -16714
-4408 -1758 439 32767 -10665 -15033
-4308 -1620 488 32767 -12329 -14062
-4220 -1443 337 32767 -14318 -13002
-4158 -1117 19 32767 -14688 -12694
-4168 -952 -226 32767 -14108 -12871
-4232 -663 -506 32767 -12974 -13323
-4173 -457 -592 32767 -10919 -14014
-3990 -118 -649 32767 -10298 -14183
-3824 60 -620 32767 -9616 -13690
-3653 224 -649 32767 -8212 -12935
-3590 289 -778 32767 -6395 -11270
-3304 299 -971 29652 -7589 -8085
-3106 258 -1130 27586 -9053 -5341
-2922 215 -1577 25183 -10463 -1316
-2865 92 -2107 23151 -12826 2355
-2754 -16 -2687 21456 -14595 4598
-2747 -57 -2930 16840 -16642 7591
-3019 -175 -3686 9813 -16757 10016
-3740 -362 -4304 3216 -14929 11499
-4416 -575 -4771 -9904 -10282 14475
-5625 -662 -5424 -20103 -4480 17553
-7052 -679 -5960 -32768 7520 23370
-7679 -724 -6606 -32768 24740 32767
-7349 -415 -5972 -32768 32767 32767
-6967 -37 -4800 -32768 32767 32767
-6321 539 -2910 -32768 32767 32767
-5754 485 -1499 -32768 32767 32767
-5026 103 -58 -32768 32767 32767
-4698 -367 806 -32768 32767 32767
-4299 -1138 2487 -32768 32767 32767
-3531 -1017 4007 -32768 32767 32767
-2911 -1507 4373 -32768 32767 32767
-2510 -1493 4284 -32768 32767 32767
-2211 -1286 4110 -32768 32767 32767
-1868 -927 3999 -26504 32767 32767
-1826 -596 3366 -20398 29204 32767
-1823 -473 2904 -11174 23925 32767
-1987 -265 2263 -3715 24694 32767
-2090 -81 1934 -569 25662 32767
-1967 51 1712 1023 25478 32767
-1791 120 1680 370 23804 30692
-1852 127 1707 -2281 18006 22989
-2100 145 1659 -4266 14037 18566
-2300 235 1509 -5828 11318 12522
-2458 182 1121 -5198 10956 9030
-2361 -9 891 -2326 12178 4533
-2240 -97 793 1259 13313 191
-2010 -170 755 3277 13472 -2837
-1787 -245 904 4835 13304 -6961
-1557 -393 1061 4998 8827 -10906
-1676 -408 1166 4532 4896 -13940
-1744 -441 1209 3046 2149 -18743
-1813 -455 1202 1710 1687 -22167
-1881 -434 1178 -657 1192 -27644
-1896 -383 1095 -2766 1209 -32768
-1808 -390 844 -3163 1464 -32768
-1746 -506 691 -1599 1960 -32768
-1750 -535 532 1639 2174 -32768
-1750 -534 569 3787 1836 -32768
-1716 -475 650 6209 -1213 -32768
-1661 -265 728 6996 -4049 -32768
-1685 -143 782 7094 -6824 -32768
-1781 -35 728 6934 -7672 -32768
-1820 -1 662 7011 -9327 -32768
-1914 148 572 7551 -10988 -32768
-1965 281 523 8298 -11236 -32543
-2066 374 447 10242 -10286 -30896
-2195 538 274 13577 -8190 -29878
-2259 657 165 16469 -6260 -29398
-2126 703 241 21047 -3391 -28292
-1955 643 388 23805 -3000 -27213
-1847 641 490 26661 -4880 -25215
-1610 727 826 26983 -8536 -22277
-1445 823 1160 25746 -11602 -19954
-1532 865 1330 22408 -16671 -16857
-1826 845 1385 19004 -20801 -14728
-2018 856 1218 17561 -22107 -13722
-2184 886 1104 17004 -21918 -12941
-2286 1071 1113 17767 -19592 -12602
-2395 1396 1271 18772 -17093 -12663
-2529 1554 1371 20981 -13779 -13469
-2911 1984 1642 22674 -12857 -14630
-3100 2210 1767 25303 -12465 -16204
-3175 2285 1928 27028 -11775 -16557
-3300 2183 1937 29706 -10945 -15859
-3528 1429 1562 32767 -13064 -13327
-3660 997 1123 32767 -14935 -11293
-4160 816 590 32767 -15517 -9218
-4505 550 333 32767 -15435 -8207
-4758 168 148 32767 -15946 -7137
-4904 50 57 32767 -15966 -6865
-5147 -456 -340 32009 -16366 -7302
-5640 -990 -1092 29132 -16610 -8172
-6109 -1286 -1893 25898 -15613 -10320
-6298 -1587 -3117 24030 -10413 -10111
-5897 -1871 -4160 22913 -4807 -7174
-5750 -2043 -4488 19015 2811 1024
-6357 -2997 -4955 9950 2055 10357
-7620 -3847 -4791 -223 537 15540
-8582 -4525 -4801 -18640 3111 22001
-9779 -5347 -5332 -32768 12491 30343
-9620 -6287 -5160 -32768 19407 32767
-8734 -6588 -4110 -32768 21649 32767
-8110 -6736 -2544 -32768 11802 32767
-8623 -6621 -2330 -32768 7740 32767
-8776 -6675 -2164 -32768 16320 32767
-10892 -6259 -2407 -32768 32767 32767
-7515 -6513 1838 -32768 32767 32767
-7235 -5906 1983 -32768 32767 32767
-6247 -5556 2671 -32768 32767 32767
-5264 -4954 2551 -32768 32767 32767
-4620 -4647 2642 -24479 29784 32767
-3882 -4072 2765 -18708 26636 32767
-3533 -3652 2877 -11808 22707 32767
-2903 -3148 3130 -7533 17977 32767
-2377 -2897 3048 -5417 15452 32767
-2184 -2789 2904 -2554 15483 32767
-2210 -2713 2505 880 19723 32767
-2282 -2662 2199 3399 23535 30615
-2287 -2625 2052 6959 28747 23134
-2137 -2587 2120 8620 31466 17126
-2085 -2457 2362 8125 31458 13693
-1990 -2347 2528 4926 27976 9777
-1831 -2196 2672 -247 21334 7393
-1763 -2021 2560 -3877 17397 6258
-1838 -1930 2347 -8114 14052 4391
-1843 -1727 1963 -10397 12364 1723
-1785 -1496 1739 -11266 11852 -1881
-1761 -1161 1576 -11102 12092 -5058
-1840 -798 1512 -9775 12583 -11336
-1961 -324 1403 -8045 12577 -16245
-2015 17 1240 -3903 13520 -23881
-2004 484 1343 -673 16253 -28722
-1925 864 1469 4414 20748 -32768
-1722 1561 1690 8808 22710 -32768
-1467 2250 2082 11327 21837 -32768
-1265 2575 2177 12145 19268 -32768
-1110 2590 2115 12640 14571 -32768
-859 2347 2219 12332 11926 -32768
-925 2086 2097 11369 7478 -28868
-1080 1951 1936 10599 2575 -26080
-1369 1873 1930 9690 -1861 -25204
-1603 1757 1616 9631 -4463 -25133
-1491 1466 1108 11433 -6322 -24263
-1376 1252 762 15554 -5348 -22443
-1244 951 360 20858 -2591 -20715
-1165 744 188 24276 -787 -20114
-1157 637 195 28040 607 -20301
-1240 497 334 29335 688 -21197
-1397 432 466 29383 227 -23798
-1531 406 547 28081 -276 -26731
-1528 287 556 27038 -120 -28242
-1481 130 414 26154 566 -29053
-1405 15 281 26797 906 -27693
-1287 -199 145 28536 -409 -24501
-1259 -310 172 29513 -3187 -21910
-1306 -383 210 30155 -8545 -18180
-1398 -603 335 29980 -11178 -16115
-1497 -818 394 29109 -13320 -13966
-1640 -1020 468 27750 -14026 -13502
-2136 -1294 455 26764 -15305 -15656
-2748 -1518 321 26827 -16254 -18295
-3035 -1731 220 28341 -16303 -22357
-3268 -1944 -57 32141 -13965 -24742
-3338 -2042 -181 32767 -11506 -24901
-3345 -2181 -237 32767 -7381 -23366
-3594 -2125 -160 32767 -5209 -22007
-3815 -2052 -87 32767 -3750 -20265
-3975 -1928 220 32767 -3901 -18411
-3952 -1851 477 32767 -4524 -16700
-3821 -1813 759 32767 -5465 -13256
-3761 -1941 888 32767 -5983 -10582
-3772 -1994 890 32767 -7119 -6748
-3762 -2010 863 32767 -8703 -3606
-3702 -1920 901 32767 -10327 -2003
-3705 -1870 919 32767 -13653 -627
-3710 -1856 707 32767 -16081 -408
-3802 -1684 431 32767 -18868 -1692
-3956 -1238 2 32767 -18616 -4790
-4050 -746 -318 32767 -16443 -7315
-4039 -474 -471 32767 -12306 -10798
-4077 -66 -703 32767 -9662 -12719
-4100 101 -861 32767 -5581 -14748
-3732 278 -904 32767 -3182 -14401
-3256 321 -975 32767 -3481 -12711
-3001 410 -1060 32767 -5716 -9025
-2721 385 -1290 29742 -9855 -4602
-2611 216 -1830 26758 -12457 -1663
-2658 41 -2242 22981 -12987 1873
-2679 -144 -2834 20571 -11025 3504
-2680 -245 -3141 16394 -7567 4704
-2810 -523 -3518 12900 -6360 4910
-2784 -784 -3700 6174 -7844 5970
-2970 -1157 -3938 547 -9766 7714
-3452 -1438 -4207 -8750 -8936 11938
-4620 -1814 -5089 -17381 1468 18364
-6003 -2154 -5252 -24512 10734 22992
-6467 -1999 -5135 -32768 19567 31278
-6357 -1596 -4537 -32768 24591 32767
-6368 -1059 -4206 -32768 32767 32767
-6396 -593 -3556 -32768 32767 32767
-6517 -375 -2668 -32768 32767 32767
-6244 -512 -1478 -32768 32767 32767
-5613 -588 461 -32768 32767 32767
-4325 -2954 2302 -32768 32767 32767
-3921 -488 3962 -32768 32767 32767
-2933 -314 5259 -32768 32767 32767
-2404 -340 5136 -32768 32767 32767
-2043 -786 4418 -32768 32767 32767
-1848 -923 3433 -32768 29767 32767
-1720 -825 2952 -23993 30061 32767
-1996 -426 2596 -8714 31478 32767
-2312 44 2479 -2121 32367 32767
-2325 295 2390 2864 32767 32767
-2000 470 2143 3757 32767 32767
-1820 582 2008 2916 31228 30244
-1836 540 2019 837 26884 22716
-2204 497 1897 -136 23663 18858
-2399 501 1733 -91 21194 14503
-2413 347 1643 525 19608 12624
-2383 240 1541 1408 16474 10480
-2105 8 1581 926 14918 8288
-1832 -158 1548 -415 13332 6125
-1708 -284 1609 -4025 9854 1372
-1613 -464 1577 -8047 5662 -4784
-1694 -646 1437 -10996 3049 -11663
-1850 -768 1223 -11964 2892 -16366
-2032 -796 978 -11634 4227 -23145
-2102 -765 744 -9039 5590 -29404
-2061 -740 577 -6498 6936 -32768
-2016 -739 554 -2336 8396 -32768
-1859 -684 499 459 8632 -32768
-1745 -621 555 3909 8255 -32768
-1596 -519 631 6233 6274 -32768
-1582 -481 756 7126 4430 -32768
-1573 -497 804 7626 1453 -32768
-1591 -360 844 7280 -1703 -32768
-1589 -317 852 6876 -3906 -32768
-1609 -287 755 6993 -7381 -32768
-1625 -261 614 7645 -9236 -32768
-1699 -248 626 9154 -11482 -32768
-1947 -100 620 11030 -14145 -32768
-2116 52 771 12230 -15445 -32432
-2178 89 789 14380 -17669 -31590
-2184 194 746 16837 -19010 -30134
-1940 157 863 18420 -18466 -28741
-1939 112 864 20745 -17611 -27262
-1996 297 875 22647 -17068 -27113
-1955 334 816 23866 -16780 -27401
-1922 361 783 25773 -15602 -27876
-1990 412 713 28059 -12359 -28551
-2069 438 704 29752 -9822 -28887
-2150 498 723 32066 -7847 -29220
-2338 658 850 32767 -7549 -29294
-2504 653 1015 32767 -8073 -28429
-2532 665 1092 32767 -9278 -25860
-2755 572 1124 32663 -10811 -22381
-2980 483 1006 32396 -11566 -20053
-3209 131 1006 32166 -11781 -17793
-3319 -110 951 31766 -12626 -14846
-3659 -352 821 31189 -13580 -13153
-3832 -522 1031 29972 -14022 -12417
-4113 -678 1195 26787 -15336 -11914
-4536 -876 1207 24596 -15845 -11807
-4681 -979 1069 22436 -14666 -11350
-4733 -906 683 22208 -13279 -10752
-4727 -800 438 23357 -10623 -9442
-4711 -447 217 24557 -8322 -8430
-4651 -242 164 26003 -5485 -6530
-4488 -29 131 26472 -4111 -4069
-4471 -1 -21 26234 -4096 -2446
-4508 -11 -231 25627 -5199 -317
-4624 -79 -625 25120 -5596 681
-4750 -114 -931 24276 -3138 1500
-4772 -187 -1320 22742 2158 2311
-4760 -443 -1575 21009 4779 3114
-4686 -665 -1968 17139 6195 4999
-4613 -1149 -2321 13648 5690 6870
-4737 -1553 -2530 7234 3835 10227
-5124 -2443 -2924 357 3548 13655
-5806 -3334 -3511 -3836 4446 15557
-6367 -4047 -3895 -9651 7377 18154
-6996 -4984 -4224 -13820 10938 20375
-7341 -5538 -4371 -20818 17022 25489
-7466 -6249 -3982 -30511 22576 32767
-7190 -6362 -2430 -32768 26019 32767
-7240 -6386 -1534 -32768 24919 32767
-7613 -6313 -1003 -32768 22089 32767
-7765 -6389 -760 -32768 23868 32767
-7957 -6331 -87 -32768 29462 32767
-7930 -6180 1201 -32768 32767 32767
-7029 -4946 4420 -29029 32767 32767
-6932 -4828 1559 -32084 32767 32767
-6654 -5172 4255 -32768 32767 32767
-6079 -4540 3547 -32768 17386 32767
-4530 -4433 3752 -28484 20732 32767
-3889 -4089 3613 -24456 22890 32767
-3551 -3760 3738 -19036 19283 32767
-3134 -3514 3731 -13670 16699 32767
-2568 -3261 3605 -10038 18066 32767
-2347 -3234 3538 -4697 21662 32767
-2213 -3244 3521 44 24295 32767
-2053 -3291 3542 2574 25760 32767
-1928 -3353 3592 5198 27324 28863
-1953 -3296 3511 6366 27265 24552
-1912 -3264 3396 7686 26795 18621
-1690 -3091 3081 8689 27188 13919
-1505 -2859 2934 8728 27844 11167
-1386 -2674 2904 7313 28023 7229
-1213 -2261 2898 5386 27336 4410
-1068 -1777 2859 1714 25114 -96
-1004 -1349 2739 -1660 21963 -4870
-844 -765 2672 -3398 20681 -7984
-813 -216 2352 -4472 18524 -12878
-795 294 2116 -3686 16915 -18097
-588 1034 2235 -3064 17377 -21157
-480 1472 2266 -2125 18596 -24948
-361 2073 2422 -1710 19192 -27030
-428 2491 2549 -1500 19956 -29716
-542 2533 2441 -522 19939 -31630
-480 2497 2351 796 19446 -31778
-382 2354 2159 3787 17102 -30276
-368 2094 1640 6513 14338 -28470
-427 1969 1382 10735 9622 -25692
-628 1734 1078 14522 5091 -23827
-759 1491 1004 16178 3032 -23092
-698 1381 1135 16529 2052 -22448
-647 1173 1167 15238 1056 -22407
-662 927 1010 14150 -247 -22760
-613 744 881 12909 -1897 -23385
-627 523 659 12660 -2447 -23752
-678 367 538 13262 -2593 -24295
-799 218 355 14842 -2208 -24706
-856 55 255 16194 -1757 -24800
-876 -22 217 18344 -1031 -24851
-938 -109 181 19728 -625 -24926
-994 -267 234 21438 629 -25141
-1056 -352 251 22691 2083 -25529
-1209 -515 249 23352 1864 -25999
-1335 -665 282 24176 -472 -26826
-1533 -886 231 24792 -3219 -27305
-1678 -1080 161 26117 -7332 -27859
-1913 -1264 27 27336 -8746 -28174
-2083 -1409 -46 29794 -8477 -28668
-2401 -1580 -136 32767 -6790 -29620
-2659 -1762 -234 32767 -4769 -30821
-2899 -1994 -210 32767 -3412 -31680
-3075 -2110 -191 32767 -2393 -32768
-3366 -2178 -122 32767 -2668 -32768
-3506 -2203 -50 32767 -4222 -32768
-3734 -2165 -53 32767 -5997 -31321
-3819 -2121 34 32767 -5988 -29286
-3993 -2133 311 32767 -4922 -25200
-4339 -2108 639 32767 -4290 -22427
-4592 -2065 855 32767 -4681 -18685
-4987 -1976 870 32767 -7427 -15464
-5173 -1910 866 32767 -8744 -13307
-5283 -1898 751 32767 -8446 -10160
-5412 -1858 498 32767 -6915 -8198
-5326 -1663 274 32767 -4249 -5510
-5218 -1417 144 32767 -3491 -3342
-4985 -967 -30 32767 -4861 -2085
-4794 -601 -271 32767 -6134 -1742
-4644 -357 -501 32767 -7163 -1759
-4404 -19 -1055 32767 -7326 -1983
-4223 153 -1658 32767 -8405 -2226
-3891 316 -2827 32767 -10138 -2004
-3643 294 -3455 32767 -12012 -285
-3487 145 -4375 32767 -11989 1858
-3769 -213 -5093 20313 -9410 6132
-4018 -518 -5409 374 -7274 11735
-4557 -1012 -6125 -13887 -8034 16503
-5099 -1384 -6950 -31320 -6779 26114
-5837 -1598 -7392 -32768 32767 32767
-4099 -2240 4119 -32768 28049 32767
-3410 -1853 3353 -32768 20325 32767
-2842 -1865 3153 -32768 25232 32767
-3080 -1822 2902 -31502 25671 32767
-2918 -1983 2963 -21760 26165 32767
-2666 -2077 2954 -8048 30567 32767
-2611 -2071 2985 1539 32767 32767
-2339 -1955 3060 4790 32767 32767
-1996 -1829 3232 5004 32178 32767
-1590 -1542 3276 1957 22798 32767
-1384 -1281 2982 -279 16272 32767
-1396 -1118 2752 -2578 10928 32767
-1715 -972 2235 -2766 10672 31139
-1862 -957 1994 -1293 12697 24231
-1916 -908 1740 1335 14880 16605
-1923 -825 1661 3781 18482 8591
-1920 -818 1760 4848 21386 3237
-1770 -674 1762 5635 23099 -4249
-1580 -663 1885 5024 23632 -10190
-1328 -725 2022 2857 24021 -14544
-1227 -803 2074 889 22271 -17152
-1310 -724 2021 -2028 18515 -21618
-1444 -680 1845 -3548 17127 -24712
-1556 -744 1521 -4053 13446 -30597
-1756 -535 1081 -2859 11177 -32768
-1758 -475 914 -242 10573 -32768
-1719 -379 831 1519 11310 -32768
-1685 -347 795 3840 10402 -32768
-1743 -139 835 4872 8582 -32768
-1756 -52 901 5511 6111 -32768
-1902 87 881 5684 4934 -32768
-2012 169 844 6048 4087 -32768
-2049 196 685 7363 4156 -32768
-2170 285 529 8936 4666 -32768
-2227 341 498 11819 5401 -32768
-2241 438 430 14967 4781 -32768
-2079 533 404 16950 3589 -32768
-1892 511 472 19231 -173 -32768
-1715 598 677 20068 -3767 -32768
-1720 682 736 20638 -8918 -30981
-1892 682 865 20620 -12221 -28452
-2214 623 903 20735 -14456 -26447
-2492 622 820 21407 -15358 -25328
-2595 527 665 23921 -15162 -23836
-2575 526 481 27677 -12491 -22500
-2482 529 442 30271 -10379 -21780
-2390 600 498 32767 -8247 -20900
-2198 638 716 32767 -8904 -19740
-1951 624 969 32767 -10842 -18626
-1875 629 1090 32767 -14264 -16679
-2037 584 1096 31095 -16452 -15486
-2478 559 896 30456 -16462 -15364
-2743 512 765 30677 -13842 -15686
-2976 425 663 32098 -9477 -15559
-2978 298 656 32767 -6125 -14304
-3085 96 634 32767 -5332 -13285
-3159 -65 704 32767 -6298 -11877
-3263 -374 755 32767 -8210 -11003
-3309 -488 832 32767 -11380 -9784
-3606 -685 1098 31103 -14295 -9232
-4065 -1025 1151 28700 -15561 -9241
-4430 -1155 1054 26136 -14915 -9893
-4925 -1181 880 25345 -13665 -10491
-5140 -1185 701 25777 -11879 -10683
-5160 -932 413 27667 -8811 -9474
-5015 -479 307 28902 -6503 -7903
-4943 -310 225 30285 -3924 -4480
-4698 -299 0 30925 -3060 -1484
-4515 -319 -170 31243 -3182 3392
-4463 -289 -492 30628 -4174 7261
-4405 -298 -672 29505 -4883 9188
-4417 -434 -995 26840 -5856 10958
-4478 -586 -1470 24563 -5626 11409
-4473 -662 -1739 19898 -3379 11322
-4582 -1297 -2291 16241 -2414 11118
-4909 -1845 -2582 9621 -2165 9732
-5611 -2717 -3046 2071 -3004 7926
-6215 -3909 -3684 -2999 -2559 7981
-6774 -4969 -4343 -9575 2181 11396
-8132 -6327 -5455 -14691 14536 17549
-8666 -7438 -5465 -19639 27031 24212
-7745 -7836 -4199 -32768 32767 32767
-7031 -7910 -2218 -32768 32767 32767
-7428 -7559 -1587 -32768 28778 32767
-7604 -7397 -1306 -32768 31944 32767
-7764 -7182 -463 -32768 32767 32767
-7345 -6562 1121 -32768 30087 32767
-7667 -7720 283 -32768 15538 32767
-4864 -5029 3664 -32768 31969 32767
-4955 -4453 4941 -32768 25986 32767
-4990 -3901 4431 -32768 7398 32767
-4291 -3861 3997 -32768 6091 32767
-4158 -3659 3649 -23125 12626 32767
-3958 -3414 3751 -13240 16496 32767
-3711 -3223 3919 470 21134 32767
-3261 -3042 4012 4305 24709 32767
-3049 -2977 4028 7399 30198 32767
-2815 -2972 3867 9425 32767 31620
-2552 -3159 3618 10830 32767 27154
-2385 -3229 3410 12630 32767 22300
-1991 -3239 3297 13022 32767 20436
-1798 -3202 3310 11484 29409 18821
-1610 -3035 3281 9327 24635 18073
-1535 -2870 3064 5440 19116 17085
-1542 -2748 2793 2073 16645 15614
-1564 -2543 2388 -393 15574 13033
-1396 -2211 2171 -1947 15098 10836
-1313 -1954 2092 -4302 15165 6703
-1315 -1452 1987 -5760 15888 3020
-1226 -1006 1881 -6991 17337 -3483
-1031 -456 1602 -6712 18080 -8157
-962 -71 1427 -4685 20311 -15571
-781 496 1301 -2633 22378 -20421
-659 1020 1426 75 25091 -27103
-505 1784 1879 1162 25382 -30862
-403 2252 2070 2052 23211 -32768
-271 2534 2059 2613 21708 -32768
-150 2517 1876 4230 19442 -32768
35 2244 1527 6895 16783 -29085
-8 1873 1138 8980 14863 -25442
-215 1612 966 11563 11329 -21635
-707 1528 857 12526 7048 -21119
-971 1304 778 12410 4846 -21855
-945 1086 797 11317 3397 -23129
-895 1000 1007 9989 3549 -24071
-906 911 1012 8248 3896 -25460
-866 688 907 7895 3912 -26081
-836 509 822 9087 2699 -26553
-1021 327 519 11223 788 -26999
-1113 308 388 15546 -728 -27821
-1248 211 270 20369 507 -28276
-1300 161 169 23693 2240 -28076
-1407 100 170 27998 5260 -27914
-1634 199 288 29940 6553 -28275
-1731 224 425 31180 7358 -28976
-1839 140 584 30941 5473 -28926
-1812 58 610 30202 3224 -28135
-1768 -15 638 28680 677 -25853
-1737 -129 572 27739 -540 -23770
-1782 -249 470 27091 -2561 -20656
-1981 -369 349 27075 -3987 -19106
-2177 -497 280 27636 -6394 -17815
-2467 -770 240 28296 -7619 -17529
-2596 -973 257 29805 -8076 -17545
-2855 -1316 184 32212 -8343 -17794
-3030 -1472 121 32767 -9066 -17960
-3182 -1644 61 32767 -10397 -17805
-3304 -1745 69 32767 -11298 -17359
-3480 -1802 101 32767 -12986 -16461
-3749 -1850 180 32767 -13732 -15789
-3827 -1936 272 32767 -12786 -14120
-3909 -2078 363 32767 -10251 -11562
-4028 -2177 527 32767 -8757 -9754
-4152 -2234 584 32767 -8249 -7637
-4268 -2238 588 32767 -8827 -6271
-4260 -2294 596 32767 -8809 -5486
-4246 -2377 591 32767 -9169 -4394
-4179 -2370 517 32767 -9812 -3830
-4120 -2287 429 32767 -10648 -3489
-3958 -2057 263 32767 -11638 -3435
-3874 -1805 101 32767 -13297 -4168
-3897 -1422 -124 32767 -14676 -5265
-3961 -1137 -335 32767 -15675 -7542
-4068 -686 -661 32767 -14281 -10039
-4077 -348 -865 32767 -11930 -11265
-3969 -173 -976 32767 -8238 -11722
-3506 11 -1031 32767 -7220 -9481
-2865 4 -1044 32767 -9663 -6378
-2506 -76 -1495 28575 -18118 40
-2347 -231 -2664 24894 -23083 4501
-7048 333 -3887 -32768 32767 32767
-6946 423 -2563 -32768 32767 32767
-6397 251 -758 -32768 32767 32767
-5985 23 447 -32768 32767 32767
-3944 -2452 1453 -32768 32767 32767
-4188 -831 4033 -32768 32767 32767
-3805 -741 4769 -32768 32767 32767
-3063 -693 4765 -32768 32767 32767
-2129 -437 4314 -32768 32767 32767
-1913 -260 3996 -32376 32767 32767
-2069 -9 3416 -19127 32767 32767
-2477 164 2948 -10663 32767 32767
-2574 148 2829 -975 32767 32767
-2453 -10 2656 3888 31001 32767
-2030 -107 2553 4439 28077 32767
-1835 -88 2491 1824 22945 32767
-1788 -97 2526 -1634 17968 32767
-2067 39 2258 -6432 10710 32619
-2419 140 1834 -8079 9424 23202
-2575 10 1309 -6835 10132 16929
-2544 -115 1122 -2687 12205 8302
-2480 -199 991 723 14377 3027
-2392 -229 1046 5276 18304 -4289
-2266 -218 1137 8133 21221 -10940
-2125 -134 1291 8646 22328 -15044
-1998 -152 1407 7434 22366 -20695
-1843 -152 1466 4613 21268 -25850
-1732 -209 1400 2474 20875 -29098
-1636 -285 1426 -833 19479 -32768
-1615 -339 1281 -3505 15878 -32768
-1495 -377 1169 -4859 13568 -32768
-1306 -478 1091 -6098 10294 -32768
-1249 -442 928 -6308 7039 -32768
-1196 -433 793 -5909 5562 -32768
-1189 -487 690 -4517 3902 -32768
-1329 -366 663 -2848 2650 -32768
-1481 -295 672 -1747 2227 -32768
-1572 -273 633 149 1966 -32768
-1784 -128 591 1577 1998 -32768
-1968 -101 545 4076 1525 -32768
-2174 -6 426 7036 -265 -32768
-2320 73 328 9281 -1847 -32768
-2257 44 247 12935 -3855 -32768
-2177 139 241 15306 -4478 -32768
-2141 171 271 18491 -4091 -32768
-2211 275 300 21392 -3409 -32768
-2225 318 402 23194 -3313 -30803
-2213 218 557 25287 -4558 -27214
-2341 293 651 26640 -8023 -24448
-2209 215 779 27070 -10385 -22490
-2048 41 839 27656 -13298 -19213
-2023 -126 653 28525 -15576 -17462
-2261 -150 561 30194 -18151 -16444
-2540 -190 567 31583 -18544 -17747
-2880 107 416 32767 -15517 -20206
-2826 253 420 32767 -8373 -21810
-2739 228 453 32767 -3181 -22134
-2595 331 372 32767 1589 -21689
-2547 412 420 32767 2401 -20960
-2459 438 679 32767 2034 -19823
-2446 311 893 32767 -1013 -17246
-2448 100 920 32767 -7079 -13686
-2487 -27 887 32767 -10693 -11248
-2571 -202 897 32767 -13418 -8196
-2915 -426 845 32292 -14051 -7094
-3163 -380 873 29455 -14550 -6819
-3765 -379 945 27527 -14607 -7653
-4329 -349 863 25738 -13312 -10346
-4755 -415 675 26180 -9723 -11901
-4724 -589 433 27738 -7237 -11206
-4640 -572 286 30785 -5973 -7749
-4539 -528 163 32767 -6841 -3108
-4607 -323 183 32767 -7639 -331
-4774 -221 148 32747 -8985 2703
-5031 -386 -20 31083 -8499 4579
-5062 -472 -195 29864 -7258 5612
-5055 -850 -624 28126 -5735 7257
-4889 -1174 -1045 26901 -5334 8470
-4723 -1427 -1328 24303 -5651 10542
-4484 -1711 -1651 19901 -4640 12675
-4598 -1855 -2095 16235 -2935 13459
-4860 -2120 -2645 10722 -506 13382
-5294 -2741 -3298 6798 1599 13196
-5541 -3386 -3601 -200 3500 14038
-6204 -4429 -4058 -8703 3298 16344
-6964 -5251 -4367 -14824 4897 18488
-8371 -6138 -4888 -23526 14842 23569
-8838 -6925 -4411 -29536 26698 30071
-8173 -7234 -3470 -32768 32767 32767
-7803 -7424 -1809 -32768 32767 32767
-7983 -7351 -996 -32768 24909 32767
-8318 -7122 -228 -32768 24788 32767
-8319 -6904 570 -32768 26763 32767
-7985 -6712 1412 -32768 29216 32767
-6669 -5786 3253 -32768 32767 32767
-5794 -5081 4252 -32768 32767 32767
-5370 -4751 4157 -32768 24601 32767
-4728 -4420 3570 -32768 21400 32767
-4312 -4024 3286 -25826 23846 32767
-4060 -3879 3471 -13552 27326 32767
-3874 -3496 3532 -4835 25738 32767
-3339 -3151 3638 -1162 25901 32767
-2801 -2878 3645 1733 28881 32767
-2612 -2813 3627 2885 30418 32767
-2363 -2880 3522 3325 29886 32767
-2210 -2979 3437 3851 28679 27792
-2139 -3035 3206 4618 25721 22852
-2037 -3000 2926 5311 23860 20234
-1978 -2953 2782 6178 22893 17120
-2013 -2800 2591 6347 22664 15061
-1990 -2582 2459 5623 22912 11910
-1814 -2460 2343 3650 22982 9420
-1654 -2275 2344 1514 22725 7832
-1601 -2169 2395 -2734 20661 4628
-1597 -1745 2303 -6785 17244 168
-1545 -1289 1990 -8547 16157 -3136
-1471 -961 1781 -9251 17465 -8027
-1208 -282 1652 -8295 20478 -12912
-1008 361 1775 -7252 22465 -16180
-965 737 1938 -5256 23219 -21315
-853 1540 1859 -3192 21727 -24807
-634 2185 1770 707 19573 -29002
-511 2533 1851 4357 19828 -30984
-485 2738 1968 6149 19800 -31075
-447 2724 1997 7994 18397 -29342
-376 2439 1768 9708 15060 -25925
-372 2215 1359 11009 12347 -23555
-508 2089 1116 12775 8514 -21103
-786 1814 1073 13312 5756 -20315
-954 1637 1073 12906 3525 -20426
-913 1341 953 11819 91 -20647
-804 1123 1017 10353 -1014 -20121
-687 926 1154 9310 -1089 -19637
-851 860 1099 8489 -1803 -19777
-1058 649 879 8877 -2064 -20408
-1128 498 710 11173 -2062 -21479
-1144 308 282 14058 -1787 -22149
-1161 283 127 19277 828 -23254
-1186 231 100 23869 4879 -24210
-1179 228 231 26058 7246 -24718
-1140 243 338 27965 8451 -25286
-1125 196 549 28348 6678 -25328
-1095 104 604 27924 1253 -24429
-975 5 670 26375 -3612 -22499
-898 -106 675 24951 -5534 -20875
-1034 -297 641 22869 -7621 -18744
-1294 -412 540 21703 -9644 -18103
-1813 -600 365 21742 -11212 -18826
-2195 -633 218 22957 -13137 -21080
-2532 -849 125 24341 -12713 -22432
-2666 -1057 68 27519 -9844 -23552
-2829 -1372 60 31629 -7057 -24058
-3155 -1530 110 32767 -6420 -24622
-3431 -1594 187 32767 -6253 -26114
-3766 -1649 313 32767 -5704 -27436
-3936 -1747 430 32767 -5275 -27496
-3987 -1857 520 32767 -4966 -25859
-4115 -2036 630 32767 -5118 -23841
-4171 -2162 721 32767 -5932 -19808
-4336 -2262 737 32767 -7287 -15700
-4401 -2189 741 32767 -7648 -13124
-4396 -2188 885 32767 -7213 -9587
-4459 -2091 947 32767 -7433 -7857
-4469 -2037 1035 32767 -8432 -6194
-4453 -2021 908 32767 -9924 -5575
-4456 -1841 635 32767 -12706 -5552
-4434 -1542 223 32767 -13738 -6059
-4355 -1228 -118 32767 -13379 -6316
-4357 -1031 -284 32767 -12320 -6521
-4337 -727 -430 32767 -11945 -6504
-4116 -544 -557 32767 -11867 -5940
-3939 -448 -632 32767 -12406 -4734
-3591 -322 -814 32767 -13102 -2848
-3269 -156 -1027 32767 -13553 -1349
-3128 -121 -1338 32767 -15779 816
-3044 -140 -2114 30843 -18023 2267
-2945 -285 -2812 27369 -18779 5007
-2937 -563 -3788 24126 -14121 8023
-3105 -608 -4071 19790 -9941 9628
-3370 -776 -4151 8599 -7874 12236
-3861 -1022 -4672 -623 -7953 14814
-4252 -1207 -5320 -13703 -1688 20621
-4870 -1424 -6114 -24627 8996 28108
-5865 -1289 -6221 -31096 14988 32454
-6216 -986 -6018 -32768 27263 32767
-6724 -538 -5225 -32768 32767 32767
-6746 -167 -4081 -32768 32767 32767
-6363 -250 -3069 -32768 32767 32767
-5872 -255 -1863 -32768 32767 32767
-4925 -286 21 -32768 32767 32767
-4482 -524 5606 -32768 32767 32767
-4114 -321 1825 -32768 32767 32767
-2577 -17 3509 -32768 32767 32767
-2062 -329 4127 -32768 32767 32767
-2146 -373 3701 -32768 32767 32767
-1971 -289 3485 -32768 32767 32767
-1925 -170 3280 -26532 32028 32767
-2056 -6 2936 -15836 29434 32767
-2099 192 2445 -9803 28588 32767
-1975 266 2214 -3051 29245 32767
-1859 433 1786 -71 28661 32767
-1877 549 1626 1730 25992 29157
-2282 762 1591 775 23800 19435
-2630 791 1564 -703 22060 13588
-2744 807 1505 -3027 18713 6018
-2669 709 1434 -4195 16907 550
-2487 488 1105 -3252 16823 -1339
-2410 300 1072 -740 16846 -2610
-2430 243 1283 245 12987 -4847
-2655 305 1405 -154 10753 -7426
-2718 328 1366 -1379 10894 -12120
-2643 247 1260 -2361 10938 -15413
-2563 202 1110 -3574 9132 -19848
-2288 79 894 -4535 9253 -23011
-1912 -67 807 -5121 8384 -24304
-1500 -198 609 -5110 4882 -23748
-1200 -206 565 -5141 3019 -22900
-1144 -177 585 -5581 518 -21684
-1141 -86 580 -6456 -2992 -20892
-1027 63 610 -7233 -4725 -20627
-1007 115 609 -8345 -5983 -20713
-1073 134 574 -8824 -7127 -21220
-1202 206 435 -8455 -9771 -22718
-1325 328 213 -7371 -10348 -23997
-1327 390 61 -4757 -8420 -25705
-1307 418 79 -1734 -6249 -26717
-1278 473 67 446 -6637 -26767
-1288 556 51 4073 -7502 -26042
-1262 626 139 6312 -6924 -24958
-1261 669 207 9155 -5312 -22957
-1288 697 457 10550 -5111 -20844
-1283 692 635 10509 -5787 -19385
-1096 708 913 9212 -7338 -17030
-999 512 1021 7459 -9388 -15108
-1016 452 1116 6321 -11191 -14479
-1118 423 1026 5399 -15441 -14685
-1159 490 751 5799 -18287 -15291
-1216 490 728 7752 -20390 -16556
-1126 479 677 10778 -18742 -17524
-1011 429 712 12926 -16017 -18072
-1020 515 870 15361 -12201 -19255
-1141 555 1056 16485 -10539 -21512
-1607 660 1291 16655 -10321 -23684
-1948 697 1324 17025 -9606 -27205
-2197 662 1304 18674 -6577 -29402
-2256 445 1150 20902 -4119 -29694
-2240 239 1215 24876 -1270 -28553
-2380 -287 1489 28074 -2192 -26929
-2876 -429 1827 29164 -7220 -26827
-3809 -581 2196 28667 -11008 -27822
-4299 -680 2295 27722 -13266 -29367
-4770 -993 2124 28058 -12255 -29706
-4986 -1077 1853 30970 -9520 -28658
-5075 -1199 1620 32767 -7751 -26670
-5112 -1319 1546 32767 -7456 -21869
-5222 -1358 1399 32767 -10662 -15920
-5080 -1376 1349 32767 -13933 -9286
-4797 -1397 1226 32767 -15360 -5049
-4681 -1346 1109 32767 -16494 -121
-4628 -1335 811 32767 -16806 1887
-4724 -1368 500 32767 -16537 2656
-4816 -1422 -100 32767 -14379 1692
-4902 -1410 -906 32767 -11724 522
-4956 -1267 -1567 32767 -6918 -1655
-4860 -1040 -2281 32767 -4708 -2831
-4675 -812 -3138 32503 -3593 -3548
-4703 -781 -3600 27998 -3304 -3261
-4962 -1344 -3750 15547 -1929 -1035
-5387 -2452 -4159 4689 -986 2058
-6002 -3382 -5100 -9840 -1358 8946
-7075 -4763 -6647 -16303 339 15158
-7812 -5340 -7319 -22519 9854 26213
-8151 -5881 -6712 -31637 21850 32767
-8212 -5968 -4726 -32768 25413 32767
-8208 -5950 -3693 -32768 26229 32767
-8221 -5880 -2958 -32768 31337 32767
-8202 -5891 -1835 -32768 32767 32767
-8155 -5710 -841 -32768 32767 32767
-8737 -7192 -2517 -32768 32767 32767
-7368 -4649 2715 -32768 32767 32767
-6012 -3912 4461 -32768 21570 32767
-5388 -3718 3993 -32768 14550 32767
-5195 -3820 3458 -32768 10270 32767
-4851 -3740 3233 -28480 11698 32767
-4674 -3666 3243 -14001 17461 32767
-4327 -3597 3462 -3525 23577 32767
-3926 -3435 3649 954 27234 32767
-3681 -3350 3792 4560 31508 32767
-3342 -3402 3893 5676 32767 32767
-3091 -3608 3799 6786 32767 30535
-3007 -3745 3697 7913 32767 24902
-2748 -3830 3536 8578 31989 22362
-2451 -3776 3404 8790 29096 20142
-2245 -3641 3326 7414 24807 18697
-1914 -3286 3168 4437 19136 17223
-1542 -2795 3070 1800 15706 15822
-1375 -2433 2903 -2038 10747 12654
-1255 -1810 2487 -3943 8549 9496
-1095 -1388 2333 -5827 8372 4061
-808 -707 2161 -6478 10207 -2029
-644 -77 2000 -6120 11645 -6339
-451 530 1810 -4215 14206 -12812
-186 1051 1985 -2570 16568 -18675
239 2002 2446 -2723 16526 -23145
497 2346 2688 -3439 15792 -25171
609 2470 2648 -3766 14643 -26978
652 2242 2303 -2007 12714 -27151
569 1923 1886 290 11479 -26546
460 1757 1517 5003 10505 -25211
186 1473 1018 8420 10152 -24421
-81 1321 861 12498 8635 -24278
-521 1218 806 13979 6915 -24936
-703 1134 776 14376 4870 -26291
-773 967 836 13544 4586 -26936
-792 884 870 11179 4568 -27522
-879 800 955 8216 4372 -27829
-965 689 1030 6587 4050 -27757
-1051 606 872 6188 2039 -27009
-1039 474 570 7539 445 -25905
-1011 370 445 11211 -1343 -23685
-1040 338 273 14202 -2397 -22345
-1052 344 241 18519 -2857 -20927
-1121 281 188 21035 -2318 -20394
-1151 247 212 23856 -516 -20273
-1127 207 272 25076 1431 -20615
-1087 114 400 24950 1470 -21013
-1120 45 441 23904 -725 -21669
-1220 -37 521 22849 -3048 -22084
-1312 -152 530 21165 -7818 -22089
-1555 -380 478 19993 -11673 -21419
-1820 -595 461 19740 -12594 -20908
-2042 -732 474 20209 -13222 -20694
-2356 -899 346 22063 -14462 -21151
-2790 -1234 366 23839 -14818 -21951
-3117 -1386 343 27060 -14322 -24282
-3501 -1517 405 30432 -11900 -27337
-3868 -1608 478 32556 -10642 -29328
-4025 -1590 488 32767 -10556 -31013
-4045 -1715 573 32767 -11412 -29718
-3997 -1867 673 32767 -11747 -27328
-4028 -1990 774 32767 -11486 -22604
-4326 -2098 866 32767 -10876 -18718
-4582 -2103 863 32767 -10594 -17062
-4773 -2180 839 32767 -10295 -15221
-4713 -2152 824 32767 -10606 -13277
-4479 -2043 805 32767 -12022 -11060
-4328 -1768 666 32767 -12474 -9908
-4256 -1641 555 32767 -12389 -8771
-4110 -1517 358 32767 -12306 -8431
-4010 -1262 98 32767 -13119 -8682
-4106 -1055 -89 32767 -15597 -10193
-4358 -832 -409 32767 -17257 -11897
-4541 -646 -647 32767 -18024 -15181
-4691 -390 -1181 32767 -16760 -18295
-4482 -113 -1810 32767 -14681 -19474
-4138 -26 -2307 32767 -12630 -18252
-3441 -90 -3176 32767 -15791 -12229
-3069 -190 -3833 32767 -19290 -6067
-2972 -327 -4629 24415 -18285 4330
-3245 -468 -4845 14362 -13305 10669
-4213 -608 -4854 -5584 -8942 17937
-5440 -762 -5378 -18764 -8759 21936
-6409 -792 -6146 -31871 -1424 28441
-6949 -741 -6893 -32768 9667 32767
-7106 -544 -6653 -32768 25210 32767
-6933 -81 -5411 -32768 32767 32767
-6644 168 -4474 -32768 32767 32767
-5990 302 -2554 -32768 32767 32767
-5466 299 -1545 -32768 32767 32767
-4505 -89 297 -32768 32767 32767
-4422 -395 -1273 -32768 32767 32767
-2979 80 3597 -32768 32767 32767
-1856 -190 4833 -32768 32767 32767
-1843 -647 4758 -32768 32767 32767
-1376 -404 4016 -32768 32767 32767
-1433 -414 3485 -32768 32767 32767
-1355 -258 3005 -26695 32767 32767
-1234 -24 2834 -18103 31413 32767
-1394 186 2600 -7486 26713 32767
-1764 349 2361 -2655 27076 32767
-1875 405 2212 957 28224 32767
-1425 236 2123 1086 27118 32767
-1119 203 2069 -1154 21978 32767
-1171 287 1811 -3853 15419 30447
-1674 391 1514 -4739 12031 26308
-2181 518 1319 -4041 7690 19066
-2749 644 946 -839 6840 11448
-2969 609 876 1767 8984 6539
-2991 562 935 4809 12695 -337
-2816 477 1094 5658 14904 -4472
-2457 259 1216 5428 17979 -9639
-2133 72 1353 4163 18223 -12762
-1778 -193 1400 3108 15720 -13873
-1650 -315 1362 1306 10434 -15237
-1543 -431 1421 -213 7166 -16523
-1690 -431 1367 -2720 2751 -19978
-1956 -361 1180 -4956 1191 -25024
-1960 -270 990 -5920 2227 -28471
-1864 -311 869 -5971 3756 -32677
-1739 -321 681 -4523 4094 -32768
-1576 -258 601 -2951 3857 -32768
-1487 -214 562 -120 2380 -32768
-1401 -115 568 1674 1306 -32768
-1400 -42 621 3807 135 -32768
-1446 84 663 4822 -420 -32768
-1511 116 736 5595 -992 -32768
-1755 314 763 5790 -1917 -32768
-1823 428 637 6492 -3420 -32768
-1854 463 662 7751 -3813 -32768
-1847 596 598 9053 -5036 -32768
-1855 637 501 11762 -8035 -32758
-1724 606 550 14717 -9887 -28341
-1700 657 552 16672 -10919 -25256
-1707 654 576 19300 -12067 -21149
-1592 587 804 20595 -12936 -17802
-1516 508 944 20758 -14373 -16329
-1565 557 971 20367 -16919 -15562
-1618 491 1034 19842 -18151 -15731
-1581 496 982 19358 -19002 -16623
-1678 613 886 19651 -18516 -18217
-1683 629 781 20441 -17349 -19067
-1726 638 769 22360 -14367 -19729
-1990 681 676 24214 -11866 -20100
-2145 767 680 27292 -8165 -20582
-2184 813 797 29739 -6137 -20068
-2181 828 1088 30435 -6328 -19162
-2182 878 1349 29745 -9034 -17193
-2314 905 1688 28432 -11475 -15739
-2481 809 1805 26410 -14887 -13659
-2873 459 1602 26157 -17898 -12242
-3452 281 1162 27069 -19107 -12040
-3830 242 1033 28892 -18326 -12840
-4506 222 908 30402 -14777 -15033
-5084 336 931 30951 -11525 -16652
-5133 324 983 30831 -8538 -17220
-5006 193 964 29758 -9318 -15320
-4944 66 822 28393 -11607 -12596
-5239 -36 467 28302 -12520 -11294
-5588 -228 -216 29699 -11494 -9522
-5608 -481 -843 31318 -9895 -7933
-5494 -543 -1265 32767 -7292 -4620
-5211 -710 -1690 32767 -5145 -1876
-4985 -817 -2043 32767 -1124 2343
-4986 -797 -2321 27950 1376 5599
-5126 -1148 -2886 23136 216 7447
-5131 -2152 -3426 13563 -2159 11216
-5206 -3326 -3929 6158 -3093 14746
-5809 -4194 -4437 -4905 -2298 19438
