23009 -6241 -31350 0 0 0
-1600 -448 499 23949 -6313 -30411
-1722 -531 663 24973 -6760 -28874
-1739 -578 713 25788 -7267 -27149
-1659 -759 796 26218 -7442 -25942
-1619 -828 802 26828 -7741 -24104
-1514 -946 807 27652 -8604 -22597
-1553 -1079 789 28481 -9727 -22062
-1766 -1237 742 30301 -11981 -22628
-2018 -1329 484 32629 -14488 -24429
-2019 -1419 443 32767 -15511 -26282
-1845 -1527 447 32767 -15093 -27138
-1882 -1570 532 32767 -13923 -28752
-2596 -1511 801 32767 -12861 -32090
-2991 -1316 1004 31424 -11580 -32768
-3160 -1202 1080 28098 -7784 -32768
-3075 -1126 1244 25484 -1782 -32768
-3398 -1040 1268 24584 2044 -32768
-3705 -987 1155 25549 5330 -32768
-3627 -1253 809 29137 6753 -32768
-3596 -1273 882 31845 7727 -29086
-3493 -1391 883 32767 6157 -20023
-4369 -1453 858 32767 890 -13292
-4764 -1528 872 32767 -3374 -11115
-5649 -1582 724 32767 -7357 -9489
-5968 -1439 725 32767 -5940 -8037
-5942 -1281 730 32208 2332 -4808
-6231 -988 481 30431 8863 -2711
-6292 -778 306 28689 16254 769
-5942 -426 5 27605 16553 6188
-5436 -43 -337 26811 12892 10992
-5280 104 -659 25758 5404 18363
-5402 132 -1206 25409 1595 22295
-5756 -181 -1566 25188 814 26049
-6166 -543 -1668 24504 6368 27131
-6865 -1233 -1844 23320 12166 26940
-7075 -1748 -2020 19809 21970 27343
-7309 -2975 -2309 12408 29307 29543
-7493 -3602 -2560 4848 30724 31567
-7673 -4169 -2860 -9168 28575 32767
-7906 -5197 -3463 -32768 -5450 32767
-6928 -8140 1322 -32768 -18795 32767
-6389 -8151 1258 -32768 -12532 32767
-5274 -7957 750 -32768 -4581 32767
-4391 -7839 984 -29098 8944 32767
-3370 -7557 1823 -15776 18026 32767
-2690 -7134 2644 -10207 21244 32767
-2247 -6784 3092 -6405 21274 32767
-1197 -5801 3401 -6524 15610 32767
-713 -5476 3201 -7070 10210 32767
-334 -5231 2827 -6522 4002 32767
-64 -4884 2086 -3500 1663 32767
132 -4444 1540 -669 2283 32767
277 -4156 1328 3679 4590 31851
391 -3755 1253 6120 6332 28887
439 -3505 1417 7779 8676 23918
464 -3164 1761 7305 9315 20156
355 -2967 1894 5054 7907 13896
75 -2665 1853 2951 6063 7564
-34 -2310 1615 2434 5833 4000
-91 -2036 1454 3164 7149 -47
-136 -1536 1271 4420 8974 -2058
-368 -1076 1230 6569 12851 -4941
-627 -816 1269 8465 17660 -8634
-1001 -501 1295 9436 20100 -11461
-1341 -334 1374 10113 20568 -16447
-1654 186 1378 9842 16180 -21444
-1714 690 1221 9426 11391 -23965
-1684 1049 1099 8662 4899 -25951
-2013 1484 863 8147 1895 -26932
-2490 1755 573 8326 1980 -27804
-2983 1973 431 8698 5884 -29946
-3490 2287 446 8696 10232 -31380
-3482 2330 617 8050 17280 -31735
-3114 1901 931 6987 21839 -29492
-2986 1762 714 6870 21731 -27201
-2979 1714 227 7936 17734 -24103
-2996 1531 -42 9263 14670 -22873
-2958 1382 -56 11353 11442 -22082
-2839 1197 39 12563 10995 -21791
-2468 954 167 12870 12186 -21520
-1961 738 252 12820 14451 -20887
-1652 615 366 12001 15554 -20317
-1339 443 747 10990 15455 -20542
-1227 424 717 9636 13470 -22068
-1155 336 460 9796 10138 -24849
-1069 227 253 11774 7470 -28021
-885 57 -50 13999 6661 -29788
-667 -130 -240 18093 6712 -31362
-498 -233 -260 22250 7698 -31434
-381 -294 -283 24685 7910 -30943
-370 -362 -293 27526 6612 -29883
-375 -455 -255 29236 4250 -28903
-453 -616 -216 29849 2494 -28502
-603 -803 -232 30174 -72 -28464
-794 -978 -244 29992 -1877 -29096
-895 -1099 -286 29735 -2632 -29693
-993 -1253 -369 29584 -3520 -30558
-4712 -3267 -69 32767 2500 -32768
-4873 -3164 119 32767 3996 -32768
-4940 -3008 124 32767 5355 -32768
-4842 -2599 70 32767 5495 -30505
-4550 -2275 -15 32767 4842 -24778
-4184 -1761 -102 32767 3300 -18719
-4102 -1216 -150 32767 1713 -15470
-4124 -854 -175 32767 -925 -12302
-4142 -62 56 32767 -2884 -10419
-5670 1854 -735 32767 4274 16245
-5437 1840 -993 32767 8708 22309
-5326 1771 -1094 32628 9402 26052
-5315 1729 -1245 29398 7683 30927
-5455 1460 -1480 25371 6367 32767
-5990 977 -1769 22492 7819 32767
-6377 470 -2024 17658 13567 32767
-7281 -196 -2370 13538 19423 32767
-8103 -604 -2425 4170 29863 32767
-8902 -1097 -2560 -4348 32767 32767
-9226 -1511 -2696 -19444 32767 32767
-9108 -2270 -2988 -29944 32767 32767
-8844 -2698 -3106 -32768 32767 32767
-8429 -3350 -2604 -32768 32767 32767
-8068 -3495 -2177 -32768 32767 32767
-7567 -3765 -1808 -32768 32767 32767
-6627 -4232 -1603 -32768 32767 32767
-5388 -3682 -172 -32768 32767 32767
-5719 -5555 722 -32768 32767 32767
-6325 -4559 1304 -32768 32767 32767
-6194 -4678 2385 -32768 32767 32767
-5223 -4445 4092 -32768 32767 32767
-4932 -4409 4423 -32768 32767 32767
-4247 -4145 4664 -32768 32767 32767
-3348 -4140 4322 -32768 29682 32767
-3110 -4064 4124 -32768 20818 32767
-2574 -3660 3452 -31491 13794 32767
-2005 -3355 2727 -27075 9342 30194
-1566 -3211 2371 -18522 4479 26738
-1112 -2949 2027 -12125 2658 25559
-1033 -2750 2065 -3852 1264 23303
-1194 -2497 2471 580 574 19117
-1465 -2362 2866 1092 1051 15000
-1660 -2034 3268 -779 3470 8329
-1480 -1696 3368 -2855 5643 4635
-1223 -1448 3252 -5129 8097 1556
-657 -1158 2895 -5313 9006 1438
-281 -886 2628 -3444 9334 3207
-108 -504 2449 -227 8981 4762
-229 -215 2352 2029 9065 4635
-371 -27 2256 4559 10319 2249
-510 245 2218 5164 11880 -207
-469 401 2222 4332 15145 -4040
-410 625 2169 2838 17270 -6464
-469 638 2151 6 20131 -10609
-838 668 1959 -2227 22705 -16278
-1337 605 1551 -2566 24452 -20805
-1635 544 1050 -915 27037 -27200
-1718 512 698 3073 28280 -31200
-1537 480 260 6428 27477 -31735
-1414 476 -58 11390 23274 -30040
-1431 468 -176 15235 17014 -27174
-1568 452 -310 17063 12927 -25624
-1704 453 -416 19115 8627 -24641
-1810 439 -513 20433 6842 -25077
-1799 383 -513 20947 6781 -25874
-1780 298 -501 21341 7154 -27482
-1693 236 -454 21171 7249 -29186
-1602 210 -401 20815 7030 -30225
-1373 131 -290 19966 6385 -31276
-1203 98 -204 18795 5105 -31686
-1215 48 -158 18041 3654 -31988
-1330 -4 -147 17072 577 -32768
-1454 -43 -109 16557 -1637 -32768
-1505 -13 -142 16105 -4622 -32768
-1426 11 -202 16412 -6597 -32768
-1129 -117 -174 17022 -6678 -31586
-918 -172 -128 18460 -5414 -28766
-946 -182 -106 20434 -4244 -26292
-1224 -260 -79 22684 -4692 -25580
-2001 -378 95 24443 -7007 -27242
-2414 -135 442 25532 -10095 -28412
-2132 -226 478 26591 -10999 -27247
-1617 -388 598 28856 -8173 -22900
-1419 -495 643 31808 -2671 -17808
-1435 -571 443 32767 439 -14694
-1599 -573 237 32767 252 -14413
-1992 -593 180 32767 -3617 -17282
-2561 -616 217 32767 -7827 -20827
-2686 -773 332 32767 -13067 -26205
-2395 -1267 483 32767 -13736 -29220
-2247 -1421 447 32767 -11932 -29782
-2208 -1434 416 32767 -6695 -29676
-2313 -1306 447 32767 -935 -29927
-2664 -996 434 32159 1386 -30770
-3268 -854 516 29241 2503 -32768
-3460 -625 798 27356 3570 -32768
-3314 -605 841 25943 7203 -32768
-2910 -769 896 26648 10328 -25905
-2730 -891 1153 27453 8406 -19829
-3224 -1036 1212 28408 -3583 -11960
-4001 -1122 1230 28848 -17954 -6897
-4621 -1339 1027 29371 -23381 -4961
-4984 -1309 754 31221 -21600 -4119
-5661 -1083 319 32767 -14121 -5165
-6190 -960 178 32767 2290 -8291
-6356 -729 411 32767 11996 -9520
-6226 -643 469 32767 18246 -7369
-5704 -340 527 32767 15152 -434
-5204 -63 193 31969 10341 6073
-5141 90 -233 28850 3644 15499
-5531 104 -713 27009 1339 20135
-5870 30 -1022 24087 842 24195
-6202 -83 -1316 21808 1881 25501
-6459 -266 -1729 18202 5662 27034
-6658 -741 -2175 16049 9131 28250
-7098 -1468 -2555 13019 15227 29801
-7754 -2562 -3003 9079 20025 30813
-7938 -2943 -3114 4368 22556 31570
-8738 -4208 -3494 -6833 26532 32767
-9046 -5084 -3558 -17026 29344 32767
-9146 -5805 -3650 -32768 32378 32767
-9334 -7113 -4061 -32768 31468 32767
-6444 -9685 2181 -13801 32767 32767
-6042 -9455 3579 -6746 32767 32767
796 -3672 2045 2384 2609 27757
799 -3172 2087 1464 1775 21734
706 -2860 2131 -1117 2734 15396
481 -2416 1960 -2647 3932 10827
196 -2172 1722 -3442 6601 3676
37 -1681 1345 -2304 10622 -2114
59 -1330 1306 -1089 13081 -4686
59 -916 1538 288 15381 -6825
-9 -719 1780 728 15654 -8477
-523 -461 1897 1020 14570 -10602
-1052 -211 1845 1707 12712 -15374
-1306 -39 1744 2696 11123 -20831
-1592 191 1577 3241 10072 -24097
-1600 368 1423 4085 9202 -27477
-1756 709 976 5055 9731 -29041
-2187 1027 797 6639 12308 -31304
-2659 1266 1062 6985 15120 -32768
-3037 1351 1247 6202 15580 -32768
-3067 1348 1178 4753 13444 -32768
-2979 1386 768 4388 10510 -32768
-2801 1356 229 5130 10115 -32758
-2737 1299 -44 7483 13113 -29986
-2848 1419 -305 9524 16700 -28783
-3099 1613 -142 11870 20695 -28238
-3213 1588 146 11671 20883 -28466
-3168 1518 500 10338 19308 -28714
-3008 1509 618 7494 15968 -28615
-2556 1389 464 5301 12552 -27269
-2083 1252 138 4718 10733 -25811
-1995 1146 -65 5217 9770 -23635
-1757 903 -61 6534 11964 -21735
-1641 711 114 7597 14961 -20943
-1576 662 75 9920 19161 -20422
-1482 548 -21 13091 21098 -20382
-1108 451 -119 16592 20891 -20212
-925 396 -156 18953 19527 -19997
-796 346 -202 22337 15787 -19625
-630 236 -232 25071 11085 -19321
-588 67 -113 26288 8122 -19364
-583 -53 -30 27295 4200 -19824
-616 -248 97 27389 1621 -20717
-615 -539 127 27204 709 -21386
-625 -720 31 27102 188 -22475
-645 -880 -154 27422 152 -23239
-675 -1028 -303 28861 -610 -24254
-803 -1381 -500 30530 -1510 -24872
-1150 -1744 -492 32767 -2835 -26140
-1446 -1968 -440 32767 -4462 -27801
-2267 -2322 -326 32767 -5640 -29128
-2592 -2496 -246 32767 -6848 -31059
-2867 -2640 -213 32767 -7190 -32182
-3287 -2720 -136 32767 -6513 -32665
-3733 -2727 -118 32767 -5282 -32768
-4120 -2737 -51 32767 -2448 -32768
-4582 -2713 150 32767 1027 -32768
-4644 -2566 203 32767 2360 -32344
-4522 -2269 270 26997 -11616 -2358
-4838 876 333 26641 -11671 450
-4918 1089 150 27238 -10868 4122
-4996 1630 -236 28441 -7862 6739
-5014 1749 -307 29022 -4958 8095
-4799 2133 -478 29049 -1878 9585
-4729 2189 -539 28492 1386 12650
-4537 2153 -672 27582 2329 16917
-4532 2065 -778 27049 1432 20138
-4542 1947 -1092 26608 -526 25858
-8645 -2288 -2643 -24930 32767 32767
-8453 -2636 -2335 -32768 32767 32767
-8488 -2726 -2045 -32768 32767 32767
-8304 -2934 -1714 -32768 32767 32767
-5055 -6071 -429 -32768 32767 32767
-7687 -2258 -945 -32768 32767 32767
-5671 -2993 4004 -32768 32767 32767
-4731 -2785 5224 -32768 32767 32767
-3907 -2876 6167 -32768 15118 32767
-3514 -2666 5595 -32768 -1267 32767
-3573 -3071 3129 -32768 -2900 32767
-3409 -3346 2190 -32768 8560 32767
-2864 -3494 1850 -16725 26889 32767
-1666 -3825 2231 -5846 32767 32767
-1169 -3678 2894 3026 32767 32767
-1111 -3574 3217 4479 32767 32767
-910 -3545 3473 2971 29263 32150
-758 -3333 3319 -633 15432 27380
-527 -3015 3113 -4981 5364 23163
-449 -2778 2725 -8728 1243 18888
-496 -2696 2439 -10084 407 15728
-582 -2608 2144 -9548 1572 10681
-755 -2444 1885 -7614 3968 7189
-922 -2320 1873 -3417 9772 1845
-979 -1955 1945 995 15896 -2311
-848 -1499 2208 3322 19245 -3904
-712 -1133 2525 4832 23099 -4703
-579 -430 2920 4725 24341 -4370
-552 26 3072 4491 23822 -4067
-648 511 3236 3642 21042 -4242
-772 798 3295 1954 17023 -5498
-833 1157 3417 282 14905 -6654
-790 1380 3308 -2240 12545 -8254
-928 1632 2826 -3265 11434 -9374
-1051 1604 1933 -2496 11999 -11113
-1094 1494 1278 1386 15851 -12956
-1320 1324 653 4703 19297 -14512
-1382 1178 545 8639 22784 -16767
-1424 1051 444 11264 22349 -18887
-1442 892 338 12370 20836 -20293
-1517 802 209 13296 18752 -22688
-1597 757 114 13783 17566 -25674
-1577 757 -82 14141 17059 -27677
-1512 762 -232 14847 15904 -30212
-1332 699 -379 15470 14871 -31335
-1150 537 -404 16321 13082 -32211
-1098 444 -387 17019 10750 -32627
-1015 308 -208 17059 7638 -32768
-1002 185 28 16764 5298 -32768
-949 154 84 16532 1050 -32768
-1064 4 34 16790 -2344 -32768
-1128 -147 -22 17995 -6992 -32768
-1111 -312 9 19072 -9021 -32320
-1049 -383 43 20891 -10624 -31131
-954 -550 55 22208 -11131 -30227
-979 -595 39 24584 -11123 -29583
-1245 -723 -30 27412 -10616 -30727
-1624 -693 -88 30240 -10741 -32768
-1768 -732 -7 31814 -10618 -32768
-1694 -886 205 32767 -9047 -32768
-1637 -995 336 32767 -5988 -32768
-1473 -1219 413 32767 -3449 -32768
-1506 -1255 363 32767 -512 -32652
-1626 -1250 282 32767 -280 -31985
-1889 -1277 298 32767 -1474 -32076
-2117 -1315 325 32767 -4532 -32726
-2214 -1449 358 32767 -7775 -32448
-1967 -1628 352 32767 -8866 -31316
-1715 -1643 254 32767 -8975 -28730
-1762 -1651 181 32767 -8895 -26868
-2098 -1674 120 32767 -9349 -26744
-2224 -1655 96 32187 -10261 -28457
-2546 -1521 78 30210 -10795 -31960
-3169 -1459 224 28446 -10414 -32768
-3363 -1343 244 25736 -7867 -32768
-3267 -1259 336 23672 -1967 -32768
-3299 -1324 294 23046 2647 -32768
-3193 -1294 336 22998 9178 -32211
-3400 -1416 681 23282 13409 -26924
-3819 -1566 1041 22821 12266 -24005
-4192 -1784 1290 21043 2285 -20219
-4663 -1694 1474 19458 -6022 -17826
-5039 -1560 1458 18198 -11938 -14482
-5618 -1462 1230 18944 -10146 -12396
-5996 -1274 1020 22609 -396 -9336
-6100 -879 864 25881 8977 -6565
-5756 -508 786 30183 20075 -413
-5465 -261 754 31937 21707 7384
-5193 68 485 31407 17882 12538
-5286 80 191 29105 8689 18785
-5437 26 -115 26296 2431 22677
-5749 -400 -512 24419 2464 24152
-5874 -559 -791 21963 7540 25156
-5981 -593 -1097 19956 13757 25526
-5931 -820 -1139 18311 16660 26173
-5836 -977 -1157 15229 18068 28142
-5709 -1296 -1227 12954 17934 29998
-5651 -1627 -1267 9539 17383 32767
-6202 -2714 -1761 7710 17030 32767
-6649 -3387 -1986 4591 18738 32767
-7457 -4389 -2348 -725 22490 32767
-7925 -5016 -2432 -10084 28694 32767
-8128 -5551 -2524 -18674 31514 32367
-8436 -6651 -2457 -32768 31841 31769
-8581 -7831 -2014 -32768 30162 32341
-8688 -8765 -1748 -32768 24554 32767
-8255 -9732 -1389 -32768 17105 32767
-7405 -9875 -753 -32768 10928 32767
-6738 -9672 -222 -32768 -1423 32767
-7985 -9442 -2481 -32768 -16373 32767
-4463 -9836 1199 -32768 -3148 32767
-5041 -8533 632 -32768 1400 32767
-5201 -9265 671 -32768 3863 32767
-4556 -8691 941 -32768 7318 32767
-3765 -8433 1444 -25806 10763 32767
-2524 -8004 2502 -20335 12805 32767
-1954 -7575 2906 -14931 13367 32767
-1418 -6958 3162 -12111 13252 32767
-953 -6527 3118 -8504 13929 32767
-664 -6196 2921 -5190 14903 32767
-217 -5551 2632 -2666 15486 32767
225 -5051 2533 -1657 15795 32767
465 -4715 2458 -615 15504 32767
1102 -4040 2268 179 15090 32767
1155 -3910 2229 1699 14175 32767
1017 -3519 2199 3079 12881 28486
661 -3039 2123 3855 12106 23138
435 -2819 2075 4681 11273 15095
192 -2486 2041 4830 11132 10630
63 -2214 2015 4452 11506 5714
-219 -1661 2023 3880 12038 3574
-240 -1524 2037 2686 13146 1672
-558 -1011 2037 1842 13821 476
-710 -892 2036 592 14546 -2758
-1353 -467 1866 -142 14307 -7988
-1525 -108 1763 -365 13515 -11781
-1577 97 1757 -1095 10866 -16321
-1671 288 1824 -2745 6543 -19147
-1755 727 1734 -3945 4099 -20321
-1883 1017 1653 -5025 2900 -21813
-2089 1248 1474 -4560 4835 -23840
-2473 1498 1068 -3089 7417 -25574
-2659 1647 890 263 11529 -27877
-2628 1845 773 2558 13341 -28306
-2376 1901 809 5323 14267 -26816
-2275 1831 968 6466 14939 -24163
-2328 1664 1000 6861 16227 -22783
-2507 1742 805 8134 18991 -22198
-2647 1874 470 9520 20810 -22598
-2628 1819 234 12554 22327 -23282
-2360 1646 -18 14748 22357 -23208
-2112 1480 -140 17616 21383 -22393
-1960 1354 -127 19301 20392 -21064
-1720 1121 86 19438 20281 -20199
-1582 947 319 18173 20901 -19269
-1481 824 484 16200 20961 -19410
-1355 755 472 15011 20162 -20036
-1243 710 414 13841 17716 -21428
-981 529 278 13546 15605 -22428
-833 431 172 13979 11566 -23481
-648 358 55 15416 6481 -23474
-412 196 -32 16637 3352 -22921
-338 55 30 18198 -574 -21909
-415 -30 76 18988 -2824 -21492
-586 -87 34 19874 -5382 -21553
-635 -210 19 20417 -6074 -21866
-704 -401 -38 21199 -5266 -22535
-690 -511 -122 22243 -3459 -22983
-692 -694 -236 23134 -2338 -23181
-738 -853 -310 24653 -1483 -23493
-879 -1094 -364 25645 -1843 -23796
-1085 -1259 -287 26634 -3634 -24460
-1468 -1649 -68 26728 -5874 -25386
-1767 -1925 44 26513 -6971 -26055
-2070 -2118 17 26404 -8324 -27324
-2333 -2394 -82 26734 -8865 -28089
-2487 -2558 -123 28029 -9182 -29352
-2930 -2706 -275 29700 -9565 -30651
-3356 -2830 -334 32767 -9811 -32768
-3880 -2929 -273 32767 -8995 -32768
-4143 -2946 -247 32767 -5807 -32768
-4403 -2900 -94 32767 -2221 -32768
-4446 -2731 -7 32767 5072 -32768
-4216 -2225 165 32767 10522 -32768
-4145 -2096 190 32767 17391 -32570
-4029 -1633 261 32767 19856 -28260
-4108 -1036 269 32767 17616 -25877
-4138 -691 334 32767 9741 -22270
-4006 -370 597 32767 3644 -19284
-3977 -184 678 28958 -2168 18724
-5257 1904 -453 29457 -2671 22066
-5234 1862 -646 30150 -4352 26816
-5240 1803 -831 31105 -4221 31245
-5448 1509 -933 31450 -1760 32767
-5610 1314 -973 30821 5356 32767
-5799 1072 -1098 28434 13172 32767
-6025 757 -1387 26087 16094 32767
-6293 478 -1515 21416 17070 32767
-7110 -246 -1935 17536 18277 32767
-6354 -2916 697 -32768 32767 32767
-5761 -3451 2262 -32768 32767 32767
-5356 -3002 3019 -32768 32767 32767
-4875 -3338 3988 -32768 32767 32767
-3738 -3256 4603 -32768 32767 32767
-3120 -3448 4441 -32768 32767 32767
-2593 -3650 4119 -32768 28309 32767
-2133 -3600 3553 -32768 18500 32767
-2077 -3426 3342 -28396 12485 32767
-1967 -3289 3278 -17839 4937 32767
-1654 -3024 3357 -12628 2304 32767
-1491 -2895 3437 -8076 1489 28214
-1391 -2593 3420 -6371 2766 21080
-1353 -2389 3224 -5952 4536 16501
-1347 -2189 2993 -4990 7348 10527
-1193 -1881 2524 -2299 8623 7289
-915 -1740 2307 194 9005 6724
-838 -1480 2242 4352 8980 7022
-963 -1320 2388 7400 9093 6517
-1148 -1072 2622 8317 9560 5449
-1102 -906 2715 7864 10936 3408
-822 -575 2725 5647 13042 1398
-572 -315 2667 3498 14435 8
-537 -130 2587 -272 16232 -2593
-499 169 2435 -3936 17448 -5603
-428 255 2311 -5626 17838 -7353
-334 265 2097 -6124 18560 -9714
-584 334 1501 -4905 19261 -11707
-844 412 1090 938 19240 -17634
-1182 517 532 4861 17659 -21072
-1453 594 62 10904 13298 -25737
-1722 653 -237 14416 10392 -28352
-1840 668 -313 18469 8878 -31895
-2164 686 -381 20592 12439 -32768
-2136 607 -251 21020 16984 -32768
-2020 493 -144 20647 24847 -32768
-1857 361 -87 19903 31017 -32768
-1752 266 -156 19598 31864 -32768
-1533 255 -252 19736 28894 -32768
-1313 205 -245 19899 19827 -32768
-968 96 -249 19738 7474 -32768
-784 28 -116 19259 -699 -32768
-679 -188 -9 18309 -11465 -32768
-711 -408 81 17318 -19024 -32768
-1120 -682 118 16668 -23894 -32768
-1692 -852 73 16435 -26267 -32768
-2022 -833 24 16253 -28192 -32768
-2261 -810 -19 16362 -27602 -32768
-1952 -844 -40 17200 -22609 -32768
-1519 -915 37 19096 -12795 -32768
-1456 -1009 114 20881 -5124 -32768
-1540 -1084 84 24388 4133 -32768
-1955 -1090 106 27030 7664 -32768
-2129 -1136 157 30695 9141 -32768
-2470 -1135 267 32767 7387 -32768
-2576 -1136 474 32767 5832 -32768
-2382 -1266 584 32767 3920 -32768
-1962 -1438 480 32767 1997 -32481
-1921 -1464 355 32767 122 -30243
-2108 -1492 273 32767 -3513 -28537
-2508 -1446 203 32767 -5820 -28764
-2436 -984 404 25092 2786 -18551
-2567 -1332 576 21943 -1998 -15125
-2726 -1769 685 19881 -4907 -12919
-2830 -2081 855 16736 -8671 -9628
-3232 -2604 1205 13393 -11402 -7484
-3621 -2941 1432 11357 -12267 -6908
-3811 -2876 1429 9259 -11445 -7135
-4034 -2594 1281 8671 -9623 -7567
-4036 -2457 1208 8890 -4612 -7602
-3636 -2224 1100 9724 -20 -6477
-3098 -1715 1105 11238 7261 -3138
-2708 -1115 1206 11831 11677 898
-2555 -725 1338 11354 12324 3152
-2429 -409 1504 9254 9654 5664
-2332 11 1632 6288 3499 7164
-2373 295 1597 4483 -1158 7811
-2624 356 1228 3285 -6113 8307
-3005 306 715 4694 -7065 8475
-3171 277 592 6717 -4584 8234
-3658 117 350 10300 3095 7639
-3903 -95 329 12323 8522 7716
-3948 -282 248 14093 12545 9504
-4051 -349 126 14472 11846 12709
-4219 -529 -109 14300 10700 15297
-4367 -747 -335 14235 9498 19565
-4530 -1129 -776 14685 9522 23961
-4598 -1548 -999 14861 10733 26770
-4650 -1859 -994 13941 13670 30560
-4752 -2214 -844 12044 15674 32564
-4925 -2388 -876 8000 16997 32767
-5196 -2737 -991 4987 17402 32767
-5456 -3185 -1112 389 19083 32767
-5695 -3666 -1124 -4437 21932 32767
-5913 -3993 -1062 -8136 23826 32767
-6316 -4446 -1092 -14413 24414 32767
-7392 -5280 -1253 -18878 24382 32767
-8116 -5932 -1303 -26129 29449 32767
-8491 -6774 -1189 -31725 32767 32767
-8351 -7193 -798 -32768 32767 32767
-7956 -7412 17 -32768 32767 32767
-7595 -7217 582 -32768 32767 32767
-6953 -6886 961 -32768 14676 32767
-5482 -8837 337 -32768 30017 32767
-6294 -5946 29 -32768 10129 32767
-5400 -7008 2855 -32768 8633 32767
-5858 -6408 2293 -32768 6498 32767
-6169 -6326 1968 -32768 12772 32767
-5349 -6310 2076 -32768 18595 32767
-4515 -6260 2308 -31002 23751 32767
-3139 -5966 2893 -26941 23956 32767
-2693 -5827 2999 -21927 20937 32767
-2344 -5664 3047 -17550 16179 32767
-1789 -5058 3022 -14127 11032 32767
-1471 -4805 2924 -12241 8076 32767
-1055 -4523 2685 -9647 4986 32767
-827 -4305 2489 -6964 3493 32767
-369 -3908 2133 -4988 3324 32767
-224 -3762 2094 -2110 3744 32712
-90 -3643 2112 130 4261 27701
-54 -3357 2205 1299 4764 21607
-119 -2981 2184 1667 5369 17216
-28 -2666 2075 1984 6934 11420
179 -2223 1964 2160 8096 8546
341 -1920 1961 2199 9240 5564
318 -1289 2056 1955 9447 3707
240 -1167 2066 1466 9220 43
-56 -734 2041 1231 8869 -4770
-62 -522 2044 1060 8222 -8054
-137 -279 2046 466 6295 -12800
-400 -17 2092 -387 4707 -17230
-701 302 1950 -712 4772 -19810
-897 438 1831 -645 7110 -22961
-1250 719 1791 -594 10706 -25288
-1634 899 1789 -681 12564 -26458
-1905 992 1603 -147 13899 -27724
-2279 1122 1155 1988 15008 -28850
-2521 1317 542 4431 15774 -29442
-2597 1490 361 7983 16608 -29631
-2573 1543 612 9579 16868 -28657
-2548 1489 594 9795 16234 -27560
-2552 1456 547 9249 14724 -25820
-2443 1367 479 8612 14239 -24723
-2211 1290 283 8038 14548 -23273
-2007 1194 110 8390 15107 -21989
-1659 1012 -52 9002 15211 -21289
-1648 972 -22 9728 15559 -21125
-1569 823 263 10016 16656 -21997
-1466 741 318 10223 17417 -22803
-1333 666 317 11090 17584 -23859
-1075 582 214 12854 15939 -23910
-705 463 104 14484 14205 -23265
-545 402 18 17331 11133 -21949
-511 377 -61 19286 8888 -21313
-541 365 -21 21788 5806 -21055
-694 228 109 23665 4394 -22040
-864 198 115 24751 4294 -23395
-1080 299 111 25974 4941 -25532
-1051 292 161 26475 5762 -26325
-936 236 219 26694 6821 -25995
-728 136 270 26642 6836 -24705
-712 -27 242 26664 5677 -22112
-899 -232 190 26832 4053 -20738
-1340 -379 125 27282 -414 -20421
-2053 -654 -53 27740 -4325 -21195
-2272 -913 -124 28517 -8603 -22304
-2440 -1418 -175 29323 -9115 -22412
-2473 -1634 -157 29788 -7764 -21783
-2577 -1857 -136 30586 -4712 -20515
-2868 -2055 -248 31542 -3441 -20031
-3241 -2302 -344 32767 -4058 -20379
-3464 -2446 -339 32767 -6721 -21988
-3750 -2653 -246 32767 -10180 -24506
-4090 -2622 -194 32767 -12104 -26482
-4182 -2506 -164 32767 -12321 -28791
-4046 -2331 -96 32767 -10178 -29388
-3716 -2018 14 32767 -4238 -28600
-3624 -1861 71 32767 1917 -27002
-3626 -1460 51 32767 4263 -25940
-3517 -1256 71 32767 4151 -23899
-3413 -728 229 32767 76 -21398
-3482 -435 402 32767 -5805 -18926
-3695 -201 670 32767 -9542 -17351
-3903 132 690 30051 -13773 -14904
-4196 554 519 26875 -15092 -12549
-4449 748 407 25378 -13985 -11222
-4748 1042 252 24254 -10806 -9896
-5172 1489 3 24292 -8276 -8507
-5274 1736 -108 24574 -7352 -6667
-5305 2128 -326 25070 -6052 -2333
-5322 2187 -487 25441 -5098 1459
-5299 2229 -640 25699 -2786 7901
-5246 2262 -761 25400 -686 12252
-5202 2262 -955 23899 2520 18104
-5173 2254 -989 22099 3863 21360
-5137 2314 -1061 18626 3519 25338
-5122 2360 -1319 16302 1955 27513
-5349 2301 -1581 13663 768 29637
-8343 -4084 -1670 -32768 32767 32767
-7731 -4532 -906 -32768 32767 32767
-6805 -4205 -243 -32768 32767 32767
-5386 -5258 2482 -32768 13343 32767
-4595 -4547 2554 -32768 -14700 32767
-4162 -4833 2187 -32768 -19753 32767
-3924 -5108 1764 -32768 -7082 32767
-3967 -5450 1418 -32768 13027 32767
-3298 -5782 1687 -19636 23993 32767
-2423 -5738 2378 -5285 32767 32767
-1461 -5313 3446 -759 32767 32767
-1176 -4758 3965 -1465 27986 32767
-1001 -4503 4026 -4824 14140 32767
-668 -4081 3772 -7030 5313 32767
-342 -3660 3190 -8522 -4051 32767
-137 -3287 2565 -7308 -8188 29118
-33 -3109 2246 -5301 -8680 25092
-9 -2841 2006 -1315 -7263 19582
36 -2649 1993 2748 -3784 15705
76 -2480 2007 6100 1705 13091
154 -2083 2036 7569 5337 11673
187 -1799 2142 8178 9983 9676
321 -1368 2291 7630 12277 8476
477 -886 2400 5843 14766 6924
490 -615 2473 3585 17119 5164
519 -309 2496 2346 18707 3813
473 -114 2427 1388 20607 1366
359 177 2368 1369 21371 -502
116 418 2138 2403 21890 -3827
-233 492 1775 3798 21872 -6311
-368 486 1616 6841 21337 -10407
-828 453 1073 10542 19979 -14619
-1311 442 564 12802 18557 -17169
-1511 447 372 15177 15855 -20120
-1652 496 209 16208 14073 -22197
-1812 553 67 16198 14439 -23406
-1925 509 -82 15648 17223 -25179
-1984 423 -160 14960 21398 -27005
-1861 268 -204 14484 24123 -28132
-1827 242 -209 13728 26005 -29617
-1662 194 -208 12836 24161 -30861
-1557 229 -188 12192 21297 -31744
-1441 334 -236 11335 15586 -32768
-1371 353 -266 10846 9500 -32768
-1393 252 -269 10750 5973 -32768
-1404 195 -269 11179 2180 -32768
-1493 1 -226 12238 643 -32768
-1552 -6 -199 13300 475 -32768
-1495 48 -168 15246 432 -32768
-1145 30 -165 17703 362 -32768
-1171 -85 -99 19489 834 -32768
-1464 -88 -27 22236 2365 -32768
-2236 -33 161 23951 3505 -32768
-2316 -3 246 25853 4915 -32768
-2317 33 469 26518 5340 -32768
-2010 54 599 26752 4465 -32768
-1684 6 681 26168 2019 -30242
-1297 -148 833 25370 1 -26135
-1397 -267 877 24104 -3285 -21040
-1807 -294 699 23705 -5689 -19206
-1935 -273 554 24016 -8509 -18423
-2138 -372 395 25334 -10624 -19367
-2130 -476 215 26599 -11809 -20409
-2666 -1220 434 26768 9057 -29498
-2497 -1404 534 26986 13526 -25863
-2692 -1557 631 27338 15675 -21385
-3174 -1845 977 27121 13417 -19662
-3507 -1941 1169 25578 4461 -18719
-3802 -1985 1275 23252 -7548 -18558
-4004 -1903 1387 21940 -13056 -17746
-4114 -1723 1276 21559 -14382 -15100
-4728 -1162 1097 22480 -11333 -13670
-4875 -924 1026 24901 -3771 -12425
-5056 -177 874 27525 5122 -11251
-5007 328 776 28937 10016 -9945
-4931 559 722 29784 12517 -6699
-4959 899 441 29614 11216 -4032
-5071 969 123 28974 7477 578
-5444 538 -359 27841 4883 5849
-5641 279 -640 26876 4026 9439
-5830 42 -790 24721 4590 14289
-6203 -317 -1063 22986 5859 16723
-6503 -570 -1249 20080 9159 19166
-6629 -900 -1438 16662 13522 21462
-6507 -1355 -1682 14200 15617 23459
-6301 -1671 -1716 9802 16092 27731
-6162 -2253 -1816 6583 14179 30998
-6290 -2979 -2232 2512 9650 32767
-6570 -3495 -2573 -86 8629 32767
-7169 -4495 -2938 -2965 14253 32767
-7658 -5351 -3097 -6469 19971 32767
-7913 -6123 -2682 -16308 27780 32767
-8043 -6779 -2317 -31585 29688 32767
-8900 -8143 -1739 -32768 28023 32767
-9120 -9449 -1362 -32768 25370 32767
-8499 -9714 -1288 -32768 21404 32767
-7327 -9715 -851 -32768 17129 32767
-6966 -9576 -333 -32768 7238 32767
-8055 -7672 -426 -32768 669 32767
-5881 -9059 1073 -32768 -3044 32767
-5428 -8762 1384 -32768 -4007 32767
-5147 -8553 1064 -32768 -1015 32767
-4464 -8266 1322 -32768 3333 32767
-3364 -7857 1689 -32768 8272 32767
-2630 -7533 1924 -26856 10271 32767
-1793 -6903 2443 -21418 11458 32767
-1518 -6525 2578 -14222 12724 32767
-1145 -5921 2802 -9149 13783 32767
-630 -5387 2797 -6858 14034 32767
-316 -5150 2711 -4443 13890 32767
153 -4859 2437 -2998 13816 32767
442 -4449 2117 -352 14111 32767
493 -4173 1869 3164 14368 32767
586 -3697 1793 5546 14707 32648
550 -3489 1891 7893 14346 28211
447 -3238 2011 7857 12182 22880
204 -2766 2050 6809 9870 18971
3 -2403 1962 4759 6925 13507
-44 -2048 1750 3635 5991 10759
-176 -1768 1575 2878 5329 7762
-233 -1511 1457 3320 5878 5998
-323 -1173 1492 4449 7833 4589
-665 -922 1625 5293 9610 2964
-1100 -669 1770 6286 13076 -982
-1350 -448 1772 7111 16121 -6294
-1502 63 1656 7739 17369 -9839
-1575 362 1579 8631 18627 -14042
-1431 783 1754 8559 18812 -15818
-1477 1024 1953 6857 15367 -17615
-1811 1406 2124 4958 10841 -18866
-1917 1510 2055 2333 3672 -21290
-2215 1916 1445 1445 -29 -23098
-2294 2081 930 2756 -2581 -26053
-2284 2212 463 4632 -1456 -26741
-2274 2290 340 6809 3221 -26794
-2288 2111 522 7451 7380 -26331
-2383 1904 711 7282 13239 -25565
-2441 1783 820 6108 16874 -25263
-2419 1682 680 5458 17703 -25278
-2378 1591 446 5627 16951 -25552
-2136 1387 139 6405 15479 -25530
-1913 1245 -21 8040 12657 -24845
-1726 1113 -101 9193 11028 -24233
-1670 931 47 10092 9917 -23981
-1721 641 349 10003 10543 -24231
-1599 510 443 9815 12346 -24528
-1301 380 316 10444 13981 -24514
-1196 343 239 11513 14358 -24225
-966 356 42 13973 13809 -23648
-761 239 -138 15990 12729 -23174
-678 205 -141 18960 11217 -22530
-632 160 -69 20609 10489 -22357
-697 116 -32 22572 9415 -22689
-804 55 -3 23638 8634 -23241
-810 19 0 24617 7884 -24106
-711 -23 26 25013 7477 -24290
-572 -156 -7 24981 7325 -23941
-465 -256 -58 24833 7196 -22863
-401 -405 -101 24672 6581 -21689
-428 -648 -234 24856 5304 -21112
-629 -938 -427 25897 1992 -20949
-894 -1221 -500 27318 -2490 -21858
-1311 -1685 -551 28210 -5595 -22870
-1487 -1924 -581 29310 -8955 -24249
-1734 -2292 -607 29922 -10151 -24798
-1917 -2549 -600 31035 -10324 -25382
-2377 -2970 -558 32767 -8981 -26277
-2813 -3163 -606 32767 -8128 -27601
-3805 -3200 -543 32767 -7229 -31844
-4438 -3178 -477 32767 -6890 -32768
-4917 -3049 -264 32767 -5533 -32768
-4886 -3004 -219 32767 -159 -32768
-4590 -2792 -73 32767 7808 -32768
-4164 -2522 -63 32767 12467 -32768
-4033 -2317 -112 32767 15814 -28104
-3833 -1829 -112 32767 12788 -22008
-3800 -1518 -90 32767 7188 -19114
-3885 -1201 -28 32767 -3270 -16904
-4090 -926 112 32767 -8943 -16529
-4305 -586 373 28398 -12840 -16083
-4413 -381 558 25042 -12662 -15232
-4903 1699 -170 23131 3177 14031
-4835 1723 -496 22735 2322 16693
-4666 1644 -660 22304 538 20884
-4524 1539 -813 21918 -29 23776
-4506 1511 -855 21092 1546 27709
-4587 1385 -977 19874 5759 30618
-4844 1098 -1144 18687 9061 31795
-5026 998 -1327 16504 13361 32602
-5264 934 -1497 13677 15671 32767
-5565 467 -1820 8313 17604 32767
-6054 10 -2182 4758 18459 32767
-6568 -543 -2421 -2007 20846 32767
-7790 -1873 -2906 -7967 24942 32767
-7989 -2210 -2934 -19865 32767 32767
-7898 -2828 -3056 -32768 32767 32767
-7659 -3306 -2898 -32768 32767 32767
-7005 -3524 -2676 -32768 32440 32767
-6357 -3808 -2318 -32768 31099 32767
-2500 -4223 3330 -26590 20418 32767
-2394 -4131 3336 -14101 24470 32767
-1782 -3774 3606 -6164 24090 32767
-980 -3393 3887 -3335 20127 32767
-643 -3131 3963 -1648 10465 32062
-358 -2843 3979 -1621 1396 29218
-406 -2567 3810 -1809 -2366 26359
-600 -2275 3455 -1671 -4430 20663
-722 -1978 3003 -1051 -3597 16572
-762 -1878 2845 727 299 11062
-669 -1584 2463 2962 7174 7627
-355 -1324 2285 4272 12402 6694
-229 -1090 2208 5536 18879 6256
-217 -767 2106 5934 21606 5888
-243 -575 1986 6120 22897 4662
-395 -295 1829 5680 22534 2520
-328 24 1819 4831 21996 990
-472 134 1903 2542 21072 -1778
-653 217 2017 -587 20530 -5775
-1039 352 1933 -2856 19982 -10863
-1338 435 1640 -2873 20340 -14530
-1597 528 1051 -240 22564 -19249
-1473 634 421 3038 24387 -21071
-1348 667 60 9197 26315 -21735
-1409 682 -304 13394 26770 -21545
-1572 698 -426 18748 25872 -21283
-1693 692 -522 22520 22814 -21470
-1699 638 -461 24135 19136 -21978
-1628 547 -204 23776 17065 -22451
-1532 537 136 20714 15022 -23318
-1665 554 572 17395 13884 -24375
-1722 588 560 12100 11490 -26689
-1776 789 388 7971 8624 -28780
-1580 746 160 6373 7065 -29554
-1426 595 37 6069 6007 -29576
-1054 461 -204 7284 6430 -28874
-996 424 -203 10380 8208 -27263
-876 403 -289 14289 9016 -25667
-854 437 -282 16917 8332 -24824
-817 477 -246 20271 5816 -23998
-774 463 -181 22802 2473 -23594
-845 410 -114 24108 152 -23617
-938 353 -40 25480 -3237 -24184
-1191 310 152 25820 -5523 -24822
-1422 286 251 25416 -9140 -25805
-1562 297 300 24725 -11494 -25991
-1448 292 357 23271 -13858 -24656
-1066 230 445 22102 -14296 -22415
-783 54 540 20414 -13475 -17907
-1145 -82 624 19446 -12735 -15255
-1426 -129 623 18444 -13607 -14014
-2376 -321 480 18367 -15433 -15061
-2105 -1534 727 32638 6251 -32768
-1886 -1575 1095 29017 11219 -32768
-1959 -1735 1208 26609 10657 -32768
-2175 -1888 1117 23913 4319 -32768
-2402 -2119 850 22623 -4457 -32768
-2727 -2174 771 22329 -9060 -32768
-3003 -2156 779 22641 -11232 -30937
-3243 -2058 1013 22882 -7348 -27881
-4362 -2109 1141 23739 -2628 -26114
-4750 -2071 1041 25179 -589 -25185
-5084 -2055 927 28441 626 -23148
-5334 -1796 784 30672 888 -20716
-5505 -1462 874 32711 3236 -15726
-5891 -1082 944 32767 5907 -11701
-5905 -1025 983 32742 10707 -4609
-5642 -795 869 31310 12930 3644
-5393 -466 313 30452 11924 9006
-5328 -244 1 28887 8227 15838
-5577 -129 -373 27605 4971 19128
-5959 -185 -629 25273 584 22398
-6173 -495 -751 22566 -165 25235
-6176 -624 -818 20674 1930 27700
-6038 -1113 -898 17230 8765 32364
-8687 -8229 -2801 -32768 32767 32767
-8298 -8166 -2626 -32768 32767 32767
-7608 -8102 -2297 -32768 30802 32767
-6916 -8001 -1563 -32768 32767 32767
-7323 -7543 -1638 -32768 19429 32767
-4854 -8053 2525 -32768 5450 32767
-4732 -6961 2604 -32768 -20788 32767
-4846 -6858 2284 -32768 -28898 32767
-4601 -6742 1436 -32768 -21790 32767
-4319 -6793 810 -32768 -1912 32767
-3118 -6773 1076 -24928 13278 32767
-2352 -6434 1559 -9038 27690 32767
-1728 -5787 2476 -977 32581 32767
-1494 -5112 3035 979 31401 32767
-1212 -4751 3216 761 25929 32767
-907 -4521 3188 -1554 19149 32767
-538 -4009 2616 -3664 10987 32767
-429 -3693 2171 -3985 6142 32541
-279 -3292 1505 -2402 1250 28655
-197 -2886 1064 920 -496 24965
-131 -2687 919 4502 772 21982
-191 -2504 941 6265 2767 20118
-360 -2266 1086 7436 6675 16873
-472 -2049 1129 7249 10506 12937
-609 -1667 1135 6797 12635 10112
-649 -1414 1124 6063 15575 6330
-674 -993 1134 5706 17461 4223
-649 -770 1174 5610 19428 2016
-741 -664 1303 5684 20001 141
-1054 -393 1482 5624 19216 -1431
-1176 -156 1476 5205 16248 -4539
-1361 73 1446 4686 12800 -8505
-1804 377 1258 4338 11206 -11404
-1950 593 1136 4334 10679 -15372
-1940 831 1123 4673 11395 -17642
-1923 996 1077 5078 11753 -18421
-2310 1200 1179 5551 12092 -20066
-2483 1376 1143 6303 11850 -22522
-2680 1685 966 7179 11742 -24408
-2777 1938 1012 8393 12418 -26998
-2704 2053 1086 8734 12544 -28100
-2579 2181 1029 8077 10898 -27483
-2289 2234 1015 7020 9756 -26106
-2100 2128 939 5322 9300 -23283
-2092 1920 631 4768 10040 -21782
-2125 1784 470 4700 12122 -20625
-2002 1621 280 5351 14033 -20496
-1800 1456 303 6035 14946 -20682
-1780 1385 381 6524 16537 -21563
-1702 1215 494 6679 17594 -22478
-1670 1168 433 7464 18417 -24214
-1575 1085 176 9367 17980 -25628
-1310 930 -53 11164 16897 -25976
-1173 782 -114 14066 14963 -25488
-803 441 44 16293 13496 -23866
-647 281 200 17149 12720 -22385
-515 165 289 17717 11105 -20055
-497 112 269 17986 8064 -18411
-537 36 205 18168 5650 -17865
-551 -38 140 18507 2123 -17704
-536 -91 96 19062 -892 -18115
-528 -204 92 19479 -2303 -18536
-503 -291 35 20381 -3539 -19195
-468 -481 -106 21318 -3724 -19554
-457 -669 -172 23214 -3246 -19947
-477 -1005 -327 24893 -2587 -20216
-529 -1204 -438 28060 -1762 -20822
-651 -1514 -479 31242 -3070 -21691
-847 -1820 -514 32767 -6227 -22173
-1077 -2086 -532 32767 -12584 -23009
-1693 -2697 -196 32767 -16016 -24803
-2492 -3340 280 32767 -14792 -26770
-3029 -3420 451 32767 -10291 -30350
-4002 -3536 412 32767 -8133 -32768
-4448 -3530 407 32767 -5223 -32768
-5168 -3137 587 32767 -2011 -32768
-5518 -2598 672 32767 4831 -32768
-5442 -2113 890 32767 12637 -32768
-5230 -1524 1233 32767 15931 -29838
-5165 -1326 1346 32767 12067 -24594
-4698 -442 1444 32767 -1403 -16051
-4590 -25 1351 32767 -15218 -8894
-4911 640 941 32767 -21045 -5912
-5416 1093 428 32767 -23285 -4368
-5918 1678 -416 32767 -20159 -3348
-6010 1911 -876 32767 -17838 -1391
-6038 2224 -1459 32767 -16973 5062
-6181 2493 -2042 32767 -15669 13781
-6555 2540 -2327 32767 -9760 21544
-7788 2513 -3544 32767 -2330 28071
-8539 2273 -4135 32767 4625 32202
-9294 1930 -4555 32767 19945 32767
-10616 1461 -4705 32047 31287 32767
-10898 1009 -4604 10737 32767 32767
-10580 79 -4341 -5016 32767 32767
-9514 -946 -4025 -25110 32767 32767
-8828 -1418 -3823 -32768 32767 32767
-8120 -1940 -3018 -32768 32767 32767
-2987 -2086 3755 -32768 32767 32767
-2181 -2095 2479 -32768 28361 32767
-2028 -2122 2247 -29671 21908 32767
-1823 -2292 1953 -19491 17663 32767
-1831 -2518 1846 -13817 14666 32767
-1807 -2506 1815 -7594 9615 30318
-1755 -2412 1817 -4180 5230 24309
-1719 -2255 1822 -3299 3412 20037
-1491 -2038 1880 -3896 2937 14206
-1346 -1900 2009 -6298 4598 9409
-1220 -1770 2116 -8371 5941 6642
-1070 -1546 2189 -11094 6681 3206
-741 -1287 2084 -12011 5801 1807
-512 -1289 1954 -11392 2752 1480
-470 -1297 1718 -7967 -800 2183
-684 -1152 1457 -4650 -1977 2488
-773 -1005 1647 -520 -1365 2429
-753 -669 1989 1612 461 2558
-855 -510 2578 1540 2533 2341
-994 -347 2704 237 4415 1382
-795 -118 2804 -1011 5588 628
-821 231 2914 -2876 6932 -1100
-802 618 2692 -3233 7413 -2389
-872 685 2489 -1900 9339 -4248
-765 548 1903 1236 13311 -5704
-1233 881 1965 4407 19317 -8346
-522 1047 1749 6235 22585 -9455
-463 917 1591 8382 24671 -11425
-543 968 1589 8824 23959 -14112
-746 1022 1434 8530 21284 -16367
-861 892 1106 8074 15407 -19899
-968 717 815 8260 9801 -23158
-1176 467 414 8772 6892 -25022
-1235 259 220 9781 4258 -26778
-1241 -51 35 10358 3504 -27195
-1205 -232 -70 10784 3159 -27134
-1189 -417 -62 10482 3505 -27026
-1106 -527 80 9890 3924 -27194
-1053 -528 158 8766 4652 -28159
-1069 -596 127 8416 4630 -29377
-1085 -769 -61 9029 3792 -31731
-1084 -910 -202 11131 3210 -32768
-1046 -1125 -174 13966 3711 -32768
-1034 -1254 -149 15996 3765 -32768
-1049 -1278 -137 19186 2736 -32768
-1174 -1406 -35 21269 1574 -32768
-1329 -1443 65 23830 -221 -32768
-1644 -1366 163 25532 -2507 -32768
-1940 -1313 314 26123 -4576 -32768
-2085 -1329 409 25872 -5321 -32768
-2061 -1311 530 24878 -4900 -32768
-2002 -1263 545 24142 -3191 -32768
-1924 -1278 392 24526 -1883 -32768
-1844 -1344 288 26558 -171 -32768
-1855 -1405 99 29656 -420 -32768
-1966 -1412 8 31716 -1937 -32768
-2069 -1501 127 32767 -4931 -32768
-2548 -1656 725 32681 -7791 -32768
-2828 -1679 945 31163 -8882 -32768
-2994 -1776 1102 28830 -7511 -32768
-3125 -1965 956 28770 -1882 -32768
-3323 -1980 903 30499 2752 -32768
-3586 -1919 947 32767 8924 -32768
-4267 -1651 1142 32767 10298 -32768
-4647 -1335 1207 32767 8701 -32768
-4640 -935 1207 32767 7103 -32768
-4565 -704 1011 32767 7427 -32768
-4656 -562 906 32767 11034 -25856
-5657 -393 547 32767 13419 -19971
-6235 -541 505 32767 10010 -13599
-6595 -639 431 32767 2023 -8356
-7021 -376 96 32767 -1765 -4896
-7375 -125 -260 32767 -637 189
-7767 29 -804 32364 4290 3689
-7823 131 -1075 28328 13230 9289
-7731 256 -1422 24566 18910 15174
-7524 24 -1641 22401 18824 19291
-7537 -230 -1768 19856 13768 25133
-7777 -871 -1953 18736 10181 28443
-7883 -1675 -2072 17117 9087 32767
-8127 -2576 -2013 14800 12633 32767
-8339 -2916 -2043 8205 20167 32767
-9094 -4036 -2286 -1784 24911 32767
-9655 -5096 -2890 -9276 26718 32767
-9571 -5877 -3277 -20806 28895 32767
-8911 -7114 -3051 -29582 28135 32767
-8646 -7350 -2603 -32768 21394 32767
-8712 -7856 -2186 -32768 10545 32767
-9054 -8387 -2496 -32768 4263 32767
-9561 -9612 -3251 -32768 6862 32767
-9359 -10665 -2847 -32768 23066 32767
-10671 -11567 -3366 -32768 32767 32767
-7952 -10290 458 -32768 20712 32767
-6013 -10755 3286 -32768 -18284 32767
-6567 -9296 2754 -32768 -32768 32767
-6479 -8991 1479 -32768 -32768 32767
-6313 -8781 225 -32768 -32768 32767
-5468 -9046 -103 -22187 -31070 32767
-3394 -8831 553 -8257 -13812 32767
-2063 -8443 1344 5530 -870 32767
-883 -7610 2135 12835 1155 32767
-439 -6955 2047 16240 3398 32767
-75 -6637 1833 19645 12955 32767
555 -6315 1714 20398 20565 32767
756 -5974 1630 20040 27390 32767
1083 -5472 1397 19564 31143 31041
1374 -4987 1369 19290 32767 28035
1543 -4600 1384 18654 30494 24718
1440 -3983 1890 17321 26090 22698
1226 -3694 2157 13674 17550 18949
926 -3275 2326 9292 10881 14674
739 -3016 2190 6479 9092 10221
489 -2539 1870 5984 11046 7338
318 -2041 1753 6517 17035 3720
172 -1802 1857 7055 21176 1874
69 -1540 2061 7292 25682 -304
-104 -1101 2338 6746 27261 -2644
-418 -698 2392 6324 26827 -4934
-688 -274 2315 6016 24432 -9541
-865 -73 2279 5332 19717 -14428
-1038 165 2565 3948 15784 -17181
-1110 367 2597 1090 9795 -20289
-1338 734 2454 -706 6832 -21812
-1477 894 2143 -1812 5508 -23640
-2231 1088 1577 -1339 7534 -25251
-2438 1194 1494 644 13453 -28623
-2819 1490 1104 2641 16880 -30679
-2766 1538 982 5838 18756 -31672
-2590 1530 628 8402 18034 -30602
-2672 1449 430 9692 17386 -29589
-2845 1384 322 10938 17757 -28903
-3069 1186 330 11266 20396 -29278
-3218 1143 649 10663 23051 -29980
-3131 1167 795 9259 26134 -30800
-2810 1124 628 8818 26774 -30848
-2430 1070 324 9391 26383 -30115
-2142 945 143 11152 23880 -28326
-1721 795 -113 12663 20505 -26586
-1448 744 -248 14809 13719 -23755
-1187 636 -290 15903 9211 -22116
-798 430 -226 17025 4161 -20023
-553 345 -203 17721 1227 -18882
-565 324 -310 18296 -75 -18907
-642 255 -388 19338 -1191 -20447
-732 98 -317 19935 -939 -22269
-787 37 -171 20403 935 -25835
-850 13 -172 20730 3300 -29679
-857 -2 -213 21008 4140 -31944
-783 -43 -320 21619 3977 -32768
-612 -175 -327 22160 3795 -32768
-588 -247 -336 23133 4249 -32768
-738 -599 -292 24610 5005 -32075
-1018 -976 -432 25921 4513 -30779
-1348 -1190 -481 28031 3078 -29087
-1453 -1437 -502 30376 825 -27174
-1507 -1849 -571 32131 -1388 -25605
-1682 -2142 -584 32767 -4207 -24163
-2295 -2570 -454 32767 -5584 -24554
-2786 -2774 -379 32767 -7950 -27286
-3484 -2968 -247 32767 -9626 -31582
-3994 -3181 -42 32767 -9235 -32768
-4343 -3186 146 32767 -4933 -32768
-4933 -2955 385 32767 -599 -32768
-4998 -2805 393 32767 6294 -32768
-4875 -2343 401 32767 12198 -32768
-4614 -1757 314 32767 13404 -29719
-4565 -1239 285 32767 9647 -22996
-4559 -420 331 32767 2663 -17125
-5112 463 714 32767 -1315 -14404
-5566 873 926 32767 -5451 -12135
-5765 1258 1154 32272 -7889 -9211
-5807 1692 1057 28216 -10929 -3933
-5775 1752 928 27434 -13249 540
-5861 1908 379 29631 -15506 6601
-6036 2030 -49 32764 -15003 9451
-6243 2241 -640 32767 -9783 12220
-6181 2399 -1329 32767 -4050 13791
-5991 2441 -1600 32767 5333 16963
-5836 2390 -1876 32767 12626 21425
-5847 2084 -2103 32767 16107 24614
-5827 1642 -2104 32767 19793 29822
-6259 1244 -2305 29346 21187 32767
-6745 864 -2450 15750 21710 32767
-7631 64 -2946 5892 22779 32767
-8662 -655 -3578 -8874 27547 32767
-9536 -1621 -3976 -22763 32767 32767
-9371 -2426 -4000 -31197 32767 32767
-8915 -2895 -3904 -32768 32767 32767
-8252 -3367 -3366 -32768 32767 32767
-7665 -3726 -2759 -32768 32767 32767
-7267 -4022 -2325 -32768 32767 32767
-6906 -4377 -1600 -32768 -12486 -32768
-5325 -2980 998 -32768 32767 -32768
-4950 -5141 2207 -32768 32767 32767
-3873 -4271 3979 -32768 15420 32767
-3489 -4122 3831 -32768 -4183 32767
-3216 -3811 2924 -32768 -2635 32767
-2736 -4211 2029 -32768 6088 32767
-2562 -4451 2216 -30025 19540 32767
-2390 -4537 2482 -14071 27656 32767
-1774 -4242 2895 -4724 30232 32767
-1066 -3897 3062 -1438 29147 32767
-545 -3719 3276 157 25058 32767
-412 -3605 3489 -1201 17861 30549
-439 -3398 3578 -2813 10696 26653
-459 -3178 3441 -5004 -423 21102
-309 -2811 3143 -5686 -7034 17232
-213 -2374 2656 -3951 -7109 14710
-258 -1993 2373 -1843 -4054 12874
-347 -1723 2342 1714 2667 9361
-405 -1392 2453 4776 9539 5537
-383 -963 2721 5936 13558 3168
-338 -630 2934 6478 17085 992
-1251 755 1046 6954 24416 -12962
-1520 615 672 7668 22836 -17331
-1526 554 599 7889 21379 -20455
-1368 510 454 7699 20462 -21663
-1231 437 303 6913 18864 -22594
-1223 458 222 5842 17733 -23618
-1293 650 111 5161 17737 -24771
-1447 719 95 4377 17390 -27488
-1583 798 -54 4345 15144 -30576
-1598 777 -118 4661 13099 -32266
-1470 720 -118 5547 10320 -32768
-1333 620 -90 6908 8808 -32768
-1191 477 46 8036 8382 -31873
-1079 403 71 10346 7425 -29520
-958 231 72 13512 5226 -27181
-931 213 -94 16235 3313 -26066
-1058 221 -255 21161 1629 -25905
-1359 186 -330 24597 2016 -26897
-1528 184 -229 29059 4699 -29321
-1636 267 33 31309 6932 -30847
-1498 312 118 32767 9179 -31617
-1249 279 175 32767 9592 -29952
-888 77 314 32767 9331 -27819
-736 -22 385 32767 7545 -24341
-833 -169 589 32767 3134 -22172
-1345 -241 811 31026 -3903 -22440
-1923 -283 890 29082 -9236 -23515
-2028 -422 894 26485 -14684 -24477
-1724 -625 864 24784 -15978 -22857
-1325 -921 833 24322 -15024 -19248
-1070 -1224 708 24968 -14478 -16761
-1090 -1342 560 27336 -15318 -14886
-1419 -1462 164 30982 -18881 -16164
-1631 -1582 51 32767 -22254 -18708
-2228 -1773 76 32767 -27109 -24643
-2844 -1794 427 32767 -28793 -29557
-2828 -1686 538 32767 -26213 -32768
-2622 -1505 538 32767 -21065 -32768
-2517 -1511 587 31461 -8911 -32768
-2733 -1364 766 30347 -51 -32768
-2964 -1253 799 29290 8410 -32768
-3547 -811 834 28701 9265 -32768
-3731 -734 902 27885 6019 -32768
-3739 -705 936 27328 2705 -32768
-3468 -668 853 27334 -1686 -27219
-3542 -845 756 28172 -2943 -20110
-4049 -909 636 30464 -4604 -11185
-4729 -983 556 31899 -6547 -7771
-5967 -1037 501 32767 -8139 -6354
-6162 -1029 543 32679 -6215 -6285
-6337 -1097 741 30579 763 -5698
-6426 -914 794 28744 6011 -4348
-6400 -771 740 26578 11874 -335
-6008 -618 498 26355 14308 7399
-5519 -453 216 26919 13779 13766
-5149 -173 -248 27610 10119 22149
-5238 33 -673 27577 6975 25826
-5408 62 -774 25793 4767 28518
-5500 -96 -826 23316 5813 28891
-5877 -412 -1082 18296 9666 27980
-6176 -704 -1292 12213 14304 26518
-6519 -1259 -1704 7943 17405 26183
-6835 -1886 -2053 1050 21926 27039
-7124 -2410 -2356 -6448 23049 29762
-7551 -3425 -2790 -12146 22172 32767
-7987 -4133 -3065 -22386 21153 32767
-8816 -5221 -3476 -32768 23553 32767
-9779 -6492 -3880 -32768 27255 32767
-9930 -7252 -3957 -32768 32767 32767
-9341 -8162 -3296 -32768 32767 32767
-8478 -8314 -1950 -32768 29323 32767
-7900 -8347 -1086 -32768 7388 32767
-9091 -6892 -1503 -32768 -2011 6853
-6519 -7241 666 -32768 -21675 32767
-6101 -7124 905 -32768 -24318 32767
-6471 -7298 531 -32768 -14080 32767
-6737 -7909 664 -27928 13285 32767
-6065 -7983 1384 -12534 27863 32767
-4978 -7953 2568 -314 32767 32767
-3652 -7556 4006 579 32767 32767
-2992 -7164 4528 -4397 28462 32767
-1937 -6399 4153 -9956 16496 32767
-1527 -5967 3585 -11597 10514 32767
-1061 -5599 2900 -10108 6378 32767
-388 -5047 1990 -7210 6251 32767
17 -4689 1635 -2072 8605 32767
442 -3955 1654 1370 10511 32639
508 -3807 1754 1925 9860 28605
593 -3348 2084 572 6075 22850
626 -2893 2225 -1038 3075 19346
505 -2514 2146 -3112 42 14259
366 -2222 2079 -3902 -619 9260
233 -1804 1913 -3514 -35 6272
97 -1412 1853 -1854 2829 2332
2 -957 1808 -197 5484 12
-66 -817 1792 2510 10030 -3572
-302 -367 1784 4652 14321 -7943
-662 -31 1830 5508 16211 -11336
-908 67 1888 6027 17265 -16465
-1233 246 2046 5736 17101 -19586
-1287 355 2028 4653 15598 -23377
-1332 799 1960 2974 13995 -25461
-1331 1215 1857 1768 13321 -25916
-1395 1268 1792 178 12605 -25992
-1598 1289 1603 -603 11997 -25881
-1944 1245 1167 -21 11746 -26266
-2028 1226 920 2176 12253 -26656
-1777 1184 399 4340 12908 -26244
-1755 1199 292 8116 14508 -25259
-1926 1230 68 11827 16780 -25131
-2246 1138 61 13851 18660 -25719
-2341 1094 85 16013 21810 -27095
-2425 1005 177 17312 24722 -28784
-2285 999 138 17961 26422 -29568
-2147 974 138 18529 28045 -30082
-1908 933 187 18462 27503 -29838
-1705 824 161 18146 25943 -29165
-1418 756 100 17611 22510 -27002
-1102 606 58 17201 19717 -25211
-1028 510 7 16722 15190 -22920
-1086 399 -25 16345 10934 -21806
-1125 348 -48 16092 7442 -21708
-1034 302 -173 16191 4378 -22081
-1035 281 -186 16440 2567 -22512
-1005 186 -108 16798 815 -23285
-873 114 -84 17146 262 -23463
-747 -4 -10 17379 435 -23322
-804 -128 64 17710 846 -23170
-1037 -216 70 18052 1009 -23615
-1348 -231 -44 18963 1148 -24895
-1413 -386 -163 20504 1245 -25610
-1416 -560 -241 22800 1740 -24726
-1432 -1023 -326 25681 2361 -22541
-1641 -1143 -384 27916 2009 -21130
-1873 -1341 -397 31301 -607 -19780
-2268 -1583 -300 32767 -4437 -19700
-2523 -1735 -195 32767 -7015 -20096
-2708 -1836 -150 32767 -10704 -21251
-3012 -1987 -67 32767 -13308 -23167
-3318 -2180 -18 32767 -14055 -24574
-3457 -2336 -50 32767 -13918 -26694
-3980 -2449 -46 32767 -12592 -29477
-4328 -2437 -36 32767 -11116 -31258
-4505 -2179 -72 32767 -6991 -32229
-4335 -2065 -25 32767 -2925 -31030
-4165 -1874 38 32767 3008 -27075
-3996 -1466 104 32767 6050 -22405
-4161 -847 275 32767 4845 -18787
-4220 -526 352 32767 1861 -16851
-4269 -230 442 32767 -3429 -14430
-4319 103 708 32628 -6504 -12904
-4444 278 854 28840 -10611 -10611
-4703 621 873 25633 -13893 -8161
-4950 1109 756 24217 -14998 -6323
-5088 1423 592 23606 -15066 -3114
-5210 1891 333 24269 -13496 -718
-5267 2129 218 26238 -8875 2757
-5367 2377 57 27760 -5674 5019
-5384 2467 -111 29926 -2769 8718
-5338 2499 -415 31499 -2000 13439
-5158 2431 -874 32189 -1156 17265
-5072 2267 -1440 32657 2406 23753
-5338 1944 -1882 32035 8323 29645
-5512 1796 -1955 30448 12322 32420
-5956 1287 -2241 25735 16244 32767
-6049 439 -2323 20461 17542 32767
-6075 28 -2445 10299 17525 32767
-6354 -415 -2469 -1180 18517 32767
-6961 -924 -2507 -8582 21238 32767
-7178 -1356 -2506 -18166 28343 32767
-6947 -1866 -2294 -26774 32767 32767
-6571 -2021 -1958 -32111 32767 32767
-6282 -2068 -1659 -32768 32767 32767
-5644 -2247 -986 -32768 32767 32767
-5299 -2391 -642 -32768 32767 32767
-5343 -2268 1971 -25546 32767 24627
-4782 -2408 2132 -28735 32767 32767
-3392 -2595 2865 -32768 32767 32767
-2792 -2147 3022 -32768 32767 32767
-2135 -2488 4004 -32768 32767 32767
-2045 -2374 3850 -32768 26341 32767
-1735 -2402 3205 -32768 16466 32767
-1430 -2662 2728 -32768 12318 32767
-1263 -2705 2581 -30525 9948 32767
-1200 -2711 2622 -19541 9743 32767
-1188 -2722 2834 -13779 9613 32767
-1102 -2501 3088 -8285 9918 29660
-1065 -2257 3177 -6242 11222 22309
-1174 -1975 3214 -6066 12071 17440
-534 135 2440 -213 13811 -1311
-572 328 2145 -2068 12605 -1908
-546 364 1875 -3436 9972 -2228
-1942 187 622 9651 14785 -32713
-2033 217 684 9818 16039 -32768
-2132 388 645 10167 16471 -32768
-2113 405 599 11533 15974 -32768
-1935 270 533 12845 14531 -32768
-1900 263 502 14941 10402 -32768
-1739 221 413 16586 4237 -32768
-1444 271 305 17278 4 -32768
-1277 343 273 17848 -4148 -31016
-1380 440 177 18820 -4800 -29449
-1891 418 20 20144 -3997 -29755
-2075 435 -94 23277 -1690 -31041
-2029 451 -186 26923 1812 -31823
-1716 503 -87 28888 4002 -31407
-1439 495 112 30178 5382 -29153
-1083 451 389 29762 4484 -26836
-885 432 579 27331 736 -22987
-970 278 874 24739 -3626 -21000
-1183 112 967 20347 -11802 -19248
-1301 119 946 17634 -16420 -18618
-1556 55 725 15233 -20197 -17996
-1529 -105 623 15014 -18286 -17232
-1531 -88 500 16841 -13501 -16395
-1740 -224 629 18533 -10690 -16208
-1948 -218 849 20534 -8614 -17007
-2281 -222 1057 21326 -12283 -19181
-2588 -233 1135 21251 -18605 -21349
-2864 -199 1036 21147 -19950 -22608
-3061 -106 951 21354 -14247 -24464
-2974 113 886 21747 -6808 -25196
-2748 173 766 22798 3609 -24662
-2510 256 614 23798 7998 -22439
-2062 323 576 23741 7109 -20163
-1785 388 506 22369 25 -15783
-1544 400 449 20475 -6949 -12699
-1621 326 455 16495 -16945 -9056
-1975 157 563 13279 -21897 -7644
-2370 -3 769 7862 -25671 -6747
-2676 -222 725 4828 -25881 -6475
-3046 -300 632 2102 -22375 -7553
-3611 -485 582 1862 -17841 -9402
-3808 -596 620 3647 -9069 -13406
-4067 -744 956 5843 -3882 -16114
-4035 -463 1014 9883 -1172 -18668
-3871 -272 1137 13639 -1381 -18074
-3797 -185 1321 15790 -642 -16194
-3774 -170 1259 19648 2001 -11665
-3942 -371 1094 22695 4791 -8438
-4033 -340 1063 26872 8543 -4621
-4399 -305 1317 28354 8294 -2314
-4943 -353 1272 27934 4639 -1182
-5113 -317 1011 25863 -1130 1067
-5151 -362 859 23690 -1070 3106
-5245 -424 459 20693 4016 6326
-5438 -594 -212 19636 8159 8539
-5590 -795 -798 19405 12765 12050
-5508 -1010 -1241 19962 13066 17045
-5460 -1236 -1295 19729 11892 21223
-5480 -1534 -1232 17406 11143 27413
-5856 -1979 -1356 14952 11460 30469
-6367 -2418 -1495 10191 13438 32715
-6651 -3156 -1877 6307 16403 32767
-6606 -3325 -1905 -257 22674 32767
-6523 -3757 -1439 -5554 25792 32767
-6358 -3860 -1618 -12928 22769 32767
-6172 -4620 -1960 -17142 18753 32767
-6250 -4851 -2040 -18871 17779 32767
-6693 -5285 -1854 -23328 24774 32767
-7171 -5600 -863 -29217 31682 32767
-7304 -5469 -391 -32768 32767 32767
-7022 -5467 495 -32768 32767 32767
-6630 -5654 909 -32768 30786 32767
-6325 -7527 518 -32768 13888 -32768
-3913 -5343 3171 -32768 21456 32767
-3607 -5307 4110 -32768 11021 32767
-3285 -4479 4496 -32768 -9415 32767
-2914 -4393 4361 -32768 -18887 32767
-2975 -4258 3274 -32768 -15075 32767
-2701 -4449 2535 -32768 1217 32767
-1867 -4672 2239 -24866 13800 32767
-1635 -4577 2347 -12730 27203 32767
-850 -4303 2925 -5761 32767 29282
-196 -4019 3541 -3132 32767 26199
93 -3671 3463 -2149 31662 24584
187 -3484 3156 -174 25636 22574
411 -3049 2391 1813 22059 21966
459 -2850 2081 5872 18136 22416
330 -2676 1914 9633 16614 22916
-169 -2577 1989 11229 16008 21926
-680 -2240 2010 12101 14372 18485
-875 -2180 2087 11129 14056 14342
-1059 -2100 2113 9625 15398 11553
-1078 -1883 2135 6187 17178 8181
-1056 -1506 2047 3676 17622 6709
-1180 -1294 1963 265 18865 4809
-1446 -948 1798 -1958 21782 2512
-1459 -643 1714 -2966 23299 813
-1573 -379 1631 -3923 22535 -2589
-1774 -109 1555 -4625 18771 -6765
-1825 94 1496 -5067 15739 -9536
-1910 318 1350 -5121 11096 -13367
-2015 784 1237 -4823 9463 -15654
-1754 1474 1238 -4106 10246 -17991
-1743 1647 1231 -2986 10507 -19426
-1907 1845 1285 -2178 9706 -20426
-2068 2125 1277 -778 6913 -21756
-2443 2490 1113 524 5154 -22379
-2458 2580 1172 2270 5180 -22412
-2253 2641 1505 2830 10563 -20472
-1814 2595 1685 2981 13832 -17928
-1726 2528 1139 4499 14604 -13998
-1767 2334 535 7684 12511 -11680
-1799 2142 286 10283 12084 -11426
-1798 1937 149 13786 12537 -12215
-1609 1613 349 15026 12650 -12874
-1453 1487 657 14416 13156 -13919
-1368 1248 1243 12610 14094 -14905
-1249 1161 1336 9891 15746 -16821
-901 884 829 9363 16376 -17989
-835 815 661 11021 16285 -19335
-445 504 128 13408 15521 -19664
-258 422 -92 17938 12050 -18928
-168 370 -188 22263 6576 -17460
-49 229 -55 24992 1357 -15801
-25 51 143 25759 -1542 -14847
-86 -183 256 25815 -4660 -14000
-140 -301 311 24822 -6445 -14066
-233 -401 308 23881 -7110 -14632
-321 -518 206 22411 -7670 -16052
-360 -567 84 21557 -7668 -17250
-397 -667 -12 20750 -7074 -19078
-597 -923 -197 20799 -5785 -21010
-730 -976 -241 21155 -4669 -22364
-840 -1063 -204 21778 -3091 -24213
-1052 -1231 -112 22124 -2335 -25293
-1322 -1312 -94 23039 -2448 -26954
-1564 -1590 -240 25084 -3146 -27967
-1628 -1784 -318 27162 -3316 -27997
-1791 -2183 -496 31455 -2704 -27591
-2093 -2537 -523 32767 -1934 -27655
-2434 -2764 -483 32767 -1178 -29093
-2984 -3077 -293 32767 -1619 -30931
-3055 -3123 -204 32767 -3833 -32768
-3354 -3294 -22 32767 -7995 -32768
-3464 -3389 14 32767 -10756 -32768
-3880 -3406 -3 32767 -12439 -32768
-4187 -3149 18 32767 -10685 -32768
-4304 -2976 -14 32767 -3689 -32768
-4449 -2526 -129 32767 1966 -32768
-4468 -2413 -173 32767 7492 -32768
-4553 -1742 -192 32767 6209 -31564
-4806 -1419 -117 32767 1870 -29314
-5182 -845 -23 32767 -3156 -25754
-5577 -353 -11 32767 -2266 -23402
-5707 -199 -3 32767 1852 -20060
-5978 424 31 32767 1376 -17441
-5960 570 56 31146 -5552 -11799
-6142 1049 -77 26237 -13126 -4736
-5355 1407 -2020 14109 8688 32440
-5356 974 -2425 11171 10000 32767
-5626 700 -2717 7363 11802 32767
-6303 42 -2951 2515 13252 32767
-6682 -227 -2993 -2210 14520 32767
-7478 -766 -3035 -11313 18033 32767
-8144 -1208 -3218 -20651 21311 32767
-9039 -2122 -3661 -25884 22970 32767
-9693 -2608 -3734 -32768 27724 32767
-9939 -3460 -3601 -32768 32266 32767
-9503 -4216 -3101 -32768 32767 32767
-9039 -4558 -2814 -32768 32767 32767
-8682 -4896 -2378 -32768 32767 32767
-8784 -5330 -1819 -32768 32767 32767
-9875 -4517 -1282 -32768 32767 32767
-8295 -6525 2975 -32768 32767 32767
-7869 -5654 3715 -32768 32767 32767
-7030 -6548 5354 -32768 32767 32767
-5904 -6520 5703 -32768 25475 32767
-5060 -6663 5348 -32768 12167 32767
-3591 -6363 3402 -32768 11092 32767
-2521 -5972 2296 -32768 17328 32767
-2150 -5835 2156 -28274 24469 32767
-1307 -5408 2393 -15316 27773 32767
-852 -5152 2854 -9764 25747 32767
-723 -5027 2978 -5448 16632 32767
-313 -4790 3256 -4541 5601 32767
43 -4447 3298 -4909 -156 32767
163 -4185 3069 -5182 -5836 29383
213 -3564 2442 -4761 -7947 25695
220 -3287 2281 -3341 -7575 17393
129 -2952 2117 -1825 -4610 11317
215 -2548 1835 -59 -1875 8285
356 -2276 1697 3621 4359 5638
684 -1762 1713 6046 9452 4823
733 -1289 2141 7770 15185 3509
411 -801 2780 7010 16943 1621
135 -386 3083 3541 16165 -2955
-84 -17 3124 -194 12898 -8073
-159 437 3025 -1801 11436 -10657
-228 1019 2763 -2303 12734 -12767
-378 1321 2521 -694 18454 -13708
-770 1425 2154 1461 23599 -14371
-979 1451 1799 5824 31000 -15674
-1142 1506 1355 8814 32767 -16689
-1270 1492 1094 12645 32767 -18478
-1591 1600 430 15417 24958 -20636
-1764 1640 212 16384 18727 -22328
-1374 1201 38 7250 5361 -28290
-1160 1098 -50 8265 -337 -27542
-1027 964 -127 11463 -4175 -25710
-1052 752 -282 14471 -4399 -24389
-1109 630 -259 19112 -3923 -22926
-1097 540 -41 21628 -4380 -22376
-1337 485 60 23843 -6397 -22621
-1910 425 55 24715 -8419 -25153
-2307 446 118 24520 -6310 -27833
-2134 466 288 24023 -2153 -28219
-1583 222 432 23315 5943 -25749
-1244 0 477 23090 12807 -20598
-959 -141 553 23158 15221 -17006
-925 -197 665 23032 13926 -12796
-920 -239 862 22224 6787 -10269
-977 -293 1064 21297 104 -9523
-1090 -341 1088 20190 -10289 -9512
-1191 -575 1095 19995 -15853 -9888
-1184 -764 1085 20593 -21520 -10308
-1099 -1101 963 22395 -24646 -10541
-1015 -1445 742 25368 -26249 -11242
-1047 -1725 550 27890 -26948 -12425
-1172 -1942 265 31397 -27651 -15510
-1375 -2010 267 32767 -27376 -18317
-1600 -2128 373 32767 -24962 -22979
-2048 -2271 507 32602 -19911 -28081
-2446 -2350 574 30637 -12791 -32768
-2889 -2386 548 29412 -7313 -32768
-2985 -2725 450 28931 871 -32768
-2912 -2918 410 29533 5348 -32768
-2858 -3115 445 31277 9544 -32768
-3038 -3599 632 32453 9257 -32768
-3315 -3939 734 32767 2370 -32768
-3757 -4119 663 32767 -4326 -31163
-4136 -3744 590 32767 -10737 -29040
-4242 -3347 478 32767 -10335 -27541
-4391 -2894 419 32767 -3270 -25406
-4780 -2248 635 32767 2797 -24626
-5153 -1514 788 32712 6309 -23965
-5155 -818 739 30677 2591 -22042
-4964 -497 525 28982 -2347 -16850
-4884 -102 166 28601 -3025 -12170
-5200 68 -8 28832 140 -5877
-5660 328 -168 29089 3314 -2580
-5917 370 -220 28655 6463 1629
-5935 274 -135 27403 7073 4824
-5868 243 -240 24812 6111 10685
-5698 155 -439 23038 5436 15256
-5507 93 -497 20513 5692 22323
-5292 21 -668 19107 6152 26522
-5113 2 -789 17199 6788 31409
-5014 -96 -866 15443 6228 32767
-4932 -292 -1018 14323 5677 32767
-4955 -444 -1207 12787 5416 32767
-5194 -897 -1537 11779 6018 32767
-5681 -1631 -2096 10125 9366 32767
-6318 -2330 -2629 7820 15310 32767
-8217 -4305 -3246 4370 21567 32767
-8628 -4799 -3371 -5197 32767 32265
-9715 -6665 -3221 -21686 32767 31458
-9210 -7186 -3064 -32768 32767 32677
-8480 -7556 -2881 -32768 32767 32767
-7557 -7706 -2459 -32768 20310 32767
-7476 -7647 -2387 -32768 10681 32767
-7737 -7684 -2112 -32768 12729 32767
-9706 -8106 -2152 -32768 19155 32767
-7042 -8819 188 -32768 32767 32767
-6861 -7884 1394 -32768 32767 32767
-6540 -8281 1894 -32768 25227 32767
-5629 -7936 2825 -32768 17570 32767
-4223 -7635 3590 -32768 9996 32767
-3510 -7470 3664 -32768 8043 32767
-2818 -6709 2994 -32768 8980 32767
-2682 -6498 2840 -24236 13259 32767
-1907 -5873 2683 -14121 18806 32767
-1062 -5274 2685 -9218 21434 32767
-429 -4787 2631 -4504 21918 32767
-189 -4503 2486 -1487 17994 32767
28 -4211 2264 645 12278 32767
102 -3907 2063 1631 8477 31804
68 -3659 1872 2668 3639 27713
-154 -3086 1472 3099 1401 24636
-151 -2962 1384 3293 -268 20495
-34 -2645 1210 2876 319 17646
-112 -2320 1158 2320 1887 15774
-322 -2090 1158 1215 5066 12063
-481 -1699 1097 790 6925 9246
-809 -1287 982 1088 9139 4151
-935 -1035 1001 1678 10668 627
-920 -621 1088 2619 12712 -3847
-934 -364 1145 3212 14396 -7293
-1018 91 1294 3071 15401 -9434
-1142 397 1380 2063 15956 -12752
-1566 748 1418 1213 15778 -16419
-1884 985 1223 1624 16085 -18715
-2213 1050 1103 3695 17669 -22234
-2393 1523 1171 5266 19110 -24050
-2385 1865 1221 7388 20795 -25294
-2499 1993 1053 8904 21239 -25389
-2598 2006 1070 10773 19920 -25868
-3031 2200 1253 11310 15684 -27562
-3335 2451 1364 10852 11677 -28840
-3269 2478 1324 9416 6035 -29421
-2806 2382 1042 8609 4158 -28444
-2359 2297 624 8337 5297 -25397
-2207 2056 165 9131 8316 -23158
-2213 1974 72 11009 14440 -20541
-2278 1806 449 11092 20779 -19624
-2448 1606 1006 9802 23341 -20020
-2512 1514 1096 7444 23012 -21627
-2327 1443 862 6442 20582 -22583
-1957 1320 632 6446 15380 -22229
-1284 1054 251 8358 10511 -19210
-812 820 -31 10369 8122 -16465
-583 710 -229 14070 6083 -12592
-476 613 -258 16634 5567 -10650
-452 568 -253 20224 5571 -9138
-414 463 -242 23452 5718 -9246
-492 323 -162 26056 5711 -10840
-559 194 -70 27335 5382 -12458
-712 101 10 28595 4234 -15887
-1280 82 77 28991 3050 -18899
-1320 124 83 28869 1090 -23228
-1219 267 63 28055 -713 -25739
-949 307 90 27117 -1526 -25946
-652 274 72 25517 -1573 -23789
-224 84 123 24406 -558 -20943
-156 -152 125 22859 2213 -15958
-412 -315 -7 21980 4586 -12061
-566 -355 -80 21924 5005 -10773
-1248 -623 -294 22457 4046 -10805
-1332 -718 -341 23170 2769 -11498
-1404 -994 -374 24510 172 -12596
-1447 -1339 -413 25548 -1899 -13170
-1567 -1579 -429 27397 -5355 -14061
-1936 -1951 -549 28886 -7585 -14954
-2316 -2234 -544 31198 -10093 -17164
-2685 -2745 -558 32633 -11209 -18790
-2899 -3116 -424 32767 -10871 -21415
-3251 -3313 -331 32767 -9276 -23624
-3568 -3379 -372 32767 -7024 -28010
-3851 -3334 -428 32767 -5939 -32768
-4057 -3201 -314 32767 -5340 -32768
-3894 -2946 -267 32767 -3277 -32768
-3474 -2615 -168 32767 940 -32768
-3044 -2267 142 32767 4804 -32768
-3015 -2160 146 32767 8160 -28945
-3241 -1697 52 32767 6143 -25767
-3598 -1248 6 32767 1719 -24697
-3879 -875 107 32767 -8836 -23736
-4450 -398 342 32767 -15347 -22960
-4694 -156 573 32767 -18972 -20274
-5310 202 537 30766 -15624 -16277
-5869 447 336 29588 -11158 -13783
-7011 830 -114 29679 -7213 -11647
-7231 975 -228 31553 -3867 -8306
-7361 1354 -484 32767 -3156 -2399
-6904 1749 -743 32767 -2683 3660
-6585 1910 -935 32767 -243 14125
-6386 1974 -1317 32767 1968 20195
-6389 1985 -1576 32767 4010 26480
-6407 1780 -1799 32767 4130 29146
-6294 1566 -1831 30804 4327 32492
-6085 1011 -1762 27535 4986 32767
-6073 695 -1818 21479 6860 32767
-6267 394 -2018 15457 8135 32767
-6891 -258 -2438 12040 9059 32767
-7354 -841 -2624 6336 13168 32767
-8359 -1573 -2818 -2285 21950 32767
-9120 -2185 -3033 -10278 28984 32767
-9153 -2725 -3036 -24916 32767 32767
-9160 -3542 -3345 -32768 32767 32767
-9152 -4263 -3432 -32768 32767 32767
-8661 -5022 -3045 -32768 32767 32767
-8130 -5359 -1800 -32768 32767 32767
-7928 -5536 -1226 -32768 32767 32767
-5570 -7876 -444 -32768 32767 5651
-5094 -6321 3278 -32768 24898 32767
-4682 -5894 3424 -32768 10774 32767
-4824 -5184 1603 -32768 10430 32767
-4857 -5634 1527 -32768 24564 32767
-5174 -5528 1564 -31729 32767 32767
-4650 -6051 3172 -21438 32767 32767
-3555 -6290 4511 -15186 32767 32767
-2814 -6111 5013 -15880 32767 32767
-2042 -5711 4931 -17572 22781 32767
-1482 -5131 4182 -17451 13479 32767
-1118 -4725 3661 -15547 4585 32767
-397 -4094 2696 -13431 1371 32767
-194 -3966 2480 -9319 -2654 27205
406 -3467 1773 -4197 -6129 23169
611 -3161 1499 1376 -7819 20177
724 -2729 1405 5727 -6518 17376
726 -2235 1589 7433 -3807 15197
569 -1953 1863 7678 1908 10583
191 -1521 2339 6273 6026 6401
-113 -943 2648 2821 10739 -544
-16 -565 2691 -276 12850 -5227
197 -101 2689 -1469 13748 -6351
288 186 2750 -2201 16256 -6130
7 576 2915 -2253 18822 -6235
-383 842 2958 -2076 22090 -8083
-971 1117 3031 -2194 22927 -10340
-1165 1307 2987 -3038 21715 -13300
-1214 1365 2803 -4083 19191 -14601
-1585 994 -354 22429 22529 -20590
-1215 772 -244 22279 20614 -20233
-1149 722 -205 20722 17448 -19670
-909 610 -105 18261 13672 -19638
-880 534 22 15185 9419 -20660
-973 465 201 12937 6919 -22156
-958 415 229 10025 3578 -24932
-802 443 87 8743 1355 -26718
-841 389 -50 8117 -2366 -29050
-836 273 -163 9235 -6104 -30231
-623 14 -252 11671 -8341 -29724
-783 -305 -86 13425 -8877 -29104
-926 -366 55 15496 -9657 -28314
-1321 -209 170 16410 -10501 -28182
-1378 -198 198 16981 -11678 -28209
-1552 -274 344 16978 -10782 -28031
-1563 -308 458 16914 -7950 -27596
-1628 -372 644 16905 -1486 -26653
-1656 -533 901 17473 4246 -25060
-1771 -462 944 18334 6088 -23867
-1806 -471 932 20399 5198 -21892
-1642 -564 928 22961 2514 -19668
-1413 -746 893 25424 -898 -17737
-1376 -817 852 26794 -4043 -17082
-1357 -939 805 28365 -9302 -17223
-1280 -1018 732 29715 -14184 -18297
-1289 -1275 568 30620 -17010 -19413
-1641 -1547 464 31814 -20465 -22056
-2218 -1723 467 32194 -21717 -24546
-2626 -1724 493 31878 -20784 -28991
-2905 -1585 439 30862 -15641 -32695
-2842 -1562 365 30162 -6598 -32768
-2851 -1670 381 29986 204 -32768
-2885 -1755 366 30201 7764 -32768
-2986 -1943 323 30919 9454 -31684
-2885 -2121 454 31198 8230 -29864
-2947 -2215 731 30180 3495 -26787
-3165 -2525 992 28597 -2298 -24611
-3361 -2576 1069 25737 -11864 -21830
-3907 -2662 1065 24139 -16418 -20832
-4528 -2456 891 23243 -18116 -20791
-4978 -2096 867 23927 -13392 -22373
-5303 -1511 675 25645 -7534 -23363
-5444 -829 576 29700 3553 -23659
-5370 -498 678 32475 9859 -22248
-5118 -246 858 32767 13029 -16589
-4749 200 872 32767 11361 -11105
-4748 458 705 32767 6506 -2383
-4961 498 315 32767 3097 4832
-5121 425 20 32767 2713 8207
-5303 234 -329 32730 3637 11559
-5507 103 -488 32128 4415 12766
-5691 -22 -711 30950 4819 13836
-5758 -3 -1052 30101 5769 14803
-5641 -145 -1334 28671 9570 17408
-5448 -402 -1597 27071 15656 21416
-5375 -686 -1669 25387 19851 24405
-5340 -1027 -1839 21491 22289 28659
-5818 -1484 -2124 17783 20405 30421
-6385 -2026 -2302 10577 15878 31208
-7274 -3232 -2667 1853 17664 30979
-8016 -4459 -3127 -5052 24984 30804
-8311 -5190 -3218 -18676 32767 30422
-8387 -6093 -3071 -32768 32767 29551
-8110 -6909 -2491 -32768 32767 29687
-7713 -7326 -1985 -32768 27023 32767
-7345 -7761 -1847 -32768 18092 32767
-7062 -8118 -1779 -32768 15646 32767
-8021 -9395 -1082 -32768 30511 32767
-7036 -8225 669 -32768 15553 32767
-6054 -8918 3862 -32768 -5555 32767
-5584 -7954 3664 -32768 -32768 32767
-4892 -7974 3125 -32768 -32768 32767
-4754 -7433 544 -32768 -32768 32767
-4161 -7708 -47 -21567 -27191 32767
-3377 -7550 329 2645 15389 32767
-1956 -6971 2060 10797 31167 32767
-836 -6172 3630 12174 32767 32767
-208 -5631 3855 7614 29690 32767
224 -5358 3447 4719 24951 32767
384 -5163 2954 2577 22151 32767
460 -4910 2522 3109 21490 32767
534 -4558 2200 4419 19378 32767
643 -4044 2042 5067 16971 31850
783 -3517 1967 5163 13123 28254
685 -3082 1950 4443 11063 25939
653 -2945 1922 2814 8914 22184
300 -2358 1702 1471 7345 17151
102 -2109 1588 1085 7250 13258
-45 -1897 1564 863 9566 7344
-278 -1521 1589 874 12135 3603
-396 -1045 1613 1125 15653 -1087
-500 -799 1721 1508 19308 -4599
-844 -532 1803 1938 22189 -6987
-1083 -287 1875 2438 25596 -10953
-1326 -60 1949 2548 26678 -13756
-1674 257 2134 2273 26097 -18167
-1940 665 2256 1947 23745 -21050
-1955 1162 2078 1718 17895 -24024
-2006 1422 1935 1824 12758 -25083
-1872 1759 2037 1436 10886 -24652
-1865 1843 1969 725 8569 -22710
-1976 2061 1517 828 7280 -21208
-2125 2058 939 2342 7134 -19345
-2143 1941 681 4049 8726 -18535
-2099 1739 625 6639 13589 -18076
-2045 1675 664 8759 19942 -18564
-2097 1819 714 9825 23416 -19456
-2134 1767 707 10822 24905 -21046
-2052 1647 623 11362 23567 -21835
-1842 1485 408 12139 19781 -22354
-1644 1396 231 13186 15908 -21821
-1310 1184 69 13821 14034 -20856
-1192 992 135 14109 12864 -19241
-1126 684 433 13387 13417 -18220
-1133 556 415 12980 13764 -18167
-1147 529 306 13188 13877 -18824
-1103 451 98 14033 13826 -19577
-1029 371 -45 16295 13695 -20678
-840 266 -195 19204 13245 -21348
-666 199 -265 21192 12697 -21454
-572 136 -290 23808 11004 -21121
-463 76 -232 25404 8799 -20404
-399 47 -122 25695 7226 -19866
-414 -154 123 25048 4974 -19360
-440 -218 192 24117 3616 -19292
-489 -310 164 22569 1826 -19812
-517 -470 20 21332 377 -20689
-534 -603 -92 20893 -532 -21340
-687 -746 -191 20853 -2231 -22744
-1047 -897 -306 21188 -3678 -23870
-1221 -1116 -354 22223 -5501 -24991
-1410 -1497 -362 23300 -5775 -25134
-1497 -1581 -367 25429 -5062 -24783
-1948 -1704 -615 28508 -4837 -24433
-2142 -1760 -639 30807 -5029 -24930
-2695 -2039 -536 32767 -5342 -26848
-3236 -2360 -310 32767 -5638 -28711
-3491 -2553 -161 32767 -5654 -31582
-3998 -652 204 32767 6961 -17591
-4354 -198 344 32767 4627 -15867
-4638 74 473 32767 97 -13794
-5205 496 507 32767 -3433 -12626
-5595 802 370 29467 -7582 -10266
-6030 1104 29 27678 -7121 -6042
-6349 1392 -391 28583 -1707 -107
-6450 1495 -689 30295 2627 4504
-6477 1547 -1049 32767 5820 11550
-6355 1765 -1420 32767 5422 16032
-5986 1864 -1778 32767 3728 22361
-5780 1855 -2230 32767 3448 27676
-5741 1791 -2385 32767 4536 30492
-5687 1325 -2679 32767 7875 32767
-5634 697 -2734 31760 10759 32767
-5627 318 -2721 28043 14866 32767
-5681 -137 -2625 24031 16499 32767
-5754 -431 -2659 15394 16769 32767
-6072 -1316 -2616 7541 17125 32767
-6534 -1783 -2864 -6379 19683 32767
-7730 -2501 -3263 -21066 25708 32767
-8373 -3195 -3751 -30226 30980 32767
-8394 -3499 -3858 -32768 32767 32767
-8097 -3998 -3300 -32768 32767 32767
-7976 -4087 -3014 -32768 32767 32767
-7471 -4421 -2022 -32768 32024 32767
-7083 -4626 -1064 -32768 27707 32767
-6959 -4671 -774 -32768 32767 32767
-6715 -4305 -1621 -32768 32767 32767
-5771 -5770 1020 -32768 32767 32767
-5624 -5164 1178 -32768 32767 32767
-5934 -5133 2030 -32768 32767 32767
-5461 -5376 3603 -32768 32767 32767
-5150 -5348 4157 -32768 32767 32767
-3990 -5334 4388 -32768 32767 32767
-3132 -5285 4186 -32768 31581 32767
-2113 -4979 3272 -32768 19048 32767
-1816 -4664 2848 -32768 12666 32767
-1515 -4383 2600 -29925 4756 32767
-1130 -4152 2389 -21476 -2028 32767
-800 -3725 2391 -16323 -6376 31110
-554 -3543 2341 -9025 -12417 25324
-304 -3290 2262 -2465 -15031 20243
-123 -2863 2093 1335 -14005 17156
-74 -2576 2038 5621 -7337 12605
-153 -2143 2095 7665 2793 7843
-299 -1666 2361 7234 11554 2960
-415 -1018 2881 4736 16164 -1072
-267 -704 3165 2446 16535 -2536
-148 -415 3348 -1144 13991 -3269
-149 145 3175 -2923 11331 -3419
-200 271 3092 -4358 7816 -4240
-447 641 2854 -5036 6101 -6197
-732 878 2639 -5258 5791 -7759
-842 989 2455 -4995 6386 -9450
-833 992 2091 -4203 7748 -9853
-816 1004 1811 -2057 11252 -9949
-865 1050 1320 1261 15574 -10447
-1174 957 680 4019 18330 -11383
-1263 911 571 8330 21051 -13822
-1495 792 238 12292 20994 -16822
-1600 659 -63 14622 19887 -18714
-1645 552 -324 17563 17887 -21305
-1635 467 -564 19894 16354 -23543
-1616 345 -702 21601 15186 -25369
-1559 244 -713 22486 14038 -26739
-1491 65 -596 22244 12990 -28085
-1846 -64 -396 20842 11786 -30699
-2222 14 -126 19193 10805 -32768
-2368 29 76 15840 9086 -32768
-2597 118 215 13426 7309 -32768
-2493 225 171 10592 3756 -32768
-2050 303 -52 9701 424 -32768
-1570 65 -197 10254 -917 -32768
-1381 -94 -223 12413 -1207 -30199
-1406 -114 -209 15435 -915 -26381
-1622 -33 -159 17397 -1565 -25104
-1776 22 -82 19798 -4143 -25004
-2014 79 22 21332 -7405 -26300
-2023 55 191 21761 -9114 -27123
-1772 32 314 21806 -10038 -26726
-1323 -107 373 21888 -9568 -25289
-1100 -321 497 22363 -7895 -22443
-999 -394 540 23491 -6580 -19994
-1029 -380 526 24672 -6442 -19150
-1077 -403 524 26770 -7865 -19338
-1196 -483 479 28297 -9451 -20308
-1229 -555 499 30493 -11573 -22366
-1228 -791 459 32381 -12642 -24332
-1265 -1056 471 32767 -12958 -25951
-1304 -1253 390 32767 -12842 -26898
-1432 -1438 249 32767 -12594 -28272
-1531 -1531 174 32767 -11965 -29725
-1763 -1660 101 32767 -10966 -31033
-2150 -1689 175 32767 -8284 -32768
-2649 -1426 171 32767 -5484 -32768
-2843 -1265 280 32767 985 -32768
-3182 -1138 554 32597 8776 -32768
-3356 -950 875 29965 12762 -32768
-3229 -937 980 26301 15646 -32768
-3082 -1101 1017 24538 15666 -32768
-2818 -1202 1097 22343 12771 -32768
-2713 -1468 1586 20210 6605 -27818
-3048 -1554 1658 16539 -9404 -20112
-3989 -1467 1593 14633 -19442 -16406
-4569 -1481 1403 14683 -26126 -12648
-5370 -1525 661 17843 -23707 -11330
-6120 -1528 357 25375 -11311 -11570
-6547 -1519 493 32266 2585 -12821
-6564 -1177 952 32767 9143 -12442
-6668 -937 1248 32767 14725 -10003
-6361 -827 1002 31619 16109 -4261
-5928 -739 663 29444 15832 1947
-5397 -755 332 26728 14692 14090
-5141 -989 16 25256 13095 21860
-5361 -1092 -214 23530 7914 29683
-6008 -1126 -550 22579 4328 32047
-6154 -1255 -699 21288 2847 32767
-6060 -1392 -1063 20522 6936 32767
-5962 -1489 -1285 20062 11760 32767
-7974 -8907 -1953 -32768 29284 32767
-6882 -8871 -700 -32768 9634 32767
-6600 -8510 -583 -32768 -6167 32767
-10285 -7092 -2744 -32768 -773 32767
-5721 -8291 305 -32768 -4619 32767
-5639 -9373 142 -32768 7121 32767
-8007 -8232 -593 -32768 32767 32767
-7539 -8682 884 -32768 32767 32767
-6228 -9022 2694 -28697 32767 32767
-5991 -8105 2745 -25738 32767 32767
-4508 -7491 3434 -22913 32767 32767
-3243 -7169 4159 -24163 32767 32767
-2222 -6240 4423 -26509 26193 32767
-1514 -5582 3990 -26890 16923 32767
-863 -4997 3272 -25677 10432 32767
-260 -4497 2701 -22408 1554 32767
-14 -4085 2421 -18165 -5536 32767
124 -3667 2102 -14916 -9094 32148
172 -3416 1872 -9938 -11201 27438
-106 -3085 1647 -6936 -10537 23604
-178 -3007 1584 -3474 -7181 17316
-478 -2727 1471 -1331 -859 10811
-736 -2407 1306 -276 4307 6679
-834 -2126 1205 935 12033 1502
-871 -1650 1188 1799 18222 -2028
-893 -1192 1358 2010 21237 -3681
-1022 -875 1497 1925 23755 -6015
-1379 -491 1629 1769 23206 -7714
-1516 -124 1559 1553 17968 -10156
-1578 236 1454 1189 8431 -12496
-1752 604 1299 753 1511 -13909
-1738 734 1154 337 -5492 -15413
-1750 1026 1043 307 -5981 -16295
-1896 1304 1093 439 -908 -18439
-2343 1727 1264 547 3487 -20554
-2435 1869 1200 899 6934 -23855
-2466 2056 1029 1791 6315 -26405
-2386 2256 744 2677 4913 -27390
-2355 2266 577 4356 2786 -27619
-2291 2096 502 5913 3271 -26448
-2138 1988 614 6641 6034 -25173
-2071 1916 841 6857 12474 -23160
-2142 1655 1093 6603 16659 -22137
-2143 1457 853 6932 19943 -21195
-2056 1412 541 8855 19249 -20636
-1842 1341 106 10899 17331 -20263
-1675 1175 -175 14665 14234 -19905
-1532 932 -177 17219 13209 -19819
-1445 780 12 20116 14067 -19923
-1375 532 336 21408 16517 -20259
-1278 413 517 21495 17859 -20604
-1046 282 565 21221 17881 -20838
-858 132 509 21120 15122 -20418
-514 45 277 21448 11986 -19811
-394 -22 178 22322 6503 -19079
-375 -135 99 23009 2942 -19079
-449 -250 103 23845 -2089 -20053
-513 -344 35 24419 -6366 -21589
-566 -468 114 24505 -8138 -22656
-503 -788 133 24266 -9741 -23766
-531 -1030 92 24082 -9726 -24621
-526 -1176 -3 24237 -8932 -25117
-562 -1328 -133 25198 -7356 -25990
-729 -1546 -215 26673 -5427 -27235
-1044 -1862 -195 27735 -4420 -28399
-1546 -2014 -151 29244 -4545 -30945
-2135 -2140 104 29959 -5246 -32768
-2330 -2211 178 30703 -5742 -32768
-2824 -2542 112 31583 -5235 -32768
-2906 -2668 47 32767 -3303 -32768
-3012 -2806 32 32767 -846 -32768
-3329 -2879 72 32767 388 -32768
-3921 -2837 93 32767 220 -32768
-4325 -2816 173 32767 -1905 -32768
-4868 -2840 299 32767 -3572 -32768
-4814 -2513 163 32767 -4014 -32768
-4543 -2242 103 32767 -1254 -32515
-4389 -2026 21 32767 3975 -26798
-4377 -1658 -96 32767 6627 -23234
-4359 -1310 -99 32767 8076 -18549
-4290 -1081 104 32767 5953 -14383
-4261 -1045 190 32767 2410 -11841
-4303 -761 355 30588 -4437 -8956
-4405 -378 382 27198 -8552 -7671
-4548 -221 341 22677 -12082 -6714
-4766 -31 187 19705 -11684 -6469
-4877 283 -18 18739 -9520 -6200
-4856 497 -91 18310 -4873 -4991
-4731 763 -107 18411 -2136 -3430
-4610 940 -67 18412 -776 82
-4468 1169 -78 17603 -1985 4527
-4412 1295 -116 16777 -3207 7715
-4370 1352 -153 15333 -4280 12334
-4331 1332 -218 14481 -4403 15156
-4305 1263 -359 13613 -4696 18867
-4284 1153 -575 13853 -5738 22182
-4329 1053 -703 14701 -6638 24240
-4351 869 -901 17146 -7521 27580
-4411 542 -976 20481 -6166 31301
-4516 385 -1095 22854 -3645 32767
-4730 304 -1161 25577 3575 32767
-5408 157 -1117 25999 10472 32767
-5686 194 -1174 24036 20505 32767
-5991 9 -1378 19031 27253 32767
-6174 -513 -1632 14347 30155 32767
-6368 -860 -1875 6263 32767 32767
-6656 -1420 -2468 -1956 32767 32767
-7200 -1843 -2217 -12562 32767 32767
-7124 -1873 -1946 -21088 32767 32767
-6953 -1896 -1539 -32768 32767 32767
-6470 -2067 -806 -32768 32767 32767
-5995 -2192 -128 -32768 32767 32767
-4473 -5015 1620 -32768 32767 32767
-5509 -1860 2263 -32768 32767 32767
-3869 -2190 4549 -32768 32767 32767
-3337 -1907 5028 -32768 32767 32767
-2924 -1760 5632 -32768 32767 32767
-2954 -1843 5277 -32768 31496 32767
-3018 -2021 4675 -32768 15302 32767
-3218 -2266 3651 -32768 8750 32767
-3100 -2409 3168 -28064 6852 32767
-2489 -2691 2882 -17830 9242 32767
-2094 -2702 2816 -6062 13923 32767
-1689 -2562 2914 267 17456 32767
-1538 -2314 3258 1340 18413 27857
-1680 -2013 3604 -795 17685 18941
-1890 -1817 3530 -4338 14943 8971
-2131 -1573 3097 -6027 13218 2312
-2062 -1536 2711 -6382 12352 -5730
-1724 -1466 2113 -5047 13276 -8955
-1311 -1523 1693 -1115 16670 -10020
-3073 1289 335 9214 31679 -25141
-2319 1859 685 7220 20417 -27299
-1924 1916 720 3048 9333 -27459
-1068 1508 405 -752 4387 -24147
-677 744 223 -2755 2788 -20746
-1263 631 425 -5148 2180 -17096
-1731 1132 301 -6021 1575 -16129
-1786 1231 163 -4944 -2238 -16313
-1925 1144 -351 -912 -8398 -17569
-1706 1033 -372 4393 -10896 -19403
-1726 944 -224 10410 -6629 -22365
-1531 758 -305 14800 -3309 -24440
-1266 752 -137 20515 1135 -27196
-1102 686 96 23961 4266 -29036
-782 520 302 25145 5252 -29433
-637 404 320 26050 5733 -29159
-542 206 239 26463 5745 -28713
-542 138 121 27359 6281 -27955
-600 109 64 27999 6595 -27501
-674 84 88 28591 6036 -27248
-828 26 344 28385 4857 -27062
-815 24 374 27105 1947 -26061
-781 -51 481 25719 -647 -24811
-785 -80 497 23331 -4732 -22340
-904 -217 516 21059 -9103 -19906
-1114 -347 432 19923 -11429 -18376
-1188 -338 516 18501 -11954 -16253
-1315 -520 711 17709 -11351 -14852
-1362 -611 773 17071 -11310 -13090
-1700 -832 716 17340 -11846 -12854
-1886 -1117 478 19717 -13356 -13923
-2105 -1240 186 23357 -15099 -16466
-2138 -1169 222 25646 -16784 -18174
-2165 -1219 311 27995 -19934 -20186
-2531 -1496 752 28469 -21029 -22286
-2585 -1574 965 28175 -19612 -23281
-2451 -1476 913 27765 -14044 -23860
-2244 -1274 722 27712 -8936 -23734
-2261 -1074 693 27599 -1665 -23812
-2502 -944 816 27056 3091 -24610
-2457 -963 975 26519 4929 -25060
-2301 -1130 978 25901 6113 -25116
-2021 -1337 862 25795 6004 -24629
-1878 -1431 659 26090 5110 -24236
-1973 -1521 458 27187 2773 -24237
-2157 -1827 243 28139 1709 -24481
-2211 -2016 143 29367 2245 -24758
-2429 -2087 161 29623 3933 -24941
-2847 -2497 398 29075 4603 -25135
-3065 -2761 841 26888 4814 -25138
-3260 -3056 984 25137 3649 -24944
-3228 -3110 1009 22707 1057 -23469
-3122 -3093 1061 20618 -1575 -20964
-3156 -2732 993 19485 -3421 -19229
-3567 -2331 965 18291 -4253 -17629
-3743 -2082 947 17997 -1429 -16664
-3688 -1759 932 18218 1214 -15579
-3512 -1480 921 18741 3145 -12496
-3213 -1049 928 18897 2591 -9632
-3193 -818 951 18674 -133 -5603
-3430 -537 924 18226 -2731 -3593
-3530 -346 883 17243 -4936 -1286
-3771 -258 610 16707 -4194 28
-3918 -226 415 16328 -402 2038
-4122 -135 122 16351 1999 3562
-4213 -66 30 16295 3015 6691
-4279 3 8 15438 440 11371
-4335 79 -20 14480 -2419 15289
-4479 192 -220 13052 -6513 21336
-4722 179 -356 12100 -7634 25020
-4894 99 -465 11020 -6547 29553
-5101 -117 -740 10742 -4328 31923
-5294 -276 -948 11168 -771 32767
-5546 -589 -1309 12368 910 32767
-5898 -1169 -1604 13123 2491 32767
-6017 -1370 -1623 12853 8805 32767
-6766 -2027 -1772 9746 17904 32767
-7564 -2556 -1894 5862 24503 32767
-8933 -3484 -2278 -982 32767 32767
-9947 -4891 -2771 -5314 32767 32767
-10071 -6159 -2806 -13017 32767 32767
-9759 -6809 -1891 -27421 32767 32767
-9670 -6818 -553 -32768 32767 32767
-9186 -6555 -343 -32768 32767 32767
-8139 -6691 -161 -32768 20084 32767
-7936 -5008 1600 -32768 8908 32767
-6636 -6727 -871 -32768 24656 32767
-6765 -6797 -435 -32768 32767 32767
-7267 -7388 243 -32768 32767 32767
-7013 -7903 1195 -32768 32767 32767
-6032 -8240 2739 -32768 32767 32767
-5067 -7583 3173 -32768 27572 32767
-4227 -7124 3226 -32768 14097 32767
-3012 -6391 3191 -31112 7189 32767
-2543 -5830 2929 -23945 1925 32767
-1960 -5219 2290 -18858 1491 32767
-1321 -4610 1717 -11463 3437 32767
-746 -4095 1257 -4503 5701 32767
-449 -3787 1015 1808 7922 30981
-62 -3320 924 5128 9108 28193
-38 -3214 956 8054 8930 24043
-103 -2834 1129 8353 5463 19190
-133 -2531 1291 7437 2342 15831
-176 -2342 1365 5104 -1798 10993
-281 -2060 1283 3622 -3748 8036
-265 -1823 1158 2142 -4599 4455
-260 -1401 1022 1646 -2640 1721
-281 -1004 1036 1633 46 144
-316 -847 1161 1601 5470 -2580
-696 -580 1540 1171 11408 -6979
-991 -386 1622 955 14892 -11077
-1287 -98 1661 1549 18759 -17790
-1369 254 1898 2723 21457 -23380
-1482 459 2107 3399 21816 -25991
-1647 659 2277 3910 20364 -28259
-1940 951 2386 4006 18930 -28939
-2163 1112 2289 4143 15935 -28970
-2393 1292 2242 3619 12749 -28050
-2512 1466 2209 2879 10708 -27118
-2604 1551 1795 2402 8213 -25571
-2614 1566 1381 3769 7879 -24237
-2676 1597 884 5510 9147 -23700
-2790 1589 647 8517 12749 -23653
-2759 1565 484 10620 15645 -23772
-2727 1522 227 13949 19617 -24081
-2691 1357 194 16838 23251 -24489
-2597 1255 208 18298 25727 -24688
-2325 1140 165 20028 28863 -24532
-789 -110 -7 15544 -2339 -22208
-691 -166 -76 16127 -4674 -23038
-600 -206 -132 17055 -5864 -22910
-469 -258 -191 17757 -6223 -22372
-420 -336 -221 19051 -6256 -21194
-387 -517 -338 20902 -5585 -20041
-447 -692 -380 22380 -4414 -19587
-591 -754 -384 24580 -2716 -19772
-879 -961 -383 25964 -2318 -20446
-1150 -1219 -355 28483 -2936 -22656
-1370 -1476 -299 29519 -3685 -23863
-1467 -1579 -300 31183 -5143 -25237
-1721 -1918 -367 32767 -6174 -26232
-2040 -2292 -388 32767 -6243 -26720
-2453 -2500 -508 32767 -5808 -27428
-2758 -2633 -525 32767 -5398 -28131
-3049 -2719 -492 32767 -4187 -29820
-3580 -2810 -330 32767 -2389 -31745
-3629 -3009 -173 32767 -187 -32248
-3618 -3057 -44 32767 3137 -31799
-3957 -2864 -22 32767 3544 -31462
-4203 -2802 38 32767 2496 -31371
-4359 -2605 42 32767 566 -30695
-4285 -2418 -30 32767 -871 -29230
-3878 -1918 -70 32767 -2550 -25182
-3837 -1612 -44 32767 -4276 -20538
-4017 -1076 134 32767 -5586 -17943
-4075 -976 199 32767 -7850 -14998
-4369 -617 336 29574 -9262 -13714
-4800 -161 396 27474 -9123 -13549
-4956 236 462 24999 -8505 -12617
-5016 522 425 24209 -7580 -9964
-5273 897 276 24788 -6120 -7746
-5433 1101 251 26318 -3842 -4079
-5466 1524 281 27411 -2612 271
-5485 1605 272 27598 -2392 3135
-5478 1968 150 27385 -2577 5905
-5413 2064 25 26605 -2933 9973
-5344 2103 -202 26221 -2649 13836
-8740 -869 -2516 -155 32767 32767
-9186 -1144 -2878 -18973 32767 32767
-8122 -2146 -2888 -30457 32767 32767
-7483 -2533 -2851 -32768 32767 32767
-7101 -2884 -2416 -32768 32767 32767
-6812 -3163 -1401 -32768 32767 32767
-6609 -3280 -701 -32768 32767 32767
-7119 -2136 -83 -32768 32767 32767
-5529 -4336 1939 -32768 32767 32767
-4501 -4194 2324 -32768 32767 32767
-4466 -3607 3039 -32768 32767 32767
-4632 -3418 3953 -32768 32767 32767
-4957 -3190 4506 -32768 32767 32767
-4399 -3194 4560 -32314 31820 32767
-3688 -3193 4259 -28174 27940 32767
-3150 -3146 3906 -22859 22853 32767
-2425 -3219 3673 -19867 17967 32767
-1836 -3270 3424 -18744 14332 31846
-1475 -3202 3052 -16361 7937 25133
-848 -2878 2146 -11966 1142 21249
-706 -2689 1915 -8400 -2442 19577
-665 -2516 1805 -3261 -5847 17192
-745 -2135 1861 -689 -6628 15094
-977 6 1426 6622 19181 -8030
-1451 191 1172 8025 19796 -12926
-1758 217 1018 8830 20223 -17231
-1901 181 917 9394 20003 -23540
-2012 131 826 9066 18597 -27036
-2028 132 711 7752 15732 -31066
-2135 193 445 6668 14209 -32768
-2356 150 368 4845 14431 -32768
-2483 79 386 3618 16378 -32768
-2565 83 305 2492 19917 -32768
-2604 252 69 2620 21543 -32768
-2600 293 -85 3304 20759 -32768
-2718 225 -285 5114 16964 -32768
-3189 224 -465 6578 12579 -32768
-3425 244 -532 8592 4840 -32768
-3261 476 -450 9938 -246 -32768
-2935 854 -507 10894 -1130 -32768
-2785 1081 -521 12753 1453 -32768
-2488 1153 -437 14319 4870 -32768
-2344 1089 -427 17317 10390 -32768
-2458 1140 -360 20347 14892 -29309
-2529 1247 -74 21762 16158 -27184
-2358 1347 50 22702 14160 -23321
-1634 1480 377 21834 9342 -18025
-1315 1453 544 20328 5625 -13968
-1073 1376 712 17094 125 -7957
-822 1246 917 14648 -3248 -4377
-758 1091 978 11242 -8333 -385
-844 933 936 9012 -13917 1326
-1202 774 762 8421 -17755 766
-1458 661 693 8476 -22648 -2135
-1500 421 660 9030 -24777 -4585
-1334 109 629 10470 -25799 -7486
-1154 -242 716 12140 -25075 -8993
-1070 -484 821 13234 -23653 -9366
-1000 -808 876 15267 -20533 -9716
-1224 -1416 760 17201 -18275 -10612
-2027 -1015 1534 30146 13206 -29358
-2115 -1138 1551 28734 7997 -28680
-2167 -1353 1485 27915 3839 -27492
-2163 -1531 1403 26853 -1989 -24389
-2278 -1512 1349 25793 -5658 -20522
-2598 -1565 1222 25458 -6320 -18604
-2956 -1754 1107 25558 -4957 -17529
-3429 -1745 1258 25176 -3542 -18047
-3743 -1595 1476 23075 -3625 -19920
-4209 -1282 1336 21467 -4650 -21246
-4226 -1179 1232 20042 -3962 -22052
-4203 -782 1000 19595 -1489 -21074
-4433 -334 869 19484 -943 -19626
-4593 -171 855 19256 -1278 -16366
-4940 -82 780 19156 -1736 -13746
-5107 -53 672 19920 -3460 -9298
-5502 -50 410 21396 -4347 -4287
-5717 -4 202 22664 -3702 -756
-5939 8 -248 24802 -1252 4710
-6116 -180 -667 26284 1531 8311
-6099 -377 -864 28100 8217 13569
-6086 -478 -1141 28772 15917 18013
-6091 -533 -1264 28243 19721 20322
-6055 -686 -1453 25940 22081 23585
-5786 -932 -1782 23604 22003 26059
-5611 -1248 -1866 18258 22127 30082
-5578 -1897 -2298 13658 22204 32644
-5947 -2545 -2822 5702 22171 32767
-7547 -4162 -2925 -5683 27154 32767
-8259 -4955 -3220 -20721 32571 30085
-8388 -6192 -3152 -32548 32767 28878
-8308 -7440 -3077 -32768 32767 30544
-7712 -8446 -2555 -32768 30282 32767
-2994 -7378 613 -29212 -9681 32767
-1972 -6968 725 -16819 826 32767
-1403 -6451 1499 -3910 12685 32767
-1132 -6091 2047 679 18474 32767
-845 -5609 2367 577 18375 32767
-448 -5384 2458 -1710 14918 32767
-166 -5072 2121 -3366 12317 32767
-78 -4792 1731 -2930 11880 32767
37 -4263 1247 151 12510 31228
180 -3687 990 3186 12907 28050
207 -3488 972 7597 13413 23889
188 -2753 1255 9823 13656 20000
101 -2447 1467 9815 13586 17272
-42 -2145 1627 8343 13396 12679
-160 -1722 1682 7104 13132 9575
-221 -1421 1633 5706 12499 5122
-289 -1032 1608 5139 12306 2558
-343 -827 1595 4896 12158 -560
-743 -628 1664 5116 12296 -3922
-1240 -480 1695 5615 13033 -6646
-1525 -378 1617 7356 15285 -11387
-1869 71 1474 9650 17677 -16543
-1975 301 1484 10965 18413 -19825
-2086 549 1484 12176 17012 -23816
-2283 840 1349 12675 13622 -26199
-2454 977 1384 12455 11454 -26875
-2495 1036 1440 11026 8536 -26961
-2674 1201 1427 8987 5001 -26383
-2751 1246 1213 7838 2603 -25947
-2799 1335 884 7583 732 -25436
-2697 1581 360 8022 2649 -25263
-2700 1696 145 10007 8439 -25342
-2816 1726 248 11537 16645 -26286
-2886 1876 593 11712 20831 -27132
-2903 1916 777 10520 22580 -28255
-2589 1894 842 9031 21240 -28528
-2459 1902 771 6849 17595 -27847
-1868 1687 293 6120 15282 -26596
-1705 1585 177 6531 13190 -23521
-1263 1190 8 8108 13208 -20066
-1174 983 199 9485 14829 -17277
-1011 724 343 10307 15700 -15909
-950 656 329 11766 15076 -14802
-900 576 136 13120 13080 -14644
-863 511 28 15526 8888 -15215
-817 447 -115 18374 5025 -16494
-789 351 -232 20330 3046 -17469
-701 241 -261 23067 964 -18677
-595 87 -151 24858 173 -19387
-564 19 -38 25365 409 -19596
-492 -97 55 25389 1348 -19278
-487 -252 74 25072 1929 -18827
-499 -338 14 24534 2134 -18163
-2895 -2758 -442 32767 -6314 -27217
-3084 -2814 -597 32767 -2593 -30390
-3167 -2852 -618 32767 206 -31793
-3134 -3007 -505 32767 4408 -32704
-3290 -3069 -355 32767 6957 -32768
-3463 -3063 -237 32767 6872 -32768
-3768 -3038 -86 32767 4187 -32768
-4058 -2853 68 32767 549 -32768
-3924 -2530 164 32767 -526 -32768
-3784 -2306 164 32767 947 -31502
-3727 -1906 46 32767 2965 -28948
-3794 -1469 -152 32767 5196 -25341
-3898 -1218 -197 32767 4196 -22581
-4108 -865 -150 32767 -441 -20372
-4239 -459 17 32767 -4862 -18628
-4541 -26 137 30591 -10497 -15555
-4863 198 157 26397 -11435 -12169
