0 0 0 0 0 0
-394 -344 -177 26107 -1654 -22372
-451 -497 -263 27735 -2139 -22689
-485 -653 -322 28698 -1887 -23018
-569 -779 -327 29822 -784 -23772
-622 -859 -325 30382 774 -24807
-740 -999 -309 30400 1510 -25536
-947 -1171 -388 30159 1411 -26615
-1078 -1347 -402 29696 847 -27578
-1296 -1605 -466 29523 687 -28041
-1423 -1751 -560 30051 175 -28145
-1748 -2217 -710 31098 -125 -27937
-1850 -2348 -750 32767 129 -27695
-2584 -2773 -912 32767 117 -28296
-2820 -2856 -965 32767 -1042 -29385
-3502 -3047 -908 32767 -3950 -31658
-3789 -3163 -758 32767 -5485 -32768
-4255 -3262 -593 32767 -6659 -32768
-4692 -3290 -467 32767 -6205 -32768
-4831 -3165 -417 32767 -3494 -32768
-4698 -2862 -264 32767 -565 -32615
-4557 -2599 -173 32767 4351 -28519
-4460 -2110 -140 32767 7182 -23959
-4386 -1717 -157 32767 7266 -21153
-4301 -1192 -153 32767 4740 -17633
-4314 -646 -88 32767 1545 -15797
-4471 -303 38 32767 -4737 -13734
-4815 176 253 31402 -9050 -12574
-5125 451 368 26441 -13506 -10523
-5545 976 358 23821 -14481 -8374
-5624 1050 322 21870 -12791 -3971
-5818 1295 193 22517 -8997 1073
-5896 1577 110 23933 -6701 4507
-5900 1889 -98 26798 -5163 9473
-5791 2149 -310 29723 -3996 14060
-5698 2202 -542 31705 -2527 16920
-5612 2217 -869 32767 761 20938
-5550 2061 -1329 32767 3595 23443
-5516 1823 -1503 32767 8917 26908
-5576 1349 -1563 32767 12807 29063
-5640 1065 -1667 32767 16954 32767
-5946 267 -1759 28825 20242 32767
-6350 -226 -1871 21297 22415 32767
-7639 -838 -2488 7309 23656 32767
-8393 -1747 -3333 -2290 24877 32767
-8557 -2130 -3535 -16063 31074 32767
-8958 -3406 -3658 -25812 32767 32767
-8985 -3629 -3561 -32768 32767 32767
-8656 -4357 -2719 -32768 32767 32767
-7700 -4698 -2040 -32768 32767 32767
-7291 -4875 -1746 -32768 32371 32767
-5973 -6890 -1699 -32768 27848 32767
-7815 -3927 -28 -32768 32767 32767
-4841 -6258 567 -32768 32767 32767
-4851 -5428 804 -32768 32767 32767
-5071 -5376 1071 -32768 32767 32767
-4831 -5435 2505 -32768 32767 32767
-4576 -5397 3208 -32768 32767 32767
-3674 -5474 4147 -32768 28060 32767
-2747 -5127 4277 -30102 21395 32767
-2309 -4886 4139 -26165 11135 32767
-1832 -4538 3780 -22151 2549 32767
-1573 -4220 3175 -19018 -1638 32767
-1163 -3870 2536 -13347 -4043 30395
-783 -3568 2169 -7170 -2957 24079
-233 -3134 2033 -3532 -1290 21237
-81 -2834 2157 347 895 17857
-172 -2391 2282 2120 2020 15522
-329 -1939 2370 3953 3579 11646
-381 -1747 2387 5107 5825 8001
-349 -1391 2561 5247 8311 5935
-716 797 1515 6516 22795 -13387
-1130 755 980 8919 24721 -16010
-1470 691 631 12806 26247 -20720
-1986 623 245 15845 26125 -25098
-2137 604 226 16777 25513 -27308
-2211 611 236 16446 24402 -29432
-2166 643 176 14505 22488 -30134
-2071 631 38 12680 20976 -30157
-1969 566 -101 9938 18618 -29938
-1867 408 -220 12556 -7020 -27791
-1415 -32 -15 16247 -9224 -29478
-1413 -18 19 18680 -10302 -30666
-1469 -62 105 21704 -10778 -31928
-1551 -131 273 23972 -10470 -32089
-1533 -163 358 25036 -9743 -31460
-1443 -170 436 25926 -7503 -29506
-1262 -227 556 26105 -4191 -26799
-1167 -302 592 26070 -2158 -25107
-1289 -353 637 25878 -598 -23562
-2409 -1578 167 32767 -14928 -32000
-2534 -2213 683 16918 -1500 -28476
-2691 -2589 730 14610 -4123 -23633
-3157 -3007 925 13303 -5736 -21209
-3570 -3167 1051 11311 -9552 -19473
-4125 -3269 1259 10073 -11915 -19537
-4430 -3058 1062 9435 -13493 -20126
-4380 -2576 769 10333 -11775 -19915
-4298 -2422 744 13244 -3193 -17856
-3951 -1614 697 15874 5227 -15337
-3939 -1445 686 20284 17302 -10634
-3786 -1012 863 23266 22809 -4999
-3478 -555 1170 23535 20995 -858
-3467 -240 1199 21801 10573 4697
-3622 93 1079 19875 2163 7320
-4080 242 779 17218 -5588 9545
-4447 95 374 16263 -5671 10545
-4703 10 26 16660 -130 11900
-4879 -120 -300 17785 5272 13136
-4970 -260 -426 19025 12002 16159
-4864 -295 -301 18837 13791 19128
-4801 -258 -244 16916 12981 24169
-4804 -248 -241 14988 11071 27352
-4947 -480 -404 12276 8148 31087
-5140 -721 -627 10835 6934 32767
-5418 -1200 -998 10767 7197 32767
-5773 -1774 -1427 11845 7462 32767
-6225 -2405 -1638 13059 8544 32767
-6404 -2675 -1638 12755 10631 32767
-7335 -4080 -1480 9093 18514 32767
-7681 -4477 -1458 4063 26289 32767
-9076 -5952 -1784 -2713 32767 32767
-9241 -6345 -1758 -16331 32767 32767
-9176 -7514 -1630 -32768 32767 32767
-8811 -8079 -1271 -32768 32767 32767
-7885 -8416 -605 -32768 31275 32767
-7337 -8329 -684 -32768 23324 32767
-7087 -8371 -1350 -32768 13982 32767
-7087 -9315 -3282 -32768 32767 32767
-7550 -7759 274 -32768 32767 32767
-7791 -8033 1752 -32768 23731 32767
-8019 -7922 1860 -32768 7150 32767
-6254 -8463 2851 -32768 285 32767
-4950 -8360 3094 -32768 -5066 32767
552 -4340 2391 -648 7222 26936
478 -4021 2289 766 6505 20533
394 -3542 2159 1412 6712 16278
402 -3177 2110 1860 7357 10612
353 -2595 2006 1922 8468 5981
291 -2252 1962 1893 9710 3372
244 -1817 1900 2051 11783 227
181 -1404 1845 2243 12781 -1560
-8 -1016 1858 2513 13472 -4551
-287 -710 1899 2621 13733 -7006
-439 -586 1935 2458 13412 -11927
-814 -210 2005 1697 12445 -17277
-1137 226 2094 778 12441 -20425
-1345 711 2287 -1380 13933 -23694
-1550 962 2407 -3114 15104 -24678
-1599 1003 2391 -4903 15416 -25002
-2032 1141 2043 -4265 13538 -25193
-2223 1317 1469 -2314 11823 -25052
-2259 1375 1082 2392 9696 -24258
-2393 1290 788 5835 8944 -23512
-2456 1249 833 9712 8726 -22669
-2622 1195 819 12128 8926 -22309
-2604 1130 778 12993 9610 -22143
-2516 1060 703 13725 11321 -21887
-2346 923 449 14253 12785 -21656
-2182 851 267 15372 15371 -21149
-1876 669 163 16063 17215 -20832
-1805 627 183 16678 19447 -20506
-1652 525 230 16661 20079 -20698
-1609 450 202 16451 19339 -21209
-1498 372 249 15671 17072 -22311
-1449 328 267 14399 13875 -23579
-1298 275 260 12913 10362 -24761
-1185 264 247 11976 8321 -25310
-1097 233 209 11080 6255 -25684
-871 108 57 10969 5494 -25586
-790 94 5 11550 4933 -25009
-721 96 -62 12770 4527 -24101
-734 99 -112 13869 4101 -23451
-744 81 -141 15695 3261 -22513
-724 51 -143 17480 2577 -21628
-732 -77 -186 18730 2132 -21077
-909 -326 -295 20836 1707 -20736
-1077 -503 -357 22258 2196 -20830
-1195 -542 -356 24243 3593 -21637
-1548 -717 -418 26243 3939 -22638
-1751 -1057 -448 27644 3698 -23045
-1817 -1297 -449 29800 4144 -23035
-1983 -1723 -425 31183 4727 -22740
-2236 -1944 -430 32767 4405 -22607
-2572 -2146 -470 32767 3095 -22749
-2816 -2302 -510 32767 227 -23441
-3109 -2377 -489 32767 -2876 -24891
-3294 -2383 -435 32767 -4548 -26300
-3543 -2459 -324 32767 -5995 -28978
-3948 -2542 -191 32767 -6201 -30974
-4124 -2472 -116 32767 -4875 -32768
-4201 -2399 62 32767 -2773 -32768
-4160 -2257 177 32767 1144 -32768
-3891 -1809 170 32767 3482 -29906
-3815 -1648 131 32767 3516 -27251
-3707 -948 117 32767 2701 -24515
-3762 -763 167 32767 62 -21127
-5653 1998 -728 32767 -5416 10260
-5522 2074 -917 32767 -2748 15453
-5501 2098 -1285 32767 -507 18633
-5484 2057 -1395 32767 3439 22981
-5479 1788 -1631 32767 7678 26907
-5588 1566 -1765 32767 10194 29247
-5719 1194 -2015 31166 13034 32767
-5853 782 -2106 27304 14557 32767
-6300 169 -2087 18397 18862 32767
-7285 -193 -1926 10327 23822 32767
-7660 -409 -1853 -3996 31488 32767
-7579 -801 -2018 -18970 32767 32767
-7493 -1035 -2034 -28339 32767 32767
-7053 -1537 -2340 -32768 32767 32767
-6760 -2065 -2333 -32768 32767 32767
-6756 -2282 -2204 -32768 32767 32767
-6822 -2686 -1311 -32768 32767 32767
-6758 -2695 -1018 -32768 32767 32767
-4133 -5361 55 -32768 32767 -26607
-4583 -1723 2060 -32768 32767 32767
-3233 -3267 3943 -32768 25521 32767
-2734 -2739 3526 -32768 4097 32767
-2545 -3181 2343 -32768 -8526 32767
-2467 -3114 1838 -32768 -7582 32767
-2080 -3911 585 -32768 -908 32767
-1776 -4173 779 -25913 15332 32767
-1735 -3978 982 -7717 27858 32767
-1582 -3890 1759 168 32014 32767
-1301 -3869 2259 6074 32767 32767
-839 -3574 2698 7035 28489 32767
-478 -3328 2869 6080 23386 32767
-317 -3106 2852 3615 15363 28849
-276 -2933 2880 1779 10446 26091
-401 -2710 2720 283 3836 21461
-508 -2305 2521 890 526 16733
-696 -2268 2257 2460 876 13540
-820 -1795 1881 6164 5322 8568
-746 -1392 1658 10042 14781 3929
-802 -872 1851 11744 22640 999
-904 -569 2083 9420 32767 -12503
-1991 1202 436 7553 32767 -15812
-2044 1190 633 5412 32767 -18022
-3319 1919 1159 -56 26874 -23052
-3543 2597 1791 -5467 16891 -27034
-3035 2385 1838 -14064 3593 -30818
-1728 1674 375 -16138 -10538 -27111
-131 142 -1407 -13728 -19507 -20711
-1179 -192 -742 -10968 -24268 -13553
-1298 363 -241 -8638 -20109 -9505
-1656 465 -607 -4301 -14925 -9207
-1770 244 -650 -792 -11597 -10963
-1578 214 -610 4916 -5358 -14486
-1367 21 -630 9029 -279 -17340
-1315 -98 -587 14642 6796 -21696
-1058 -121 -172 18183 11542 -24906
-843 -159 92 19296 12937 -26031
-528 -287 376 19448 12196 -26487
-457 -401 517 18833 10177 -26406
-487 -645 526 17888 5611 -26394
-519 -767 453 17647 2297 -26649
-611 -846 432 17838 -1564 -27601
-684 -901 355 18451 -3171 -28408
-793 -948 391 19641 -4751 -29712
-935 -983 434 20585 -5804 -30270
-1032 -996 412 22338 -7616 -30440
-1032 -976 433 23512 -8779 -29920
-1002 -967 423 25375 -9574 -28331
-1009 -1027 442 27497 -8563 -26717
-1381 -1130 470 28969 -7636 -26384
-1662 -1179 470 31152 -7098 -26947
-1812 -1191 424 32767 -7643 -27574
-1831 -1373 406 32767 -8195 -27746
-1963 -1534 394 32767 -9162 -28313
-2507 -1820 310 32767 -10294 -29385
-2807 -1916 248 32767 -12200 -31582
-3074 -1941 254 32767 -12603 -32768
-3160 -1909 321 32767 -11277 -32768
-3683 -1899 446 32767 -9655 -32768
-3888 -1882 462 32767 -5914 -32768
-3793 -1834 412 32767 -2405 -32768
-3738 -1888 321 32767 2483 -32735
-3745 -2073 222 32767 4538 -30741
-3827 -2147 213 32369 4579 -27768
-3823 -2458 388 31194 2108 -25630
-3985 -2699 626 28140 -4042 -23146
-4325 -3054 746 25638 -8977 -22003
-4240 -2977 656 21954 -14359 -20066
-4141 -2651 484 19221 -15519 -17803
-4333 -2463 278 18349 -12377 -16557
-4682 -2004 82 18712 -7709 -16708
-4708 -1667 -5 20356 1060 -16934
-4056 -803 -207 21944 6137 -15901
-3775 -424 -231 24187 10914 -12353
-3511 72 -290 25269 11811 -9109
-3537 281 -275 25777 10528 -4157
-3704 372 -291 24950 7337 -160
-3937 470 -413 23003 3597 3040
-4267 562 -575 21152 1735 4867
-4400 588 -653 18211 543 7013
-4816 570 -946 15970 1820 8692
-5099 381 -1664 15504 3889 10224
-5215 199 -1458 15740 7526 13510
-5092 -267 -1704 16423 10827 16587
-5094 -430 -1711 16926 14765 21943
-5222 -899 -1839 16399 15580 27190
-5762 -1734 -1992 11117 17418 32767
-6091 -2077 -2023 7018 20016 32767
-6575 -2543 -2165 -792 23159 32767
-7130 -3184 -2365 -6801 24770 32767
-7630 -4324 -2712 -16878 28496 32767
-7799 -5578 -2854 -24156 32479 32767
-7827 -6274 -2707 -32768 32767 32767
-7782 -6927 -2202 -32768 32767 32767
-7623 -7306 -1727 -32768 32620 32767
-7161 -7668 -1210 -32768 26058 32767
-6681 -7778 -740 -32768 14457 32767
-6482 -7584 -245 -32768 4536 32767
-6465 -7557 18 -32768 -12600 32767
-4302 -8042 860 -32768 -10700 32767
-4416 -7575 821 -32768 -14296 32767
-4940 -6776 813 -32768 -12222 32767
-5253 -7032 282 -32768 -6428 32767
-5119 -6475 240 -32768 6178 32767
-3623 -6260 1045 -21610 15487 32767
58 -3456 1410 5879 2453 27186
122 -3306 1430 7871 3577 24405
144 -3192 1524 9370 4916 20150
89 -2893 1668 9173 5871 15341
13 -2432 1672 8590 6381 11997
-44 -2169 1622 7402 7227 7151
-84 -1785 1574 6532 7817 4291
-26 -1504 1557 5087 8961 830
-93 -1183 1659 3956 9904 -1233
-192 -940 1618 2690 11999 -4745
-549 -581 1475 2532 13989 -7925
-865 -216 1404 3139 16484 -13847
-1164 201 1505 3621 17227 -18072
-1319 424 1591 3841 16629 -23755
-1310 640 1611 3671 14609 -27232
-1779 909 1898 2989 13268 -28549
-2036 1102 1912 1473 11934 -29464
-2434 1263 1755 743 10995 -29479
-2608 1280 1579 375 8800 -28624
-2743 1372 1239 1655 6433 -27196
-2785 1527 737 3228 5370 -26039
-2881 1409 597 5703 5777 -24440
-3124 1266 626 7699 8853 -23857
-3177 1218 627 8664 11835 -23879
-3128 1184 498 10341 16304 -24081
-2955 1125 225 12536 20304 -23969
-2772 1078 81 14053 22896 -23659
-2472 1019 -21 16083 26239 -22893
-2138 916 -2 16990 27685 -22197
-1911 842 107 17326 28420 -21120
-1541 753 215 17031 27617 -20421
-1316 706 208 16257 24473 -19540
-984 590 155 15709 21515 -19139
-941 549 147 14995 16659 -19110
-874 383 65 14691 13571 -19521
-922 333 34 14678 9213 -20962
-1013 202 8 14882 5912 -23160
-1018 108 24 15102 4451 -24672
-928 77 10 15370 3559 -25965
-778 8 -35 15987 2674 -27091
-672 -46 -83 16793 1919 -27139
-527 -113 -177 17502 1405 -26583
-455 -194 -226 18838 997 -25164
-471 -357 -294 20636 1247 -23723
-686 -501 -381 22093 1667 -23085
-880 -587 -437 24567 2091 -22832
-1146 -810 -501 26304 2186 -22980
-1276 -1011 -523 28959 2583 -23296
-1442 -1366 -465 30546 3042 -23485
-1805 -1743 -461 32689 3163 -23984
-2036 -1975 -543 32767 2072 -24365
-2705 -2623 -542 32767 1267 -24731
-2938 -2744 -520 32767 232 -26145
-3816 -2837 -420 32767 -533 -27705
-3954 -2834 -385 32767 -1377 -30008
-3960 -2855 -236 32767 -783 -30658
-3886 -2875 -194 32767 531 -29944
-3906 -2860 -121 32767 3316 -27774
-3913 -2670 -104 32767 5109 -25895
-3926 -2555 -110 32767 6633 -23058
-3745 -2008 -81 32767 6245 -21047
-3656 -1841 -55 32767 3863 -17845
-3509 -1421 51 32767 579 -14834
-3564 -1037 122 32767 -1897 -13308
-3645 -858 167 30716 -5977 -11660
-3675 -677 229 28645 -8142 -10692
-3767 -389 376 25382 -10269 -9220
-3763 -294 372 23441 -11175 -8056
-3828 -199 312 21593 -12036 -6157
-3971 -108 134 21446 -12051 -5007
-4210 15 90 22344 -10545 -3902
-4428 327 20 23372 -8985 -3494
-4466 447 6 24869 -6584 -2561
-4322 760 120 25434 -4666 -1104
-4174 847 199 25318 -1712 2427
-4951 464 -1325 30497 7547 31843
-6109 -1852 -1246 -32768 32767 32767
-5502 -2070 -261 -32768 32767 32767
-5031 -2069 255 -32768 32767 32767
-3202 -1013 2607 -32768 32767 12888
-3904 -2509 2206 -32768 32767 32767
-3129 -1989 3071 -32768 32767 32767
-3084 -2056 3360 -32768 32767 32767
-3091 -2151 3596 -32768 28435 32767
-2955 -2346 3235 -32768 23828 32767
-2716 -2574 2984 -32768 19916 32767
-2584 -2690 2746 -22184 19401 32767
-2250 -2908 2698 -15211 20357 32767
-1807 -2948 2944 -7949 21541 32767
-1546 -2932 3181 -5041 19792 32767
-1380 -2757 3320 -4972 15260 31802
-1288 -2494 3136 -5506 11627 27614
-1141 -2290 2955 -6105 7494 21535
-962 -2006 2594 -5870 6303 17907
-742 -1730 2307 -4536 7010 13432
-613 -1494 2227 -3148 8480 11130
-549 -1238 2236 -588 10780 8475
-617 -942 2266 2205 12355 6104
-779 -573 2381 3661 13333 4298
-941 -211 2517 4516 15837 294
-1015 53 2604 3787 16748 -1534
-934 234 2614 1774 17788 -3452
-788 562 2507 335 18012 -4038
-626 688 2212 -989 17939 -4054
-576 741 1977 -822 17513 -4014
-700 779 1532 54 16838 -4587
-1041 716 1223 1333 15804 -5841
-1408 651 1157 3088 14338 -9459
-1734 603 1057 4483 14251 -14714
-1855 577 732 5588 14977 -18226
-1776 617 453 7726 16726 -22604
-1804 706 67 10389 18554 -26083
-1806 733 -224 12363 19882 -27861
-1766 714 -360 15202 22030 -29786
-1671 701 -450 16896 23298 -30667
-1643 661 -463 18933 23983 -31594
-1559 528 -412 20209 22391 -32097
-1477 402 -335 20503 20000 -32151
-1498 268 -208 19929 14915 -32293
-1528 27 55 18851 10808 -32468
-1570 -5 103 16462 3697 -32768
-1628 79 163 14626 -1303 -32768
-1468 29 218 11930 -8024 -32768
-1262 -83 335 9578 -12393 -31120
-887 -239 416 8637 -13910 -29184
-782 -309 338 9015 -14641 -26573
-899 -354 145 10458 -14055 -25926
-1291 -307 -2 13795 -12177 -27325
-2123 -138 -89 16295 -11526 -30117
-2425 37 -45 19597 -11768 -32768
-2040 78 52 22156 -11213 -32768
-1442 -73 221 24024 -8173 -32768
-1118 -177 335 24966 -4885 -32768
-955 -251 402 26115 445 -27397
-1029 -278 353 26796 2636 -24389
-1428 -291 325 27356 2540 -22589
-2380 -273 462 27151 652 -23301
-2491 -274 505 25879 -3609 -25605
-2343 -264 529 23921 -7629 -26519
-1857 -410 480 22619 -9509 -25585
-1517 -591 429 21173 -10750 -22250
-1251 -859 342 20740 -10722 -19709
-1486 -1057 241 20902 -10979 -17480
-2171 -1308 140 21388 -11925 -18036
-2489 -1413 63 22566 -14458 -21539
-2712 -1405 25 23391 -15889 -25101
-2879 -1286 -12 24226 -15819 -30880
-2848 -1046 17 24718 -11628 -32768
-2595 -917 -123 25412 -6493 -32768
-2362 -1033 -182 27303 4278 -32768
-2159 -1367 -94 28861 12976 -32768
-2210 -1454 -27 31015 25300 -31746
-2653 -1454 291 31535 30786 -30847
-2855 -1626 810 29936 32767 -29745
-2862 -2065 1193 27458 30803 -28523
-2786 -2368 1579 21969 21054 -25367
-2848 -2735 1960 15348 8002 -21496
-3346 -3417 1739 12197 -1473 -18965
-3478 -3496 1565 10804 -14539 -15242
-3975 -3090 1040 11586 -19757 -13189
-4105 -2884 968 13832 -19305 -10947
-4374 -1841 858 15457 -14247 -9759
-4345 -1585 881 17677 -2105 -7415
-4072 -846 832 19149 6982 -5477
-4043 -666 809 21235 16313 -2798
-3824 15 812 21998 15407 160
-3795 140 754 21941 9802 2375
-3845 399 345 21711 2952 4651
-4006 308 33 21782 -5378 8027
-4420 144 -452 22446 -8091 9992
-4689 -77 -667 24099 -6666 12468
-4924 -384 -850 25177 -2258 14078
-4936 -451 -876 25711 6160 17020
-4942 -583 -904 24280 11606 20437
-5063 -611 -1075 22431 11820 22619
-5104 -629 -1188 19033 9304 25878
-5211 -971 -1348 15769 7374 29494
-5245 -1579 -1543 14002 7986 32324
-5432 -2042 -1748 12079 11450 32767
-6010 -2694 -2028 10727 14392 32767
-6302 -3187 -2077 7101 19846 32767
-6736 -4058 -1964 2554 24049 32767
-7172 -4767 -1932 -7954 29761 32767
-7636 -5843 -1863 -16941 32256 32767
-7756 -6305 -1914 -31191 32767 32767
-7617 -7462 -2056 -32768 32767 32767
-7142 -7755 -1538 -32768 32767 32767
-6982 -7762 -1259 -32768 32767 32767
-6371 -7495 -380 -32768 28738 32767
-6212 -7355 -208 -32768 10774 15597
-7145 -6102 -585 -32768 6817 32767
-4265 -6431 2021 -32768 -7019 32767
-4208 -5908 1405 -32768 -22745 32767
-4518 -5654 718 -32768 -24973 32767
-4696 -5912 292 -32768 -17005 32767
-4406 -5896 173 -32768 864 32767
-3757 -6049 537 -19444 15784 32767
-2624 -5756 1380 -12914 22031 32767
-1817 -5414 2134 -8253 26944 32767
-1530 -5164 2525 -8117 26303 32767
-1362 -4702 2839 -9316 21966 32767
-1261 -4388 2763 -10767 12702 32767
-947 -4053 2364 -10795 7314 32767
-578 -3679 1873 -9009 2440 31926
-355 -3494 1618 -5531 1161 29300
-238 -3076 1492 -2876 1910 27644
-275 -2987 1488 818 4341 24415
-542 -2675 1660 2620 6243 21647
-570 -2592 1739 3742 8783 16958
-658 -2305 1900 3633 10428 12310
-664 -2030 1847 3477 11486 9635
-644 -1797 1823 3505 13475 6552
-599 -1586 1766 3884 14694 5064
-663 -1348 1758 4646 15902 2997
-984 -1198 1873 4967 16010 1294
-1160 -1139 2010 4844 15316 -1872
-1480 -870 2136 4206 14390 -5638
-1567 -578 2168 3475 13982 -8154
-1621 -267 2201 2121 13938 -11486
-1581 232 2184 1264 14062 -13080
-1598 334 2142 433 14145 -14832
-1617 747 2009 75 14289 -15519
-1694 809 2053 -582 14180 -16594
-2033 1016 2133 -1272 12596 -18324
-2254 1321 1931 -1359 10357 -19500
-2180 1461 1650 -346 6891 -20182
-1942 1576 921 1290 6037 -19912
-1933 1556 847 4308 8103 -19204
-2157 1480 669 6329 11214 -19051
-2254 1478 693 8650 16987 -19838
-2673 1430 1105 9296 22146 -21866
-2735 1490 1007 9556 24216 -23533
-2586 1578 733 10857 25194 -25206
-2174 1584 291 12325 25043 -25276
-1831 1478 71 15010 24687 -23704
-1438 1272 66 16425 24589 -21921
-1306 1116 245 17088 24652 -19192
-1198 902 502 16297 23848 -17151
-1195 777 561 15507 22448 -16447
-1133 720 468 14778 19324 -16105
-943 655 241 14882 17014 -16096
-799 576 103 15842 13724 -16104
-552 443 -80 17534 10738 -15842
-384 342 -197 18835 9012 -15624
-323 298 -211 20601 6763 -15382
-334 225 -143 21461 5356 -15420
-377 163 -52 22025 3227 -15895
-418 88 27 22018 1889 -16327
-408 22 41 21713 -10 -16862
-372 -178 -24 21547 -1049 -17072
-325 -363 -108 21882 -2276 -17011
-246 -693 -296 22612 -3042 -16762
-251 -962 -418 24575 -6328 -16257
-515 -1568 -776 27593 -13407 -15819
-634 -1775 -822 29836 -19055 -15959
-1144 -2453 -507 32298 -23800 -17637
-1751 -2982 66 32767 -22283 -19979
-2625 -3158 308 32767 -15928 -25254
-3717 -3087 149 32767 -12097 -29887
-4067 -3041 136 32767 -8987 -32768
-4792 -2843 235 32767 -6196 -32768
-4934 -2737 326 32767 -2982 -32768
-5323 -2180 719 32767 4485 -32768
-5533 -1771 1232 32767 9416 -32768
-5587 -1435 1417 32767 10999 -31637
-5405 -907 1506 32767 7985 -26354
-5040 -361 1448 32767 11 -18329
-4848 192 1015 32767 -6546 -13574
-4901 563 752 32767 -15043 -8435
-5277 1018 204 32767 -18662 -6646
-5411 1175 -24 32767 -21461 -5303
-5505 1604 -835 32767 -20542 -3045
-8876 38 -4505 6811 32700 32767
-8646 -633 -4481 -12530 31250 32767
-8157 -1175 -4233 -25659 32767 32767
-7938 -1506 -3482 -32768 32767 32767
-7909 -1601 -2850 -32768 32767 32767
-7313 -1713 -2168 -32768 32767 32767
-6722 -1933 -1492 -32768 32767 32767
-5782 -5232 -750 -32768 32767 32767
-5053 -2327 -636 -32768 32767 32767
-4287 -3254 1596 -32768 32767 32767
-4023 -2899 2200 -32768 32767 32767
-4097 -3035 2510 -32768 22407 32767
-3697 -3219 2420 -32768 16758 32767
-3441 -3289 2277 -32768 13281 32767
-2767 -3417 1707 -32768 15233 32767
-2338 -3517 1074 -32768 18608 32767
-1925 -3629 620 -24696 25272 32767
-1546 -3720 561 -14899 30528 32767
-995 -3688 614 -10170 31666 32767
-740 -3479 686 -5772 28430 32767
-546 -3198 916 -4578 23516 32767
-514 -3043 1069 -4913 14608 29041
-572 -2613 1446 -7884 6340 24912
-713 -2306 1790 -10897 1611 22094
-892 -2115 1955 -15852 -3136 18147
-1098 -2010 2135 -18632 -4356 16048
-1134 -2048 2094 -20168 -5442 13912
-1182 -1897 1727 -17145 -5877 12325
-1259 -1316 1440 -13105 -5206 11304
-1279 -1042 1596 -6715 -1416 9737
-1136 -783 2131 -3533 2672 8854
-1073 -531 2523 -1252 8395 7416
-1193 9 3027 -1110 11363 6045
-1204 150 3085 -1933 14752 3500
-1141 715 2852 -2244 15885 1915
-1017 828 2688 -1982 16530 633
-884 895 2572 -1083 17661 714
-821 926 2304 22865 13992 -21762
-1160 -279 7 25173 10251 -24401
-978 -612 -49 26590 8366 -26160
-910 -757 -10 27032 7822 -27031
-898 -843 15 27221 7219 -28234
-1042 -1035 62 27053 6376 -29147
-1260 -1121 106 26401 4170 -31494
-1392 -1152 162 25093 1382 -32768
-1387 -1148 312 23716 -506 -32768
-1465 -1055 304 21806 -4287 -32768
-1410 -1080 67 21182 -8676 -32768
-1466 -1254 -99 21694 -10641 -32768
-1716 -1381 -237 23941 -12457 -32768
-2224 -1456 -383 27027 -13405 -32768
-2801 -1365 -293 28799 -13312 -32768
-3306 -1184 -108 30340 -11786 -32768
-3275 -1068 -3 30707 -9752 -32768
-2911 -995 27 30886 -5065 -32768
-2621 -950 51 31244 1037 -32768
-1983 -991 41 32321 7020 -32413
-2028 -1029 -13 32767 9834 -27781
-2131 -1040 -26 32767 10850 -22912
-2274 -1006 110 32767 9365 -21167
-2404 -983 166 32767 4547 -20691
-2499 -981 338 32767 -1828 -21670
-2432 -909 567 32767 -5732 -22503
-2415 -848 738 32281 -9465 -23668
-2461 -915 781 31050 -9670 -24216
-2646 -971 736 30810 -6661 -25629
-3221 -866 470 32150 -3589 -27354
-3580 -648 328 32767 33 -30204
-3790 -320 302 32767 1587 -31222
-3826 -81 360 32767 3538 -30265
-3845 257 532 32767 4559 -27971
-4184 1057 769 32767 6155 -24636
-4303 1183 816 32767 9874 -18438
-4669 1292 791 32767 10654 -13800
-5140 1014 690 32767 5574 -6641
-5669 586 21 32767 -2718 -1901
-5983 368 -320 32767 -16069 5122
-6585 58 -694 32767 -19678 9067
-6808 -64 -870 32767 -15447 13110
-7814 -757 -1432 32767 -7946 14490
-8192 -1143 -1365 32767 5151 15263
-8365 -1506 -1228 32767 14256 16710
-8504 -2016 -1170 32767 16311 20738
-8151 -2628 -1221 31315 16399 25370
-7906 -3302 -1439 23073 16357 32767
-7897 -4450 -2436 14756 16037 32767
-8091 -4769 -2662 8828 17352 32767
-8903 -5618 -2379 -4506 22666 32767
-9103 -6211 -2915 -21098 30339 32767
-9265 -6844 -2667 -32768 32767 32767
-8967 -7062 -2537 -32768 29995 32767
-8245 -7412 -2822 -32768 23970 32767
-7916 -7532 -3122 -32768 18532 32767
-7936 -7826 -2920 -32768 19821 32767
-8476 -7970 -2536 -32768 19027 32767
-7835 -6431 5876 -32768 19932 32767
-6151 -8139 2222 -32768 10284 32767
-5946 -7345 3754 -32768 -22655 32767
-5993 -6955 2827 -32768 -32768 32767
-5775 -7016 1642 -32768 -32768 32767
-4501 -7434 410 -32768 -16245 32767
-2798 -7514 919 -19141 17131 32767
-1793 -7334 1920 -6398 27870 32767
-1106 -6746 3119 -3391 26626 32767
-790 -6492 3463 -3096 22896 32767
-499 -6061 3145 -2875 21542 32767
-52 -5613 2384 -198 24119 32767
429 -5025 1889 4345 28395 32767
616 -4629 1757 7195 28682 32767
717 -4209 1736 9973 25174 30684
800 -3780 1850 10541 21391 28680
713 -3522 1857 9749 14693 25487
500 -3141 1855 8344 10613 23059
222 -2704 1667 5815 6100 18906
186 -2495 1462 3971 4240 15709
117 -2174 1085 3612 4801 14092
-92 -1872 813 4227 7904 11852
-336 -1577 749 4986 10988 10396
-370 -1480 759 6159 15623 8427
-566 -1208 938 6599 19946 5948
-859 -938 1180 6225 21195 3725
-1031 -746 1294 4963 19699 -144
-1181 -305 1419 3881 17127 -2834
-1378 134 1268 2919 12748 -6821
-1605 515 1052 3276 10180 -10681
-1866 725 868 4305 9370 -13416
-2061 1083 744 6414 9330 -17477
-2266 1358 923 7593 9710 -19925
-2332 1435 1024 8019 10862 -23294
-2741 1967 1172 7715 11783 -25657
-2912 2325 974 7546 12366 -29166
-3026 2675 618 8808 11256 -31718
-2878 2842 262 10181 10001 -32122
-2763 2733 493 11257 8787 -30909
-2693 2600 637 10670 7946 -28085
-2427 2108 787 9751 7707 -25691
-2230 1933 629 8594 8740 -21881
-2120 1764 368 8814 10995 -18892
-2001 1540 74 9672 12679 -17727
-1994 1405 173 10294 15548 -17571
-2018 1107 460 10175 16926 -18399
-1999 1004 585 9536 16905 -20495
-2021 844 707 8993 15492 -22350
-1899 740 632 8560 12059 -25086
-1665 658 510 9023 9315 -26737
-1386 514 267 10043 8198 -27040
-1029 262 60 12513 7711 -26125
-658 26 128 14519 8338 -24725
-573 -57 171 17254 10053 -22073
-490 -270 93 19036 10848 -20509
-471 -249 -2 21802 10549 -18974
-586 -165 -30 24241 8887 -19089
-785 -276 -23 26012 6115 -20501
-803 -298 0 26712 4129 -21616
-729 -425 25 27100 924 -22869
-660 -592 14 27044 -801 -23400
-605 -659 29 26762 -1625 -23502
-462 -911 63 26806 -769 -23018
-452 -1124 -16 27473 -333 -22751
-674 -1472 -172 29456 174 -23139
-1104 -1888 -369 32536 -10 -24853
-1709 -2105 -471 32767 -991 -26526
-1892 -2242 -451 32767 -3277 -28913
-2103 -2537 -391 32767 -4816 -30400
-2442 -2908 -278 32767 -4739 -30902
-2628 -3014 -254 32767 -3940 -31449
-3239 -3113 -134 32767 -3710 -32121
-3887 -3152 54 32767 -3782 -32742
-4311 -3188 198 32767 -3550 -32768
-4666 -3271 300 32767 -3176 -32768
-4900 -3147 229 32767 -2069 -32712
-4955 -3013 120 32767 -138 -30185
-4869 -2686 -8 32767 1233 -27556
-4711 -2383 -81 32767 2963 -22523
-4671 -1887 -94 32767 3947 -18045
-4715 -1263 -60 32767 3732 -15615
-4722 -806 -6 32767 1958 -12458
-4661 -145 206 32767 -658 -9563
-4767 314 341 32767 -3387 -8069
-5094 852 309 31721 -7420 -6696
-5340 1243 -70 28256 -13931 -4200
-5541 1452 -490 28473 -16109 -1093
-5926 1806 -1400 32087 -11732 2456
-5995 1881 -1575 32767 -5687 5036
-6104 2075 -2027 32767 808 7827
-6051 2114 -2095 32767 8503 12920
-5747 2038 -2167 32767 11801 16793
-5669 1949 -2159 32767 13470 22815
-5457 1500 -2299 32360 12289 26756
-5489 1354 -2413 24406 8713 32188
-6218 563 -3121 19161 7101 32767
-6606 277 -3382 12376 7861 32767
-8058 -1009 -4033 5834 16180 32767
-9404 -2096 -4143 -641 26905 32767
-9871 -2604 -4126 -15286 32767 32767
-9915 -3706 -3715 -27479 32767 32767
-9833 -3951 -3453 -32768 32767 32767
-8984 -4336 -3080 -32768 32767 32767
-8264 -4766 -2670 -32768 32767 32767
-7491 -5358 -1991 -32768 32767 32767
-6892 -5672 -1091 -32768 32767 30830
-5786 -4877 730 -32768 32767 32767
-5163 -6249 2605 -32768 32767 32767
-4375 -4942 3108 -32768 32767 32767
-3486 -5279 3729 -32768 30116 32767
-3077 -5170 4172 -32768 20579 32767
-3507 -4907 3307 -32768 6915 32767
-3528 -4801 2662 -32768 2074 32767
-3410 -4733 2596 -30793 3190 32767
-2642 -4516 2541 -14032 9633 32767
-1906 -4141 2757 -6191 15630 32767
-1540 -3940 2886 596 24173 32767
-1099 -3745 3129 2249 26569 32767
-914 -3703 3302 1686 23104 30302
-732 -3194 3363 237 17078 24627
-665 -3048 3269 -1720 6419 16808
-177 -2514 2656 -1719 -1144 11812
4 -2254 2405 364 -3399 9185
-136 -1820 2163 2439 -2299 7641
-560 -1211 2019 5665 1662 4666
-654 -1029 1998 8130 7121 1060
-801 -548 2194 8638 12788 -1819
-812 -147 2481 7922 15710 -3051
-869 126 2529 6568 18075 -4213
-947 514 2314 5899 19158 -4998
-1015 659 2143 5914 19935 -5561
-1143 810 2019 6066 20943 -6806
-1191 994 1932 5886 21281 -7667
-1276 1096 1640 5606 21179 -9211
-1403 1076 1418 5589 20869 -11589
-1599 990 1497 4960 20637 -13643
-1783 897 1815 2164 19449 -17481
-2119 843 1835 -27 17519 -20409
-2129 742 1355 -2079 13581 -24444
-1902 663 908 -1601 10961 -26804
-1539 545 274 129 10723 -27394
-1384 470 -89 4364 12284 -27465
-1284 376 -437 9750 15200 -27361
-1312 366 -684 13617 16669 -27531
-1369 366 -798 19334 16888 -28247
-1462 229 -848 24286 15074 -29498
-1604 41 -778 26921 13020 -30624
-1697 -92 -691 29599 9363 -32384
-1677 -223 -412 30081 5767 -32768
-1544 -290 -118 29062 3784 -32768
-1255 -394 230 26088 1199 -32768
-993 -445 305 23820 -473 -32389
-1275 -996 -116 25014 -7887 -32768
-1749 -1020 -11 24656 -5062 -32768
-2044 -982 9 24378 -3818 -32768
-2266 -1015 29 24018 -2458 -32768
-2211 -1131 65 23887 -1192 -32649
-1817 -1226 47 24308 -376 -30503
-1600 -1243 56 24980 -339 -28482
-1510 -1336 123 26374 -1036 -25725
-1694 -1563 295 28205 -2134 -25140
-2677 -1736 311 29718 -3202 -27198
-3644 -1783 472 31848 -3320 -32768
-4006 -1664 764 32689 78 -32768
-4546 -1097 1159 32454 3023 -32768
-4388 -689 1123 32586 7446 -32768
-3874 -343 1038 32767 11699 -32768
-3483 -214 961 32767 21133 -32768
-3448 68 852 32767 27662 -30769
-3792 100 861 32767 29311 -19457
-4152 76 992 32767 22313 -12030
-4321 2 1125 32767 4878 -2039
-4705 -493 1050 32767 -6394 3326
-5524 -1108 928 32767 -14232 7149
-5852 -1347 769 32767 -16950 9723
-6665 -1724 80 32767 -12762 9788
-6985 -1734 -210 32767 592 9255
-6713 -1654 -267 32767 13919 10830
-6566 -1584 -201 32767 18615 13478
-6089 -1456 117 30052 19047 17064
-6013 -1462 167 24577 13609 23126
-5892 -1629 143 19944 5562 29070
-6057 -2038 -405 18701 1119 32534
-6190 -2338 -755 19420 -464 32767
-6495 -2886 -1094 21313 4263 32767
-6717 -3339 -1193 21695 10156 32767
-6862 -3942 -1073 18713 20433 32767
-7215 -4330 -1308 14130 25087 32767
-7660 -4664 -1463 3326 28787 32767
-7999 -5156 -1863 -5699 31012 32767
-8122 -5870 -2496 -19922 32767 32767
-8158 -6588 -2540 -29737 32767 32767
-8223 -6743 -2364 -32768 32767 32767
-8351 -7104 -1992 -32768 29001 32767
-8105 -7390 -1533 -32768 19720 32767
-7945 -7835 -968 -32768 13368 32767
-7727 -9943 -2129 -32768 2784 15821
-6600 -7348 660 -32768 6121 32767
-6429 -8025 1058 -32768 4677 32767
-6835 -8484 1044 -32768 -3974 32767
-5843 -8685 1260 -32768 -8772 32767
-4782 -8575 1307 -32768 -9751 32767
-3863 -8417 1295 -32768 -4560 32767
-3046 -8058 1241 -22755 564 32767
-2713 -7815 1419 -8729 8678 32767
-2269 -7562 1847 -2735 13111 32767
-1540 -7078 2550 658 15681 32767
-873 -6613 2688 741 13901 32767
-383 -6314 2525 674 10451 32767
242 -5477 1634 1852 9524 32767
497 -5063 1210 5769 10999 32767
794 -4416 969 10476 13357 32767
892 -4049 1065 13241 12820 29445
830 -3744 1535 13079 11166 26391
736 -3512 1925 9519 7587 21465
591 -2975 2204 5780 4903 17943
474 -2568 2173 384 1775 12633
426 -2108 1896 -2135 1044 9578
343 -1609 1593 -3711 1636 6013
300 -1313 1459 -3016 3386 3692
170 -1056 1494 -973 7109 1379
-195 -700 1490 931 10129 -1037
-461 -522 1493 3802 14417 -6040
-949 -328 1517 5418 16340 -10003
-1126 -104 1679 6074 17735 -15589
-1389 216 2398 4854 17447 -18613
-1459 314 2512 1522 15708 -22420
-1708 693 2498 -1155 12789 -25457
-1836 1022 2057 -1701 10827 -26878
-1861 1192 1633 -259 9246 -27947
-1938 1335 962 3045 9511 -27769
-2006 1368 722 5418 10560 -27172
-2077 1361 423 8751 13277 -26066
-2259 1327 255 10607 15582 -25614
-2392 1227 264 12492 19053 -25681
-2449 1130 370 13016 21064 -26120
-2598 1059 387 13166 23056 -27572
-2567 1052 182 13359 23279 -28700
-2531 1040 84 14168 21578 -30141
-2318 975 -269 15050 19269 -30698
-2221 958 -327 16574 15694 -30599
-2044 904 -369 17735 13583 -30152
-1679 698 -241 18244 13855 -29390
-1419 561 -187 18989 16175 -27908
-1309 394 -219 19723 18080 -27155
-1270 286 -254 21003 20544 -26601
-1129 159 -196 22187 21856 -26615
-1065 118 -126 22766 21446 -26949
-1049 117 -168 23691 18161 -28152
-1063 120 -266 24484 14443 -29319
-921 71 -297 25616 8185 -31139
-818 -49 -249 26234 4373 -32234
-787 -104 -240 26882 -161 -32768
-768 -426 -207 27153 -1947 -32768
-771 -530 -218 27407 -2682 -32768
-846 -784 -291 27481 -2081 -32768
-940 -827 -302 27571 -354 -32768
-1549 -1119 -353 27757 644 -32768
-1674 -1200 -429 28187 553 -32768
-1944 -1562 -548 29237 505 -32768
-1971 -1683 -567 30182 724 -32768
-2155 -2179 -532 31802 731 -32768
-2590 -2454 -538 32767 -613 -32768
-3126 -2880 -503 32767 -3329 -32675
-3376 -3132 -410 32767 -4176 -32044
-3499 -3409 -265 32767 -3372 -30375
-3487 -3474 -210 32767 -1741 -29196
-3920 -3453 -163 32767 539 -29127
-4748 -3111 -106 32767 1391 -30348
-4841 -2935 -44 32767 2538 -32272
-4452 -2221 63 32767 4539 -31186
-4075 -1995 139 32767 6613 -28105
-3770 -1807 192 32767 10108 -21353
-3678 -1571 220 32767 11386 -17111
-4162 -979 493 32767 10503 -14036
-4290 -800 592 32542 5075 -11493
-4612 -195 998 30038 111 -10656
-4647 -57 1045 26057 -6136 -9103
-4641 253 829 24535 -8084 -7149
-4738 324 734 24777 -7701 -3844
-5422 606 401 26367 -6420 -2035
-5704 807 292 29682 -5043 201
-5856 1087 190 32767 -3968 3260
-5829 1353 114 32767 -2359 6319
-5501 1551 -22 32767 1117 12605
-5175 1698 -486 32767 4503 19839
-5187 1676 -609 32767 6105 24352
-5416 1473 -844 32767 7358 29677
-5661 1281 -1062 32767 7271 32553
-5859 1108 -1243 32767 6890 32767
-6293 666 -1393 32767 7912 32767
-6724 304 -1383 29911 13924 32767
-7104 -295 -1326 26267 20409 32767
-7424 -532 -1466 17607 30857 32767
-7939 -820 -1502 4063 32767 32767
-8166 -1069 -1588 -7170 32767 32767
-8137 -1355 -1630 -24587 32767 32767
-7438 -2175 -1691 -32768 32767 32767
-6987 -2589 -1598 -32768 32767 32767
-6478 -2902 -1422 -32768 32767 32767
-5810 -3467 -831 -32768 32767 32767
-5637 -3579 -661 -32768 32767 32767
-2989 -2437 1725 -32768 32767 32767
-3170 -3711 1246 -32768 32767 32767
-3036 -3750 1371 -32768 32767 32767
-3729 -3588 2604 -32768 32767 32767
-3529 -3277 3502 -32768 27995 32767
-3080 -3296 3683 -32768 17486 32767
-2407 -3293 3452 -32768 16702 32767
-2440 -3167 3260 -28451 17275 32767
-2651 -3018 3075 -16928 16677 32767
-2508 -2781 2986 -8568 15880 32767
-1802 -2733 3178 -5603 16031 32767
-1386 -2591 3283 -4455 16110 28668
-1050 -2222 3210 -4593 15402 25578
-939 -1922 2828 -4041 12579 21200
-914 -1639 2448 -2659 9688 18431
-908 -1460 2320 129 6194 14708
-1000 -1249 2374 2304 6264 11251
-1022 -1082 2464 3024 8241 8925
-1051 -947 2432 3163 12575 5188
-1146 -777 2382 2620 17498 883
-1163 -608 2157 2352 20537 -1802
-1041 -464 1832 2473 23618 -4812
-908 -285 1507 2963 24675 -6072
-877 -219 1403 4278 25354 -7118
-757 11 939 5475 25450 -7401
-769 51 796 7797 24904 -7799
-851 54 410 10420 24316 -8866
-1239 -72 351 11854 24491 -10408
-1489 -105 452 12969 25494 -14230
-1762 -66 460 13207 25534 -19730
-1932 109 325 13457 23318 -25679
-1897 278 74 13870 20834 -29253
-1823 269 -7 14689 17377 -32768
-1555 199 -137 15405 15960 -32768
-1526 161 -164 16840 14622 -32768
-1518 1 -257 18703 12383 -32768
-1564 -343 -310 20154 10804 -32768
-1631 -551 -315 22564 8787 -32768
-2180 -552 -437 24279 7049 -32768
-2468 -334 -615 26892 3137 -32768
-2370 -202 -652 29045 -1359 -32768
-2116 -208 -631 30232 -4151 -32768
-1983 -361 -612 32026 -7507 -32768
-2351 -697 -696 32767 -9142 -32768
-2540 -731 -735 32767 -10856 -32768
-2785 -664 -812 32767 -10379 -32768
-2333 -567 -705 32767 -8184 -32768
-1804 -629 -555 32767 -2700 -32768
-1552 -631 -481 32767 2948 -32768
-1450 -615 -411 32767 5507 -31061
-1705 -580 -339 32767 6577 -28208
-1857 -564 -267 32767 5612 -27252
-1924 -563 -152 32767 2883 -26718
-1838 -579 -53 32767 -482 -26353
-1697 -639 22 32767 -2874 -25955
-1606 -726 65 31108 -5699 -25027
-1667 -857 110 29317 -6918 -24641
-1927 -1172 151 26798 -8094 -24269
-2005 -1282 117 25317 -8722 -24061
-2445 -1440 73 23544 -9940 -24586
-2477 -1620 60 22317 -11109 -25048
-2442 -1837 179 21425 -10823 -25096
-2533 -1988 251 21065 -10445 -25093
-2728 -2006 173 21324 -11479 -25443
-3037 -1780 80 22441 -13300 -26430
-3225 -1565 147 23425 -12823 -27238
-3261 -1484 180 24843 -8078 -28315
-3146 -1051 232 25724 -2740 -28537
-3103 -918 232 27043 6375 -28037
-3081 -583 156 28049 11646 -27080
-3085 -504 120 30082 16446 -24156
-3110 -432 290 31488 17585 -20992
-3062 -461 388 32470 16256 -14235
-2993 -492 732 31100 11913 -6401
-3531 -805 1076 28803 7679 -1943
-4476 -1231 1238 24181 -260 2577
-5437 -1701 1207 19439 -6819 4645
-5826 -1901 919 17548 -8239 5698
-6048 -1780 593 17253 -817 9664
-5929 -1722 508 18003 6106 13205
-5541 -1635 713 18391 15112 19779
-5389 -1519 836 17985 17684 23957
-5377 -1343 792 16895 14904 28763
-5484 -1366 549 16436 9726 30993
-5566 -1411 294 16468 2236 32767
-5602 -1671 8 16718 698 32767
-5656 -1886 -305 17472 3922 32767
-7957 -8325 -2434 -32768 32767 32767
-6877 -7855 -2227 -32768 26898 32767
-6200 -7635 -2662 -32768 15590 32767
-5852 -6905 -3571 -32768 27621 32767
-4937 -6390 -963 -32768 13625 32767
-3799 -7413 695 -32768 14134 32767
-4418 -6313 739 -32768 11930 32767
-4568 -6506 1394 -32768 12990 32767
-4364 -6368 2237 -32768 14899 32767
-4095 -6246 2651 -32768 16112 32767
-3534 -5865 3001 -28876 15799 32767
-2871 -5393 3052 -24418 15690 32767
-2255 -4830 2861 -18812 16326 32767
-1931 -4439 2647 -15614 16400 32767
-1525 -4014 2275 -11218 16340 32767
-1251 -3505 1856 -8388 16448 32767
-1260 -3247 1644 -4416 15812 30820
-1247 -2965 1458 -652 14225 26374
-1069 -2622 1273 1610 13043 24077
-950 -2485 1284 4097 11728 21895
-850 -2311 1376 5102 10883 20541
-846 -2178 1501 4987 10250 19639
-916 -2080 1467 4370 8661 17652
-1111 -1845 1312 4069 7681 15824
-1159 -1703 1274 3634 7177 12912
-1257 -1518 1249 3402 7354 10987
-1285 -1359 1167 3390 8657 8171
-1245 -1101 1233 3423 9977 6471
-1252 -1036 1233 3356 11567 4149
-1178 -576 1312 3085 11825 2780
-1271 -382 1435 2090 10514 652
-1546 -124 1494 848 8048 -2095
-1581 127 1448 283 7029 -4054
-1555 191 1362 660 7266 -6917
-1601 557 889 2963 9166 -9954
-1617 727 827 4834 11347 -12231
-1686 939 829 7197 15095 -15714
-1843 1179 842 8370 17103 -18006
-1959 1265 965 9048 19338 -21596
-2388 1409 1421 8437 20075 -24482
-2667 1605 1609 6539 18720 -29244
-2640 2011 1335 5008 13244 -32545
-2512 2060 1150 4867 8232 -32768
-1780 1880 318 6275 2380 -30854
-1566 1695 78 8036 1413 -28328
-1657 1516 -37 11129 4413 -25000
-1982 1323 52 12851 8295 -23685
-2096 1222 155 14675 14399 -23035
-2218 1149 144 15616 17480 -23316
-2286 1059 202 16616 20426 -24698
-2304 941 200 17409 21474 -26517
-2125 899 48 18190 21207 -27461
-1871 852 -41 19487 20091 -27770
-1368 721 -44 20183 19383 -27017
-920 485 74 20670 18541 -24732
-674 318 206 20293 17877 -21762
-485 132 300 19761 16989 -19957
-397 80 281 19034 14575 -17829
-345 37 189 18908 11982 -17025
-421 -54 -15 19010 8853 -16813
-470 -96 -44 19718 3762 -17659
-543 -213 -72 20313 516 -18745
-581 -241 -83 21323 -3460 -21055
-633 -345 -71 22125 -6005 -23520
-633 -444 -104 22648 -6941 -24859
-629 -629 -190 23436 -6810 -26387
-608 -757 -229 23938 -5731 -26939
-618 -921 -285 24757 -3020 -27259
-717 -1116 -328 25401 -496 -27386
-1024 -1568 -528 26182 2351 -27472
-1183 -1688 -602 27836 4998 -27995
-1810 -2075 -816 29372 4261 -28547
-2087 -2443 -955 32491 84 -29258
-2297 -2837 -1017 32767 -3860 -29502
-2555 -3333 -1162 32767 -5470 -29228
-2894 -3666 -1210 32767 -6107 -29221
-3633 -4006 -996 32767 -5153 -30034
-4275 -4011 -815 32767 -3263 -32768
-5369 -3734 -338 32767 -1667 -32768
-5445 -3446 -182 32767 2872 -32768
-5293 -3076 -132 32767 7633 -32768
-4773 -2617 -169 32767 16070 -32615
-4506 -2299 -215 32767 22637 -24725
-4393 -1513 -50 32767 19918 -17180
-4406 -1080 105 32767 11735 -12952
-4504 -471 314 32767 -4479 -7902
-4763 43 412 32767 -13256 -5267
-4855 200 420 32767 -18134 -1715
-5444 646 168 32254 -16546 358
-5874 827 -126 30926 -12936 2644
-6218 1053 -532 32536 -11626 5100
-6196 1218 -744 32767 -11603 7804
-6130 1366 -845 32767 -10543 13657
-5851 1577 -1014 32767 -7412 21292
-5761 1674 -1191 32767 -4520 26494
-5803 1646 -1360 32767 -935 32767
-5828 1506 -1746 32767 1042 32767
-6162 1326 -2013 32767 5110 32767
-6430 978 -2307 32767 10392 32767
-6707 726 -2419 32767 22171 32767
-7329 331 -2629 29766 30133 32767
-7528 29 -2620 16585 32767 32767
-7268 -286 -2624 4929 32767 32767
-7252 -412 -2680 -15309 32767 32767
-6772 -813 -2545 -32768 32767 32767
-6037 -1301 -2089 -32768 32767 32767
-5687 -1576 -1651 -32768 32767 32767
-5578 -1785 -1286 -32768 32767 32767
-1879 -1579 2370 -32768 9514 32767
-1837 -1683 1578 -32768 3917 32767
-1768 -1837 1294 -26564 2893 32767
-1657 -1965 1210 -14537 4438 32767
-1510 -2021 1327 -5812 7948 27577
-1364 -2019 1619 -2151 10242 23983
-1361 -1943 1832 538 12869 18467
-1567 -1636 1921 1438 13701 12213
-1744 -1306 1902 1849 13242 7952
-1657 -1188 1859 3041 11082 2813
-1305 -1042 1895 4127 9628 512
-1139 -834 1951 5880 8778 -1743
-1015 -690 1877 7717 9477 -3143
-1006 -533 1843 8725 11796 -4014
-1075 -326 1833 9230 16826 -5794
-1473 -72 1747 9338 20149 -7981
-1654 58 1741 8830 25016 -12160
-1723 337 1741 7214 30286 -16167
-1691 593 1738 5502 32767 -18173
-1531 604 1680 2170 32767 -19460
-1400 680 1268 -157 32767 -19135
-1350 670 1177 -3827 25434 -17135
-1025 675 787 -6051 19514 -14917
-1003 665 699 -8316 14894 -11482
-1251 395 305 -8716 12698 -9844
-1456 285 94 -7315 6163 -8967
-1627 252 -158 -3989 -1922 -10026
-1735 310 -294 -1293 -5925 -11692
-1810 294 -314 2949 -8933 -15396
-2207 227 -580 6077 -8584 -18687
-2477 188 -552 10359 -3317 -25609
-2000 231 -93 13406 5257 -31670
-1768 61 -225 15522 9801 -32768
-1581 25 -343 18823 14282 -32768
-1663 -379 -260 20859 15950 -32768
-1696 -515 -212 23606 16177 -32768
-1788 -581 -186 25972 12824 -32768
-2248 -734 -101 27154 8540 -32768
-2417 -806 23 27668 1065 -32768
-2302 -909 138 27260 -3283 -32768
-1951 -1016 232 25741 -7766 -32768
-1732 -1039 215 24505 -9348 -32768
-1634 -962 81 23114 -10336 -32768
-1661 -946 -63 23168 -10051 -32768
-1891 -972 -203 23970 -9033 -32768
-2078 -1002 -228 25859 -7057 -32768
-2072 -918 -254 27166 -6193 -32768
-2144 -835 -214 28582 -5506 -32768
-2079 -647 -91 29044 -5066 -32768
-1872 -601 -22 29221 -3844 -32768
-1694 -753 118 28832 -1512 -32768
-1775 -782 258 27815 1079 -32768
-2187 -778 330 26878 1417 -32768
-2551 -711 301 25307 -309 -32768
-2599 -738 362 24282 -1706 -32768
-2530 -779 396 22756 -2805 -32768
-2151 -1036 539 21476 -2202 -30149
-1800 -1371 866 20796 -1139 -27470
-1872 -1475 888 20640 -593 -24405
-2459 -1719 885 21885 -2120 -24807
-3543 -1762 845 23441 -3641 -27535
-3929 -1516 707 26809 -4312 -32768
-4053 -928 577 29791 -1787 -32768
-3769 -608 541 32767 7489 -32768
-3473 -311 972 32767 16140 -32768
-3456 -287 1058 32767 26455 -26230
-3446 -190 1186 32767 28187 -16744
-3471 -232 1434 32767 22041 -6942
-3865 -482 1369 32767 14348 -1168
-4464 -561 1383 31342 260 4576
-5512 -1036 1161 26348 -11564 7261
-6042 -1472 563 25236 -15113 9805
-6273 -1662 303 26380 -11088 11990
-6367 -1701 347 28246 2761 15902
-6379 -1797 544 28668 13151 18663
-6365 -1650 521 27645 23060 22186
-6432 -1359 478 25977 24050 23783
-6487 -1292 322 23089 18010 25905
-6413 -1295 -51 21647 12618 27878
-6370 -1626 -539 21109 8343 31905
-6510 -2072 -849 22054 11276 32767
-6900 -2968 -1002 22156 18241 32767
-7145 -3472 -1043 18899 31564 32767
-7505 -4066 -1075 9641 32767 32767
-7583 -4257 -1154 256 32767 32767
-4625 -6449 914 -32768 -11142 32767
-5043 -6744 98 -32768 -12087 32767
-4929 -6852 -13 -32768 -4135 32767
-4441 -6852 -53 -27262 8276 32767
-3279 -6629 688 -17876 16131 32767
-2657 -6423 1366 -8842 23834 32767
-2126 -6073 2310 -6040 26614 32767
-1932 -5724 2593 -5100 25387 32767
-1505 -4974 2674 -5636 21031 32767
-1349 -4879 2663 -6760 13502 32767
-942 -4483 2384 -6722 7562 32767
-638 -4119 1965 -5714 4737 32767
-407 -3818 1709 -3039 2526 32767
-323 -3571 1658 -1074 2080 31163
-329 -3468 1665 1377 1994 27893
-380 -3051 1867 2299 2166 25158
-328 -2943 1923 2513 3486 20807
-305 -2574 2026 2051 5233 16340
-374 -2311 2013 1882 6316 13421
-374 -2155 2006 1942 8633 9323
-413 -1835 2090 2002 10489 6698
-479 -1634 2156 2170 12944 2901
-626 -1473 2236 2295 14363 396
-736 -1348 2249 2622 16326 -3427
-792 -944 2465 2549 17558 -5947
-823 -835 2555 1442 18437 -9892
-941 -250 2775 191 18149 -12645
-952 -107 2776 -1862 16688 -16233
-1002 285 2694 -3454 14418 -18419
-984 576 2454 -3909 13051 -18741
-1093 575 2333 -3694 11752 -18121
-1184 659 2092 -2957 11579 -17393
-1510 725 1591 -354 11789 -16990
-1875 727 1449 1863 12476 -17736
-2091 819 1463 4906 14915 -20615
-2277 1030 1356 7857 17047 -25053
-2330 1349 795 10132 17308 -27901
-2386 1367 417 14399 16513 -31358
-2456 1379 93 19320 16434 -32768
-2479 1392 -128 22571 17543 -32768
-2417 1339 -265 26864 21124 -32768
-2110 1173 -303 30197 25424 -32768
-1869 1010 -206 31629 28176 -32768
-1658 876 -156 32664 31108 -31073
-1476 748 -141 32537 31203 -29116
-1357 592 -119 31913 29484 -28117
-1234 520 -114 30352 24676 -27141
-1057 371 -140 29098 20446 -26718
-871 264 -108 26958 13476 -26246
-652 32 -128 25472 8681 -26111
-587 -16 -146 23438 1801 -26077
-542 -307 -218 19612 -7032 -27139
-663 -424 -339 18492 -8256 -27716
-754 -438 -407 17343 -9333 -28787
-872 -505 -456 16886 -9701 -29538
-1006 -661 -552 16998 -9425 -30440
-1037 -773 -540 18019 -8152 -30688
-1103 -936 -543 19301 -7116 -30696
-1438 -1256 -617 22053 -4977 -31015
-1880 -1581 -457 23878 -2977 -31543
-2362 -1842 -432 26142 -1717 -32768
-2888 -2034 -488 27803 -3205 -32768
-3126 -2349 -443 28654 -4445 -32768
-3220 -2657 -383 30229 -4382 -32768
-3599 -3076 -362 31725 -2944 -32709
-3703 -3076 -353 32767 322 -31221
-4196 -2902 -252 32767 2487 -30588
-4288 -2790 -241 32767 5206 -29906
-4359 -2411 -160 32767 8095 -28584
-4242 -2125 -26 32767 10315 -26942
-4118 -1776 178 32767 12440 -23792
-4124 -1550 344 32767 12043 -21456
-4053 -1280 570 32767 7754 -17576
-3999 -1001 570 31341 2805 -14758
-3954 -852 517 28406 -5282 -10197
-3949 -667 528 26660 -9703 -7221
-4067 -551 517 24410 -14116 -3515
-4256 -403 465 23229 -15485 -1600
-4363 -316 447 21865 -14939 418
-4415 -99 475 21116 -13087 1464
-4358 50 458 20316 -9346 2743
-4258 252 391 20120 -6259 4132
-4041 476 251 20346 -5235 5384
-3775 674 187 20861 -4245 7807
-3599 797 209 21063 -3940 9673
-3605 881 261 20724 -5007 12390
-3679 992 270 19612 -8546 15296
-3674 1011 254 18712 -11179 17781
-3637 901 265 17784 -12201 20665
-3638 875 234 16885 -10176 25380
-3611 776 25 17226 -6424 29855
-3892 823 -282 18298 -5203 32222
-4051 794 -523 21301 -5505 32767
-4292 838 -748 23735 -4605 32767
-4809 858 -878 27337 835 32767
-5003 846 -912 29131 6708 32767
-5103 842 -935 29710 15791 32767
-5251 961 -824 28188 20747 32767
-5218 949 -818 22899 27181 32767
-5486 1068 -960 17634 31316 32767
-5718 1085 -1300 9024 32767 32767
-6100 630 -1812 2038 32767 32767
-6275 -51 -1626 -2261 32767 32767
-6080 -291 -1200 -9839 32767 32767
-5762 -378 -681 -19575 32767 32767
-5067 -445 76 -26522 32767 32767
-4594 -320 1139 -32768 32767 6249
-4515 -189 3090 -32768 32767 -3516
-3973 -679 2483 -32768 32767 32767
-2563 -661 3040 -32768 32767 32767
-2006 -639 3526 -32768 32767 32767
-1766 -604 4034 -31627 32767 32767
-1587 -598 3950 -28495 32767 32767
-1745 -667 3484 -21139 19452 32767
-2000 -804 2974 -15189 14197 32767
-2069 -918 2575 -7410 13629 32767
-2000 -969 2494 -3518 17354 32767
-1880 -916 2543 -3273 19950 31629
-1850 -812 2573 -4870 22572 21423
-1683 -685 2592 -5892 22962 15963
-1605 -729 2463 -5716 20783 10106
-1564 -699 2329 -4449 18533 7368
-1709 -674 2219 -1637 15773 3483
-2008 -458 2018 296 15359 706
-2156 -353 1998 2676 18974 -4688
-2393 -85 1817 3963 23964 -8916
-2332 -62 1741 6141 32352 -14624
-1884 -106 1537 8551 32767 -18287
-1312 -128 1470 9908 32767 -19450
-1187 -13 1499 10944 32767 -20281
-1078 115 1510 10607 32767 -20518
-1131 136 1502 9651 32767 -20772
-1444 176 1303 8194 32767 -21396
-1509 189 1427 4009 32767 -23027
-1865 411 1095 -779 32767 -26058
-3062 923 721 -3603 30452 -29863
-3091 1469 956 -7774 22550 -32768
-1445 860 -246 -8875 10635 -32554
-873 295 -382 -8679 738 -27602
-1263 263 -389 -7955 -8708 -20369
-2140 868 -420 -7086 -9535 -17081
-2348 902 -500 -4633 -5211 -14943
-2631 927 -667 -640 2010 -15127
-2638 916 -661 2828 5851 -16034
-2530 960 -757 9006 8629 -17891
-2358 903 -891 13822 9147 -19433
-2089 924 -753 21249 10598 -21704
-1855 934 -677 28359 11965 -23701
-1603 740 -467 32270 12004 -24739
-1502 569 -228 32767 9693 -25644
-1326 307 58 32767 6549 -25779
-1181 179 327 32767 1241 -25354
-1026 19 717 30966 -2022 -24753
-946 -3 788 25097 -6355 -23628
-781 -116 581 20311 -8977 -22440
-735 -200 465 18209 -9212 -21858
-765 -249 297 16767 -8025 -21669
-1035 -283 219 16757 -7149 -22305
-1157 -279 202 17695 -7706 -23913
-1272 -259 127 19177 -11068 -24861
-1192 -258 156 19994 -13840 -24354
-1014 -333 316 20708 -17351 -22257
-964 -431 350 21020 -18829 -20341
-1021 -463 336 21554 -19311 -17942
-1233 -546 289 22332 -17805 -16965
-1512 -575 228 22995 -16311 -17252
-1693 -549 204 24154 -14244 -18626
-1796 -643 237 24816 -12937 -19556
-1765 -727 259 25699 -10736 -20348
-1744 -759 211 26838 -8659 -20541
-1703 -827 89 28031 -7486 -20487
-1768 -908 37 30326 -5980 -20967
-1944 -979 -73 32105 -5270 -21932
-2063 -948 -110 32767 -4428 -24242
-2171 -900 -11 32767 -3738 -25884
-2188 -977 128 32767 -1863 -28000
-2232 -1086 241 32767 950 -29439
-2609 -1229 301 32767 2936 -30255
-2761 -1421 253 31605 6121 -30554
-2591 -1712 244 30616 8664 -29546
-2517 -1864 303 29128 12983 -26136
-2395 -2511 592 27887 14884 -23245
-2464 -2638 704 25296 14530 -19900
-3195 -3026 1497 22669 11600 -19143
-3526 -3151 1567 18672 978 -20806
-4038 -3123 1196 16989 -8500 -22331
-3901 -3004 1048 16778 -18491 -21490
-3335 -2734 852 18038 -19854 -18579
-3416 -2643 886 20801 -14285 -13724
-3963 -1851 879 22663 -7818 -11626
-4075 -1620 831 20413 -14319 16379
-5087 701 -558 23007 -16034 21839
-5373 590 -858 25955 -15081 25191
-5611 429 -1060 31648 -8610 28630
-6037 137 -1129 32767 -1527 29651
-6159 -159 -1080 32767 9620 30627
-6365 -597 -1019 32767 15690 31440
-6444 -995 -941 32767 22414 32767
-6752 -1673 -932 30219 25134 32767
-7396 -2340 -982 20033 29558 32767
-9349 -3859 -1520 7778 32767 32767
-10164 -4975 -1927 -5416 32767 32767
-10652 -6784 -1864 -16211 32767 32767
-10619 -7577 -1660 -32768 32767 32767
-10068 -8129 -793 -32768 32767 32767
-9062 -8089 -277 -32768 32767 32767
-8460 -7829 -511 -32768 32767 32767
-8116 -7817 -348 -32768 32767 32767
-7090 -7392 166 -32768 29788 32767
-6052 -8084 1542 -32768 16789 32767
-6907 -7541 1331 -32768 5521 32767
-6789 -8196 2090 -32768 -1818 32767
-5526 -7898 2595 -32768 -246 32767
-4345 -7740 2960 -32768 5305 32767
-3340 -7372 3082 -31768 11475 32767
-2249 -6350 3117 -24349 14560 32767
-2041 -6117 3145 -15033 17242 32767
-1418 -5403 3120 -8463 14584 32767
-1048 -5091 3042 -5375 10986 32767
-664 -4733 2849 -1992 5828 32767
-544 -4444 2432 184 3236 32767
-504 -4223 2072 3790 1129 30939
-370 -3867 1606 7521 1307 25247
-329 -3485 1422 9332 2508 21474
-173 -3215 1474 10101 5713 16759
32 -2663 1549 9336 7711 14076
122 -2283 1608 6925 9297 10337
168 -1866 1698 4911 9119 7884
155 -1474 1785 1947 7677 4215
140 -1240 1766 -96 5724 490
0 -938 1737 -807 4938 -2155
-174 -690 1591 -863 5473 -6366
-318 -471 1506 -74 7778 -10526
-391 -211 1530 441 10037 -12923
-469 -60 1627 914 13709 -16035
-741 148 1769 1130 15327 -18147
-956 373 1779 1452 16222 -21398
-1331 732 1724 1754 16350 -23425
-1411 881 1644 2256 15976 -25234
-1505 1067 1510 2448 15174 -25216
-1613 1122 1377 2427 14585 -24501
-1696 1064 1279 2326 14313 -22938
-2082 947 1110 2639 15328 -22378
-2396 975 852 3205 16936 -22788
-2422 1042 807 4514 19801 -23626
-2321 1158 517 6854 21499 -23787
-2259 1058 137 8929 22186 -23529
-2245 1034 135 11979 23693 -23029
-2216 1006 135 14598 25735 -22617
-2045 916 54 16136 27119 -22299
-1870 863 66 18038 29152 -21686
-1671 759 100 18954 30094 -21314
-1596 653 109 19985 30237 -21126
-1510 554 205 20205 29198 -21330
-1416 544 400 19519 25668 -21880
-1276 555 566 18069 22459 -22280
-1138 582 629 15480 15704 -22967
-1007 636 559 13887 10929 -23200
-835 605 460 12312 4858 -22701
-573 435 234 12298 995 -21241
-415 262 77 13043 -43 -20210
-395 264 49 14902 666 -19183
-495 137 -77 16583 1609 -19001
-712 33 -91 19208 2273 -19863
-977 -1 -144 20871 1610 -21097
-1332 -36 -252 22395 217 -22391
-1328 -77 -269 24648 -2079 -23228
-1260 -550 -345 26330 -2838 -22769
-1240 -681 -355 29242 -1857 -20964
-1490 -1230 -385 31377 -388 -19480
-1916 -1507 -395 32767 757 -18512
-2352 -1738 -362 32767 -809 -19515
-2820 -2019 -230 32767 -3059 -20954
-3108 -2258 -147 32767 -7335 -23385
-3309 -2384 -113 32767 -11602 -25998
-3466 -2505 -58 32767 -13617 -27654
-3776 -2630 60 32767 -15016 -29537
-3978 -2606 -5 32767 -14775 -30146
-4176 -2445 -7 32767 -11528 -30571
-4246 -2216 -4 32767 -7382 -30318
-4158 -2019 35 32767 -290 -28772
-4057 -1703 48 32767 3008 -27072
-3904 -1448 79 32767 3931 -23536
-3703 -1209 187 32767 1138 -20667
-3567 -840 328 32767 -7858 -16307
-3663 -527 356 32767 -14920 -13963
-4276 -33 381 32767 -20676 -12250
-4427 45 374 32767 -24742 -9950
-4748 148 365 31418 -23826 -7202
-5035 364 287 30242 -21397 -5413
-5209 568 217 29217 -17552 -3232
-5403 904 61 28911 -16071 -2031
-5355 1188 -104 29102 -14341 166
-5162 1528 -290 29524 -12048 2129
-4976 1692 -442 30669 -8003 6207
-4800 1774 -513 31271 -5753 9514
-4354 1909 -579 31297 -3958 14969
-4299 2011 -715 30811 -3968 18301
-4413 2069 -828 29444 -4307 21981
-4596 2027 -939 28076 -3341 23679
-4654 2008 -1023 25478 1195 25513
-4948 2028 -1293 22654 6559 27031
-5296 1869 -1580 20724 9160 28712
-5475 1736 -1751 17855 11490 32767
-5804 1404 -2068 15997 13158 32767
-6156 1184 -2160 12382 19472 32767
-7056 622 -2134 8805 26034 32767
-7155 348 -2139 1168 32767 32767
-6950 -27 -2128 -27686 32767 32767
-2842 -790 4647 -32768 32767 32767
-2988 -1020 4940 -32768 28988 32767
-2752 -1183 4831 -32768 19897 32767
-2546 -1481 4231 -32768 17043 32767
-2200 -2151 3803 -21560 16406 32767
-2244 -2254 3482 -8885 17397 32767
-2209 -2295 3348 -2354 18469 32767
-2024 -2302 3406 3093 19956 32767
-1410 -2414 3415 4251 20610 29068
-1261 -2393 3370 3955 20797 22705
-944 -2309 3234 2939 19728 17545
-964 -2121 3080 2388 18133 14120
-972 -1921 2838 2353 15368 9127
-912 -1818 2622 3280 14035 4926
-769 -1670 2411 3935 14580 2610
-717 -1543 2337 4222 16957 -666
-626 -1387 2260 3738 18945 -2832
-669 -1274 2084 2439 22461 -6485
-673 -1119 1780 1179 26841 -10550
-552 -1041 1533 735 30176 -13061
-415 -947 1298 763 32767 -16320
-372 -797 1273 799 32767 -18402
-299 -809 1667 -559 32767 -21584
-241 -600 1824 -1852 32767 -24795
-616 -541 1851 -1528 32767 -27531
-832 -521 1762 954 32767 -32672
-1229 -434 1464 5981 32767 -32768
-1452 -302 1113 10920 32767 -32768
-1594 -72 662 21406 32767 -32768
-2080 -195 153 29834 30434 -32768
-2233 -186 27 32767 26717 -32768
-2953 -14 -417 32767 22706 -32768
-3221 -68 -544 32767 19694 -32768
-3064 -268 -273 32767 14834 -32768
-2969 -454 -86 32767 7807 -32768
-2487 -656 202 32767 644 -32768
-2130 -783 394 32767 -12752 -31608
-1752 -1167 644 32767 -21784 -29272
-1737 -1472 709 32767 -32768 -26598
-2949 -1895 244 32767 -32768 -28561
-3831 -1978 -219 28609 -32768 -31902
-4240 -1685 -753 21276 -32768 -32768
-3608 -1569 -1092 18126 -30075 -32768
-3068 -1562 -1222 16054 -19690 -31094
-2455 -1329 -1290 16055 -15120 -26762
-2148 -1081 -1334 17336 -13680 -20325
-1983 -911 -1276 19210 -16407 -15145
-1917 -666 -1045 20368 -18420 -12901
-1938 -477 -797 21612 -20209 -11231
-1938 -409 -608 22175 -19901 -10952
-1900 -391 -255 22155 -18576 -11248
-1930 -408 -178 21725 -16236 -12255
-2048 -397 -75 21396 -14548 -13540
-2025 -400 -6 21579 -13002 -14485
-2130 -467 -56 22310 -11718 -15054
-2222 -591 -9 24181 -8181 -15996
-2270 -647 52 25705 -5143 -16686
-2359 -731 99 28018 -1804 -17780
-2444 -650 224 29230 -737 -18609
-2478 -622 267 30202 -203 -19717
-2585 -545 441 29789 -411 -20346
-2536 -326 541 28849 -453 -20007
-2451 -161 550 27007 -165 -18183
-2383 -140 467 25469 280 -14990
-2574 -238 385 24697 506 -12763
-2745 -493 376 23761 -285 -9741
-3020 -932 497 21915 -2610 -7124
-3446 -1768 1581 17026 -6954 -4713
-3708 -2425 1754 13158 -11815 -3248
-3803 -2867 1601 8875 -18117 -1003
-3902 -2825 1464 7052 -18812 129
-4033 -2306 1536 5492 -16745 815
-4002 -2166 1576 3408 -10814 1274
-3629 -1434 1614 2312 -6258 1411
-3511 -1258 1597 1322 -309 1511
-2929 -859 1507 1178 2348 1825
-2785 -776 1496 1526 3936 2732
-2309 -390 1463 1927 3232 3578
-2089 -229 1441 2694 492 5063
-1921 -84 1388 3315 -1637 5987
-1837 189 1165 4640 -4129 6616
-1864 372 950 6566 -4928 5990
-1960 644 648 8048 -3989 4947
-2219 764 300 11386 -197 1745
-2469 849 -98 13275 1846 265
-2613 871 -227 15706 6196 -1137
-2826 950 -372 17416 11200 -1396
-3103 965 -618 18158 13666 -1083
-3363 893 -700 18193 15185 -171
-3597 717 -808 17350 13719 1054
-3944 290 -1135 15744 10992 2950
-4061 182 -1192 11903 8827 6604
-4590 -168 -1615 9099 10394 9057
-4896 -446 -1945 5639 14847 12323
-5216 -778 -2290 3682 16645 15231
-5424 -1311 -2411 2528 16174 17644
-5517 -1781 -2251 -834 14825 22338
-5683 -2194 -1890 -4763 15138 25648
-5910 -2399 -1857 -11795 15652 29226
-6443 -3049 -2117 -17218 14699 30660
-7092 -4175 -2384 -19604 14797 30794
-7658 -4953 -2169 -32768 -12135 32767
-4250 -6577 2760 -32768 -17307 32767
-4039 -6231 2024 -32768 -16317 32767
-3615 -6156 1827 -32768 -6266 32767
-2730 -6142 1900 -28088 3084 32767
-2133 -5940 2090 -17336 15258 32767
-1484 -5581 2515 -11591 20560 32767
-1018 -5129 2871 -5337 24386 32767
-753 -4897 3058 -1569 24744 32767
-447 -4492 3140 -121 22971 32767
-321 -4306 3140 942 18530 32767
-30 -3994 2863 1591 14557 32767
210 -3764 2650 2012 12661 32767
226 -3715 2578 2727 10513 32532
327 -3423 2346 3681 8226 29595
251 -3065 2198 4191 6810 26784
64 -2783 2114 4605 5522 21876
-113 -2517 2153 4442 5745 18750
-144 -2298 2154 3620 7605 14673
-165 -2089 2146 2542 10147 11463
-246 -1706 2129 1730 11779 9403
-343 -1425 2134 507 13501 5892
-627 -999 2104 -63 13984 3214
-715 -937 2110 -560 14348 -1302
-1084 -625 2153 -687 15481 -6324
-1139 -415 2092 -389 16598 -9490
-1231 26 1995 623 18248 -13735
-1131 534 1856 1484 18658 -15929
-1048 831 1785 2547 17246 -17721
-1134 1051 1700 2954 13859 -18490
-1252 1203 1602 2851 11986 -18818
-1584 1305 1624 2146 11279 -20187
-1825 1507 1582 1871 11758 -21456
-1794 1840 1495 2018 13284 -22951
-1723 1960 1382 2770 14476 -23510
-1625 2180 802 4241 15093 -23809
-1647 2211 606 7688 13783 -23789
-1770 2182 218 10119 12157 -23503
-1986 1956 454 12224 11470 -23089
-2155 1674 687 12378 13234 -23302
-2162 1625 605 12203 14630 -23686
-2101 1538 546 11881 16520 -24111
-1906 1390 477 11739 17802 -24294
-1720 1321 342 12080 19054 -24222
-1471 1073 16 13300 19554 -23854
-1271 925 -53 14390 19811 -23272
-1067 766 -90 16032 19675 -21924
-858 546 -37 16787 18973 -20953
-736 489 54 17108 17030 -19701
-615 408 146 16738 13815 -19015
-572 375 167 16336 11215 -18983
-565 330 122 15773 7245 -19539
-550 261 17 15686 4599 -20226
-533 240 -2 15824 1242 -21304
-482 190 -43 15988 -254 -21968
-471 149 -63 16375 -1528 -22589
-488 -41 -153 17089 -2147 -22759
-609 -258 -165 17666 -2006 -22758
-719 -389 -219 18817 -1295 -22662
-956 -600 -280 19808 -752 -22585
-1105 -722 -339 21728 -493 -22195
-1254 -909 -407 23258 -764 -21608
-1402 -1100 -399 26012 -1327 -20498
-1723 -1402 -354 28151 -1593 -19996
-1873 -1540 -312 31456 -1386 -20071
-2291 -1984 -231 32767 -1618 -20948
-2613 -2189 -304 32767 -3237 -22086
-3210 -2244 -395 32767 -7019 -24758
-3674 -2487 -279 32767 -9108 -26884
-3997 -2579 -122 32767 -9620 -30108
-4376 -2612 28 32767 -8275 -31817
-4474 -2548 41 32767 -4374 -32768
-4527 -2174 134 32767 -692 -32768
-4414 -2078 167 32767 5834 -31082
-3979 -1672 225 32767 9394 -28328
-3918 -1559 215 32767 11098 -23640
-3828 -974 138 32767 9292 -20812
-3811 -718 222 32767 3484 -17452
-3831 -473 304 32767 -3826 -14846
-3895 -207 455 30802 -8560 -13358
-4388 1463 -360 21994 -2435 2984
-4278 1498 -426 22424 -2714 6179
-4044 1510 -604 23063 -2899 11188
-4000 1499 -680 23217 -2921 14254
-4035 1502 -794 23164 -3685 18067
-4244 1554 -1116 23111 -4474 19933
-4448 1541 -1346 23430 -4531 21966
-4800 1471 -1779 24140 -2843 23253
-5269 1149 -2082 25548 3007 25703
-5688 903 -2351 26987 9746 29436
-6022 697 -2619 27258 13918 32767
-7207 -113 -2579 25649 18194 32767
-7449 -267 -2480 17454 25677 32767
-8010 -874 -2397 3344 31565 32767
-8479 -1637 -2509 -7413 32767 32767
-8748 -2162 -2570 -22972 32767 32767
-8693 -2762 -2251 -32540 32767 32767
-8059 -3224 -1517 -32768 32767 32767
-7510 -3362 -1135 -32768 32767 32767
-6556 -3610 -182 -32768 32767 32767
-7430 -5244 -1663 -32768 32767 32767
-5786 -2680 2226 -32768 32767 32767
-3492 -3807 3966 -32768 32767 32767
-3004 -3468 4072 -32768 21906 32767
-2722 -3829 4318 -32768 12725 32767
-3124 -3566 4126 -32768 7302 32767
-3402 -3531 3576 -32768 6880 32767
-3135 -3612 3508 -24787 13633 32767
-2331 -3720 3499 -12878 23250 32767
-2128 -3736 3540 -7323 27833 32767
-1422 -3619 3697 -2818 29187 32767
-733 -3281 3840 -2078 26134 31059
-473 -2948 3848 -3269 17541 27242
-394 -2410 3683 -5086 8547 23703
-484 -2182 3404 -5468 5057 20963
-530 -1996 3089 -4322 3839 16639
-344 -1645 2386 -2389 4729 14122
-288 -1544 2271 1271 8407 10920
-147 -1251 2021 4731 13702 8191
-168 -1036 1926 6471 17050 6476
-275 -782 1909 7737 20949 4094
-311 -620 1867 7892 22260 2743
-289 -294 1748 7385 22101 1176
-255 -51 1601 6749 21287 376
-271 40 1461 5864 19920 -1176
-783 110 989 5683 18385 -4407
-1134 113 781 5910 17411 -7599
-1449 136 582 6507 16508 -13277
-1821 256 389 6814 16846 -17286
-2010 346 318 7018 19067 -22981
-2162 520 155 7257 21019 -26286
-2098 656 -41 7862 24031 -30069
-2042 685 -132 8405 26023 -31836
-2057 685 -166 9378 28089 -32768
-2182 674 -276 10091 28437 -32768
-2175 635 -292 11180 27128 -32768
-2071 574 -375 12259 23758 -32768
-1959 708 -440 12788 20366 -32768
-1922 682 -475 13294 14435 -32768
-1524 512 54 23571 8054 -29701
-1372 496 169 27379 6127 -28266
-1150 384 478 29093 4292 -26530
-1184 356 565 30070 629 -23714
-1272 305 761 29496 -3409 -21095
-1388 174 841 28645 -5862 -19612
-1590 97 812 27069 -8835 -18023
-1629 55 727 25998 -10208 -17106
-1607 51 721 24422 -11628 -15582
-1405 -125 846 23322 -12352 -14207
-1345 -206 877 21912 -13479 -11854
-1312 -498 968 21011 -15340 -10231
-1298 -741 983 20693 -17221 -9808
-1335 -997 928 20932 -21410 -10532
-1502 -1431 750 21511 -24995 -12183
-1757 -1624 634 22703 -30341 -16718
-2164 -1629 434 23536 -32768 -22890
-2325 -1403 274 23782 -32768 -26955
-2253 -1323 186 23874 -25988 -31490
-2048 -1385 211 23894 -17627 -32768
-1993 -1408 332 23882 -1847 -32768
-2032 -1352 388 24073 8452 -32768
-2149 -1293 377 25136 19442 -32768
-2419 -1460 554 26099 23067 -32768
-2484 -1565 615 27404 23036 -32768
-2238 -2015 657 28094 19647 -32768
-2046 -2129 656 28295 11423 -32768
-1797 -2437 713 27624 5597 -30832
-1937 -2546 674 26110 -1606 -24141
-2323 -2762 818 24733 -4284 -20607
-3236 -3059 1038 22036 -6476 -18410
-3945 -3341 1063 19366 -8482 -19877
-4304 -3236 920 18107 -8440 -21181
-4292 -3132 861 17198 -5421 -21819
-3995 -2494 883 17052 -1261 -20719
-3913 -2075 1026 16890 6738 -17235
-3800 -1692 1111 16575 13291 -12366
-3641 -1068 1265 15453 14766 -7087
-3496 -545 1304 14237 11427 -3495
-3529 -400 1233 12495 1477 1166
-3689 67 717 12045 -5089 3833
-3759 95 565 13114 -9567 7243
-4027 105 73 16054 -6391 9614
-4428 126 -207 18235 -1472 10709
-4635 86 -231 20076 3904 11834
-4670 57 -171 21275 10371 14032
-4813 -14 -103 20593 12669 16784
-4836 15 -87 19264 12284 19110
-8395 -3885 -1903 -11863 29663 32767
-9003 -5544 -2261 -20936 32767 32767
-9173 -6728 -2657 -32600 32767 32767
-9084 -7860 -2573 -32768 32767 32767
-8467 -8242 -1505 -32768 32767 32767
-7684 -8020 -362 -32768 19710 32767
-7302 -7669 -74 -32768 3772 32767
-11021 -7356 -140 -32768 -2016 32767
-5355 -7494 646 -32768 -6127 32767
-5982 -6833 -348 -32768 -1960 32767
-6340 -7541 -57 -32768 17768 32767
-5902 -7775 546 -32768 30291 32767
-5408 -7602 1327 -26178 32767 32767
-4275 -7246 2553 -20769 32311 32767
-3633 -6844 3041 -16066 22033 32767
-2792 -6304 3640 -14883 17199 32767
-2266 -5778 3545 -14358 12153 32767
-1947 -5359 3300 -13105 8751 32767
-1413 -4876 2699 -11096 7952 32767
-1079 -4606 2273 -6586 8343 32767
-594 -4215 1830 -3258 9160 32767
-289 -3913 1679 1227 10375 28581
59 -3523 1669 3276 10511 25408
193 -3179 1920 4319 9536 20973
187 -2999 2055 3147 7014 16335
30 -2621 2125 1560 5205 12825
-92 -2355 2030 -986 3746 7480
-62 -1804 1810 -3090 4437 3118
-33 -1677 1781 -4149 5492 873
-134 -1353 1669 -4625 7277 -2348
-301 -1072 1589 -4058 8942 -4598
-452 -961 1520 -1973 12783 -8619
-806 -690 1338 72 15660 -11957
-1161 -251 1356 2780 19809 -17338
-1335 119 1730 3571 21768 -20427
-1356 213 1897 2776 22440 -23525
-1713 467 2060 999 20776 -25930
-1973 698 2048 -153 18880 -26932
-2131 882 1830 -433 15218 -27000
-2211 966 1131 1424 11958 -25274
-2225 989 964 3212 11226 -23567
-2307 1009 1015 5046 12691 -21397
-2482 982 1146 5580 14190 -20824
-2726 1039 1032 6237 16503 -21106
-2788 1134 633 7064 17423 -21711
-2762 1114 315 9109 18186 -22680
-2694 1046 90 10539 19184 -23162
-2611 961 264 11723 21936 -23772
-2556 922 370 11779 25238 -24258
-2406 958 369 11425 27417 -24531
-2188 967 274 11010 29466 -24761
-2013 916 176 10864 29728 -24708
-1778 852 76 10889 28227 -24069
-1378 691 20 10846 24249 -22866
-1301 603 74 10525 20641 -22100
-1391 529 190 9259 15677 -21625
-1256 450 442 8068 13076 -21440
-1147 441 410 6513 9859 -21007
-996 419 285 6057 7849 -20437
-832 387 155 6451 5213 -19000
-607 334 -14 7464 4063 -17762
-425 320 -159 9954 3441 -15671
-521 254 -226 12103 3386 -14578
-777 263 -250 15570 3323 -14371
-947 302 -264 18941 2884 -15394
-1038 274 -248 20899 2514 -16196
-1017 165 -226 23347 2214 -16901
-1034 -73 -248 24722 2491 -17019
-1049 -219 -246 26479 4024 -16776
-1174 -482 -233 27417 5379 -16377
-1269 -712 -313 28857 7023 -15490
-1698 -1220 -430 29863 7392 -15003
-2046 -1445 -479 31295 6420 -15192
-2359 -1638 -471 32240 4024 -16318
-2681 -1912 -531 32601 1773 -17299
-2680 -2098 -627 32767 -1448 -18293
-2752 -2245 -625 32767 -3483 -18757
-2934 -2506 -653 32767 -4273 -19180
-3159 -2617 -689 32767 -4932 -20632
-3410 -2722 -630 32767 -4911 -21956
-3553 -2750 -598 32767 -4563 -24110
-3582 -2497 -611 32767 -4295 -25280
-3453 -2375 -587 32767 -3369 -25720
-3342 -2267 -499 32767 -502 -24641
-3395 -2050 -380 32767 2456 -23652
-3457 -1835 -217 32767 6877 -22071
-3520 -1430 26 32767 8391 -20903
-3586 -1209 120 32767 6727 -18648
-3694 -968 240 32767 3396 -16843
-3824 -782 300 32767 -3837 -13717
-4090 -342 330 32767 -9387 -11205
-4238 -164 434 30599 -15307 -7080
-4551 200 599 27927 -16928 -3252
-4856 507 616 26252 -16686 -1324
-5129 770 620 24434 -15832 831
-5236 1088 590 24071 -15315 2526
-5151 1304 490 25247 -15474 6607
-4928 1540 350 27033 -15907 10294
-4742 1711 253 30684 -15921 16499
-4592 1869 -6 32767 -14985 20254
-4582 1972 -196 32767 -11610 24510
-4654 1993 -387 32767 -8570 26506
-4925 1792 -731 32767 -5466 28061
-5081 1718 -922 32767 -1046 29585
-5151 1664 -1115 32767 3529 31130
-5394 1584 -1348 32767 6588 32463
-6259 1300 -1982 32767 9802 32767
-6576 1185 -2105 32767 17217 32767
-7938 642 -2420 32751 30709 32767
-8227 500 -2527 23620 32767 32767
-8543 -120 -2704 3486 32767 32767
-8235 -797 -2536 -13315 32767 32767
-7914 -981 -2382 -32768 32767 32767
-6824 -1619 -1993 -32768 32767 32767
-6360 -2099 -1602 -32768 32767 32767
-6069 -2487 -1302 -32768 32767 32767
-4407 -3548 517 -32768 32767 32767
-4335 -2819 1693 -32768 32767 32767
-4156 -2630 2912 -32768 32767 32767
-3598 -2392 3954 -32768 32767 32767
-2984 -2485 4199 -32768 32767 32767
-2260 -2717 3933 -32768 27397 32767
-2344 -2529 3306 -32768 19098 32767
-2629 -2433 2799 -25594 14766 32767
-2618 -2440 2735 -14788 11719 32767
-2261 -2514 2809 -8097 12830 32767
-1851 -2554 2986 -5985 14766 27567
-1669 -2489 3073 -5174 17002 19681
-1568 -2332 3063 -5739 16930 12554
-1612 -1994 2856 -5898 15470 8350
-1551 -1689 2589 -4406 12378 4260
-1137 -1501 2255 -1056 10998 3454
-800 -1281 2143 1494 11248 3984
-806 -1019 2156 4591 12350 4405
-1038 -710 2351 5873 13234 3639
-1160 -386 2388 5746 15446 880
-1201 -6 2424 4794 16523 -1505
-1102 173 2308 2956 17787 -4900
-874 528 1969 1689 18570 -6802
-836 622 1862 236 19556 -8682
-599 720 1617 -472 20382 -9181
-553 735 1606 -1480 22104 -9258
-600 720 1598 -2345 23277 -9620
-829 866 1538 -2659 24057 -10839
-1299 783 1096 -1806 23557 -14382
-1870 688 449 37 21904 -17727
-1966 691 282 4206 17681 -22869
-1899 705 -224 8883 13311 -26421
-1802 714 -403 11899 12127 -27744
-1678 683 -408 15531 13938 -28592
-1669 488 -501 18496 16802 -28817
-1687 392 -540 20184 18307 -28950
-1803 340 -479 21948 19712 -29769
-1752 198 -336 22618 20258 -30430
-1637 43 -46 22645 19820 -31393
-1572 22 105 21474 16068 -32252
-1483 35 146 20389 11406 -32740
-1473 25 99 18647 2397 -32768
-1438 -25 21 17473 -3601 -32768
-1412 -105 -13 16013 -11187 -32768
-1306 -254 -94 15124 -16300 -32449
-1234 -301 -122 14919 -17828 -31327
-1174 -275 -117 15330 -16877 -29467
-1151 -301 -158 16070 -14353 -28501
-1359 -309 -242 18100 -9833 -28202
-1945 -233 -339 20691 -7018 -30014
-2267 -171 -353 23128 -6826 -32768
-2395 -27 -191 24172 -7378 -32768
-2213 -11 -82 25008 -7833 -32768
-1673 -105 80 25205 -7398 -31352
-1297 -338 221 25268 -4908 -26127
-1134 -452 316 25100 -220 -20672
-1341 -483 377 24884 2434 -18129
-1678 -535 310 24708 2778 -17011
-2441 -363 146 24613 -1092 -18608
-2329 -249 102 24453 -4626 -19540
-2051 -260 139 24012 -8823 -19118
-1693 -419 231 23620 -10241 -17597
-1391 -852 277 23454 -10827 -15788
-1372 -965 256 23716 -10736 -13821
-1473 -1357 128 24229 -10255 -13592
-1669 -1406 20 25467 -9316 -15372
-2070 -1346 -54 26558 -8905 -20447
-2852 -1209 -54 26835 -8897 -25463
-3132 -1062 -57 26468 -7537 -32768
-2719 -983 -97 25820 -2195 -32768
-2530 -1044 -91 25572 3889 -32768
-2050 -1349 1 25433 14388 -32768
-2148 -1507 120 25283 19866 -30370
-2451 -1659 223 24467 21773 -26570
-2680 -2123 563 23074 18686 -24323
-2934 -2525 1066 19019 9467 -22036
-3457 -3126 1427 16016 761 -21368
-3755 -3247 1321 13130 -12793 -20756
-4299 -3135 987 12664 -21339 -19493
-4322 -2958 1119 12852 -21917 -17601
-4248 -2563 1352 12897 -14797 -13364
-4035 -1891 1574 12910 -7177 -10181
-3911 -1537 1547 13899 5241 -5531
-3784 -785 1413 14745 7492 -4214
-3498 -278 1547 15578 6536 -2197
-3294 34 1580 15994 2879 730
-3216 332 1444 16509 222 2972
-3474 387 1157 18396 -2258 5990
-3698 347 995 21415 -2663 8196
-4227 200 657 23744 -1931 9363
-4457 181 570 27047 779 10889
-4607 215 448 28769 3416 11998
-4699 276 176 30742 8300 14360
-4695 251 -81 32199 14105 17593
-4740 148 -365 32672 17485 19976
-4797 7 -586 32574 19139 23677
-5033 -307 -1164 31870 17187 27371
-5060 -468 -1268 31017 15928 30024
-5220 -1150 -1667 29093 16126 32767
-5690 -1997 -1717 26143 17742 32767
-6004 -2555 -1758 -32768 26966 32767
-6644 -7197 39 -32768 7021 27173
-5343 -6322 3064 -32768 12829 32767
-5057 -6066 3517 -32768 -10064 32767
-5188 -6033 3846 -32768 -29524 32767
-5152 -6121 2679 -32768 -32768 32767
-5111 -6017 2385 -32768 -32768 32767
-4546 -6228 1290 -32768 -18187 32767
-3782 -6356 901 -14154 13059 32767
-2733 -5991 1495 -2026 27934 32767
-1975 -5668 2298 8001 32767 32767
-1005 -5246 3555 9963 32767 32767
-875 -5194 3743 8724 30767 32767
-600 -4735 3524 7195 24418 32767
-327 -4398 2917 6159 14173 32767
-139 -4122 2491 7003 6815 32767
-25 -3714 2034 8859 3673 29288
-9 -3596 1940 9943 3392 25969
112 -3261 1878 10385 5014 21636
261 -2791 1917 9364 7705 17907
291 -2278 1921 8070 9713 15391
335 -2007 1968 5388 12358 11461
335 -1679 2089 3347 13123 8640
279 -1472 2066 762 12316 4060
100 -1203 1979 -391 11227 896
72 -1143 1921 -1024 10810 -3905
-93 -826 1787 -784 12222 -8840
-240 -475 1702 -483 13600 -11794
-579 -306 1813 -371 15331 -16108
-1237 112 1744 -335 15850 -19687
-1369 280 1715 118 16091 -25091
-1818 819 1780 461 16993 -28065
-1896 923 1763 1286 19376 -30942
-2078 1282 1531 2239 21079 -31543
-2057 1328 1493 4092 23461 -30133
-1991 1385 1336 6423 24817 -26789
-2222 1437 1139 7899 24270 -24498
-2425 1452 1079 9308 20968 -22102
-2655 1507 906 9714 17334 -21270
-2806 1482 761 9591 11286 -20974
-2873 1420 574 9257 8353 -21171
-2861 1384 518 8721 7358 -21626
-2647 1177 320 8582 10370 -21725
-2524 1080 193 8904 13583 -21610
-2377 995 129 9697 18896 -21226
-2092 927 121 10220 22048 -20844
-1906 899 168 10592 25154 -20263
-1594 916 332 10243 25783 -19720
-1323 830 404 9936 24634 -19438
-1144 812 365 9318 21761 -19107
-793 762 203 9290 19273 -18941
-654 723 127 9789 15466 -18692
-556 655 52 10888 12427 -18599
-500 559 -153 12146 10772 -18736
-514 483 -249 14542 9157 -19296
-532 434 -261 17097 8398 -20165
-595 411 -267 18634 8039 -20924
-738 413 -204 20358 7437 -21960
-769 416 -179 21105 6970 -22269
-778 384 -153 21628 6205 -22023
-767 262 -163 21770 5876 -21266
-714 107 -227 22034 5836 -19198
-702 -219 -285 22331 6259 -17491
-856 -565 -329 23080 7319 -15066
-1157 -955 -363 23823 7777 -13790
-1331 -1115 -376 25231 7593 -13195
-1782 -1506 -432 26864 6058 -14157
-2202 -1802 -508 28079 4200 -15437
-2354 -1974 -637 30376 244 -17373
-2402 -2221 -772 32167 -2235 -18475
-2682 -2437 -726 32767 -4551 -20378
-2959 -2629 -692 32767 -5286 -21954
-3128 -2775 -645 32767 -5305 -24307
-3563 -1138 -269 32767 -2419 -15920
-3764 -869 -202 32767 -6618 -15021
-4166 -568 -79 32767 -8719 -13600
-4452 -400 44 32767 -7827 -12368
-4743 -177 118 30860 -4281 -10264
-5137 219 175 29542 -2338 -8654
-5514 596 144 28431 -1346 -6216
-5616 1053 133 28153 -2368 -4356
-5583 1205 143 27630 -6680 -249
-5515 1833 -22 27214 -10173 3377
-5511 1964 -83 27119 -12328 9434
-5693 2072 -579 28051 -11015 13270
-5748 2039 -751 31342 -5950 17937
-5761 1887 -1499 32767 -1671 20450
-5712 1798 -1628 32767 4687 24038
-5452 1445 -1938 32767 8744 28431
-5356 1248 -1945 32767 9888 31987
-5373 1005 -1899 32767 11287 32767
-5695 540 -1843 32767 13517 32767
-6496 -139 -2083 24677 17920 32767
-7285 -854 -2512 13171 23415 32767
-7703 -1273 -2828 4225 27433 32767
-8080 -1635 -2929 -11451 32767 32767
-8301 -2309 -2725 -23157 32767 32767
-8152 -2793 -2547 -32768 32767 32767
-7602 -3356 -2220 -32768 32767 32767
-7318 -3524 -1971 -32768 32767 32767
-6692 -3808 -1327 -32768 32767 32767
-6217 -3873 -1002 -32768 32767 32767
-4833 -5437 -983 -32768 29262 32767
-4488 -3650 -115 -32768 32767 32767
-4396 -4817 504 -32768 32767 32767
-4567 -4158 1451 -32768 32767 32767
-4488 -4028 2206 -32768 32767 32767
-4143 -4056 3293 -32768 32767 32767
-3717 -4025 3489 -32768 32767 32767
-2940 -3815 3394 -32768 28971 32767
-2506 -3733 3274 -29425 23594 32767
-2035 -3495 2972 -22052 19066 32767
-1645 -3237 2777 -17570 15966 32767
-1250 -2977 2635 -11836 9731 32767
-1004 -2768 2548 -7075 2073 30934
-851 -2615 2486 -4429 -2463 29350
-729 -2449 2441 -1169 -5896 26425
-830 -2244 2319 546 -5484 23747
-958 -2050 2211 2480 -489 18567
-971 -1806 2287 3122 7959 12888
-1016 -1596 2278 2985 13480 9081
-956 -1306 2240 2739 19069 4303
-720 -1024 2241 2660 20848 2352
-601 -861 2272 2623 21441 1048
-519 -463 2232 2615 20898 844
-507 -392 2254 2296 19543 824
-513 -110 2435 1617 18294 596
-544 -46 2492 30 15570 -781
-791 244 2326 -1391 14579 -2682
-850 294 2200 -2138 13355 -6842
-1131 339 1625 -698 13646 -12077
-1317 289 1001 1364 14764 -15575
-1280 305 693 5381 17590 -19755
-1368 325 191 8596 20077 -21977
-1562 443 -207 13752 24123 -25152
-1872 608 -340 17025 26714 -27476
-1945 645 -346 21110 28706 -31144
-2082 790 -402 23120 28146 -32768
-2106 798 -421 24988 24444 -32768
-2129 761 -437 25360 18195 -32768
-2181 662 -495 24955 13478 -32768
-2230 428 -587 23666 7335 -32768
-2229 227 -514 22351 4507 -32768
-2157 92 -423 19812 2489 -32768
-1956 18 -358 18002 1961 -32768
-1644 -144 -347 15627 1348 -32768
-1362 -228 -329 14117 877 -31309
-1284 -255 -346 13778 140 -29341
-1524 -237 -569 14809 -2100 -28396
-1918 -145 -885 16529 -3444 -29061
-2093 -37 -1027 20378 -3961 -30952
-2076 -36 -1047 23257 -3122 -31992
-1944 -154 -843 27090 -922 -32377
-1649 -192 -540 28831 429 -31529
-1458 -215 -300 29600 1377 -28816
-1272 -306 6 28968 983 -26510
-1362 -310 58 27128 -1402 -23605
-1641 -282 14 25964 -3683 -22638
-2311 -364 -177 24758 -6183 -22736
-2382 -407 -163 24177 -6151 -22878
-2222 -471 -20 23138 -4287 -21673
-1806 -460 139 22423 -2854 -19590
-1479 -603 206 21720 -1282 -15361
-1336 -699 221 21714 -903 -11519
-1935 -791 -58 25183 4806 -23095
-2101 -592 -144 25029 10028 -21984
-2235 -696 49 24856 14337 -21187
-2490 -988 261 24601 14950 -21125
-2491 -1060 320 24144 13046 -20487
-2396 -1236 355 23728 9156 -18464
-2340 -1754 464 23376 7432 -16528
-2289 -2088 621 22585 6126 -13538
-2687 -2505 824 21798 3882 -12384
-2788 -2692 881 20536 -2106 -12151
-3251 -3318 1127 19587 -7627 -13758
-3884 -3467 1165 19386 -10690 -16016
-3920 -3260 1075 19891 -9240 -15914
-3563 -2820 1140 20460 -2303 -12567
-3232 -2301 1359 20563 4471 -9243
-3068 -1868 1397 20389 12919 -3843
-3042 -1212 1295 20075 14336 -804
-3049 -886 1365 18729 10085 2818
-2943 -434 1331 17419 4710 4891
-2943 -198 1169 15765 -3315 7624
-3113 -158 736 15541 -6549 9116
-3558 -276 205 16790 -7191 10551
-4084 -413 -168 18255 -5583 11072
-4235 -372 -315 20029 -1053 12350
-4355 -265 -464 20480 3045 13934
-4355 -187 -515 19563 9425 17126
-4387 -119 -566 17873 12275 19365
-4549 -55 -754 14362 11543 22472
-4713 -202 -1003 11800 8023 24479
-4749 -261 -1119 8646 2600 27842
-10814 -8547 -2376 -32768 32767 32767
-10223 -8875 -2281 -32768 32767 32767
-9624 -8829 -2479 -32768 10150 32767
-8907 -8598 -3010 -32768 -3045 32767
-9907 -8328 -1553 -32768 3835 22715
-7761 -9309 -1203 -32768 17831 32767
-7706 -9298 216 -32768 24389 32767
-7533 -9853 743 -32768 24579 32767
-6388 -9902 2091 -32768 22847 32767
-5490 -9533 2764 -32768 20126 32767
-4525 -9100 3283 -32768 15178 32767
-3118 -7930 3292 -29790 11691 32767
-2874 -7594 3167 -22366 8719 32767
-1818 -6454 2563 -14007 9916 32767
-1264 -6022 2301 -8954 11731 32767
-772 -5707 2185 -3259 14222 32767
-278 -5420 2148 276 14737 32767
39 -5022 2158 1820 14011 32767
137 -4651 2113 3271 10790 28910
217 -4048 2132 3545 7936 24776
337 -3545 2166 2920 4297 19018
324 -3027 2130 1987 2723 15438
337 -2879 2092 253 1489 10592
353 -2262 1873 -816 1522 7708
315 -2111 1822 -2007 3244 3380
167 -1726 1695 -2382 4964 496
-76 -1410 1561 -2200 7253 -3567
-151 -1163 1472 -1240 9813 -6564
-387 -887 1326 -179 11748 -7951
-852 -827 1084 2451 14645 -9940
-1304 -790 905 6234 19826 -12935
-1685 -41 1082 8331 27000 -15925
-1981 580 1367 10464 32767 -20738
-2670 665 746 13225 32767 -23622
-2830 701 683 18300 32767 -26784
-2906 1080 801 21170 32767 -27435
-2745 1305 852 23997 32767 -25939
-2534 1624 556 25519 29118 -23042
-2656 2027 5 25972 24858 -21571
-3102 2207 -105 25162 19635 -22031
-3739 2365 334 23266 18548 -24087
-3866 2440 291 20496 21574 -27725
-3756 2348 632 18231 29447 -29594
-3192 1914 -194 16572 32767 -29626
-2908 1628 -586 17102 30915 -27141
-2378 1597 -1242 18082 22988 -24553
-3042 1627 -1859 19605 10976 -23174
-1831 1563 310 16677 7459 -21791
-2356 1274 789 9988 4622 -21496
-2030 1703 1418 4579 3384 -21092
-1883 1664 1538 -3447 1173 -19933
-1487 1472 986 -6791 -765 -18090
-657 1039 -498 -5857 -4676 -12829
-469 454 -619 -2789 -7206 -9055
-402 596 -462 2379 -10243 -3986
-322 823 -279 7706 -12725 -807
-412 622 -75 11161 -13545 -43
-914 524 -297 16932 -12931 -2201
-1019 622 -234 20524 -10587 -5159
-1175 587 -80 25122 -4090 -10947
-928 416 -159 27878 1322 -14262
-661 303 -140 31055 8310 -16888
-204 191 -60 32336 11523 -16835
30 134 41 32516 14301 -14640
171 -51 225 31427 14482 -12609
104 -200 239 28816 12065 -10210
-214 -387 134 26901 8945 -9670
-556 -509 0 24488 3124 -10962
-1347 -858 -296 23458 -576 -13136
-1526 -936 -376 22946 -4982 -17237
-2052 -1323 -667 23632 -8276 -20713
-2080 -1471 -688 24364 -9788 -21768
-2000 -2245 -730 25597 -11040 -21160
-1895 -2517 -786 26500 -11500 -19532
-4516 -2277 -370 32767 3488 -30627
-4663 -2036 -293 32767 9915 -31030
-4750 -1351 77 32767 11117 -29250
-4510 -659 421 32767 7475 -25882
-4463 -266 639 32767 -2465 -18768
-5435 1971 -2128 32767 -6692 28847
-5557 1517 -2774 32767 -5466 32767
-6128 1215 -3106 32767 1188 32767
-7017 851 -3431 32767 13986 32767
-8034 258 -3545 31976 25414 32767
-8387 -258 -3429 14068 32767 32767
-8883 -597 -3625 -8871 32767 32767
-9011 -1278 -3622 -23790 32767 32767
-8726 -1692 -3624 -32768 32767 32767
-8165 -2171 -3176 -32768 32767 32767
-7725 -2418 -2661 -32768 32767 32767
-7169 -2768 -1491 -32768 32767 32767
-6553 -3017 -495 -32768 29022 23057
-5197 -2529 1202 -32768 32767 32767
-5434 -3125 2054 -32768 32767 32767
-3685 -3311 3168 -32768 32767 32767
-3033 -3657 3740 -32768 32767 32767
-2981 -3793 4074 -32768 32767 32767
-3263 -3272 3477 -32768 26798 32767
-3301 -3234 3091 -32768 21191 32767
-3103 -3184 2704 -21648 22344 32767
-2739 -3379 2620 -12939 25501 32767
-2467 -3537 2618 -4288 30336 32767
-1783 -3461 2573 -513 31774 31534
-1484 -3248 2534 124 30329 28062
-1160 -3064 2418 -300 25244 23697
-737 -2690 2324 -1024 20767 21364
-468 -2404 2299 -2224 13321 18760
-176 -1869 2176 -3030 5802 16738
-220 -1588 2092 -3198 1873 15080
-371 -1313 2077 -3386 -1284 11543
-558 -1058 2081 -3453 -1667 8653
-902 -778 1979 -3052 1374 3757
-1174 -423 1935 -2346 5215 725
-1131 -331 1922 -556 11036 -1835
-911 59 1950 1365 15986 -2284
-862 400 2027 2394 18684 -2253
-991 632 1988 3515 21269 -3177
-1414 926 2198 3185 21807 -5372
-1475 1007 2350 2019 20881 -6734
-1304 1114 2422 -959 17540 -7661
-1123 1137 2310 -3221 14715 -7387
-887 1105 1852 -5789 10144 -6192
-829 1062 1443 -6407 6304 -5542
-1055 872 863 -5544 5318 -6227
-1189 753 547 -2458 6391 -9078
-1426 591 65 538 7896 -11970
-1531 557 -212 5893 10095 -16966
-1529 615 -510 9467 11778 -20205
-1511 603 -560 14290 14826 -24229
-1623 619 -642 17015 17150 -26602
-1681 630 -622 20203 20588 -30014
-1819 495 -542 22265 22539 -32768
-1906 353 -446 23047 22151 -32768
-1975 252 -373 23076 18728 -32768
-2239 28 -122 22132 14790 -32768
-2232 5 -80 19484 7233 -32768
-1957 -77 -31 15992 -1078 -32768
-1810 -189 -27 13633 -6064 -32768
-1865 -377 -1 10714 -11510 -32768
-1912 -412 -107 9658 -13565 -32768
-1896 -430 -141 9732 -13583 -31389
-1928 -338 -264 11878 -10160 -29471
-1990 -88 -427 14267 -6897 -29060
-1898 85 -479 18388 -1843 -29185
-1832 157 -396 20971 848 -29493
-1815 193 -155 23866 2844 -29777
-1738 196 3 25180 2698 -29511
-1753 158 128 26378 1285 -28510
-1783 98 248 26592 -720 -26902
-1668 90 294 26302 -1926 -25310
-1502 62 360 25193 -2890 -22171
-1484 22 469 24097 -3448 -20172
-1739 7 571 21980 -5120 -18333
-2125 67 567 20603 -6577 -17790
-2136 77 529 19261 -8145 -16791
-1869 -97 354 19107 -8398 -15566
-1786 -145 344 19670 -7508 -13218
-1601 -270 267 20387 -6818 -11877
-1585 -299 197 22185 -6795 -10997
-1572 -533 71 23843 -7454 -11351
-1552 -853 115 26320 -9036 -13266
-1742 -1041 130 28380 -11443 -16930
-1903 -998 143 29293 -13099 -20072
-1954 -932 177 29607 -13141 -24505
-1959 -971 395 28907 -10691 -26740
-2090 -1015 616 26360 -4218 -29220
-2256 -1082 1100 23998 1178 -30320
-2067 -1135 1137 20857 8843 -30436
-1924 -1356 988 20047 13434 -29305
-1840 -1435 859 20886 14142 -28205
-1955 -1426 772 23609 10569 -26476
-2338 -1460 870 25691 5343 -25143
-2860 -1709 1053 28340 -3086 -22721
-5406 -251 1565 14114 -18570 12674
-6076 -25 492 16080 -12992 14124
-6120 17 273 22173 -645 14522
-5877 99 -192 26602 6756 15061
-5681 28 -146 30781 12065 17954
-5730 -100 -141 31011 11764 22116
-6060 -342 -92 29167 11924 24854
-6499 -792 -539 25152 13726 29157
-7190 -1476 -1452 22668 15810 32199
-7468 -1836 -1812 19096 20647 32767
-8324 -2987 -2722 11932 28240 32767
-9620 -4610 -3633 -2225 32767 32767
-10142 -5848 -3684 -23610 32767 32767
-10142 -7391 -3802 -32768 32767 32767
-9150 -7933 -3568 -32768 32767 32767
-8342 -8082 -3466 -32768 32767 32767
-7713 -7969 -3470 -32768 25943 32767
-9346 -7156 -3999 -32768 23481 -8838
-5804 -7142 -1750 -32768 20289 32767
-5714 -6966 -560 -32768 16891 32767
-5856 -7062 -698 -32768 15191 32767
-6032 -7561 -92 -32768 21638 32767
-5484 -7521 1144 -32768 23417 32767
-4866 -7360 1794 -32213 22319 32767
-3989 -7080 2576 -24151 19926 32767
-3529 -6606 2722 -20148 15814 32767
-2856 -5710 2689 -18927 12490 32767
-2361 -5217 2592 -18089 8056 32767
-1712 -4621 2155 -16422 4667 32767
-1298 -4220 1486 -14089 3246 32767
-1065 -4011 1175 -9371 2536 32767
-783 -3738 926 -5893 2592 31476
-631 -3580 940 -1040 3157 28413
-554 -3422 1022 2502 4330 25060
-515 -3046 1143 3884 4890 22436
-463 -2811 1227 4639 5148 18282
-468 -2440 1259 4459 5667 13651
-481 -1954 1249 3960 6964 8874
-473 -1568 1286 3510 8182 4660
-591 -1209 1282 3538 8811 2026
-681 -928 1263 4107 9935 -1903
-813 -394 1331 4816 10446 -5688
-889 -147 1440 5128 10195 -9284
-1077 -12 1463 5336 9975 -11948
-1425 65 1426 5944 10242 -16844
-1833 325 1206 6832 11232 -20252
-1982 550 1096 8526 13972 -24512
-2024 796 1113 9800 16410 -27131
-2214 1057 1262 9925 17109 -28249
-2375 1235 1427 8910 16863 -29536
-2564 1454 1506 7821 15978 -30150
-2658 1564 1423 6494 13479 -30575
-2744 1653 1199 6041 11282 -30443
-2795 1688 936 5945 7672 -29577
-2812 1795 882 5778 5771 -28210
-2868 1832 836 5367 6318 -26778
-2919 1783 744 5246 7618 -26007
-2893 1727 580 5871 10402 -25059
-2688 1639 191 7090 12371 -24366
-2506 1587 17 9679 15289 -23275
-2288 1400 -87 12302 17885 -22240
-1994 1183 -119 14991 20377 -21259
-1904 1095 -83 15786 21071 -21008
-1819 1016 52 15912 21648 -21006
-1651 774 461 15174 21748 -21200
-1566 727 506 13429 20685 -21312
-1215 665 491 11963 17683 -20793
-563 -427 -228 25096 -4024 -20617
-542 -636 -301 27267 -2638 -20586
-633 -872 -375 28738 -1692 -20351
-736 -1042 -381 30687 -162 -19959
-987 -1395 -242 32036 1671 -19844
-1156 -1622 -220 32767 2487 -20060
-1568 -1709 -161 32767 2068 -21415
-1925 -1868 -133 32767 545 -22733
-2156 -2060 -128 32767 -2729 -25078
-2447 -2304 -156 32767 -5152 -26645
-2631 -2453 -193 32767 -8499 -28629
-3190 -2696 -93 32767 -10390 -29730
-3502 -2729 5 32767 -11435 -31019
-3845 -2737 159 32767 -9508 -32094
-4169 -2753 282 32767 -6994 -32626
-4534 -2531 287 32767 -2400 -32669
-4546 -2289 226 32767 836 -31870
-4438 -2075 194 32767 5288 -29367
-4207 -1633 88 32767 7346 -26889
-3872 -1177 80 32767 8446 -22258
-3639 -908 226 32767 7224 -18845
-3633 -853 289 32767 1516 -14079
-3686 -544 431 32767 -6873 -10445
-3921 -201 518 29683 -11986 -8812
-4092 -65 550 24729 -16232 -7361
-4670 187 543 21833 -16346 -7202
-4927 383 468 18776 -13658 -7715
-5073 583 322 17794 -9919 -8004
-5068 762 251 18108 -7529 -7224
-4906 1145 176 19078 -5232 -5495
-4870 1222 167 21131 -2745 -1540
-4673 1512 165 22945 -2069 3828
-4596 1572 184 23572 -1767 7668
-4437 1728 147 23629 -889 12640
-4413 1921 -74 23401 -637 15152
-4380 1985 -277 23207 -1010 18262
-4255 1889 -501 23354 -1174 20116
-4302 1809 -737 24358 -948 22464
-4380 1733 -1179 25648 -76 23959
-4488 1604 -1446 28141 2678 26323
-4679 1348 -1899 29878 5660 28197
-4846 1136 -2004 30778 12731 31265
-5419 759 -2071 29378 18167 32767
-5633 660 -2054 23026 25706 32767
-6655 351 -1998 11603 31576 32767
-7547 -223 -2324 2588 32767 32767
-7897 -809 -2611 -10872 32767 32767
-7526 -2163 -2647 -24100 32767 32767
-7408 -2376 -2538 -32768 32767 32767
-7181 -2687 -1880 -32768 32767 32767
-6733 -2593 -1098 -32768 32767 32767
-6301 -2597 -586 -32768 32767 32767
-6049 -2682 -250 -32768 22384 -30588
-4869 -1534 1803 -32768 32767 32767
-5035 -3384 1380 -32768 32767 32767
-4397 -2742 2567 -32768 32767 32767
-4062 -2933 3999 -32768 32767 32767
-3932 -2880 4631 -32768 28492 32767
-3723 -2683 4560 -32768 21915 32767
-3333 -2898 4459 -32768 15393 32767
-2783 -3106 4135 -28598 12275 32767
-2511 -3122 3903 -22514 11378 32767
-2226 -3035 3726 -13978 11583 32767
-1902 -2936 3600 -9444 12907 32325
-1373 -2658 3344 -4625 15881 24206
-968 -2326 3123 -2634 17643 19481
-646 -1976 2941 -869 19253 14100
-517 -1744 2820 252 20156 10871
-518 -1583 2842 697 20304 9601
-489 -1501 2807 1193 19205 8704
-485 -1304 2671 1505 17954 8266
-472 -1177 2545 2084 16502 7289
-404 -929 2271 2872 16722 5673
-475 -659 1955 3378 17297 3992
-509 -460 1812 3657 18804 785
-479 -96 1643 3372 20162 -1510
-505 -31 1634 2259 21873 -5356
-695 111 1621 712 22797 -9724
-982 198 1377 -7 22989 -12892
-1180 272 1116 -39 23793 -17783
-1345 348 707 721 25144 -20753
-1401 439 355 2857 27738 -24267
-1429 583 91 4650 29175 -25877
-1447 643 24 7602 29988 -27671
-1544 771 -152 10328 28155 -29027
-1675 805 -306 11898 25087 -29730
-1749 788 -392 13662 19038 -30537
-1901 724 -481 14535 13428 -31233
-2047 724 -388 14516 11097 -31726
-2086 711 -328 13577 9907 -32512
-2092 684 -168 11967 10123 -32768
-2028 622 -27 10379 10555 -32488
-1808 581 -3 9785 10745 -31521
-1639 591 -27 9873 10676 -29014
-1289 569 -87 10609 10008 -26730
-1106 543 -126 12568 7719 -23144
-1237 551 -145 15154 4084 -21108
-1434 573 -114 16931 1624 -20917
-1654 650 5 19148 -1168 -21755
-1714 723 162 20183 -2521 -22359
-1603 672 244 21014 -3848 -22198
-1316 566 354 20975 -4246 -20200
-1072 481 645 20137 -4331 -18076
-1012 416 928 17502 -4713 -14882
-1239 404 1157 14280 -6594 -13107
-1640 419 1098 12434 -8514 -13022
-1774 422 997 10835 -10624 -13702
-1794 389 714 10874 -11030 -13961
-1664 325 526 12617 -10070 -13193
-1254 110 304 14617 -8468 -11944
-1177 51 260 18402 -5733 -10019
-1012 -16 142 22353 -3686 -9282
-1142 -144 140 24664 -3426 -9967
-1397 -306 197 27205 -5662 -13035
-1732 -595 305 28398 -10493 -17492
-1824 -714 345 28430 -14020 -20675
-1833 -740 347 27587 -17174 -24590
-1740 -788 353 26515 -16990 -26293
-1742 -890 347 24571 -13171 -27550
-1738 -1097 404 22331 -5651 -27637
-1887 -1239 491 20697 262 -27582
-2039 -1381 537 18339 7906 -27747
-2266 -1594 393 16933 11356 -28217
-2334 -1815 317 16662 11000 -28401
-2281 -2096 230 17450 7580 -27409
-2197 -2823 105 18717 4396 -25844
-2151 -3231 265 20607 28 -23145
-2746 -3668 376 21905 -3120 -22647
-4454 -3720 376 25599 -11441 -29265
-4331 -3224 542 26197 -9187 -31261
-4096 -2703 691 26220 -4571 -30214
-3966 -2529 728 26624 6492 -25603
-3811 -2006 897 27539 17741 -20030
-4174 -1504 888 28217 19359 -16361
-4219 -1292 926 27901 14336 -14515
-4028 -724 1157 25628 2907 -10893
-3743 -312 1229 23369 -4494 -7544
-3704 -126 1100 20276 -12200 -1973
-3848 74 697 19233 -13748 1357
-4059 194 289 20037 -10697 4541
-4573 345 -188 21829 -6170 5362
-4772 384 -343 24937 1617 6061
-4710 412 -351 26517 5472 7229
-4540 517 -325 27481 7232 10886
-4247 647 -380 27391 5887 14438
-4201 661 -443 26544 3416 19982
-4450 609 -761 26126 3191 22965
-4834 349 -1114 26139 6636 25906
-5065 71 -1347 26660 11947 27921
-5236 -273 -1676 27103 14648 29621
