2675 1157 339 -1573 963 1415
2193 1219 340 -1662 987 1420
1842 1167 388 -1881 1218 1262
1474 1046 300 -2117 1387 977
1218 878 -239 -2171 1318 780
1102 768 -396 -2122 910 567
1015 642 -511 -2076 551 493
943 587 -445 -3683 -165 -640
557 -599 -335 -3682 -816 -548
714 -974 -260 -3703 -1209 -453
906 -1251 -134 -3756 -1601 -304
1020 -1513 -40 -3843 -1857 -164
1252 -1834 87 -3921 -2011 -63
1482 -2069 113 -4043 -2227 106
1727 -2564 166 -4175 -2304 216
1914 -2883 311 -4319 -2286 241
2339 -3306 414 -4595 -2238 294
2660 -3684 531 -4813 -2244 359
2810 -3883 565 -5144 -2319 475
3001 -4027 469 -5382 -2389 605
3081 -4072 420 -5472 -2497 678
3104 -3983 432 -5539 -2596 745
3015 -3712 480 -5538 -2460 753
2892 -3475 470 -5511 -2110 721
2723 -3171 499 -5508 -1980 699
2619 -2988 457 -5531 -2001 712
2537 -2743 488 -5552 -2234 794
2529 -2499 442 -5520 -2452 867
2535 -2265 459 -5386 -2755 930
2571 -2006 455 -5156 -2902 906
2718 -1748 465 -4961 -2931 850
2869 -1604 453 -4633 -2906 745
3038 -1395 423 -4297 -2773 594
3276 -1170 481 -4108 -2748 486
3366 -989 503 -3872 -2787 300
3433 -656 526 -3699 -2702 37
3393 -349 522 -3616 -2565 -184
3382 -155 531 -3518 -2323 -520
3468 86 561 -3448 -2055 -757
3565 222 597 -3420 -1860 -838
3604 340 591 -3358 -1602 -871
3551 598 611 -3282 -1474 -859
3440 812 683 -3116 -1298 -883
3246 1226 819 -2900 -1128 -999
3113 1571 1015 -2731 -978 -1113
3103 1639 1061 -2425 -597 -1291
3124 1674 1037 -1992 -27 -1476
3042 1714 925 -1653 341 -1622
3153 1538 761 -1151 883 -1822
3236 1432 618 -715 1315 -1902
3406 1367 519 -509 1394 -1848
3441 1308 417 -319 1248 -1739
3413 1340 217 -217 1149 -1705
3352 1351 86 -26 1160 -1759
3308 1397 -15 102 1267 -1853
3500 1345 -40 265 1500 -1937
3737 1301 -19 390 1595 -1807
4202 1208 183 442 1628 -1493
4628 998 312 471 1845 -1269
5360 735 608 6599 6768 -4608
6396 -4115 -3467 5857 7329 -4492
5127 -5584 -4326 7829 6432 -5541
6095 -5070 -3209 7909 5631 -5549
5906 -5140 -3212 7202 5692 -5328
4682 -5101 -4263 6322 5825 -5210
4000 -5040 -4864 6036 5153 -5456
3269 -4685 -5025 5881 4078 -5684
2742 -4598 -4752 5569 3660 -5787
2095 -4565 -4397 4802 3777 -5715
1719 -4631 -4095 4170 4204 -5390
1597 -4746 -4155 3271 4890 -4442
1342 -4733 -4338 2803 5199 -3618
1000 -4609 -4405 2294 5587 -2403
349 -4404 -4352 1901 5667 -1495
59 -4064 -4192 1673 5517 -1038
34 -3739 -4077 1412 5286 -449
47 -3241 -3787 1204 4975 82
110 -2677 -3503 1088 4723 391
111 -2324 -3351 952 4352 739
181 -1841 -3066 856 4077 889
412 -1266 -2757 684 3622 1073
606 -912 -2490 475 3233 1225
913 -432 -2022 304 3041 1281
1072 -209 -1840 81 2947 1265
1410 185 -1509 -56 2933 1212
1913 850 -1272 -53 2974 1245
2402 1086 -1155 44 3025 1478
3235 1219 -582 62 2991 1761
3607 1375 -305 -32 2994 2212
3940 1523 -193 -112 2873 2530
4256 1460 170 -186 2678 2625
4528 1241 459 -385 2327 2643
4915 954 771 -545 1928 2607
5214 616 914 -689 910 2527
5246 552 898 -595 135 2374
5050 624 955 -371 185 2115
4700 685 1173 -313 480 1931
4377 723 1324 -491 1061 1745
3760 813 1444 -761 1398 1677
3255 861 1437 -1272 1643 1593
2458 867 1270 -1733 1485 1471
1789 749 1076 -1981 1188 1366
1487 638 935 -2245 638 1243
1143 487 733 -2343 283 1208
968 294 556 -2415 -207 1244
831 222 452 -2453 -492 1374
654 149 333 -2499 -560 1501
555 46 250 -2645 -529 1721
460 -27 285 -2956 -351 1867
320 -130 291 -3247 -197 1891
250 -222 248 -3722 -14 1789
153 -404 37 -4114 26 1554
63 -623 -265 -4272 -55 1350
74 -842 -413 -4390 -337 1051
165 -1123 -450 -4497 -639 820
425 -1409 -337 -4627 -803 740
621 -1590 -223 -4917 -1026 705
841 -1756 -97 -5131 -1139 678
1013 -1916 -49 -5415 -1204 549
1076 -2006 -66 -5592 -1247 348
1297 -2152 -140 -5623 -1331 227
1510 -2270 -319 -5539 -1536 119
1659 -2296 -418 -5309 -1734 147
1917 -2320 -454 -5145 -1835 253
2024 -2303 -332 -5036 -1871 471
2108 -2246 -27 -5186 -1706 681
2122 -2254 239 -5409 -1514 792
2184 -2232 272 -5788 -1219 966
2422 -2218 164 -5963 -1121 1125
2614 -2274 -9 -5970 -1182 1421
2930 -2344 -196 -5802 -1329 1630
3074 -2341 -269 -5361 -1531 1858
3189 -2218 -128 -4897 -1501 1917
3185 -1990 135 -4667 -1292 1842
3089 -1828 297 -4486 -789 1581
2936 -1594 320 -4429 -457 1353
2799 -1472 237 -4338 -277 1014
2632 -1312 -37 -4126 -601 752
2479 -1160 -280 -3903 -1053 620
2463 -1099 -264 -3567 -2050 438
2707 -1094 -74 -3403 -2738 340
3072 -1099 68 -3226 -3341 233
3492 -1058 193 -3118 -3344 177
3705 -1076 234 -2959 -2950 61
4068 -955 200 -2845 -2580 5
4177 -1087 111 -2624 -2031 -50
4123 -1068 37 -2427 -1718 -212
4164 -823 -102 -2311 -1790 -343
4231 -723 -162 -2174 -2022 -541
4310 -585 -199 -2100 -1959 -712
4286 -475 -105 -2074 -1467 -1084
4329 -476 -18 -2108 -949 -1375
4360 -584 -17 -2181 -221 -1728
4494 -763 -50 -2193 -38 -1882
4457 -870 -205 -2086 -207 -1928
4509 -949 -207 -1753 -465 -2022
4823 -1296 43 -1491 -322 -2125
5143 -1469 400 -1147 725 -2339
5355 -1845 576 -970 2144 -2544
5546 -2256 522 -842 2735 -2589
5648 -2381 604 -541 2861 -2546
6088 -2816 852 -110 2837 -2455
6656 -3605 1201 254 3080 -2447
7049 -4278 1425 904 3678 -2486
7662 -5459 1620 1451 4072 -2512
8038 -6504 1611 2545 4801 -2566
8005 -7156 1320 3986 5557 -2767
7519 -7782 945 5023 5933 -3108
7045 -8190 607 6352 6334 -4010
6600 -8631 92 7173 6063 -4944
6114 -8889 -694 7441 5355 -5706
8770 -9720 581 7628 5548 -5777
4657 -7357 -4483 6150 4918 -6145
5336 -8056 -2965 6876 4540 -7161
5660 -7750 -3315 7048 5658 -7349
5698 -7484 -2885 6111 5649 -6405
4732 -6542 -3506 5386 4542 -5821
3631 -6195 -3962 4652 2812 -5655
3184 -5747 -4044 4346 2314 -6075
2833 -5290 -3814 4212 2562 -6281
2735 -5117 -3537 3859 3054 -6079
2597 -4624 -3118 3287 3440 -5313
2303 -4325 -2723 2830 3724 -4669
1965 -4110 -2591 2203 4265 -3743
1327 -3691 -2783 1954 4584 -3212
898 -3413 -2949 1882 4426 -2571
454 -3025 -2998 2009 3692 -2069
285 -2611 -2593 2062 3274 -1776
302 -2359 -2222 1968 3087 -1366
358 -2045 -1776 1793 3258 -1117
378 -1999 -1666 1452 3737 -761
534 -1882 -1668 1233 4014 -495
681 -1794 -1691 949 4098 24
838 -1614 -1732 730 3934 574
898 -1309 -1578 593 3769 878
997 -1081 -1452 375 3629 1202
1087 -729 -1354 168 3575 1399
1457 -367 -1308 51 3451 1545
1746 -156 -1268 -110 3054 1858
2260 91 -1195 -205 2694 2090
2789 187 -1144 -305 2212 2507
3586 363 -997 -394 1932 2992
4224 595 -744 -552 1840 3439
4803 867 -316 -751 1878 3675
5150 983 -52 -1201 2092 3903
5351 1155 33 -1639 2529 3879
5183 1221 101 -1857 2865 3680
4879 1261 207 -2078 3069 3127
4435 1252 124 -2094 2961 2677
4086 1189 32 -1911 2658 2047
3932 1217 -12 -1605 2294 1657
3569 1265 78 -1422 2090 1518
3200 1246 390 -1337 1918 1405
3000 1226 583 -1509 1743 1381
2702 1212 756 -1718 1618 1393
2519 1142 645 -2026 1449 1424
2110 1048 356 -2141 1364 1424
1787 988 74 -2174 1247 1390
1605 937 -47 -2092 1118 1329
1352 875 -102 -2026 1002 1280
1234 833 -102 -1968 746 1190
1017 858 -53 -1986 412 1101
840 912 44 -2054 194 1020
810 814 30 -2228 -69 845
797 676 73 -2381 -167 700
815 534 95 -2658 -188 470
772 445 103 -2941 -133 244
759 322 87 -3107 -81 106
758 206 58 -3304 -8 -88
771 25 -29 -3370 4 -177
826 -179 -107 -3390 -66 -241
825 -297 -109 -3347 -207 -258
753 -484 -48 -3320 -308 -296
761 -665 106 -3342 -343 -343
783 -869 164 -3443 -400 -411
894 -1160 163 -3508 -483 -436
973 -1391 134 -3596 -733 -412
1231 -1817 78 -3660 -1172 -300
1395 -2321 96 -3722 -1501 -231
1505 -2700 172 -3905 -1900 -190
1727 -3275 323 -4236 -2157 -187
2139 -3658 544 -4527 -2312 -121
2475 -3842 700 -5027 -2559 140
2710 -3981 774 -5341 -2696 369
2751 -3996 673 -5678 -2781 675
2638 -4031 540 -5793 -2528 852
2567 -3864 433 -5736 -2334 869
2529 -3743 471 -5618 -2005 892
2608 -3647 589 -5572 -1769 953
2596 -3566 597 -5554 -1481 1113
2559 -3335 600 -5580 -1342 1317
2448 -3143 576 -5595 -1417 1457
2268 -2939 495 -5563 -1561 1473
2178 -2784 423 -5398 -1901 1375
2219 -2559 354 -5084 -2377 1238
2376 -2347 395 -4814 -2719 1165
2557 -2163 490 -4391 -3191 1086
2883 -1770 646 -4132 -3391 1063
3053 -1472 744 -3820 -3470 1024
3183 -1003 847 -3609 -3383 891
3330 -512 917 -3525 -3292 766
3448 -250 905 -3419 -3035 563
3563 72 748 -3244 -2846 349
3811 477 700 -3103 -2770 218
3966 778 719 -2889 -2415 32
4024 1321 701 -2762 -2039 -96
4536 2061 -13 -1213 153 -2116
5158 2045 236 -1066 381 -2010
5865 1763 389 -1020 1328 -1807
6043 1570 388 -1075 2669 -1753
6252 1170 341 -1103 3459 -1871
6552 591 155 -976 3577 -1954
7161 -363 -54 -505 3390 -2022
8254 -1694 160 -84 3204 -2023
9018 -2508 426 679 3579 -2099
9583 -3664 800 1613 4700 -2465
8987 -4508 889 2392 5334 -2976
8441 -4954 809 3723 5885 -4073
7908 -5667 452 4609 6121 -4799
7633 -6095 48 5732 6492 -5537
7319 -6535 -846 6533 7213 -5769
6889 -6840 -2185 6885 7766 -5692
7610 -7714 -4791 6032 9463 -4783
4470 -6771 -6113 7023 6562 -5079
4307 -5251 -4614 7518 5048 -5567
4491 -5531 -3837 6871 3787 -5925
4572 -5448 -3805 5915 4331 -5929
4207 -5587 -4996 5664 4602 -5727
3681 -5491 -5558 5748 4547 -5371
2971 -5018 -5474 5748 4460 -5118
2423 -4890 -4807 5286 4634 -4728
2096 -4880 -4422 4343 5081 -4298
1581 -4797 -4170 3659 5525 -3989
1334 -4642 -4260 2838 6240 -3439
1053 -4444 -4549 2338 6317 -2735
1032 -4240 -4466 2079 5859 -2202
980 -3995 -4333 1759 5023 -1440
732 -3647 -4002 1590 4575 -1057
710 -3306 -3613 1308 4087 -663
696 -2772 -3185 1057 4021 -406
652 -2532 -2954 921 4185 -304
715 -2126 -2623 745 4444 -154
711 -1719 -2217 629 4560 -42
593 -1403 -1963 453 4631 77
581 -1175 -1878 358 4582 188
808 -1019 -1965 361 4483 329
1160 -809 -1931 377 4099 768
1759 -351 -1591 325 3739 1181
2097 -55 -1303 106 3108 1785
2473 363 -898 -159 2508 2206
2859 729 -575 -303 2030 2510
3400 787 -312 -300 1985 2706
4086 589 -145 -132 2354 3190
4991 451 11 -32 2416 3544
5402 347 286 18 2293 4040
5362 296 507 -97 1959 4190
4997 376 762 -230 1689 4044
4526 617 970 -431 1425 3542
4285 722 1156 -678 1308 2945
3932 737 1271 -870 1308 2591
3666 731 1303 -1181 1450 2194
3251 768 1326 -1538 1642 2001
2883 804 1178 -1787 1709 1976
2652 812 1036 -2135 1715 2058
2336 788 804 -2365 1623 2150
2059 739 591 -2682 1330 2241
1563 597 230 -2975 909 2194
1227 455 34 -3167 551 2113
1119 383 -11 -3506 -128 2006
1044 170 17 -3770 -585 1959
1041 13 60 -4195 -1059 1903
1002 -289 153 -4489 -1194 1863
1068 -549 264 -4939 -1235 1772
1169 -911 396 -5221 -1242 1711
1159 -1030 423 -5527 -1297 1589
1130 -1189 389 -5624 -1379 1425
969 -1407 312 -5527 -1421 1184
917 -1578 311 -5402 -1376 998
906 -1638 334 -5173 -1156 702
898 -1877 438 -5061 -940 483
1154 -2026 589 -5043 -659 241
1527 -2248 790 -5215 -605 134
1627 -2439 763 -5362 -600 61
1696 -2517 690 -5546 -571 -62
1820 -2586 543 -5622 -610 -152
1908 -2649 449 -5643 -761 -260
2006 -2748 409 -5613 -923 -339
2081 -2686 356 -5574 -1003 -366
2059 -2596 383 -5517 -1047 -388
2142 -2492 426 -5514 -1014 -362
2322 -2418 453 -5536 -994 -274
2493 -2311 459 -5567 -1042 -13
2847 -2178 432 -5541 -1233 412
3069 -1991 358 -5399 -1398 879
3096 -1708 352 -5232 -1334 1126
3037 -1480 449 -4964 -942 1320
2854 -1089 515 -4785 -447 1330
2657 -881 585 -4555 546 1151
2351 -556 608 -4357 1348 824
2077 -344 476 -4216 1526 598
1847 -274 316 -3932 1186 301
1657 -240 204 -3590 221 76
1625 -222 190 -3339 -578 -21
1743 -284 175 -2896 -1521 -90
1852 -321 223 -2559 -1823 -102
1948 -74 339 -2010 -1977 -82
1997 76 400 -1509 -2069 -19
2129 131 597 -1257 -2191 12
2307 82 721 -1052 -2370 46
2709 177 862 -956 -2379 129
3176 207 921 -937 -2445 215
3356 165 898 -925 -2365 226
3455 280 805 -918 -2022 99
3514 339 693 -882 -1235 -259
3604 358 503 -832 -411 -748
3783 324 316 -830 66 -1089
4017 130 186 -878 470 -1521
4488 -162 17 -970 380 -1750
4904 -447 -121 -1021 194 -1829
5194 -606 -143 -1017 38 -1913
5591 -995 -131 -979 163 -2005
5859 -1480 -89 -854 837 -2294
5918 -1751 -17 -763 1476 -2737
6062 -2379 288 -756 1705 -3065
6350 -2832 562 -804 1825 -3426
6638 -3802 747 -660 2227 -3627
6822 -4447 786 -335 2709 -3670
7112 -5541 643 564 3569 -3503
7651 -6788 675 1368 4059 -3180
7896 -7561 645 2786 4755 -2456
7494 -8031 559 3871 5249 -2043
6798 -8187 439 5518 5871 -1936
5995 -8100 290 6878 6312 -2627
5570 -8426 108 7415 6829 -3437
5505 -8613 -552 7738 6916 -4444
5054 -9121 -1955 7797 4550 -4894
6164 -6288 -4407 5666 2652 -4346
3381 -8082 -4756 7281 -1529 -4971
3150 -7631 -2843 8263 -2314 -6059
3587 -7341 -1226 8026 268 -6725
2620 -7437 -2093 7285 2615 -6317
1262 -6778 -3797 6962 2228 -5788
729 -6077 -3865 6258 330 -5130
685 -5191 -3124 5479 -304 -4841
721 -4819 -2819 4277 575 -4489
642 -4263 -2891 3482 2013 -4031
536 -3838 -3171 3186 2516 -3644
541 -3540 -3145 2849 2702 -2990
728 -2995 -2661 2439 2930 -2335
817 -2520 -2205 2156 3415 -1990
790 -2255 -2118 1864 4448 -1608
945 -1967 -2028 1702 5277 -1266
1057 -1807 -1998 1631 5576 -1028
1150 -1704 -1984 1541 5742 -708
1194 -1586 -1975 1469 5598 -498
1139 -1505 -2036 1433 5230 -446
1179 -1416 -1986 1378 4230 -488
1324 -1387 -1729 1316 3523 -576
1580 -1387 -1483 1133 2773 -694
1916 -1291 -1156 876 2364 -660
2269 -1038 -1016 719 2201 -516
2522 -950 -919 506 2234 -156
2839 -587 -820 321 2574 343
3085 -231 -720 120 2983 880
3264 91 -720 -24 3181 1193
3322 270 -787 -214 3227 1529
3460 565 -1018 -298 3078 1664
3607 672 -1091 -374 2745 1723
3902 756 -979 -504 2367 1696
4131 859 -527 -702 2157 1665
4186 1083 -270 -1133 2053 1587
4067 1245 -46 -1559 2247 1423
3735 1333 -107 -1740 2449 1256
3486 1321 -138 -1809 2671 951
3146 1235 -78 -1746 2756 693
3000 1116 -140 -1664 2729 618
2889 1023 -269 -1473 2489 672
2824 895 -573 -1227 1875 883
2587 896 -688 -1060 1381 1041
2298 946 -511 -970 778 1169
1854 1115 -111 -1053 555 1140
1609 1187 121 -1393 515 931
1239 1201 323 -1684 637 716
1018 1108 347 -2131 759 380
931 955 257 -2448 612 135
864 668 -17 -2524 397 43
944 384 -345 -2438 -65 34
1005 239 -497 -2164 -634 171
1060 83 -540 -1950 -960 302
980 81 -403 -1716 -1251 447
879 165 -14 -1682 -1257 492
742 148 165 -1863 -947 362
664 126 327 -2075 -570 223
585 123 336 -2424 109 -22
552 61 273 -2727 679 -216
479 -115 123 -2943 975 -364
489 -363 -50 -3026 996 -413
508 -528 -135 -3061 789 -423
585 -761 -225 -3039 491 -377
685 -1020 -299 -2957 -152 -244
758 -1203 -241 -2861 -735 -80
868 -1509 -152 -2823 -956 20
938 -1731 -38 -2852 -1026 138
1147 -2148 157 -3050 -970 232
1324 -2621 268 -3271 -928 285
1445 -2907 342 -3718 -896 392
1760 -3321 456 -4275 -1002 602
2009 -3571 601 -4685 -1209 800
2176 -3681 636 -5269 -1671 1161
2301 -3898 578 -5552 -2002 1383
2294 -3998 478 -5767 -2408 1609
2799 -3240 465 -5505 -2206 1949
2867 -3136 349 -5248 -2561 1878
3136 -3019 394 -5035 -2818 1788
3445 -2853 496 -4699 -2965 1620
3570 -2637 648 -4430 -2826 1425
3655 -2142 768 -4295 -2654 1278
3549 -1846 718 -4131 -2468 1015
3445 -1412 706 -4016 -2697 711
3597 -1057 662 -3934 -2882 545
3711 -859 648 -3800 -2817 352
3963 -539 765 -3717 -2518 251
4041 -314 863 -3634 -1835 128
3996 116 912 -3535 -1162 20
3878 661 772 -3409 -904 -51
3700 1217 671 -3084 -828 -171
3540 1576 675 -2641 -847 -384
3440 1986 815 -2331 -786 -590
3436 2171 897 -1886 -533 -909
3514 2270 928 -1498 -223 -1197
3925 2150 741 -1257 -16 -1306
4325 1945 533 -957 256 -1333
4788 1802 269 -835 601 -1393
4933 1780 134 -895 794 -1582
4949 1729 -7 -1085 908 -2093
5119 1537 -109 -1212 904 -2512
5519 1272 -109 -1321 1099 -3008
6037 758 21 -1344 1768 -3275
6607 78 50 -1196 2637 -3273
6880 -383 32 -947 3215 -3166
7426 -1077 193 -429 4101 -2881
8448 -1980 364 4 4757 -2575
8857 -2623 252 926 5704 -2177
8697 -3240 232 1742 6040 -2212
8338 -3719 236 3178 6565 -2956
7745 -4305 133 4191 6877 -3765
7343 -4789 -186 5614 6942 -4978
6729 -5474 -948 6378 6553 -5593
6394 -5811 -1568 7195 5718 -6165
8658 -7079 1911 5930 8069 -5548
3616 -5964 -6311 6841 6120 -5806
3756 -5126 -4481 8464 4615 -6949
4422 -5060 -3221 7524 4240 -7040
4314 -4970 -3188 5790 5459 -6783
3823 -4882 -4371 4985 6126 -6603
3510 -5100 -4910 4431 6137 -6295
3374 -5021 -5080 4182 5295 -5693
2870 -4665 -4609 3960 5119 -5231
2533 -4654 -4256 3463 5809 -4490
2145 -4689 -3963 2834 6619 -3583
1768 -4405 -4021 2463 6932 -2870
1448 -4230 -4089 2044 6985 -1796
841 -3996 -4157 1806 6283 -943
347 -3656 -4309 1781 5505 -543
-77 -3212 -4122 1871 3959 -220
-88 -2989 -3730 1861 2285 -149
185 -2621 -3069 1658 1396 -138
489 -2257 -2384 1403 1279 -111
666 -1827 -2052 842 1838 25
559 -1447 -1991 633 2253 92
549 -911 -1953 439 2872 376
588 -602 -1926 415 3111 614
806 -223 -1864 423 3276 1142
1193 418 -1687 431 3226 1786
1637 1024 -1421 411 3243 2192
1904 1326 -1215 363 3344 2672
2219 1538 -978 311 3444 2876
2620 1569 -627 207 3589 3002
3132 1206 -312 137 3597 3008
3531 839 -84 40 3299 2984
4098 358 157 15 2694 3017
4751 -2 492 39 2251 3116
5098 -129 735 79 1692 3324
5504 -204 1156 37 1469 3533
5515 -156 1501 -59 1531 3594
5219 -29 1578 -263 1880 3436
4621 180 1622 -430 2157 3187
4179 283 1581 -707 2383 2701
3625 350 1401 -959 2334 2232
3037 385 1119 -1083 2221 1970
2688 417 978 -1263 1873 1667
2199 414 749 -1442 1394 1472
1902 365 470 -1554 1052 1415
1741 348 427 -1762 672 1389
1481 376 392 -2083 491 1384
1138 392 289 -2350 452 1355
982 361 198 -2780 421 1310
813 278 100 -3228 336 1289
608 96 -3 -3522 249 1271
483 -55 -55 -3935 34 1194
418 -257 -186 -4165 -184 1133
452 -473 -285 -4419 -518 1050
487 -646 -250 -4605 -791 943
542 -857 -137 -4725 -959 853
560 -1070 -16 -4909 -1174 665
612 -1203 53 -5087 -1307 460
741 -1349 137 -5244 -1472 272
934 -1551 206 -5332 -1646 178
1148 -1752 228 -5442 -2009 92
1368 -2095 244 -5494 -2306 51
1614 -2257 257 -5522 -2731 36
2018 -2521 298 -5514 -2937 75
2272 -2703 336 -5487 -3027 190
2239 -1645 172 -5155 783 1301
2006 -1395 205 -4956 389 1154
1966 -1224 294 -4662 -253 951
2050 -1038 458 -4487 -641 864
2194 -888 577 -4237 -1060 825
2277 -742 582 -3945 -1284 871
2340 -576 612 -3726 -1423 909
2375 -494 605 -3354 -1521 928
2399 -340 595 -3070 -1507 905
2454 -191 564 -2618 -1519 835
2526 -44 570 -2187 -1808 714
2766 -80 609 -1940 -2154 601
3005 -89 520 -1573 -2691 405
3347 -144 518 -1342 -3029 242
3540 -80 535 -1038 -3345 -76
3857 107 554 -784 -3193 -473
4108 60 442 -649 -2730 -770
4286 50 382 -558 -1797 -1167
4736 -30 312 -619 -1284 -1335
4951 -159 100 -823 -731 -1473
5196 -255 -161 -1116 -319 -1648
5362 -275 -263 -1352 -56 -1832
5547 -370 -388 -1723 368 -2228
5630 -658 -372 -1973 636 -2572
5685 -853 -285 -2346 983 -3144
5790 -1107 26 -2568 1226 -3508
5926 -1355 294 -2832 1514 -3936
6273 -2152 580 -2862 1698 -4133
6825 -3237 664 -2651 1819 -4111
7294 -4101 742 -1932 2083 -3862
8216 -5643 731 -1192 2531 -3582
8700 -6700 641 340 3818 -3103
8946 -8250 495 2152 5114 -2709
8496 -9082 232 3412 5491 -2651
6996 -9402 263 5087 5205 -3206
5580 -9158 357 5974 4957 -4042
5145 -8989 493 6758 5075 -5528
5103 -9045 292 6883 5520 -6269
4985 -9174 -491 6792 5998 -6652
4479 -8845 -1863 6486 5190 -6098
2885 -7273 -4963 4804 2771 -5475
2647 -7921 -3413 6170 526 -6305
3041 -6918 -2862 6602 359 -6562
3173 -6829 -1937 6389 1876 -6002
2297 -6257 -2850 6142 2840 -4949
1197 -5610 -3640 6114 2812 -4321
895 -5034 -3481 5733 2454 -3620
1132 -4419 -3027 5148 2470 -3197
1213 -4247 -2912 4076 2829 -2703
1290 -3941 -3034 3434 3039 -2532
1227 -3630 -3129 2729 3463 -2562
1362 -3454 -3025 2233 4134 -2669
1683 -3318 -2591 1905 4614 -2610
1754 -3199 -2391 1428 5286 -2327
1590 -2978 -2143 1066 5498 -1962
1129 -2790 -2110 948 5391 -1795
592 -2614 -2247 1002 5086 -1769
67 -2163 -2107 1102 4105 -1847
59 -1854 -1838 1119 3384 -1831
343 -1644 -1649 1060 2667 -1599
719 -1265 -1385 938 2435 -1166
1009 -1014 -1371 883 2525 -840
1291 -824 -1370 854 2694 -295
1490 -649 -1353 835 2865 208
1994 -384 -1367 833 2944 554
2434 -244 -1357 858 2874 1207
2909 53 -1161 853 2714 1646
3018 279 -936 729 2567 2085
3299 365 -636 554 2620 2207
3547 416 -530 221 2831 2309
4017 648 -604 16 2964 2426
4434 748 -704 -209 2951 2766
4773 753 -663 -408 2738 3145
4901 911 -143 -629 2557 3327
4920 995 292 -269 1577 1781
2230 1536 486 -1061 1582 1704
1864 1429 551 -1657 1587 1545
1706 1204 470 -2473 1292 1198
1737 784 246 -2876 825 974
1838 497 -15 -3130 -165 772
1854 181 -387 -2959 -1127 669
1770 -62 -625 -2673 -1557 610
1686 -113 -642 -2130 -1810 503
1615 -61 -385 -1702 -1633 426
1465 97 -26 -1576 -1326 384
1331 116 196 -1653 -617 295
1137 148 396 -1859 -41 221
533 -1332 -14 -4095 -886 -719
546 -1509 69 -3986 -1116 -507
623 -1775 192 -3926 -1202 -389
733 -1935 274 -3863 -1215 -231
1023 -2268 346 -3851 -1109 -71
1218 -2630 496 -3944 -912 73
1383 -2814 624 -4098 -788 169
1633 -3032 821 -4439 -641 369
1858 -3282 854 -4700 -601 536
1999 -3416 857 -5060 -719 828
2102 -3445 835 -5244 -942 1032
2363 -3501 734 -5374 -1423 1360
2449 -3508 584 -5333 -1747 1541
2485 -3355 520 -5091 -2105 1732
2550 -3139 533 -4866 -2238 1796
2550 -3000 578 -4534 -2250 1774
2628 -2738 736 -4388 -2145 1704
2730 -2442 829 -4283 -1892 1580
2814 -2303 841 -4292 -1677 1484
2896 -2070 776 -4322 -1640 1446
2927 -1941 678 -4302 -1738 1408
2999 -1701 576 -4239 -1929 1370
2988 -1509 478 -4054 -2370 1242
3141 -1195 458 -3804 -2847 1046
3374 -774 404 -3605 -3039 915
3619 -159 330 -3264 -3184 724
3799 209 262 -2922 -3373 546
4087 814 128 -2723 -3428 411
4387 1307 221 -2615 -3295 148
4935 1854 449 -2744 -3055 -80
5299 2034 426 -3120 -2391 -523
5777 1973 109 -3480 -1670 -1066
6113 1974 -170 -3698 -1290 -1667
6111 2028 -297 -3751 -1008 -2113
6083 2186 -108 -3812 -553 -2805
6215 2259 530 -4038 -21 -3344
6457 2103 1128 -4234 385 -3568
6795 1736 1343 -4340 977 -3676
7222 955 1513 -4151 1510 -3650
7493 426 1594 -3387 2640 -3536
8213 -580 2010 -2264 3791 -3194
8901 -1477 2693 -1447 4568 -2833
8993 -2005 2938 -87 5852 -2453
8550 -2912 2543 1076 6507 -2497
8137 -3572 2052 3235 6874 -3012
7718 -4459 1530 5353 6927 -3785
7352 -5186 738 6492 7001 -4291
7014 -5621 -88 7774 7012 -4994
6626 -6098 -1407 8491 7192 -5612
5383 -4951 -4515 7271 7173 -5329
4918 -6216 -4271 8532 6723 -6476
5332 -5747 -3939 8479 6259 -6743
4957 -5757 -3641 7729 5852 -6517
4188 -5517 -3980 6475 4773 -6321
3047 -5287 -4448 5683 3597 -6481
2509 -4951 -4612 5415 3026 -6570
2551 -4909 -4574 5193 2718 -6318
2784 -5398 -4138 4744 2858 -5581
2462 -5684 -3700 4193 3282 -5031
1850 -6052 -3349 3206 4310 -4213
1299 -5801 -3331 2618 4971 -3632
929 -5466 -3403 1987 5702 -2700
508 -4799 -3444 1714 5966 -2038
208 -4114 -3316 1390 5982 -1015
60 -3688 -3179 1108 5805 -78
-112 -3075 -2956 950 5643 448
-166 -2671 -2837 800 5361 1054
-175 -2164 -2716 768 4983 1442
-135 -1595 -2609 802 4691 1591
-15 -1181 -2462 861 4241 1690
81 -609 -2282 881 3841 1660
89 11 -1986 817 3590 1577
381 335 -1850 613 3277 1554
1189 715 -1684 290 3007 1853
2078 995 -1447 19 2722 2195
2617 1205 -1258 -391 2229 2721
3392 1365 -868 -739 1989 3050
4181 1168 -537 -906 2112 3105
4587 1004 -397 -1038 2521 2963
4934 694 -190 -1054 2752 2689
5224 440 82 -1023 2798 2181
5715 -63 636 -1037 2430 1815
5752 -351 1014 -1054 2052 1664
5614 -403 1119 -1022 1392 1541
5281 -434 1112 -818 943 1511
4886 -365 1074 -634 892 1531
4583 -308 1145 -417 1063 1631
4291 -240 1163 -376 1362 1793
3720 -49 1060 -429 1564 1877
3285 70 960 -589 1753 1932
2607 204 810 -802 1809 1877
1923 366 667 -966 1757 1786
1546 435 652 -1255 1392 1603
1128 450 607 -1578 826 1421
776 384 499 -1773 486 1319
586 326 386 -2010 134 1193
446 246 237 -2129 8 1164
399 170 150 -2286 -63 1198
380 -32 67 -2478 -103 1300
415 -173 98 -2654 -199 1396
442 -244 66 -2977 -380 1528
500 -440 -120 -3273 -473 1584
506 -709 -199 -3458 -543 1543
513 -951 -164 -3758 -690 1352
496 -1071 -118 -4075 -791 1039
460 -1251 -70 -4380 -744 650
528 -1376 -43 -4578 -664 402
621 -1516 -62 -4849 -580 135
944 -1823 -78 -5011 -608 64
1211 -1995 -192 -5163 -783 122
1497 -2217 -235 -5229 -1079 291
1678 -2339 -271 -5243 -1248 395
1699 -2397 -242 -5240 -1312 466
1772 -2453 -148 -5253 -1240 456
1814 -2477 -78 -5323 -1072 417
1917 -2475 7 -5416 -920 402
2041 -2500 33 -5590 -722 445
2143 -2536 65 -5783 -680 591
2357 -2491 131 -5907 -712 749
2457 -2473 147 -6037 -794 1031
2701 -2278 133 -6057 -881 1247
2913 -2077 84 -5933 -977 1596
3124 -1728 103 -5771 -945 1789
3219 -1327 165 -5455 -731 1922
3235 -790 106 -5213 -519 1864
3079 -462 19 -4773 -539 1495
3104 11 18 -4471 -1035 1139
3152 231 1 -4023 -1995 514
3537 467 241 -3781 -2410 85
4173 535 560 -3646 -2499 -330
5086 390 620 -3627 -2021 -397
5788 15 451 -3589 -1700 -309
5891 -188 343 -3506 -1697 -253
5718 -357 81 -3403 -1922 -418
5614 -518 -97 -3212 -2188 -976
5753 -703 17 -3234 -2130 -1696
6300 -843 412 -3461 -1756 -2073
6670 -925 651 -3999 -503 -2407
6955 -1423 825 -4378 399 -2534
6990 -1667 708 -4669 1216 -2702
7140 -2729 683 -4609 1286 -2817
7740 -3960 1247 -4189 913 -2949
8394 -4860 1892 -3400 1166 -2850
9586 -6301 2910 -2079 2587 -2516
10059 -7392 3091 -686 3973 -2290
9674 -8914 3032 1989 5500 -2350
8759 -9512 3015 3761 5863 -2861
7455 -10045 3013 5848 5696 -4288
6710 -10588 2324 6845 5262 -5364
6497 -10937 1657 7755 4577 -6697
6352 -11392 299 8086 4329 -7256
6148 -11412 -527 8214 4329 -7691
4995 -10749 -6461 6489 3895 -7368
5270 -9787 -2165 7015 5464 -8469
6014 -9760 -2877 6556 6600 -9275
6684 -9563 -2547 5253 7952 -8752
5939 -8879 -3413 4407 7456 -8257
5009 -8517 -4128 3912 5977 -7941
3625 -8081 -5415 4116 4791 -7875
3014 -6893 -5548 4579 2551 -7366
2206 -5565 -4760 4655 1810 -6779
1728 -5020 -3962 4192 2631 -5639
1076 -4371 -3539 3364 4098 -4127
762 -3595 -3491 2807 4518 -2920
758 -3082 -3381 2087 4564 -1017
914 -2530 -3006 1719 4639 114
1212 -2154 -2683 1324 5060 1427
1302 -1824 -2637 1147 5578 2269
1365 -1429 -2478 1109 5605 2621
1488 -1331 -2122 1098 5482 2584
1565 -1371 -1951 1118 5401 2174
1748 -1474 -1744 1168 5253 1542
1714 -1468 -1696 1227 4982 1090
1691 -1368 -1630 1286 4285 564
1751 -1102 -1380 1237 3754 412
1896 -903 -1260 1015 3146 536
2317 -573 -1144 801 2823 857
2700 -268 -1024 414 2308 1602
3136 33 -733 100 1930 2141
3381 164 -620 -359 1497 2777
3641 424 -715 -541 1445 3029
3796 435 -705 -630 1695 3132
4246 326 -385 -731 1966 3097
4791 253 53 -873 2098 3096
5074 243 174 -1113 2216 3160
5456 367 178 -1232 2190 3213
5375 357 35 -1241 1961 3158
5101 391 35 -1086 1768 2776
4582 578 -158 -918 1777 2358
4180 685 -205 -671 1991 1656
3926 717 -61 -655 2226 1078
3688 787 116 -812 2326 814
3239 931 309 -1068 2385 632
2758 1040 483 -1565 2356 459
2461 1073 495 -2078 2095 357
2003 993 357 -2333 1784 308
1699 892 217 -2529 1154 234
1294 737 -19 -2530 656 192
1112 723 -212 -2323 73 165
961 496 -311 -2122 -197 181
894 434 -309 -1846 -372 264
800 418 -291 -1685 -304 380
647 430 -213 -1665 -172 456
629 476 -98 -1801 138 566
560 444 4 -1997 408 624
446 312 87 -2421 740 617
383 247 60 -2889 884 516
298 152 -1 -3169 864 409
253 -9 -66 -3570 803 176
219 -170 -92 -3668 684 52
243 -322 -52 -3769 355 -79
234 -508 -73 -3787 -17 -148
288 -733 -110 -3746 -231 -158
370 -876 -66 -3649 -551 -89
442 -986 87 -3583 -844 39
521 -1231 246 -3570 -931 121
514 -1411 351 -3619 -853 170
584 -1686 454 -3694 -729 168
690 -1926 525 -3879 -493 164
928 -2383 645 -4058 -334 180
1193 -2719 705 -4407 -174 283
1692 -3229 805 -4835 -261 515
1913 -3568 881 -5150 -497 696
2131 -3928 846 -5565 -923 946
2287 -4059 762 -5761 -1205 1088
2332 -4019 696 -5902 -1592 1211
2379 -3962 591 -5913 -1753 1232
2491 -3844 644 -5888 -1816 1227
2790 -3586 877 -5898 -1730 1249
2905 -3343 917 -5980 -1470 1310
3113 -3010 868 -6042 -1329 1389
3120 -2761 654 -5995 -1426 1490
3110 -2235 480 -5855 -1864 1523
3160 -1891 367 -5490 -2761 1484
3228 -1414 350 -5056 -3371 1210
3657 -1023 578 -4837 -3409 927
4045 -761 730 -4709 -2878 506
4533 -286 792 -4722 -2366 270
4653 73 607 -4752 -1835 -5
4556 545 296 -4713 -1775 -212
4532 941 191 -4597 -2167 -591
4743 1369 272 -4516 -2472 -897
5150 1507 420 -4470 -2528 -1332
5949 1555 648 -4527 -2030 -1658
6769 1395 711 -4564 -1416 -1823
7151 1226 764 -4542 -354 -2083
7525 982 1111 -4512 158 -2312
7628 750 1431 -4436 702 -2785
7836 252 2030 -4321 965 -3150
8082 -51 2452 -3908 1570 -3611
8773 -905 3149 -3153 2631 -3733
9245 -1573 3702 -2443 3549 -3578
9753 -2649 4105 -858 4989 -3145
9539 -3604 4011 578 5852 -2945
9128 -4225 3639 3126 6663 -3028
8327 -5208 2925 4829 6711 -3401
7833 -5689 2387 6955 6497 -4321
7314 -6541 1337 7970 6425 -5015
7176 -7066 443 8924 6632 -5854
6942 -7760 -1026 9232 6976 -6191
7652 -9235 76 7454 4038 -5553
5464 -6831 -4216 8719 7420 -6475
5266 -7466 -4280 8993 6462 -6830
4768 -7197 -3939 8447 5567 -6647
4080 -6822 -3627 7465 3894 -6394
3375 -6348 -4175 6402 2316 -6354
2749 -5940 -4800 6173 2166 -6471
2456 -5592 -4924 6076 2868 -6428
2383 -5140 -4327 5777 3379 -6081
2419 -4907 -3877 4816 4018 -5167
2152 -4667 -3449 4002 4467 -4489
1757 -4470 -3314 2851 5227 -3662
1361 -4348 -3337 2045 6010 -3101
1014 -4442 -3646 1739 6289 -2808
928 -4403 -3779 1553 5778 -2334
883 -4200 -3790 1520 4926 -1970
801 -3824 -3440 1423 3678 -1492
705 -3569 -3141 1304 3234 -1288
504 -3084 -2764 1057 3123 -1156
410 -2750 -2624 867 3204 -1103
358 -2267 -2416 548 3372 -949
266 -1753 -2134 311 3510 -780
234 -1336 -2065 -12 3683 -430
299 -1056 -2085 -172 3782 -138
465 -842 -2106 -322 3875 432
806 -201 -2083 -372 3758 918
1054 199 -2123 -337 3246 1721
1525 957 -2064 -175 2627 2450
1931 1740 -1680 0 2443 2886
2592 2058 -1058 41 2735 3038
3064 2046 -611 -93 3649 3157
3763 1655 80 -325 4169 3209
4473 589 362 -687 4225 3312
5103 -106 245 -734 3300 3630
5684 -713 146 -355 2051 4056
5724 -861 196 208 1218 4215
5519 -732 -13 634 1063 4106
4950 -246 155 976 1289 3686
4186 229 401 909 1551 3307
3671 440 519 416 2017 2741
2996 687 660 -375 2361 2325
2654 831 719 -968 2423 2157
2196 908 730 -1811 2281 2043
1791 798 660 -2284 2056 2015
1496 651 606 -2823 1587 1961
1095 456 504 -3075 1274 1904
925 326 455 -3319 898 1818
836 78 398 -3485 606 1797
893 -132 388 -3592 432 1831
942 -248 379 -3767 250 1926
1023 -458 401 -3905 153 1961
1064 -612 429 -4165 -40 1901
1035 -786 421 -4337 -187 1756
1013 -831 384 -4545 -372 1407
962 -951 301 -4664 -486 948
968 -1144 179 -4692 -515 636
1053 -1229 108 -4693 -565 277
1149 -1413 81 -4699 -607 128
1189 -1589 89 -4768 -622 22
1328 -1881 150 -4864 -654 26
1467 -2030 188 -5073 -794 125
1700 -2190 235 -5325 -1067 269
1843 -2335 130 -5454 -1227 323
1902 -2476 46 -5559 -1369 262
1931 -2602 -37 -5567 -1388 129
1985 -2630 -31 -5557 -1269 -106
2086 -2623 45 -5584 -1147 -214
2172 -2665 63 -5714 -1016 -241
2271 -2734 61 -5881 -1030 -69
2320 -2750 -16 -5960 -1113 134
2396 -2701 14 -6034 -1470 543
2535 -2541 -87 -5974 -2107 1029
2615 -2482 -130 -5842 -2467 1308
2793 -2327 -21 -5576 -2573 1579
2900 -2013 119 -5412 -2281 1641
3021 -1593 432 -5281 -1462 1555
3043 -1370 517 -5227 -830 1417
2987 -884 442 -5081 -357 1204
2742 -391 249 -4889 -594 1070
2605 -185 165 -4472 -1495 827
2579 54 302 -4167 -2008 631
2923 389 642 -3826 -2353 377
3243 589 776 -3613 -2100 276
3695 723 799 -3517 -1700 267
4011 747 713 -3379 -1192 273
4468 792 410 -3118 -1009 204
4590 858 203 -2850 -953 16
4646 854 174 -2494 -931 -530
4956 529 398 -2425 -852 -993
5288 239 526 -2560 -503 -1582
6076 -336 482 -2740 -186 -1805
6645 -888 220 -2737 152 -1812
6858 -1252 103 -2556 907 -1828
7130 -1754 373 -2438 1350 -1875
7289 -2169 740 -2381 1705 -2005
7510 -2718 1121 -2348 1869 -2141
7895 -3713 1588 -2055 2064 -2386
8417 -5026 2036 -1558 2297 -2569
9041 -6236 2143 -198 3145 -2688
9919 -8210 2221 1070 3998 -2616
10066 -9321 2035 3255 5221 -2451
9257 -10640 1587 4677 5649 -2613
8277 -10975 1149 6601 5453 -3542
6938 -10957 760 8006 4949 -5072
6265 -11052 430 8486 4833 -6063
6111 -11130 57 8514 5015 -7067
5854 -11122 -980 5901 5511 -6808
4355 -9650 -4737 6371 6107 -7072
3977 -10139 -4245 7201 3990 -8277
4847 -8981 -3113 6219 2758 -8298
5061 -8765 -2770 5075 1894 -7815
4302 -7995 -3799 4274 1470 -7156
3082 -7563 -4816 4499 1639 -6948
2580 -7012 -4958 5188 2432 -6537
730 -2385 -2388 1105 6134 -398
606 -2116 -2313 1009 6145 -86
479 -1746 -2208 913 6052 128
462 -1480 -2223 879 5477 179
544 -1254 -2055 839 4721 164
679 -1093 -1886 725 3597 114
964 -983 -1670 571 2741 98
1414 -844 -1499 462 2235 192
1747 -609 -1352 313 1546 563
2502 -224 -1128 244 1221 1223
3256 75 -1015 270 1172 1751
3507 357 -1008 389 1380 2438
3876 735 -938 490 1977 2892
4210 853 -626 403 2525 3071
4467 968 -349 -66 3327 3292
4799 986 173 -864 3772 3501
4894 796 264 -1390 3785 3573
4905 795 -23 -1756 3230 3546
4666 562 -386 -1670 2593 3386
4497 462 -400 -1258 1793 2943
4411 540 -444 -793 1504 2477
4279 676 -121 -2580 309 717
1196 448 -544 -2264 -653 722
1334 258 -435 -2100 -1055 803
1396 254 -218 -2063 -1372 938
1353 297 127 -2185 -1362 983
1222 320 349 -2536 -964 918
1150 306 391 -2972 -215 717
1012 298 436 -3260 349 520
869 255 346 -3490 845 307
769 70 126 -3691 1279 13
713 -116 -26 -3709 1290 -214
641 -345 -259 -3627 1138 -308
617 -502 -368 -3422 776 -359
604 -688 -296 -3269 195 -312
1415 -3420 509 -4853 -392 -475
1726 -3690 617 -5174 -859 -117
2136 -3983 734 -5497 -1479 385
2308 -4091 766 -5669 -1787 694
2338 -4188 771 -5819 -2044 954
2333 -4122 704 -5839 -2079 988
2344 -3968 648 -5741 -1882 920
2379 -3668 660 -5636 -1688 857
2444 -3431 676 -5479 -1477 825
2474 -3194 732 -5381 -1512 912
2462 -2875 649 -5320 -1680 1017
2485 -2667 581 -5174 -2153 1175
2598 -2200 585 -5037 -2602 1260
2757 -1878 643 -4792 -3133 1331
3169 -1448 672 -4509 -3199 1272
3516 -1032 641 -4336 -3075 1120
3742 -822 591 -4145 -2766 729
4059 -378 549 -4069 -2568 407
4370 137 483 -4031 -2262 -64
4492 371 376 -4051 -2063 -478
4682 801 318 -4100 -2016 -721
4799 1066 326 -4230 -2011 -1083
5020 1303 372 -4384 -1904 -1435
5411 1551 588 -4482 -1704 -1652
5632 1624 741 -4561 -1184 -1972
6039 1690 1033 -4543 -747 -2177
6311 1661 1183 -4383 -25 -2453
6926 1371 1704 -4230 358 -2579
7444 1092 2132 -3939 824 -2659
8281 403 2687 -3631 1320 -2681
8824 -114 2997 -2801 2632 -2732
9578 -1147 3336 -1505 4241 -2791
9757 -2080 3555 -429 5152 -2856
9314 -2877 3651 1331 5953 -3179
8951 -3497 3475 3227 6199 -3861
8438 -4508 2665 4564 6244 -4449
8184 -5113 1981 6457 6536 -5308
8000 -6073 830 7864 7414 -5871
7889 -6667 -182 8486 8207 -6030
7421 -7315 -1901 7840 9107 -5704
5846 -6197 -5000 7991 8927 -5398
4435 -7333 -5397 9279 6514 -6371
4400 -6459 -3943 9076 4211 -6765
4035 -6664 -3370 7432 2024 -7165
3121 -6111 -4313 6517 1660 -7369
2371 -6150 -5212 6120 1785 -7497
1672 -5449 -5507 6019 2120 -7054
1657 -5044 -4520 5521 2196 -6339
1643 -4686 -4000 4209 2443 -4931
1107 -3936 -3639 3311 2911 -4077
561 -3551 -3619 2298 3434 -3298
-153 -3179 -3471 1858 3411 -3102
-326 -3022 -3144 1378 3296 -2981
-108 -2802 -2602 1016 3648 -2630
470 -2803 -2402 865 4065 -2161
800 -2757 -2349 780 4707 -1210
1011 -2623 -2314 780 5119 -567
1202 -2375 -2230 766 5716 161
1296 -2001 -2183 734 6078 440
1273 -1835 -2169 654 6485 539
1263 -1523 -2151 579 6475 470
1081 -1386 -2210 518 5969 206
710 -959 -2414 555 5281 -30
466 -691 -2412 653 3846 -333
626 -488 -2256 593 2561 -393
1197 52 -1777 423 1985 -172
1580 317 -1452 41 1632 421
1795 767 -1332 -140 1752 841
1929 1048 -1435 -160 2196 1373
2494 1178 -1666 114 2708 1895
3372 1001 -1549 347 3012 2308
3945 865 -1205 539 3362 2961
4559 582 -469 497 3577 3319
4714 424 -54 230 3805 3582
4626 174 256 -52 3857 3453
4345 112 211 -114 3688 3214
4174 37 209 -50 3096 2814
4040 -47 272 16 2640 2597
3968 -7 451 11 2048 2428
3826 78 601 -106 1802 2374
3454 239 667 -412 1668 2283
3168 309 667 -673 1640 2199
2713 423 673 -1115 1542 2032
2260 458 609 -1397 1466 1896
2024 429 557 -1744 1376 1719
1851 346 241 -1923 1240 1681
1707 356 43 -1965 1168 1741
1638 415 38 -2078 1046 1916
1439 452 127 -2345 887 2066
1152 490 137 -2590 804 2093
964 499 38 -2971 776 1991
721 383 0 -3224 725 1837
613 237 -51 -3592 573 1504
574 38 -198 -3891 411 1169
534 -212 -302 -4037 266 961
594 -522 -370 -4229 -50 694
738 -768 -432 -4376 -464 554
991 -1139 -459 -4506 -988 528
1305 -1562 -434 -4590 -1283 556
1448 -1785 -359 -4753 -1629 574
1536 -2006 -223 -4982 -1868 485
1530 -2329 -226 -5139 -1880 344
1609 -2470 -277 -5308 -1758 119
1707 -2417 -317 -5393 -1668 14
1732 -2450 -257 -5426 -1607 27
1769 -2456 -204 -5458 -1511 186
1805 -2323 -98 -5470 -1499 369
1860 -2257 -83 -5444 -1568 739
2109 -2153 14 -5383 -1672 1184
2528 -2100 297 -5360 -1671 1472
2917 -1962 555 -5407 -1462 1817
3243 -1563 755 -5402 -808 1886
2957 -1131 370 -5274 -290 1692
2676 -901 53 -4837 -310 1041
2602 -582 -317 -4200 -1191 359
2908 -490 -342 -3784 -1729 92
3655 -354 113 -3445 -2320 90
4492 136 731 -3463 -2379 325
4831 446 983 -3728 -1745 704
4782 728 656 -3880 -1204 748
4722 816 137 -3803 -1058 366
4558 690 -515 -3374 -1601 -511
4710 626 -741 -2921 -2102 -1551
5262 206 -136 -2914 -2109 -2102
5643 -275 313 -3468 -1536 -2532
6584 -1254 561 -4065 -1047 -2489
7018 -2074 351 -4895 -921 -2099
6971 -2322 40 -5148 -1133 -1817
6774 -2639 -8 -4733 -1128 -1935
6786 -3204 502 -4239 -793 -2198
7441 -3903 1329 -3635 -301 -2405
8530 -4936 2605 -3233 589 -2127
9151 -5808 3422 -2815 1568 -1849
9101 -6558 3361 -1507 3329 -1798
8657 -7730 3113 542 4686 -2373
7703 -8353 3114 1957 5117 -3008
7180 -8846 3043 3737 4986 -4039
6520 -9473 2152 4775 4447 -4671
6217 -9704 1419 6264 3505 -5499
5726 -9557 859 7027 3554 -6085
5265 -9064 342 7490 4818 -6968
4080 -8747 -647 5741 1966 -7179
4438 -7194 -1456 5990 8049 -8552
5257 -7943 -2667 5434 8258 -8637
4716 -7453 -3973 5083 8876 -7964
3964 -6398 -4091 4186 5619 -6922
3326 -5029 -3973 3461 3313 -6385
2879 -4976 -3952 2962 2302 -6071
2333 -4509 -4371 3492 3455 -5728
2205 -4329 -4376 3988 4045 -5076
2007 -4200 -3990 4237 4162 -3600
1594 -3965 -3112 3964 4139 -2556
1443 -3737 -2612 3178 4290 -1140
1156 -3600 -2369 2414 4886 -135
981 -3577 -2562 2090 5245 307
903 -3598 -2715 1923 5198 722
803 -3570 -2771 1942 4912 876
636 -3263 -2479 1953 4502 922
325 -2545 -1845 1761 4438 757
102 -1950 -1394 1538 4540 590
90 -1583 -1276 1218 4462 443
175 -1331 -1369 1048 3914 513
393 -1002 -1519 1044 3254 698
611 -785 -1486 1117 2057 1093
1054 -433 -1314 1176 1461 1364
1485 -99 -1075 1183 1043 1743
2063 201 -754 1082 1100 1914
2666 349 -536 770 1634 2166
3696 613 -227 484 2177 2439
3994 928 -146 10 2834 2827
4095 1090 -167 -339 2891 3005
4227 1007 -200 -467 2696 2974
4467 902 -66 -597 2360 2818
4869 817 382 -819 1963 2673
5080 890 893 -1043 1768 2597
5233 895 1058 -1379 1624 2548
5525 771 855 -1477 1493 2592
5546 649 743 -1422 1268 2666
5237 601 703 -1282 1170 2595
4838 684 797 -1226 1234 2459
4572 760 782 -1245 1506 2178
4116 754 639 -1349 1942 1852
3649 849 590 -1478 2259 1654
3314 902 570 -1749 2690 1406
2732 1003 525 -2059 2826 1182
2135 1097 355 -2218 2621 1033
1530 1053 65 -2288 1953 800
1289 905 -122 -2152 994 611
1337 636 -489 -1856 102 607
1333 467 -567 -1659 -276 682
1323 428 -402 -1573 -550 805
1264 452 -91 -1693 -554 847
1179 413 92 -2090 -287 799
1068 311 201 -2441 12 690
1026 244 184 -2937 438 463
881 73 15 -3179 561 307
800 -21 -138 -3342 377 107
688 -205 -342 -3284 -15 -32
658 -382 -390 -3186 -233 -84
645 -486 -318 -3073 -418 -126
664 -618 -145 -3105 -415 -112
657 -734 -10 -3195 -300 -85
602 -800 85 -3450 -46 -63
523 -921 132 -3767 159 -91
433 -1140 9 -3950 214 -137
372 -1248 -61 -4143 65 -226
360 -1429 -210 -4203 -273 -297
381 -1784 -270 -4191 -662 -344
553 -2024 -165 -4217 -991 -284
855 -2239 49 -4303 -1143 -164
1167 -2532 237 -5499 -2685 1215
2969 -3223 423 -5413 -2897 1271
3148 -2827 461 -5318 -2955 1326
3343 -2464 474 -5232 -2988 1349
3488 -2237 454 -5053 -2989 1327
3609 -1896 291 -4873 -2891 1256
3715 -1659 285 -4577 -2836 1073
3942 -1218 304 -4333 -2647 833
4150 -812 283 -4213 -2402 660
4227 -474 295 -4136 -2171 357
4289 -23 320 -4161 -2131 118
4369 254 358 -4294 -2041 -307
4660 585 379 -4473 -1838 -713
5056 789 276 -4545 -1709 -936
5269 937 272 -4540 -1477 -1224
5509 1215 499 -4456 -1128 -1528
5584 1497 973 -4398 -795 -1780
5725 1611 1340 -4320 -226 -2192
6042 1425 1965 -4228 201 -2532
6702 1003 2510 -4060 531 -2648
7351 513 2825 -3469 1399 -2574
8369 -324 2984 -2739 2206 -2381
9238 -1128 3554 -1355 3733 -2021
9439 -1574 3950 139 5267 -1880
9194 -2358 4032 1191 5930 -2141
8755 -2825 3829 2957 6264 -3142
8456 -3930 3354 4142 6293 -4055
8601 -4699 2966 5718 6819 -5256
8655 -5885 1734 6957 8024 -5856
8309 -6670 316 7723 8309 -5913
7180 -7240 -1876 8715 7699 -5863
6567 -5513 -4507 7679 6375 -5367
4389 -6326 -5293 8776 5291 -6146
4536 -6831 -4745 9356 3853 -6975
4993 -7059 -4172 8896 3808 -6865
4554 -6705 -4812 7928 3783 -6356
3355 -6080 -5644 7272 3506 -6138
2536 -5341 -5418 6787 3472 -6135
2145 -4938 -5046 5778 3739 -6081
1553 -4549 -4633 4547 3960 -5901
1191 -4273 -4270 3695 4073 -5675
1159 -4164 -4053 2501 4353 -5072
1605 -4253 -3939 1599 4882 -4028
1788 -4191 -3795 1189 5301 -3167
1714 -4028 -3682 815 5943 -1915
1393 -3708 -3490 684 6307 -1258
1150 -3438 -3442 651 6699 -610
787 -3160 -3470 746 6605 -315
630 -2843 -3365 801 6096 -222
494 -2527 -3251 853 5024 -173
398 -2237 -2990 783 3729 -269
306 -1691 -2537 655 2980 -395
290 -1404 -2284 427 2391 -594
540 -1132 -2165 274 2237 -555
957 -952 -2059 211 2269 -320
1421 -476 -1704 13 2597 557
1865 203 -1340 -133 2824 1094
2152 589 -1294 -246 3162 1864
2564 952 -1368 -188 3292 2273
2887 1069 -1311 39 3342 2706
3120 1194 -1027 270 3405 2896
3426 1114 -388 289 3362 2914
3654 883 119 38 2893 2889
3886 593 392 -180 2415 2878
4250 353 456 -338 1669 2974
4417 198 422 -295 1247 3083
4693 -21 367 -86 866 3305
4892 -115 592 29 753 3466
4865 -64 734 76 955 3602
4616 74 1005 -26 1329 3592
4088 215 1064 -365 2045 3396
3631 333 923 -784 2521 3050
2875 426 631 -1038 2503 2781
2448 417 405 -1337 1958 2415
2067 386 216 -1572 1102 2194
1879 436 234 -1749 596 2148
1775 467 254 -2059 217 2168
1500 488 267 -2441 281 2183
1226 530 263 -2738 468 2163
1040 470 196 -3207 797 2069
762 347 130 -3680 1000 1882
532 181 55 -3983 1030 1703
396 17 -37 -4379 872 1397
275 -177 -227 -4643 505 1071
305 -498 -335 -4754 152 876
426 -860 -269 -4925 -409 607
542 -1111 -207 -5138 -841 379
749 -1411 -85 -5304 -1051 250
904 -1585 -12 -5584 -1285 112
1128 -1930 25 -5838 -1470 43
1384 -2251 -8 -5967 -1603 34
1512 -2470 -98 -6035 -1834 77
1656 -2686 -214 -5992 -1956 132
1784 -2733 -197 -5854 -2022 235
1853 -2727 -108 -5755 -1882 346
1894 -2765 86 -5757 -1671 407
1955 -2702 202 -5890 -1249 538
2079 -2636 270 -6091 -878 785
2199 -2619 200 -6188 -746 1005
2298 -2541 100 -6174 -758 1389
2449 -2412 -87 -6036 -905 1647
2571 -2418 -201 -5657 -1206 1979
2717 -2225 -178 -5210 -1408 2155
2781 -1983 -17 -4963 -1383 2135
2737 -1678 196 -4736 -957 1858
2665 -1378 293 -4669 -575 1573
2589 -1073 236 -4594 -358 1143
2485 -943 -9 -4505 -568 893
2443 -868 -125 -4259 -1341 620
2586 -642 -175 -4029 -1986 529
2783 -530 -120 -3659 -2655 507
3217 -382 57 -3442 -2721 537
3570 -329 126 -3219 -2256 566
3910 -210 208 -3167 -1637 506
3921 -97 174 -3210 -671 215
3755 120 -1 -3249 -519 -102
3804 11 -339 -3176 -1138 -671
4082 -151 -400 -2963 -1751 -1185
4892 -380 -234 -2828 -1813 -1363
5354 -588 -51 -2698 -1085 -1391
5753 -673 185 -2668 385 -1322
5861 -706 154 -2638 1207 -1287
5909 -893 -83 -2486 1726 -1367
5852 -1241 -209 -2306 1677 -1569
5888 -1505 -123 -2034 1193 -2038
6276 -2068 261 -1895 803 -2402
6714 -2556 614 -1698 701 -2853
7522 -3528 1139 -1324 1434 -3065
8448 -4971 1436 -872 2247 -3043
8981 -5946 1543 165 3732 -2819
9133 -7190 1636 1043 4708 -2681
8699 -7789 1528 2526 5752 -2845
7810 -8499 1227 3567 5996 -3229
7353 -8808 1003 5027 5695 -4011
6942 -9229 524 6246 5453 -4825
6710 -9598 -30 6842 5417 -5274
6569 -9749 -545 7421 5471 -5725
6267 -9678 -1304 7568 5593 -5971
5401 -7802 -3851 5910 6873 -5519
4131 -9192 -4977 7392 5020 -6597
5291 -8109 -3428 7719 4184 -6955
5627 -8210 -2645 6704 3932 -6547
4937 -7479 -3214 5871 3874 -6136
4099 -7193 -3931 5278 3249 -5875
3258 -6588 -4534 5264 2809 -5919
3084 -6119 -4277 5164 2769 -5819
2957 -5525 -3610 4557 3498 -5273
2843 -5124 -3313 3972 4184 -4712
2365 -4772 -3196 3113 5044 -3833
1594 -4307 -3468 2728 5293 -3350
1148 -4020 -3483 2414 4902 -2873
676 -3551 -3419 2298 4433 -2668
565 -3122 -2941 2091 3761 -2400
580 -2882 -2529 1740 3523 -2078
566 -2513 -2037 1479 3671 -1824
523 -2296 -1864 1183 4137 -1403
437 -2126 -1835 1097 4463 -1093
402 -2026 -1897 1102 4668 -558
495 -1860 -1947 1162 4517 65
723 -1626 -1815 1152 4263 487
871 -1443 -1685 1040 3877 996
1023 -1222 -1534 926 3646 1225
1103 -974 -1492 765 3239 1425
1408 -738 -1402 606 2693 1603
1879 -288 -974 431 2275 1770
2217 49 -727 90 1820 2116
2849 179 -629 -95 1622 2404
3281 237 -533 -268 1419 2873
3899 385 -264 -385 1604 3336
4474 405 -37 -495 1923 3587
4805 389 88 -726 2553 3839
5104 269 225 -917 2973 3894
5068 129 88 -1162 3345 3769
4911 108 -17 -1261 3437 3408
4591 209 -69 -1269 3367 3105
4434 342 -190 -1238 3010 2668
4101 440 -127 -1278 2582 2300
3782 590 97 -1390 2331 2090
3558 688 247 -1673 1989 1831
3238 830 448 -1912 1757 1691
3112 885 401 -2237 1416 1551
2901 789 154 -2364 1220 1507
2720 768 44 -2463 1049 1474
695 352 132 -3590 14 -115
584 276 169 -3593 -211 -230
501 137 204 -3583 -271 -279
481 10 218 -3564 -252 -316
478 -165 175 -3557 -112 -294
478 -343 250 -3583 18 -264
489 -485 271 -3661 206 -207
526 -709 257 -3704 276 -152
555 -877 198 -3734 213 -93
549 -1122 98 -3716 36 -73
552 -1311 89 -3687 -363 -110
668 -1677 120 -3688 -598 -160
825 -1903 212 -3801 -761 -226
1029 -2331 399 -5414 -1390 1108
2365 -3816 396 -5353 -1318 1168
2393 -3659 435 -5305 -1128 1195
2425 -3366 436 -5290 -956 1181
2382 -3170 400 -5251 -783 1122
2326 -2894 267 -5138 -1022 1026
2324 -2655 102 -4995 -1386 955
2370 -2481 38 -4700 -2050 847
2530 -2207 105 -4425 -2732 754
2712 -1998 200 -4281 -3065 704
3010 -1556 366 -4117 -3277 629
3262 -1186 451 -4036 -3138 552
3364 -927 430 -3903 -2571 372
3577 -535 377 -3819 -2182 240
3632 -328 250 -3681 -1788 10
3894 -138 125 -3587 -1726 -140
4152 -89 107 -3504 -1849 -334
4680 25 57 -3488 -1818 -511
5018 166 -20 -3483 -1557 -684
5170 368 -15 -3483 -750 -1057
5242 772 -72 -3400 102 -1437
5199 1256 177 -3336 413 -1638
5200 1439 336 -3234 668 -1841
5280 1608 793 -3184 751 -1930
5568 1635 1211 -3091 949 -2030
5850 1470 1502 -2845 1504 -2115
6352 1010 1973 -2576 2071 -2176
6639 530 2246 -1984 2847 -2232
7007 -226 2960 -1529 3185 -2276
7210 -815 3402 -709 3509 -2413
7620 -1938 3810 555 3972 -2683
8183 -3365 3830 1734 4453 -2881
8497 -4231 3590 3848 5406 -3187
8555 -5332 3075 5281 6232 -3465
8174 -5849 2561 7071 7590 -4130
7196 -6565 1119 8385 8194 -4966
6129 -7214 -628 8978 7669 -5477
5624 -7368 -1555 9370 5954 -6080
5064 -6218 -5227 8391 4361 -5908
4428 -6358 -3453 8374 4345 -6718
4307 -6010 -3601 8305 5118 -7181
3992 -5868 -3619 7910 5660 -6979
3511 -5097 -4025 7072 5612 -6262
3133 -4791 -4274 6323 4955 -5578
2877 -4595 -4469 5741 4469 -5110
2635 -4148 -4128 5328 4378 -4841
2429 -3950 -3786 4574 4583 -4447
2462 -3765 -3484 3836 5074 -3881
2257 -3705 -3345 3420 5357 -3456
1984 -3560 -3208 2913 5644 -2887
1467 -3477 -3160 2556 5733 -2480
1052 -3384 -3094 2379 5512 -2245
916 -3242 -3119 2187 4940 -1835
823 -3118 -3162 2098 4460 -1495
859 -2968 -3085 1927 3540 -915
1005 -2728 -2877 1635 2696 -331
1015 -2452 -2438 1360 2300 -47
1029 -2156 -2135 878 1978 168
1050 -1801 -1918 450 2201 163
1119 -1703 -1888 231 2585 134
1202 -1295 -1785 -29 3121 203
1265 -781 -1653 -155 3314 360
1298 -432 -1571 -239 3349 744
1477 196 -1660 -164 3214 1075
1575 546 -1783 173 2816 1607
2049 823 -1729 580 2519 2158
2907 948 -1329 748 2533 2555
3417 946 -884 700 2818 3122
4286 830 -29 263 3100 3614
5112 255 653 -155 3038 3851
5365 -115 687 -551 2509 3954
5263 -456 262 -322 1879 3673
5203 -511 144 74 1524 3377
5301 -558 474 528 1187 3051
5223 -435 1042 566 1178 2958
5048 -216 1105 337 1559 2951
4496 52 903 -40 2135 2921
3730 261 596 -297 2379 2819
3243 435 464 -698 2464 2567
2572 707 381 -972 2421 2377
2020 823 254 -1416 2266 2095
1636 873 168 -1706 1973 1928
1449 799 163 -2177 1079 1777
1387 756 99 -2615 221 1770
1181 645 119 -2995 -91 1794
1042 528 217 -3239 -157 1811
945 407 253 -3567 -176 1793
1172 -1161 152 -5131 48 57
1352 -1564 -66 -5362 -703 83
1472 -1814 -321 -5352 -1259 132
1545 -1889 -349 -5194 -1936 171
1645 -1939 -166 -5077 -2141 127
1713 -1849 129 -5110 -1960 55
1749 -1786 244 -5292 -1309 -59
1766 -1796 275 -5536 -562 -100
1801 -1866 133 -5672 -226 -44
1860 -1999 -31 -5761 -34 195
2044 -2160 -232 -5732 -167 454
2155 -2233 -306 -5563 -685 914
2219 -2168 -316 -5383 -973 1169
2170 -1965 -151 -5106 -1018 1299
2126 -1819 -54 -4903 -637 1124
2064 -1536 -46 -4798 -238 910
2030 -1432 -44 -4688 246 571
1955 -1364 -153 -4613 312 320
1897 -1370 -309 -4536 38 228
1894 -1365 -331 -4383 -714 189
1867 -1293 -327 -4246 -1221 175
1902 -1230 -317 -3992 -1793 137
1993 -1092 -197 -3813 -2034 95
2133 -1080 -4 -3640 -2228 22
2592 -946 152 -3561 -2227 8
2971 -968 179 -3429 -2038 58
3527 -1133 169 -3322 -1876 97
3747 -1182 55 -3110 -1721 81
3880 -1310 -64 -2854 -1662 -111
4034 -1571 -161 -2695 -1719 -321
4370 -1705 -237 -2482 -1894 -554
4813 -1679 -228 -2370 -1909 -610
5089 -1632 -146 -2279 -1533 -618
5177 -1415 -73 -2264 -1017 -648
5006 -1052 -33 -2294 -218 -838
4919 -888 -4 -2303 80 -1148
4730 -683 -5 -2249 -5 -1425
4706 -603 98 -2063 -337 -1889
4736 -629 232 -1865 -652 -2363
5136 -970 630 -1816 -856 -2615
5535 -1554 838 -1832 -920 -2833
6134 -2317 1088 -1780 -553 -2872
6567 -2852 1276 -1471 516 -2752
7219 -3936 1401 -792 2024 -2434
7925 -5266 1175 -59 3043 -2114
8264 -6171 984 1368 4187 -1633
8143 -7174 877 2411 4675 -1534
6567 -7448 1081 4533 5279 -2986
6044 -7541 913 5464 5105 -4573
5606 -7964 519 5930 4800 -5496
5560 -8280 143 6354 4361 -6332
5618 -8286 -131 6460 4570 -6626
7029 -9557 2969 6353 5100 -6515
4312 -7355 -3346 5551 6951 -6053
3842 -8073 -4139 7274 6109 -6989
5344 -7011 -2012 7248 6132 -6848
5142 -6971 -1935 6139 6418 -6159
4421 -6113 -2663 5091 5619 -5623
3807 -5949 -3325 4786 4748 -5496
3441 -5394 -4153 4887 4007 -5285
3372 -4757 -3868 4971 3995 -4967
3285 -4398 -3599 4716 4462 -4219
2890 -3813 -3304 4057 4715 -3363
2445 -3490 -3064 3518 4545 -2860
2128 -3234 -2897 2816 4325 -2322
1631 -2932 -2609 2472 4354 -2122
1285 -2761 -2634 2204 4432 -1949
882 -2536 -2601 2130 4079 -1831
734 -2384 -2467 2026 3006 -1594
614 -2187 -2131 1928 2375 -1419
578 -2042 -1775 1669 1738 -1195
629 -1854 -1416 1458 1625 -1060
684 -1863 -1293 1172 1821 -824
831 -1826 -1252 965 2154 -440
982 -1743 -1237 870 2425 -75
1041 -1546 -1290 767 2877 539
1093 -1169 -1380 713 3147 965
1229 -923 -1371 579 3398 1626
1678 -647 -1215 415 3433 2071
2065 -439 -1060 105 3257 2720
2466 81 -889 -71 3035 3065
2617 235 -918 -194 2772 3326
2973 361 -990 -183 2584 3335
3405 336 -894 -166 2109 3203
3838 296 -614 -292 1858 3076
4642 314 279 -554 1884 3106
5156 249 780 -1124 2083 3267
5718 203 714 -1417 2458 3401
5606 378 136 -1286 2750 3333
5081 424 -296 -713 3089 2805
4462 515 -412 -149 3104 2081
4125 556 -34 -102 2939 1599
3758 698 457 -403 2826 1437
3476 874 729 -1201 2630 1352
2842 1092 765 -1794 2534 1314
2122 1149 572 -2552 2190 1173
1738 1086 378 -3000 1352 996
1370 893 116 -3102 617 913
1211 709 -167 -3004 -339 895
1241 562 -385 -2693 -978 1072
1332 392 -438 -2469 -1180 1286
1400 400 -291 -2308 -1002 1679
1395 426 22 -2379 -571 1913
1306 542 258 -2738 356 2130
1118 606 243 -3269 1406 2096
815 585 142 -3630 1953 1890
512 457 -133 -4053 2239 1354
394 296 -307 -4265 1732 727
347 -40 -502 -4277 821 214
427 -277 -434 -4246 212 -9
491 -447 -258 -4258 -486 -171
602 -712 -18 -5628 -39 -319
1767 -4008 856 -5890 -159 -171
2011 -4235 895 -6247 -431 157
2234 -4441 852 -6424 -659 400
2293 -4484 761 -6515 -996 701
2270 -4398 652 -6419 -1254 805
2125 -4226 548 -6280 -1312 746
2067 -4014 580 -6063 -1339 546
2106 -3780 682 -5968 -1379 446
2287 -3468 763 -5876 -1390 451
2459 -3118 770 -5804 -1455 559
2531 -2920 705 -5620 -1666 783
2550 -2657 614 -5428 -1834 901
2582 -2377 587 -5069 -2174 986
2603 -1915 599 -4690 -2496 914
2662 -1626 673 -4476 -2625 783
2968 -1201 802 -4233 -2608 569
3285 -1002 843 -4095 -2539 464
3684 -691 779 -3852 -2462 362
3999 -195 587 -3618 -2474 304
4123 130 516 -3208 -2409 109
4333 606 568 -2984 -2261 -109
4488 927 671 -2861 -1898 -536
4811 1184 763 -2935 -1534 -860
5042 1217 757 -3197 -1095 -1345
5387 1210 691 -3432 -1044 -1783
5573 1139 637 -3458 -1029 -2071
5810 1111 765 -3298 -792 -2472
6164 1064 1222 -3086 -242 -2820
6649 747 1718 -2982 285 -3020
7134 325 1881 -2742 1301 -3224
7875 -411 1773 -2193 2475 -3277
8514 -1147 1824 -1596 3102 -3276
8755 -1662 1958 -549 4223 -3357
8849 -2273 2226 654 5218 -3613
8675 -2962 2275 1555 5669 -3882
8497 -3416 2210 3018 6167 -4410
8155 -4089 1754 4041 6563 -4827
8012 -4659 1160 5573 7122 -5372
7489 -5378 -26 6948 7394 -5757
6893 -5932 -1397 7723 7341 -5934
6583 -6127 -2200 8518 7375 -6069
6849 -4535 -2843 7959 8011 -5537
4240 -6351 -4961 8415 7675 -6037
4828 -4958 -3997 8315 7395 -6332
4940 -5610 -4043 7779 7176 -6188
5254 -5070 -4093 6864 6999 -5596
4938 -4950 -4221 6083 6550 -4940
3804 -4597 -4911 5839 6149 -4763
2656 -3978 -4526 5531 4741 -4807
2440 -3691 -4163 4978 3269 -4823
2348 -3416 -3448 4138 2899 -4573
2264 -3347 -3098 3542 3167 -4253
2107 -3506 -2817 2786 3881 -3582
1926 -3605 -2785 2434 4280 -3032
1764 -3623 -2864 2151 4647 -2123
1456 -3617 -2935 2047 4751 -1269
1173 -3496 -2879 1992 4688 -770
1023 -3295 -2755 1843 4467 -164
902 -2999 -2584 1696 4234 128
787 -2715 -2462 1429 3857 333
737 -2440 -2427 1164 3492 318
721 -2005 -2262 984 3293 258
734 -1664 -2041 655 3025 178
709 -1092 -1883 444 2915 166
696 -839 -1903 216 2938 216
915 -568 -1926 53 3120 430
1272 -8 -1673 -102 3230 689
1470 357 -1639 -334 3110 1197
1754 887 -1721 -391 2799 1542
1977 1121 -1783 -236 2141 1995
2383 1356 -1781 123 1636 2344
3050 1414 -1263 308 1583 2562
3519 1354 -710 287 1905 2892
4035 1176 120 67 2185 3077
4267 946 526 -404 2472 3216
4586 472 780 -678 2546 3231
4723 177 794 -869 2418 3215
4896 -248 838 -845 2191 3207
4934 -438 920 -687 1801 3232
4783 -469 1111 -533 1597 3219
4394 -298 1227 -475 1623 3156
3840 -195 1121 -483 1750 2986
3440 -103 1057 -615 1677 2755
2855 84 1030 -789 1542 2592
2535 179 1028 -1159 1379 2361
2150 291 959 -1599 1235 2195
1961 295 696 -1872 1133 2145
1860 275 525 -2226 996 2146
1607 310 312 -2449 930 2159
1391 352 198 -2767 826 2115
1085 342 221 -3019 683 2042
955 287 280 -3442 395 1914
856 184 309 -3855 179 1739
792 -37 319 -4101 85 1607
823 -145 297 -4381 -81 1423
843 -317 178 -4504 -320 1264
828 -509 42 -4514 -453 1153
796 -675 25 -4485 -504 930
855 -873 149 -4549 -380 675
1004 -1012 284 -4747 -186 446
1222 -1298 334 -4928 -112 324
1315 -1382 334 -5206 -185 179
1383 -1418 183 -5338 -310 87
1371 -1499 39 -5393 -492 -87
1315 -1689 -73 -5363 -583 -239
1291 -1797 -67 -5313 -698 -450
1377 -1904 19 -5310 -787 -530
1525 -2037 91 -5389 -940 -493
1641 -2109 190 -5575 -1126 -269
1897 -2177 366 -5758 -1303 -23
2102 -2346 385 -6050 -1613 409
2264 -2433 312 -6194 -1816 813
2458 -2343 200 -6155 -1866 1047
2546 -2287 135 -5919 -1744 1268
2595 -2192 106 -5681 -1486 1315
2640 -2047 95 -5284 -886 1296
2615 -1848 158 -5051 -485 1237
2345 -1663 229 -4819 -68 1056
2293 -1512 247 -4730 63 845
2182 -1352 136 -4676 -23 730
2110 -1302 19 -4531 -432 567
2090 -1128 -156 -4360 -823 476
2137 -1044 -196 -4029 -1379 370
2193 -992 -109 -3714 -1668 230
2427 -949 80 -3577 -1753 140
2709 -1033 70 -3395 -1906 80
3120 -1203 28 -3198 -2088 83
3491 -1341 -9 -3057 -2172 60
3704 -1422 -94 -2783 -2034 -65
3771 -1772 -107 -2529 -1625 -362
3921 -2038 -115 -2392 -1447 -587
4019 -2061 -222 -2146 -1314 -838
4075 -1871 -369 -1790 -1319 -979
4092 -1637 -345 -1522 -1293 -1058
4063 -1425 -323 -1099 -969 -1195
3920 -1162 -239 -721 -582 -1389
3810 -1023 -224 -515 -324 -1555
3653 -874 -194 -335 9 -1822
3633 -786 -54 -317 95 -1971
3672 -780 70 -439 49 -2130
3777 -939 210 -587 -10 -2211
3880 -1078 383 -833 -92 -2319
4048 -1286 518 -943 -25 -2386
4242 -1488 651 -970 356 -2449
4600 -1847 820 -867 946 -2412
5013 -2377 1002 -738 1279 -2319
5265 -2818 1104 -485 1643 -2142
5698 -3620 1360 -270 1847 -2037
6087 -4186 1392 241 2206 -1903
6754 -5200 1395 1054 2673 -1800
7336 -6020 1279 1771 3049 -1784
7882 -7204 1204 2992 3972 -2046
7741 -7572 1207 3777 4729 -2522
6897 -7737 1290 4780 5410 -3676
5855 -7897 926 5327 5452 -4626
5458 -8371 327 5975 4877 -5834
5491 -8587 -79 6385 4324 -6436
5573 -8680 -716 6518 4353 -6551
5616 -8418 -1080 6473 5161 -6586
4690 -7073 -3803 5168 5551 -6226
4962 -7663 -3221 5885 7274 -6926
5496 -7213 -3372 5854 7772 -6925
6069 -6940 -3233 5369 7503 -6471
6039 -6499 -3559 4636 6447 -5752
5375 -6073 -3970 4374 5570 -5525
4588 -5487 -4380 4448 5005 -5577
4262 -4925 -4278 4537 4029 -5546
3845 -4307 -3927 4349 3434 -5301
3476 -3863 -3536 4062 3401 -5014
3200 -3724 -3449 3554 3696 -4398
2792 -3478 -3433 3106 3942 -3536
2218 -3244 -3432 2853 3962 -2914
1795 -3127 -3455 2539 3776 -2047
1185 -2830 -3437 2373 3496 -1548
822 -2648 -3334 2173 2974 -916
399 -2281 -3015 1949 2750 -394
120 -1845 -2516 1722 2836 -83
106 -1640 -2301 1300 3298 422
402 -1407 -2179 900 3844 1122
776 -1140 -2073 670 4069 1693
1028 -997 -1934 357 4299 2546
1498 -832 -1763 84 4514 3227
1877 -662 -1731 -93 4648 3617
2246 -444 -1807 -126 4653 3716
2603 -350 -1791 -98 4319 3798
3141 -271 -1282 -166 3338 3840
3558 -96 -462 -324 2483 3787
3850 -151 103 -694 1487 3505
4421 -265 836 -1088 1365 3095
4994 -412 857 -1225 1954 2869
5137 -484 593 -1126 3534 2693
5289 -248 8 -813 4584 2898
4947 92 -582 -560 4418 3172
4498 322 -655 -379 3263 3442
3887 758 -264 -604 1738 3359
3470 1142 113 -944 1059 3122
3235 1289 384 -1695 933 2593
2870 1452 698 -2304 1336 2187
2630 1473 939 -3308 2266 1615
2476 1375 999 -4255 3026 1183
2187 1235 872 -4896 3279 893
1975 1098 452 -5061 2983 793
1762 917 -49 -4792 1788 760
1444 635 -383 -4101 277 778
1421 510 -331 -3573 -449 810
1453 447 -128 -2886 -952 853
1502 422 285 -2536 -1007 872
1378 516 675 -2518 -761 789
1342 518 791 -2741 -358 588
1161 533 836 -2966 -66 392
810 -1444 463 -3301 -859 -905
792 -1709 533 -3405 -878 -973
745 -2149 593 -3590 -801 -1084
793 -2709 647 -3768 -680 -1165
920 -3132 668 -4141 -486 -1213
1220 -3721 746 -4456 -395 -1152
1652 -4102 992 -5055 -447 -890
1969 -4279 1073 -5729 -854 -410
2108 -4347 956 -6092 -1214 -42
2062 -4320 786 -6362 -1534 408
1849 -4198 564 -6349 -1559 570
1719 -4025 376 -6108 -1432 643
1687 -3888 296 -5716 -1217 610
1837 -3644 370 -5466 -1123 617
1960 -3557 432 -5209 -1150 743
2127 -3349 478 -5073 -1316 1015
2149 -3157 507 -5006 -1533 1228
2142 -2784 546 -4888 -1899 1501
2137 -2636 456 -4751 -2082 1607
2206 -2379 449 -4579 -2249 1634
2377 -2169 562 -4334 -2556 1568
2572 -1972 692 -4148 -2665 1364
2798 -1664 860 -4078 -2524 1175
2954 -1459 960 -4044 -2122 824
3040 -1124 939 -4030 -1841 569
3061 -916 894 -3957 -1542 216
3078 -534 673 -3739 -1473 -70
2965 -137 532 -3533 -1611 -259
3016 192 602 -3268 -1954 -553
3337 656 809 -3159 -2116 -783
3656 1014 861 -3138 -2031 -910
3964 1184 780 -3033 -1503 -1020
4306 1597 503 -2832 -1041 -984
4388 1944 390 -2380 -457 -812
4391 2430 598 -2029 -106 -665
4379 2886 1010 -1989 42 -729
4467 3142 1256 -2071 100 -912
4562 3072 1260 -2170 90 -1367
4838 2712 1062 -2124 183 -1750
5127 2381 1061 -1920 468 -2282
5647 1903 1177 -1712 1023 -2605
6197 1414 1231 -1598 1489 -2670
6487 981 1230 -1421 1994 -2579
6805 280 1014 -1216 2155 -2467
7053 -212 883 -674 2272 -2292
7725 -1082 902 -221 2375 -2166
8166 -1694 1032 546 2967 -2039
8678 -2704 1127 1454 3853 -2102
8876 -3414 1009 2237 4500 -2298
8786 -4567 714 3656 5119 -2765
8521 -4960 801 4550 5414 -3214
8064 -5657 611 5733 6273 -4147
7533 -6452 -254 6445 6723 -4781
7002 -7086 -1210 7388 6579 -5540
6297 -7546 -2329 7954 5157 -6039
6046 -6085 -2783 6812 6130 -5606
4079 -7958 -5590 7945 3479 -6520
4710 -6513 -3860 8295 2862 -7062
4495 -6936 -3433 7527 3191 -7232
4031 -6550 -3759 6507 4121 -7058
2961 -6322 -4657 6067 4223 -6938
2358 -6019 -4997 5647 4032 -6852
1991 -5619 -4924 5088 4075 -6635
1950 -5661 -4631 4537 4307 -6308
1830 -5651 -4303 3561 4845 -5557
1605 -5463 -4344 2767 5784 -4622
1006 -5197 -4594 2325 6369 -3693
373 -4692 -4625 2131 6126 -3146
-3 -4346 -4439 1841 5172 -2517
-82 -3761 -3907 1435 4335 -1998
49 -3157 -3538 1168 4179 -1647
177 -2793 -3295 808 4218 -1110
232 -2390 -2891 493 4376 -655
57 -1835 -2625 343 4569 -444
7 -1598 -2550 232 4893 -190
161 -1337 -2480 194 5028 27
371 -1017 -2454 129 4939 521
632 -426 -2227 -2 4328 1130
855 119 -2090 -95 3785 1517
991 694 -1860 -146 3281 1778
1120 1003 -1737 -133 2614 1939
1460 1138 -1494 -68 2318 1960
1891 958 -1209 7 1977 2064
2850 725 -633 -22 1493 2472
3781 284 -66 -70 1254 2850
4395 -56 277 -115 1126 3407
5118 -409 597 -113 1302 3724
5289 -508 611 -2 1999 4017
5253 -572 519 149 2696 4062
5061 -589 636 164 2940 4026
4819 -470 680 40 3020 3922
4323 -243 685 -223 2700 3754
3779 -101 588 -435 2297 3582
3286 2 482 -710 1630 3265
3068 67 492 -999 1161 2983
2814 228 523 -1217 1039 2864
2684 300 429 -1558 1086 2781
2450 254 423 -1964 1284 2760
2244 264 536 -2310 1391 2768
2006 311 589 -2911 1457 2722
1609 299 458 -3279 1452 2632
1432 251 189 -3641 1239 2442
1277 95 -227 -3729 919 2303
1200 -66 -317 -3766 295 2075
1217 -215 -222 -3863 -268 1827
1236 -351 -23 -4093 -528 1546
1263 -462 152 -4319 -571 1338
1291 -724 196 -4686 -591 980
1360 -854 178 -5013 -698 649
1440 -1111 100 -5149 -854 456
1477 -1402 41 -5242 -1177 203
1608 -1581 17 -5209 -1499 15
1812 -1884 -36 -5088 -1830 -81
2300 -2112 198 -6011 -555 1388
2309 -2051 92 -5658 -577 1474
2202 -1911 67 -5350 -520 1402
2139 -1785 152 -4920 -275 1146
2093 -1539 287 -4640 82 839
2090 -1417 358 -4550 253 677
2061 -1288 395 -4506 293 530
1989 -1143 280 -4466 150 484
1945 -1101 192 -4316 -274 440
1893 -964 131 -4156 -618 403
1923 -892 109 -3847 -1013 312
1917 -894 197 -3555 -1284 138
2101 -929 240 -3381 -1520 17
2421 -1039 162 -3079 -1938 -63
3090 -1418 138 -2749 -2355 11
3402 -1471 129 -2534 -2497 80
3770 -1445 162 -2223 -2223 121
3910 -1553 333 -2081 -1833 65
3954 -1473 376 -1958 -1106 -106
3950 -1191 253 -1829 -488 -295
3739 -907 87 -1706 -363 -433
3555 -678 -5 -1448 -643 -705
3262 -492 -76 -1250 -963 -958
3244 -357 -49 -938 -1377 -1350
3408 -250 79 -686 -1427 -1615
3564 -62 309 -530 -1029 -1734
3609 68 479 -487 -603 -1751
3813 220 713 -466 0 -1687
3948 295 753 -439 229 -1627
4121 325 662 -303 396 -1599
4288 335 628 -195 534 -1661
4537 27 684 -147 970 -1883
5196 -494 646 -188 1343 -1975
5609 -984 677 -353 1629 -1943
6172 -1956 624 -457 1521 -1751
6754 -2921 804 -440 1366 -1615
7343 -3936 893 -126 1423 -1459
8261 -5644 987 644 2135 -1431
9066 -7287 1171 1384 2866 -1484
8923 -8437 1171 2710 4050 -1840
8341 -8840 1006 4139 4626 -2864
7131 -9168 750 4968 4706 -3988
6541 -9266 572 5786 4487 -5795
5933 -9689 54 6066 4088 -7100
5545 -10024 -834 6070 3743 -7519
5377 -9928 -1476 6001 3336 -7556
3528 -8813 -5753 4921 2015 -6940
4419 -8482 -2981 5424 3646 -7166
4265 -9083 -3083 5712 4418 -7072
4094 -8531 -3084 5648 4626 -6615
3638 -7663 -3581 5214 3893 -5890
3295 -7154 -3701 4862 3802 -5714
2966 -6482 -3691 4637 4120 -5840
2812 -6225 -3761 4250 4739 -6044
2563 -6041 -3860 3649 4519 -5971
2264 -5736 -3825 3103 3886 -5762
2026 -5303 -3798 2359 2992 -5295
1569 -4523 -3729 1986 2877 -4745
1238 -4238 -3696 1946 3270 -4349
979 -3739 -3449 1956 4079 -3579
901 -3488 -3293 652 2990 2035
1719 -199 -2204 565 2508 2188
2243 -85 -1764 307 2153 2403
2685 233 -1283 109 2116 2505
2897 419 -958 -192 2285 2551
3546 465 -568 -424 2451 2687
4426 447 -576 -453 2519 2907
4854 444 -714 -266 2480 3334
5093 425 -689 18 2466 3565
4902 460 -380 128 2587 3500
4742 633 21 -9 2959 3141
4485 921 488 -308 3267 2820
4332 994 581 -900 3691 2335
3993 1232 505 -1295 3785 2050
3729 1390 -4 -1758 3191 1659
3310 1420 -274 -1791 2556 1510
3026 1480 -172 -1818 1615 1290
2598 1562 235 -1916 1225 1124
2219 1568 606 -2225 1044 849
2078 1515 662 -2628 1145 626
1959 1257 402 -2837 1247 543
1700 1182 51 -3005 1305 453
1610 1130 -100 -2983 1354 489
1491 873 -332 -2850 1277 568
1301 768 -463 -2729 1145 611
1166 770 -417 -2594 848 599
899 755 -294 -2573 619 504
752 697 -174 -2677 308 229
668 543 -53 -2827 142 2
659 453 -30 -3103 -72 -324
656 289 21 -3300 -215 -504
632 175 -19 -3547 -388 -710
593 -77 -67 -3707 -525 -834
578 -365 -153 -3752 -745 -863
561 -718 -183 -3725 -945 -841
600 -981 -213 -3635 -1321 -741
720 -1319 -117 -3548 -1693 -584
759 -1511 -15 -3518 -1942 -487
841 -1793 182 -3530 -2147 -412
869 -2106 350 -3622 -2228 -380
916 -2425 420 -3787 -1987 -453
1089 -2967 414 -3924 -1721 -481
1327 -3302 420 -4177 -1353 -373
1625 -3736 515 -4410 -1167 -162
1867 -3958 658 -4883 -968 351
2234 -4166 869 -5259 -937 792
2314 -4268 915 -5778 -1039 1418
2241 -4428 819 -6076 -1099 1737
2019 -4466 636 -6128 -1141 1758
1927 -4397 522 -6020 -1158 1587
1922 -4298 526 -5826 -1178 1389
1993 -4197 674 -5729 -1268 1321
2083 -4111 784 -5685 -1386 1375
2228 -4003 879 -5708 -1464 1608
2302 -3848 857 -5706 -1529 1813
2280 -3721 772 -5591 -1648 2066
2219 -3569 696 -5437 -1723 2157
2225 -3459 700 -5146 -1773 2183
2319 -3249 778 -4875 -1772 2126
2423 -3148 790 -4728 -1751 2061
2541 -2967 779 -4554 -1800 1946
2698 -2720 910 -4488 -1900 1873
2804 -2453 983 -4434 -1952 1765
2874 -2055 1027 -4394 -1908 1672
2844 -1801 943 -4271 -1785 1436
2923 -1396 835 -4041 -1777 1161
2867 -851 658 -3822 -1915 973
2880 -480 706 -3498 -2256 692
3045 66 906 -3338 -2315 521
3433 777 1021 -3201 -1999 339
3654 1131 978 -3067 -1461 212
4019 1487 837 -2924 -846 58
4378 1521 564 -2809 -488 -77
4569 1618 489 -2657 -267 -314
4800 1843 458 -2556 -269 -613
4963 1977 581 -2525 -245 -858
5186 2161 701 -2496 -4 -1309
5408 2093 702 -2421 249 -1643
5592 2032 652 -2175 652 -2092
5753 1779 630 -1852 1073 -2458
5976 1461 537 -1640 1391 -2629
6113 1224 518 -1383 1884 -2803
6388 863 431 -1229 2484 -2881
6782 440 230 -1106 2882 -2868
7066 -68 138 -741 3392 -2728
7597 -861 256 -111 3701 -2447
8128 -1612 921 344 3934 -2282
8343 -2159 1281 1138 4550 -2223
8303 -2884 1465 1837 4920 -2391
8169 -3308 1343 3214 5325 -2914
8048 -4000 1232 4660 5798 -3640
8054 -5006 870 5454 6344 -4175
7739 -5631 237 6447 6648 -4965
7022 -6389 -991 7261 5982 -5680
7909 -7361 1178 7277 5526 -5892
5445 -6184 -3986 6929 5418 -5863
4643 -6389 -4750 8438 4035 -7340
6301 -6155 -2429 7931 4234 -7485
6306 -6255 -2697 6464 6372 -7172
5649 -6157 -4006 5575 7185 -6702
4463 -6173 -5146 5414 6440 -6533
4103 -5855 -5144 5169 3862 -6384
3520 -5320 -5036 4864 2587 -6350
2985 -4841 -4337 4514 2674 -6290
2624 -4764 -4052 3827 3684 -5948
2184 -4687 -3914 3163 4711 -5165
1744 -4458 -3846 2788 5157 -4460
1398 -4321 -3812 2344 5604 -3344
778 -3961 -3855 2018 5455 -2389
216 -3655 -3972 1871 4929 -1904
-121 -3320 -3962 1779 3699 -1444
-220 -2864 -3526 1616 2477 -1198
13 -2440 -2947 1432 2160 -1074
145 -2260 -2534 998 2419 -915
251 -2069 -2079 453 3256 -751
91 -1677 -1771 103 3936 -633
54 -1397 -1744 -277 4766 -340
38 -1211 -1877 -408 5071 -38
136 -1031 -2001 -464 5036 593
422 -527 -2023 -396 4445 1407
712 122 -1821 -319 3989 1931
784 540 -1654 -174 3585 2491
1018 1130 -1310 -54 3426 2807
1620 1306 -1011 -11 3410 2967
2189 1352 -785 -9 3350 3319
2985 1260 -323 -58 3188 3592
3597 908 174 -254 2837 3965
4375 394 745 -416 2616 4134
4739 100 891 -517 2337 4203
5302 -345 1091 -440 1931 4138
5692 -644 1193 -298 1722 4062
5612 -627 1263 -37 1771 3812
5156 -358 1247 97 2044 3556
4811 -151 1217 138 2622 3182
4140 140 1040 -60 2867 2917
3413 479 882 -309 2789 2780
2735 821 808 -801 2442 2600
2396 952 833 -1411 1984 2448
2095 1033 772 -2020 1554 2360
1989 904 536 -2340 1336 2357
1940 756 430 -2689 1115 2388
1772 561 302 -2901 897 2404
1451 496 227 -2982 747 2366
1329 420 131 -3043 544 2273
1200 350 90 -3092 402 2147
1085 249 130 -3167 342 2018
1058 173 130 -3346 221 1787
1137 27 142 -3492 94 1632
1228 -116 179 -3739 -176 1375
1244 -369 187 -3981 -542 1064
1210 -544 187 -4109 -806 826
1168 -647 133 -4218 -1100 455
1207 -836 86 -4226 -1316 136
1402 -1080 168 -4215 -1490 -11
1501 -1215 228 -4225 -1711 -114
1610 -1355 246 -4230 -1789 -121
1632 -1460 257 -4240 -1788 -90
1615 -1517 238 -4269 -1694 -24
1624 -1547 334 -4391 -1460 71
1698 -1639 476 -4559 -1259 154
1798 -1780 531 -4892 -968 339
2022 -1972 565 -5135 -907 521
2222 -2058 480 -5427 -1044 877
2585 -2130 427 -5502 -1124 1102
2974 -2253 830 -5368 -45 1146
2885 -2070 622 -5248 -1342 1365
2713 -1923 -28 -4914 -961 1446
2596 -1905 318 -4526 -294 1323
2502 -1632 466 -4297 190 1066
2394 -1379 376 -4163 581 911
2240 -1261 335 -4013 799 713
2138 -1138 202 -3918 675 634
2138 -1061 163 -3767 324 590
2208 -1005 138 -3611 -95 571
2158 -1011 120 -3500 -471 507
2019 -856 127 -3304 -1010 314
1914 -604 93 -3142 -1218 161
1871 -443 171 -2911 -1434 -47
1933 -342 256 -2762 -1588 -191
2108 -317 221 -2673 -1716 -238
2222 -324 183 -2531 -1957 -265
2564 -506 142 -2352 -2138 -274
3212 -822 31 -2194 -2328 -254
3590 -1021 -52 -1894 -2572 -221
3627 -1215 -85 -1583 -2502 -445
3506 -934 -31 -1423 -2188 -759
3685 -537 69 -1269 -1522 -1253
3787 -445 38 -1200 -931 -1594
3927 -418 -38 -1137 -721 -1678
3981 -337 -335 -1018 -747 -1632
3819 -188 -427 -755 -965 -1578
3892 -8 -386 -527 -1202 -1598
4154 157 -146 -498 -1133 -1662
4577 95 145 -650 -860 -1736
4802 -19 317 -1100 -313 -1932
5024 -415 355 -1473 -74 -2117
5144 -701 306 -1996 -156 -2456
5574 -1217 388 -2355 -311 -2708
6431 -2153 711 -2465 -51 -2725
7063 -2770 1094 -2434 898 -2520
8146 -4342 1283 -1892 2208 -2070
9313 -6065 1322 -1157 3050 -1665
10094 -7366 1254 433 4157 -1144
10265 -8910 968 1746 4858 -1178
9469 -9175 1079 3707 5538 -2379
8017 -9222 1359 5187 5837 -4832
6888 -9981 715 6129 5653 -7213
6773 -10600 94 6671 5269 -8350
9647 -9446 2738 5203 7233 -7337
3918 -10642 -5806 6602 5007 -7539
4773 -9188 -3433 8211 3073 -8194
5058 -8973 -2456 7167 3516 -7812
4133 -8213 -3069 6132 4149 -7421
3100 -7789 -4193 5276 3545 -7123
1983 -7071 -5426 5217 2656 -7135
1842 -6425 -5162 5112 1975 -6968
2017 -5756 -3982 4321 2632 -6270
2112 -5289 -3395 3600 3568 -5534
1872 -5219 -3387 2687 4784 -4348
1276 -4804 -3537 2188 5444 -3358
684 -4082 -3533 2048 5665 -2842
160 -3625 -3587 1999 5260 -2333
-293 -3046 -3239 1908 4301 -2145
-315 -2712 -2871 1628 3047 -1966
-91 -2257 -2185 1210 2704 -1753
246 -2108 -1707 912 2904 -1531
449 -2052 -1572 560 3526 -1053
614 -2010 -1616 399 4118 -460
778 -1809 -1676 383 4435 186
885 -1606 -1630 390 4507 584
1099 -1309 -1469 358 4430 1113
1224 -960 -1209 219 4094 1526
1202 -625 -1115 53 3597 1770
1473 -79 -969 -23 3187 1911
1872 218 -812 -114 2561 2199
2506 478 -568 -188 2184 2424
3204 689 -429 -280 1719 2771
3611 745 -341 -378 1636 3018
4053 795 -211 -493 1914 3088
4464 776 120 -812 2599 3112
4748 691 288 -1263 3175 3153
4889 585 -64 -1449 3290 3197
4806 546 -260 -1442 3042 3176
4499 513 -311 -1241 2611 2982
4081 698 -190 -1085 2305 2760
3881 732 -91 -929 1908 2422
3760 777 84 -996 1735 2223
3568 901 179 -1146 1741 2190
3370 999 326 -1542 1848 2193
2952 1080 517 -1879 1945 2175
2701 1115 475 -2336 2043 2090
2339 980 171 -2516 2005 1996
2183 821 -172 -2523 1683 1848
1907 677 -476 -2335 1041 1706
1687 705 -308 -2245 520 1614
1659 765 -160 -2266 -63 1497
1488 821 124 -2379 -222 1397
1400 831 254 -2668 -216 1185
1272 811 358 -2998 -46 922
1170 678 243 -3183 108 738
1067 503 58 -3322 297 488
1023 352 -20 -3344 362 304
921 171 -64 -3319 357 227
824 -13 -27 -3302 316 155
747 -145 41 -3323 199 124
700 -296 155 -3400 -79 127
693 -380 202 -3443 -325 152
692 -463 193 -3451 -702 173
748 -614 177 -3361 -1127 161
887 -794 120 -3239 -1419 132
1053 -960 90 -2985 -1701 76
1256 -1190 194 -2830 -1732 30
1508 -1489 472 -2766 -1535 -27
1695 -1745 703 -3009 -1135 -11
2056 -2158 1004 -3342 -808 67
2234 -2505 1159 -4016 -390 238
2355 -2879 1183 -4690 -179 397
2370 -3005 894 -5005 -171 466
2194 -3191 602 -5191 -379 449
2035 -3286 416 -5080 -689 258
1980 -3261 341 -4923 -880 108
2002 -3314 458 -4752 -1123 -45
2062 -3269 573 -4769 -1138 -48
2124 -3093 702 -4864 -1019 35
2097 -2957 678 -5027 -747 224
1968 -2708 483 -5085 -468 395
1812 -2403 245 -5035 -345 479
1719 -2227 148 -4835 -328 546
1629 -2011 45 -4546 -487 549
1644 -1779 30 -4338 -650 539
1687 -1648 55 -4052 -1045 506
1857 -1441 132 -3911 -1405 489
1981 -1335 125 -3719 -1841 425
2166 -1077 171 -3568 -2082 287
2437 -843 186 -3479 -2130 181
2636 -670 176 -3335 -2045 46
2983 -485 239 -3245 -1948 -38
3230 -425 273 -3112 -1831 -164
3469 -271 255 -2950 -1740 -327
3528 -123 -10 -2791 -1716 -491
3607 -44 -119 -2538 -1891 -759
3836 73 -123 -2417 -1997 -903
3866 413 53 -2377 -1798 -1062
3773 748 249 -2497 -1182 -1186
3520 1151 363 -2600 -731 -1262
3251 1421 234 -2608 -306 -1360
3076 1484 140 -2363 -308 -1457
2915 1437 -60 -2072 -441 -1538
2969 1451 -77 -1564 -516 -1657
3171 1294 28 -1159 -343 -1720
3348 1198 76 -994 -145 -1741
3433 1188 150 -919 191 -1773
3365 1135 162 -970 385 -1839
3325 1179 159 -1084 491 -1991
3267 1381 162 -1125 447 -2107
3261 1606 231 -1101 400 -2255
3303 1900 380 -1038 547 -2339
3386 2020 469 -880 990 -2380
3875 2040 650 -708 1461 -2154
4535 2004 1071 -632 1769 -1824
5226 1890 1455 -510 2314 -1058
6745 1069 2159 -344 2779 -453
7907 299 2648 280 3735 297
9423 -1291 2767 1201 4680 441
10093 -2290 2538 3467 6224 -164
9748 -3499 2605 5150 6784 -1175
8431 -4354 2709 7120 6307 -3317
7789 -4944 2437 8149 4780 -5408
7444 -5999 1981 7245 2679 -6045
6716 -6257 -1169 8527 4774 -7137
6386 -7216 -2208 9043 5784 -7432
6056 -7354 -2268 8604 6822 -6879
4791 -7147 -3478 7392 5848 -6301
3234 -6603 -4412 6386 4030 -6467
2321 -6027 -5135 5990 2905 -6764
2091 -5495 -5125 5544 1909 -6888
1923 -4897 -4546 4845 2410 -6389
1731 -4606 -3795 4149 3205 -5756
1475 -4672 -3589 3007 4348 -4680
890 -4542 -3687 2396 4933 -4040
379 -4227 -3703 1806 5337 -3290
115 -4043 -3687 1513 5209 -2766
-76 -3849 -3558 1394 4846 -2483
-70 -3681 -3323 1239 4085 -2074
158 -3356 -2893 1078 3508 -1579
282 -3014 -2552 978 3379 -1236
312 -2774 -2359 854 3501 -770
325 -2300 -2153 716 3867 -376
290 -1834 -2044 610 4157 -143
315 -1554 -1966 429 4487 218
359 -976 -1859 225 4525 606
418 -633 -1758 86 4388 858
542 -210 -1709 -92 4025 1221
874 358 -1584 -183 3644 1495
1427 1027 -1229 -333 2850 1991
1803 1255 -1130 -396 2051 2431
2273 1446 -1147 -302 1687 2611
3020 1503 -995 -1 1487 2805
3536 1396 -648 217 1690 3021
4211 1065 194 67 2061 3212
4816 708 697 -170 2281 3333
5231 472 723 -430 2390 3581
5590 147 617 -453 2022 3833
5606 -5 637 -357 1574 3910
5396 -7 717 -165 1118 3717
4938 207 806 -46 1267 3210
4512 568 771 -55 1615 2844
4239 739 759 -297 2103 2420
3621 901 640 -772 2293 2128
3015 1097 584 -1155 2160 1990
2613 1149 450 -1688 1580 1823
2272 1064 -32 -1954 762 1711
2139 925 -443 -1976 296 1669
2018 912 -430 -1966 -61 1608
1846 893 -288 -2115 -144 1493
1575 874 -168 -2424 -92 1319
1381 777 34 -2705 -49 1176
1321 630 89 -3148 -57 967
1276 384 -65 -3445 -160 747
1312 44 -317 -3508 -325 600
1352 -135 -399 -3470 -759 370
1440 -341 -376 -3420 -1102 206
1459 -475 -242 -3424 -1491 -103
1575 -665 -24 -3572 -1647 -452
1588 -855 186 -3743 -1667 -689
1559 -947 235 -4032 -1702 -1057
1593 -1093 149 -4185 -1758 -1269
1643 -1305 -44 -4291 -2001 -1484
1692 -1365 -171 -4251 -2383 -1578
1842 -1502 -294 -4128 -2666 -1557
1923 -1561 -239 -4066 -2741 -1489
1969 -1536 -123 -4092 -2646 -1329
1954 -1506 95 -4202 -2461 -1193
1876 -1533 254 -4504 -2037 -989
1839 -1526 282 -4855 -1583 -744
1855 -1559 186 -5051 -1368 -530
1939 -1566 75 -5206 -1287 -104
2108 -1605 -139 -5193 -1399 242
2177 -1590 -223 -4995 -1672 752
2198 -1478 -176 -4685 -1794 1128
2138 -1312 -17 -4495 -1715 1253
2070 -1202 88 -4300 -1458 1241
1956 -1064 241 -4233 -1264 1075
1872 -968 224 -4216 -1214 938
1862 -963 168 -4159 -1370 780
1914 -1003 66 -4011 -1831 729
1991 -1019 -63 -3854 -2197 733
2063 -1046 -71 -3551 -2744 750
2173 -965 8 -3259 -3049 721
2270 -847 227 -3138 -3032 668
2287 -751 356 -3081 -2824 552
2391 -671 368 -3067 -2579 511
2613 -657 246 -2966 -2581 620
2869 -710 60 -2811 -2710 745
3041 -743 84 -2529 -3023 921
3359 -660 196 -2351 -3220 984
3667 -458 242 -2083 -3442 1049
3787 -385 264 -1899 -3466 1014
3757 -231 234 -1635 -3385 766
3873 -29 259 -1407 -3219 478
4049 253 397 -1269 -2572 242
4153 472 489 -1228 -1660 103
4264 547 422 -1212 -1208 71
4199 581 410 -1181 -900 50
4040 691 352 -1077 -759 -58
3837 886 528 -990 -728 -202
3746 1067 688 -849 -581 -522
3829 1186 954 -760 -387 -742
4255 1015 1314 -707 -228 -956
4671 644 1488 -784 -29 -1066
5542 -313 1517 -760 456 -1072
6582 -1558 1263 -528 908 -1004
7337 -2560 1138 215 1551 -805
8561 -4128 1193 878 1994 -680
9211 -4964 1441 1900 2963 -677
9448 -5918 1807 2825 4090 -1365
9313 -6399 1904 3387 4678 -2302
8828 -6991 1882 4146 5126 -4138
8094 -7337 1776 4557 5228 -5370
7737 -7642 1405 5078 5364 -6698
7219 -8212 365 5422 5645 -7199
3565 -5377 -3642 4294 2681 -5815
3239 -4950 -3327 3421 3779 -5281
2797 -4666 -3339 2941 4383 -4915
2078 -4299 -3363 2444 4966 -4426
1498 -3798 -3235 2124 5212 -3935
888 -3258 -3091 1941 5083 -3603
545 -2878 -2808 1615 4193 -3190
285 -2461 -2411 1371 3490 -2977
251 -2339 -2122 1081 3017 -2706
362 -2231 -1824 952 3024 -2477
461 -2177 -1719 867 3321 -1959
567 -2058 -1560 838 3655 -1249
624 -1878 -1453 809 3821 -702
693 -1690 -1413 762 4057 163
731 -1441 -1277 668 4252 942
640 -1056 -1176 568 4414 1331
659 -807 -1161 384 4562 1770
1001 -520 -1148 254 4456 2039
1299 -433 -1131 38 4020 2429
1905 -162 -1042 -154 3162 2858
2334 206 -940 -231 2520 3104
2663 324 -882 -229 1763 3352
3178 298 -588 -224 1289 3458
3618 468 -219 -267 1165 3467
4120 509 239 -555 1339 3506
4792 217 758 -912 1619 3558
5144 -3 459 -1330 2157 3665
5238 54 -287 -1227 2444 3709
5205 158 -684 -914 2468 3670
4919 306 -992 -361 2574 3457
4670 551 -382 -222 2771 3238
4463 750 196 -605 3171 2835
4088 1004 840 -1171 3467 2520
3821 1125 1021 -2189 3811 2026
3487 1128 918 -2787 3680 1725
3085 905 512 -3324 2695 1369
2851 777 253 -3336 1273 1162
2653 624 36 -3113 421 1119
2508 518 -76 -2573 -457 1123
2305 448 -75 -2018 -910 1169
2075 477 86 -1734 -994 1199
1906 531 231 -1494 -839 1240
1733 578 326 -1451 -573 1239
1449 605 303 -1469 20 1214
1224 652 191 -1499 408 1180
1057 701 149 -1579 800 1128
843 715 119 -1689 1034 1050
646 674 90 -1831 1106 911
469 632 97 -1948 1069 785
306 600 98 -2138 971 556
272 505 53 -2261 926 411
214 426 56 -2446 877 216
221 280 59 -2570 829 119
208 199 116 -2711 758 50
207 -18 195 -2966 634 -13
225 -152 312 -3299 508 -46
352 -299 443 -3565 394 -14
435 -387 511 -3956 160 70
452 -677 481 -4164 -17 109
466 -962 417 -4337 -291 102
501 -1366 207 -4320 -494 55
515 -1676 63 -4086 -816 -45
666 -2292 -91 -3849 -987 -97
883 -2816 -18 -3577 -1179 -91
1314 -3713 223 -3607 -1418 98
1901 -4402 693 -4065 -1768 543
2703 -4649 1113 -4565 -2047 1014
2939 -4730 1260 -5405 -2349 1742
3015 -4739 1198 -5873 -2372 2100
2918 -4603 1000 -6265 -2043 2313
2695 -4229 629 -6285 -1573 2220
2448 -3950 356 -5981 -544 1784
2317 -3574 107 -5443 379 1285
2307 -3347 108 -5100 658 1080
2218 -3021 105 -4687 740 1003
1986 -2575 89 -4495 618 1045
1826 -2266 130 -4322 84 1152
1603 -1980 141 -4257 -400 1202
1509 -1833 140 -4166 -1006 1194
1513 -1637 126 -4080 -1300 1135
1595 -1558 125 -3898 -1669 1018
1803 -1403 151 -3651 -1908 925
2114 -1279 179 -3453 -1974 904
2279 -1178 221 -3136 -1951 890
2542 -993 287 -2943 -1947 878
2659 -831 296 -2709 -2052 793
2901 -552 331 -2591 -2179 685
3048 -420 400 -2496 -2315 410
3358 -188 479 -2494 -2257 16
3704 40 595 -2531 -2107 -291
3970 215 526 -2552 -1768 -714
4427 430 218 -2475 -1578 -955
4863 491 84 -2287 -1509 -1161
5500 991 114 -2181 -1367 -1258
6004 1540 335 -2248 -869 -1391
6372 1796 532 -2643 522 -1795
6553 2260 590 -3220 1935 -2427
6392 2280 490 -3553 2429 -2963
6311 2131 489 -3742 2360 -3731
6612 1535 722 -3599 2070 -4061
6993 1073 1117 -3074 2021 -4167
7652 242 1961 -2633 2439 -4047
8364 -837 2303 -1735 3582 -3688
8574 -1625 2234 -344 4786 -3344
8791 -2814 1818 843 5350 -3205
8874 -3606 1490 2793 5864 -3165
8859 -4530 999 4628 6155 -3501
8477 -5079 660 5638 6278 -4057
2601 -5460 -4845 5962 3232 -6099
2324 -4895 -4403 5691 2472 -6016
1875 -4529 -3202 3464 2694 -5000
1656 -4554 -3200 2610 3205 -4376
1258 -4389 -3073 2094 3705 -3757
909 -4154 -2831 1865 4067 -3343
734 -3926 -2682 1565 4455 -2685
473 -3430 -2536 1295 4507 -2007
267 -3010 -2493 1145 4428 -1587
195 -2742 -2514 1020 4189 -1021
63 -2313 -2493 963 3936 -563
-116 -1855 -2293 897 3836 -339
-221 -1515 -2188 722 3889 -96
-299 -1045 -2021 536 4012 55
-277 -666 -1939 163 4165 375
-6 -39 -1962 -207 3937 917
289 330 -2089 -334 3505 1386
671 900 -2314 -252 2697 2052
947 1279 -2253 -100 2238 2409
1510 1636 -1749 51 2082 2765
1973 1694 -1354 13 2346 2915
3018 1361 -648 -312 2759 3168
4225 768 17 -635 2754 3382
5499 -116 431 -987 2180 3795
6224 -705 663 -885 1081 4137
6791 -1128 787 -245 217 4149
6386 -683 724 373 329 3830
5903 -368 857 1127 1462 3027
5151 6 1418 1213 2384 2515
4716 157 1633 714 3556 2107
4061 400 1631 -155 4320 2065
3079 686 1212 -948 4362 2108
1964 826 656 -1313 3836 2069
1408 865 333 -1602 2435 1921
921 750 100 -1694 1463 1818
849 588 229 -1865 475 1755
876 520 278 -2144 143 1852
1008 302 131 -2337 121 2016
1063 193 7 -2606 169 2339
1034 112 -123 -2778 226 2531
938 48 -67 -3080 282 2676
867 -32 -18 -3446 304 2576
722 -111 53 -3701 303 2361
649 -192 4 -4023 280 1885
611 -309 -104 -4226 192 1333
661 -466 -213 -4308 45 988
851 -775 -299 -4379 -433 617
1079 -980 -264 -4426 -848 480
1336 -1055 -203 -4499 -1442 450
1571 -1268 -77 -4563 -1801 475
1646 -1367 -12 -4664 -2144 468
1796 -1422 68 -4749 -2183 366
1897 -1459 157 -4819 -2110 263
1884 -1585 235 -4952 -1791 57
2041 -1643 279 -5050 -1498 -32
2137 -1756 294 -5212 -1280 -3
2280 -2004 212 -5320 -1392 255
2502 -2119 137 -5329 -1608 536
2627 -2257 154 -5277 -2050 1057
2766 -2425 285 -5233 -2278 1386
2872 -2393 403 -5183 -2285 1771
2959 -2208 547 -5136 -1887 1987
2986 -2004 605 -5054 -1187 2038
1655 -474 393 -3458 -558 668
1716 -402 272 -3250 -589 568
1761 -334 202 -3012 -817 519
1914 -259 128 -2747 -1364 512
2265 -237 4 -2539 -1842 521
2587 -287 26 -2238 -2436 426
3179 -416 41 -2073 -2570 282
3544 -363 55 -1888 -2276 -64
3851 -370 -3 -1790 -1424 -553
3949 -545 -178 -1768 -779 -924
4079 -542 -533 -1681 -153 -1388
4171 -667 -668 -1553 -52 -1655
4180 -698 -776 -1456 -243 -1787
4203 -640 -977 -1225 -608 -1911
4183 -659 -985 -896 -868 -2028
4321 -557 -830 -579 -811 -2101
4499 -493 -554 -437 -475 -2123
4716 -528 -379 -418 536 -2055
4996 -725 -279 -508 903 -2019
5071 -858 -269 -690 1149 -2081
5271 -1202 -94 -949 1028 -2272
5352 -1436 362 -1300 979 -2649
5890 -1976 1015 -1556 1136 -2899
6513 -3215 1455 -1767 1564 -3145
7140 -4172 1701 -1475 1991 -3092
8055 -5908 1964 -894 2018 -2893
9112 -7158 1945 696 2057 -2295
10399 -9124 2057 2905 3181 -1775
10179 -9985 2238 4396 4374 -1897
8771 -9710 2327 6250 6071 -3480
6625 -9209 1963 7551 6687 -6145
6028 -9696 1310 8019 6413 -7631
6096 -10207 597 8193 5840 -8662
5487 -9066 -2420 3896 1988 -5530
1721 -4422 -2786 2550 2691 -4861
1532 -4096 -2611 1530 3562 -4281
1288 -3663 -2490 1095 4079 -3951
1142 -3397 -2405 763 4692 -3508
838 -3032 -2319 713 5001 -3054
688 -2637 -1971 713 4971 -2693
540 -2411 -1881 729 4818 -2097
357 -2113 -1694 720 4384 -1474
308 -1985 -1595 693 3954 -1059
298 -1787 -1464 646 3494 -474
379 -1572 -1263 580 3350 -123
460 -1424 -1153 424 3319 345
581 -1156 -1005 272 3371 624
634 -955 -938 -1 3494 986
819 -598 -940 -188 3541 1214
1147 -467 -843 -487 3467 1640
1833 -247 -709 -768 3158 2237
2533 117 -764 -864 2832 2687
2934 401 -877 -819 2275 3240
3160 510 -933 -578 2012 3469
3782 564 -934 -379 2078 3468
4329 470 -706 -233 2408 3412
4910 305 -56 -463 2739 3347
5103 405 562 -819 2891 3253
5197 475 568 -1336 3046 3068
5005 555 340 -1548 3052 2887
4577 575 -15 -1549 2766 2531
4250 598 -111 -1277 2230 2110
3985 611 -68 -1071 1897 1862
3743 619 49 -840 1522 1593
3608 675 150 -781 1285 1461
3440 692 159 -832 1232 1440
3337 755 75 -967 1204 1511
3048 887 107 -1196 1087 1588
2592 916 190 -1402 967 1582
2263 950 223 -1755 835 1448
1846 986 238 -1975 808 1299
1500 907 77 -2210 774 1024
1306 815 -109 -2266 630 768
1109 708 -364 -2209 450 641
1038 678 -447 -2055 165 543
919 620 -432 -1958 44 522
849 606 -347 -1889 5 533
703 584 -180 -1967 65 548
612 542 -4 -2094 147 558
544 488 57 -2369 292 536
462 378 68 -2653 429 478
466 207 15 -2883 458 412
460 67 -40 -2984 395 361
423 -48 -80 -3056 237 269
394 -251 -52 -3061 48 162
420 -419 19 -3041 -82 105
453 -636 132 -3027 -268 23
555 -938 291 -3070 -420 -10
737 -1287 420 -3234 -556 42
904 -1725 537 -3359 -613 118
1007 -2057 579 -3587 -713 248
1223 -2674 678 -3786 -759 333
1516 -3283 893 -4186 -832 507
1763 -3496 968 -4673 -950 749
2099 -3787 1014 -5160 -1187 1058
2190 -4053 970 -5428 -1387 1225
2170 -4099 910 -5718 -1583 1340
2110 -4088 816 -5840 -1553 1325
2082 -4079 774 -5943 -1346 1217
2185 -4018 745 -6002 -1171 1155
2313 -4018 641 -5997 -1132 1239
2372 -3892 514 -5908 -1139 1442
2334 -3631 568 -5845 -1123 1611
2250 -3425 626 -5808 -1002 1818
2097 -3112 645 -5804 -832 1901
2004 -2922 560 -5752 -669 1932
1857 -2683 417 -5576 -842 1871
1925 -2503 300 -5383 -1080 1817
2054 -2443 324 -5073 -1545 1734
2343 -2342 373 -4897 -1905 1693
2647 -2200 503 -4710 -2517 1615
2833 -2064 564 -4597 -2902 1440
3117 -1828 572 -4527 -2868 1260
3267 -1673 497 -4408 -2595 939
3435 -1351 373 -4318 -2355 726
3485 -1084 251 -4158 -1878 416
3506 -922 222 -4001 -1519 173
3473 -723 196 -3901 -1378 56
3437 -512 181 -3737 -1234 -66
3467 -174 216 -3556 -1163 -139
3563 193 310 -3431 -1079 -180
3628 418 390 -3185 -767 -298
3616 843 405 -2815 -288 -510
3488 1139 443 -2527 6 -707
3411 1323 467 -2100 326 -1034
3352 1457 434 -1833 463 -1245
3308 1452 430 -1499 531 -1540
3363 1370 330 -1322 505 -1707
3493 1281 232 -1090 556 -1891
3802 1091 132 -964 694 -1954
3940 1083 45 -800 1005 -2011
3975 1148 -25 -643 1228 -2055
3872 1342 -81 -567 1226 -2115
3753 1570 -109 -524 1104 -2323
3731 1827 -16 -702 742 -2622
4292 1801 153 -980 565 -2784
4893 1513 100 -1389 840 -2889
5610 843 -299 -1404 1599 -2897
5889 520 -518 -955 2886 -2728
6442 -145 -753 -237 3413 -2216
7143 -783 -525 443 3579 -1639
8275 -1942 -168 839 3949 -1431
8905 -2727 79 1521 4803 -1541
9303 -3630 447 2144 5391 -1896
8977 -3927 809 3224 6079 -2913
8427 -4573 776 4058 6378 -3773
7971 -5055 525 5336 6716 -4978
7273 -5725 -218 6330 6737 -5757
6419 -6152 -1490 6831 6616 -6028
5122 -5396 -4717 6205 5828 -5789
3855 -6722 -3965 7612 5454 -6847
3703 -6167 -3820 7870 4734 -7014
3330 -6167 -3950 7392 3476 -6721
2247 -5568 -5126 7238 3213 -6546
1702 -5327 -5471 7175 2954 -6319
1847 -4959 -5225 6658 2862 -5736
2098 -4883 -4865 6029 3104 -5175
1820 -4766 -4804 4980 3549 -4515
1141 -4471 -4503 4316 3711 -4337
920 -4275 -4104 3340 4082 -4303
982 -4166 -3524 2417 4831 -4079
1001 -4028 -3197 1892 5346 -3694
909 -3900 -3223 1417 5897 -2890
662 -3626 -3299 1316 5805 -2016
451 -3314 -3140 1335 5565 -1511
376 -3054 -2963 1372 5382 -936
180 -2619 -2870 1313 5114 -642
-117 -2174 -2732 1177 4531 -622
-219 -1781 -2557 803 3491 -770
-379 -1205 -2137 331 2705 -1006
-312 -873 -1940 -64 2319 -1065
89 -855 -1769 -241 2260 -880
687 -607 -1663 -359 2294 -188
1092 -341 -1602 -245 2124 848
1437 300 -1486 -33 2076 1511
1783 771 -1306 365 2584 2173
2238 977 -1284 682 3484 2582
3379 981 -1293 808 4016 2923
4046 827 -1130 759 4416 3492
4789 431 -631 398 4457 3843
5003 50 -161 102 4269 3838
4769 -318 -58 -146 3465 3462
4577 -450 -110 -19 2291 2869
4550 -483 114 169 1613 2572
4624 -437 439 295 1015 2432
4537 -288 746 168 1037 2553
4193 24 893 -23 1252 2672
3833 159 848 -362 1750 2771
3203 364 629 -569 2102 2738
2827 475 532 -871 2384 2596
2363 576 264 -1157 2396 2433
1931 616 149 -1372 2176 2344
1725 616 103 -1747 1480 2248
1493 508 17 -2127 696 2179
1268 462 9 -2368 333 2142
1140 481 33 -2696 83 2090
959 402 -15 -2891 89 2048
789 311 -21 -3177 245 1939
691 254 12 -3498 490 1777
574 136 103 -3755 651 1661
456 21 66 -4135 802 1469
1822 -2328 66 -5501 -2095 407
1926 -2350 63 -5502 -1709 357
2083 -2310 70 -5535 -1458 417
2180 -2346 55 -5625 -1141 656
2372 -2440 46 -5755 -993 1068
2544 -2469 -37 -5827 -985 1393
2623 -2466 -171 -5810 -983 1846
2852 -2417 -302 -5637 -934 2197
3043 -2320 -292 -5466 -835 2360
3041 -2181 -228 -5198 -521 2462
3005 -1854 -14 -5057 -200 2432
2872 -1696 66 -4905 303 2230
2626 -1411 28 -4799 500 2021
2466 -444 102 -2726 -1315 8
2665 -588 -41 -2651 -1386 14
2826 -701 -177 -2421 -1658 52
3066 -860 -139 -2231 -1783 32
3188 -924 -83 -1948 -1752 -111
3363 -853 -3 -1759 -1616 -266
3417 -953 -54 -1453 -1252 -551
3381 -1208 -187 -1122 -849 -888
3450 -1389 -478 -857 -690 -1056
3597 -1494 -629 -442 -652 -1152
3890 -1504 -747 -89 -699 -1129
3871 -1442 -980 120 -688 -1167
3791 -1326 -1047 319 -734 -1415
3588 -1080 -1086 339 -749 -1725
3431 -929 -989 127 -680 -2335
3461 -839 -873 -324 -389 -2885
3813 -1086 -902 -672 -160 -3080
4113 -1336 -1032 -1127 36 -3017
4398 -1632 -1135 -1348 55 -2828
4431 -1767 -1078 -1572 176 -2566
4460 -1877 -709 -1784 582 -2508
4626 -2146 -388 -1900 1045 -2551
4804 -2426 -88 -2042 1772 -2613
5354 -3118 334 -2120 2202 -2499
6299 -4188 788 -2049 2383 -2276
7259 -5148 1294 -1559 2967 -1821
7477 -5715 1611 -492 4384 -1641
7583 -6455 1968 492 5543 -1744
7541 -6937 2037 2206 6746 -1990
6969 -7224 1934 3373 6929 -2261
6336 -7327 1603 5061 6469 -3100
5576 -7585 771 6543 5394 -4288
5459 -7845 33 7223 4585 -4988
5605 -7947 -431 7663 4327 -5719
6230 -6587 -3135 6097 5871 -5329
4374 -7658 -4160 7100 6416 -6193
5343 -6811 -3685 7212 7056 -6765
6092 -6592 -3404 5792 7339 -6265
5814 -5704 -4215 4819 7203 -5878
5421 -5412 -4618 3976 6517 -5670
4867 -4948 -4898 3846 5929 -5718
4542 -4697 -4809 3989 5094 -5646
4070 -4171 -4192 3965 4412 -5226
3390 -3773 -3830 3847 4443 -4835
2836 -3557 -3674 3540 4679 -4190
2081 -3496 -3558 3296 4545 -3726
1625 -3278 -3593 3023 3837 -2983
886 -3074 -3404 2912 3271 -2567
459 -2881 -3075 2757 2585 -2150
96 -2507 -2625 2645 2353 -1934
-14 -2383 -2419 2469 2203 -1553
-57 -2245 -2163 2346 2128 -1215
-24 -2050 -1962 2101 2006 -570
66 -1827 -1720 1909 2027 -106
148 -1708 -1608 1628 2245 581
242 -1492 -1435 1426 2481 976
327 -1318 -1373 1114 2951 1468
580 -1028 -1380 906 3220 1782
703 -867 -1400 621 3303 2245
759 -433 -1481 410 2974 2616
832 65 -1543 318 2584 2798
1019 366 -1438 177 1846 3039
1783 565 -1149 25 1393 3243
2441 642 -903 -305 976 3652
3452 778 -591 -576 942 3918
4192 871 -398 -1015 1300 4250
5220 731 -148 -1449 1853 4435
5757 635 74 -1700 2168 4403
5886 648 261 -1963 2549 4038
5680 670 452 -2033 2671 3590
5406 663 398 -1909 2436 2719
5024 641 183 -1658 2071 2144
4844 637 89 -1172 1485 1513
4569 764 174 -894 1189 1273
4414 910 402 -732 1025 1157
3999 1110 750 -821 1125 1155
3682 1268 923 -1193 1414 1188
3381 1399 608 -1545 1569 1270
3095 1397 324 -1661 1475 1326
2659 1328 -35 -1661 999 1374
2110 1283 -298 -1548 591 1351
1838 1296 -247 -1393 107 1197
1423 1292 -20 -1389 -100 895
1196 1202 101 -1474 -66 664
1070 1162 175 -1692 154 333
956 1115 206 -1874 339 143
821 984 88 -2126 585 -78
782 800 -35 -2259 676 -157
740 679 -91 -2411 634 -197
674 520 -184 -2475 495 -190
590 409 -234 -2509 168 -195
402 243 -264 -2483 -238 -263
399 283 -214 -2434 -398 -305
349 215 -115 -2401 -491 -399
277 104 0 -2419 -486 -481
239 45 50 -2481 -425 -609
214 -105 47 -2553 -334 -701
174 -335 48 -2593 -295 -735
208 -540 90 -2661 -279 -722
374 -784 51 -2695 -264 -637
447 -1012 121 -2766 -393 -436
586 -1326 135 -2821 -567 -265
677 -1529 111 -2884 -849 8
877 -2034 74 -2922 -1016 190
973 -2460 73 -3005 -1274 444
1299 -3031 78 -3174 -1617 732
1677 -3630 250 -3384 -1846 965
2111 -3912 483 -3899 -2128 1432
2634 -4050 816 -4355 -2304 1811
2799 -4177 863 -5026 -2419 2302
2721 -4165 805 -5375 -2319 2495
2565 -4045 682 -5658 -1893 2523
2384 -3837 459 -5678 -1272 2324
2280 -3791 258 -5592 -861 2136
2374 -3744 233 -5441 -496 1970
2512 -3665 303 -5383 -424 1979
2575 -3611 387 -5413 -380 2110
2498 -3432 481 -5482 -370 2205
2372 -3309 474 -5605 -453 2259
2141 -3174 352 -5655 -732 2161
2118 -3080 322 -5640 -1029 2067
2249 -2984 314 -5587 -1379 1991
2492 -2892 287 -5444 -1965 1955
2708 -2780 413 -5269 -2779 1991
3042 -2567 612 -5157 -3278 2008
3402 -2420 805 -5003 -3578 1984
3768 -1925 1143 -4927 -3530 1894
4061 -1187 1282 -4837 -3155 1601
4144 -689 1170 -4677 -2584 1095
