-1892 625 70 6 -243 143
-1902 623 62 82 -257 108
-1923 635 63 203 -177 42
-1935 623 55 318 -69 -59
-1926 629 61 387 131 -146
-1932 630 64 46 76 -88
-1936 638 79 90 225 -59
-1931 636 79 42 256 -37
-1928 632 97 -89 71 -65
-1904 647 99 -178 -67 -8
-1898 634 105 -216 -278 89
-1905 637 77 -200 -363 171
-1911 637 78 -87 -358 187
-1928 635 75 39 -290 126
-1935 633 77 171 -153 3
-1938 636 86 211 -14 -64
-1928 619 90 255 164 -136
-1915 617 96 244 191 -128
-1912 613 101 223 49 -79
-1911 622 107 212 -100 -37
-1905 622 110 205 -283 15
-1911 614 122 198 -355 66
-1911 614 134 149 -469 69
-1903 616 169 41 -562 -29
-1884 621 228 -25 -721 -115
-1873 628 261 -118 -1016 -197
-1863 639 261 130 -1247 -222
-1860 628 224 522 -1267 -199
-1855 617 214 1249 -1094 -203
-1883 586 240 1702 -1016 -332
-1931 542 319 2078 -1577 -810
-1934 461 587 1889 -2278 -1185
-1648 376 1074 728 -3199 -1343
-1344 288 1404 -963 -3364 -1098
-1080 224 1645 -1600 -4194 -1346
-988 172 1693 -1026 -7200 -2995
-893 46 1641 594 -9893 -4807
-698 -123 1619 4496 -13207 -7456
-330 -434 1659 9185 -14681 -9288
-67 -789 1847 12055 -14733 -10322
-11 -970 1887 15958 -14439 -12463
-119 -1133 1841 18368 -14282 -14823
-343 -1309 1720 21471 -13345 -19368
-524 -1414 1576 23071 -12287 -22513
-566 -1501 1481 24819 -10365 -26289
-582 -1773 1441 25588 -8460 -28366
-634 -2021 1383 25683 -7806 -29006
-722 -2144 1354 25271 -8224 -29587
-930 -2299 1213 24505 -9799 -30126
-1016 -2499 1057 23847 -10649 -30300
-1090 -2731 925 22636 -11383 -30105
-1140 -3433 815 21525 -11438 -29752
-1183 -3649 789 19558 -11000 -29616
-1423 -4321 675 17777 -10235 -30923
-1723 -4787 530 16999 -9169 -32610
-1891 -5072 408 16963 -6130 -32768
-2352 -5802 -136 18079 -3570 -32768
-2430 -5929 -267 20924 1477 -32768
-2481 -6074 -473 23547 7765 -32768
-2193 -6271 -525 24519 11273 -32768
-1992 -6252 -472 24412 13100 -32768
-1837 -6071 -544 23609 12155 -32768
-1825 -5883 -682 22289 10940 -32768
-1913 -5793 -953 22284 11846 -32768
-2148 -5614 -1346 23232 13606 -32768
-2341 -5545 -1629 25706 16459 -32768
-2442 -5217 -1844 28088 20166 -32768
-2284 -4978 -1748 29080 22716 -32768
-2139 -4806 -1717 30233 24137 -32768
-2129 -4489 -1840 32034 23837 -32768
-2308 -4245 -1965 32767 24088 -32768
-2533 -4111 -1933 32767 25178 -32768
-2848 -3899 -1833 32767 26175 -32768
-3117 -3808 -1741 32767 27202 -32768
-3433 -3414 -1531 32767 27049 -32768
-3579 -3189 -1369 32767 26564 -31720
-3891 -2886 -1212 32767 24099 -28500
-4482 -2397 -952 32767 20898 -26376
-4737 -2026 -870 32767 13768 -21923
-5028 -1248 -993 32265 5257 -15831
-5594 -537 -1147 29873 664 -11728
-6424 238 -1232 25789 -3288 -6702
-7036 789 -1345 22712 -4300 -3732
-7212 956 -1436 18054 -5620 634
-7684 1439 -1977 15138 -6957 4117
-7856 1484 -2122 11071 -10787 10202
-8384 1586 -2684 7943 -14061 17256
-8917 1483 -3396 6694 -13978 22373
-9509 1037 -3922 4626 -11770 29639
-9979 569 -4179 263 -10593 32767
-10763 -952 -5253 -3943 -11575 32767
-11358 -1869 -6076 -11003 -14763 32767
-12571 -3449 -7427 -17969 -15024 32767
-13477 -4732 -8045 -22730 -12223 32767
-15103 -7168 -8339 -30921 -7327 32767
-16182 -8987 -8383 -32768 -4959 32767
-18161 -11992 -8396 -32768 -2512 32767
-19496 -14044 -8104 -32768 3391 32767
-21920 -17786 -6707 -32768 9277 32767
-22469 -18645 -6337 -32768 18928 32767
-24322 -21064 -5035 -32768 29607 32767
-26093 -23152 -3286 -32768 32767 32767
-26987 -24157 -2173 -32768 32767 32767
-28818 -26221 -326 -32768 32767 32767
-30775 -27689 977 -32768 32767 32767
-29591 -29023 1484 -32768 24571 32767
-26221 -28589 1316 -32768 21319 32767
-23520 -27957 840 -32768 28779 32767
-19947 -27068 755 -17018 32767 32767
-14176 -26464 1232 -7987 32767 32767
-8637 -25780 2809 -1170 32767 32767
-3047 -23581 3990 1278 32767 32767
154 -21896 5001 2520 30130 32767
2560 -19953 5474 7069 23524 32767
5371 -16695 5951 11080 20014 14412
6803 -13511 5926 16494 13611 -13185
6264 -11897 6018 18458 2155 -32768
5169 -10684 5806 18493 -4377 -32768
227 -8910 4020 19579 -8240 -32768
-1194 -8506 3633 23640 -7618 -32768
-5025 -7183 3262 26748 -1193 -32768
-7883 -5817 3793 25773 1519 -32768
-9462 -4939 4000 19929 -1729 -32768
-10463 -4500 3086 14977 -10325 -32768
-10547 -4376 2523 15672 -12177 -32768
-10244 -4091 969 21531 -8379 -32768
-9254 -4021 205 25381 -6104 -32768
-8446 -4279 -79 27463 -6126 -32768
-7612 -5297 -482 25928 -7146 -32768
-7762 -5696 -851 21676 -6398 -32768
-8662 -6099 -1932 22401 -2560 -32768
-9601 -5553 -2800 29828 4187 -32768
-9259 -5264 -2773 32767 8139 -32768
-8761 -5104 -2657 32767 6418 -32768
-8000 -5331 -2740 32544 2982 -32768
-7112 -5390 -3581 29560 2490 -32768
-6340 -5166 -4305 29524 6621 -32768
-5591 -4846 -5229 32767 12822 -32768
-6162 -4392 -5345 32767 15933 -32768
-6279 -4227 -4940 32767 19074 -32768
-6113 -4191 -4030 32767 19716 -32768
-5945 -4180 -3573 32767 17483 -32768
-5845 -4069 -3383 32767 15543 -32768
-5693 -3542 -3503 32767 14736 -32768
-5679 -3084 -3495 32767 11973 -32768
-6097 -2375 -3148 32767 9377 -32768
-6296 -1894 -2559 32767 9560 -32768
-6405 -1141 -1570 32767 8868 -32768
-6607 -453 -1080 32767 4745 -32749
-6613 -223 -1004 32767 1961 -28313
-6811 467 -1015 32767 -484 -20177
-7435 1149 -1207 32767 -735 -15705
-8047 1634 -1331 32767 -2120 -11455
-8476 2493 -1293 32767 -2710 -8242
-8336 3134 -1334 30040 -2544 -676
-8281 3395 -1711 22768 -3543 7736
-8383 3479 -2309 19286 -5025 12495
-8602 3434 -3063 16945 -5871 18175
-9185 3127 -4444 16951 -5353 21117
-9750 2686 -5337 16172 -2367 25694
-10504 1757 -6178 8248 2703 32535
-11433 316 -6789 -1395 3489 32767
-12456 -1132 -7404 -17475 -924 32767
-14468 -3535 -8711 -28221 -1632 32767
-17080 -6051 -9724 -31252 4270 32767
-19197 -7978 -9481 -32768 19466 32767
-22126 -11289 -7708 -32768 28228 32767
-23681 -13436 -6484 -32768 32767 32767
-26101 -16852 -4286 -32768 32767 32767
-28166 -19684 -2382 -32768 32767 32767
-30317 -22124 -641 -32768 32767 32767
-32267 -23864 960 -32768 32767 32767
-32768 -26483 3469 -32768 32767 32767
-32768 -28481 4518 -32768 32767 32767
-32768 -30305 3937 -32768 27807 32767
-32650 -30539 3572 -32768 26035 32767
-26281 -30643 2022 -32768 27648 32767
-18280 -29582 1107 -17981 26725 32767
-10573 -29244 1098 -5045 30174 32767
-4315 -26772 2229 9805 32767 32767
-614 -24916 3561 18413 28817 32767
3454 -21708 4959 22055 22605 24767
4236 -19493 5745 24664 12240 -10943
4449 -15796 6101 25118 4315 -32768
3562 -12611 5678 25588 -1392 -32768
223 -10305 4630 26540 -4601 -32768
-2975 -9087 3898 27793 -5891 -32768
-7202 -7358 3132 29324 -2549 -32768
-8703 -6267 2891 29193 -1627 -32768
-9645 -5441 2459 28168 -4472 -32768
-10826 -4970 2056 25547 -11517 -32768
-11409 -4875 1571 24135 -13816 -32768
-11287 -4880 588 24250 -12343 -32768
-10313 -4958 -122 23552 -8366 -32768
-9254 -5160 -1165 23344 -6768 -32768
-8936 -5277 -1568 26981 -5225 -32768
-8713 -5845 -2670 32767 -1538 -32768
-9740 -6079 -2924 32767 300 -32768
-10110 -5996 -2706 32767 110 -32768
-9122 -5951 -2731 32767 -1322 -32768
-8236 -5908 -3458 31849 -1095 -32768
-7518 -5990 -4909 32500 2254 -32768
-7196 -5767 -5546 32767 9744 -32768
-7221 -5430 -5740 32767 15103 -32768
-7615 -5220 -5340 32767 18393 -32768
-7467 -5001 -4307 32767 16664 -32768
-7063 -4962 -3894 32767 13245 -32768
-6847 -4864 -3949 32767 11592 -32768
-6541 -4752 -4219 32767 11731 -32768
-6954 -4291 -4264 32767 13428 -32768
-7284 -3959 -3850 32767 14177 -32768
-7496 -3348 -3324 32767 13548 -32768
-6869 -1881 -1957 32767 10091 -32768
-6768 -1165 -1537 32767 7824 -32768
-6757 -506 -1327 32767 5358 -29750
-6873 364 -1247 32767 3518 -24336
-6964 840 -1117 32767 1110 -16124
-7206 1407 -748 32767 -2209 -10322
-7470 1928 -584 32767 -4588 -7799
-7637 2418 -1027 32767 -6061 -4114
-7789 2904 -1843 31219 -3925 448
-7819 3179 -2417 30054 -1335 4629
-8019 3333 -2912 28481 954 11655
-9046 3002 -4116 25376 -390 17507
-9472 2723 -4548 21747 -1834 20892
-10667 1502 -6294 14192 -1943 26537
-12286 49 -8460 8119 -458 30549
-13411 -1148 -9641 -3348 5546 32767
-15278 -3437 -10394 -13773 11989 32767
-17675 -6454 -9722 -32768 21269 32767
-19476 -8765 -8829 -32768 23706 32767
-22102 -12157 -7332 -32768 23170 32767
-24680 -15419 -6018 -32768 26246 32767
-26635 -17644 -4759 -32768 32767 32767
-29679 -21981 -1869 -32768 32767 32767
-30555 -22901 -1063 -32768 32767 32767
-32768 -26085 2158 -32768 32767 32767
-32768 -28301 3565 -32768 32767 32767
-32768 -29755 4266 -32768 32767 32767
-32768 -30824 4071 -32768 32767 32767
-32644 -30715 2938 -32768 14294 32767
-28012 -30565 2373 -32768 22172 32767
-21115 -29527 1261 -26844 27529 32767
-16422 -28864 1034 -6935 32767 32767
-9502 -27611 1890 1425 32767 32767
-3273 -24785 3088 9133 32767 32767
1852 -21993 4393 14423 23311 32767
3166 -19817 4882 17894 16200 24566
3601 -17636 5212 23438 7966 -7931
3385 -14202 5341 27108 5334 -27759
2342 -12044 5330 30605 4898 -32768
-220 -9495 5139 30915 4890 -32768
-2444 -7886 4829 29937 4083 -32768
-5318 -6175 3882 30474 -270 -32768
-7139 -5442 2984 32408 -4412 -32768
-9344 -4550 1812 32767 -5198 -32768
-10625 -4102 1523 32767 -1988 -32768
-10619 -4008 1153 27516 -8774 -32768
-10076 -3993 541 23171 -17664 -32768
-9452 -4285 -1053 25401 -16777 -32768
-9366 -4606 -1916 30726 -11543 -32768
-9181 -5079 -2433 32767 -3806 -32768
-9192 -5422 -2533 32767 -681 -32768
-8877 -5573 -3006 32767 -1310 -32768
-7558 -5698 -3902 32767 -3693 -32768
-7345 -5832 -4571 32767 -4804 -32768
-7624 -5980 -5656 32767 -2257 -32768
-7533 -5801 -5775 32767 4101 -32768
-7220 -5585 -5691 32767 8727 -32768
-7146 -5172 -5375 32767 9169 -32768
-7305 -5020 -5219 32767 8850 -32768
-7118 -4800 -5111 32767 9980 -32768
-6856 -4640 -5204 32767 10559 -32768
-6693 -4407 -5300 32767 11501 -32768
-7167 -3984 -4778 32767 11791 -32768
-7431 -3617 -3962 32767 11568 -32768
-7398 -2924 -2898 32767 8383 -32768
-6972 -1944 -2734 32767 157 -32768
-6840 -1210 -2855 32767 -3656 -30746
-7223 -392 -3093 32767 -1656 -28154
-7956 1209 -2928 32767 4730 -25025
-7906 2232 -1853 32767 6854 -21595
-7896 2503 -1442 32767 3336 -14522
-8025 3223 -897 31793 -5177 -6337
-8310 3479 -1387 27161 -8112 -872
-8670 3783 -2214 25104 -5715 5983
-9291 4050 -3717 26641 -1720 11112
-9533 3944 -4341 27377 -821 14234
-9683 3557 -5172 25794 -456 20495
-10034 2594 -6316 21068 1245 25809
-10624 1754 -6945 7342 5206 32767
-11936 92 -7781 -4771 6969 32767
-13076 -1428 -8233 -23423 4688 32767
-15631 -4854 -8976 -32768 856 32767
-16906 -6556 -9046 -32768 1591 32767
-18431 -8285 -8753 -32768 7951 32767
-20036 -10206 -8046 -32768 16141 32767
-22520 -13197 -6808 -32768 30308 32767
-24439 -16048 -5353 -32768 32767 32767
-26558 -18806 -3377 -32768 32767 32767
-27568 -20420 -2312 -32768 32767 32767
-29563 -22368 -862 -32768 32767 32767
-31908 -24596 945 -32768 32767 32767
-32768 -26636 2187 -32768 32767 32767
-31461 -28090 3233 -32768 28631 32767
-28434 -28334 3765 -32768 24133 32767
-22208 -27534 3896 -31332 21949 32767
-17437 -26933 3425 -10148 21164 32767
-10475 -26297 2583 4612 24544 32767
-6096 -25417 2704 19978 30977 32767
-5 -23366 4460 22585 30645 32767
3883 -21081 5898 20109 23093 32767
4895 -19029 6332 16157 9298 2206
4462 -14736 5427 16198 3708 -19446
3828 -13625 5145 19644 2639 -32768
1311 -10711 4531 23729 4948 -32768
-2243 -8074 4428 24915 3592 -32768
-4284 -6554 4300 23883 -2474 -32768
-7792 -4677 3056 23229 -6852 -32768
-8929 -4063 2262 24528 -6674 -32768
-9260 -3709 1626 27934 -3857 -32768
-9051 -3597 1062 29464 -2051 -32768
-8658 -3974 784 29143 -3429 -32768
-8509 -4072 392 27326 -8380 -32768
-8285 -4408 -597 25415 -12242 -32768
-8557 -4666 -1741 26576 -11024 -32768
-8867 -4873 -2055 30805 -7055 -32768
-9344 -5142 -2013 32767 -3460 -32768
-9223 -5258 -2019 32138 -3117 -32768
-8599 -5281 -2647 30657 -3883 -32768
-7785 -5490 -4149 32767 -1802 -32768
-7976 -5595 -5200 32767 2040 -32768
-8222 -5563 -5291 32767 5200 -32768
-8132 -5416 -5121 32767 8763 -32768
-7825 -5179 -4769 32767 9371 -32768
-7595 -4934 -4736 32767 8803 -32768
-7233 -4471 -5124 32767 9951 -32768
-7028 -4031 -5352 32767 12695 -32768
-6986 -3668 -5160 32767 16089 -32768
-6758 -3360 -4320 32767 16535 -32768
-6826 -3256 -3610 32767 15114 -32768
-6944 -2987 -2811 32767 14180 -32768
-6824 -2657 -2554 32767 12473 -32768
-6720 -2037 -2268 32767 8415 -32768
-6959 -1295 -1816 32767 4717 -31539
-7188 -682 -1529 32767 -28 -24637
-7328 126 -1266 32767 -1488 -21240
-7463 781 -1193 32767 -873 -18451
-7998 1794 -972 32767 319 -17522
-8084 2648 -710 32767 577 -13527
-7862 3072 -815 32767 -1533 -3510
-8173 3297 -1444 32767 -3453 3644
-8502 3342 -2202 32767 -5209 11354
-8930 3282 -3199 31837 -6482 14606
-9632 2889 -5046 31635 -6704 15930
-10131 2377 -6188 29019 -3916 19020
-11256 1125 -7685 24069 -1429 21748
-12559 -962 -8464 8683 3885 28677
-13748 -3304 -8986 -6194 7121 32767
-14219 -4076 -9095 -29281 7777 32767
-16053 -6738 -9038 -32768 6945 32767
-19012 -10812 -8228 -32768 10555 32767
-20359 -12965 -7409 -32768 16796 32767
-21793 -15134 -6314 -32768 30065 32767
-23718 -18300 -4114 -32768 32767 32767
-25009 -21001 -1865 -32768 32767 32767
-25639 -22076 -780 -32768 32767 32767
-29044 -24612 1488 -32768 32767 32767
-30979 -25911 2755 -32768 32767 32767
-32768 -28553 3388 -32768 32767 32767
-30460 -28096 3663 -32768 18119 32767
-27465 -28158 3618 -32768 13307 32767
-24142 -27773 2816 -28279 18895 32767
-17305 -27097 1811 -14168 24072 32767
-10233 -26871 2124 1972 31605 32767
-6597 -26101 3064 10752 30101 32767
-82 -23326 4137 16856 23704 32767
2737 -21461 4446 20025 20758 32767
4865 -18217 5215 22518 14474 8145
4809 -14821 5509 23162 8591 -14142
4507 -13751 5419 23778 1398 -32768
1444 -9935 4394 25740 -511 -32768
470 -9212 4020 28231 40 -32768
-4176 -6835 3069 30478 -548 -32768
-5189 -6406 2948 30837 -3165 -32768
-7577 -5382 2497 28356 -5269 -32768
-8902 -4960 2002 27043 -4613 -32768
-10317 -4444 1274 26486 -2232 -32768
-10717 -4243 762 26771 -1034 -32768
-10407 -4160 429 26782 -3476 -32768
-9449 -4519 -293 26081 -7422 -32768
-9220 -4759 -962 25906 -12811 -32768
-8950 -5119 -1555 28678 -11828 -32768
-9294 -5737 -2562 32275 -8354 -32768
-9542 -5861 -2744 32767 -1004 -32768
-9783 -5823 -3066 32767 3618 -32768
-9399 -5896 -3424 32767 3684 -32768
-9148 -5770 -3847 32767 1958 -32768
-8360 -5673 -4755 32767 1576 -32768
-7371 -5548 -5241 32767 3057 -32768
-7231 -5563 -5437 32767 6332 -32768
-7992 -5156 -5235 32767 8786 -32768
-8030 -4765 -4809 32767 13598 -32768
-7529 -4342 -4122 32767 13010 -32768
-7382 -4145 -3980 32767 8807 -32768
-7297 -3803 -4073 32767 8772 -32768
-7113 -3527 -3916 32767 11319 -32768
-7051 -2922 -3142 32767 13092 -32768
-6972 -2428 -2429 32767 13464 -32768
-6363 -1340 -1202 32767 7455 -32768
-6288 -1148 -1057 26418 -6214 13892
-9374 2760 -6491 26651 428 19040
-9914 2227 -7370 24021 4731 22438
-10574 1023 -8373 13003 9677 28315
-11286 -235 -8620 -6831 10505 32767
-12541 -2301 -9011 -21707 9578 32767
-13488 -3637 -9352 -32768 10767 32767
-16274 -6858 -9096 -32768 14867 32767
-17938 -8582 -8314 -32768 17351 32767
-19272 -10236 -7338 -32768 22980 32767
-21258 -12721 -6092 -32768 26925 32767
-23235 -15084 -5000 -32768 32767 32767
-25068 -17238 -3465 -32768 32767 32767
-26332 -18461 -2431 -32768 32767 32767
-28532 -20374 -402 -32768 32767 32767
-30063 -21728 1242 -32768 32767 32767
-31967 -24552 2937 -32768 32767 32767
-29740 -26110 3132 -32768 22544 32767
-25055 -26290 2536 -32768 19762 32767
-21271 -25927 1730 -32768 18236 32767
-17148 -25570 1415 -11812 17814 32767
-10475 -25565 1833 750 21816 32767
-4859 -24583 3326 11530 28754 32767
-1618 -23043 4121 15736 25779 32767
2969 -20464 4993 17355 21456 32741
4691 -18209 5243 19471 14825 1542
4828 -14083 5495 20960 10500 -17616
4323 -13059 5474 23208 5083 -32768
2227 -10291 5249 24341 1953 -32768
-1692 -7601 4539 24597 1168 -32768
-3868 -6779 4110 24804 1795 -32768
-5710 -6048 3739 24647 880 -32768
-7619 -5625 3148 24204 -400 -32768
-9557 -5361 2341 24632 -929 -32768
-10970 -5183 1866 25784 -124 -32768
-11260 -4748 1279 25792 -283 -32768
-9955 -4646 875 22972 -4484 -32768
-9160 -4785 429 18835 -9133 -32768
-8281 -5146 -649 18254 -9536 -32768
-8309 -5357 -1660 24141 -3973 -32768
-8836 -5734 -2759 32767 3599 -32768
-9675 -5718 -2835 32767 6179 -32768
-9405 -5550 -2553 32767 4577 -32768
-8422 -5579 -2683 31652 894 -32768
-7578 -5465 -3787 28904 824 -32768
-6998 -5438 -4795 31719 7180 -32768
-6147 -5060 -5729 32767 15887 -32768
-6413 -4903 -5429 32767 19441 -32768
-6901 -4823 -4838 32767 18314 -32768
-7134 -4523 -4119 32767 16010 -32768
-6596 -4365 -4083 32767 15582 -32768
-6182 -4130 -4285 32767 17035 -32768
-5757 -3787 -4715 32767 18738 -32768
-5895 -3509 -4797 32767 22307 -32768
-6400 -2993 -4001 32767 23885 -32768
-6412 -2591 -2705 32767 21659 -32768
-6210 -2126 -1982 32767 16881 -32768
-5921 -1578 -1274 32767 13631 -32768
-5869 -1230 -1095 32767 7936 -26600
-5978 -718 -1141 32767 3811 -22403
-6318 -397 -1320 32767 949 -16724
-7536 544 -1320 32767 2448 -14206
-7836 1118 -961 32767 3763 -11292
-7879 1476 -596 32767 535 -5783
-7813 1877 -893 32767 -2618 -813
-8145 1965 -1726 28951 -6373 5462
-8603 2024 -2805 27628 -4637 10284
-9326 2129 -4716 28591 788 15592
-19665 -14002 -4658 -32768 29048 32767
-22725 -17189 -2381 -32768 32767 32767
-23425 -18016 -1900 -32768 32767 32767
-25460 -21001 18 -32768 32767 32767
-26949 -22450 920 -32768 32767 32767
-28628 -24213 2298 -32768 32767 32767
-31460 -27239 3904 -32768 32767 32767
-31691 -27958 3920 -32768 32767 32767
-28001 -28505 4303 -32768 21643 32767
-24555 -28328 4006 -32768 19114 32767
-17023 -26997 2845 -30967 20409 32767
-14946 -26613 2904 -8312 27063 32767
-7444 -24699 3362 4449 31401 32767
-3281 -23206 4472 15586 32767 32767
318 -21728 5892 15913 30823 32767
4069 -19350 6869 13810 18634 27202
5225 -16765 6424 14677 11988 6915
4981 -14857 5882 19607 5737 -21940
3402 -12156 5397 22983 4524 -32768
1772 -10457 5239 25016 3690 -32768
-1931 -7720 4648 23687 1257 -32768
-2753 -7122 4382 22652 -629 -32768
-4463 -5908 3305 23075 -3715 -32768
-6271 -5299 2313 24214 -4625 -32768
-7855 -5171 1808 25568 -2459 -32768
-9424 -5123 1294 25999 238 -32768
-9818 -5044 984 25748 663 -32768
-10168 -4997 326 25330 -2130 -32768
-10284 -4904 -394 26966 -3606 -32768
-9910 -4824 -1481 32093 -104 -32768
-9191 -5240 -1981 32767 691 -32768
-8860 -5490 -2046 32767 -1762 -32768
-8402 -5992 -2093 32767 -3043 -32768
-8374 -6115 -2436 31893 -2513 -32768
-8234 -6077 -3278 31414 2268 -32768
-7972 -6004 -4366 32767 5285 -32768
-7863 -5835 -4853 32767 8544 -32768
-7509 -5583 -4896 32767 9224 -32768
-7303 -5597 -4706 32767 8049 -32768
-6722 -5605 -4055 32767 6292 -32768
-6422 -5300 -4056 32767 6773 -32768
-6421 -5121 -4383 32767 11122 -32768
-6863 -4406 -4300 32767 17398 -32768
-7013 -4058 -3789 32767 19102 -32768
-6957 -3788 -3120 32767 16519 -32768
-6497 -3396 -2097 32767 13048 -32768
-6473 -3263 -1955 32767 8949 -32768
-6840 -2670 -1868 32767 7228 -32768
-7121 -1958 -2186 32767 7255 -32768
-7486 -1400 -2547 32767 7979 -29820
-7947 -370 -2805 32767 9006 -23847
-7898 322 -2465 32767 7603 -15227
-7754 1532 -1429 32767 3560 -10599
-7742 1778 -1353 32767 -3102 -5276
-7827 2448 -1856 28518 -4721 -1502
-7976 2558 -2155 24763 -3050 4694
-8899 2555 -3357 24512 732 11115
-9236 2386 -3770 23381 3657 16178
-9633 2185 -4392 17931 5507 23702
-9796 1855 -5026 9169 1763 30212
-10282 1145 -6340 2986 -221 32767
-10834 423 -7321 -4920 1480 32767
-12378 -1421 -8508 -9776 3617 32767
-13986 -4022 -8756 -19094 8335 32767
-15449 -6745 -8583 -27111 12217 32767
-16041 -7680 -8472 -32768 16623 32767
-17916 -10326 -7820 -32768 18977 32767
-19828 -13107 -6579 -32768 22622 32767
-21064 -14973 -5623 -32768 30038 32767
-22620 -17553 -3597 -32768 32767 32767
-23910 -19413 -2020 -32768 32767 32767
-25785 -21794 -222 -32768 32767 32767
-27328 -23402 640 -32768 32767 32767
-29131 -26215 2230 -32768 32767 32767
-30224 -28077 3069 -32768 32767 32767
-29021 -28522 3824 -32768 31490 32767
-25245 -28412 3738 -32768 17265 32767
-22243 -28203 3009 -32768 10336 32767
-16297 -27276 2337 -24075 15510 32767
-11746 -26963 2257 -3749 27942 32767
-5706 -26290 2574 7954 32749 32767
681 -23939 4202 19052 32767 32767
4299 -22682 5196 23408 25389 32767
7197 -19608 5855 25266 10063 6579
6925 -16532 6330 25386 688 -15920
4651 -13822 5917 24824 -6648 -32768
1175 -11035 5420 23660 -5652 -32768
-1525 -9468 4903 22253 -1647 -32768
-4038 -8055 4403 22923 -2689 -32768
-10348 -5232 2597 25037 -3526 -32768
-11727 -4768 2182 23966 -2905 -32768
-11387 -4626 1720 22305 -4874 -32768
-10226 -4625 600 21774 -7657 -32768
-9477 -4789 -744 23000 -8198 -32768
-8899 -4924 -1613 27931 -4966 -32768
-8218 -5448 -2142 31541 -1191 -32768
-8363 -5641 -2101 32767 2599 -32768
-9147 -5769 -2135 32767 4184 -32768
-9321 -5750 -2255 32767 3669 -32768
-8882 -5497 -2680 32767 -92 -32768
-7734 -5460 -3262 32767 -2031 -32768
-7464 -5523 -3907 32767 -1504 -32768
-7457 -5533 -4600 32767 5069 -32768
-7120 -5253 -4732 32767 10194 -32768
-7006 -5061 -4575 32767 12850 -32768
-7160 -4623 -4203 32767 11622 -32768
-7109 -4434 -3956 32767 9541 -32768
-6677 -4018 -3870 32767 8966 -32768
-6543 -3943 -3832 32767 10399 -32768
-6200 -3625 -3636 32767 10973 -32768
-6056 -3423 -3480 32767 11137 -32768
-6269 -3097 -3086 32767 12464 -32768
-6664 -2804 -2781 32767 12017 -32768
-6604 -1781 -2200 32767 8020 -32768
-6539 -1242 -1899 32767 4460 -32768
-6474 -684 -1708 32767 1284 -25529
-6672 129 -1619 32767 954 -20924
-7168 1123 -1327 32767 2216 -16699
-7355 1728 -1044 32767 1505 -13375
-7458 2123 -837 29417 -1313 -10268
-7638 2477 -846 24405 -5624 -4319
-8156 2684 -1465 22466 -6369 233
-8623 2773 -2105 22164 -3329 7035
-9270 2834 -3130 22992 38 11219
-19685 -13855 -6414 -32768 22442 32767
-21297 -16586 -4418 -32768 28043 32767
-23321 -20151 -1692 -32768 32767 32767
-24013 -21240 -966 -32768 32767 32767
-27265 -25320 1597 -32768 32767 32767
-28104 -26382 2123 -32768 32767 32767
-30177 -29273 3790 -32768 32767 32767
-31776 -30920 2780 -32768 32767 32767
-30994 -31434 2456 -32768 30834 32767
-26792 -30662 1595 -32768 16938 32767
-22794 -30085 1317 -32768 13629 32767
-14641 -28531 1387 -20177 16579 32767
-4501 -7575 3416 25324 -83 -32768
-6528 -6353 2957 25421 -2224 -32768
-8816 -5228 1915 28044 -2334 -32768
-10419 -4574 1202 30564 -485 -32768
-10898 -4286 1118 31974 -311 -32768
-10779 -4348 1120 29629 -3265 -32768
-10512 -4450 976 23162 -7469 -32768
-9613 -4746 -85 20246 -7061 -32768
-8890 -4882 -1614 23579 -3302 -32768
-8652 -5122 -2431 32767 3795 -32768
-9353 -5457 -2768 32767 6977 -32768
-9920 -5636 -2251 32767 5793 -32768
-9379 -5597 -1791 32767 -1164 -32768
-8467 -5729 -1886 31945 -7255 -32768
-7569 -5557 -3598 28454 -4633 -32768
-6991 -5368 -4567 32522 1337 -32768
-7196 -5016 -5429 32767 11126 -32768
-7530 -4797 -5360 32767 16511 -32768
-7432 -4653 -4840 32767 18579 -32768
-6626 -4623 -3388 32767 14562 -32768
-6434 -4604 -3209 32767 6541 -32768
-5930 -4443 -3683 32767 3301 -32768
-5836 -4284 -3911 32767 4509 -32768
-5720 -3807 -4445 32767 10837 -32768
-6093 -3529 -4203 32767 14213 -32768
-6454 -3257 -3598 32767 14185 -32768
-6578 -2719 -2205 32767 11781 -32768
-6720 -2192 -1247 32767 5457 -32768
-6694 -1505 -1242 32767 844 -32571
-6638 -1258 -1390 32767 -4451 -25653
-6726 -626 -1638 32767 -3647 -18277
-7683 173 -1764 32767 -498 -15429
-8147 1230 -1506 32767 3974 -12804
-8149 1729 -1220 32767 2802 -8585
-8166 2269 -939 32767 -603 -4614
-8107 2395 -1072 28108 -3587 2728
-8372 2514 -2281 25173 -4289 7564
-9052 2243 -4303 24830 -3705 13893
-9969 1735 -6254 26996 17 19252
-10576 1154 -6998 25878 4391 23190
-11223 252 -7353 15316 10108 30253
-12474 -1758 -7617 2755 10004 32767
-13353 -3368 -7932 -18350 5543 32767
-14898 -5771 -8626 -32768 5346 32767
-16172 -7648 -8591 -32768 10044 32767
-18381 -11635 -7303 -32768 15437 32767
-18880 -12699 -6717 -32768 21745 32767
-20344 -15824 -4682 -32768 27092 32767
-21979 -18749 -2916 -32768 30830 32767
-22824 -20647 -1915 -32768 32767 32767
-24279 -23409 -887 -32768 32767 32767
-27602 -26322 638 -32768 32767 32767
-28418 -27084 1243 -32768 32767 32767
-30551 -28617 2277 -32768 32767 32767
-30984 -29793 2577 -32768 32767 32767
-26173 -29621 3242 -32768 22670 32767
-24459 -29705 3239 -32768 8794 32767
-18461 -28932 2517 -26679 12116 32767
-9283 -28091 2011 -13787 19695 32767
-7165 -27595 1842 6947 29951 32767
-602 -25366 2400 22595 32767 32767
4801 -22988 4921 26707 25638 32767
6791 -20019 6477 25260 13013 8693
6845 -17902 6637 21771 -1872 -27123
5360 -14885 5729 20543 -5138 -32768
3463 -12957 4960 21221 -2185 -32768
121 -10549 3964 23137 335 -32768
-4079 -9017 3343 26691 -643 -32768
-6808 -8144 3112 27835 -5071 -32768
-9261 -7131 2716 26132 -4639 -32768
-10822 -6770 2034 25400 -1691 -32768
-11848 -6626 1402 26502 3185 -32768
-11734 -6370 388 27746 2663 -32768
-11137 -6247 -63 28619 -2501 -32768
-10620 -6112 -834 29506 -5455 -32768
-9894 -6013 -1734 30833 -3520 -32768
-9740 -6119 -2248 32767 1396 -32768
-9715 -6255 -2534 32767 6441 -32768
-9791 -6210 -2959 32767 8766 -32768
-9184 -5686 -3348 32767 8526 -32768
-8467 -5530 -3460 32767 3987 -32768
-7609 -5247 -3717 32767 1112 -32768
-6890 -5054 -3964 32767 996 -32768
-6110 -4793 -4423 32767 4646 -32768
-6266 -4649 -4636 32767 12621 -32768
-6885 -4449 -4453 32767 19098 -32768
-6711 -3992 -3935 32767 18804 -32768
-6303 -3811 -3557 32767 14798 -32768
-5909 -3575 -3361 32767 12905 -32768
-5483 -3471 -3427 32767 12908 -32768
-5534 -3282 -3319 32767 13712 -32768
-6163 -2949 -2745 32767 14021 -32768
-6516 -2638 -2105 32767 12755 -32768
-6431 -1892 -1385 32767 8920 -32768
-6441 -1398 -1218 32767 381 -29657
-6340 -763 -1383 32767 -3666 -21415
-6383 -280 -1711 32767 -1981 -16302
-6853 443 -2021 32767 3969 -11974
-7397 1249 -1877 32767 6863 -10658
-7407 1630 -1585 32767 7079 -7388
-7622 2001 -1382 32767 3113 -3996
-7788 2017 -1496 27044 -5776 1520
-8392 1845 -2253 20643 -9293 6811
-8995 1795 -3606 18477 -7755 10122
-9345 1554 -5206 18320 -2864 16084
-9846 945 -6617 18316 203 22669
-10092 591 -7001 15547 310 27043
-11074 -900 -7662 3495 917 32767
-12571 -3127 -8014 -8918 639 32767
-13853 -4959 -8326 -27935 809 32767
-16193 -8403 -8566 -32768 6291 32767
-16664 -9271 -8401 -32768 11201 32767
-17906 -12259 -6979 -32768 18653 32767
-19087 -14895 -4918 -32768 23594 32767
-20237 -16773 -3756 -32768 30684 32767
-22203 -19412 -2202 -32768 32767 32767
-23945 -22134 -558 -32768 32767 32767
-25442 -23844 248 -32768 32767 32767
-28106 -27424 1208 -32768 32767 32767
-30598 -29772 2143 -32768 32767 32767
-30843 -30665 1832 -32768 32767 32767
-27564 -30816 1645 -32768 32767 32767
-24329 -30402 1494 -32768 18631 32767
-20047 -29862 1392 -32768 14011 32767
-12251 -28299 1708 -19626 20229 32767
-7060 -27881 1710 3922 28828 32767
949 -24902 3792 21268 28417 32767
3664 -23583 5466 26541 22513 32767
5559 -21601 6369 27938 8778 16145
6752 -18435 6756 25509 -3550 -18885
5527 -15297 5992 23853 -7752 -32768
2594 -12446 4733 23123 -7296 -32768
-1072 -10136 3487 24616 -4913 -32768
-3893 -8775 2928 28581 -2102 -32768
-6282 -7542 2582 30625 -4145 -32768
-8308 -6639 2379 29798 -4594 -32768
-10405 -5866 2102 27101 -2829 -32768
-12290 -5652 1271 25849 -2012 -32768
-13411 -5419 324 25337 -301 -32768
-12614 -5171 -255 25366 -1024 -32768
-10918 -4848 -1198 25383 -5308 -32768
-9924 -4750 -1715 26496 -6867 -32768
-8643 -4951 -2590 29607 -4959 -32768
-8260 -5269 -2813 32541 -2654 -32768
-8467 -5488 -2935 32767 1115 -32768
-9331 -5398 -2986 32767 9798 -32768
-9267 -5165 -3216 32767 16229 -32768
-7915 -4744 -3577 32767 12963 -32768
-6403 -4422 -3836 32767 9369 -32768
-5880 -4209 -4298 32767 6397 -32768
-5786 -4059 -4451 32767 8255 -32768
-5801 -4018 -4234 32767 11698 -32768
-5995 -3874 -3833 32767 15373 -32768
-5922 -3789 -3601 32767 15540 -32768
-5638 -3602 -3448 32767 14893 -32768
-5414 -3488 -3377 32767 14733 -32768
-5454 -3185 -3247 32767 13032 -32768
-5679 -2975 -2941 32767 11207 -32768
-6154 -2478 -2316 32767 7307 -30334
-6561 -1761 -1818 32767 2462 -26472
-6607 -1518 -1725 32767 -108 -24260
-6464 -867 -1644 32767 -1131 -20952
-6599 -219 -1640 32767 2 -19205
-6819 325 -1652 32767 1793 -15975
-7012 1186 -1648 32767 2496 -12297
-7128 1734 -1657 32767 2709 -5386
-7498 2240 -1677 32767 -311 -870
-7612 2383 -1687 31081 -7352 5336
-7739 2322 -2120 28068 -10463 8871
-8368 2080 -3333 24111 -11400 11759
-9032 1850 -4439 21862 -8923 11825
-9747 1539 -5772 21015 -6236 11922
-10969 560 -7615 17646 -1910 15387
-11684 -947 -8878 12389 -2310 21356
-12147 -2229 -9294 -1166 -4202 32767
-14480 -5596 -8923 -20784 2096 32767
-15247 -6591 -8648 -32768 10811 32767
-17428 -9673 -7907 -32768 21357 32767
-18991 -12480 -6880 -32768 24478 32767
-19463 -14905 -5494 -32768 23410 32767
-20415 -16607 -4205 -32768 22909 32767
-22461 -19180 -2424 -32768 25636 32767
-24787 -22287 -469 -32768 32767 32767
-26141 -24337 259 -32768 32767 32767
-28512 -27831 2084 -32768 32767 32767
-29736 -29072 2049 -32768 32767 32767
-30354 -29932 1417 -32768 32767 32767
-27847 -30181 1478 -32768 22509 32767
-24468 -29661 1478 -32768 6642 32767
-15523 -27754 1375 -24358 14689 32767
-11108 -26948 1700 -9658 25781 32767
-7296 -26117 2472 7853 32767 32767
-1423 -23925 4115 17701 30500 32767
4787 -21406 6159 20541 22743 32767
5688 -20545 6162 21670 15050 24076
6412 -17954 6045 23855 6091 -10956
4205 -14236 5191 25776 2287 -32768
3134 -13343 4956 28184 -656 -32768
-1401 -9583 4052 28992 154 -32768
-3653 -8151 3591 29159 -336 -32768
-5660 -6982 3066 29085 -4222 -32768
-7922 -6014 2282 28888 -5745 -32768
-9222 -5802 1800 29065 -2836 -32768
-11942 -5179 656 30036 1585 -32768
-12234 -5059 431 32102 5269 -32768
-11369 -4850 -57 32216 -1191 -32768
-9829 -4949 -675 30895 -6115 -32768
-9117 -5059 -1362 30455 -6476 -32768
-8516 -5331 -2434 32767 -1526 -32768
-8816 -5782 -2953 32767 1533 -32768
-10231 -5990 -2786 32767 3855 -32768
-10300 -5615 -2770 32767 4477 -32768
-9199 -5101 -3090 32767 3679 -32768
-6969 -4672 -4076 32767 1988 -32768
-6439 -4571 -4491 32767 3128 -32768
-6166 -4362 -4736 32767 8092 -32768
-5740 -4087 -4518 32767 11176 -32768
-5932 -4051 -3755 32767 12111 -32768
-6126 -3950 -3309 32767 10363 -32768
-5966 -3788 -3054 32767 9029 -32768
-5819 -3644 -3174 32767 9239 -32768
-5752 -3423 -3337 32767 12726 -32768
-5965 -2898 -3099 32767 14841 -32768
-6103 -2599 -2584 32767 13832 -32768
-6225 -1987 -1565 32767 9465 -32768
-6242 -1656 -1072 32767 626 -32768
-6446 -1091 -695 32767 -3963 -32768
-6603 -863 -788 32767 -7490 -25922
-6602 -540 -1331 32767 -7159 -19823
-7059 61 -1966 32767 -3873 -12533
-7561 657 -2209 32767 -153 -9229
-7528 1040 -1999 32767 1062 -7359
-7345 1256 -1720 32767 -2137 -2779
-7261 1474 -1697 27910 -6428 964
-7595 1462 -2374 19932 -10244 5655
-8327 1457 -3796 17835 -8852 7940
-8748 1222 -4751 19620 -1638 11748
-9484 696 -5868 23117 4942 16504
-9723 450 -6107 23219 7861 20163
-10691 -1214 -6775 20248 9030 24167
-10957 -1726 -6942 9781 6993 30493
-12038 -3698 -7605 -4862 5797 32767
-13351 -5915 -8327 -14962 9731 32767
-14053 -7418 -8400 -31195 20934 32767
-15536 -10775 -6516 -32768 28487 32767
-15911 -11558 -5962 -32768 26811 32767
-17745 -14253 -4330 -32768 21426 32767
-19731 -16546 -2948 -32768 21483 32767
-20357 -18174 -2170 -32768 25762 32767
-22245 -21394 -753 -32768 30093 32767
-23821 -22601 -270 -32768 32767 32767
-26020 -24182 557 -32768 32767 32767
-28969 -26526 1459 -32768 32767 32767
-29940 -28915 1182 -32768 32767 32767
-26895 -29306 1936 -32768 20603 32767
-22738 -28346 1979 -32768 4011 32767
-20873 -28084 1693 -32768 -6301 32767
-13555 -27165 927 -12075 11111 32767
-6260 -26863 1033 2406 29078 32767
-967 -24767 2376 18720 32767 32767
3847 -23141 5346 25101 27244 32767
5273 -22302 5999 25484 12852 26367
7419 -18670 6029 25401 38 3864
6990 -17686 5710 26323 -8556 -27293
4077 -14849 4489 28128 -6311 -32768
-61 -11740 3867 28531 -2004 -32768
-3836 -8900 3731 27364 3284 -32768
-6265 -6934 3279 25958 1271 -32768
-7697 -6232 2863 24209 -6755 -32768
-9202 -5760 2153 25104 -6970 -32768
-11538 -5220 1239 27499 1061 -32768
-12218 -4867 615 32703 12405 -32768
-11321 -4297 487 32767 11176 -32768
-10376 -4313 378 32113 -2217 -32768
-8800 -4588 -563 27566 -11197 -32768
-8208 -4931 -1455 27140 -10622 -32768
-8484 -5291 -2315 31903 -4204 -32768
-9611 -5745 -2943 32767 1406 -32768
-10325 -5760 -2993 32767 6503 -32768
-10664 -5442 -2971 32767 5095 -32768
-9335 -5059 -3317 32767 1786 -32768
-8242 -4935 -3477 32767 -1529 -32768
-7087 -4588 -4260 32767 -1281 -32768
-6408 -4361 -5024 32767 4946 -32768
-6403 -4209 -5196 32767 12077 -32768
-6420 -4048 -4719 32767 15111 -32768
-6397 -3803 -4204 32767 16011 -32768
-6129 -3628 -3502 32767 13845 -32768
-5801 -3486 -3305 32767 12091 -32768
-5652 -3289 -3332 32767 11500 -32768
-5174 -2980 -3295 32767 12553 -32768
-5272 -2892 -3032 32767 14981 -32768
-5864 -2742 -2612 32767 14843 -32768
-6944 -2311 -1796 32767 11423 -32768
-6973 -1516 -1170 32767 8405 -32768
-6573 -860 -1080 32767 3963 -30292
-6570 -484 -1217 32767 2375 -25372
-6639 46 -1433 32767 3126 -17151
-7080 1033 -1526 32767 5130 -11823
-7633 1428 -1416 32767 6973 -6205
-7948 1683 -1160 32767 3942 -1300
-8060 1833 -937 32767 -1578 2823
-8085 1941 -1402 26625 -8718 9728
-8245 1994 -2064 22245 -8976 15292
-8733 1901 -3477 21704 -6508 17411
-9192 1612 -4638 23416 -3332 19154
-9845 432 -7142 24601 -2464 21322
-10004 -60 -7630 21486 -1615 27857
-10954 -1792 -8581 8841 1164 32767
-12360 -3649 -9331 -3265 4380 32767
-13581 -5201 -9840 -21837 12523 32767
-15554 -7927 -9578 -32768 21227 32767
-17055 -9793 -8752 -32768 32153 32767
-18682 -12538 -6581 -32768 32767 32767
-19080 -14189 -5221 -32768 31340 32767
-19882 -16347 -3305 -32768 30103 32767
-20951 -17651 -2260 -32768 32767 32767
-24518 -20688 -429 -32768 32767 32767
-26158 -22367 652 -32768 32767 32767
-27171 -24742 1897 -32768 32767 32767
-28388 -26655 3148 -32768 32767 32767
-27437 -26886 3046 -32768 32767 32767
-24691 -26352 2656 -32768 25060 32767
-22531 -25791 2631 -32768 15437 32767
-17841 -24985 1706 -32768 10553 32767
-13996 -24370 1543 -14763 14212 32767
-7948 -24504 2091 -2 26980 32767
-2916 -22786 2389 8810 30866 32767
468 -21360 3106 18112 30900 32767
4666 -19206 5167 20084 26819 32767
5855 -16665 5851 20949 13731 5270
5961 -14938 5667 21873 5774 -15624
4629 -12558 4738 25129 -206 -32768
2859 -11102 4029 29882 3775 -32768
-166 -9260 3357 32767 8249 -32768
-1878 -8291 3066 32767 8271 -32768
-5929 -7177 2363 32767 4917 -32768
-6805 -6889 2285 32767 2835 -32768
-9696 -6005 2096 32767 660 -32768
-10808 -5788 1996 28579 -3141 -32768
-11717 -5497 1451 22631 -3684 -32768
-11713 -5191 334 21603 -2018 -32768
-10853 -5059 -536 25012 -2481 -32768
-10084 -5026 -1573 30713 -5265 -32768
-10193 -5018 -2055 32767 -3265 -32768
-9859 -5219 -2204 32767 -1046 -32768
-9630 -5366 -2238 31921 100 -32768
-9695 -5225 -2914 29545 751 -32768
-9448 -5072 -3145 29750 3177 -32768
-8110 -4571 -3799 32634 5489 -32768
-7156 -4281 -4136 32767 5926 -32768
-6982 -4014 -4256 32767 7375 -32768
-6432 -3638 -4425 32767 10299 -32768
-6214 -3581 -4383 32767 16288 -32768
-5531 -3397 -4140 32767 18496 -32768
-5158 -3045 -3598 32767 18436 -32768
-4442 -2962 -3196 32767 16758 -32768
-4420 -2807 -3065 32767 14586 -32768
-4611 -2811 -3079 32767 11353 -32768
-5309 -2697 -3108 32767 12278 -32768
-5194 -2530 -2845 32767 14667 -32768
-5008 -2452 -2267 32767 15618 -32387
-5068 -2257 -1917 23814 -4186 1082
-7820 2369 -2623 23166 -4410 5733
-8050 2482 -3299 23952 -3318 12761
-8455 2209 -4574 24131 -1975 16892
-8612 2020 -4936 22678 1101 21245
-9480 653 -7083 20802 2789 22848
-9941 -439 -8132 15615 2130 24886
-10487 -1815 -9045 5135 -3133 29254
-11499 -4390 -9414 -6463 -5422 32767
-12752 -6028 -9000 -30317 973 32767
-16010 -9423 -8263 -32768 11841 32767
-17103 -11216 -8074 -32768 14393 32767
-18431 -13728 -7123 -32768 15348 32767
-19108 -15104 -6355 -32768 22007 32767
-21947 -18112 -3643 -32768 32767 32767
-23459 -19669 -2139 -32768 32767 32767
-24656 -21415 -845 -32768 32767 32767
-27348 -25578 858 -32768 32767 32767
-28247 -26625 1223 -32768 32767 32767
-29637 -28353 802 -32768 31850 32767
-28344 -28890 572 -32768 24525 32767
-26755 -28555 597 -32768 16625 32767
-22904 -28497 563 -32768 12922 32767
-17066 -27836 -156 -32768 9234 32767
-10937 -26436 398 -13958 16687 32767
-7134 -25556 945 4165 25220 32767
-791 -23492 2308 14102 26104 32767
2609 -22204 3760 22641 22741 32767
5018 -20928 4866 24732 18296 24482
6193 -18392 5499 26293 9461 -10568
5310 -15628 5393 27264 5783 -32346
3739 -13666 4915 29283 4576 -32768
-849 -10106 4421 29897 4582 -32768
-2082 -9296 4269 29365 -300 -32768
-5339 -7540 3482 28786 -4925 -32768
-8554 -6582 2276 29770 -3299 -32768
-10286 -6127 1478 32767 4414 -32768
-11527 -5418 594 32767 9848 -32768
-11398 -5174 454 32767 8663 -32768
-10321 -4854 -97 32767 2310 -32768
-9942 -4763 -1241 32767 -3059 -32768
-9800 -4721 -2571 32767 -4405 -32768
-9163 -4880 -3202 32767 -1648 -32768
-8918 -4956 -3195 32767 198 -32768
-8351 -5245 -2873 32767 -3351 -32768
-8202 -5554 -2989 32767 -5459 -32768
-7975 -5761 -3619 32767 -2223 -32768
-7967 -5792 -4668 32767 3101 -32768
-7977 -5625 -5194 32767 12059 -32768
-7834 -4879 -5506 32767 15791 -32768
-7227 -4643 -4992 32767 14587 -32768
-6621 -4650 -4432 32767 10993 -32768
-6529 -4489 -4439 32767 10607 -32768
-6352 -3962 -4786 32767 12451 -32768
-5961 -3611 -4772 32767 16700 -32768
-5531 -3098 -4444 32767 19270 -32768
-5486 -3113 -3816 32767 17409 -32768
-5582 -3187 -2985 32767 13031 -32768
-5903 -3200 -2490 32767 12800 -32768
-6349 -2736 -2032 32767 14302 -32768
-6168 -2223 -1889 32767 14728 -32241
-5836 -1280 -1801 32767 12762 -25314
-5810 -834 -1631 32767 8361 -16771
-6233 -259 -1369 32767 4991 -14182
-6565 271 -1044 32767 1113 -13227
-6791 723 -839 32767 894 -11899
-7234 1181 -666 32767 1696 -9461
-7628 1386 -741 31209 1197 -3447
-8106 1748 -1226 29736 -270 1544
-8184 1879 -1821 29152 -2626 10355
-8366 2007 -3053 29185 -3600 15928
-8686 1992 -4205 29555 -5848 21188
-9552 1673 -6479 28497 -6571 23035
-10753 703 -8208 23769 -3416 23953
-11504 -263 -9231 10085 496 28271
-12264 -1688 -10027 -1374 372 32767
-14240 -5176 -10933 -12429 -352 32767
-15558 -7204 -10560 -26475 5165 32767
-16766 -9372 -9469 -32768 18881 32767
-19215 -13661 -5701 -32768 29964 32767
-19701 -14555 -5102 -32768 32767 32767
-21162 -17570 -3385 -32768 32767 32767
-22496 -20048 -2124 -32768 32767 32767
-24105 -22804 -616 -32768 32767 32767
-26725 -25675 496 -32768 32767 32767
-28057 -27793 1828 -32768 32767 32767
-28381 -28824 2436 -32768 32767 32767
-27039 -29295 1751 -32768 32767 32767
-25120 -28949 976 -32768 5167 32767
-17272 -28171 539 -32768 2794 32767
-12385 -27771 -97 -27007 19663 32767
-8271 -26930 634 -5405 32767 32767
-2500 -24616 2643 4848 32767 32767
2746 -22213 4964 14534 32767 32767
5089 -20163 6128 19556 17412 28023
6090 -18578 6676 21866 5378 5385
5966 -15810 6384 24749 -3046 -26743
3061 -12128 5080 26747 140 -32768
2037 -11261 4714 27641 3242 -32768
-966 -9244 3791 29182 5060 -32768
-3189 -8341 3082 30752 3559 -32768
-6281 -7119 2169 32767 1066 -32768
-7705 -6462 1736 32767 1523 -32768
-9686 -5928 1388 32767 1140 -32768
-10449 -5628 1265 32767 403 -32768
-10466 -5590 983 28011 -1372 -32768
-10122 -5790 97 25024 -2836 -32768
-9540 -5862 -1504 25095 -1634 -32768
-9340 -5902 -2479 31330 4561 -32768
-9260 -5695 -3060 32767 7671 -32768
-9162 -5737 -2836 32767 7245 -32768
-9509 -5865 -2628 32767 4636 -32768
-9305 -5631 -3353 32767 2930 -32768
-8603 -5426 -3788 32767 4955 -32768
-7261 -4976 -4376 32767 6140 -32768
-6299 -4658 -4364 32767 8779 -32768
-6096 -4427 -4588 32767 9908 -32768
-6477 -4275 -4747 32767 10986 -32768
-7050 -4117 -4814 32767 11846 -32768
-6682 -3751 -4840 32767 13005 -32768
-6304 -3514 -4886 32767 16514 -32768
-5800 -3153 -5020 32767 19588 -32768
-5441 -2908 -4904 32767 22714 -32768
-4447 -2409 -4039 32767 22995 -32768
-4177 -2277 -3542 32767 21838 -32768
-4716 -2278 -2874 32767 19497 -32768
-4951 -2338 -2645 32767 17299 -32768
-5580 -2211 -2207 32767 14073 -32768
-5914 -1838 -1955 32767 13852 -32768
-6194 -1586 -1854 32767 15708 -32768
-6666 -1146 -1671 32767 16887 -32768
-6687 -826 -1475 32767 18479 -25921
-6837 -406 -1470 32767 17391 -20157
-7368 696 -1305 32767 10796 -12542
-7545 1226 -1002 32767 4915 -7429
-7654 1697 -896 30526 -2828 166
-7841 2028 -1634 27365 -5771 4279
-7970 2264 -2407 23678 -6378 8452
-8036 2427 -3195 21406 -6001 10905
-8449 2178 -4677 18285 -7096 15461
-9197 1481 -6506 16598 -10713 19652
-10647 33 -8323 13783 -19263 26922
-12265 -1904 -9222 9505 -20683 32676
-13470 -3618 -9295 -3701 -11903 32767
-15572 -6565 -9067 -16792 -3698 32767
-16191 -7702 -9001 -32768 2440 32767
-17405 -10929 -9051 -32768 2440 32767
-17810 -12987 -8836 -32768 3585 32767
-19231 -16944 -7120 -32768 8574 32767
-19911 -17996 -6536 -32768 19676 32767
-22171 -21029 -4217 -32768 31360 32767
-23663 -23714 -1631 -32768 32767 32767
-24540 -25084 -460 -32768 32767 32767
-27340 -28488 139 -32768 32767 32767
-29784 -31301 762 -32768 32767 32767
-31939 -32768 -4 -32768 30138 32767
-29523 -32768 -694 -32768 31159 32767
-27050 -32275 -1128 -32768 22427 32767
-21843 -30579 -1364 -32768 9842 32767
-16804 -28975 -1060 -27639 5634 32767
-8236 -27337 61 -5664 21873 32767
-2809 -25267 842 7383 28279 32767
-69 -23250 2447 20053 28325 32767
3292 -20847 4353 25113 18995 30768
4888 -18174 5212 26348 12929 8597
5215 -16271 5116 28266 6793 -19615
4086 -13272 4528 31729 2767 -32768
1759 -10576 3971 32767 754 -32768
-215 -9107 3516 32767 -797 -32768
-3078 -7392 2993 32767 -189 -32768
-5724 -6126 2454 32767 645 -32768
-7837 -5497 1843 30522 1246 -32768
-8325 -5344 1681 28046 5000 -32768
-9775 -4973 343 28938 4844 -32768
-10547 -5047 -251 30651 5017 -32768
-10879 -4975 -710 32767 5177 -32768
-9687 -4764 -1280 32767 1087 -32768
-8844 -5023 -1436 32303 -2649 -32768
-8356 -5087 -1663 28915 -4889 -32768
-7863 -5354 -2152 28269 -2440 -32768
-7791 -5766 -3140 30268 1381 -32768
-7898 -5842 -3628 32767 9991 -32768
-8075 -5633 -3878 32767 14680 -32768
-7585 -5497 -3592 32767 12663 -32768
-7049 -5487 -3433 32767 6958 -32768
-6510 -5503 -3881 32767 4891 -32768
-6295 -5206 -4753 32767 7404 -32768
-6239 -4937 -5159 32767 15980 -32768
-6489 -4730 -5014 32767 24105 -32768
-6283 -4150 -4376 32767 25791 -32768
-5964 -3771 -3661 32767 21762 -32768
-5801 -3555 -3455 32767 16074 -32768
-5510 -3433 -3546 32767 16582 -32768
-5225 -3148 -3735 32767 22261 -32768
-5309 -2875 -3607 32767 25831 -32768
-5563 -2648 -2760 32767 27090 -32768
-5686 -2271 -1766 32767 24480 -32651
-5562 -1897 -1084 32767 16195 -28192
-5545 -1629 -1039 32767 6534 -23251
-5795 -936 -1480 32767 2637 -20283
-6123 -545 -1825 32767 3475 -15683
-6738 183 -1773 32767 7128 -12519
-7127 692 -1461 32767 10230 -8274
-7302 1144 -979 32767 9049 -5085
-7375 1406 -431 31762 1564 918
-7176 1655 -929 25855 -4105 5791
-7473 1730 -1779 20605 -8876 11954
-8289 1800 -3496 20578 -8385 13889
-8477 1816 -4084 24301 -3366 16169
-9560 1194 -6216 27162 -2 20050
-9956 728 -6714 25188 -1813 23540
-11481 -1206 -8353 14359 -8582 30185
-13146 -3602 -9822 3102 -9879 32767
-14808 -5945 -10884 -15048 -2284 32767
-16067 -8242 -10707 -26686 8167 32767
-17203 -10625 -10097 -32768 21672 32767
-18869 -14122 -7945 -32768 29107 32767
-20507 -17084 -5736 -32768 32767 32767
-21337 -18948 -4379 -32768 32767 32767
-22617 -21458 -2857 -32768 32767 32767
-24069 -23231 -1808 -32768 32767 32767
-27042 -25537 -1284 -32768 32767 32767
-29172 -27063 -941 -32768 32767 32767
-31318 -29192 96 -32768 32767 32767
-31985 -29987 -172 -32768 32767 32767
-29545 -29824 838 -32768 31547 32767
-26979 -29147 1151 -32768 10309 32767
-21080 -27938 615 -32768 -145 32767
-15878 -26802 166 -23870 8075 32767
-7410 -25365 578 -3105 29175 32767
-4238 -24090 1129 8496 32767 32767
-904 -22807 2601 18507 32767 32767
3101 -20857 4934 20244 23882 32767
4512 -18979 5477 21092 7052 7204
5046 -16300 5380 22285 -606 -12335
4476 -14395 5053 25635 -3448 -32768
3332 -12533 4696 28456 -2332 -32768
-73 -9397 4002 31372 -1220 -32768
-1078 -8817 3818 32767 -888 -32768
-5179 -7268 3146 32767 -2284 -32768
-6767 -6779 2742 32767 -3060 -32768
-8648 -6611 1941 32767 -908 -32768
-9748 -6514 1436 32118 2386 -32768
-11139 -6181 616 32021 3345 -32768
-11060 -6034 248 30865 -2430 -32768
-9983 -5841 -468 28612 -6881 -32768
-9394 -5829 -893 24277 -9913 -32768
-9046 -5855 -1892 23408 -8647 -32768
-9090 -6152 -3026 27780 -1421 -32768
-9532 -6387 -3435 32767 7470 -32768
-10096 -6329 -3279 32767 8763 -32768
-9096 -6377 -2852 32767 3200 -32768
-8435 -6290 -3092 31824 -1310 -32768
-7777 -6110 -4355 32424 3963 -32768
-7353 -5686 -5335 32767 11730 -32768
-7442 -5227 -5471 32767 24333 -32768
-7417 -4797 -4927 32767 28649 -32768
-7038 -4353 -4009 32767 24445 -32768
-6586 -4071 -3535 32767 18521 -32768
-5926 -3539 -3441 32767 17511 -32768
-5714 -3398 -3456 32767 18102 -32768
-4869 -3076 -3459 32767 17293 -32768
-4521 -3067 -3672 32767 16270 -32768
-5025 -3033 -3832 32767 17992 -32768
-5944 -2971 -3448 32767 22628 -32768
-6092 -2380 -2586 32767 24137 -32768
-5852 -1866 -2009 32767 22689 -30309
-5791 -894 -1390 32767 19505 -24783
-5853 -411 -1234 32767 12832 -15591
-6012 29 -1202 32767 7346 -7821
-6464 466 -1104 32767 5223 -4821
-7127 1201 -855 32767 2665 -2078
-7582 1640 -781 32767 542 -289
-7681 1968 -881 29368 -1000 3622
-7751 2316 -1394 26115 -962 6936
-8105 2452 -2107 22416 -2222 10826
-8626 2608 -3525 20957 -3422 13372
-8819 2594 -4610 19910 -4983 18852
-9934 1675 -7176 19543 -7912 25202
-10854 578 -8383 18538 -9367 29425
-12228 -1172 -9510 11325 -9243 32767
-14324 -4919 -9705 -405 -3307 32767
-15557 -6947 -9676 -24801 8408 32767
-17045 -9170 -9733 -32768 14838 32767
-19093 -12576 -9575 -32768 17313 32767
-20824 -15955 -7861 -32768 25114 32767
-21648 -17980 -6414 -32768 32767 32767
-22820 -20717 -3912 -32768 32767 32767
-25096 -23071 -1547 -32768 32767 32767
-27739 -25730 -16 -32768 32767 32767
-1633 -25330 2824 16541 32767 32767
3295 -22296 5272 24064 31099 32767
5397 -20329 6366 27834 14315 14789
6318 -17242 6746 27779 489 -19250
4405 -13390 5090 28592 -3445 -32768
3524 -12476 4614 31954 -2068 -32768
-740 -9613 3182 32767 1044 -32768
-3506 -8424 2917 32767 2696 -32768
-6055 -7364 2707 32767 835 -32768
-8565 -6413 2158 32767 519 -32768
-10462 -5982 1459 30811 1063 -32768
-11600 -5426 450 29613 759 -32768
-11104 -5206 -230 31852 -3012 -32768
-9911 -4849 -1027 32767 -6809 -32768
-9338 -4848 -1466 32767 -8651 -32768
-9388 -5459 -2462 32767 -2263 -32768
-9661 -5982 -2893 32767 4293 -32768
-10007 -6094 -2930 32767 10022 -32768
-9617 -5896 -2826 32767 6150 -32768
-8388 -5508 -2845 32767 1339 -32768
-7715 -5439 -3111 32767 -2531 -32768
-7088 -5354 -3691 32767 -1569 -32768
-6563 -5330 -4092 32767 2525 -32768
-6362 -5230 -4317 32767 7505 -32768
-5822 -5046 -4820 32767 12938 -32768
-5604 -4833 -5178 32767 22114 -32768
-5715 -4449 -5302 32767 24320 -32768
-5988 -4131 -4897 32767 19833 -32768
-5825 -3981 -4468 32767 16475 -32768
-5485 -3882 -3949 32767 16981 -32768
-5426 -3818 -3773 32767 19166 -32768
-5615 -3611 -3489 32767 20223 -32768
-5905 -3349 -3004 32767 20930 -32768
-5902 -2992 -2714 32767 19183 -32768
-5852 -2673 -2440 32767 16325 -31808
-6053 -2123 -2137 32767 11048 -24643
-6461 -1456 -2044 32767 8462 -21809
-6388 -725 -1957 32767 7725 -18773
-6687 187 -1770 32767 8238 -17255
-7040 954 -1528 32767 10496 -14826
-7374 1605 -1401 32767 9458 -10477
-7949 2382 -1611 30838 6236 -6312
-8293 2556 -1732 27209 2139 1287
-8900 2692 -2296 24646 -933 8326
-9460 2628 -3375 23778 -2080 12222
-9880 2407 -4288 23206 -2901 16870
-10636 1724 -5885 22545 -3758 19673
-10947 908 -7138 20515 -5526 25680
-12219 -1642 -9669 17499 -5012 32767
-13054 -3458 -10004 12666 -1874 32767
-13920 -5676 -9463 -3849 4270 32767
-15802 -9457 -7738 -21430 7584 32767
-16862 -11644 -6647 -32768 9795 32767
-17981 -14785 -6232 -32768 8821 32767
-18602 -16606 -6083 -32768 14233 32767
-20044 -19332 -5157 -32768 30584 32767
-22808 -23637 -2080 -32768 32767 32767
-23359 -24861 -1359 -32768 32767 32767
-25449 -29040 746 -32768 32767 32767
-26238 -29946 1575 -32768 32767 32767
-28288 -31540 1899 -32768 32767 32767
-28223 -32325 1581 -32768 32767 32767
-27580 -32329 1823 -32768 32767 32767
-24489 -31027 1305 -32768 15214 32767
-19000 -29328 2245 -32768 6902 32767
-14322 -27909 2716 -21670 10879 32767
-7605 -26770 2513 -1266 22826 32767
-2594 -24098 2102 12082 29049 32767
547 -22661 2923 25294 32767 32767
4400 -20610 4763 27500 23844 26881
5389 -17274 6415 24675 11371 5731
5007 -16289 6278 21222 -4366 -25072
2835 -13389 4916 21983 -6964 -32768
930 -11538 4119 25952 359 -32768
-1807 -8629 3642 28913 8453 -32768
-4309 -6416 3410 29174 7715 -32768
-6113 -5419 3026 27575 2272 -32768
-8920 -4145 1771 26529 -151 -32768
-9385 -3993 1418 27376 26 -32768
-10495 -3622 375 30300 2094 -32768
-10349 -3589 -114 31223 2941 -32768
-9727 -3585 -349 29955 1754 -32768
-8347 -3804 -1196 28541 409 -32768
-7905 -4019 -1888 29218 -575 -32768
-7952 -4456 -2787 32767 2232 -32768
-8036 -4545 -2941 32767 4848 -32768
-8298 -4918 -2863 32767 5519 -32768
-8550 -5152 -2438 32767 4413 -32768
-8533 -5346 -2486 32767 2434 -32768
-8160 -5124 -3252 32767 3432 -32768
-6254 -4909 -4291 32767 8509 -32768
-6017 -4801 -4676 32767 11710 -32768
-6263 -4682 -4770 32767 13151 -32768
-6516 -4536 -4365 32767 12541 -32768
-6218 -4140 -3513 32767 11411 -32768
-5953 -3875 -3453 32767 9229 -32768
-5505 -3361 -3684 32767 9596 -32768
-5002 -3108 -3841 32767 13017 -32768
-4646 -2774 -3698 32767 15531 -32768
-4850 -2606 -3350 32767 16849 -32768
-5235 -2504 -2491 32767 15407 -32768
-5364 -2449 -1983 32767 11432 -32768
-5741 -2249 -1338 32767 9943 -32768
-5852 -1960 -1060 32767 9195 -28460
-5798 -1525 -1279 32767 6151 -21692
-5739 -1136 -1566 32767 3638 -16694
-5994 -606 -1860 32767 2402 -10436
-6366 -76 -1775 32767 2539 -7655
-6619 372 -1644 32767 1381 -4967
-6747 1089 -1134 32767 -264 -3141
-6831 1166 -1126 32767 -4863 -97
-7149 1253 -1416 25690 -8737 2710
-7515 1326 -2209 21755 -8861 4346
-7696 1577 -2992 18947 -5351 7808
-7983 1615 -5029 20231 -978 13711
-8327 1350 -6168 22249 -565 18028
-9567 243 -8036 23185 -5552 22945
-10509 -939 -9148 15554 -7056 27357
-12150 -3177 -9976 3951 -2352 31272
-13092 -4846 -10316 -19317 8862 32767
-14322 -7919 -10589 -32768 15172 32767
-16349 -11402 -9963 -32768 22345 32767
-18279 -14401 -7622 -32768 25003 32767
-18894 -15338 -6722 -32768 25293 32767
-20921 -18212 -3393 -32768 27372 32767
-21576 -19722 -2246 -32768 30362 32767
-22383 -20918 -1489 -32768 32767 32767
-26198 -23862 -347 -32768 32767 32767
-28276 -25762 597 -32768 32767 32767
-30210 -28538 1634 -32768 32767 32767
-30092 -30906 1538 -32768 32767 32767
-28608 -30598 2163 -32768 29731 32767
-24180 -29332 2439 -32768 10872 32767
-18535 -27944 682 -32768 -859 32767
-13982 -26965 -166 -15962 7525 32767
-5371 -25601 -23 10365 30124 32767
-1930 -24067 1487 21279 32767 32767
1147 -22625 3545 24923 31909 32767
4168 -19662 5842 21610 21289 25364
5116 -17612 6216 16463 5606 -4255
5006 -14639 5405 16461 -878 -21467
3870 -12817 4721 20940 -1316 -32768
1474 -10301 4156 24491 2630 -32768
-283 -8732 4098 28091 7665 -32768
-3747 -6535 3719 29188 7818 -32768
-4523 -6130 3574 28976 3610 -32768
-7324 -5358 2605 28047 1076 -32768
-7927 -5289 2325 27253 1921 -32768
-10990 -5210 1076 27610 3899 -32768
-11646 -5199 581 29033 4801 -32768
-11178 -4884 -47 30306 272 -32768
-9883 -4961 -632 29392 -3654 -32768
-8972 -4881 -1195 28050 -5415 -32768
-8402 -5172 -1534 26804 -5126 -32768
-8041 -5527 -2177 27802 -1495 -32768
-8920 -5973 -2965 30152 2986 -32768
-9366 -5951 -3442 32767 10831 -32768
-9133 -5553 -3783 32767 12168 -32768
-7911 -5106 -3601 32767 10094 -32768
-6945 -5041 -3535 32767 7817 -32768
-6095 -4812 -4040 32767 7209 -32768
-5916 -4652 -4681 32767 9204 -32768
-5766 -4366 -4739 32767 16394 -32768
-5760 -4251 -4579 32767 22748 -32768
-5942 -3913 -4160 32767 24642 -32768
-5772 -3627 -3859 32767 25953 -32768
-5206 -3162 -3283 32767 23672 -32768
-4786 -3015 -3127 32767 21042 -32768
-4479 -2870 -3113 32767 18805 -32768
-4687 -2737 -3180 32767 18658 -32768
-5120 -2583 -2973 32767 19644 -30486
-5708 -2227 -1964 32767 19510 -29559
-5763 -2029 -1664 32767 17499 -27807
-5957 -1500 -1268 32767 11089 -24747
-5749 -1004 -1277 32767 6494 -20890
-5607 -486 -1547 32767 2649 -13654
-6545 165 -1823 32767 2846 -10554
-7247 662 -1843 32767 5278 -8570
-7826 1423 -1820 32767 6687 -6866
-7956 1852 -1909 32767 5579 -1262
-8054 2046 -2567 28764 2234 4088
-8225 1955 -3241 23011 -2843 12027
-8545 1847 -4096 19221 -5238 17413
-9400 1484 -5500 17886 -4739 19251
-9989 995 -6604 17643 -2141 21227
-11064 -369 -8198 17017 -1950 23448
-12100 -3084 -8810 9450 -3927 30813
-12826 -5626 -8638 -8838 -2102 32767
-13772 -7555 -8660 -23681 1368 32767
-15219 -10260 -8543 -32768 11734 32767
-16098 -12193 -8407 -32768 21787 32767
-17954 -15307 -6770 -32768 28446 32767
-18897 -17030 -4967 -32768 32767 32767
-20099 -19504 -2511 -32768 32767 32767
-20790 -21367 -496 -32768 32767 32767
-21897 -22490 40 -32768 32767 32767
-24792 -24985 383 -32768 32767 32767
-28101 -28079 1360 -32768 32767 32767
-29277 -29183 1266 -32768 32767 32767
-27839 -31484 1929 -32768 32767 32767
-24950 -30952 2860 -32768 32513 32767
-18933 -29509 2803 -32768 14786 32767
-14410 -28325 2143 -32768 9018 32767
-7798 -26702 1733 -30464 17461 32767
-2728 -24548 1798 -768 32767 32767
1787 -22291 4236 20631 32767 32767
4662 -20618 6081 27218 31677 32767
6509 -17985 7374 28845 13884 6871
5953 -15414 7024 26252 -928 -23904
4564 -13797 5862 26201 -6185 -32768
2372 -12132 4670 29023 -5891 -32768
-1561 -9769 3667 31328 2000 -32768
-4606 -7886 3427 31355 5416 -32768
-6437 -6897 3257 28742 1396 -32768
-8742 -6230 2775 25841 -2801 -32768
-9874 -5683 2255 22259 -5613 -32768
-10985 -5310 826 21844 -3469 -32768
-10829 -5295 187 22888 -1071 -32768
-10436 -5129 -408 24621 645 -32768
-9455 -5131 -1240 25770 1381 -32768
-8785 -5103 -1852 28262 970 -32768
-5690 -4391 -4904 32767 17755 -32768
-6275 -4120 -4637 32767 20210 -32768
-6310 -3979 -4401 32767 23478 -32768
-5844 -3680 -4062 32767 25142 -32768
-5315 -3333 -3795 32767 24809 -32768
-4990 -3224 -3656 32767 22725 -32768
-5167 -3152 -3552 32767 20464 -32768
-5655 -3075 -3431 32767 17482 -32768
-6341 -2960 -3006 32767 17245 -32768
-6470 -2393 -2500 32767 18075 -32768
-6386 -1941 -2232 32767 17795 -27528
-5994 -1173 -1834 32767 15491 -23424
-5821 -792 -1644 32767 9858 -17057
-6055 -186 -1408 32767 6483 -13446
-7034 549 -1355 32767 2864 -10657
-7496 1339 -1363 32767 988 -9576
-7550 1540 -1403 29806 -2319 -6202
-7671 1920 -1486 24729 -3827 -762
-7930 2087 -1803 21549 -3525 2877
-8396 2282 -2532 18108 -1709 7745
-8727 2285 -3116 16845 -798 10563
-9286 2154 -4441 16880 -4445 14092
-10048 1447 -6398 18294 -10833 16489
-10980 509 -7907 21067 -20250 20669
-12114 -834 -9391 20956 -22296 24960
-13919 -4535 -10205 16372 -17818 31806
-14421 -5598 -9902 -1512 -1062 32767
-16002 -9378 -8650 -28041 14414 32767
-18065 -13428 -7358 -32768 21040 32767
-19109 -15651 -6652 -32768 24592 32767
-20170 -18679 -5460 -32768 24449 32767
-21491 -21294 -3402 -32768 26493 32767
-22287 -22823 -2017 -32768 30967 32767
-24437 -25535 419 -32768 32767 32767
-26343 -27310 1563 -32768 32767 32767
-30591 -32768 2844 -32768 32767 32767
-32768 -32768 2167 -32768 32767 32767
-31834 -32768 646 -32768 32767 32767
-28494 -32768 1045 -32768 32767 32767
-25579 -32768 1104 -32768 21716 32767
-16209 -31326 318 -32768 5710 32767
-10602 -29989 386 -23356 12660 32767
-3697 -27288 -244 8691 32767 32767
193 -25568 1353 32767 32767 32767
4423 -22582 4542 32767 32767 32767
5601 -20607 6548 32767 14389 5416
5325 -16087 6942 29799 -3336 -29840
3954 -13808 5615 26980 -3701 -32768
869 -10706 3770 29184 2272 -32768
-1623 -8865 3059 32767 8112 -32768
-6516 -5797 2768 32767 8302 -32768
-7272 -5377 2663 32767 4696 -32768
-8993 -4850 2412 31676 1421 -32768
-10540 -4710 1883 27431 217 -32768
-10765 -4610 1412 22434 -1181 -32768
-9831 -4450 511 21185 -1937 -32768
-9287 -4539 -279 24262 -1422 -32768
-8993 -4511 -1453 31546 -217 -32768
-8762 -4691 -2098 32767 616 -32768
-8624 -4875 -1702 32767 1926 -32768
-8704 -5113 -1464 32751 370 -32768
-8871 -5251 -1626 29599 -622 -32768
-8523 -5138 -2811 30565 820 -32768
-7349 -4781 -4474 32767 3854 -32768
-7025 -4715 -4668 32767 8477 -32768
-6258 -4791 -4754 32767 9555 -32768
-5967 -4764 -4476 32767 9500 -32768
-5740 -4657 -4115 32767 10960 -32768
-5382 -4478 -4256 32767 12449 -32768
-5566 -4164 -4973 32767 17303 -32768
-5572 -3845 -5153 32767 24446 -32768
-5113 -3327 -4847 32767 26644 -32768
-4788 -3205 -4380 32767 23831 -32768
-4660 -3225 -3606 32767 20291 -32768
-4923 -3353 -3265 32767 15185 -32768
-5206 -3488 -2781 32767 13032 -32768
-5395 -3476 -2580 32767 11819 -32768
-5735 -3365 -2328 32767 11365 -32768
-5634 -2767 -2148 32767 10316 -31090
-5527 -2401 -2011 32767 7391 -25378
-5862 -1598 -1741 32767 4662 -21971
-6231 -1296 -1522 32767 1063 -18945
-6535 -828 -1398 32767 -724 -17926
-6937 -102 -1251 32767 -544 -17303
-7024 543 -1120 32767 1192 -14502
-7160 1112 -1165 29145 942 -9603
-7403 1500 -1610 24421 -2230 -4059
-7816 1604 -2115 22261 -5181 -896
-8125 1678 -2756 20600 -8286 3328
-8607 1520 -4208 20579 -8249 7820
-9037 1147 -5108 21258 -7544 10675
-9596 586 -6112 22641 -7513 14218
-10699 -894 -7858 23468 -10934 17896
-11604 -3466 -9376 22444 -13433 22674
-12277 -5255 -9640 14331 -10391 32767
-14104 -9392 -7699 1358 -832 32767
-15435 -10712 -6695 -28897 16555 32767
-16713 -15168 -3830 -32768 31956 32767
-17377 -17527 -3043 -32768 32767 32767
-17412 -19577 -2482 -32768 30566 32767
-18334 -22019 -1335 -32768 28330 32767
-19354 -23169 -477 -32768 26419 32767
-21423 -25313 655 -32768 25658 32767
-24429 -27702 1064 -32768 27359 32767
-28155 -31020 1780 -32768 32767 32767
-30068 -32746 832 -32768 32767 32767
-27518 -32768 910 -32768 32485 32767
-25340 -32768 1585 -32768 24849 32767
-20110 -31977 1321 -32768 9048 32767
-12625 -30059 -921 -32768 2650 32767
-7524 -29196 -1990 -8245 22957 32767
-974 -26787 -1922 21501 32767 32767
4444 -24480 2434 30785 32767 32767
5917 -22733 5401 29984 18163 15798
5632 -18065 7050 22299 -4472 -23079
4337 -15532 5773 20460 -6022 -32768
409 -11582 4051 25309 6044 -32768
-3724 -7906 3620 32767 17173 -32768
-5270 -5985 3534 32767 16569 -32768
-6218 -4844 3282 32767 8331 -32768
-7812 -3826 2469 32767 2489 -32768
-9193 -3518 1297 32583 -1218 -32768
-9908 -3451 596 32700 4632 -32768
-9298 -3261 11 32767 8581 -32768
-8238 -3141 -310 32059 7764 -32768
-7661 -3229 -676 30142 3968 -32768
-6758 -3532 -1418 29672 2568 -32768
-6536 -3771 -1977 31424 1527 -32768
-6695 -4314 -2751 32767 1854 -32768
-7087 -4842 -3032 32767 3284 -32768
-7285 -5032 -2927 32767 6630 -32768
-7323 -4989 -3072 32767 9555 -32768
-6654 -4828 -3781 32767 12644 -32768
-6123 -4856 -4156 32767 13945 -32768
-5905 -4775 -4605 32767 13314 -32768
-5933 -4465 -5039 32767 12837 -32768
-6000 -4367 -4840 32767 13857 -32768
-5798 -4291 -4384 32767 15145 -32768
-5496 -3981 -3758 32767 15469 -32768
-5257 -3771 -3478 32767 15867 -32768
-4771 -3545 -3297 32767 15882 -32768
-4124 -3169 -3183 32767 15448 -32768
-4005 -3274 -3000 32767 15591 -32768
-4378 -3307 -2689 32767 15118 -32768
-5016 -3313 -2616 32767 10485 -32768
-6071 -3405 -2411 32767 9682 -32768
-6291 -2874 -1869 32767 13370 -32768
-6121 -2522 -1768 32767 19671 -32768
-5778 -1814 -1691 32767 21161 -27115
-5567 -1441 -1641 32767 16055 -16652
-5685 -949 -1629 32767 4146 -9137
-6386 -505 -1515 32767 -2757 -7122
-6887 -216 -1518 32767 -7548 -7219
-7458 204 -1515 32767 -6362 -7148
-7487 526 -1513 27640 191 -4277
-7661 762 -1706 23467 4177 -583
-7783 1012 -1899 17588 5587 6223
-7866 1169 -2232 13304 1961 12913
-8367 1085 -3523 12476 -3850 16458
-8883 876 -4659 14621 -13165 20106
-9989 155 -6618 17754 -16783 22035
-10808 -787 -7997 22190 -13495 26817
-12231 -2688 -9439 21575 -4840 32213
-13253 -4442 -9662 9893 9361 32767
-14592 -7911 -8793 -5887 13965 32767
-16209 -11547 -7872 -32768 11390 32767
-19109 -15435 -6920 -32768 10587 32767
-20548 -17205 -6058 -32768 17650 32767
-21657 -19178 -5057 -32768 32283 32767
-22850 -21787 -2919 -32768 32767 32767
-24192 -23357 -1481 -32768 32767 32767
-28060 -26393 553 -32768 32767 32767
-32406 -30427 2584 -32768 32767 32767
-32768 -32768 3415 -32768 32767 32767
-32768 -32768 2281 -32768 32767 32767
-31396 -32768 1273 -32768 25635 32767
-28618 -32768 299 -32768 15759 32767
-21623 -31367 -408 -32768 10980 32767
-12320 -29953 -216 -23664 20429 32767
-7214 -28308 -48 380 32767 32767
-1085 -26058 1488 14887 32767 32767
2119 -24414 3567 27325 26636 32767
4574 -21843 5917 29727 15549 21448
5048 -19653 6716 29073 717 -14202
4314 -16091 6265 28229 -4681 -32768
702 -11288 4996 28253 -3256 -32768
-446 -10224 4704 28645 -713 -32768
-4660 -6760 3726 28031 -619 -32768
-6353 -5639 3060 27723 90 -32768
-7878 -4845 2234 29619 1245 -32768
-9932 -4153 1259 32767 2882 -32768
-10803 -3952 789 32767 4459 -32768
-10734 -3832 646 32767 3730 -32768
-9867 -4002 465 31282 1346 -32768
-8763 -4136 -90 25435 -2557 -32768
-8184 -4240 -797 23304 -4637 -32768
-7685 -4536 -1891 26758 -818 -32768
-7605 -5000 -2781 31744 2876 -32768
-7691 -5313 -3013 32767 4900 -32768
-8018 -5753 -2543 32767 3412 -32768
-7876 -5716 -2162 32767 1155 -32768
-7248 -5706 -2457 30437 -1066 -32768
-6564 -5445 -3215 29344 2697 -32768
-5737 -5415 -4445 32767 11605 -32768
-5901 -5093 -4981 32767 16912 -32768
-6278 -5067 -4801 32767 20042 -32768
-6686 -4741 -4044 32767 18744 -32768
-6568 -4502 -3412 32767 15277 -32768
-5846 -4102 -2832 32767 13537 -32768
-5620 -3996 -2872 32767 12476 -32768
-4800 -3500 -3155 32767 13122 -32768
-4677 -3376 -3165 32767 15268 -32768
-5053 -3191 -2581 32767 16432 -32768
-5292 -3147 -2334 32767 15168 -32768
-5936 -3041 -1500 32767 11901 -32768
-5986 -2565 -1012 32767 10223 -32768
-5838 -2213 -946 32767 8907 -32768
-5880 -1756 -1140 32767 8820 -28666
-5788 -1146 -1579 32767 10795 -20090
-6071 -469 -1843 32767 12911 -14718
-6671 257 -1626 32767 12661 -9276
-7009 985 -1098 32767 8821 -6961
-7308 1058 -773 32767 1688 -3829
-7712 1152 -835 28660 -3410 -1313
-8285 1366 -1636 24663 -3774 306
-8655 1572 -2349 21018 -176 3001
-9114 1892 -3739 20121 2201 7255
-9456 1926 -5147 20149 1468 11624
-9888 1609 -6103 19746 -3304 20628
-11153 -236 -7508 18367 -7690 27496
-12645 -2351 -8286 12297 -9684 32767
-14733 -5698 -8935 4588 -4155 32767
-15743 -7567 -8997 -12806 11765 32767
-16811 -10688 -8262 -32768 28236 32767
-18284 -15173 -6204 -32768 32767 32767
-19564 -17215 -5049 -32768 32767 32767
-20994 -19430 -3440 -32768 32767 32767
-23239 -21980 -956 -32768 32767 32767
-24622 -23438 349 -32768 32767 32767
-28402 -25927 1597 -32768 32767 32767
-30699 -27786 1932 -32768 32767 32767
-32768 -31423 2219 -32768 32767 32767
-32768 -32278 1648 -32768 32767 32767
-30616 -31822 1638 -32768 31465 32767
-28290 -31234 2074 -32768 32767 32767
-22573 -29912 1407 -32768 30927 32767
-17338 -28920 1367 -24755 22857 32767
-7513 -27167 2458 -14469 26214 32767
-3498 -25718 2449 3108 29494 32767
438 -24089 3223 19338 26785 32767
3760 -22462 4180 27077 22196 32767
5848 -19814 5385 32600 10462 -2320
5697 -16847 6252 32767 2848 -25039
4134 -14706 5913 31717 -3023 -32768
816 -11466 5044 30890 -1486 -32768
-1590 -9519 4266 32077 3156 -32768
-5222 -7038 3132 32767 4199 -32768
-7950 -5286 2193 32767 2963 -32768
-9355 -4664 1781 32767 2995 -32768
-11063 -3930 1612 32767 3863 -32768
-11429 -3670 1341 32767 1807 -32768
-10177 -3466 1029 29908 -3483 -32768
-9802 -3517 881 26039 -8328 -32768
-9098 -3659 -79 22399 -12746 -32768
-8167 -4052 -1053 22487 -9363 -32768
-7766 -4443 -2160 25216 -4963 -32768
-8229 -4928 -2863 31423 2643 -32768
-9166 -5107 -2798 32767 7088 -32768
-8980 -4948 -2665 32767 7087 -32768
-8662 -4894 -2718 30269 4486 -32768
-7519 -4851 -3141 27299 1420 -32768
-6913 -4591 -3589 27428 761 -32768
-6016 -4134 -4398 31869 5147 -32768
-5185 -3750 -4812 32767 11283 -32768
-4552 -3428 -4566 32767 19442 -32768
-4234 -3379 -4090 32767 23567 -32768
-4214 -3478 -3171 32767 22760 -32768
-4285 -3517 -3048 32767 18273 -32768
-4453 -3510 -2930 32767 13971 -32768
-4392 -3300 -3068 32767 12775 -32768
-4262 -3189 -3190 32767 14187 -32768
-4063 -2972 -3231 32767 16538 -32768
-4061 -3062 -2992 32767 20012 -32768
-4668 -3204 -2507 32767 18316 -32768
-5409 -3204 -1990 32767 16088 -32768
-5738 -2751 -1663 32767 13012 -32768
-5836 -2371 -1485 32767 11282 -31149
-5966 -2110 -1303 32767 11617 -27103
-6308 -1472 -1434 32767 12873 -20492
-6906 -282 -1359 32767 13716 -16318
-6998 27 -1255 32767 11574 -10270
-7056 728 -740 32767 5078 -4661
-7329 1107 -544 28486 133 -1927
-7761 1293 -735 22072 -3528 124
-8420 1402 -1457 19550 -2876 892
-8776 1548 -2219 18952 -874 2556
-9110 1679 -4083 19888 359 4901
-9249 1571 -4593 21012 -2343 10143
-9900 753 -6038 20183 -9075 16684
-10852 -450 -7249 18909 -14006 21152
-13049 -3347 -8921 13304 -16151 30017
-14819 -6482 -9655 166 -7207 32767
-16375 -9881 -9534 -12813 2179 32767
-17316 -12521 -8845 -32768 11773 32767
-19145 -17486 -6858 -32768 14870 32767
-19754 -18595 -6245 -32768 18980 32767
-21368 -21667 -4384 -32768 29949 32767
-22901 -25153 -1948 -32768 32767 32767
-25088 -28381 335 -32768 32767 32767
-27183 -30508 1441 -32768 32767 32767
-29468 -32730 2945 -32768 32767 32767
-32490 -32768 3460 -32768 32767 32767
-32140 -32768 1215 -32768 29211 32767
-30551 -32768 937 -32768 32767 32767
-27017 -32768 1204 -32768 32767 32767
-20221 -32215 1109 -32768 24259 32767
-14906 -30600 755 -26305 16525 32767
-7485 -28735 377 -4133 30227 32767
-355 -26778 494 11648 32767 32767
4328 -23814 3609 26024 32767 32767
5420 -21648 5388 28535 22000 11186
5789 -19388 6612 25205 1962 -20286
4629 -15816 6186 22554 -5922 -32768
1242 -12700 4673 24013 -3893 -32768
-1825 -10617 3794 29901 8027 -32768
-5349 -7904 3061 32767 15081 -32768
-7532 -5810 2403 32767 14332 -32768
-8704 -4853 1878 32767 10041 -32768
-10087 -3830 864 32767 7056 -32768
-11032 -3463 39 32767 5445 -32768
-11239 -3218 -498 32767 4037 -32768
-10400 -3029 -1221 32767 3496 -32768
-9666 -3100 -1569 32767 3576 -32768
-8686 -3281 -1886 30604 1845 -32768
-8091 -3224 -2144 28190 -272 -32768
-7065 -3620 -2696 27958 -889 -32768
-7451 -3816 -3373 30625 1441 -32768
-7895 -3864 -3741 32767 7351 -32768
-8154 -3869 -3908 32767 9060 -32768
-7925 -3849 -3700 32767 7923 -32768
-7002 -4129 -3216 32767 3816 -32768
-6003 -4380 -3531 32767 -213 -32768
-5520 -4262 -3895 32767 -720 -32768
-5014 -4145 -4350 32767 4063 -32768
-5019 -3895 -4953 32767 10271 -32768
-5839 -3589 -4888 32767 21787 -32768
-5859 -3299 -3826 32767 28977 -32768
-5707 -3161 -3170 32767 26695 -32768
-5169 -3129 -2719 32767 18669 -32768
-4931 -3183 -2252 32767 9925 -32768
-4580 -3289 -2561 32767 6442 -32768
-4620 -3202 -2875 32767 5747 -32768
-5112 -3132 -2926 32767 9852 -32768
-5590 -2941 -2433 32767 13531 -32768
-5626 -2597 -2078 32767 14542 -32768
-5415 -2027 -1436 32767 9971 -32367
-5366 -1836 -1284 32767 5815 -28349
-5465 -1541 -1320 32767 1345 -21313
-5778 -1042 -1362 32767 2244 -16453
-6208 -564 -1423 32767 8426 -11254
-7171 216 -1430 32767 12795 -9373
-7337 305 -1379 32767 13987 -7715
-7647 783 -1536 30566 4750 -5732
-7759 1224 -2205 28233 -3437 -3603
-7912 1371 -3021 26758 -12249 626
-8651 1399 -4893 28119 -14392 3761
-9605 844 -7162 32767 -11744 9506
-10686 -80 -8630 32767 -6899 17154
-12495 -2574 -9754 32767 -1882 24423
-13219 -4530 -9094 15345 10427 32767
-14537 -8104 -7848 -15687 18688 32767
-16110 -11866 -6990 -32768 21383 32767
-17916 -15466 -6020 -32768 22186 32767
-18745 -18250 -4358 -32768 25548 32767
-19289 -20210 -3161 -32768 27770 32767
-20335 -22845 -1000 -32768 30488 32767
-21308 -24449 237 -32768 32767 32767
-24414 -26563 1265 -32768 32767 32767
-27545 -27930 1462 -32768 32767 32767
-31396 -31150 1988 -32768 32767 32767
-32403 -32768 515 -32768 30119 32767
-30138 -32768 -554 -32768 15769 32767
-26737 -32768 -144 -32768 20407 32767
-23182 -32604 -454 -32768 22405 32767
-16368 -30608 -1606 -32768 13912 32767
-6309 -28267 -1809 -22829 18710 32767
-4303 -27329 -1818 4328 31466 32767
1718 -25056 666 23414 32767 32767
5345 -22317 4063 28425 27821 31888
