0 0 0 0 0 0
-1988 525 655 18235 20259 -27094
-2179 577 320 21502 22645 -29541
-2547 618 617 24900 23461 -32768
-2647 254 749 27236 20119 -32768
-2135 -112 335 29104 16339 -32768
-1618 -215 196 31918 11650 -32768
-1216 -280 191 32767 10021 -32768
-1013 -379 166 32767 8888 -32768
-1084 -842 75 32767 8135 -32768
-838 -973 19 32767 6913 -32768
-896 -1079 -359 32767 3761 -32768
-1042 -1115 -734 32767 -1304 -32768
-1131 -1120 -904 32767 -4757 -32768
-1184 -1142 -933 32767 -8354 -32768
-1458 -1443 -847 32767 -9226 -32768
-1415 -1763 -756 32767 -8685 -32768
-1601 -2057 -759 32767 -7402 -32768
-1669 -2139 -761 32767 -4872 -32768
-2058 -2432 -761 32767 -2586 -32768
-3057 -2796 -482 32767 -1864 -32768
-3599 -2755 -402 32767 -4644 -32768
-3587 -2582 -405 32767 -9566 -32768
-3311 -2586 -356 32767 -11365 -32768
-3028 -2610 -409 32767 -9783 -32768
-3081 -2539 -485 32767 -6740 -32768
-3268 -2456 -651 32767 -1866 -32768
-3407 -2345 -548 32767 1224 -32768
-3442 -2297 -292 32767 5619 -32768
-3544 -2224 -159 32767 8861 -31049
-3627 -1961 -101 32767 9567 -27879
-3502 -1769 -54 32767 8283 -25399
-3389 -1593 68 32767 5078 -21095
-3480 -1394 173 32767 2611 -18236
-3764 -1214 266 32767 -1559 -14823
-4110 -1494 546 32231 -2676 -12720
-4204 -1604 617 32239 539 -8639
-4152 -925 663 32767 9549 -3295
-4135 -481 752 32767 16527 912
-4134 55 1183 32767 24492 7876
-4339 453 1512 32767 25678 12424
-4463 619 1597 32720 19152 18293
-5173 874 1491 31673 10091 21096
-5778 845 1153 31209 -4067 24344
-6442 711 1041 31704 -10462 25947
-7122 608 602 32355 -8428 26618
-7047 955 235 32651 3024 28467
-7339 1645 -729 31436 11709 29738
-8018 2008 -1223 25801 17725 29416
-8356 2059 -1479 19059 15922 28741
-8359 1823 -2059 4896 12940 31661
-8015 305 -2770 -5535 13258 32767
-7745 401 -3963 -17531 21384 32767
-8032 -267 -5575 -22063 31473 32767
-8112 -1180 -5370 -22953 32767 32767
-7818 -2076 -4345 -25886 32767 32767
-6734 -3238 -2274 -31096 32767 32767
-6288 -3430 -1777 -32768 32767 32767
-1687 -7205 -1155 -32768 32767 -32768
-4306 -5739 3965 -32768 32767 32767
-6423 -5522 4496 -32768 32767 32767
-6278 -5964 4755 -32768 32767 32767
-5113 -7778 5144 -32768 29525 32767
-4581 -8646 4348 -32768 23746 32767
-4163 -8565 3264 -32768 14820 32767
-3596 -8288 1898 -32768 13846 32767
-3159 -8224 1460 -13756 19009 32767
-2484 -8023 1598 4596 26960 32767
-1323 -7229 2304 11553 32767 32767
-893 -6036 2472 12545 32767 32767
-721 -5056 2622 11765 30705 32767
-479 -4426 2354 11550 25179 32767
-183 -3460 2108 11877 21656 32060
526 -2720 2336 11395 18539 21956
1091 -2177 2959 9660 17349 17108
983 -1347 3610 4752 15319 11529
876 -849 3863 -1240 13988 7099
862 -345 3577 -4929 14993 3771
813 174 3328 -5795 15232 2202
577 269 3346 -6058 13666 1008
-766 763 3576 -6445 11503 -607
-1343 884 3590 -7350 9582 -3660
-1681 918 3479 -7875 9580 -6561
-1818 931 3141 -7734 9997 -7963
-1804 810 2927 -7045 10998 -9453
-1890 348 2691 -6417 11727 -10612
-1829 -92 2258 -4830 12266 -12932
-1568 -354 1841 -3482 12588 -14844
-1413 -457 1532 -1487 12882 -18135
-1624 -438 1236 783 11828 -23181
-2040 -379 769 3735 9671 -30563
-2216 -578 559 5945 7976 -32768
-2336 -681 351 9551 5271 -32768
-2675 -954 -308 12893 3683 -32768
-2723 -631 -765 18968 3005 -32768
-2580 -643 -671 24977 8144 -32768
-1659 -1290 -925 31633 10576 -32768
-1287 -1775 -901 32767 11977 -32768
-1176 -1849 -579 32767 14681 -32768
-1078 -1748 -432 32767 17715 -32768
-1428 -1948 -311 32767 17624 -32768
-1740 -2083 -398 32767 15811 -32768
-1814 -1942 -446 32767 11472 -32768
-1673 -1667 -432 32767 6270 -32768
-3587 -2162 13 32767 -8914 -32768
-3759 -1868 86 32767 -5241 -32768
-3819 -1788 77 32767 1777 -32768
-4390 -1392 326 32767 9334 -32768
-4888 -1393 342 32767 13378 -32494
-5187 -1365 225 32767 17406 -30035
-5627 -1207 359 32767 19692 -28077
-5890 -953 454 32767 22457 -24064
-5942 -503 393 32767 23261 -17444
-5837 -304 441 32767 22632 -11697
-5964 -218 595 32767 18955 -2565
-5800 -1122 644 30452 11846 7601
-6465 -1686 117 27072 5367 13228
-6816 -1882 48 23332 -868 17523
-8084 -1973 -246 20993 3193 16769
-8437 -1595 -311 19644 11295 14886
-8577 -1590 -186 16922 24337 13218
-8401 -1888 -112 14334 28330 14515
-8139 -2221 -246 10000 23899 20488
-7969 -2993 -853 7595 16506 26263
-8183 -3684 -1389 5314 7425 32767
-8866 -4917 -2365 4352 7031 32767
-9369 -6367 -3403 2152 15730 32767
-9556 -7818 -3942 -1462 23601 32767
-9434 -9067 -3509 -13309 32017 32767
-8753 -10568 -2545 -31611 32767 32767
-8455 -10996 -2328 -32768 32767 32767
-7336 -11926 -1166 -32768 31357 32767
-6309 -12073 206 -32768 25106 32767
-5803 -11984 841 -32768 8162 32767
-5398 -10338 1568 -32768 12171 -32768
-3852 -11417 3525 -32768 -21164 32767
-3486 -11796 4510 -32768 -32768 32767
-5409 -12033 3807 -32768 -32768 32767
-5744 -12225 3581 -32768 -20283 32767
-5455 -12286 1990 -32768 1849 32767
-4567 -12290 1849 -21324 17853 32767
-3206 -11591 2389 -372 32767 32767
-2838 -10985 2765 13587 32767 32767
-2248 -9859 2910 19954 32767 32767
-1504 -9033 3382 25004 32767 32767
-1155 -8329 3794 24531 32767 32767
-868 -7040 3967 22379 32767 32767
-644 -5819 3758 18639 32767 32767
-238 -4883 3867 15833 32767 32767
-5 -4162 3888 11281 32767 32767
211 -3379 3848 6886 32767 32767
662 -2208 3808 4222 31157 32767
596 -1591 3721 1060 29772 26686
744 -621 3423 -181 31612 19194
1002 35 3188 -122 32394 14669
871 949 3014 227 30941 7950
496 1558 3039 132 28716 3273
313 1685 3099 -1081 24380 -4148
-410 2030 3231 -2649 21471 -9156
-706 2277 3194 -5470 18177 -16508
-864 2397 2930 -7216 15958 -22550
-1063 2143 2332 -7133 14831 -25579
-1113 1853 1851 -4913 13021 -28560
-1126 1559 1373 -2690 11480 -29777
-1256 1433 1220 641 8894 -31769
-1476 1291 945 2961 7110 -32768
-1683 1151 559 6943 4498 -32768
-1762 839 253 9785 2743 -32768
-1677 664 57 14380 457 -32768
-1561 565 -111 19151 206 -32768
-1377 373 -279 22323 1475 -32768
-1298 260 -326 26809 5077 -32768
-1289 -34 -362 29671 8112 -32768
-1199 -153 -378 32767 13203 -32768
-907 -111 -283 32767 18696 -32768
-857 -315 -198 32767 21984 -32768
-881 -522 -367 32767 24944 -32768
-1290 -366 -710 32767 22848 -32768
-1287 -250 -590 32767 19019 -32768
-838 -497 -248 32767 12594 -32768
-562 -1028 -89 32767 8443 -32768
-593 -1474 -33 32767 7152 -32768
-919 -1745 -118 32767 4711 -32768
-1311 -1926 -446 32767 -856 -32768
-1865 -2172 -685 32767 -5338 -32768
-2579 -2549 -553 32767 -11664 -32768
-2530 -2682 -564 32767 -15118 -32768
-2504 -2725 -523 32767 -17156 -32768
-2324 -2936 -375 32767 -13398 -32768
-2406 -2888 -377 32767 -8182 -32768
-4029 -1971 613 32767 5695 -19284
-4272 -1777 593 32767 8205 -13374
-4482 -1563 561 32767 9738 -9682
-4522 -1470 497 32767 12674 -4382
-4485 -985 428 32767 15562 -899
-4437 -568 723 32767 21339 4096
-4567 -144 1295 32767 23773 7184
-4862 75 1498 32767 21233 11469
-5540 560 1484 32767 15400 14204
-6048 580 1092 32767 2701 18241
-7018 520 718 32767 -8717 20283
-8274 497 253 32767 -11450 21147
-8662 895 -19 32767 -4204 23014
-8679 1448 -714 32767 11356 27415
-8679 1832 -1116 28380 19580 32767
-8864 1433 -2800 22132 17166 32767
-8857 1529 -3256 10967 12224 32767
-8418 31 -4723 2925 14366 32767
-8215 -336 -4990 -9380 28632 32767
-7731 -1987 -5125 -21340 32767 32767
-6934 -2877 -4101 -29181 32767 32767
-6456 -3123 -3616 -32768 32767 32767
-4310 -4102 -1788 -32768 32767 32767
-5074 -3784 717 -32768 2990 -27417
-3261 -5792 956 -32768 32767 32767
-3955 -6047 1152 -32768 32767 32767
-7056 -6699 3515 -32768 32767 32767
-7042 -6923 4034 -32768 32767 32767
-5655 -7106 5016 -32768 32767 32767
-5111 -7453 5116 -32768 32767 32767
-4401 -7428 3905 -32768 28820 32767
-4125 -7072 3155 -32768 24486 32767
-3728 -6924 2723 -21430 22928 32767
-2374 -6212 2479 -12688 24385 32767
-1786 -5660 2505 -3403 27822 32767
-1371 -5320 2419 2757 29597 32767
-1010 -4762 2357 5703 28944 32767
-754 -4249 2333 8728 26202 32767
73 -3423 2472 9805 23540 32767
270 -3225 2495 9851 17798 28538
930 -2128 2892 7399 10860 23440
1006 -1592 3364 3946 6718 20342
894 -1167 3727 -2833 3158 15518
688 -779 3855 -6992 3171 12346
1001 -345 2778 -9058 4671 8855
1136 240 2334 -7676 6853 6599
682 590 2381 -6501 9030 4552
-18 813 2508 -5300 13740 -413
-994 1023 2594 -4489 19040 -6918
-1856 1164 2693 -4130 21910 -11306
-1973 1104 2665 -3752 24665 -16839
-2131 825 2552 -3332 26487 -20775
-1825 450 2272 -2829 27512 -22239
-1393 -68 1958 -1702 29024 -23161
-1429 -258 1614 -750 29545 -23813
-1566 -233 1419 1777 27603 -26148
-2090 -75 698 5900 22449 -30956
-2513 -9 254 10610 16018 -32768
-2435 -85 -20 13743 12321 -32768
-2378 -188 -125 18224 8700 -32768
-2075 -463 -246 21080 7721 -32768
-1788 -601 -183 25041 10738 -32768
-1616 -845 -100 28757 11634 -32768
-1283 -1443 -98 31359 12078 -32768
-1281 -1801 -123 32767 12446 -32768
-1190 -1790 -232 32767 12762 -32768
-1325 -1587 -546 32767 12341 -32768
-1355 -1579 -579 32767 10497 -32768
-1526 -1580 -561 32767 8705 -32768
-1508 -1541 -533 32767 6287 -32768
-1473 -1415 -304 32767 4821 -32768
-1572 -1314 -132 32767 3491 -32768
-1803 -1234 -36 32767 -916 -32768
-2249 -1196 318 32767 -5187 -32768
-2637 -1348 758 32767 -12395 -32768
-3163 -1463 950 32767 -19170 -32768
-3557 -1326 915 32767 -22506 -32768
-3638 -1258 814 32767 -23877 -32768
-3482 -1135 842 32767 -21265 -32768
-3438 -1138 949 32767 -11059 -32768
-3795 -1260 1111 32767 -2867 -30791
-3884 -1212 993 32767 4619 -25881
-4926 -943 674 32767 3994 -23327
-5372 -693 623 32767 842 -22622
-5910 -533 621 32767 -3160 -21964
-5913 -172 793 32767 -2123 -21003
-6092 582 1215 32767 5821 -18829
-6090 1224 1218 32767 14608 -15114
-7032 2127 907 32767 18616 -10552
-7436 1733 753 32767 17502 -6037
-7834 1094 503 32767 12852 3195
-9207 -898 -779 32767 8702 10099
-9577 -1299 -1230 32767 4320 20415
-10036 -3247 -2383 32767 9105 31635
-10408 -5922 -2951 32767 16003 32767
-10573 -6227 -3222 32767 26332 32767
-11050 -7171 -3844 30302 30547 32767
-10451 -7796 -3583 6056 32767 32767
-8781 -8926 -3017 -13690 32767 32767
-8218 -9243 -2849 -32768 32767 32767
-6911 -9893 -2597 -32768 23703 32767
-6344 -10289 -2174 -32768 16103 32767
-6116 -10292 -1695 -32768 5184 32767
-5831 -9942 -1238 -32768 1076 32767
-5680 -8310 -2329 -32768 -4467 -32768
-4484 -9255 1072 -32768 11531 32767
-3945 -9824 2305 -32768 11233 32767
-4975 -9711 3062 -32768 8606 32767
-5964 -9562 3125 -32768 6546 32767
-5465 -8964 3086 -32768 7661 32767
-4590 -8384 3178 -32768 16033 32767
-3226 -7328 2878 -29819 23352 32767
-2593 -6542 2739 -15835 32767 32767
-1929 -5925 2758 -3696 32767 32767
-1695 -5725 2644 5931 32767 32767
-1520 -5344 2679 10246 32767 32767
-1351 -5089 2914 12561 32767 32767
-1028 -4634 3390 10810 32767 32767
-764 -3865 3311 8641 32767 32767
-549 -3078 3095 5154 30444 32767
-367 -2583 2994 1434 22091 31326
-202 -2368 2923 -1070 18333 28636
4 -2014 2826 -4671 15883 24928
66 -1599 2477 -6619 15941 22486
102 -1496 2384 -8396 17609 19088
267 -1223 2091 -8967 20441 16386
378 -1176 2057 -8929 21922 15048
415 -1135 1971 -8242 22745 13223
184 -838 1734 -7025 20872 10920
-231 -571 1627 -6126 17812 8547
-883 -60 1455 -4953 10590 3583
-986 307 1506 -4235 3737 -2552
-1766 993 1579 -4095 -238 -8253
-2026 1865 1289 -3694 -3342 -18464
-2572 2413 1396 -4157 2309 -31916
-3421 2689 1461 -4562 8854 -32768
-3158 2642 1051 -2929 18931 -32768
-2555 2028 390 2098 24080 -32768
-1593 1095 -308 9570 23023 -32768
-1520 702 -198 16495 19846 -32768
-1424 499 -52 20371 17752 -32768
-1491 325 -272 26097 12963 -32768
-1741 -462 -715 31774 7109 -32768
-1879 -776 -564 32767 4506 -32768
-1936 -950 -425 32767 3669 -32768
-2041 -1251 -290 32767 5770 -32768
-2342 -857 -390 32767 6720 -32768
-2253 -783 -410 32767 5879 -32768
-1886 -707 -263 32767 5362 -32768
-1712 -737 -197 32767 6588 -32768
-1708 -773 -195 32767 9345 -32768
-2046 -1170 -69 32767 9316 -32768
-2251 -1449 -329 32767 6397 -32768
-2501 -1633 -480 32767 4188 -32768
-2876 -2117 -485 32767 605 -32768
-3067 -2320 -402 32767 -1362 -32768
-3133 -2389 -266 32767 -2394 -32768
-3000 -2446 16 32767 -864 -32768
-3277 -2451 149 32767 264 -32768
-3678 -2450 79 32767 -22 -32768
-3422 -2039 -161 32767 -380 -32768
-3274 -1924 -83 32767 891 -30642
-3298 -1943 167 32767 3713 -27495
-3401 -2012 480 32767 5888 -25157
-3554 -1868 680 32767 7637 -21382
-3577 -1654 562 32767 7679 -18288
-3487 -1564 636 32767 7610 -12762
-3543 -1580 762 32767 7873 -8954
-3676 -1683 754 32767 7266 -3214
-3917 -1706 775 32767 6139 413
-4112 -1581 799 32767 4401 5163
-4399 -1265 967 32767 3573 7803
-4448 -1044 1086 32767 2963 11757
-4306 -591 1405 32767 4136 15971
-4368 -137 1600 32767 5209 18467
-5085 -68 1514 32767 3295 20859
-5773 -88 1295 32767 -1049 21453
-7269 84 731 32767 -5361 21083
-7520 85 450 32767 -6000 21653
-8280 236 -459 32767 -2003 23261
-8300 -360 -891 32767 10302 28390
-8946 1285 -2686 32653 21538 32767
-8749 1366 -3589 18125 21249 32767
-8732 1053 -5196 6361 18826 32767
-8788 760 -5640 -10351 27141 32767
-8548 -82 -6508 -23179 32767 32767
-7635 -1599 -5384 -32768 32767 32767
-6924 -2243 -3938 -32768 32767 32767
-6046 -2864 -2406 -32768 32767 32767
-6393 -3173 -2691 -32768 32767 2335
-3842 -2467 1221 -32768 32767 32767
-4834 -6294 2755 -32768 32767 32767
-4499 -6045 3296 -32768 32767 32767
-5614 -5489 5442 -32768 32767 32767
-5038 -5964 5394 -32768 32767 32767
75 -3910 2038 16224 31612 32767
772 -3296 2292 15888 26623 31750
1044 -2950 2563 12874 18755 28414
1300 -2288 2790 9607 13388 26057
1329 -1994 2813 3820 6063 21822
1202 -1275 3095 -2421 1683 16303
1017 -746 2911 -5660 -196 12187
483 -118 2292 -7586 -1918 4876
-185 651 1942 -6816 -646 -3170
-753 1188 1875 -5252 2397 -8288
-1292 1350 2090 -2555 9984 -15209
-1873 1501 2496 -862 19290 -20874
-2382 1748 2962 -444 24858 -23464
-2504 1577 2912 -161 29801 -25061
-2416 909 2645 -83 29901 -23796
-2074 262 2385 68 27613 -21426
-1436 -246 2230 -101 23103 -16321
-1110 -491 2045 -280 19578 -13328
-1696 -585 894 748 16846 -13521
-2496 -650 221 4894 10918 -18533
-3005 -492 -64 10306 5149 -27963
-2769 -91 -247 14022 3875 -32768
-2996 46 -299 19388 5259 -32768
-2833 -336 -318 22912 7720 -32768
-2202 -806 -354 28300 10290 -32768
-1692 -1184 -367 32767 10641 -32768
-1229 -1514 -317 32767 10590 -32768
-1214 -1578 -189 32767 10842 -32768
-1171 -1898 5 32767 10017 -32768
-1409 -2052 -119 32767 5459 -32768
-1486 -2140 -279 32767 968 -32768
-1306 -2078 -208 32767 -3294 -32768
-1449 -1961 -146 32767 -1214 -32768
-1609 -1997 -203 32767 2634 -32768
-1816 -2004 -224 32767 9830 -32768
-2035 -1855 -435 32767 14185 -32768
-2235 -1665 -548 32767 16701 -31021
-2789 -1466 -611 32767 10593 -31112
-3611 -1323 -785 32767 2415 -32636
-3587 -1359 -584 32767 -10681 -32768
-3406 -1536 -487 32767 -19279 -32768
-3016 -1949 -168 32767 -21352 -32383
-2996 -1959 -91 32767 -20146 -28638
-3493 -2307 180 32767 -16496 -25709
-3536 -2526 222 32767 -12782 -23940
-3443 -2545 226 32767 -3899 -21509
-3748 -2438 174 32767 4489 -20503
-4220 -2317 -73 32767 7086 -20583
-4237 -1888 -164 32767 8666 -20575
-3819 -1394 -84 32767 10118 -19592
-3568 -1030 1 32767 13247 -16216
-3605 -574 130 31799 14923 -11702
-3748 -520 208 29644 13651 -8429
-3931 -769 314 25889 7252 -3344
-4595 -1546 335 23354 408 -229
-4829 -1623 309 20098 -8951 2697
-5775 -1459 85 17838 -11933 3077
-5909 -1376 32 16898 -9173 2831
-6118 -1303 -85 16022 -52 3206
-6102 -1426 60 15265 6500 4816
-5842 -1522 269 13975 11510 7961
-5815 -1750 437 10843 13472 14285
-5974 -2077 389 7278 7590 21087
-6062 -2224 407 4991 2257 25227
-6330 -2438 203 2483 -2354 30160
-6547 -2569 0 1830 -1004 32333
-7091 -3005 -501 2577 5779 32767
-7568 -3528 -1400 5500 12941 32767
-7716 -3848 -2349 7594 17492 32767
-7775 -3914 -2643 7392 24376 32767
-7988 -4149 -3168 2606 27454 32767
-7905 -4406 -2896 -13403 28865 32767
-7360 -5536 -2690 -26912 28540 32767
-7235 -6066 -2861 -32768 27243 32767
-7039 -7140 -2252 -32768 26997 32767
-7017 -7716 -1589 -32768 25191 32767
-7114 -8248 -452 -32768 20873 32767
-7402 -9252 -3072 -32768 29266 -32768
-4933 -7985 2796 -32768 25532 32767
-4866 -8101 3642 -32768 6366 32767
-5426 -8837 3874 -32768 -7708 32767
-6767 -10190 4349 -32768 -18431 32767
-7072 -11030 4104 -32768 -11408 32767
-6572 -11421 3389 -32768 1056 32767
-5369 -11243 2471 -17680 26302 32767
-3301 -10289 1440 -2300 32767 32767
-2901 -9510 1425 16363 32767 32767
-2499 -9280 2100 24392 32767 32767
1107 198 2381 376 19269 17563
1158 591 2212 2121 19026 10843
907 811 2242 4035 19117 657
603 1042 2311 4652 20271 -6123
76 1525 2409 4542 21694 -12709
-349 1951 2590 2821 22944 -21396
-511 1956 2622 -201 21827 -27513
-473 1845 2582 -2532 20323 -29976
-523 1698 2446 -5567 18541 -31890
-815 1137 2257 -7015 17800 -32559
-1199 925 2121 -8179 15966 -32768
-1424 806 1901 -7497 11856 -32768
-1689 787 1339 -5860 8508 -32768
-1780 704 752 -1599 4846 -32768
-1531 572 156 2453 4042 -32768
-1292 400 -110 9649 5180 -32768
-1137 216 -172 16697 9516 -32768
-994 8 -79 20868 13890 -32768
-969 -36 -60 26390 20875 -32768
-995 -226 -67 29706 24888 -32768
-1078 -415 -48 32767 29256 -32768
-1403 -662 -59 32767 30635 -32768
-1742 -678 -149 32767 29669 -32768
-1858 -599 -301 32767 24555 -32768
-2017 -635 -411 32767 19211 -32768
-1500 -932 -346 32767 10694 -32768
-1327 -1097 -294 32767 5029 -32768
-946 -1861 -271 32767 3275 -32768
-933 -2136 -442 32767 3474 -32768
-1425 -2484 -739 32767 3350 -32768
-2141 -2739 -958 32767 2205 -32768
-2389 -2813 -986 32767 -978 -32768
-2882 -2856 -1080 32767 -5102 -32768
-3015 -2838 -1215 32767 -8144 -32768
-3089 -2777 -1222 32767 -7961 -32768
-3128 -2668 -1152 32767 -3223 -32768
-3103 -2333 -826 32767 5510 -32768
-3276 -2571 -461 32767 11760 -32768
-3061 -2619 71 32767 19102 -32768
-3167 -2456 93 32767 20078 -28951
-3402 -2296 -57 32767 13713 -23833
-3446 -1994 -168 32767 2502 -19214
-3896 -1821 28 32767 -3873 -16697
-4122 -1844 64 32767 -9848 -13720
-4714 -1712 140 32767 -10108 -11560
-4813 -1669 163 32767 -3888 -7754
-4940 -1407 310 32767 3598 -4631
-4769 -899 588 32767 16223 1387
-4529 -317 709 32767 22243 6257
-4684 -78 823 32767 23459 13479
-5108 66 785 32767 18102 17444
-5668 219 745 32767 4215 21437
-6441 138 799 32767 -8421 22480
-7952 -364 861 32767 -12135 22291
-8382 -398 881 32767 -9720 21613
-8982 -370 640 31722 -667 24162
-9050 389 -592 27453 5858 27955
-8864 21 -825 20684 9473 32767
-8805 1142 -2633 16063 8929 32767
-9179 1151 -3824 7738 9045 32767
-8546 403 -5083 242 16365 32767
-8104 -225 -5416 -13579 32767 32767
-7612 -1247 -5887 -22367 32767 32767
-6706 -2184 -5228 -32768 32767 32767
-5969 -2847 -4321 -32768 32767 32767
-5150 -3653 -3105 -32768 32767 32767
-4484 -4390 -1929 -32768 32767 32767
-5389 -3200 -2695 -32768 32767 32767
-3845 -4936 -14 -32768 32767 32767
-5759 -6254 2919 -32768 32767 32767
-6072 -5273 4282 -32768 32767 32767
-5873 -5864 6170 -32768 32767 32767
-6186 -7090 6043 -32768 32767 32767
-6035 -8168 5610 -32768 30405 32767
-5570 -8311 4879 -32768 23339 32767
-4797 -7280 4166 -32768 20258 32767
-3742 -6009 2876 -28551 20147 32767
-2925 -5302 2363 -13305 23197 32767
-2268 -4768 2099 -693 29242 32767
-1542 -3791 1985 5578 32767 32767
-1444 -3578 2034 11688 32767 32767
-915 -2835 2225 13938 32767 32767
-682 -2581 2205 14815 32767 30917
-283 -2113 2575 12982 32745 28051
-176 -1957 2775 11015 29504 26513
281 -1470 2723 7347 24604 25185
649 -1215 2737 4792 21257 24951
697 -934 2918 448 16892 24331
800 -638 2852 -3309 12486 23340
986 326 2771 -5374 9229 22690
604 591 2828 -8310 4701 20080
-147 589 3111 -10223 3167 16835
-615 416 3389 -13581 4166 9724
-1624 224 3687 -16202 6869 3410
-1961 180 3686 -19799 12603 -7927
-2213 9 3235 -20599 19436 -18554
-1366 -371 1901 -18440 24822 -24294
-1056 -376 1606 -11547 32767 -29946
-725 -391 823 -5207 32767 -32268
-1271 -194 113 6125 32767 -32768
-1751 65 -80 17968 32767 -32768
-1762 144 -538 26118 32767 -32768
-1888 6 -568 32767 32767 -32768
-2003 -182 -341 32767 32767 -32768
-1982 -588 -183 32767 32767 -32768
-1697 -646 -53 32767 32767 -32768
-1631 -729 -109 32767 18444 -32768
-1617 -1015 -116 32767 7691 -32768
-1605 -1103 -137 32767 -6182 -32768
-1585 -1514 -181 32767 -12809 -32768
-1594 -1580 -346 32767 -19098 -32768
-1540 -1534 -383 32767 -22087 -32768
-1287 -1687 -375 32767 -22944 -32768
-1404 -1747 -583 32767 -22257 -32768
-1385 -1800 -541 32767 -18745 -32768
-1612 -1828 -542 32767 -14687 -32768
-1803 -1822 -500 32767 -7261 -32768
-2589 -1585 -520 32767 -3133 -32768
-2516 -1136 -754 32767 -710 -32768
-2451 -1059 -765 32767 -900 -32768
-2285 -1130 -539 32767 -697 -32768
-2541 -1350 -162 32767 359 -32768
-2986 -1622 108 32767 1927 -32768
-3103 -1804 238 32767 1824 -32768
-3120 -2072 375 32767 -394 -32768
-2893 -2165 536 32767 -1919 -30390
-2945 -2374 627 32767 -1956 -26722
-3146 -2273 430 32767 -2344 -22430
-4215 -1795 145 32767 -3186 -21207
-4401 -1653 123 32767 -4083 -20990
-4786 -1204 104 32767 -3212 -20893
-5278 -1091 314 32767 48 -20147
-5465 -1184 487 32767 2380 -18360
-5569 -1297 612 32767 5509 -13294
-5640 -1722 725 32767 6925 -8182
-6154 -2407 685 32767 7469 240
-7310 -2757 616 32767 7188 5855
-7678 -2454 435 32672 8063 8126
-7825 -1935 127 31669 12160 10861
-7619 -883 75 30241 17031 12942
-7396 -528 134 26244 23764 17529
-7467 -728 -74 21011 22423 22958
-7798 -1567 -973 18316 15801 26535
-7880 -1888 -1298 16034 4883 32110
-8328 -3461 -2394 13702 3969 32767
-8735 -4611 -3173 10813 10797 32767
-8908 -5554 -3853 3886 21622 32767
-8822 -7141 -3994 -8002 26649 32767
-8076 -8623 -3817 -18540 27227 32767
-7575 -9301 -3506 -32768 28143 32767
-7278 -9802 -3077 -32768 28612 32767
-6909 -10174 -2264 -32768 26940 32767
-6526 -10294 -1526 -32768 22176 32767
-5983 -10117 -594 -32768 14831 32767
-5528 -9952 -80 -32768 12999 -32768
-4752 -8972 1475 -32768 -1403 32767
-4028 -9771 3341 -32768 -13795 32767
-4414 -9732 3621 -32768 -20783 32767
-5407 -9760 4103 -32768 -18797 32767
-5342 -9615 3803 -32768 -6404 32767
-4405 -9889 3616 -32768 13462 32767
-3625 -9682 2795 -16776 28342 32767
-3164 -9262 2398 -4772 32767 32767
-2590 -9013 2416 10202 32767 32767
-1307 -8107 2669 19554 32767 32767
-867 -7510 2829 22497 32767 32767
-539 -6432 2848 23253 32767 32767
-543 -5648 2792 21150 32767 32767
-495 -4201 2967 16904 32767 32767
-349 -3520 3021 13302 32767 32767
-153 -2987 2922 8214 30351 32767
181 -2399 2746 3932 28856 26365
176 -1690 2592 1556 29158 22011
253 -986 2396 -952 30551 15802
339 -502 2188 -1779 31037 12135
260 157 1922 -1921 29785 6863
-278 573 1904 -1860 27302 191
-1255 1372 2282 -2354 26758 -5018
-1341 1575 2423 -4124 28174 -12635
-1487 2207 2784 -5809 29192 -17039
-1576 2257 2808 -8472 28520 -22532
-1794 2124 2590 -9880 26311 -25451
-1627 2074 2172 -10437 21457 -28286
-1440 2008 1759 -9544 17861 -29356
-1216 1977 1398 -6736 13693 -30464
-1247 2004 809 -2277 10548 -32464
-1649 1848 301 1382 8757 -32768
-1830 1601 129 7139 7519 -32768
-1739 949 -26 10874 7707 -32768
-1715 572 -145 16452 8675 -32768
-1474 410 -6 21185 12766 -32768
-1431 443 150 24613 19554 -32768
-1586 245 212 26578 23812 -32768
-1566 52 123 29412 29134 -32768
-1108 -68 56 31896 32767 -32768
-847 254 -61 32767 32767 -32768
-987 -158 -136 32767 32767 -32768
-1101 -682 80 32767 29733 -32768
-1176 -866 16 32767 25357 -32768
-1153 -973 -31 32767 18263 -29100
-1077 -1169 -503 32767 12802 -27172
-1286 -1201 -725 32767 3150 -26614
-1595 -1547 -838 32767 -5284 -28369
-2041 -1955 -758 32767 -9172 -30385
-2180 -2066 -685 32767 -11890 -32768
-2470 -2130 -565 32767 -11087 -32768
-2504 -2059 -535 32767 -6577 -32768
-2565 -2042 -513 32767 -359 -32768
-2827 -2182 -393 32767 3350 -32768
-2863 -2233 -469 32767 6186 -32768
-2767 -2359 -549 32767 6108 -32768
-2941 -2709 -740 32767 3517 -32768
-2912 -2737 -738 32767 869 -32768
-3131 -2791 -602 32767 -289 -32768
-3162 -3045 -262 32767 1508 -28324
-3043 -2410 133 32767 6510 -23343
-3081 -2195 191 32767 14274 -16592
-3819 -1846 337 32767 15987 -12720
-4437 -1612 659 32767 13642 -11843
-4540 -1544 664 32767 6530 -10816
-4281 -1462 565 32767 716 -6925
-3952 -1264 799 32767 -10 -2822
-4022 -1208 917 32767 2887 3683
-4550 -940 1470 32767 5873 7551
-4982 -715 1604 32767 8783 12403
-5879 -478 1577 32767 7099 15394
-6885 -351 1262 32767 2279 19087
-7121 -193 636 32767 404 22840
-7457 270 163 32767 2396 29158
-8322 646 -404 32767 3958 32292
-9613 1401 -1918 32767 -1397 32767
-4433 -3922 2665 -32768 32767 32767
-4661 -4979 3048 -32768 32767 32767
-5582 -5189 3698 -32768 32767 32767
-5742 -5595 4181 -32768 32767 32767
-4902 -5499 3326 -32768 32767 32767
-4429 -5563 2705 -32768 29673 32767
-4132 -5878 1853 -32768 22997 32767
-3820 -6461 1082 -30167 20530 32767
-3509 -6627 1421 -16371 18592 32767
-3138 -6597 1799 -11502 17259 32767
-2600 -6136 2274 -9307 17548 32767
-1905 -5265 2599 -9346 20023 32767
-1536 -4225 2149 -8587 21083 32767
-1298 -3732 1832 -5805 21961 24150
-832 -3233 1660 -3687 22515 19172
-466 -2954 1796 -1380 22777 13402
-268 -2266 2005 -235 20383 9351
-79 -1368 2204 -112 17647 7734
2 -1040 2564 -1502 13657 6869
111 -736 2960 -4299 9912 7055
85 -293 3268 -6726 6944 7254
-327 -47 3208 -9680 1520 6157
-860 282 2910 -11207 -5311 3998
-905 432 2699 -11540 -9597 2377
-1580 737 2551 -11384 -12721 -1696
-1838 993 2619 -10917 -8702 -6835
-2379 960 2736 -10453 -1831 -10967
-2605 753 2444 -8926 9899 -17304
-2609 627 1957 -6905 16086 -21188
-2435 488 1323 -2317 22989 -26320
-1726 273 1019 3242 29983 -29916
-1754 64 972 6792 32767 -32145
-2048 50 869 11911 32767 -32768
-2173 107 382 15565 32767 -32768
-2147 -66 42 21848 32767 -32768
-2163 -146 15 27790 32767 -32768
-2108 -441 -136 31574 32767 -32768
-1976 -614 -367 32767 28659 -32768
-1701 -1017 -510 32767 20020 -32768
-1522 -1238 -449 32767 14395 -32768
-1396 -1583 -297 32767 7391 -32768
-2448 -1617 -300 32767 -2464 -32768
-2719 -1314 201 32767 -694 -32768
-2878 -1283 363 32767 -321 -32768
-3055 -1262 679 32767 -316 -32768
-3411 -937 847 32767 194 -32768
-3520 -710 877 32767 2449 -32768
-3673 -633 950 32767 4790 -29965
-4141 -824 1116 32767 7793 -24048
-4566 -800 1028 32767 7548 -20138
-5021 -358 741 32767 4293 -14794
-5297 -158 931 32767 3298 -10565
-5458 -234 1059 32767 5239 -8274
-5755 -45 1075 32767 10214 -5722
-5860 184 952 32767 13217 -4170
-5966 345 847 32767 15527 -1577
-6024 642 567 32767 15470 462
-6151 709 299 32767 12274 4410
-6589 239 -279 32767 5089 9801
-6900 -416 -686 32767 -387 14132
-7737 -1894 -1248 32767 -4849 20242
-8499 -2883 -1787 32767 -3582 22647
-9564 -3861 -2488 32767 5088 21990
-10993 -4865 -3649 32261 14779 19835
-11216 -5512 -4278 26070 32646 19666
-10505 -7309 -4297 9929 32767 26302
-9649 -8358 -3639 -7192 32767 32767
-8608 -9258 -3101 -32768 28146 32767
-8093 -9915 -3145 -32768 17448 32767
-7878 -10261 -2680 -32768 15655 32767
-7513 -10579 -1658 -32768 12154 32767
-7003 -10509 -1050 -32768 4039 32767
-5830 -9821 -77 -32768 -440 32767
-4815 -7936 4147 -32768 -3842 6975
-4017 -9262 2496 -32768 8667 32767
-5089 -8897 3432 -32768 8925 32767
-5983 -9376 3490 -32768 6703 32767
-5825 -9188 4185 -32768 7656 32767
-4830 -8523 4331 -28309 10384 32767
-3768 -7973 4540 -20461 18284 32767
-2892 -7662 4241 -10907 27885 32767
-2090 -7508 3018 -2706 32391 32767
-1673 -7388 2933 9500 32767 32767
-1271 -7042 3155 18076 32767 32767
-732 -5841 2989 23268 32767 32767
-458 -5193 2910 24800 32767 32767
-143 -4290 3119 23566 32767 32767
214 -3392 3326 18507 32767 31285
574 -2596 3268 13955 30535 28396
660 -2368 3202 6765 24374 24830
752 -1765 2892 2339 21675 22775
707 -1484 2710 -3201 19624 19987
508 -1013 2081 -6037 19349 17159
43 -509 1624 -6528 20501 15154
-143 -471 1583 -6008 24057 11219
-1084 -214 1655 -5199 29201 4409
-2419 501 1952 -4891 31416 -1629
-2451 729 1909 -4535 29521 -10186
-2428 1212 1673 -4426 22504 -16077
-2687 1276 1930 -5048 18530 -18814
-2763 1331 2044 -7201 17174 -22093
-2808 1387 2171 -9340 19680 -25155
-2779 1459 1758 -9758 21383 -27451
-2676 1579 1394 -8544 22952 -31176
-2229 1787 822 -5655 22955 -32768
-2094 1996 500 -3061 22055 -32768
-2019 2034 393 1540 20036 -32768
-1908 1886 168 4956 19076 -32768
-1601 1431 110 10284 19548 -32768
-1300 1122 137 15450 22315 -32768
-888 701 99 18886 24484 -32768
-738 425 -68 24104 26352 -32768
-750 206 -198 29281 26383 -32768
-985 38 -197 32395 25349 -32768
-1290 -107 -268 32767 21545 -32768
-1518 -127 -423 32767 17343 -32768
-1510 -219 -383 32767 10215 -32768
-1384 -449 -312 32767 5824 -32768
-1158 -622 -248 32767 1404 -32768
-1230 -998 -133 32767 335 -32768
-1719 -1343 -72 32767 510 -32768
-1936 -1567 -192 32767 452 -32768
-2117 -1752 -367 32767 694 -32768
-2342 -2065 -537 32767 1179 -32768
-2617 -2257 -677 32767 2340 -32768
-2827 -2534 -810 32767 3394 -32768
-2713 -2436 -758 32767 5904 -32768
-2604 -2358 -736 32767 7819 -32768
-2626 -2330 -751 32767 10439 -32124
-2697 -2408 -739 32767 12299 -29493
-3002 -2614 -666 32767 12778 -28440
-3209 -2521 -592 32767 12533 -27809
-3503 -2426 -487 32767 11240 -28384
-3520 -2450 -472 32767 9800 -28402
-3455 -2445 -514 32767 7618 -26737
-3226 -2266 -650 32767 6719 -24340
-2937 -2064 -590 32767 7551 -18964
-3001 -1793 -446 32767 10288 -13093
-3208 -1638 -283 32767 11885 -9765
-3382 -1488 -132 32767 13802 -5818
-3562 -1011 52 32767 15511 -2872
-3718 -525 275 32767 17364 -318
-3936 -65 591 32767 18484 1508
-4376 302 757 30444 18086 5169
-4450 640 1040 28807 16198 9076
-4479 673 1080 27307 9758 17383
-4699 503 770 27539 3041 23349
-5242 586 575 29203 -5801 28724
-6513 925 254 30677 -8596 28992
-6744 996 146 32644 -7788 26016
-7507 1202 -47 32767 -2493 21309
-8120 1784 -375 31661 1795 19044
-7981 1868 -402 26645 7699 20805
-7842 1602 -640 20934 8936 25566
-8025 1441 -805 9591 3370 32767
-8238 895 -1850 -644 -4978 32767
-8898 7 -4821 -3832 -5993 32767
-9052 -416 -6098 -3568 11356 32767
-9194 -1098 -6634 -3889 32767 32767
-8818 -2071 -6370 -11124 32767 32767
-6763 -3982 -3405 -28803 32767 32767
-5481 -4588 -1603 -32768 32767 32767
-4500 -4955 -1169 -32768 32767 32767
-3417 -6664 -3741 -32768 29614 -32768
-3063 -5881 1925 -32768 32767 32767
-5003 -5019 2686 -32768 32767 32767
-5518 -5274 3908 -32768 32767 32767
-5817 -5259 5863 -32768 32767 32767
-5824 -5728 6422 -32768 32767 32767
-5860 -6205 6694 -32768 31211 32767
-5417 -6933 5700 -32768 27743 32767
-4671 -7318 4057 -32768 25317 32767
-3588 -6584 2881 -15731 24266 32767
-2682 -6141 2599 -1271 26101 32767
-1409 -5239 2191 8664 27296 32767
-843 -4511 2060 13155 26968 32767
-658 -4246 2067 17144 25541 32767
-24 -3355 2108 18209 23555 30717
754 -2042 2172 17438 21565 26451
1077 -1357 2450 13780 17164 20870
1146 -864 2981 6327 12529 15379
875 -467 3609 489 11345 11142
959 -34 3408 -5977 11340 5173
738 764 2791 -8479 11442 1405
415 887 2730 -10474 13145 -4729
-1066 1021 2719 -11020 18708 -11711
-1649 968 2788 -10719 24315 -16131
-2205 934 2759 -9265 32535 -21457
-2116 839 2497 -7379 32767 -22999
-1574 339 2027 -3451 32767 -21585
-1377 -38 1757 -713 32767 -19424
-1749 158 1395 2742 32767 -17987
-1958 208 1183 6247 24970 -20757
-2748 137 463 8885 18164 -24726
-2859 91 339 12651 9551 -32385
-2827 -138 306 14787 5936 -32768
-2721 -400 140 17900 3550 -32768
-2590 -644 -129 21801 3821 -32768
-2417 -872 -489 24955 4864 -32768
-2190 -1262 -624 30007 7373 -32768
-2170 -1564 -712 32767 9980 -32768
-2117 -1624 -753 32767 11274 -32768
-1734 -1549 -819 32767 12105 -32768
-1520 -1585 -816 32767 10851 -32768
-1195 -1671 -804 32767 9040 -32768
-1123 -1786 -865 32767 6526 -32768
-1171 -1417 -1008 32767 4586 -32768
-1241 -1559 -725 32767 3145 -32768
-1285 -1604 -717 32767 391 -32768
-1599 -1497 -539 32767 -2565 -32768
-1843 -1497 -625 32767 -4558 -32768
-1976 -1522 -526 32767 -7049 -32768
-2675 -1634 -394 32767 -9223 -32768
-3120 -1674 -378 32767 -13405 -32768
-3372 -1705 -380 32767 -17519 -32768
-3482 -1823 -460 32767 -19661 -32768
-3343 -1889 -499 32767 -19656 -32768
-3439 -1848 -232 32767 -15993 -32768
-3577 -1746 -156 32767 -5279 -30484
-3803 -1595 -69 32767 9216 -27386
-4254 -1318 61 32767 17763 -25813
-4481 -1083 30 32767 25066 -24168
-4881 -724 167 32767 25713 -23476
-4976 -398 235 32767 23104 -22735
-5108 112 171 32767 16159 -20039
-5084 410 -18 32767 11323 -16675
-5073 461 38 32767 6811 -9401
-5224 288 -14 31361 5145 -3446
-5614 -242 -288 28521 3093 6120
-6022 -624 -489 27008 1935 11942
-6313 -1230 -752 25645 -1855 19557
-6871 -1930 -931 25310 -4854 23482
-7830 -2382 -1021 24885 -3196 23443
-8431 -2150 -781 22167 6482 21018
-8595 -1740 -824 17025 19936 18513
-8401 -2275 -1009 12761 25979 18527
-8212 -2812 -1416 6347 25578 22189
-8222 -3574 -2120 1782 14271 29335
-8573 -5058 -3187 -247 7816 32767
-9274 -6611 -4107 -3592 8797 32767
-9719 -8411 -4615 -10971 18896 32767
-9417 -10139 -4419 -25567 27343 32767
-8482 -11296 -3916 -32768 29424 32767
-7875 -11791 -3434 -32768 29487 32767
-7419 -12190 -3157 -32768 28231 32767
-6943 -12466 -2266 -32768 22027 32767
-6542 -12456 -1060 -32768 9215 32767
-10075 -11298 -635 -32768 7944 -14980
-5574 -11822 2668 -32768 -9630 32767
-4657 -12862 4658 -32768 -21989 32767
-6570 -11964 2747 -32768 -19297 32767
-6520 -12198 2271 -32768 -6471 32767
-5375 -12370 1895 -32768 14833 32767
-4582 -12052 1805 -24464 28496 32767
-3628 -11437 2302 -13736 32767 32767
-2615 -10356 2889 -1815 32767 32767
-2005 -9766 3158 5785 32767 32767
-1346 -8309 3340 9079 32767 32767
-1105 -7465 3347 12059 32767 32767
-662 -6201 3254 13338 32767 32767
-118 -5004 3230 13002 32767 32767
438 -3880 3327 10908 32146 32767
576 -3302 3472 8505 28486 32767
567 -2439 3541 4032 22857 32767
535 -1879 3531 1061 20342 28734
574 -1347 3400 -2328 19117 21339
824 -627 2839 -3231 18630 15009
1008 397 2219 -2801 17780 11243
797 909 2113 -1914 15630 5373
596 1264 2105 -1669 13381 -1204
-359 1568 2496 -2348 12431 -6266
-889 1833 2681 -4355 11176 -14703
-1372 2009 2763 -6482 9311 -23190
-1646 1918 2029 -6849 7154 -27875
-1520 1793 1888 -5739 2799 -32317
-1231 1348 1404 -3414 -1397 -32768
-1518 808 1271 -1733 -3557 -32768
-1797 654 1216 686 -4451 -32768
-2028 682 1295 1893 -2966 -32768
-1976 494 1512 3046 2230 -32768
-1951 181 1045 5614 9047 -32768
-1965 73 618 8698 13094 -32768
-1075 -1240 -442 32767 14918 -32768
-1264 -1770 -443 32767 13783 -32768
-1339 -2071 -507 32767 11609 -32768
-1472 -2424 -678 32767 8005 -32768
-2029 -2710 -771 32767 4551 -32768
-2572 -2776 -854 32767 -2626 -32768
-2627 -2742 -884 32767 -10258 -32768
-3175 -2861 -817 32767 -13972 -32768
-3295 -2886 -803 32767 -15613 -32768
-4528 -2598 195 32767 -1904 -14231
-4408 -2256 399 32767 2334 -10464
-4377 -2173 433 32767 11233 -4970
-4111 -1654 280 32767 15802 -1518
-3987 -1284 335 32767 17288 2934
-3962 -823 526 32767 12135 6192
-3945 -664 528 32767 6964 7961
-3738 61 593 32767 1925 10476
-3977 340 480 32767 976 11957
-4451 544 371 32767 1860 13831
-5804 583 -155 32767 2703 15445
-6463 577 -285 32767 2974 17980
-7830 492 -854 32767 2577 21531
-8441 702 -1725 29429 2606 31982
-8753 1144 -3425 23364 4242 32767
-9093 1455 -4874 14909 11917 32767
-9662 1885 -6523 7449 25523 32767
-9802 1672 -7242 337 32767 32767
-8981 856 -6124 -18155 32767 32767
-7440 -381 -3631 -32768 32767 32767
-6328 -1496 -2014 -32768 32767 32767
-5800 -2106 -1529 -32768 32767 2339
-4276 -2286 1230 -32768 32767 -32768
-3542 -3561 1589 -32768 32767 32767
-4967 -3873 3627 -32768 32767 32767
-5219 -4162 4963 -32768 32767 32767
-4946 -3823 5031 -32768 32767 32767
-4085 -4254 4436 -32768 32767 32767
-3528 -4592 3522 -32768 30796 32767
-2863 -5569 1876 -31473 28317 32767
-2827 -6228 1576 -13158 27415 32767
-2899 -6408 1549 -4169 26738 32767
-2767 -6180 2071 3090 24618 32767
-2613 -5817 2510 4477 21994 32767
-2254 -4983 2825 3596 20365 28038
-1920 -4338 2861 1400 18675 17303
-1185 -3666 2611 205 18294 11421
-665 -3334 2371 -636 18482 4967
36 -2641 1958 -337 18608 1364
761 -1665 1716 32 18673 489
868 -1432 1722 129 18572 676
987 -815 2024 -1447 18190 1370
1067 -161 2407 -3327 17548 1724
1194 450 2755 -6718 14727 1866
895 1052 2959 -10218 8000 378
240 1398 2817 -11928 1234 -1796
-68 1370 2664 -12325 -9292 -6947
-1170 1374 2518 -11477 -13745 -11318
-1948 1288 2987 -10349 -13932 -18635
-2455 1082 3178 -9621 -8801 -25358
-2796 714 3076 -7841 -2857 -29543
-2809 -63 3170 -5629 2826 -29612
-2187 -878 3216 -4125 6786 -27445
-1693 -1126 2860 -1550 13122 -23629
-1652 -1059 2447 2009 18593 -23071
-2310 -1505 1229 5427 20073 -25358
-2769 -1723 569 12609 17787 -32382
-3129 -1874 137 21068 12524 -32768
-3388 -1898 -329 26725 8925 -32768
-3127 -1871 -491 32767 4031 -32768
-2509 -2081 -693 32767 1396 -32768
-2400 -2193 -699 32767 -817 -32768
-2247 -2005 -521 32767 -6017 -32768
-2937 -1599 -500 32767 -5987 -32768
-3559 -1090 -846 32767 -5620 -32768
-4372 -560 -656 32767 -2529 -32768
-5162 -244 -315 32767 2184 -32768
-5625 102 517 32767 13476 -32768
-5811 206 1481 32767 21399 -32677
-6045 233 1597 32767 26512 -23544
-7233 603 890 32767 21204 -15212
-7615 431 362 32767 16296 -8707
-7485 971 250 32767 14099 3178
-7507 1186 418 32767 15998 11109
-8058 855 175 32767 17197 20067
-8553 1215 -211 32219 16565 23116
-8561 1446 -410 31326 14695 24990
-8093 1509 -646 29741 10877 27039
-7748 1644 -887 28167 6261 29183
-7357 1329 -1282 25906 -2859 32767
-7323 -13 -2143 25008 -7999 32767
-7838 -1713 -3435 24924 -7641 32767
-8678 -3698 -4408 23121 1526 32365
-9229 -5424 -4990 15739 18334 24069
-9549 -6590 -5382 6915 29536 17035
-9621 -7296 -5943 -11272 32767 8003
-8274 -9102 -5217 -27738 32767 7385
-7760 -9303 -4493 -32768 32165 16878
-6431 -10235 -3289 -32768 6315 32767
-6618 -10755 -3284 -32768 -9992 32767
-7072 -11842 -3154 -32768 -27199 32767
-5670 -12933 -1829 -32768 -32768 32767
-4779 -13403 -858 -32768 -32768 32767
-5247 -13292 -1411 -32768 -29537 32767
-4345 -14233 -2493 -32768 13916 32767
-3152 -14122 -2021 -32768 32767 32767
-3045 -13953 -229 -32768 32767 32767
-2821 -12540 999 -32768 32767 32767
-1662 -10573 1588 -32768 32767 32767
-1249 -10180 1719 -19004 27727 32767
-58 -8758 2622 -7111 28646 32767
754 -7227 3135 -1354 29937 32767
973 -6217 3393 3190 27867 32767
1190 -5281 3533 4074 21059 32767
1367 -4108 3497 3529 16254 32767
1690 -3529 3121 2632 11750 32519
1907 -2900 2537 2405 11162 28147
1892 -2312 2305 2424 13367 21835
1737 -1718 2165 2340 17936 14867
1338 -753 1903 2220 21756 7697
1108 -349 1734 2487 22580 3308
471 129 1352 3821 20848 -2428
-606 733 942 6334 16661 -7790
-1411 1356 634 8421 13912 -11540
-2132 2099 492 11159 11563 -16705
-2618 3393 552 12303 11963 -19177
-2563 3711 507 13239 15518 -20058
-2975 3916 494 13677 20004 -19951
-1852 -211 -948 4343 -5232 -18008
-1758 -911 -1176 8362 -11055 -18540
-1635 -1233 -939 13795 -16222 -20849
-1400 -1307 -491 16360 -16025 -23072
-1316 -1240 -347 18962 -10548 -27502
-1451 -859 359 20359 -381 -32768
-1476 -899 -47 22086 5195 -32768
-855 -981 -574 26453 11348 -32768
-969 -896 -270 29934 16346 -32768
-1029 -733 -8 31628 18732 -32768
-641 -516 -273 32767 22717 -32768
-120 -637 -323 32767 19209 -32768
-9 -873 -654 32767 12383 -32768
53 -1020 -747 32767 -1427 -32768
120 -1102 -551 32767 -8695 -32768
88 -1367 -444 31251 -13989 -32768
-239 -2313 -568 29322 -14724 -32768
-523 -2632 -374 27069 -13363 -30866
-1706 -2825 -1067 26902 -13608 -32009
-2090 -2835 -1185 27411 -14777 -32768
-2626 -2968 -1271 28564 -16155 -32768
-3651 -3228 -1300 29376 -16334 -32768
-3548 -3338 -1391 31537 -13675 -32768
-3236 -3842 -1691 32767 -7769 -32768
-3142 -4158 -1625 32767 -1423 -32768
-3221 -4181 -1253 32767 11408 -32768
-3739 -3806 -999 32767 20593 -32768
-3753 -3668 -971 32767 22879 -30407
-3761 -3478 -771 32767 21871 -26851
-4084 -3518 -91 32767 18547 -24966
-4308 -3581 54 32767 9058 -23752
-5222 -3796 766 32767 -1516 -23731
-5357 -3497 1144 32767 -5374 -23152
-5051 -3124 1278 32767 -3208 -18020
-3937 -2595 1743 32767 3329 -11896
-3969 -2231 1749 32767 10613 -3062
-4308 -1978 1807 32767 6524 1749
-4793 -1846 1876 32767 -936 2678
-5386 -1816 1873 32767 -11384 2566
-5597 -1149 1740 32767 -13978 3164
-5708 -690 1661 32767 -9863 6513
-7007 253 1409 32767 -3508 10344
-8118 1052 772 32767 -4429 12199
-8785 2718 -738 32767 -9816 17624
-10021 4458 -2477 32767 -6477 27060
-11844 5010 -4089 32767 1934 32767
-11600 4197 -4814 22909 28097 32767
-11201 4071 -7512 11065 32767 32767
-9167 2781 -9695 -5015 32767 32767
-8153 1358 -9929 -19509 32767 32767
-7667 -1876 -7225 -32768 32767 32767
-7418 -3168 -4950 -32768 32767 32767
-7009 -4309 -2735 -32768 32767 -684
-5313 -6057 1588 -32768 32767 32767
-5798 -6136 2072 -32768 32767 32767
-7323 -6505 2053 -32768 32767 32767
-7812 -6680 1890 -32768 32098 32767
-7115 -6376 2109 -32768 32767 32767
-6019 -6034 2217 -32768 32767 32767
-4733 -5532 1529 -32768 32767 32767
-4279 -5406 998 -20542 31842 32767
-3535 -6393 934 -7263 31080 32767
-1980 -6769 1420 -2573 30822 32767
-1403 -6625 1769 -771 28343 32767
-1029 -6477 1931 -1096 25375 32767
-513 -5888 1466 -107 23819 32767
-385 -5688 1212 4506 21753 27487
54 -4734 614 8943 20719 18681
824 -4026 642 15107 20210 7628
1413 -3162 1387 17887 19752 -101
1636 -2493 2059 17195 18900 -3600
1743 -1993 2620 13820 16888 -6942
1294 -1253 3329 8799 15506 -9776
-323 -152 4185 3436 16677 -13557
-1452 641 3858 950 17616 -16655
-2387 1326 3585 -295 14990 -21122
-3520 2081 2657 2370 5595 -24359
-3296 2434 2172 5954 -2644 -23898
-3208 2663 2295 11069 -10601 -20353
-3472 2539 2342 14174 -11570 -17636
-3949 1977 2308 17885 -8534 -14876
-3724 1537 1991 20200 -2096 -13471
-3240 1369 1563 21406 3131 -12779
-2785 1105 1212 22698 11332 -12262
-1994 323 1249 22630 16196 -12273
-1821 -352 1394 21185 20703 -14163
-2358 -1453 1345 19287 21666 -19698
-2906 -1702 1404 18057 20334 -24858
-3237 -2021 658 16951 15221 -32768
-2913 -1977 77 18878 7855 -32768
-2704 -1626 -296 22357 940 -32768
-2394 -1488 -380 25013 -2081 -32768
-1977 -1570 -615 30093 -5214 -32768
-1304 -1810 -690 32767 -8299 -32768
-1070 -1852 -641 32767 -13785 -32768
-782 -1882 130 32767 -15602 -32768
-945 -2115 157 32767 -15481 -32768
-999 -2107 109 32767 -15090 -32768
-1210 -1729 54 32767 -15022 -32768
-1375 -1365 380 32767 -14577 -32768
-1588 -1070 616 32767 -12788 -32768
-1926 -750 834 32767 -10149 -32768
-2875 -15 901 32767 -9237 -32768
-3354 120 1197 32767 -8700 -32768
-3696 -144 2229 32767 -7309 -32768
-3852 -266 2497 32767 -5168 -32768
-5332 -737 2548 32767 -8842 -32768
-6321 -891 1630 32767 -14016 -32768
-6557 -284 1346 32767 -17941 -32382
-6164 -115 2046 32767 -13348 -27489
-6055 609 1983 32767 2646 -18160
-6525 871 1553 32767 19336 -10033
-7319 840 971 32767 25780 -6606
-8207 861 392 32767 28459 -3798
-8511 948 -229 32767 27289 -1434
-8308 711 -279 32767 21950 5039
-8025 95 -461 32767 14080 11066
-8195 -425 -974 32470 -1425 19462
-8643 -1819 -2389 22123 -10047 25115
-9373 -3494 -4543 18850 -6631 26790
-9777 -4416 -5820 17459 9571 25828
-9908 -5109 -6700 15237 22039 23887
-9522 -5769 -6424 2658 32767 22566
-8419 -7169 -5206 -13118 32767 24160
-3095 -11534 515 -32768 -18731 32767
-873 -10477 1662 -26602 -6836 32767
432 -9221 1609 -17395 8547 32767
717 -8276 1060 -3322 30763 32767
619 -7642 955 7924 32767 32767
371 -6798 1880 12081 32767 32767
207 -6274 2376 14299 32767 32767
178 -4983 2776 14179 32767 32767
225 -4474 2910 12470 32767 32767
335 -3589 2777 10194 30513 32262
459 -3152 2571 8144 26002 23725
871 -2352 2022 7141 24664 19555
957 -1901 1796 6188 24512 14949
896 -1167 1670 5215 26235 11076
849 -674 1591 4575 27318 8809
690 0 1357 3792 26884 6005
204 613 1174 3224 23275 3654
-225 1016 1094 2667 19020 2184
-795 1413 1071 989 11085 -679
-2097 2234 1157 -818 6384 -3048
-2270 2523 1099 -3731 2774 -5800
-1683 2683 1616 -7188 3183 -5751
-2029 2618 1560 -9324 3391 -5618
-2640 2701 1431 -11621 1117 -7046
-3322 2624 1098 -11684 -7033 -11775
-4525 2259 345 -10157 -14605 -17126
-5077 1707 450 -7675 -24423 -27452
-4133 1588 1065 -6602 -27742 -32768
-4053 1606 1094 -6163 -26187 -32768
-3407 1337 418 -2633 -20152 -32768
-2227 12 -1141 1924 -15249 -32768
-1567 -720 -1187 8979 -4881 -32768
-916 -1315 -162 12703 10351 -32768
-566 -1413 570 13781 23316 -32768
-822 -1232 503 14691 32767 -32768
-1330 -940 -232 16682 32767 -32768
-1276 -973 -208 18326 27969 -32768
-802 -1227 17 18700 21614 -32768
-814 -1052 -167 19065 10413 -32768
-831 -892 -488 20134 -1393 -32768
-625 -841 -643 21224 -6636 -32768
-829 -1059 -593 23468 -9128 -32768
-908 -1653 -167 25120 -7385 -32768
-1885 -2402 60 28166 -446 -32768
-3151 -2868 471 30133 6713 -32768
-3594 -2967 429 30970 8521 -32768
-4075 -2883 746 30569 8452 -32768
-4319 -2900 1003 28384 8735 -32768
-3444 -2648 1088 26852 10513 -32768
-3027 -2493 1044 25110 14394 -32768
-2733 -2066 715 24581 14287 -32768
-2802 -2029 507 24817 10563 -31494
-2905 -1993 262 26105 1065 -26859
-3245 -1889 -108 27398 -5394 -25007
-3429 -2004 -96 29223 -10492 -23341
-3671 -2118 -10 30605 -8036 -22279
-3817 -2033 99 31238 -3029 -21133
-3757 -1988 241 31569 6200 -18173
-3702 -2126 576 31456 11010 -15487
-3755 -2157 682 30568 12820 -11182
-3837 -2127 1185 28679 9251 -6965
-3835 -2038 1231 27598 6243 -4126
-3685 -1666 1413 27052 4528 693
-3757 -1488 1479 28188 6532 5786
-3844 -1248 1577 29578 8201 8935
-3958 -1124 1696 31876 7910 13452
-3800 -918 2094 32767 5877 16465
-3839 -683 2209 32767 636 20599
-3857 -404 2190 32767 -5617 23693
-3707 41 2040 32604 -8653 25725
-4608 456 1892 31890 -8784 25438
-4935 522 1880 29853 -6572 22549
-5983 755 1738 28095 -4381 20063
-6715 1149 1452 25493 683 17699
-7008 1387 1336 23404 7886 19814
-7266 1747 861 20095 15104 27804
-7684 1342 -1 14898 13569 32767
-7153 1921 -1288 10574 12615 32767
-7338 2385 -4389 5973 14450 32767
-7821 3116 -6843 5539 24908 32767
-8205 3590 -8618 4643 32767 32767
-7087 3480 -8182 -6400 32767 32767
-5675 1371 -5690 -20426 32767 32767
-4664 -759 -2436 -32768 32767 32767
-4864 -1403 -1493 -32768 32767 32767
-5564 -2992 1397 -32768 32767 32767
-6980 -3150 3512 -32768 32767 32767
-6558 -4411 4709 -32768 32767 32767
-6427 -4934 5820 -32768 22306 32767
-6018 -5183 5938 -32768 10088 32767
-5351 -6038 3562 -32768 7944 32767
-4918 -6130 2627 -31568 12561 32767
-4456 -6318 1775 -3630 20672 32767
-2768 -7222 1084 11198 25790 32767
-2369 -7419 1223 24407 32767 32767
-1863 -7715 1291 29636 32767 32767
-1910 -7326 1423 30321 32767 32767
-1651 -6286 1920 28015 31402 32767
-1030 -5179 1994 23482 28384 27079
-407 -4546 1988 19910 26916 18877
284 -4039 2102 13670 25483 9198
1092 -3196 2559 8683 24573 4021
1243 -2566 2748 1041 21997 -3034
1179 -1647 2796 -3251 19859 -7361
1290 -1034 2252 -6660 16854 -12334
1417 -507 1943 -6849 14283 -14507
1513 659 2154 -6113 13125 -14395
1177 1188 2604 -5220 12203 -13082
63 1394 3400 -5747 9731 -12244
-1337 1491 3656 -6360 5878 -13362
-2922 2094 3817 -7032 -3670 -16212
-3382 2728 3902 -6929 -9589 -17072
-3760 2133 3524 -5841 -13690 -17853
-3220 1403 3177 -2204 -12768 -14959
-2449 112 2614 1028 -9220 -11701
-1770 -4 2524 4946 -16 -5834
-876 -312 2205 7173 12445 -957
-235 -1062 1900 7795 20017 1341
-257 -1305 1795 7824 27348 1906
-1327 -1626 1561 7651 29179 -631
733 -372 2896 6441 29519 -10109
-5445 -721 802 6477 27982 -26334
-4661 -1175 1146 10685 18873 -32768
-3749 -1211 -933 16971 14689 -32768
-4420 -350 -446 25879 12493 -32768
-2414 284 -783 32767 12529 -32768
-445 -734 -1116 32767 9366 -32768
10 -1362 -1207 32767 3612 -32768
-394 -2276 -914 32767 1302 -32768
-514 -2061 -710 32767 1044 -32768
-466 -2110 -548 32767 5157 -32768
-783 -2192 -290 32767 8234 -32768
-1182 -2315 -57 32767 9033 -32768
-1838 -2334 380 32767 2259 -32768
-2888 -2264 506 32767 -7426 -32768
-2926 -2122 320 32767 -25428 -32768
-2797 -2062 91 32767 -32768 -32768
-2869 -1981 -77 32767 -32768 -32768
-2667 -1419 -686 32767 -32768 -32768
-3038 -1022 -925 32767 -23939 -32768
-6970 -2413 700 28958 5377 1578
-7330 -2257 623 27573 10765 5835
-8627 -911 326 25500 10936 5351
-8995 -261 345 20625 8551 1795
-8874 -568 394 16612 6931 621
-8858 -877 388 10762 3855 3417
-9195 -1886 125 7484 151 7343
-9059 -2403 215 3971 -2831 16154
-8986 -3764 -450 3707 -353 23507
-8850 -4553 -938 6680 8675 32767
-4559 -10608 323 -32768 -21043 32767
-2974 -9969 4879 -32768 -32768 32767
-4216 -11118 1123 -32768 -32768 32767
-4226 -11279 2117 -32768 -32768 32767
-4886 -12494 3202 -32768 -20264 32767
-4629 -12717 2379 -32768 -8974 32767
-4125 -12868 2266 -21114 10119 32767
-2865 -12456 2628 -3327 30670 32767
-1779 -11327 1806 8130 32767 32767
-1399 -10986 1737 22161 32767 32767
249 -9679 2957 27428 32767 32767
849 -8623 3802 24512 32767 32767
830 -7746 4060 20383 32767 32767
739 -5831 4233 13881 32767 32767
713 -5360 4169 9235 26054 32767
826 -4142 3647 8083 22729 32767
1208 -3344 2659 9710 22861 32767
1344 -2569 2384 11724 25997 27972
1532 -2073 2423 14134 32767 20109
1664 -1513 2532 15280 32767 13917
1625 -521 2581 15369 32767 10069
1534 659 2339 14700 32767 4559
1033 1484 2193 12732 19125 -2180
-182 2507 2222 10321 8772 -7982
-1740 3318 2445 4773 -1872 -18550
-2191 3670 2342 -1546 -5583 -27749
-2232 3463 2219 -5629 -4545 -31772
-1940 3447 2145 -10836 423 -32768
-1155 2631 1855 -14157 3504 -32337
-1037 1859 2048 -16992 1918 -29119
-902 1820 2035 -18723 -2000 -27047
-371 1848 1060 -18935 -11397 -23649
-936 1039 -39 -15206 -23074 -22895
-1712 338 292 -12167 -31049 -28158
-2544 -332 1039 -12281 -32768 -32768
-2483 -121 544 -11829 -32768 -32768
-2373 684 -976 -7901 -26783 -32768
-3602 1188 1294 -8512 -7905 -32768
-3128 1474 1627 -9653 26869 -32768
-460 -680 -838 188 32767 -32768
-930 -1219 -226 8523 32767 -32768
-2807 -2374 71 20847 5419 -32768
-3541 -2267 230 20753 6860 -32768
-3823 -2269 -296 23574 4864 -32768
-3532 -2142 -388 27655 2225 -32768
-3568 -2117 -445 31910 373 -32768
-3697 -2164 -284 32767 360 -32768
-4101 -2260 54 32767 1843 -32768
-4731 -2245 422 32767 2663 -32768
-4891 -2109 540 32767 4157 -32768
-4830 -1872 821 32767 7833 -32410
-4593 -1895 1093 32767 10674 -28371
-4416 -2083 1334 32767 11178 -21190
-4463 -2120 1099 32767 8102 -16281
-4342 -1954 930 32767 2766 -9405
-4296 -1516 1052 32767 1012 -5818
-4211 -1222 1091 32767 405 -1742
-4371 -765 846 32767 404 679
-4496 -313 637 32767 963 1876
-4771 106 578 32767 3464 3489
-5346 689 541 32767 5596 5089
-5968 952 679 32767 8369 9412
-6378 1231 458 32767 8578 16623
-6779 1579 -86 32767 7845 22735
-4798 -1840 -393 -32768 32767 -32768
-3196 -3226 1742 -30921 32767 -13284
-3288 -3700 1969 -32768 32767 32767
-3686 -3250 3248 -32768 32767 32767
-3064 -3491 4106 -32768 32767 32767
-3159 -3574 4467 -32768 32767 32767
-3523 -3568 4577 -32768 32767 32767
-3196 -4304 3979 -32768 32767 32767
-2937 -4651 3605 -31190 32767 32767
-2822 -4935 3053 -19307 32767 32767
-2619 -4971 2880 -12579 32767 32767
-2166 -4820 2985 -6046 32767 32767
-1663 -4566 3049 -3988 31830 32767
-1472 -4227 2895 -2474 28392 32767
-1332 -3871 2569 -804 23795 27651
-1020 -3175 2076 711 21062 23939
-722 -2835 1899 2903 17874 18967
-196 -2249 1704 4473 14674 14867
356 -1187 1617 4815 12429 12492
605 -685 1592 4294 9216 9584
849 73 1834 2236 7165 7300
939 646 2200 -138 7425 6039
821 930 2280 -3827 10598 3864
813 1318 2233 -6243 15547 1534
954 1852 1976 -6964 18790 -477
467 2113 1923 -6765 19829 -2216
-46 2020 2175 -6658 21572 -5833
-837 1824 2837 -7231 22616 -8696
-1342 1574 2887 -7785 22121 -12851
-1473 1311 2659 -7081 18041 -15418
-1371 581 2444 -6386 14054 -15908
-1072 -436 2384 -5579 8271 -15389
-993 -945 2517 -5680 5138 -15358
-1234 -1131 2415 -6631 914 -17295
-1377 -1248 2265 -6898 -3799 -22534
-1889 -2023 1346 -4862 -6808 -30861
-2246 -2384 1029 -2269 -6245 -32768
-2561 -2637 429 3638 -1857 -32768
-2669 -2674 -52 12338 4126 -32768
-2701 -2890 -567 19365 7780 -32768
-2636 -2688 -598 30413 12656 -32768
-2529 -2471 -521 32767 16070 -32768
-2348 -2369 -282 32767 17091 -32768
-2149 -2335 -56 32767 17221 -32768
-3769 -1517 0 32767 -28056 -32768
-3959 -1213 138 32767 -26476 -32768
-4220 -1223 238 32767 -16307 -32768
-4545 -1160 248 32767 -6889 -32768
-4711 -1019 357 32767 6421 -32768
-4812 -843 456 32767 15319 -32768
-4994 -760 697 32767 17922 -29684
-5784 -558 195 32767 13273 -23330
-5883 -1021 -167 32767 -514 -17043
-5872 -449 116 32767 -5423 -9757
-6200 618 567 32767 1579 -5817
-6892 1223 766 32767 18296 -2389
-7770 1720 628 31097 27866 -1260
-8405 1870 397 27799 31345 494
-8172 1512 -30 25653 24050 3832
-8059 1046 -615 23541 3070 13546
-8115 593 -1134 23564 -11795 24990
-8617 -1331 -1912 25243 -11043 31093
-9917 -3330 -3011 29532 4486 32767
-10721 -4379 -3717 30902 25025 30447
-10824 -4658 -4129 26837 32767 26591
-10342 -4953 -3707 9687 32767 24568
-8857 -6508 -2807 -6870 32767 26599
-7779 -7626 -2863 -31317 32432 32481
-6989 -8720 -3056 -32768 21674 32767
-6682 -9221 -2952 -32768 14435 32767
-6301 -9636 -2478 -32768 4422 32767
-5468 -9891 -985 -32768 -472 32767
-5149 -9946 -460 -32768 -5873 32767
-4888 -9979 -371 -32768 11913 -32663
-4569 -9732 1716 -32768 4261 32767
-4992 -10897 3096 -32768 17461 32767
-5659 -10521 2729 -32768 32767 32767
-5734 -10743 1121 -32768 32767 32767
-4530 -10013 2118 -31638 32767 32767
-4062 -9041 2959 -22215 32767 32767
-3850 -8502 2704 -8764 32767 32767
-3409 -8307 2991 483 32767 32767
-2690 -7712 3735 2663 32767 32767
-2180 -6808 3891 1162 32767 32767
-1281 -4938 4149 -2208 27859 32767
-977 -4285 4119 -8941 17342 32767
-417 -3548 4118 -16514 11294 32767
-1 -2995 3818 -21312 10031 31124
229 -2682 3376 -26451 10444 23809
377 -2423 2814 -27540 12929 18080
693 -1937 1846 -26098 15699 14957
837 -1666 1525 -21485 20939 11090
968 -1220 1396 -15742 25976 7999
944 -907 1491 -12048 28400 5990
939 -468 1671 -7234 30207 3168
670 -66 1701 -4447 29444 1054
-177 666 1771 -1236 25461 -3404
-1143 1792 1957 630 20725 -9397
-1591 2812 2257 1152 19739 -13472
-1672 3200 2444 892 22480 -18202
-1976 3055 2402 613 26283 -21130
-2650 2732 2017 1228 26306 -23181
-3378 2764 1479 3635 21180 -26845
-4183 2804 900 5577 15795 -29304
-4171 2708 851 7806 8048 -31635
-3201 1830 958 8559 5023 -31111
-2822 1408 1007 8805 5069 -30197
-2643 1081 578 9566 3319 -30081
-2581 674 -215 11992 -3860 -31948
-2243 360 -547 15079 -12564 -32768
-1900 117 -434 16595 -16010 -32768
-1224 -223 -238 18198 -15948 -32768
-798 -594 -339 20229 -10817 -32768
-527 -551 -396 22086 -6133 -32768
-546 -402 -533 25450 1608 -32768
-528 -400 -600 29221 9130 -32768
-573 -373 -503 32767 -9911 -32768
-2657 -2110 818 29567 -11399 -32768
-2786 -2080 1072 23892 -9794 -32768
-3151 -2246 1151 20528 -8433 -32768
-3298 -2249 913 17990 -7155 -32768
-3139 -2004 336 18811 -6773 -32768
-3155 -1942 180 20475 -6717 -32768
-3195 -2054 338 23172 -7035 -31425
-3184 -2082 512 25600 -6434 -28260
-3443 -1964 815 26818 -5093 -26780
-3600 -1801 834 28350 -2558 -25744
-3622 -1644 859 30054 352 -25107
-3632 -1556 1173 31171 2221 -24356
-3636 -1588 1270 32767 3238 -21901
-3754 -1615 1461 32767 2146 -18460
-4186 -1702 1462 32767 49 -16064
-4262 -1801 1397 32767 -1670 -11889
-3972 -1319 1422 32767 374 -8567
-3764 -729 1628 32767 6487 -3399
-3986 -290 1731 32767 10355 714
-4237 248 1707 32767 9758 2460
-5063 957 1655 32767 6692 3436
-5501 1099 1676 32767 -781 4139
-6541 1400 1796 32767 -7556 7456
-7393 1496 926 32767 -11474 11248
-7692 1168 368 32767 -8307 20866
-8861 1700 -223 32767 -411 26813
-9740 1927 -1041 32767 12778 32767
-10087 2083 -3316 32767 17782 32767
-10096 1860 -4781 -32768 32767 32767
-6316 -3435 3546 -32768 29721 32767
-9272 -4899 5662 -32768 10561 32767
-9586 -6643 7137 -32768 6229 32767
-9195 -7118 7533 -30751 14149 32767
-7202 -10784 8012 -18670 29108 32767
-6453 -11017 7646 -12067 32767 32767
-4003 -9350 4914 -3002 32767 32767
-2001 -8645 2791 3609 32767 32767
-1359 -7470 1924 13657 32767 32767
-774 -6961 1792 21201 32767 32767
360 -5967 1514 24843 32767 32767
851 -5647 1461 27828 31913 32733
2321 -4744 1700 27289 29566 25974
3292 -3674 2241 22301 23703 17910
3767 -2654 2833 13328 16305 10871
3701 -1986 3050 6399 11523 5830
3452 -826 3120 -3228 6087 -2267
2979 38 2682 -8974 5053 -10175
2593 299 2587 -10549 7699 -15815
1124 1213 2358 -9784 13973 -23960
63 1564 2226 -7441 19365 -28024
-660 2112 2606 -3435 29015 -31824
-2275 3040 3543 -215 32767 -32768
-2369 2761 3202 2384 32767 -30702
-2372 2041 2540 7102 25579 -22610
-2893 464 2749 8740 19726 -16052
-2692 157 3004 7453 16453 -7424
-2381 243 3002 3390 17455 -2680
-1916 15 2790 239 17610 -2107
-1649 -194 2696 -4701 15277 -4857
-1471 -335 2140 -7585 8240 -11223
-1580 -288 1327 -7879 3199 -17219
-2185 -536 751 -6501 -2473 -28869
-2113 -706 114 -2878 -4824 -32768
-2320 -758 -9 181 -2458 -32768
-2487 -955 -220 6084 3416 -32768
-2386 -1411 -616 13641 7876 -32768
-2206 -1562 -766 19233 10170 -32768
-1785 -1948 -733 27803 13899 -32768
-1603 -1896 -678 32767 17342 -32768
-1390 -1799 -708 32767 18826 -32768
-1037 -1938 -551 32767 20127 -32768
-1025 -1949 -263 32767 20594 -32768
-1435 -1769 -68 32767 19488 -32768
-1553 -1635 -32 32767 15065 -32768
-1809 -1555 -52 32767 8486 -32768
-1873 -1285 -150 32767 3776 -32768
-1868 -1200 -93 32767 -3225 -32768
-2453 -1381 -153 32767 -11010 -32768
-3133 -1484 -358 32767 -17372 -32768
-3147 -1479 -386 32767 -26752 -32768
-3080 -1443 -283 32767 -30715 -32768
-3113 -1413 -8 32767 -30313 -32768
-3111 -1402 75 32767 -22133 -32768
-3195 -996 236 32767 -14116 -32768
-3419 -1009 249 32767 -1581 -32768
-3795 -1242 592 32767 6161 -31841
-3926 -1180 588 32767 12817 -28185
-4066 -992 454 32767 10771 -24397
-4540 -847 255 32767 5880 -21523
-4767 -1032 466 32767 -934 -16806
-5091 -1072 682 31875 -1957 -12405
-5546 -792 1083 29572 4168 -8580
-6027 -654 1289 27575 9627 -6787
-6099 -676 1228 24966 13224 -3828
-5708 -899 789 23642 8247 2075
-5628 -1060 706 23422 1864 7749
-6171 -2435 719 23344 -6554 15209
-6557 -2633 860 22765 -8076 17241
-7531 -2252 1077 21228 -1871 16612
-7520 -1876 1086 20071 6661 16087
-6861 -2184 861 18627 19277 18064
-6490 -2206 450 18104 22539 21199
-6197 -2205 -14 17003 18067 26841
-6427 -2316 -397 15348 8218 30380
-7521 -3001 -1411 14074 4370 30697
-7857 -3197 -1704 11434 9983 28583
-8739 -4114 -2950 6404 24358 25848
-8630 -4674 -3365 585 32767 25871
-7897 -5539 -3208 -12992 32767 30613
-7053 -6322 -2732 -30529 32254 32767
-6646 -6922 -2134 -32768 26029 32767
-6775 -7456 -1582 -32768 14885 32767
-6705 -7871 -789 -32768 6743 32767
-6450 -7957 -171 -32768 14921 -6103
-5335 -7469 220 -32768 11547 32767
-4435 -8313 2497 -32768 6539 32767
-4478 -7588 2576 -32768 2480 32767
-5037 -8246 3009 -32768 3878 32767
-5445 -8549 3116 -32768 9932 32767
-5513 -9106 3630 -22250 17755 32767
-5317 -8773 3343 -12267 22222 32767
-5075 -8553 3150 1959 26946 32767
-3761 -8094 3460 12103 32767 32767
-3310 -7851 3467 16485 32767 32767
-3136 -7544 3264 20569 32767 32767
-2730 -6633 3389 21383 32767 32767
-2440 -6077 3500 19914 32767 32767
-1887 -5268 3685 15824 32767 32767
-1493 -4705 3797 12182 32767 32767
-621 -3705 4158 5651 32767 32767
-214 -3146 4296 -1244 32767 32767
-51 -2729 4235 -7262 32767 30443
124 -2076 3956 -9872 30217 27415
121 -1348 3569 -11751 23491 21384
195 -161 2999 -10735 17144 13713
454 629 2885 -9593 13588 8482
475 1054 2934 -8782 9617 531
247 1242 3143 -9586 6941 -7049
212 1366 3270 -10885 6334 -11809
198 1454 3400 -13260 8019 -18708
13 1608 3099 -13938 9982 -23603
-101 1715 2301 -12120 13299 -31218
-470 1726 1655 -7307 17716 -32768
-759 1823 1315 -2849 21617 -32768
-1160 1840 1149 4940 27163 -32768
-1005 1297 743 10528 27807 -32768
-710 910 439 18972 21475 -32768
-537 364 145 23695 14915 -32768
-476 160 115 28151 7483 -32768
-465 131 150 29420 5442 -32768
-844 78 189 29054 6124 -32768
-998 55 151 27732 7492 -32768
-1109 -124 -57 26729 8042 -32768
-1102 -215 -60 25088 8826 -32768
-1247 -357 -91 23482 8673 -32768
-1382 -736 -293 22702 7581 -32768
-1390 -886 -311 21804 5411 -32768
-1253 -1344 -379 21168 3689 -32768
-1165 -1668 -542 21181 2440 -32768
-1108 -2070 -623 21698 2315 -32768
-1262 -2306 -650 23121 3177 -32768
-1535 -2467 -717 24539 3648 -32768
-2178 -2552 -730 27026 2999 -32768
-2622 -2625 -673 29430 657 -32768
-2933 -2671 -669 30989 -1550 -32768
-2946 -2727 -487 32767 -3921 -32768
-3055 -3143 -287 32767 -3268 -32768
-2983 -3269 -126 32767 -65 -32768
-3247 -2806 -331 32767 7186 -32768
-3835 -2400 -532 32767 11594 -32768
-4163 -2146 -100 32767 12836 -32768
-4311 -2067 121 32767 13225 -32768
-4655 -1983 604 32767 11539 -32768
-4499 -1465 861 32767 9795 -32768
-4411 -1288 1011 32767 7085 -30165
-4413 -1474 1086 32767 5352 -23552
-4443 -1544 1022 32767 4147 -13060
-4542 -1546 906 32767 4853 -6834
-4642 -1353 820 32767 7692 -71
-4663 -654 899 32767 11977 3579
-4863 -270 1134 32767 14333 4408
-5096 181 1403 32767 14837 4588
-5291 825 1763 32767 12658 5480
-5320 873 1689 32767 5443 9998
-5533 959 1476 32767 -2411 17822
-6457 878 1330 32767 -5885 22495
-7753 746 1051 32767 -6860 25959
-8972 1246 200 32767 -3126 27023
-9177 1660 -550 32767 5520 29501
-9382 2238 -1500 30992 9099 32767
-9115 2456 -2655 22999 9165 32767
-8263 1785 -3838 8681 13268 32767
-8056 1216 -4891 138 19395 32767
-8101 621 -5976 -8400 32767 32767
-7508 -546 -5877 -15682 32767 32767
-6092 -1498 -3841 -22913 32767 32767
-4945 -2130 -2440 -32768 32767 32767
-3694 -2951 -1052 -32768 32767 32767
-1906 -1649 3739 -32768 32767 24137
-3738 -4386 945 -32768 32767 32767
-5753 -4277 3195 -32768 32767 32767
-6135 -4630 3680 -32768 32767 32767
-5882 -5033 5363 -32768 32767 32767
-5159 -5666 5435 -32768 32767 32767
-4735 -5841 4954 -32768 23481 32767
-4329 -6227 4030 -22673 14133 32767
-3300 -6636 3372 -13386 13029 32767
-2467 -6220 3229 -3822 16240 32767
-1596 -5160 2763 99 19210 32767
-1290 -4595 2411 4166 21624 32767
-970 -4086 2137 6923 21013 32767
42 -3284 1808 8246 19790 25907
576 -2934 1796 8949 17768 15707
1184 -2220 1678 8066 14963 8242
1471 -1709 1662 5625 12200 3683
1966 -1049 2156 2707 11629 2140
2100 -486 2734 -3020 12023 660
1504 250 2843 -6667 11621 -1043
1285 500 2837 -10342 9894 -4916
977 843 2570 -10713 7195 -8467
523 1161 2311 -9565 6294 -10592
141 1427 2551 -7724 9247 -13846
-997 1618 3175 -6848 12977 -16040
-1461 1489 3165 -5019 17184 -18857
-1719 1122 2999 -1977 18545 -19846
-1966 814 2827 -13 17986 -19331
-1943 211 2957 1205 15957 -17065
-1752 -378 3078 563 14443 -15014
-1636 -736 3078 -1949 12022 -13394
-1743 -802 2805 -4581 8490 -15542
-2238 -969 2244 -5417 5437 -19373
-2610 -1256 1548 -4367 1985 -27846
-2860 -1345 613 -7 382 -32768
-2942 -1322 -190 7183 -695 -32768
-2912 -1320 -526 12544 -943 -32768
-2805 -1335 -561 20132 162 -32768
-2336 -1334 -540 24601 1757 -32768
-1768 -1439 -460 30428 4940 -32768
-1456 -1634 -374 32767 7839 -32768
-1370 -1755 -339 32767 8655 -32768
-1310 -1864 -341 32767 7631 -32768
-1453 -2043 -169 32767 5531 -32768
-1493 -1915 -119 32767 434 -32768
-1374 -1745 -106 32767 -5863 -32768
-1082 -1645 -15 32767 -9347 -32768
-1042 -1658 43 32249 -11897 -32768
-1178 -1699 46 28585 -12427 -32768
-1974 -1789 -149 26240 -13557 -32768
-2523 -1669 -171 25310 -14731 -32768
-2689 -1611 -123 24288 -16139 -32768
-3410 -1620 42 23557 -17343 -32768
-3900 -1553 3 23614 -17670 -32768
-3821 -1441 12 24684 -14512 -32768
-3856 -1193 310 25994 -8472 -32768
-4063 -1206 762 28522 4781 -32768
-4527 -1191 1031 31454 16793 -32768
-4688 -937 1089 32767 21894 -32768
-4974 -667 1270 32767 24388 -27432
-5225 -624 1322 32767 22512 -23313
-5410 -648 1548 32767 18117 -17012
-5825 -551 1849 32767 16583 -13465
-6006 -537 1870 32767 15298 -9114
-6402 -717 1903 32502 12625 -4500
-6383 -802 1690 31472 9853 -687
-6551 -1101 1500 30280 4865 5458
-7176 -1149 1368 28828 1024 8188
-8424 -441 1217 27392 1148 7385
-9094 201 958 25486 7778 5557
-8932 -625 439 24778 16728 8449
-8770 -1205 -78 24755 18268 13384
-8742 -1843 -595 23801 13987 22903
-8831 -2831 -1373 22317 11322 28734
-9159 -3527 -2254 19394 12079 32767
-9858 -4931 -4520 14521 18546 32767
-9835 -5839 -5168 7870 24845 32767
-9357 -6795 -5324 -9921 32767 32767
-8282 -8468 -4286 -32768 32767 32767
-7703 -9658 -3620 -32768 29322 32767
-7172 -10920 -2740 -32768 24909 32767
-6798 -11292 -1945 -32768 13161 32767
-6286 -11588 -910 -32768 -3717 32767
-2885 -13390 5 -32768 -32768 25701
-3414 -12077 4774 -32768 -32455 32767
-5029 -11659 2292 -32768 -32768 32767
-5457 -12683 3528 -32768 -23997 32767
-5713 -12479 2928 -32768 -17612 32767
-3806 -12338 1679 -26233 -5247 32767
-2522 -11858 1862 -5258 12330 32767
-1586 -11055 2053 10939 30848 32767
-749 -10449 2385 18531 32767 32767
-457 -9556 2570 25971 32767 32767
-357 -8916 2807 29384 32767 32767
-154 -7968 2941 30204 32767 32767
-100 -7006 2965 29716 32767 32767
296 -5583 3347 26736 32767 32767
595 -5007 3566 23490 32767 32767
969 -4200 3521 18255 27312 32767
1168 -2978 3238 15056 23762 32767
1255 -2373 3179 10463 21772 28499
1284 -1366 3134 7569 22543 22350
1331 -323 2592 4496 24092 12808
1374 -91 2445 3217 23397 3782
1027 791 1986 3090 21881 -2415
48 1621 1907 2662 20127 -12604
-896 1960 2082 687 19288 -23206
-1876 2349 2451 -1803 18987 -29479
-2333 2664 2365 -6083 17917 -32768
-2194 2458 1948 -8477 16510 -32768
-2035 2139 1971 -11725 13902 -32768
-2165 1825 2090 -15427 10267 -32768
-2240 1776 1848 -17692 7021 -32768
-2155 1773 1681 -19538 1608 -32768
-1890 1306 914 -18763 -2789 -32768
-1958 913 697 -17098 -4236 -32768
-2006 647 599 -13292 -3109 -32768
-2007 417 444 -9752 433 -32768
-1851 -62 -131 -2076 7573 -32768
-1793 -297 -409 7367 16002 -32768
-1390 -88 -302 13247 22457 -32768
-1222 -100 -244 21162 30878 -32768
-1185 -286 -270 28099 32767 -32768
-1057 -461 38 31690 32767 -32768
-1302 -244 -1 32767 32767 -32768
-1483 -38 -32 32767 32767 -32768
-1435 -135 199 32767 26868 -32768
-1358 -722 509 32767 16591 -32768
-1365 -962 478 30050 7262 -32768
-1224 -1357 594 28426 1543 -32768
-1753 -1723 201 27953 -7123 -32768
-3041 -2022 -5 28476 -15386 -32768
-3833 -2080 -77 28866 -19213 -32768
-3857 -2232 -28 29269 -20335 -32768
-3358 -2059 112 29583 -13057 -32768
-3318 -1946 107 30257 -4452 -32768
-3296 -2038 -31 32730 9304 -32768
-3218 -2001 -232 32767 18527 -32768
-3097 -1908 -426 32767 20436 -32768
-3128 -1949 -387 32767 16994 -29405
-3133 -1914 -111 32767 9011 -25792
-3214 -1869 170 32767 2971 -24146
-3306 -1785 346 32767 -4771 -22676
-3199 -1607 288 32767 -7467 -21742
-3220 -1596 283 32767 -7261 -20288
-3354 -1605 370 32767 -3826 -18725
-3420 -1441 450 32767 -1015 -17596
-3403 -1190 537 32767 3248 -15488
-3315 -845 481 32767 5727 -13547
-3325 -641 510 32767 8688 -9790
-3625 -215 557 32767 10849 -5836
-3855 486 923 32767 12260 -3229
-3987 697 1094 32767 13339 488
-4330 1451 1353 32767 12084 3147
-4397 1617 1344 32767 7497 7782
-4650 1945 1164 32690 2470 13109
-5864 2134 876 30325 -769 15806
-7070 2392 311 29575 -1720 15773
-7325 2585 -22 28995 289 15732
-7453 2905 -431 28094 4559 16768
-7320 3355 -706 24417 12590 19874
-7633 2428 -738 16728 16158 23527
-7807 2463 -1123 9392 16193 26791
-8507 1653 -1819 -3246 12785 32412
-9227 736 -3098 -11072 12322 32767
-9275 493 -3729 -17808 20567 32767
-9002 -422 -5263 -20023 32767 32767
-8347 -1594 -4833 -22596 32767 32767
-7279 -2725 -2989 -31493 32767 32767
-6380 -3454 -1443 -32768 32767 32767
-4795 -3700 -381 -32768 32767 32767
-4536 -4125 1656 -32768 32767 -31267
-1875 -5012 2726 -32768 32767 32767
-3226 -5072 3949 -32768 29250 32767
-3780 -5481 4903 -32768 28049 32767
-4866 -5927 5678 -32768 27987 32767
-4818 -7146 5464 -32768 28748 32767
-4617 -7413 5042 -32768 30827 32767
-3545 -8307 2972 -21044 30375 32767
-2253 -7206 2663 15 32767 32767
-1410 -6694 2490 9315 32767 32767
-508 -5866 2248 16726 32767 32767
-264 -4634 2015 18674 32767 32767
-254 -3650 2094 18622 31827 32767
-113 -3197 2325 15558 24411 32767
566 -2502 2558 10520 18370 25395
1307 -1919 2482 6828 15306 19922
1469 -1638 2594 637 12500 13769
1924 -756 3371 -4488 11625 10359
1564 -302 3343 -11716 11194 4560
1451 33 2743 -14380 11366 -1247
906 851 1871 -13696 10946 -4711
252 1734 1989 -11541 8742 -9983
-383 1979 2301 -10355 8047 -13560
-1089 1606 2940 -8952 8989 -17885
-1581 1495 2810 -6604 11018 -20585
-1536 1262 2391 -4470 13095 -20847
-1325 852 2020 298 15833 -18875
-1197 373 1864 5048 18172 -15827
-1007 -241 1825 7229 20072 -14294
-1405 -545 2250 7692 22601 -15189
-2021 -724 2079 6283 22630 -21527
-2619 -598 1846 5528 19799 -28791
-3207 -441 1247 5808 12604 -32768
-3280 -533 644 9137 5608 -32768
-2903 -690 -37 12603 2522 -32768
-2377 -817 -302 18491 345 -32768
-1649 -1590 -247 23909 891 -32768
-1666 -2064 -74 27027 2162 -32768
-1703 -2177 -42 31024 3907 -32768
-1789 -2210 -171 32767 3230 -32768
-1703 -2315 -255 32767 1853 -32768
-1602 -2249 -276 32767 886 -32768
-1802 -1976 -348 32767 1254 -32768
-1930 -1896 -179 32767 1494 -32768
-2019 -1814 -102 32767 -625 -32768
-2020 -1488 -162 32767 -4296 -32768
-2016 -1454 -118 32767 -6483 -32768
-2027 -1397 -92 32767 -9498 -32768
-2191 -1403 -48 32767 -12137 -32768
-2626 -1557 80 32767 -13505 -32768
-2620 -1448 146 32767 -13089 -32768
-3124 -1421 396 32767 -11572 -32768
-3125 -1465 364 32767 -10589 -32768
-2938 -1447 398 32767 -7652 -32768
-2748 -1464 495 32767 -2484 -32768
-2845 -1353 431 32767 603 -30002
-3293 -1287 433 32767 1741 -26954
-3490 -1197 327 32767 -943 -25459
-3562 -1014 201 32362 -2767 -24652
-3611 -873 191 31655 -2763 -23547
-3895 -601 278 31133 -495 -22891
-3941 -141 424 30164 5608 -21313
-3958 33 577 28864 11994 -18299
-4241 -39 621 28131 14240 -15570
-4392 -86 650 27018 12223 -10792
-4859 -529 593 26186 7223 -7016
-4921 -714 571 25209 -1942 119
-5333 -1655 543 24566 -7022 7290
-6841 -2644 1007 23680 -5619 10062
-7423 -2395 1137 20974 2847 10636
-7499 -2037 1099 18812 9839 10471
-7342 -1987 1104 15394 18867 12371
-6619 -1627 1130 11768 20382 17383
-6544 -1583 956 9824 15268 21512
-7152 -1598 418 8712 4558 26354
-7741 -1892 18 9092 989 28358
-8760 -2571 -730 10417 6797 30001
-9571 -3583 -1628 10700 21449 30901
-9782 -4751 -2893 9279 28804 32230
-9658 -5454 -3461 2343 31865 32767
-8880 -6851 -3437 -13004 32767 32767
-8578 -7565 -3349 -25804 32767 32767
-8412 -8338 -3555 -32768 32767 32767
-8165 -9201 -2495 -32768 32556 32767
-7635 -9649 -1469 -32768 30594 32767
-6973 -9767 -244 -32768 -431 32767
-4279 -8969 3016 -32768 -91 32767
-5155 -9315 1178 -32768 13550 32767
-5795 -10146 3840 -32768 12384 32767
-7780 -10994 4999 -32768 5348 32767
-7811 -11168 4691 -32768 321 32767
-5660 -11438 3207 -32768 3374 32767
-4538 -11135 3060 -14521 15887 32767
-3696 -10321 3327 4319 29187 32767
-3687 -9984 3306 12603 32767 32767
-3433 -9338 3053 21244 32767 32767
-2532 -8414 3372 25281 32767 32767
-1611 -7030 3446 25604 32767 32767
-1159 -6186 3283 24303 32767 32767
-485 -5320 3111 21648 32767 32767
-27 -4835 3187 17326 32767 32767
625 -3901 3354 13605 32064 32767
1065 -3404 3689 6761 25907 32767
1566 -2670 3837 2223 20674 32767
1430 -1679 3384 -3134 11879 27194
1376 -1432 3184 -5811 5631 17433
1191 -103 2173 -5957 4274 10085
1167 237 2046 -4838 7320 -695
1174 696 1904 -3926 11638 -6799
701 938 2156 -3380 18968 -14733
90 1193 2619 -4732 28145 -22731
-785 1483 3481 -7496 32767 -30940
-1292 1858 3425 -8667 32767 -32768
-1457 1979 2977 -8005 32659 -32768
-1243 1628 1817 -5758 27047 -32768
-1505 1363 1148 -643 18176 -32768
-1612 1346 982 5132 10666 -32768
-1990 1465 687 8809 7559 -32768
-2089 1509 494 14016 6520 -32768
-1713 1183 181 18888 9747 -32768
-1468 962 183 21631 13507 -32768
-1247 687 194 24852 19166 -32768
-1212 494 142 27181 22624 -32768
-1208 425 93 28296 23199 -32768
-1187 337 62 29266 22100 -32768
-1034 179 -3 29721 19394 -32768
-1087 -50 -36 29755 17010 -32768
-1200 -299 -51 29282 11237 -32768
-2669 -1799 -939 32767 968 -32768
-2741 -1856 -916 32767 -3781 -32768
-2669 -2124 -831 32767 -6230 -32768
-2553 -2199 -646 32767 -3223 -32768
-2560 -2190 -483 32767 1271 -32768
-2602 -2177 -485 32767 7897 -32768
-3032 -2337 -465 32767 10277 -32768
-3397 -2574 -263 32767 9925 -28061
-3606 -2644 -69 32767 5688 -24346
-4322 -2589 119 32767 917 -22988
-4588 -2483 216 32767 -6803 -22373
-4651 -2181 447 32767 -11097 -21572
-4814 -1843 671 32767 -10957 -20592
-4586 -1498 876 32767 -5813 -17296
-4353 -1378 930 32767 3467 -10929
-3979 -1206 1025 32767 13300 -2478
-3947 -893 954 32767 16876 3059
-4176 -354 729 32767 13442 9532
-4681 4 492 32767 1474 13103
-4757 168 463 32767 -5872 14340
-5442 593 549 32767 -9156 14769
-6568 754 378 32767 -6114 13912
-7101 1065 188 32767 2616 12325
-7644 1416 -111 32767 10455 12062
-8199 1605 -880 32767 12156 13786
-8565 2007 -2033 28024 8490 19985
-9297 2331 -3299 22238 4629 25600
-9405 2186 -3583 10352 5164 32767
-9411 1361 -3884 -627 10875 32767
-8994 745 -4540 -16847 20149 32767
-8802 -129 -6416 -25185 30006 32767
-8366 -1075 -7340 -27032 32767 32767
-7852 -1702 -6723 -30681 32767 32767
-6374 -3168 -3406 -32768 32767 32767
-5349 -3790 -2094 -32768 32767 32767
-4440 -4383 -1084 -32768 8396 -12312
-4144 -4210 1696 -32768 32767 32767
-4183 -4717 1143 -32768 32767 32767
-5610 -6376 4422 -32768 32767 32767
-5985 -7052 6921 -32768 32767 32767
-5473 -7412 6862 -32768 27963 32767
-5308 -8334 5686 -32768 21248 32767
-4486 -8512 3267 -32768 12169 32767
-4002 -7666 2553 -21097 14853 32767
-2480 -6880 2298 -5064 21532 32767
-1817 -5866 2259 10068 31097 32767
-1492 -5040 2169 15653 32767 32767
-1175 -4482 1995 20463 32767 32767
-329 -3681 1928 22528 29528 32767
423 -3126 1841 22873 26760 32767
902 -2794 1856 21734 22181 31480
1435 -2363 1849 18474 17257 26208
2082 -1613 2224 14482 13923 23426
2175 -1006 3217 5126 8506 18636
1798 -575 3774 -6005 3855 11551
1144 26 3478 -11313 2283 6049
596 320 2748 -14267 3079 -2068
83 606 2479 -13617 5731 -7319
-830 957 2741 -11132 12945 -14610
-2120 1133 3376 -8673 22630 -21039
-2423 1135 3564 -6899 27991 -23687
-2240 1239 3252 -3332 30865 -23320
-1991 701 2773 515 28310 -18711
-1694 -162 2248 2690 25292 -14653
-1590 -305 1987 4860 20890 -10142
-1802 -130 1745 5625 17723 -9898
-2285 -69 1417 6146 13654 -15171
-3340 11 1261 6259 10210 -21931
-3754 -54 1467 5202 5656 -32768
-3735 -192 1172 4263 3437 -32768
-3488 -235 809 5177 881 -32768
-2629 -392 -391 7926 283 -32768
-2030 -966 -772 13638 1613 -32768
-1339 -1480 -858 20559 6808 -32768
-1031 -1657 -818 25554 11940 -32768
-709 -1856 -744 32767 20016 -32768
-736 -1908 -756 32767 23579 -32768
-847 -1946 -790 32767 22572 -32768
-1514 -1951 -852 32767 18681 -32768
-1878 -1729 -842 32767 9978 -32768
-1968 -1567 -790 32767 715 -32768
-1881 -1399 -494 32767 -3411 -32768
-1900 -1436 -160 32767 -6269 -32768
-1809 -1480 21 32767 -7327 -32768
-2437 -1489 -303 32767 -8412 -32768
-2483 -1489 -289 32767 -9746 -32768
-2590 -1481 -441 32767 -10012 -32768
-2945 -1588 -506 32767 -10090 -32768
-2991 -1576 -534 32767 -11292 -32768
-3388 -1521 -423 32767 -12663 -32768
-3449 -1565 -378 32767 -14104 -32768
-3314 -1398 -223 32767 -11937 -32768
-3401 -1520 307 32767 -7013 -31737
-3379 -1488 428 32767 4412 -26773
-4020 -1005 246 32767 10946 -23865
-4433 -896 72 32767 14328 -21271
-4604 -619 -2 32767 11736 -19318
-4782 -521 74 32767 6526 -17165
-4910 -52 160 32767 2716 -15179
-5079 303 342 30705 -87 -11535
-5204 479 564 28830 409 -8567
-5189 405 632 26222 3584 -2778
-5549 -93 525 25126 5653 1399
-5688 -170 381 25169 5433 7140
-5994 -428 -31 26878 544 12260
-6327 -850 -596 28449 -4325 15634
-6609 -1378 -746 30489 -9499 20571
-7116 -2223 -842 31405 -6954 24160
-8838 -2846 -514 29966 1147 24270
-9283 -2343 -525 24275 19905 21503
-9087 -2260 -712 16220 32767 20633
-8072 -2793 -1313 10650 32767 23133
-7740 -3316 -1866 3000 17641 30183
-8130 -4689 -3014 -2742 9807 32767
-8553 -5321 -3527 -6169 15318 32767
-8989 -6022 -3716 -14307 29124 32767
-8892 -7590 -2721 -23144 32767 32767
-8224 -8181 -2079 -32768 32767 32767
-7134 -8611 -1068 -32768 31907 32767
-6492 -8646 -596 -32768 25724 32767
-6236 -8667 -336 -32768 22198 32767
-4997 -8781 878 -32768 30598 -32768
-5835 -8326 651 -32768 14599 32767
-4553 -9512 3613 -32768 2857 32767
-4864 -8621 3941 -32768 -9743 32767
-4776 -8521 4402 -32768 -9900 32767
-4927 -8296 3938 -32768 -7062 32767
-4560 -8332 2630 -32768 -1008 32767
-4034 -8075 1806 -32768 6069 32767
-3200 -7758 1687 -14227 20481 32767
-2789 -7350 1744 3900 32767 32767
-2602 -7025 1763 13052 32767 32767
-2352 -6347 1980 21930 32767 32767
-1961 -5723 2328 25094 32767 32767
-1681 -5283 2599 24552 32767 32767
-1361 -4492 2876 20897 32767 32767
-1160 -4043 2938 15593 32767 32767
-823 -3479 3062 11626 32767 32767
-588 -3210 3228 5122 32523 32767
-271 -2671 3448 794 27257 32767
-220 -2137 3564 -4982 19784 32767
-272 -1588 3202 -8268 13402 32634
-354 -1276 2885 -8246 9714 26791
-242 -270 2460 -7051 9339 22022
-273 55 2269 -3967 10633 13658
-493 851 1942 -873 14003 4426
-661 1452 2506 -41 17787 -1685
-877 1666 2997 -1415 24218 -10981
-1095 1921 3365 -4885 27827 -20240
-1071 2335 3290 -7046 27323 -25745
-1020 2492 2748 -8526 23719 -32618
-953 2410 2153 -7720 21129 -32768
-983 2105 1357 -3707 18745 -32768
-1183 1809 992 1903 18474 -32768
-1357 1646 735 8208 17525 -32768
-1402 1416 229 12548 15918 -32768
-1156 1212 66 18393 13792 -32768
-1029 791 19 21435 12761 -32768
-993 542 -70 25205 11572 -32768
-963 326 -131 27948 11081 -32768
-915 86 31 29449 11547 -32768
-917 32 44 30269 14861 -32768
-978 -108 155 30224 17076 -32768
-934 -367 -316 30554 16660 -32768
-1020 -519 -389 31158 13438 -32768
-1239 -790 -399 31242 8932 -32768
-1022 -935 -502 31165 5991 -32768
-991 -1043 -518 31099 2538 -32768
-1225 -1683 -661 31505 506 -32768
-1217 -1845 -807 32370 108 -32768
-1410 -1971 -865 32767 366 -32768
-2149 -2266 -958 32767 -81 -32768
-2407 -2233 -925 32767 -752 -32768
-2475 -2219 -882 32767 -1004 -32768
-2591 -2236 -699 32767 495 -32768
-2839 -2342 -526 32767 2398 -32768
-2950 -2240 -536 32767 5818 -32768
-3025 -2103 -570 32767 8060 -32768
-2978 -2121 -608 32767 10392 -32768
-3017 -2154 -635 32767 10807 -32768
-3325 -2337 -546 32767 9769 -30845
-3416 -2448 -449 32767 6944 -26002
-3597 -2484 -310 32767 4772 -22570
-3685 -2473 -183 32767 1712 -17294
-3971 -2151 15 32767 -1407 -12739
-4240 -2058 114 32767 -3734 -10402
-4458 -1956 202 32767 -5770 -7512
-4467 -1620 440 32767 -4671 -4374
-4321 -1334 493 32767 -2601 -1699
-4244 -1076 490 32767 686 2786
-4184 -620 455 32767 1702 5767
-4399 -45 461 32767 1045 9675
-4316 498 481 32767 -574 13942
-4359 708 449 32767 -1390 17058
-4543 837 292 32767 -1844 21381
-5344 1069 -76 32767 -1497 24023
-6086 1248 -521 32767 -1719 24225
-7005 1548 -866 32767 698 22078
-7897 2224 -1520 32767 9038 21182
-8254 2518 -2812 30597 15697 23011
-8508 2818 -3542 17426 20896 29017
-7900 1872 -3433 4503 20579 32767
-7389 1724 -3279 -19279 21897 32767
-6932 1490 -3874 -32768 25427 32767
-6817 1111 -5049 -32768 31742 32767
-7014 514 -5903 -32768 32767 32767
-6974 -664 -5247 -32768 32767 32767
-6470 -1484 -3815 -32768 32767 32767
-7446 -6113 -3532 -29021 32767 -32768
-4045 -2987 3042 -32768 32767 32767
-3971 -4322 3579 -32768 32767 32767
-5679 -4498 3921 -32768 32767 32767
-5618 -4731 4105 -32768 32767 32767
-4408 -4969 4623 -32768 32767 32767
-4015 -5891 4128 -32768 32767 32767
-3808 -5767 2951 -32768 25495 32767
-3776 -5488 2087 -32768 16033 32767
-3479 -5422 1415 -28936 13855 32767
-3080 -5202 1356 -13629 15717 32767
-2231 -4553 1617 -7048 19213 32767
-1348 -3851 1884 -2027 25061 32767
-763 -3000 1955 -571 28718 31868
-462 -2586 2060 -745 29388 28180
-308 -2328 2172 -2146 27242 22686
-93 -1599 2243 -4043 22081 17240
-70 -1237 2344 -5509 17664 13755
-104 -1115 2383 -7568 10745 9335
76 -786 2272 -8581 4347 6828
318 -613 2283 -8910 -109 6148
58 -293 2350 -8861 -7238 5303
-750 -148 1985 -6771 -12677 2906
-1145 -87 2019 -4731 -13492 205
-1592 223 2099 -1748 -9885 -4726
-2030 533 2413 42 -1349 -10403
-2219 508 2593 578 5606 -14036
-2414 342 2763 497 15609 -18817
-2469 208 3020 -130 20692 -21157
