-1920 840 431 1188 9382 1160
-1957 890 366 -1210 1864 -159
-1972 913 231 -2976 -3345 -1331
-1804 874 114 -3831 -4584 -1652
-1796 737 28 -4328 -4063 -1530
-1815 717 19 -4439 -1174 -1210
-1914 793 -27 -4323 702 -1116
-2009 820 -92 -3795 1975 -1195
-2054 832 -89 -2878 1507 -1236
-2085 786 -87 -2091 555 -1161
-2113 746 -112 -638 -1197 -1081
-2104 710 -118 337 -2185 -1038
-2106 682 -102 1437 -2485 -1038
-2137 661 -11 1849 -1611 -1352
-2162 632 4 1799 -1086 -1649
-2159 625 12 1387 -485 -2042
-2165 585 27 869 -413 -2171
-2139 516 26 612 -514 -2014
-2119 528 28 302 -833 -1496
-2122 425 12 87 -427 -1076
-2064 485 28 -430 1462 -449
-2010 506 -39 -659 2649 86
-2027 563 -162 116 2427 -13
-1971 546 -258 1233 2152 -271
-1891 552 -284 3300 1577 -751
-1805 568 -232 5227 823 -1256
-1758 544 -175 6227 239 -1392
-1722 548 -126 7081 -484 -1485
-1788 509 -22 7090 -930 -1754
-1892 455 51 6644 -939 -2100
-1998 504 93 5261 -1567 -2918
-1963 536 127 3418 -3173 -3581
-1900 567 58 2337 -4417 -3903
-1868 621 -20 1396 -6181 -4288
-1830 685 -182 1367 -6951 -4352
-1808 715 -267 2030 -6935 -4206
-1820 690 -274 3205 -5835 -3880
-1885 594 -261 4351 -3950 -3368
-1953 615 -171 4857 -1477 -2836
-1975 637 -93 4881 184 -2439
-1951 642 -30 4486 2088 -1713
-1938 663 28 4070 2682 -1359
-1937 683 44 3473 2760 -1080
-1960 690 38 3016 1827 -1150
-1999 692 37 2769 648 -1345
-2024 721 48 2292 -1703 -1741
-2040 693 87 1651 -3876 -2023
-1979 635 166 1120 -4874 -1903
-1915 663 192 323 -5845 -1265
-1945 653 220 -392 -6489 -545
-1947 667 207 -833 -6930 184
-1989 662 181 -930 -6765 581
-2008 651 172 -745 -5558 967
-2008 675 156 -445 -4431 1122
-2009 660 170 47 -2643 1160
-1992 643 180 340 -1708 1111
-1978 671 229 602 -795 938
-1926 651 270 713 -668 972
-1910 620 289 827 -1220 1137
-1915 601 307 887 -2042 1281
-1911 585 345 860 -2309 1307
-1897 581 347 793 -2035 1297
-1956 548 331 644 -1542 1046
-1877 437 283 545 -862 724
-1927 736 380 -12 487 365
-1920 701 376 -390 821 302
-1892 507 312 -706 773 254
-1922 556 287 -752 431 210
-1926 603 305 -773 -707 201
-1920 561 289 -650 -1841 317
-1959 484 271 -333 -3452 519
-1945 444 280 -74 -3695 736
-1947 500 297 -2 -3039 811
-1974 469 316 -201 -517 668
-1956 543 369 -749 1951 574
-1918 523 331 -1059 2625 589
-1914 536 312 -1320 2107 587
-1903 566 296 -1373 1149 523
-1921 517 276 -1232 -974 476
-1899 496 262 -985 -2575 617
-1875 486 276 -836 -2758 707
-1836 502 269 -712 -1996 876
-1816 505 221 -616 -1194 1004
-1826 488 214 -343 -88 1007
-1834 493 231 -7 461 713
-1826 493 224 415 314 360
-1839 492 240 695 -3 86
-1853 463 249 969 -228 -331
-1799 499 287 961 309 -533
-1782 492 273 871 832 -564
-1754 497 274 653 1759 -481
-1760 520 250 446 2326 -433
-1764 532 219 212 3031 -289
-1801 518 210 11 3466 -164
-1848 433 291 -521 4079 -220
-1903 457 263 -932 3729 -973
-2042 557 169 -1013 2561 -1716
-2066 546 151 -1073 89 -2816
-1978 505 167 -1115 -1120 -3184
-1920 534 187 -1305 -1834 -3214
-1947 530 201 -1506 -1538 -2906
-1954 518 202 -1607 -1093 -2567
-1958 524 201 -1511 -392 -1962
-1989 526 207 -1262 91 -1419
-1991 538 207 -968 262 -1115
-2036 543 194 -320 388 -906
-2070 545 197 145 518 -833
-2051 534 222 689 929 -796
-2029 519 237 1075 1695 -700
-1991 558 236 1288 2155 -578
-1975 580 218 1586 2489 -409
-1966 546 217 1819 2426 -344
-1972 528 217 2120 1930 -228
-1926 549 205 2355 1619 -65
-1909 548 204 2459 1876 79
-1995 420 220 2313 3801 143
-1934 449 253 1879 6140 91
-1935 531 166 988 9758 -333
-1959 571 83 162 11372 -1140
-1940 575 -61 -105 11174 -1646
-1908 547 -48 -367 9491 -2257
-1811 513 -46 -452 5959 -2397
-1820 520 -27 -450 2800 -2472
-1842 505 11 -742 -1499 -2653
-1869 475 77 -1120 -3599 -2690
-1866 439 77 -1615 -4956 -2512
-1909 428 32 -1654 -4340 -2282
-1957 463 -52 -1270 -3257 -2133
-1968 465 -95 -37 -1078 -1824
-1984 450 -120 1042 318 -1595
-2045 369 137 3637 1155 -1376
-2009 386 240 3032 245 -1353
-1951 411 271 1971 -1262 -1193
-1917 394 232 1351 -2079 -1026
-1892 388 187 896 -2689 -744
-1898 404 69 981 -2779 -747
-1906 384 23 1666 -2832 -1000
-1900 348 1 2808 -2671 -1425
-1845 282 56 3569 -2362 -1671
-1796 217 110 4680 -2108 -1851
-1550 -29 313 5137 -1849 -1896
-1461 -79 386 5246 -1331 -1926
-1237 -294 638 4470 -2160 -2572
-992 -585 867 3766 -3432 -3515
-945 -758 927 3278 -5425 -5979
-931 -1176 1040 3678 -6547 -8175
-976 -1741 1135 5579 -7604 -11903
-1044 -2059 1255 7579 -7579 -14631
-1014 -2433 1445 11220 -6410 -18301
-871 -2841 1536 16086 -5358 -21195
-891 -3150 1533 20021 -4878 -22966
-905 -3394 1634 26363 -5431 -25229
-1062 -3713 1895 30549 -7645 -26427
-1183 -3875 2058 32767 -11833 -28176
-1655 -4184 2497 32767 -14347 -30365
-2082 -4481 2755 32767 -14312 -31479
-2565 -4670 2719 32767 -13378 -32680
-3255 -4701 2608 32767 -15077 -32612
-4042 -4409 2453 32767 -19233 -31534
-4299 -4310 2420 32767 -27150 -29277
-5159 -4067 2362 32767 -29851 -27998
-5862 -3729 2283 32767 -28173 -27582
-7091 -3065 2018 32767 -24015 -28243
-7919 -2589 1655 32767 -21012 -27936
-8774 -1291 115 32767 -22399 -21658
-9136 -642 -1048 32767 -22192 -14127
-10330 44 -4066 32767 -18711 -2227
-12912 -141 -7499 32767 -5535 4250
-13999 -277 -8707 32767 8841 6176
-15125 -950 -11885 32767 20414 16202
-14290 -1422 -15055 9196 18590 29917
-14788 -1270 -17114 -30031 26308 32767
-16238 -1207 -18094 -32768 32767 32767
-16346 -1850 -16240 -32768 32767 32767
-16458 -3733 -10983 -32768 32767 32767
-17205 -5595 -6897 -32768 32767 32767
-17579 -7379 -2314 -32768 32767 32767
-18311 -9993 1056 -32768 32767 32767
-20134 -11296 3327 -32768 32767 32767
-20095 -12464 4260 -32768 32767 32767
-17529 -12988 6224 -30227 32767 32767
-15583 -12973 7661 -23307 32767 32767
-12643 -12721 7394 -18663 32767 32767
-9928 -12628 6075 -9048 32767 32767
-4890 -13168 4789 -2680 31414 32767
-3617 -12951 4596 -1506 25909 32767
-2233 -12352 4344 -1912 20565 32767
-102 -11633 3925 -1909 18275 32767
977 -10433 3747 -1610 14162 19782
1913 -8086 3625 -1905 12484 7391
2676 -5765 3778 -2149 11799 1225
2495 -3577 3735 -1297 7002 -6965
1866 -1978 3295 1172 2872 -14048
1159 -1377 2879 3161 2344 -17947
228 -979 2507 4619 1230 -23159
-1350 -110 2160 3897 1004 -26062
-1636 245 2141 1066 2589 -29470
-2367 1205 1694 -649 3629 -31214
-2527 1862 1707 -3575 8347 -32165
-2712 2531 2090 -6362 13270 -31022
-2918 2642 2181 -7233 15559 -30050
-3239 2641 2571 -8068 8349 -27523
-3165 2452 2303 -8568 2936 -24869
-3041 2144 1897 -8770 4353 -20661
-2502 1409 1439 -8640 8169 -18106
-2334 1017 1424 -8779 12256 -16318
-2142 733 1526 -8809 13518 -17444
-1052 62 670 4370 14027 -32768
-1075 101 465 6251 12852 -32768
-950 86 417 9034 9509 -32768
-687 94 374 10520 7284 -32768
-533 62 217 12573 5418 -32768
-528 -77 101 14592 6896 -32768
-529 -174 26 16089 9053 -32768
-590 -349 -41 18274 11528 -32768
-813 -603 -58 19341 12136 -32768
-1032 -822 -63 20112 9813 -32768
-1192 -1170 -102 20246 4439 -32768
-1449 -1455 -317 20496 1324 -32768
-2001 -1927 -512 21615 1757 -32768
-2222 -2272 -522 23034 8506 -32768
-2201 -2511 -505 24699 15614 -32768
-2328 -2974 -476 26148 17855 -32768
-2560 -3693 -774 29830 16592 -32768
-3020 -3972 -934 32767 13204 -32768
-4359 -4270 -1019 32767 8398 -32768
-4919 -4423 -812 32767 10802 -32768
-4507 -4053 -119 32767 15603 -32768
-4231 -3884 -12 32767 22548 -32768
-3281 -3215 84 32767 24943 -32768
-3141 -2920 51 32767 22332 -29535
-3203 -2578 -170 32767 13619 -24498
-3371 -2248 -304 32767 6805 -22919
-3953 -1983 -298 32767 4250 -23433
-4048 -1957 -233 32767 4020 -24536
-4445 -2090 586 32767 6662 -24691
-4479 -2063 765 32767 11684 -22985
-4508 -1856 902 32767 12201 -18956
-4611 -1726 826 32767 9439 -15640
-4528 -1286 807 32767 6447 -12098
-4451 -1218 930 32767 3901 -7062
-4349 -928 1334 32767 2723 -4277
-4279 -647 1600 32767 2043 -3689
-4267 -316 1509 32767 1452 -4338
-4210 336 1534 32375 1793 -4752
-4160 675 1553 32338 795 -3768
-4122 867 1502 32767 -1199 -622
-4382 1272 1214 32767 -1939 1652
-4539 1463 1051 32767 -865 5034
-4858 1698 954 32767 816 7053
-5363 1772 667 32767 2546 9818
-5637 1823 283 32767 3642 11993
-5980 1922 -250 32767 6082 15940
-6767 2038 -1491 32767 6971 18696
-7646 2007 -2662 32767 6704 23427
-8776 1625 -3760 26422 9167 29823
-9284 1364 -4104 18745 14250 32767
-11076 292 -5750 4964 20024 32767
-12253 -574 -6517 -9464 23239 32767
-13330 -1416 -7233 -18927 28034 32767
-13951 -2407 -8101 -31593 32767 32767
-14065 -3622 -7095 -32768 32767 32767
-13973 -4050 -6396 -32768 32767 32767
-14400 -5960 -3330 -32768 32767 32767
-4721 -12702 5891 -9210 32767 32767
-1516 -12096 4593 -7341 26820 32767
-954 -11916 4373 -6168 21151 32767
729 -11106 3763 -5856 13049 28846
2211 -9230 2670 -5328 8716 18730
2436 -8063 2335 -4577 7221 4288
2652 -7070 2190 -4204 7861 -7807
2137 -5433 2226 -4280 8063 -14923
1395 -4419 2404 -4952 8893 -23211
802 -3037 2543 -4875 9600 -24975
494 -1700 2437 -4035 8782 -23340
-217 -785 2341 -2192 3810 -19968
-508 -365 2259 -406 654 -17531
-1052 270 2131 309 1119 -17326
-1555 603 2133 226 5504 -18916
-2151 1049 2297 -1619 12626 -20559
-2508 1539 2683 -3786 17960 -20805
-2533 1932 3009 -7457 20519 -18052
-2298 2108 3142 -9033 18389 -13984
-2266 2032 3146 -9492 11906 -7803
-2632 2150 2602 -7594 6484 -5150
-2852 1767 2356 -6054 6763 -4969
-2689 1277 2422 -5151 11024 -5802
-2698 1007 2469 -6675 16648 -8342
-2897 872 2179 -9082 18579 -12122
-3005 859 1720 -10331 17743 -14799
-2754 865 1515 -11182 15193 -17290
-2406 807 1419 -11362 13304 -17368
-1967 670 1215 -10992 12454 -16945
-1929 640 1135 -9382 11746 -16861
-1870 522 820 -7579 11415 -17547
-1836 441 664 -4672 11761 -19294
-1634 310 736 -3242 13278 -20948
-1018 53 1384 -3568 14360 -21803
-776 39 1391 -4246 14332 -23232
-583 171 1174 -3341 12235 -25272
-619 87 822 -1133 10103 -26971
-732 -56 448 4360 6968 -29885
-847 -256 77 10803 4932 -32565
-744 -355 30 16411 3376 -32768
-701 -412 92 18830 3479 -32768
-462 -664 612 20146 6155 -32768
-617 -765 751 20043 8207 -32768
-961 -863 729 19663 8872 -32768
-1062 -855 632 19773 6849 -32768
-984 -791 413 20836 4068 -32768
-812 -723 124 22879 2552 -32768
-522 -726 -69 24524 3450 -32768
-495 -766 -80 26789 7215 -31897
-494 -764 -66 28233 10178 -30755
-606 -879 4 28644 10259 -31148
-913 -1244 149 28389 9233 -32378
-1001 -1349 146 27595 6197 -32768
-1454 -1705 -62 26588 4403 -32768
-1738 -1874 -100 25669 5407 -32768
-1873 -2162 -176 24261 9199 -32768
-1849 -2731 -166 22670 12674 -32768
-1741 -3242 -243 21981 13467 -32768
-1983 -3940 -461 22183 14538 -32768
-2340 -4591 -479 23908 16775 -32768
-3484 -5858 -300 25463 17092 -32768
-4491 -6455 -51 26951 14965 -32768
-4872 -6458 565 26330 12663 -32768
-4423 -6077 616 25324 13051 -32768
-3738 -5692 532 24640 18186 -32768
-2855 -4464 -178 26701 22873 -27225
-2755 -3817 -242 28893 23753 -22037
-2743 -3624 -255 32139 20960 -17742
-2742 -3195 30 32767 14563 -16840
-2753 -3197 480 32767 9914 -17323
-2744 -3230 670 32263 6061 -18463
-2625 -2998 822 30887 6776 -18712
-2576 -2904 803 29504 10533 -17538
-2461 -2596 832 29426 13006 -14715
-2623 -2222 848 30076 11243 -12673
-2921 -1962 843 31581 5729 -10241
-3251 -1602 968 32284 3391 -8892
-3556 -1312 1050 32488 3828 -6337
-3732 -1108 1112 31613 6570 -2981
-4054 -739 1041 31113 7774 -637
-4555 -429 748 31776 9178 2541
-4856 -206 549 32767 9035 4833
-5199 -27 337 32767 6318 9458
-5963 73 -167 32767 6399 12863
-6721 46 -850 32767 9590 17583
-7169 32 -1465 32767 12276 21492
-7936 -105 -2953 32142 11562 24000
-9370 -734 -5188 24316 9438 28256
-10841 -1611 -6812 14697 14267 32767
-13749 -3488 -8673 6575 20330 32767
-15284 -4963 -9172 -9666 31148 32767
-16843 -8288 -8616 -29603 32767 32767
-17152 -9067 -8365 -32768 32767 32767
-17559 -10894 -7188 -32768 32767 32767
-17300 -12863 -4223 -32768 32767 32767
-17501 -13787 -1715 -32768 32767 32767
-18086 -14847 1280 -32768 30451 32767
-15208 -15236 8808 -32768 32767 32767
-21941 -19034 8354 -32768 32767 32767
-21888 -18797 8290 -32768 32767 32767
-18133 -18698 9775 -32768 32767 32767
-12975 -17349 10015 -32768 32767 32767
-11723 -17058 9457 -32768 32767 32767
-7833 -16626 7094 -26913 30347 32767
-3786 -15928 6316 -16024 31416 32767
-1713 -14500 5916 -10113 27093 32767
1361 -11820 5221 -8172 23037 32767
2181 -10713 4886 -8041 20940 30315
2871 -9488 4362 -6849 17029 16097
3413 -7528 3684 -3974 14481 6678
2710 -5101 3591 -2603 12595 1319
2193 -4067 3701 -2827 10092 -6359
1557 -3079 3608 -3770 6321 -13353
528 -1752 3259 -4050 4033 -17711
-92 -1055 3070 -4590 2924 -23127
-848 -236 2829 -5312 2902 -25594
-1226 232 2744 -7024 4725 -27644
-1907 849 2895 -8847 9109 -29446
-2595 1380 2898 -9193 11477 -30488
-2779 1704 2722 -7928 14342 -30767
-2960 2492 2641 -6042 17854 -29459
-2949 2296 2568 -4915 19101 -27498
-2870 2165 2593 -4009 17283 -24106
-2898 1979 1991 -2936 12972 -21119
-2670 1485 1633 -2340 12489 -19861
-2538 1244 1513 -1493 15923 -19428
-2184 831 1357 -237 21026 -19859
-1942 594 1241 845 23599 -20513
-1870 467 1189 2755 25119 -21997
-1670 431 884 4359 23945 -22960
-1379 445 627 6921 19944 -23663
-1095 356 545 8274 16847 -23648
-966 281 594 9050 13177 -23177
-712 189 943 7745 12984 -22857
-552 109 955 6186 14486 -23335
-512 107 722 5880 14908 -24370
-506 127 597 7154 14309 -26630
-470 153 280 10062 12158 -29052
-461 195 107 12426 10002 -30494
-365 207 25 15484 6333 -31845
-366 106 31 16886 4555 -32358
-406 18 136 17394 4813 -32768
-497 -40 249 16890 6040 -32768
-607 -158 290 15655 7305 -32768
-727 -312 282 14847 7502 -32768
-771 -437 214 14332 6335 -32768
-885 -618 108 14566 3294 -32768
-1227 -823 -137 15362 293 -32768
-1624 -1151 -359 17410 -2184 -32768
-2262 -1497 -535 19577 -67 -32768
-2555 -2039 -432 20675 3908 -32768
-2497 -2193 -424 21768 11379 -32768
-2431 -2920 -534 23216 17535 -32768
-2578 -3268 -615 24815 19221 -32768
-3035 -3839 -723 27974 16064 -32768
-3557 -4195 -913 30750 11859 -32768
-4037 -4456 -844 32767 9744 -32768
-4531 -4690 -524 32767 13937 -32768
-4437 -4431 -36 32767 18515 -32768
-3982 -4148 152 32767 22981 -32768
-3018 -3568 76 31977 21958 -32768
-2805 -3400 -55 32109 20108 -32768
-2519 -2995 -390 32767 18329 -29892
-2620 -2841 -517 32767 17553 -27648
-2984 -2423 -326 32767 15116 -27050
-3141 -2312 7 32767 12414 -27489
-3151 -2255 468 32767 9239 -27099
-3081 -2166 895 32767 7627 -24227
-3430 -1805 677 32767 7645 -21104
-3566 -1785 733 32767 10290 -15398
-4339 -1652 647 32767 11506 -12084
-4840 -1289 796 32767 12499 -8304
-5411 -847 1377 32767 12108 -4204
-5425 -307 1867 32767 10956 -333
-5548 -128 1666 32767 8137 5430
-6384 602 879 32767 8574 9070
-6764 822 613 32767 9126 11305
-6978 1176 311 32767 9138 16391
-7760 1415 -824 32767 9330 20460
-8124 1481 -1274 32767 12102 24016
-9161 1631 -2715 32767 13523 25307
-9641 1631 -4004 32767 12526 27240
-10477 1305 -6528 23330 12787 32767
-11359 713 -8361 10471 15480 32767
-13339 -541 -11043 -9265 26299 32767
-14976 -1674 -12405 -22367 32767 32767
-16381 -3188 -11096 -32768 32767 32767
-17730 -4331 -9209 -32768 32767 32767
-19467 -6732 -6169 -32768 32767 32767
-20405 -9299 -2914 -32768 32767 32767
-22703 -10696 1563 -32768 32767 32767
-23111 -16081 6576 -32768 32767 32767
-24784 -14943 5159 -32768 32767 32767
-22725 -17756 4883 -32768 32767 32767
-20338 -19039 6023 -32768 32767 32767
-16546 -18791 6608 -32768 32767 32767
-12206 -17581 5486 -32768 32767 32767
-10784 -17452 4798 -32768 29107 32767
-6959 -17443 3282 -22563 29779 32767
-4139 -16202 2350 -14735 29934 32767
-2345 -15055 2510 -7840 27402 32767
-58 -13683 2921 -5498 25339 32767
985 -11634 2738 -2038 23832 14798
1529 -10086 2645 2203 19144 879
2040 -8637 2770 4495 13663 -5115
2009 -6503 2727 6932 7102 -11883
1411 -5073 2440 8420 6681 -15741
772 -4322 2234 10627 8025 -21477
-227 -3204 2262 10986 7975 -25236
-1166 -2064 2703 8456 6169 -29945
-1354 -1344 2829 3789 6247 -30921
-1190 137 2737 885 7482 -29163
-1164 322 2732 -2496 4970 -23992
-1325 756 2685 -4012 1674 -20389
-1487 892 2667 -4976 -125 -17769
-1891 1380 2649 -4296 3059 -17652
-2134 1748 2635 -3182 6169 -17793
-2286 1950 2808 -2287 11884 -17520
-2239 2177 3048 -2533 14789 -16325
-2232 1995 3199 -3752 14849 -13453
-2355 1907 2982 -4845 10514 -10775
-2239 1619 2726 -4556 8637 -9106
-2269 1325 2181 -2515 9318 -8176
-2478 1182 1881 328 12772 -10346
-2548 1144 1626 1681 15547 -12856
-2618 1106 1573 1881 17475 -16716
-2625 926 1577 810 17212 -18548
-2495 676 1554 -1648 16009 -19921
-2321 657 1212 -2968 14636 -20306
-2161 700 1016 -3876 12121 -20654
-2018 704 794 -3484 8857 -20708
-1789 469 559 -2833 6521 -20780
-1673 428 543 -1740 5478 -20892
-1311 246 444 -370 7665 -21386
-1214 133 295 991 9730 -22210
-1131 87 198 3474 11862 -24029
-698 -724 415 20230 8701 -32503
-824 -680 548 21196 8034 -31939
-698 -622 613 21645 6341 -30413
-627 -691 541 21829 5467 -29165
-653 -724 463 22596 4571 -27974
-727 -806 260 24048 4577 -27941
-809 -1032 148 25232 5386 -28604
-1109 -1093 77 26882 7006 -30904
-1310 -1247 122 27440 6845 -32768
-1458 -1404 209 26869 5366 -32768
-1490 -1722 358 25069 3775 -32768
-1591 -2003 253 24167 4334 -32768
-1788 -2544 -10 24704 7826 -32768
-2036 -2926 -232 28322 11789 -31936
-2593 -3833 -551 31835 14419 -32344
-2879 -4651 -302 32767 18138 -32768
-3532 -5769 439 32767 17377 -32768
-4419 -6052 812 32767 13101 -32768
-4808 -5955 1087 30224 13535 -32768
-3708 -5373 907 30204 16654 -32768
-3071 -5004 660 32767 21071 -31205
-3173 -4400 558 32767 21143 -26342
-3455 -4234 830 32767 16351 -24782
-3645 -4042 1348 32767 9901 -27338
-3811 -4034 1594 32767 7759 -28550
-4028 -3870 1701 32767 8165 -27991
-4372 -3374 1702 32767 9556 -24241
-4576 -2784 1603 32767 8061 -20414
-4720 -2326 1515 32767 2641 -14567
-5303 -1657 979 32767 -1293 -10211
-5635 -1369 830 32767 -418 -8035
-5999 -1186 649 32767 4004 -4425
-6308 -881 489 32767 7371 -924
-6565 -668 -102 32767 9169 5643
-6980 -465 -1048 32767 9854 11837
-7393 -433 -1882 32767 10022 16899
-8060 -454 -3420 32767 9418 19983
-8847 -690 -4813 32767 10064 23879
-10506 -1470 -7051 23341 14088 28206
-12306 -2874 -9051 10745 18400 32767
-13759 -4059 -10159 -10086 26924 32767
-15147 -6363 -11362 -29110 32767 32767
-15862 -7693 -10573 -32768 32767 32767
-16698 -9936 -8045 -32768 32767 32767
-16662 -11246 -6244 -32768 32767 32767
-16976 -13162 -3611 -32768 32767 32767
-17844 -14851 -1362 -32768 32767 32767
-18622 -18267 6232 -32768 32767 32767
-21513 -19419 6833 -32768 32767 32767
-21161 -19470 7210 -32768 32767 32767
-17745 -18783 8449 -32768 32767 32767
-13329 -17113 9349 -32768 32767 32767
-10497 -16631 8779 -30834 31840 32767
-6654 -16017 7004 -22460 32454 32767
-3995 -15719 6257 -12503 32767 32767
-84 -14106 5302 -8368 30257 32767
905 -12804 5015 -10307 22190 32767
2474 -10609 4523 -15153 13753 20111
3112 -9427 3776 -16813 8830 12556
3311 -7786 2818 -16247 7591 4292
2990 -6579 2545 -15160 8313 -4514
2315 -4355 2671 -14978 8453 -9821
1893 -3808 2627 -13833 8132 -17112
328 -2107 2267 -10834 7132 -23787
-3497 2137 2304 -5095 16824 -21497
-3755 2144 2205 -2255 16517 -25625
-3953 2099 1839 1927 18012 -29702
-3672 2158 1630 4895 19084 -30406
-2992 2323 1640 7518 21237 -27902
-2575 2494 2068 6668 22536 -24784
-2155 2290 2481 2370 22641 -19436
-1817 1858 2434 -1348 20506 -16218
-2016 1644 1780 -1757 18829 -16330
-2159 1447 1349 348 17871 -18608
-1669 1206 1106 2275 17442 -19963
-1535 1117 1090 4445 15275 -20936
-1189 851 1338 4414 12382 -21004
-891 474 1434 3702 10575 -20951
-802 329 1224 3297 8222 -21158
-847 80 781 4943 7564 -22277
-845 6 494 6979 8923 -23458
-808 -105 352 10696 11565 -25090
-672 -180 344 13988 11033 -25515
-569 -204 413 15798 8158 -24718
-445 -367 544 16125 6083 -23881
-413 -415 553 15791 3092 -22787
-462 -583 462 15203 1524 -22378
-479 -757 351 15134 1776 -22569
-677 -915 64 16094 3353 -23698
-912 -1132 -257 18537 5382 -25463
-1052 -1249 -278 21389 6297 -27272
-1275 -1469 -423 24113 4468 -28376
-1262 -1671 -413 26110 3298 -28582
-1332 -1943 -576 27285 3315 -28381
-1446 -2359 -750 29887 8213 -28394
-1691 -2779 -990 31603 11491 -29067
-1886 -3085 -1087 32767 14623 -31143
-2431 -3685 -1029 32767 12051 -32768
-2884 -3802 -934 32767 7837 -32768
-3460 -3994 -707 32767 3901 -32768
-3466 -3918 -506 32767 8339 -32768
-3187 -3847 -430 31735 14955 -32768
-4435 -1881 1259 32767 15043 -21610
-5024 -1336 1195 32767 13746 -16868
-5442 -1034 1268 32767 9319 -9668
-5896 -480 1927 32767 6628 -5421
-6080 -320 2232 32767 4636 -430
-6224 -64 2299 32767 5749 3089
-6489 456 1873 32767 6952 4880
-6659 841 1273 32767 7078 7709
-6870 1330 426 32767 6443 11299
-7073 1869 -285 32767 6434 14106
-7285 2089 -752 32767 9036 17945
-7933 2202 -1998 32767 11534 20560
-18632 -9506 -4137 -32768 32767 32767
-18557 -11403 -2158 -32768 32767 32767
-19557 -15966 1471 -32768 32767 32767
-21555 -16990 2494 -32768 32767 32767
-20378 -17493 3462 -32768 32767 32767
-18280 -17660 4929 -32768 32767 32767
-15572 -16843 5499 -32768 32767 32767
-11547 -15201 4720 -27596 32767 32767
-9287 -14891 4294 -9074 28996 32767
-7025 -14759 4091 -2760 26686 32767
-2969 -14871 2728 -1805 20367 32767
-2310 -14472 2395 -250 10074 32767
-347 -13140 1786 770 9828 28851
987 -11105 1898 292 8953 14639
1929 -9681 1903 -472 8401 274
2156 -6687 1967 -215 9071 -6292
1937 -5980 2045 1216 9156 -14610
1161 -4059 2266 2941 7437 -20200
404 -2635 2408 3919 6174 -22174
-695 -1779 2596 3942 4671 -24077
-1220 -923 2746 2690 4786 -24618
-1346 -645 2776 -188 5446 -24342
-1995 318 2667 -2335 6906 -24436
-2185 821 2563 -2661 8842 -24119
-2156 1234 2538 -2104 12848 -21187
-1893 1744 2858 -2246 16194 -16339
-1583 1989 3032 -3039 16258 -12461
-1683 2095 2856 -3493 14115 -12079
-1788 2027 2447 -3867 10024 -14063
-1824 1882 2319 -4640 8845 -16646
-2051 1570 2214 -5217 8954 -18255
-2302 1399 1992 -5232 9239 -20390
-2831 1073 1841 -4977 10110 -21499
-3027 946 1793 -4392 11906 -22660
-3055 783 1704 -3534 14240 -23286
-2971 704 1299 -2432 15408 -23439
-2768 661 1028 -303 16229 -23438
-2737 657 916 1687 15197 -23929
-2615 699 795 2550 12991 -24479
-2465 665 762 2840 9091 -25150
-1952 475 1001 2180 7181 -25203
-1806 398 1069 277 7192 -25116
-1607 286 1175 -1260 9752 -26205
-1647 320 881 -583 11673 -28970
-1691 364 596 1104 11847 -31145
-1663 349 383 4489 8615 -32768
-1501 336 408 7567 2664 -32768
-1298 190 484 8900 -966 -32768
-1122 -85 674 9600 -3291 -32758
-1073 -218 748 9442 -1057 -31408
-1055 -344 677 9833 3376 -31078
-1018 -397 379 10998 6141 -31360
-937 -411 241 13917 8514 -31951
-962 -1093 269 24539 8181 -24492
-1152 -1710 125 24562 6576 -26989
-1374 -1981 114 24931 6900 -29588
-1504 -2326 136 25554 8591 -32768
-1582 -2996 271 26178 11389 -32768
-1917 -3886 490 27289 14753 -32768
-2517 -4768 586 28918 16427 -32768
-3255 -5655 745 32700 16513 -32768
-4469 -6546 1073 32767 13515 -32768
-4615 -6405 1517 32767 12841 -32768
-4532 -6116 2032 32767 15459 -32768
-4365 -5959 2201 32767 17707 -30529
-4500 -5541 2153 32767 18076 -24624
-4796 -4645 1654 32767 11463 -21756
-4916 -3701 1732 32767 6144 -20786
-4918 -3240 1760 32767 524 -19160
-5237 -2867 1753 32767 300 -17970
-5824 -2499 1445 32767 3384 -16218
-6237 -2116 1190 32767 3408 -13203
-6658 -1550 627 32767 2538 -9563
-6769 -1386 351 32767 3996 -2523
-7222 -871 -1021 32767 5897 4270
-8246 -369 -3132 32767 7352 7873
-8544 -285 -3762 32767 9195 12301
-9673 -443 -5958 32767 10354 15359
-11155 -1266 -8438 32440 11580 21801
-12331 -2055 -9902 10667 17315 31711
-14043 -3749 -11010 -5664 23928 32767
-14563 -4843 -11844 -25242 32767 32767
-15298 -6656 -11678 -32768 32767 32767
-15827 -8736 -8930 -32768 32767 32767
-15672 -9837 -6544 -32768 32767 32767
-15622 -11239 -3786 -32768 32767 32767
-17682 -13494 983 -32768 32767 32767
-16369 -13726 7965 -32768 32767 32767
-20215 -15433 8465 -32768 32767 32767
-19401 -15993 8334 -32768 32767 32767
-16135 -15735 9081 -32768 25722 32767
-13146 -15149 9016 -32768 20681 32767
-8261 -15758 6269 -31311 20415 32767
-6163 -16224 5642 -25503 17981 32767
-3198 -15931 5332 -21874 16886 32767
435 -13843 3447 -18766 18967 32767
1417 -12691 2661 -15717 22535 32767
2198 -11373 2453 -11392 25088 23183
3013 -9299 2483 -8507 20136 11935
3503 -7760 2756 -7761 17852 8332
2513 -6118 3023 -8524 15871 2258
1967 -5043 3258 -10125 13310 -4225
1126 -3034 2973 -10093 12069 -7596
885 -2570 2866 -8437 11611 -11843
-435 -1249 2489 -5945 10564 -15202
-1354 -744 2410 -4346 12374 -18464
-2530 -108 2394 -4202 13780 -20867
-3088 656 2524 -5229 16813 -20890
-3209 1222 2923 -6237 19339 -19974
-3247 1475 3005 -7038 17220 -18413
-3609 1707 2508 -6350 14832 -18713
-3683 2016 1979 -2277 15370 -21203
-3733 2156 1627 3537 20373 -24211
-3777 2345 1436 7086 24842 -25830
-3884 2621 1578 10067 30327 -27551
-3487 2673 2066 9496 32325 -26648
-3189 2347 2485 7302 32395 -24828
-2861 2050 2708 3312 28873 -21474
-2643 1771 2686 808 25058 -18513
-2198 1441 2126 1370 24164 -16898
-2005 1202 1055 6442 23302 -15585
-1807 1002 455 11506 23368 -15421
-1706 876 265 19016 23977 -15625
-1353 702 310 24173 22955 -16061
-1163 599 410 25988 18676 -17266
-1271 589 635 25262 13580 -19080
-1230 672 1090 21300 5063 -22169
-983 405 1479 17267 455 -23535
-934 237 1561 10889 -3083 -24576
-917 221 1284 6480 -4025 -24972
-724 228 986 5257 -5071 -24407
-471 103 647 6141 -9110 -22209
-520 142 261 8015 -12656 -20793
-644 101 85 11372 -15116 -19625
-760 31 -147 14320 -11495 -20079
-784 56 -266 15853 -6543 -21033
-814 -141 -286 17232 1218 -22965
-841 -285 -149 17402 3953 -25046
-883 -464 -59 16930 1830 -26168
-768 -593 9 15242 -5262 -26967
-746 -710 -124 13346 -12448 -27278
-929 -1205 -398 12529 -13373 -27714
-1112 -1595 -689 13108 -8518 -29193
-1608 -1983 -1101 15883 -274 -31931
-2133 -2543 -1279 19905 6780 -32768
-2346 -3075 -1063 23417 8685 -32768
-2366 -3306 -1020 25024 6990 -32768
-2384 -3558 -981 26143 4373 -32768
-2573 -3901 -928 26484 5318 -32768
-3221 -4444 -964 26755 8750 -32768
-3445 -4504 -902 27073 16214 -32768
-4041 -4171 -516 27129 20118 -32768
-3862 -3926 -117 26909 19152 -32768
-3526 -3658 81 26106 14785 -32768
-3004 -3518 55 25965 11827 -32768
-2514 -3389 -98 26805 13060 -32768
-2768 -3072 -482 29913 18124 -32768
-3441 -2696 -617 32767 23628 -30612
-3815 -2448 -507 32767 24791 -30627
-4021 -2245 -48 32767 19793 -30683
-3994 -1682 549 32767 9698 -27656
-3828 -1360 874 32767 6148 -23405
-3862 -889 1111 32767 7121 -15368
-4291 -444 946 32767 10753 -10292
-4861 -301 748 32767 15021 -4847
-5465 102 1004 32767 14245 -2028
-5659 238 1482 32767 9411 2949
-5997 322 2039 32767 8539 8540
-6156 599 1862 32767 9986 12344
-6441 935 1077 32767 10657 16943
-6642 1133 823 32767 10515 20128
-6978 1442 510 32767 11043 21999
-7139 1490 253 32767 11331 24341
-7562 1656 -968 32767 10528 25929
-7988 1710 -2262 32767 9792 28727
-9502 1308 -4517 32141 13613 31366
-10401 680 -6268 23124 15779 32767
-10788 307 -6923 7276 16799 32767
-12394 -1174 -9050 -9312 24710 32767
-13627 -2616 -10264 -21264 32767 32767
-14567 -4529 -9630 -32768 32767 32767
-14977 -5189 -9005 -32768 32767 32767
-16094 -7430 -6304 -32768 32767 32767
-17592 -10472 -2907 -32768 32767 32767
-18873 -11133 -1281 -32768 32767 32767
-19561 -14553 3788 -32768 32767 32767
-20703 -14703 2620 -32768 32767 32767
-19045 -15845 3696 -32768 32767 32767
-17578 -16040 4336 -32768 32767 32767
-15112 -16244 5658 -32768 32767 32767
-13210 -15848 5815 -32768 28838 32767
-9771 -15868 4190 -32194 24144 32767
-5936 -15891 2343 -22284 22288 32767
-4200 -15931 2398 -18705 20194 32767
-2490 -14891 2603 5609 6698 -24895
-1236 -1033 2746 3577 10395 -25603
-1554 -43 2747 1698 11918 -24534
-1578 469 2748 -751 12900 -21540
-1987 1184 2894 -2414 10008 -19470
-2250 1539 3073 -3320 8319 -18896
-2202 1779 3444 -4617 8986 -17208
-2182 1908 3498 -4695 12791 -14691
-2222 1968 3221 -3237 15674 -13279
-2002 1877 2773 646 19896 -11419
-1826 1792 2572 4350 20295 -10567
-1866 1637 2173 5870 16048 -11356
-2474 1018 1784 5744 7812 -15757
-2588 899 1845 2544 8227 -20150
-2689 602 1893 -329 10698 -22642
-2762 528 1610 -3819 14327 -25798
-2595 579 1087 -4958 14989 -27705
-2466 589 732 -3564 12659 -28253
-2253 477 503 -2054 10787 -28154
-2194 447 549 -150 8956 -27749
-1876 304 729 1219 8057 -27302
-1612 94 504 2533 7715 -27203
-1527 53 354 5099 8293 -28022
-1596 -35 212 7830 9197 -30498
-1841 -92 167 9361 9041 -32768
-1914 -148 295 10248 7179 -32768
-2103 -283 632 9228 4411 -32768
-2028 -159 822 8042 2952 -32768
-1787 -234 753 6958 1627 -32768
-1395 -372 496 7344 1815 -32768
-1189 -330 296 9746 3756 -31467
-1055 -197 13 13688 5475 -28846
-1011 -281 -94 16600 5772 -28131
-1016 -428 -95 20653 4867 -28533
-1030 -479 -74 23693 3622 -29938
-928 -593 39 24840 3403 -30863
-827 -707 186 24996 3896 -31763
-756 -692 232 23711 4976 -32062
-615 -744 201 22650 5701 -31862
-601 -865 156 21404 6328 -31374
-831 -1143 114 20735 6300 -31660
-1075 -1399 48 20527 5787 -32333
-1269 -1614 1 20274 5459 -32768
-1376 -1805 -14 19810 5977 -32768
-1373 -1948 -193 19743 6454 -32768
-1362 -2215 -393 20651 8833 -32768
-1747 -2996 -683 22832 12489 -32768
-2187 -3450 -680 24520 13483 -32768
-2768 -3981 -658 26795 11989 -32768
-3240 -5236 -243 27768 12201 -32768
-3619 -6129 99 27907 14849 -32768
-3916 -6018 -41 28704 21535 -32768
-4055 -5599 74 29618 28554 -32768
-3870 -5192 476 29584 31949 -32768
-3425 -4709 1167 27958 29849 -32768
-2904 -4031 1315 25973 18587 -28173
-2644 -3658 1168 25680 10982 -21922
-2587 -3376 1101 27334 8552 -15299
-3178 -3210 860 29924 11333 -14348
-4147 -3010 1040 32767 15523 -18062
-4701 -2683 1307 32767 15624 -22971
-4519 -2231 1649 32767 13255 -22544
-3989 -1587 1604 32767 7670 -14888
-4067 -1284 1278 32767 4133 -7745
-4644 -928 816 32767 3014 510
-5319 -629 1052 32767 4797 3720
-5446 -423 1163 32767 4541 4991
-5435 -320 1078 32767 4661 8041
-5712 -21 396 32767 6314 10600
-6115 248 -162 32767 10509 14599
-6402 338 -503 32767 12505 18615
-7097 292 -1454 32767 12556 20960
-7803 -35 -2646 32767 14326 24803
-8263 -333 -3525 29168 14805 29364
-10146 -1903 -5946 22936 13582 32194
-10819 -2452 -6646 12428 16736 32767
-12971 -4244 -8517 -996 28048 32767
-14499 -6655 -9401 -12262 32767 32767
-14894 -8303 -9448 -30725 32767 32767
-15596 -10702 -8581 -32768 32767 32767
-16470 -12248 -7315 -32768 32767 32767
-17231 -14609 -4327 -32768 32767 32767
-17657 -16596 -39 -32768 32767 32767
-15813 -17926 6244 -32768 32767 32767
-14899 -19275 7361 -32768 11646 32767
-14537 -19589 5017 -32768 5085 32767
-10499 -19720 4660 -32768 10307 32767
-8853 -19418 4768 -32768 14847 32767
-7066 -19269 5442 -25591 19932 32767
-2910 -16836 5190 -22154 27445 32767
-1637 -15611 5050 -18079 32767 32767
91 -13641 4855 -13515 32767 32767
1209 -12187 4602 -7864 32456 32767
2627 -9860 4400 -3027 27338 32767
2723 -8964 4258 -660 23787 32767
2298 -7937 4126 875 19344 26520
1876 -6515 4134 242 18640 20322
1345 -4777 4017 -2315 18590 11301
1027 -3638 3879 -5059 19017 4884
942 -2187 3684 -6696 17336 2215
-132 -944 3297 -7018 11659 381
-654 -700 3054 -5698 4148 -5652
-2420 -140 2082 -2421 6748 -13604
-2923 134 1964 -582 12027 -17777
-3219 526 2085 -568 20294 -21275
-3163 1258 2756 -4402 24695 -21200
-2971 1627 3004 -8328 22142 -19791
-2866 1870 3136 -13563 14605 -17947
-2988 1788 2727 -14368 11755 -18591
-3187 1618 2108 -12052 13635 -20352
-3077 1401 1516 -5202 19565 -22914
-2983 1441 1198 3180 24385 -23901
-2691 1501 1058 7784 26120 -23253
-2256 1410 1521 10577 25606 -21127
-2009 1541 2184 7071 19500 -19278
-1730 1305 2424 2845 15116 -18264
-1503 912 2183 -2318 12790 -17703
-1449 799 1456 -3035 15066 -18840
-1429 746 965 -937 17509 -20271
-1348 744 690 4260 19947 -22226
-847 738 328 8253 19575 -22757
-712 702 237 13793 15397 -22704
-733 680 318 17073 10999 -23170
-833 392 629 17693 9795 -23956
-889 309 709 16520 10717 -25893
-1004 171 944 13672 12420 -28236
-1003 135 924 11736 13057 -29620
-918 155 743 10136 13865 -30883
-577 153 371 11108 13383 -29968
-459 62 189 12979 11850 -28340
-405 84 47 16380 9301 -25827
-524 164 -6 18357 8146 -24779
-504 130 18 20021 7586 -23903
-512 0 186 19778 7418 -23729
-539 -239 222 18515 6459 -24126
-650 -417 156 17775 5627 -24825
-870 -864 -4 17359 5105 -26576
-1231 -1301 -224 17607 4878 -28197
-1649 -1633 -411 18593 3515 -30893
-2199 -1997 -510 19788 1189 -32768
-2258 -2252 -600 20641 711 -32768
-2223 -2756 -677 22181 4420 -32768
-2082 -3417 -772 24408 13066 -32305
-2383 -3754 -991 26473 18730 -32385
-2566 -3880 -1101 30190 23833 -32768
-2907 -4013 -976 32767 23421 -32768
-3051 -4094 -757 32767 19735 -32768
-3167 -4067 -382 32767 12979 -32768
-3162 -3991 -171 32688 9930 -32768
-3076 -3967 -206 32224 11536 -32768
-2752 -3644 -270 32767 17631 -32768
-2386 -3269 -393 32767 22740 -32768
-2645 -2716 -261 32767 24562 -30319
-2836 -2632 -175 32767 22873 -27580
-3466 -2400 489 32767 18591 -26627
-3531 -2295 759 32767 10333 -24722
-3338 -2025 1192 32767 5652 -19420
-3354 -1695 1292 32767 7272 -14964
-3667 -1294 1063 32767 12152 -9294
-4391 -993 1079 32767 13676 -5545
-5296 -641 1166 32767 10829 -3761
-5849 -382 1460 32767 5529 -250
-6004 -156 1756 32767 4958 3493
-6214 259 1832 32767 7383 10116
-6873 794 1547 32767 9803 14058
-7018 926 1307 32767 10363 18942
-7448 1289 359 32767 10036 21621
-7562 1409 68 32767 11746 24700
-7998 1691 -1516 32767 12035 26847
-8362 1672 -2689 32767 11845 27607
-8897 1546 -3909 32767 15216 27396
-10869 548 -6907 32767 18172 27110
-11335 96 -7720 13530 19188 31186
-12649 -1262 -10193 -1792 21977 32767
-20999 -18243 3603 -32768 32767 32767
-16318 -18145 6148 -32768 32767 32767
-13697 -17432 6068 -32768 32767 32767
-11122 -16949 4780 -32768 16602 32767
-7280 -17607 2092 -28241 15386 32767
-6274 -17683 1974 -16680 19698 32767
-3426 -16282 2246 -11436 21037 32767
-657 -14616 2146 -6867 19157 32767
1263 -12264 1833 -2787 19538 25001
2005 -10713 1773 3824 20430 10231
2650 -8535 2286 6955 19373 2477
2249 -6478 3061 8646 15519 -8311
1834 -5218 3336 8065 10506 -17513
753 -3171 3440 7094 7820 -21831
402 -2234 3228 5639 5920 -24729
-121 -1438 2945 5100 6127 -24881
-692 -1017 2710 4789 8610 -23979
-1079 -292 2528 4067 10928 -22572
-1351 599 2461 2999 9279 -21846
-1520 852 2495 515 7067 -21397
-1818 845 2524 -2319 8126 -22107
-2587 960 2872 -4480 9296 -23026
-2697 1211 3117 -7537 10332 -22238
-2163 1670 3131 -8760 12158 -17829
-2007 1849 2878 -8132 13498 -14449
-1967 1955 2332 -5390 14184 -11103
-2053 1693 2001 -2329 14679 -10642
-2287 1406 2052 -1405 15227 -12147
-2543 1100 2204 -2179 16596 -15810
-2619 674 2324 -3384 17283 -18302
-2594 608 1987 -4463 17025 -21722
-2535 674 1644 -3842 16508 -24632
-2461 775 1051 -2588 15948 -25979
-2424 753 928 8 13726 -26631
-2345 643 690 1935 12326 -26296
-2258 421 781 3844 12496 -25738
-2221 329 934 4419 13876 -25805
-2152 228 946 4746 14859 -26839
-2247 181 867 5038 13161 -29301
-2278 94 825 5250 11589 -31331
-2031 66 824 5687 9285 -32768
-1856 51 734 6582 7002 -32768
-1441 7 508 7546 5599 -32768
-1372 -2 417 9775 3713 -32768
-1443 -81 185 12476 2252 -32583
-1622 -196 96 14111 1749 -32675
-1696 -256 157 15658 2008 -32768
-2145 -357 396 15873 2496 -32768
-2283 -360 573 15460 3472 -32768
-650 -466 339 26813 6329 -22207
-677 -585 350 24092 5720 -24202
-780 -610 150 22787 5772 -25697
-815 -627 103 21753 4457 -27610
-841 -876 94 21067 3553 -28366
-855 -1136 72 20755 3735 -28400
-947 -1588 -146 21157 4769 -27925
-1091 -2058 -238 22529 7696 -27895
-2892 -4323 317 31979 22187 -24295
-2994 -4097 900 32767 12798 -21972
-3253 -3893 1256 32767 7514 -21147
-3310 -3822 1260 32767 6550 -20595
-3317 -3106 1008 32767 9962 -20163
-3348 -2707 968 32767 14662 -18927
-3597 -2393 1087 32767 12735 -17068
-4408 -1857 1280 32767 8210 -15630
-4748 -1529 1584 32767 4622 -12127
-4811 -1357 1513 32767 3251 -5644
-5171 -866 1070 32767 2928 -562
-5319 -708 914 32767 4387 5266
-5669 -433 612 32767 7082 8921
-5792 -333 323 32767 7116 11121
-5996 -331 -155 32767 6830 14902
-6253 -385 -747 32767 7569 19226
-6578 -546 -1829 32767 8218 22348
-7111 -852 -3009 32767 7059 26673
-7743 -1269 -4064 26746 7735 29442
-9956 -2402 -6996 19292 10079 30572
-11290 -3254 -8514 7279 16174 32767
-12684 -4329 -9682 -6562 27092 32767
-14332 -6461 -10071 -18098 32767 32767
-14961 -7923 -9583 -32768 32767 32767
-15907 -9837 -8088 -32768 32767 32767
-15942 -11260 -6169 -32768 32767 32767
-15927 -12064 -4474 -32768 32767 32767
-16896 -13516 -787 -32768 32767 32767
-16166 -13217 7194 -32768 32767 32767
-17634 -14928 4868 -32768 32767 32767
-19017 -16522 7489 -32768 32767 32767
-16272 -16243 9406 -32768 32767 32767
-12159 -15752 9168 -32768 27278 32767
-8577 -15339 7249 -32768 25739 32767
-6242 -15122 5717 -32196 26372 32767
-4137 -15021 4800 -20773 27357 32767
11 -13755 4138 -16207 28428 32767
665 -13133 4168 -14287 29272 32767
2270 -10997 3636 -13807 26243 28514
2906 -9862 3206 -12387 24682 20070
3299 -8074 2779 -9310 20781 10677
3199 -7073 3203 -8812 16514 2494
2404 -5536 3598 -9617 10885 -6138
1569 -4225 3018 -8864 9121 -11564
-122 -2956 2610 -6522 10893 -20051
-4189 2326 2693 -4808 20631 -27315
-4188 2433 2342 -2847 9271 -24117
-4140 2497 2010 -1208 7686 -21849
-3929 2277 1899 1609 13470 -18624
-3673 2323 1952 3094 18309 -17186
-3226 2235 2146 4043 22855 -15455
-2697 2028 2221 3829 23950 -13224
-2342 1941 2116 3799 22637 -12067
-2061 1752 1623 4690 19845 -11274
-1878 1444 1132 5810 18633 -11262
-1804 1220 1011 7040 18290 -11686
-1360 760 1310 7016 19052 -11814
-1266 675 1334 6547 20709 -11816
-1053 349 1176 6675 21088 -12159
-1000 333 1023 8038 19702 -13374
-884 364 841 9440 17401 -14398
-725 308 745 14721 -22 -17171
101 -261 158 14982 -1125 -17573
-2548 -4005 -1507 30880 9651 -32768
-2881 -4339 -1400 32767 16814 -32768
-3493 -4716 -1232 32767 17934 -32768
-3527 -3100 199 32767 7915 -30288
-7507 337 48 32767 10353 20200
-7909 644 -872 32767 7271 24569
-8600 1021 -3644 32767 7554 29093
-15310 -7150 -5333 -32768 32767 32767
-16266 -8901 -3123 -32768 32767 32767
-16336 -12293 2227 -32768 32767 32767
-19992 -12796 1751 -32768 32767 32767
1095 -12470 2128 -6398 19871 32472
1664 -10685 2135 74 18853 16841
1989 -8141 2410 2496 19855 7601
1923 -7544 2475 3127 18929 -3446
1578 -5931 2448 2716 17020 -10844
865 -4150 2158 3228 16924 -15027
365 -3325 2161 3959 16710 -16565
-450 -2236 2380 4641 14383 -17964
-1162 -1148 2798 3554 11372 -19291
-1406 -723 2968 1837 8006 -19219
-1502 -375 2991 -645 5453 -17694
-1889 235 2713 -1347 7387 -16511
-2042 916 2478 -1062 9595 -15810
-2110 1290 2412 -329 12580 -14701
-2201 1625 2637 -435 14521 -13845
-2176 1714 3187 -2148 16725 -12370
-2310 1692 3330 -4102 18290 -11371
-2426 1669 3138 -4693 19808 -11023
-2357 1651 3055 -4995 19118 -10053
-2158 1407 2723 -4296 14699 -8824
-2125 1200 2233 -3093 12361 -8747
-2300 1092 1936 -629 10957 -10562
-2664 1008 1677 1736 11310 -13923
-2603 1001 1657 2675 11585 -15676
-2544 874 1707 3097 11405 -17356
-2533 724 1619 2979 10368 -18256
-2619 775 1486 2515 7821 -19980
-2595 583 1289 2206 7199 -21160
-2392 534 1068 2483 8143 -22205
-2148 483 824 4103 9351 -22526
-1824 421 566 5666 10294 -22632
-1661 344 529 7984 11042 -23209
-1420 256 550 10061 9581 -24575
-1377 143 360 11510 7422 -26196
-1350 50 308 13391 4589 -29306
-1229 -39 217 14492 3188 -31334
-1025 -196 135 15854 1657 -32768
-875 -246 114 16608 1158 -32768
-842 -988 -75 26180 5424 -31729
-2472 -2561 -208 24469 12761 -32768
-2734 -3743 211 22210 14446 -21460
-2534 -3288 66 23306 17079 -15934
-2667 -2979 237 25899 18996 -10741
-3012 -2663 454 28171 13899 -10867
-3438 -2385 891 29069 8819 -13063
-3289 -2014 1112 29754 3803 -15861
-2889 -1559 977 30686 3640 -14623
-2876 -1407 897 31800 5744 -12360
-3127 -969 858 32767 9814 -8942
-3596 -772 1124 32767 10060 -7081
-4002 -680 1257 32220 5933 -5021
-4628 -648 1325 30848 157 -2256
-4798 -545 885 30837 -1409 1131
-5148 -401 235 32471 2523 6844
-5247 -348 127 32767 6917 11446
-5414 -247 210 32767 7244 14098
-5523 -194 151 32279 5347 18048
-5916 -329 -176 31162 5742 20578
-6279 -475 -727 30528 8258 23823
-6702 -621 -1691 29725 11210 26861
-7263 -882 -2914 28057 11530 28519
-7703 -1043 -4114 23270 10103 30734
-9059 -2062 -6427 14119 8418 31846
-12239 -3966 -9373 5204 11665 32017
-14526 -5914 -11461 -12863 28752 32767
-15345 -8234 -11352 -28306 32767 32767
-15689 -9011 -10991 -32768 32767 32767
-17945 -12171 -8643 -32768 32767 32767
-18345 -13722 -6282 -32768 32767 32767
-18726 -15170 -3557 -32768 32767 32767
-18853 -17763 5980 -32768 32767 32767
-18397 -19095 6662 -32768 27018 32767
-20155 -20779 3351 -32768 19887 32767
-15885 -21768 4676 -32768 24289 32767
-12415 -22016 6462 -32768 17977 32767
-9440 -21145 5989 -32768 14166 32767
-7206 -20090 4704 -32768 18622 32767
-2805 -18466 3652 -26436 27643 32767
-1180 -16443 3388 -17905 32767 32767
670 -14202 4050 -14197 32767 32767
1939 -11756 3987 -8729 30883 32767
2812 -10140 3829 -2819 26290 30625
2772 -9084 3836 225 22667 26011
2522 -7915 3931 1698 16842 17525
2183 -6070 3941 909 14636 11637
1753 -4916 3686 -1039 13966 3709
1207 -3446 3111 -2268 15487 -2787
218 -1941 2678 -2611 17346 -7467
-3750 2501 2335 -2165 16165 -28562
-3907 2368 1618 555 11361 -30008
-3793 2384 1446 4273 12832 -30713
-3676 2448 1268 7634 16989 -29824
-3111 2563 1317 8769 19231 -28133
-2994 2627 1370 8248 21547 -24650
-2498 2349 1747 5404 24332 -20536
-2066 1775 2026 3130 26060 -18103
-1837 1540 2123 470 27758 -15939
-1422 1193 1807 -31 26991 -15390
-1338 1096 1584 2029 21167 -15335
-1150 879 996 6782 13992 -16190
-943 781 436 10908 9939 -17059
-824 717 158 17094 6229 -18397
-625 564 64 21537 6001 -19148
-287 352 208 23092 6938 -19093
-169 241 355 23175 8322 -18512
-122 104 476 21044 8333 -18311
-155 -9 626 18898 7691 -18718
-213 -81 654 15595 6406 -20177
-297 -192 527 13307 5532 -22368
-356 -207 295 12712 5106 -23934
-279 -199 133 12941 3935 -25518
-158 -242 47 14150 2478 -25662
-116 -332 17 15130 1272 -25042
-210 -513 -66 16631 40 -24054
-425 -793 -89 17359 352 -23764
-684 -1250 -142 18178 1912 -24118
-1065 -1765 -268 19108 3788 -25884
-4599 -4483 -486 32767 12716 -32768
-4286 -3731 -395 32767 12294 -32768
-3694 -3314 -450 32767 14233 -32768
-3165 -3040 -595 32767 18845 -32768
-2695 -2721 -671 32767 21677 -31433
-2579 -2493 -683 32767 22485 -24895
-2647 -2378 -617 32767 17985 -21754
-3254 -2204 -368 32767 9311 -22279
-3468 -2141 -140 32767 3114 -24300
-3505 -1978 213 32767 2703 -24958
-3484 -1925 235 32767 5133 -23477
-3316 -1956 -51 32760 7435 -20594
-3362 -2050 -265 32767 11630 -15128
-3574 -1860 -270 32767 13999 -10244
-3680 -1592 59 32767 13023 -7999
-3768 -1447 429 32767 8167 -5900
-3839 -1104 879 32767 4987 -5229
-4250 -729 835 32569 2305 -5088
-4517 -598 577 32463 4980 -3997
-4603 -260 462 32767 8528 -1998
-4550 340 725 32767 12638 3187
-4561 553 940 32767 12286 7442
-4611 775 923 32767 8318 13089
-5058 1147 401 32767 5835 15916
-5334 1305 0 32767 6268 16612
-5699 1516 -665 32767 8750 17174
-5903 1650 -1100 32767 12580 19659
-6273 1542 -1579 32767 13483 23400
-7023 1299 -2902 29763 12983 25901
-7523 1042 -4413 19064 11579 30824
-8072 635 -5637 10877 9972 32767
-9193 -35 -6733 -2708 13894 32767
-12117 -1467 -8334 -18413 26695 32767
-12446 -1975 -8841 -29165 32767 32767
-13025 -2735 -8852 -32768 32767 32767
-14995 -4826 -7469 -32768 32767 32767
-15391 -6058 -5903 -32768 32767 32767
-15431 -8355 -3527 -32768 32767 32767
-15397 -10461 -1771 -32768 32767 32767
-15458 -12761 822 -32768 24446 32767
-16129 -13538 510 -32768 32767 32767
-15755 -14411 1569 -32768 32767 32767
-14836 -14254 4521 -32768 32767 32767
-13565 -13428 6825 -32768 32767 32767
-11797 -12408 5700 -28457 32767 32767
-9074 -12022 5818 -21220 32767 32767
-6473 -11723 6491 -20348 32767 32767
-4867 -11224 6579 -24970 32767 32767
-2401 -11028 5481 -26188 27194 32767
-931 -10630 4670 -24503 24325 32767
1090 -9367 4122 -22855 21729 27872
1573 -8612 3574 -19322 15337 14723
1843 -7794 2930 -14398 12693 3665
1753 -6565 2416 -11328 13209 -2632
1385 -5789 2214 -7861 11649 -10351
421 -4727 2126 -6012 10149 -16145
-363 -3763 2072 -5094 10061 -18526
-460 -3042 1775 -2221 10590 -18336
-303 -2211 1287 869 12667 -16483
-442 -1642 1173 5955 17859 -14214
-887 -1269 1460 9691 20332 -14375
-1042 -1152 1586 10886 17973 -15322
-1518 -768 1978 10793 9463 -17425
-1970 -285 2067 9989 3139 -18823
-2241 167 1916 8612 -1652 -20450
-2085 795 1676 7602 86 -19007
-1549 1100 1707 6916 3063 -16373
-1517 1378 1793 5677 7353 -12986
-2121 1885 1902 4817 9344 -12177
-2432 2012 2041 3321 11464 -12746
-2861 1996 2405 1897 12025 -13692
-2878 1950 2487 -886 11197 -14115
-2540 1724 2461 -2724 9974 -12892
-2464 1530 2094 -4438 8383 -10136
-2603 1464 1807 -4625 8377 -8560
-2687 1339 1335 -3139 9816 -8365
-2830 1154 903 -1465 11115 -9180
-2906 1055 667 1547 13252 -11392
-3168 698 501 3606 15139 -13568
-3099 616 615 5841 19084 -17323
-2939 559 825 6363 20952 -20623
-2705 584 1072 5833 19263 -22485
-2528 636 1076 4538 12966 -24865
-2256 751 694 3940 7498 -26187
-2180 763 568 4147 825 -27480
-1954 622 221 5853 -1191 -27944
-1953 331 7 7478 -375 -28306
-2161 221 -21 9721 1932 -29835
-2345 192 127 10600 3581 -31264
-2153 144 140 11371 5521 -32431
-1794 36 216 11848 6108 -32273
-1512 18 152 13184 6677 -30776
-1308 -61 33 15835 6454 -28244
-1152 -285 -105 19257 5466 -26105
-1228 -326 -120 21598 4916 -25545
-1271 -358 -88 24411 4874 -25680
-1243 -519 113 25422 5412 -26040
-1300 -577 202 25893 5972 -26987
-1694 -643 327 25535 4956 -28101
-1562 -627 340 25211 3524 -27873
-1156 -621 238 25067 1444 -25333
-883 -606 118 25692 737 -20997
-627 -478 -40 26513 1304 -18159
-659 -447 -164 28093 3087 -15422
-751 -545 -95 28734 5121 -14801
-719 -626 40 28663 9137 -15238
-723 -665 170 27608 12273 -17014
-766 -726 343 26423 12250 -18703
-755 -916 433 24399 8604 -21245
-601 -1227 513 23107 4998 -22695
-600 -1497 538 21445 849 -24535
-533 -1707 599 20530 2363 -26092
-814 -2204 583 21288 9066 -27878
-1021 -2303 578 22811 14439 -29596
-1560 -2770 946 26255 18789 -31938
-2193 -3471 1441 29060 17186 -32768
-2783 -4007 1822 32767 10338 -32768
-2940 -4462 1948 32767 6350 -32762
-3073 -4662 2006 32767 6849 -29346
-4096 -5323 2070 32767 9344 -26589
-5438 -5530 2225 32767 9860 -25733
-6087 -5300 2434 32767 10080 -23218
-5803 -4766 2175 32767 6897 -16069
-5677 -4429 1972 32767 4594 -10380
-5814 -4001 1668 32767 1685 -4127
-6339 -3162 982 32767 595 -2160
-6519 -2939 860 32767 829 -1208
-6912 -2497 531 32767 4446 1420
-6956 -2115 -180 32767 6717 5364
-7245 -1363 -1996 32767 7634 12630
-7637 -958 -3359 32767 8686 16771
-8643 -582 -5288 32767 10035 20548
-9444 -924 -7053 32767 11589 24351
-10013 -1638 -8209 30507 14079 28638
-10960 -2702 -9601 3914 16246 32767
-12287 -4166 -11926 -13745 20103 32767
-12950 -5043 -12948 -32768 32115 32767
-13787 -7073 -11673 -32768 32767 32767
-14292 -8084 -10007 -32768 32767 32767
-14735 -9225 -8075 -32768 32767 32767
-16480 -11626 -3948 -32768 32767 32767
-18640 -14201 -5742 -32768 32767 32767
-15379 -14725 3837 -32768 32767 32767
-17997 -15374 2146 -32768 32767 32767
-18744 -16097 2163 -32768 32767 32767
-16750 -16327 4901 -32768 32767 32767
-15406 -16393 6297 -32768 32767 32767
-11579 -14986 5920 -30279 32384 32767
-8632 -14645 5254 -21389 30323 32767
-5131 -14011 4667 -17658 31177 32767
-3362 -13312 4379 -15519 29799 32767
-956 -11882 4024 -14924 25165 32767
1049 -10295 3519 -14488 20284 32767
2190 -8830 3202 -14434 14270 28832
2678 -7617 2978 -14639 10277 16834
2546 -6337 2670 -14266 8707 9429
2398 -5916 2550 -12842 8299 -971
1697 -4325 2277 -11618 8467 -6656
1058 -3543 2148 -9934 7690 -13375
18 -2495 1932 -8403 8406 -18313
-738 -1745 1773 -6924 9791 -22282
-2044 -876 1756 -6538 10417 -24626
-3819 2071 2015 5193 30471 -25818
-3630 2159 1646 7846 30638 -22749
-3422 2082 1517 9269 30669 -21289
-3175 1945 1401 10828 29417 -19449
-2753 1536 1143 11579 28002 -18577
-2587 1307 1180 12040 26060 -18208
-2300 1134 1169 11753 25749 -18218
-1971 808 1279 11409 25435 -18518
-1956 575 1141 11623 24945 -20041
-1899 502 901 13567 23606 -22053
-1581 433 600 16614 20317 -23440
-1375 450 516 19518 15176 -23914
-1197 415 583 20869 11665 -23747
-1071 361 642 21954 7819 -23228
-942 243 813 21989 6758 -23026
-876 245 845 21647 7254 -23157
-733 185 817 20894 7819 -23447
-690 212 713 20565 7260 -23643
-616 234 582 20463 4510 -23642
-670 224 454 20779 -545 -23364
-848 175 352 21043 -4252 -23002
-973 111 347 20967 -7222 -22236
-910 -77 282 20401 -5117 -21012
-903 -202 88 20011 -1759 -20085
-873 -298 -84 19791 4021 -18752
-875 -452 -398 20628 6484 -17875
-1044 -697 -631 21827 4678 -17581
-1233 -1056 -724 23956 -1193 -18231
-2333 -1944 -851 25380 -7316 -21454
-2639 -2241 -745 25207 -7823 -23978
-2661 -2917 -822 23561 -2345 -26412
-2601 -3052 -960 22421 6080 -26555
-2578 -3324 -1647 23776 13239 -25862
-2506 -3447 -1823 26218 16051 -25303
-2453 -3535 -1890 31253 15393 -24920
-2641 -3664 -1736 32767 10502 -26102
-2908 -3805 -1363 32767 8594 -27839
-3216 -3813 -955 32767 9489 -30992
-3243 -3646 -625 32767 12909 -32768
-3034 -3344 -447 32767 15145 -32768
-2918 -3232 -425 32767 16546 -31485
-2356 -2754 -481 32767 15904 -29372
-2145 -2569 -490 32767 14038 -25697
-2079 -2451 -477 32767 11066 -23048
-2135 -2347 -247 32767 9487 -22402
-2340 -2160 -156 32767 7353 -23108
-2752 -2035 -106 32767 6136 -23864
-2861 -1759 59 32767 6578 -23357
-2764 -1537 188 32767 6500 -18939
-2563 -1241 474 32767 6483 -14349
-2866 -853 374 32767 6112 -7648
-3443 -677 515 32767 6404 -4981
-4391 -547 767 32767 5380 -4309
-5369 -461 1164 32767 2673 -2770
-5688 -351 1262 32767 2904 629
-5891 -45 1204 32767 6722 8226
-6114 564 943 32767 9414 13845
-6301 973 736 32767 10439 20621
-6732 1624 239 32767 9149 22965
-7106 1961 -571 32767 7741 24551
-7667 2226 -2079 32767 10696 25914
-7837 2317 -3066 32767 14432 28110
-8338 2240 -4409 32767 16307 32389
-9045 1740 -5301 28262 15149 32767
-9635 886 -6636 15073 16051 32767
-10396 244 -8361 -4227 15349 32767
-12884 -1599 -10903 -22390 23285 32767
-13833 -2488 -11548 -32768 32767 32767
-15023 -3848 -10525 -32768 32767 32767
-16332 -5564 -8033 -32768 32767 32767
-17075 -6818 -6189 -32768 32767 32767
-17990 -8242 -4434 -32768 32767 32767
-13164 -9076 3439 -32768 31751 32767
-18768 -14585 -1354 -32768 32767 32767
-18226 -16012 2366 -32768 32767 32767
-18722 -15915 3266 -32768 32767 32767
-17411 -16384 4311 -32768 32767 32767
-14978 -16071 4322 -32768 32767 32767
-11705 -15277 4408 -27081 32767 32767
-9783 -14799 4201 -18659 26547 32767
-6688 -14543 3430 -15407 22355 32767
-4110 -14664 2869 -13673 18083 32767
-1904 -13348 2175 -11941 15547 32767
-747 -12429 2059 -8985 13762 32767
854 -10954 2118 -7034 13350 29657
1595 -9781 2104 -4088 13273 16430
1931 -8023 2170 -1487 12557 4464
1957 -5763 2372 66 11696 -2320
1641 -4745 2432 2421 10465 -10919
1256 -3753 2561 4037 9496 -17237
717 -2593 2622 4768 9100 -19769
237 -1523 2575 5523 8188 -21032
-111 -1058 2534 5652 6717 -20392
-862 -441 2459 5175 7562 -20262
-1212 50 2460 3339 10978 -20901
-1777 961 2580 1593 12798 -21437
-1931 1282 2635 -1026 14269 -21563
-2092 1543 2814 -3821 15125 -20613
-2452 1871 2953 -5520 15736 -19570
-2402 1942 2784 -6702 17718 -16672
-2273 1944 2719 -6488 19403 -14014
-2136 1614 2606 -5202 19943 -9994
-1922 1330 2301 -3237 19936 -7654
-2085 1226 1923 -1564 20301 -8222
-2494 1019 1588 738 20391 -12323
-2641 1051 1390 1563 18465 -17611
-2773 1102 1334 1123 16741 -20805
-2756 1077 1290 -500 14960 -23809
-2656 861 1390 -2608 14861 -24620
-2534 720 1359 -3565 15426 -24472
-2389 522 1167 -3236 16546 -23785
-2260 494 931 -620 18102 -23436
-2227 515 531 2022 18421 -23888
-2152 460 502 6327 16587 -24854
-2017 354 468 9854 12274 -26143
-1963 330 448 11561 8939 -27125
-1932 287 483 12910 4901 -28476
-1835 109 597 13259 2813 -29739
-1692 37 538 13399 2009 -30394
-1573 -34 482 13671 1565 -30905
-1329 -204 523 13857 2062 -30968
-1434 -354 485 14368 3332 -31482
-1730 -422 439 15325 2698 -32768
-2331 -389 546 16013 801 -32768
-2386 -353 542 17372 -2646 -32768
-1887 -406 449 18662 -4334 -32768
-1722 -400 401 21210 -4627 -28272
-1172 -346 295 24100 -1621 -22128
-917 -318 64 26940 2843 -17306
-887 -322 -12 28634 5907 -15528
-803 -303 -64 30468 9513 -14774
-727 -253 -5 31034 10709 -15440
-678 -259 255 30077 10817 -17481
-630 -348 489 27383 8260 -20322
-658 -425 507 24412 3198 -23636
-647 -569 310 22717 81 -25841
-642 -659 164 20653 -2054 -28667
-676 -799 -148 20105 -1670 -30757
-726 -1209 -414 20839 3065 -32136
-1030 -1655 -612 22602 8568 -32768
-1684 -2178 -445 23626 11306 -32768
-1913 -2561 -286 24465 13672 -32768
-2301 -3122 -237 24723 12690 -32768
-2663 -4027 -93 24314 11571 -32768
-2936 -4982 36 24085 11894 -32768
-3333 -5704 -132 25748 16963 -32768
-3599 -5868 -255 27552 20664 -32768
-3958 -5654 -65 29551 24508 -32768
-3939 -5458 689 29595 24323 -32768
-3459 -5120 1167 28633 19483 -30689
-3440 -4741 1185 29211 13597 -25225
-3465 -4158 909 32767 9993 -20166
-3570 -3488 746 32767 9942 -17930
-3958 -2920 869 32767 10870 -16703
-4286 -2645 1150 32767 8412 -16935
-4745 -2252 1519 32767 5619 -16849
-4937 -1845 1605 32767 3412 -14508
-5037 -1336 894 32767 3074 -11046
-5087 -1187 667 32767 3930 -4305
-5410 -775 163 32767 4146 1833
-5791 -566 51 32767 3749 5227
-5913 -506 -9 32767 4779 9969
-6053 -488 -190 32767 7441 13145
-6129 -493 -572 32767 10640 18201
-6447 -801 -1850 32767 9583 22942
-6759 -1064 -2494 32767 8346 25610
-7254 -1425 -3314 31760 6538 28708
-9532 -2809 -5956 27685 6105 30253
-11049 -3793 -7370 18589 12001 32767
-12309 -4683 -8549 3603 23565 32767
-13387 -6361 -9440 -9895 28701 32767
-14072 -7380 -9579 -31640 32767 32767
-15034 -9167 -9277 -32768 32767 32767
-15032 -9539 -8916 -32768 32767 32767
-14981 -10645 -6648 -32768 32767 32767
-15877 -12035 -3602 -32768 32767 32767
-14768 -12737 3298 -32768 32767 32767
-16049 -15786 3560 -32768 32767 32767
-15537 -17064 5790 -32768 32767 32767
-14499 -17224 5538 -32768 15919 32767
-11236 -17489 4138 -32768 16228 32767
-8970 -17345 4073 -32768 22104 32767
-5001 -16132 4732 -32768 23988 32767
-3485 -14776 5033 -27901 25899 32767
-2202 -13231 4650 -16060 28672 32767
-963 -11744 4440 -5849 30210 32767
638 -9700 4160 -1011 28767 32767
1440 -8176 3872 3257 26009 32767
1639 -7151 3743 4339 24461 25840
1567 -5276 3447 3973 24419 20249
1453 -4821 3362 2725 23992 12451
974 -3628 3201 579 20996 6558
727 -2645 3151 -1444 14868 4142
425 -2144 2994 -4503 3915 1494
-781 -1279 2573 -5936 1710 -804
-1023 -1110 2471 -6620 4623 -5088
-1694 -469 2360 -6246 8027 -10240
-2209 196 2091 -5622 9760 -13462
-2569 445 1842 -4031 15915 -18063
-2738 726 1576 -1479 25534 -21669
-3070 1156 1349 392 31165 -23375
-3346 1196 1621 2035 32767 -25551
-3558 1322 1833 1678 24189 -27717
-3781 1989 1864 770 15259 -29182
-3598 1946 1606 -317 6602 -30182
-3383 1784 1211 51 7217 -29813
-3232 1801 838 1325 11024 -29069
-3091 1819 591 3754 18535 -27189
-2827 1612 693 4837 23618 -25449
-2521 1317 950 5342 29487 -22563
-2364 1148 1018 5211 30442 -20354
-2053 1090 1112 4710 25691 -19184
-1929 1039 1030 4414 20507 -19062
-1785 913 921 4398 13054 -19462
-1746 783 800 5173 7999 -20214
-1628 446 812 6000 6331 -20775
-1598 402 857 7194 5777 -21663
-1431 420 867 8636 6068 -22178
-1137 397 936 10299 6673 -22061
-919 354 882 11664 6755 -21796
-777 318 873 13683 5877 -21395
-627 344 708 15595 2955 -21280
-636 320 616 16678 586 -21521
-647 254 520 17894 -1708 -22286
-621 197 480 18362 -1950 -22798
-561 77 525 18347 -595 -23373
-440 48 544 17746 1937 -23538
-386 -16 439 17249 2402 -23196
-368 -180 226 17286 2248 -22977
-460 -357 134 17794 2871 -23164
-557 -701 -199 18677 3534 -23520
-713 -1231 -575 20987 3622 -24206
-848 -1704 -772 24001 2661 -25032
-1194 -2269 -1087 27119 2929 -26789
-1771 -2673 -1263 28868 4387 -28780
-2062 -3087 -1267 30356 8720 -31949
-2084 -3687 -1068 30386 13123 -32768
-2124 -4252 -1065 30187 13618 -32768
-2448 -4597 -1226 30340 11070 -32768
-2799 -4715 -1335 31513 8792 -32768
-3266 -4810 -1494 32767 8633 -32768
-3355 -4759 -1457 32767 11090 -32768
-3349 -4515 -1203 32767 17003 -32768
-3192 -4029 -731 32767 23972 -32768
-3155 -3804 -543 32767 27651 -32768
-2970 -3530 -219 32767 28519 -32768
-2821 -3129 -94 32767 20712 -32768
-2755 -2812 -120 32767 12931 -31918
-3038 -2716 -275 32767 4531 -27735
-3363 -2638 -429 32767 4675 -25361
-3775 -2331 -339 32767 12912 -24313
-3897 -1892 -136 32767 18309 -23369
-3779 -1575 165 32767 18067 -19591
-3791 -1208 498 32767 9337 -14121
-4460 -926 387 32767 4630 -10429
-4786 -795 70 32767 6152 -4776
-5092 -668 43 32767 14861 1140
-5493 -211 417 32767 18806 5069
-5588 124 1110 32767 17336 10847
-5618 368 1302 32767 12881 14256
-5542 444 1162 32767 8215 18884
-5839 856 133 32767 8404 22041
-6067 1063 -182 32767 10135 23449
-6347 1251 -456 32767 12100 25247
-6434 1328 -723 32767 12010 26614
-6565 1235 -1584 32767 11033 29228
-7123 1095 -3234 29689 11227 31467
-7661 981 -4319 24602 12484 32395
-8419 623 -5461 15186 11296 32767
-10093 -530 -6994 6409 12334 32767
-12247 -1734 -8325 -10569 25439 32767
-13690 -2433 -8979 -30083 32767 32767
-15525 -3680 -8771 -32768 32767 32767
-17153 -4982 -7226 -32768 32767 32767
-17735 -5989 -5293 -32768 32767 32767
-17512 -7836 -1822 -32768 32767 32767
-17436 -9110 2449 -32768 32767 32767
-18218 -13625 3654 -32768 32767 32767
-18899 -14170 3286 -32768 32767 32767
-16551 -15514 4401 -32768 32767 32767
-14133 -15107 5854 -32768 32767 32767
-12250 -14389 5925 -32768 32767 32767
-10827 -13778 5416 -25257 32767 32767
-6844 -13052 4435 -16344 32767 32767
-5377 -12920 3719 -7522 31767 32767
-4158 -13077 2995 -2636 28010 32767
-1989 -12425 2670 -1816 26004 32767
-244 -11214 2379 -2069 20251 32767
838 -9850 2066 -2003 15338 19896
1418 -8765 1969 -2188 13747 10883
1862 -7084 1959 -3096 11908 -587
1726 -5648 1777 -2932 10695 -9213
1191 -4415 1618 -1604 11387 -13908
648 -3621 1716 1153 13515 -19885
-187 -2477 1912 3567 14292 -24300
-512 -1838 2076 4951 13910 -25900
-1283 -888 2190 5028 11957 -26279
-1810 -384 2092 4134 8873 -25893
-1952 -90 1954 2131 9880 -24704
-2269 719 2098 50 11788 -23865
-2360 1073 2250 -3605 14452 -22264
-2573 1380 2431 -7020 17792 -20650
-2335 1733 2735 -8670 20578 -18816
-2148 1844 2716 -9636 22413 -14785
-2149 1867 2633 -9231 18622 -11282
-2451 1697 2525 -8536 13068 -10417
-3013 1509 2237 -6710 5664 -11745
-3141 1168 2158 -4830 6386 -14082
-3214 910 1955 -3552 10156 -15722
-3429 963 1750 -1572 16101 -17969
-3329 861 1593 -209 19739 -18625
-3226 898 1431 1993 23488 -18782
-3141 952 1221 4000 23435 -18847
-3030 798 1031 5068 21634 -19015
-2764 741 984 5978 18714 -19551
-2513 497 913 6207 15391 -20658
-2368 371 859 6174 13589 -21815
-2239 314 913 5585 13007 -24160
-2016 51 786 5298 12736 -26637
-1905 -1 735 5461 12318 -28278
-1798 -35 668 6498 11031 -30531
-1724 -73 529 8328 7297 -32272
-1652 -88 447 9745 3430 -32768
-1546 -132 365 12030 -2201 -32768
-1441 -261 219 13622 -4353 -32733
-1281 -397 60 16143 -3924 -31962
-1184 -408 -30 18749 -717 -31052
-1120 -506 -121 21432 2904 -30247
-1074 -517 -141 23224 4935 -29914
-1065 -561 -91 25582 6840 -29754
-1068 -620 -1 27059 6569 -29967
-1345 -746 309 26973 4861 -30511
-1553 -678 485 25302 630 -31661
-1380 -607 384 23055 -2648 -31805
-1153 -599 272 21945 -2679 -30812
-931 -628 90 21642 574 -27880
-738 -661 -123 22827 6114 -24601
-768 -632 -294 24150 9412 -22927
-883 -773 -122 25706 10952 -21652
-986 -904 95 25391 8422 -22303
-1642 -1200 379 24200 5568 -24130
-1823 -1540 352 21975 1149 -27820
-1854 -1816 141 20747 580 -29933
-1770 -1904 -110 20227 4466 -31765
-1589 -2069 -406 21433 11981 -31751
-1527 -2050 -426 23502 20047 -30518
-1312 -2475 -257 25091 23633 -29061
-1434 -2820 39 26979 24813 -27123
-1839 -3237 410 27343 20822 -27702
-3160 -4636 1117 26802 16711 -29674
-3403 -4990 1186 26130 12713 -32768
-3466 -5691 991 27828 13659 -32647
-2937 -5539 663 32177 20574 -27990
-2876 -5438 720 32767 26096 -23707
-3179 -5300 1158 32767 29051 -18832
-4643 -5033 1592 32767 25022 -18156
-4884 -4741 1660 32767 13894 -19486
-4617 -3561 1944 32767 8556 -17852
-4319 -3016 1780 32767 9042 -13686
-4516 -2296 1293 32767 10349 -5961
-4948 -1985 1387 32767 7833 -635
-5842 -1660 1342 32767 1954 1114
-6329 -1415 1115 32767 -1808 2888
-6874 -1128 192 32767 2701 5150
-7340 -872 -708 32767 12212 10444
-8368 -609 -2574 32767 13930 14568
-9038 -504 -4371 32767 12134 21483
-9455 -813 -5767 32767 10599 26755
-10291 -1456 -7795 26952 9876 32767
-12143 -2644 -10395 4566 10007 32767
-13608 -3859 -11896 -9172 14978 32767
-14686 -5945 -12128 -27850 27627 32767
-15350 -7772 -10652 -32768 32767 32767
-15665 -8421 -9799 -32768 32767 32767
-16441 -11155 -5919 -32768 32767 32767
-16850 -12823 -3073 -32768 32767 32767
-18187 -15985 -6892 -32768 32767 32767
-16547 -15830 7226 -32768 32767 32767
-18987 -15058 6128 -32768 32767 32767
-20267 -16480 5116 -32768 32767 32767
-17985 -16832 6220 -32768 32767 32767
-15383 -16713 7919 -32768 32767 32767
-11695 -16137 8007 -32768 22804 32767
-8285 -15790 5805 -30625 25625 32767
-5873 -15691 4640 -23312 31062 32767
-2246 -14644 3884 -19583 32210 32767
-523 -13528 3784 -17326 30749 32767
2084 -11279 3746 -17211 28135 32767
2846 -9962 3348 -16005 20406 28168
3304 -8900 2959 -11721 15577 17328
3294 -7180 2507 -6924 14616 6438
2558 -5690 2767 -5536 14668 -1126
2019 -4728 3036 -6039 15381 -10977
1082 -3173 2810 -6135 16096 -15621
559 -2203 2478 -4494 18241 -19263
-444 -1053 2416 -2641 14106 -20537
-1646 -168 2446 -1828 8271 -21502
-2476 286 2212 -298 3018 -23971
-3460 802 1804 918 5020 -26055
-3911 1411 1811 1954 15364 -28527
-3623 1949 1860 1817 24807 -28036
-3453 2098 2149 1116 27669 -26624
-3537 1954 2370 -583 26143 -25154
-3687 2062 2116 -1026 17127 -25510
-3906 2209 1822 -114 12558 -26934
-3976 2374 1403 3396 10837 -29241
-3655 2679 711 6625 12114 -29849
-3537 2730 621 11046 15481 -28738
-3092 2403 655 12858 19393 -25600
-2642 1782 1248 11798 21928 -22808
-2460 1584 1511 6648 25090 -18767
-1951 1196 1941 415 26549 -16156
-1614 911 1644 -2944 25756 -15684
-1438 698 1045 -2904 24467 -16402
-1194 545 560 -59 22168 -18060
-920 303 236 4701 18672 -19394
-835 204 -115 8574 15355 -20257
-803 190 -107 13974 10809 -21725
-795 63 75 16616 8367 -22784
-816 -54 331 18542 4647 -24008
-926 -315 804 17601 1503 -25003
-1032 -394 996 15932 422 -25720
-1042 -384 1017 13295 150 -26633
-996 -359 797 11957 391 -26960
-904 -302 603 10991 1367 -26744
-720 -124 378 11496 1862 -25238
-454 -260 -134 12880 941 -23496
-552 -209 -245 15860 -286 -21394
-698 -268 -297 17792 148 -20822
-774 -464 -303 19705 2015 -20817
-1109 -799 -400 20199 3341 -21342
-1278 -921 -427 19785 4968 -23620
-2062 -1329 -627 18985 5649 -27461
-2135 -1608 -840 18921 6307 -29475
-1997 -1746 -929 19916 8486 -30090
-1920 -2072 -1107 22042 8660 -28234
-2007 -2327 -1180 23502 7097 -26710
-2163 -2697 -1248 25359 5234 -25958
-2571 -3203 -1414 26980 5995 -28095
-3016 -3732 -1410 27892 8066 -31106
-3866 -4122 -1366 29116 12343 -32768
-4438 -4028 -1187 30255 17536 -32768
-4212 -3850 -861 30920 21015 -32768
-3831 -3675 -718 30933 21266 -32768
-3093 -3330 -596 30320 20485 -32768
-2471 -2964 -630 29569 19301 -32768
-2191 -2809 -713 29427 19137 -32768
-2066 -2675 -785 30089 20230 -29417
-2119 -2345 -835 31619 20854 -25804
-2365 -2104 -717 32696 20247 -25126
-2633 -1768 -514 32767 17218 -25856
-2583 -1498 -217 32767 12370 -26622
-2391 -1453 -60 32719 8939 -25943
-2266 -1355 -17 31232 5163 -22946
-2246 -1059 -29 30414 5061 -18502
-2496 -889 -110 30635 6130 -15518
-2727 -831 -162 32095 9395 -11453
-3401 -733 163 32767 12470 -9333
-3701 -725 272 32767 12715 -6361
-4470 -820 792 32767 8072 -3857
-4917 -826 1092 32767 5722 -2261
-5017 -703 1390 32638 5156 2161
-4872 -397 1803 32540 6988 9253
-4900 -358 1732 32767 8428 13917
-5377 -174 1377 32767 9774 17889
-6116 251 1320 32767 10141 18564
-6128 432 1370 32767 11375 19479
-5931 968 1235 32767 12065 22716
-5799 1295 940 32767 12064 25702
-5980 1425 627 32767 12158 29236
-6249 1541 74 32767 13226 30730
-6810 1438 -947 32767 13699 30621
-7432 1132 -2274 31198 13230 30645
-8132 768 -3264 26823 12858 31617
-9403 50 -4054 16225 14843 32767
-10650 -1113 -5518 385 20605 32767
-11987 -2337 -6820 -12438 25126 32767
-12825 -2961 -7575 -30620 31128 32767
-13848 -3816 -8382 -32768 32767 32767
-14549 -5226 -7637 -32768 32767 32767
-15952 -7764 -3383 -32768 32767 32767
-16378 -9088 -1228 -32768 32767 32767
-13945 -8880 9915 -32768 32767 32767
-15026 -13658 2165 -32768 32767 32767
-14643 -15116 3150 -32768 32767 32767
-14844 -15214 3654 -32768 32767 32767
-13953 -15476 5724 -32768 32767 32767
-12774 -14878 6763 -32768 32767 32767
-10605 -14253 6294 -18170 32767 32767
-7564 -13476 5753 -8143 32767 32767
-5386 -13021 6120 -4821 32767 32767
-2541 -12342 5298 -5991 30857 32767
-1205 -11892 4338 -6190 20484 32767
-81 -11353 3942 -5715 18285 32767
1568 -9496 3584 -5816 12345 27786
2286 -8533 3255 -5441 9442 16619
2657 -7530 2715 -3216 7796 3303
2467 -5960 2222 -1306 8899 -4010
1804 -4564 2402 27 10449 -12914
950 -3195 2627 -949 7851 -19173
183 -2197 2580 -2641 6524 -21804
-305 -1402 2419 -3539 7536 -21679
-467 -1126 2382 -4171 9766 -20275
-1038 -482 2307 -3845 11259 -19521
-1834 233 2319 -3391 12113 -20078
-2185 852 2541 -3242 14527 -20766
-2101 1288 2799 -4581 15831 -19311
-1918 1801 3016 -6078 14956 -17347
-1885 1865 2952 -7669 13173 -13832
-2004 1804 2686 -7815 13347 -12083
-2139 1769 2659 -7308 15748 -11204
-2367 1696 2591 -6215 17677 -12036
-2607 1479 2299 -4566 17518 -13452
-2663 1385 2238 -3585 15371 -14384
-2820 1187 1784 -2713 10859 -15409
-2707 1077 1566 -2856 9837 -15794
-2604 922 1334 -3532 11222 -16126
-2656 824 1358 -5411 14581 -17760
-2862 671 1317 -6744 16903 -20835
-2744 586 1001 -6677 17248 -22687
-2589 487 785 -5003 17363 -24543
-2323 439 432 -2889 17267 -25117
-1995 334 247 932 15536 -25024
-1750 213 283 4108 11881 -24405
-1644 252 364 5449 9639 -24293
-1709 262 390 6505 7105 -25524
-1877 154 454 6762 5877 -27130
-2008 87 590 6529 4928 -30338
-1962 94 755 6146 4729 -32447
-1727 70 669 6174 4136 -32768
-1429 24 523 7748 2870 -32768
-1138 -104 285 9681 2563 -31827
-1002 -188 148 13682 4271 -29389
-1012 -222 -66 16893 6119 -28256
-1067 -265 -165 21787 8684 -27318
-1079 -356 -48 25675 10515 -26997
-1074 -439 161 27389 11203 -26935
-1241 -505 292 28676 10862 -27163
-1336 -537 560 28530 9371 -27498
-1310 -473 606 27124 4822 -27628
-1169 -424 553 25103 -700 -26955
-965 -409 422 23798 -3341 -26085
-802 -374 286 22578 -4090 -24534
-760 -484 92 22361 -888 -23169
-783 -654 -96 22753 2744 -22603
-820 -695 -108 23528 8193 -22926
-883 -755 -174 24015 10392 -24455
-965 -984 53 23135 8679 -26919
-1336 -1381 181 22027 5637 -29271
-1796 -2014 10 19913 2331 -32768
-1836 -2198 -218 20708 7098 -32768
-1703 -2493 -332 22450 15261 -32768
-1549 -2730 -334 23729 21027 -32768
-1606 -3314 -229 25540 27644 -32768
-1729 -4039 -12 26500 29971 -32768
-2342 -5376 808 26080 27705 -32768
-3206 -6079 1011 25415 18782 -32768
-3467 -6147 1022 26448 10674 -32768
-3375 -6021 759 28825 9775 -32768
-3252 -5861 814 32767 17113 -30249
-3240 -5408 807 32767 23597 -26898
-3556 -5184 994 32767 27303 -22143
-4292 -4525 1503 32767 25050 -20581
-4494 -4211 1563 32767 16474 -20209
-4860 -3342 1517 32767 7806 -19233
-4977 -2993 1249 32767 4857 -17197
-5244 -2585 919 32767 6643 -12478
-5696 -2108 689 32767 10278 -6652
-6324 -1364 480 32767 11271 -2835
-6374 -1163 423 32767 11644 2931
-6516 -549 13 32767 10837 9185
-7012 -294 -1089 32767 10186 13242
-7595 -275 -2202 32767 9011 18660
-8932 -622 -4716 32767 10362 21904
-9828 -1419 -5921 32767 8740 26844
-11334 -3012 -7714 26022 8400 32767
-12893 -4208 -9254 1076 15861 32767
-14710 -6259 -11474 -15204 21737 32767
-15614 -7498 -12154 -32768 29605 32767
-17155 -9873 -10784 -32768 32767 32767
-17570 -10465 -10052 -32768 32767 32767
-7780 -18355 5735 -32768 26132 32767
-3795 -17698 3904 -27715 24349 32767
-1351 -15876 3631 -22565 26643 32767
970 -13717 3386 -19936 27440 32767
2126 -12173 3153 -15155 27641 27557
3352 -9898 2782 -8990 27175 15567
3281 -7423 3094 -5033 26295 9287
1839 -5508 3422 -1770 17213 -42
1107 -4357 3356 -1228 9190 -9657
464 -3444 3112 -1650 11303 -16533
-559 -1995 2726 -1897 12779 -19829
-1619 -1216 2547 -2297 13403 -24797
-3170 -285 2309 -2584 17509 -28380
-3883 269 2369 -2828 19852 -28749
-4394 525 2483 -3826 14387 -27517
-4724 1044 2332 -4732 8609 -26475
-5029 1347 2051 -5803 7485 -26305
-4986 1603 1929 -6547 16070 -26595
-4702 1822 2065 -6711 21106 -26560
-4544 1858 2055 -5945 23348 -26117
-3979 1855 1998 -3935 23297 -24867
-3778 2050 1716 -1765 22425 -24004
-3602 2093 1230 2384 21444 -23173
-3514 2006 943 6586 22248 -23285
-3299 1924 1191 7885 24055 -23565
-3076 1712 1452 7837 26050 -23805
-2757 1463 1434 7447 25845 -23780
-2620 1336 1328 7265 24317 -23893
-2330 1195 1121 8041 22561 -23870
-1908 952 799 9117 21273 -23721
-1721 819 645 11215 18605 -23607
-1648 708 526 12629 16276 -23742
-1687 549 504 14065 11803 -24581
-1629 313 766 13825 8094 -25551
-1485 211 970 11807 7439 -26203
-1198 152 1129 10151 8233 -26343
-1033 148 976 8559 9811 -26421
-888 129 613 8689 10530 -26329
-826 76 384 10731 11460 -25925
-786 49 280 13968 12557 -25483
-795 -52 221 16202 12614 -25339
-825 -45 298 18562 10919 -25419
-791 58 501 19268 9081 -25538
-657 8 556 19045 6774 -25328
-552 -24 546 18017 5447 -24417
-482 -133 380 17354 4884 -23594
-470 -250 222 16928 4727 -22327
-612 -525 -13 17360 5607 -21802
-741 -834 -154 17857 6088 -21963
-924 -1095 -312 18931 4537 -22891
-1073 -1561 -540 19759 2346 -23785
-1191 -1834 -729 21267 -873 -25547
-1526 -2332 -1048 23075 -1313 -27747
-1967 -3122 -1168 24294 908 -29556
-2187 -3622 -1294 26057 7461 -32482
-2703 -3195 -701 32767 24136 -32768
-2232 -2767 -493 32540 22210 -32768
-1990 -2406 -507 29774 18351 -31289
-2043 -2187 -626 28747 14985 -28708
-2369 -1992 -800 28704 10506 -26563
-2758 -1919 -812 29261 8749 -26318
-2944 -1778 -642 29795 9365 -25809
-2814 -1604 -179 29104 12210 -23259
-2638 -1459 -47 28176 13843 -20258
-2468 -1187 37 26929 15127 -14261
-2514 -855 -35 26800 15515 -10176
-2741 -519 98 27414 17028 -5085
-3634 -429 724 28098 17616 -2592
-3861 -398 837 29685 15139 773
-4571 -522 1202 32131 12400 4862
-4835 -458 1442 32767 13009 8403
-5079 -105 1623 32767 16639 15474
-5240 111 1627 32767 20518 22838
-5388 442 1623 32767 21192 26840
-5778 635 1398 32767 17186 30091
-6179 875 889 32767 13580 30578
-6269 958 730 32767 13171 30568
-6669 1102 -58 32767 17473 30818
-7261 1087 -1168 32767 19610 31147
-7564 1197 -2057 32767 20619 32007
-8383 1073 -3894 25783 20562 32311
-9893 465 -6166 10707 20262 32767
-10706 -436 -8024 -7088 22933 32767
-11939 -1341 -8891 -20030 28957 32767
-13204 -2239 -9214 -32768 32767 32767
-14466 -4156 -8185 -32768 32767 32767
-15262 -5855 -6528 -32768 32767 32767
-15629 -6529 -6032 -32768 32767 32767
-16820 -8916 -4617 -32768 32767 32767
-17408 -11115 -3815 -32768 32767 32767
-17286 -14879 1150 -32768 32767 32767
-19741 -15274 2753 -32768 32767 32767
-17817 -15629 3414 -32768 32767 32767
-16215 -15664 3444 -32768 32767 32767
-13808 -15915 4022 -32768 32767 32767
-12209 -15416 4552 -32768 32767 32767
-8339 -14266 4679 -32768 32767 32767
-6502 -13915 3788 -32768 30819 32767
-4871 -13643 3358 -27086 25889 32767
-2615 -12819 2749 -19845 22038 32767
-805 -11385 2772 -11237 18134 32767
311 -9850 2420 -4184 15442 24941
1026 -8387 2336 -140 13848 15445
1218 -7815 2342 3820 11727 4339
1426 -5717 2340 5632 11411 -3630
1308 -5262 2313 6185 11611 -8363
676 -3855 2208 6543 11500 -15065
99 -2672 2159 6266 10951 -18363
-195 -1703 2034 5308 10853 -20618
-466 -1111 2039 3612 10414 -20953
-875 -564 2062 2224 8831 -20673
-1406 -85 2046 256 7178 -20578
-2140 250 2068 -1002 8013 -21260
-2588 532 2126 -3346 11690 -23087
-2815 799 2096 -5613 15449 -23469
-2621 1180 2125 -7504 19700 -21049
-2109 1388 2094 -8383 22653 -17997
-2024 1417 2119 -9128 26927 -13376
-2147 1378 2470 -10008 27596 -11459
-2461 1223 2590 -10318 23184 -11933
-3015 1296 1917 -8967 12492 -15074
-3375 1366 1347 -5978 7577 -19385
-3369 1218 1195 -3730 9108 -21384
-3352 1105 1199 -1017 16003 -22672
-3467 925 1107 428 21239 -22921
-3470 962 885 2747 26367 -23078
-3535 953 785 4933 26920 -23482
-3411 771 805 5863 25590 -23730
-3269 610 765 6517 22263 -24155
-3098 443 725 6251 17874 -24696
-2889 256 759 5673 15481 -25138
-2686 183 840 4684 13784 -25780
-2111 200 772 4540 12985 -26032
-1826 215 549 5550 11758 -25923
-1598 217 339 8613 9305 -25788
-1311 193 149 11239 7824 -25782
-1222 140 50 15580 5730 -26105
-1175 -15 -58 19877 4423 -27053
-1078 -128 -116 22547 4245 -27777
-999 -360 -62 25702 4877 -28770
-912 -419 65 27442 6354 -29202
-761 -417 138 28146 7074 -29083
-646 -525 177 28752 7114 -28261
-616 -608 224 29363 5444 -27064
-742 -732 18 30160 3624 -26228
-971 -797 -29 31837 852 -25646
-1242 -831 -90 32767 -1728 -25991
-1270 -911 -165 32767 -2624 -26012
-1235 -949 -125 32767 -1727 -25738
-1168 -1024 -38 32767 1734 -24840
-968 -1022 367 32767 4977 -23965
-951 -1037 389 30824 8503 -22823
-1001 -1213 221 28828 9977 -22561
-1071 -1368 -26 28827 9632 -23524
-1192 -1701 -506 30059 9432 -24715
-1413 -2046 -964 32767 11236 -27377
-1519 -2263 -1048 32767 16394 -30668
-1803 -2235 -817 32767 18956 -32768
-1773 -2160 -669 32767 19945 -32768
-1605 -2253 262 32021 20337 -32768
-1669 -2648 491 28538 19731 -32768
-1911 -3108 478 24397 16496 -32768
-2546 -3939 132 23086 13411 -32768
-3354 -4781 327 22445 9740 -32768
-3560 -5230 511 22277 6939 -31919
-3152 -5470 806 22237 6075 -28351
-2897 -5130 880 22945 6913 -22006
-3076 -4874 672 25884 11119 -17643
-3588 -4567 717 28846 16612 -16573
-4217 -4036 869 32767 24810 -16708
-4185 -3278 1245 32767 23518 -14700
-4055 -2752 1776 32767 12759 -9176
-4282 -2343 1795 32767 5415 -4640
-4553 -2289 1674 32767 1159 569
-5414 -1990 1202 32767 3917 3479
-5884 -1453 1136 32767 6912 5535
-5902 -1347 1149 32767 8346 10452
-5993 -1103 912 32767 6226 14695
-6148 -955 279 32767 4329 20551
-6525 -916 -677 32767 8465 24397
-7183 -922 -2018 32767 10987 25600
-7681 -800 -3469 32767 10656 26262
-9375 -1414 -6955 32767 9435 27840
-10396 -2450 -8797 27069 14257 31708
-10876 -2958 -9423 6223 25797 32767
-12292 -5428 -10821 -10567 31818 32767
-12493 -6616 -10783 -32768 32767 32767
-13080 -7877 -10572 -32768 32767 32767
-14145 -9904 -9134 -32768 32767 32767
-14363 -11070 -7530 -32768 32767 32767
-14969 -13482 -3801 -32768 32767 32767
-21189 -14741 -4343 -32768 32767 32767
-15825 -16992 5940 -32768 32767 32767
-18459 -17642 4024 -32768 32767 32767
-17253 -18056 4005 -32768 32767 32767
-13796 -18087 5663 -32768 32767 32767
-11725 -18048 6035 -32768 18962 32767
-8518 -17401 5416 -32768 17647 32767
-5067 -17081 3840 -32768 20506 32767
-2778 -16241 3176 -32446 24316 32767
-106 -14154 3165 -26449 27212 32767
1113 -12808 3310 -20040 26506 32767
2268 -10208 3692 -15301 19934 32767
2442 -8496 3413 -11648 15911 30298
2251 -7363 3150 -5356 14159 20677
1840 -6405 3050 -243 13716 11435
1133 -5094 3155 1474 12659 6071
484 -3804 3192 1700 10883 9
62 -2806 3031 126 9591 -4706
-394 -1621 2691 -1272 9292 -7624
-948 -903 2442 -2934 9387 -12798
-3661 1934 2072 21 29454 -25864
-3385 1836 1333 4737 32767 -25387
-3228 1858 869 13004 32767 -23387
-2686 1849 776 18875 32767 -19762
-2183 1560 1041 20306 29664 -16688
-2123 1330 1187 19178 24468 -16079
-2041 1058 1396 15426 18191 -17304
-1708 851 1510 10463 14875 -19357
-1400 567 1348 7483 14177 -20698
-1351 499 1209 4985 13995 -22510
-1122 493 707 5520 13363 -23591
-746 482 143 7336 12642 -23651
-677 465 105 11108 11242 -22893
-613 -125 415 11822 -2796 -25337
-600 -92 291 11547 -4476 -25778
-631 -245 -179 12426 -7093 -25364
-695 -796 -558 13979 -7550 -24937
-1261 -1229 -959 15210 -6164 -25372
-1519 -1501 -1176 16868 -974 -26508
-1823 -1861 -1317 17757 6266 -27879
-2037 -2139 -1446 17912 9914 -28670
-2170 -2537 -1623 18056 11248 -29522
-2375 -3089 -2033 19204 9400 -30429
-3020 -3803 -2252 20523 8899 -31823
-3595 -4074 -2514 23583 9977 -32768
-4090 -4347 -2459 26896 15233 -32768
-4045 -4345 -2251 29647 22429 -32768
-3845 -4133 -1994 30728 26185 -32768
-3278 -3624 -1450 30761 28912 -32768
-3169 -3489 -1383 29676 28688 -32768
-2928 -3144 -1322 29049 27656 -32768
-2755 -2850 -1393 29371 27173 -32768
-2655 -2603 -1167 30435 26527 -32768
-2596 -2498 -945 31388 24721 -32768
-2463 -2289 -564 31688 22210 -32659
-2365 -2108 -200 30939 16924 -29742
-2236 -1836 -102 30378 16468 -27716
-2339 -1690 -142 30532 19206 -24647
-2552 -1566 -186 32313 23438 -21590
-2854 -1468 97 32767 24496 -19241
-3181 -1238 567 32767 21446 -15374
-3632 -888 1285 32767 16405 -10215
-4140 -763 1575 32767 15489 -5587
-4540 -745 1695 32767 19237 3088
-5344 -668 1705 32767 22265 9214
-6028 -595 1585 32767 22304 16779
-6982 -88 1981 32767 18557 20373
-7152 149 2479 32767 10333 26062
-6949 281 2715 32767 5365 32767
-7244 322 1802 32767 5544 32767
-7819 178 476 32767 9041 32767
-8132 397 -848 32767 12214 32767
-15687 -7716 -6679 -32768 32767 32767
-16627 -9178 -5000 -32768 32767 32767
-18154 -12586 -560 -32768 32767 32767
-17284 -11885 2872 -32768 32767 32767
-17595 -14883 3343 -32768 32767 32767
-19302 -15400 4198 -32768 32767 32767
-16856 -15484 5958 -32768 32767 32767
-14838 -15258 6318 -32768 32767 32767
-12308 -14950 6537 -30924 32767 32767
-9844 -14660 5968 -27905 32767 32767
1644 -4831 2958 3886 11587 -19497
831 -3282 2684 3868 10926 -23497
-2716 1767 2610 -14942 16292 -15831
-2848 1703 2404 -11121 20757 -14930
-2971 1583 2091 -8157 22597 -14823
-2861 1203 2321 -5373 24986 -14752
-2873 1049 2397 -4817 26743 -15590
-2920 1034 2160 -4978 28138 -16718
-2956 891 1897 -5187 28797 -19238
-2943 1040 1398 -4126 26720 -22057
-1991 524 298 3618 12014 -31388
-1750 511 124 7567 8061 -30181
-1579 381 26 12482 5793 -27840
-1605 241 -68 15946 5399 -26744
-1853 93 -22 20314 4990 -26693
-2189 -196 364 22562 4380 -27818
-2262 -280 535 22846 3233 -28846
-2062 -336 593 22466 2280 -28593
-1573 -376 477 22132 2605 -26390
-1201 -353 393 22742 5319 -22471
-779 -359 212 23734 7031 -19634
-634 -363 73 26020 8906 -16134
-517 -449 16 28375 10689 -14152
-490 -522 114 30211 11997 -13893
-544 -569 207 31154 12312 -15195
-862 -653 496 30940 11235 -16944
-1071 -798 690 29322 7966 -20098
-1004 -820 893 26772 4181 -22242
-775 -790 816 24922 736 -22331
-528 -1048 503 24682 -523 -21520
-468 -1093 266 26083 -697 -20187
-753 -1499 -314 28129 -149 -19962
-814 -1649 -448 32174 3298 -21304
-1152 -1997 -581 32767 9650 -24707
-1456 -2272 -537 32767 15590 -29269
-1723 -2375 -28 32767 18416 -32768
-1869 -2520 306 32767 17087 -32768
-2029 -2898 502 32129 10397 -32768
-2277 -3494 583 29015 5256 -32768
-2305 -4133 290 25363 989 -32768
-2234 -4784 129 23854 5106 -32768
-2644 -5898 -188 25163 13706 -30852
-5518 -384 -325 32767 13556 22764
-5742 -449 -1094 32767 11739 25632
-6624 -686 -2568 32767 7442 27222
-7791 -1223 -4552 30298 10353 28639
-9817 -1987 -6876 20899 18954 31036
-11193 -3073 -8237 4895 21526 32767
-13509 -5390 -9602 -9629 21926 32767
-13934 -17931 4512 -32768 26243 32767
-10827 -18252 3978 -32768 10355 32767
-8584 -18492 2532 -32768 6473 32767
-4658 -17862 2326 -32768 11246 32767
-1972 -16230 2726 -32768 19784 32767
175 -13929 1528 -25575 25395 32767
2429 -10993 2179 -15203 28698 32767
2531 -9754 3022 -4514 27561 26165
2386 -8191 3816 588 20428 20158
1824 -7194 3923 2622 15223 13585
1497 -5346 3515 3350 15360 9654
1507 -4414 3477 3253 17401 5180
1219 -3184 3300 2084 17766 669
646 -2709 3250 104 17925 -5601
-566 -2162 3562 -2147 13562 -10297
-1435 -1525 3416 -5425 2871 -15351
-1861 -1102 3065 -6377 1006 -17247
-2370 -366 2488 -5473 5104 -17420
-2657 183 2412 -3785 11676 -17096
-3010 453 2614 -3016 14230 -17064
-3328 608 2806 -2293 17737 -17931
-3525 698 3031 -1938 22313 -19878
-3687 826 2912 -1246 24197 -21514
-3678 1442 2723 410 25023 -23064
-1907 541 1317 -8957 21599 -10626
-1565 321 995 -8083 24383 -10990
-1407 346 750 -4795 26935 -11563
-1090 480 434 169 25891 -11773
-708 477 223 3689 23173 -11570
-634 468 167 8631 17116 -11094
-549 452 85 12761 11602 -11140
-639 347 131 14921 8862 -11876
-713 268 106 17575 5690 -13832
-752 177 113 18856 4100 -15456
-732 166 146 19783 3223 -17737
-597 92 325 19399 3761 -19451
-526 46 388 18570 4317 -20256
-468 48 412 16925 4516 -21113
-407 137 246 15852 4351 -21501
-378 125 220 14507 4160 -21834
-308 104 190 13449 3697 -21526
-364 65 -8 13175 3002 -21197
-539 -13 -135 13384 2903 -21223
-861 -192 -368 14093 3749 -21700
-1432 -620 -651 15955 6025 -23348
-1464 -678 -621 17703 9219 -24675
-1427 -906 -581 19274 10158 -24619
-1431 -1304 -790 20397 9629 -24014
-1461 -1588 -913 21981 9886 -22651
-1626 -1983 -1014 23875 13918 -22113
-2201 -2771 -1096 25163 18136 -23337
-3011 -3251 -969 26452 22684 -28342
-3522 -3423 -874 26761 19998 -32768
-3722 -3514 -660 26437 15659 -32768
-3505 -3675 -634 25897 11408 -32768
-3275 -3462 -754 26964 14662 -32768
-3175 -3450 -1085 29396 20443 -32768
-3312 -3363 -1215 32767 29303 -31137
-3360 -3208 -971 32767 32486 -28349
-3041 -2912 -179 32767 28697 -27171
-2860 -2832 161 32767 17016 -26335
-2790 -2769 270 32767 8246 -26657
-2793 -2717 171 32767 7703 -27089
-2941 -2710 -68 32767 11812 -27205
-3061 -2334 -74 32767 15559 -26254
-3031 -2156 -115 32767 18817 -22175
-3002 -2000 100 32767 19122 -15285
-3213 -1863 418 32767 16951 -10576
-3618 -1806 702 32767 11592 -5061
-4157 -1735 1169 32767 9676 -1348
-4602 -1517 1313 32767 9389 1088
-4851 -1209 1139 32767 8791 6158
-5017 -901 950 32767 6911 12426
-5428 -604 765 32767 5695 16942
-13459 -2703 -11060 -26188 27910 32767
-14013 -3503 -11171 -32768 32767 32767
-14833 -4876 -9120 -32768 32767 32767
-15454 -5878 -7604 -32768 32767 32767
-16336 -7553 -4640 -32768 32767 32767
-16172 -6782 -2041 -32768 32767 32767
-19182 -11044 4654 -32768 32767 32767
-18847 -12038 4539 -32768 32767 32767
-17758 -12895 4975 -32768 32767 32767
-14741 -15417 4483 -32768 32767 32767
-13458 -15652 4382 -32768 28000 32767
-9277 -15344 4003 -32768 20055 32767
-5888 -14853 1756 -32768 22196 32767
-3987 -14261 478 -30004 26483 32767
-2265 -13433 1260 -17507 27030 32767
-1729 -13054 1603 -5518 24718 32767
-283 -11756 1667 3003 21917 32767
753 -10128 1606 7289 23383 25719
1325 -8303 1876 10399 25769 14078
1482 -7125 2130 10081 23052 2709
1547 -5392 2190 9210 20112 -3634
1370 -3981 1952 8846 18066 -9918
703 -2966 1734 10361 18065 -12906
31 -2477 1757 11453 16687 -14346
-613 -2020 1898 11596 13306 -16321
-1593 -1399 2097 10483 11989 -17662
-1923 -789 2235 7859 11261 -18422
-2138 -152 2474 4566 10948 -17733
-2075 61 2535 2620 10543 -16420
-1846 239 2553 785 9871 -13286
-1742 688 2463 474 7990 -11316
-1908 1034 2365 736 6536 -11374
-2232 1303 2535 639 6778 -12636
-2327 1641 2827 47 8762 -13294
-2108 1845 2948 -1219 12519 -12682
-2118 1997 2898 -1800 14143 -11659
-2389 1899 2803 -2021 15849 -10335
-2424 1761 2642 -1418 16326 -9068
-2493 1587 2399 -857 15810 -8550
-2564 1499 2304 -429 14269 -9041
-2793 1342 2195 -489 12941 -10358
-2874 1248 2133 -1051 11488 -12908
-2793 1071 1801 -1446 11145 -14390
-2686 961 1577 -1489 11967 -15660
-2555 802 1302 -558 13342 -16119
-2399 633 864 608 13505 -16402
-2230 543 809 1868 10013 -16794
-2096 415 979 1938 5878 -17320
-2094 362 949 1639 838 -19096
-2028 237 704 2159 -397 -21895
-2049 109 310 3278 652 -24200
-1914 108 92 5876 4333 -27391
-1550 143 -173 9234 7322 -29134
-1132 28 -327 11592 8463 -29517
-1063 -18 -329 14798 9340 -29532
-861 -264 -180 16617 8132 -29397
-681 -447 74 16806 6179 -29570
-580 -683 249 16216 3613 -30574
-537 -788 178 16186 2837 -32354
-601 -985 -95 17702 3109 -32768
-648 -1029 -323 19406 3775 -32768
-641 -1004 -392 22429 4498 -32768
-561 -1061 -357 25027 4581 -32768
-524 -1101 -83 26204 3642 -32768
-588 -1191 136 26236 1938 -32768
-629 -1205 163 25607 -378 -32699
-839 -1287 128 24921 -1403 -32412
-897 -1295 91 23747 -1899 -32768
-1175 -1370 -11 22936 -747 -32768
-1270 -1482 67 21824 2397 -32768
-1321 -1605 230 21093 4594 -32768
-1218 -1661 234 20578 6982 -32768
-1055 -2143 118 21100 5808 -32768
-1248 -2398 -178 22123 3498 -32768
-1497 -2560 -460 23865 2905 -32768
-1884 -2803 -656 24838 8328 -32768
-2058 -2744 -675 24576 14135 -32768
-2089 -2829 -310 22393 23105 -32768
-2125 -3410 42 19587 27134 -32768
-2046 -3665 172 17824 26020 -32768
-1924 -4637 -171 16630 20376 -32768
-2027 -5329 -267 16710 17306 -32768
-2272 -5805 -247 17723 17008 -32768
-2847 -6309 -220 19988 21818 -32768
-3906 -6232 44 22241 28667 -32768
-3737 -5822 473 22917 29506 -32768
-3068 -5532 1059 22212 25191 -31712
-2629 -5084 971 22938 21244 -26097
-2999 -4677 526 28188 19369 -20375
-4109 -3903 441 32767 21499 -19325
-4284 -3663 665 32767 23192 -19350
-4461 -3228 1777 32767 20344 -17454
-4921 -2878 1931 32767 17049 -14647
-10988 -2221 -6132 25258 2306 32767
-12416 -2925 -7919 9240 6690 32767
-15353 -4473 -10105 -3087 13209 32767
-16350 -6081 -10795 -23316 19997 32767
-16674 -7046 -10846 -32768 32751 32767
-17509 -8862 -9734 -32768 32767 32767
-10044 -19283 5714 -28776 14694 32767
-5734 -18623 2241 -22535 14949 32767
-4627 -18011 1941 -20060 15559 32767
-349 -14943 1363 -18935 19572 32767
1464 -13366 642 -16693 22788 32767
2508 -11820 165 -9665 29479 32767
3417 -9740 255 -4834 32767 24860
3699 -7528 1058 -800 32767 14225
3729 -6387 1480 -30 28375 6009
3079 -4839 1556 -313 25143 280
1786 -3573 1318 -1281 23354 -9239
908 -2767 1477 -4091 25205 -17160
-110 -1706 1964 -7018 26590 -20276
-785 -1184 2055 -10897 28584 -22220
-1777 -731 2077 -12519 31560 -22565
-2674 -610 2287 -13640 32767 -22729
-3581 -323 2150 -12608 32767 -23639
-4198 -86 1920 -10685 32767 -24783
-4617 69 1745 -6715 32767 -25801
-4798 101 1427 -3929 32767 -25115
-4754 200 1441 -1009 32767 -22149
-4564 70 1315 53 32767 -19479
-4541 38 1237 786 32767 -15894
-4454 9 939 949 32767 -14149
-4446 -36 922 1024 32767 -12864
-4271 -135 743 1464 32767 -12548
-4176 -123 548 3612 32767 -12522
-3951 -67 132 6185 32767 -12405
-3973 -41 -259 11815 32767 -12601
-4087 123 -709 18392 32767 -13321
-4199 186 -579 22099 32767 -13967
-4201 198 -493 25706 32767 -14860
-4177 427 -144 26827 32767 -15538
-4079 641 -63 26355 32767 -15693
-3922 925 -151 25024 32767 -15038
-3738 1369 -544 24381 32767 -12321
-3156 1234 -956 24519 32767 -9139
-3066 1202 -1076 25777 32767 -3762
-3204 1157 -1311 26776 32767 -1143
-3204 1114 -1478 27976 31334 952
-3362 1088 -1655 27861 28574 988
-3253 1107 -1387 26551 28307 229
-3143 1167 -1379 22706 30243 -805
-2424 1036 -1027 17399 32767 -164
-1643 1062 -1285 12287 32767 2832
-1443 1181 -853 8518 32767 4579
-1203 1047 -1248 3306 32767 6530
-1068 974 -1290 429 32767 7059
-1015 963 -1293 -2735 32767 6901
-594 744 -1402 -4284 32767 6329
-359 678 -1762 -4195 32767 6935
-73 529 -1188 -3998 32767 7880
153 697 -1226 -2704 32767 8225
-23 489 -1439 -85 32767 6876
48 84 -1465 2283 32767 5433
