0 0 0 0 0 0
-4336 -2721 -91 32767 5828 -29518
-4205 -2472 17 32767 5858 -14761
-4216 -2005 58 32767 1074 -7825
-4152 -1607 11 32767 -10321 -2646
-4191 -807 7 32767 -21513 -2410
-4159 -184 -227 32767 -26917 -3091
-4153 125 -492 32767 -29715 -3610
-4272 1028 -927 32767 -26857 -2416
-4492 1925 -1374 32767 -24726 -127
-4735 2407 -1649 32767 -21842 5018
-5379 2998 -1959 32767 -17767 10766
-6302 3510 -2687 32767 -12925 14088
-7077 4063 -3991 32767 -2963 18103
-7135 4240 -5212 32767 7162 23293
-7210 4103 -6439 32767 15902 28111
-7667 3820 -6696 32767 29698 32767
-8573 2968 -6141 22162 32767 32767
-9219 2263 -5524 -9423 32767 32767
-9768 1242 -5065 -27695 32767 32767
-9861 662 -5009 -32768 32767 32767
-10225 -215 -4612 -32768 32767 32767
-10343 -807 -3816 -32768 32767 32767
-11126 -1708 -2229 -30768 32767 32767
-1314 -4985 4089 -32768 32767 32767
-970 -4836 2733 -32768 27015 30030
-857 -4582 1882 -22938 21791 22824
-508 -4085 1115 -13742 22632 15667
-107 -3562 905 -9014 24857 11541
-52 -3188 932 -4044 25837 5101
-52 -2313 945 -1929 24270 797
-128 -1535 1212 -716 19426 -4622
-220 -962 1322 -1074 12655 -8032
-618 -97 1497 -2372 7399 -10718
-1299 698 1691 -3430 5309 -12399
-1970 1401 1781 -4747 3938 -14440
-2469 1830 2049 -5617 4306 -15677
-2219 1298 1872 -11107 5911 1483
-2136 828 1517 -10690 5833 1601
-2016 463 1328 -9525 7767 1038
-1849 -90 950 -7688 11560 -942
-1692 -529 671 -6106 13655 -3107
-1716 -914 326 -2890 14962 -7875
-1766 -1153 136 1368 13732 -14004
-1957 -1529 -6 4512 11866 -18536
-2068 -1782 -21 9209 7866 -24952
-2068 -1894 -106 14016 2276 -29805
-2016 -2086 -223 18790 -4068 -32662
-1751 -2433 -359 21962 -8026 -32768
-1729 -2530 -501 26727 -12372 -32768
-2035 -2472 -626 31232 -14155 -32768
-2185 -2427 -826 32767 -13914 -32768
-2260 -2281 -928 32767 -12274 -32768
-2176 -2140 -914 32767 -10555 -32768
-1965 -1996 -751 32767 -7467 -32768
-2301 -2364 -409 32767 -9790 -32768
-2524 -2508 -73 32767 -8040 -32768
-3057 -2523 -159 32767 -6368 -32768
-3383 -2339 -261 32767 -3084 -32768
-4071 -2397 -169 32767 558 -32768
-4435 -2060 29 32767 1905 -32768
-4577 -2355 196 32767 -673 -32768
-6805 42 -818 26718 -2332 19322
-6900 111 -1419 28600 3226 22302
-6918 160 -2307 30692 6949 23560
-6959 134 -3035 32767 11110 24849
-7523 -34 -4393 32767 15681 25346
-8326 -808 -5774 32767 19066 26421
-8775 -1674 -6520 24506 23745 31399
-9497 -3426 -6735 6140 32506 32767
-9968 -5065 -6491 -9984 32767 32767
-10016 -6054 -6129 -32768 32767 32767
-10071 -7234 -5474 -32768 32767 32767
-10170 -7946 -4361 -32768 32767 32767
-10098 -8280 -3149 -32768 32767 32767
-9980 -8350 -1418 -32768 32767 32767
-9425 -8026 1996 -32768 32767 32767
-8108 -8447 3843 -32768 12399 32767
-8150 -8073 2792 -32768 13065 32767
-7920 -8388 2298 -32768 21868 32767
-7481 -8397 2507 -32768 23645 32767
-6165 -8286 3236 -32768 22007 32767
-5271 -8234 3505 -32768 19542 32767
-4082 -8175 3738 -27208 18985 32767
-3227 -8034 3676 -20268 21374 32767
-2696 -7697 3340 -15599 24521 32767
-2572 -7308 3061 -8677 30190 32767
-2308 -6805 2656 -4307 32767 32767
-2098 -6341 2673 673 32767 26058
-2058 -5923 2901 2464 32767 19049
-1948 -5016 3140 1247 32431 13740
-1789 -4392 3311 -825 28718 11378
-1608 -3501 3308 -4682 22987 9260
-1282 -2712 3289 -7440 18935 8766
-1322 -2222 3115 -10934 12764 8006
-1470 -1812 2978 -13046 9017 5628
-1630 -1214 2860 -13725 8267 3023
-1519 -410 2903 -13813 9572 -1672
-1303 110 2845 -12760 13714 -6303
-1033 1001 2852 -11301 18830 -10331
-893 1602 3100 -10740 21034 -12456
-719 1640 3323 -10471 22458 -14896
-1013 1748 2840 -8609 20000 -17935
-1140 1929 1902 -6136 16203 -19498
-1162 1676 1295 -1663 10426 -20488
-1143 1434 1168 1975 7148 -20059
-1167 1086 1083 3566 6293 -19307
-1219 873 1115 4436 6486 -17997
-1154 491 1399 3219 7670 -16330
-896 163 1506 1804 8759 -14973
-782 32 1450 -76 10180 -13181
-823 25 1250 -820 10389 -12441
-818 20 983 -447 9210 -11897
-1484 -164 416 32767 9573 -24156
-1408 -105 468 32767 11260 -25773
-1363 -78 560 32767 12367 -26613
-1536 -334 533 32767 11537 -26833
-1605 -592 470 32767 7690 -26641
-1796 -1065 490 32767 3777 -26405
-2026 -1395 407 32767 -2843 -26482
-2375 -1864 142 32767 -7830 -27301
-2619 -2155 -64 32767 -9560 -28276
-2770 -2481 -248 32767 -10276 -29951
-2912 -2720 -353 32767 -10097 -32028
-3053 -2948 -475 32767 -9956 -32768
-3535 -3138 -549 32767 -10764 -32768
-4146 -3205 -534 32767 -14305 -32768
-4832 -3082 -609 32767 -19357 -32768
-4893 -2792 -418 32767 -23321 -32768
-4602 -2802 -260 32767 -23509 -32768
-4565 -2717 -68 32767 -18470 -32768
-4550 -2070 -8 32767 -11388 -32768
-4616 -1250 -210 32767 -11724 -29181
-5283 -274 -483 32767 -16365 -23991
-5799 743 -561 32767 -23592 -18029
-5928 1427 -740 32767 -25606 -12799
-6330 2501 -1040 32767 -22490 -9438
-6241 3487 -1298 32767 -14634 -2317
-6103 3977 -1623 32767 -12825 7297
-6468 4569 -2269 32767 -15849 13067
-6623 5001 -2812 32767 -17404 20269
-6802 5525 -3639 32767 -10031 26818
-7153 5516 -3966 32767 -2010 31740
-7178 5466 -3710 32767 13484 32767
-7143 4807 -3216 26056 22358 32767
-7557 3914 -3307 13042 23237 32767
-7886 3144 -3684 -1241 26338 32767
-8511 2200 -4086 -7087 32767 32767
-8853 1296 -3717 -8179 32767 32767
-8853 808 -2788 -11032 32767 32767
-8736 179 -1237 -14703 32767 32767
-8517 -307 -145 -21545 32767 32767
-7577 -1150 2497 -16212 32767 32767
-8039 -1735 3564 -24116 32767 32767
-8166 -1349 3553 -32186 32767 32767
-7848 -1762 4738 -32768 32767 32767
-6939 -1834 6056 -32768 32767 32767
-5640 -2427 6666 -32768 32767 32767
-4138 -2889 6243 -32768 32767 32767
-3704 -3328 4469 -32768 32767 32767
-3372 -3664 3492 -32768 32767 32767
-2696 -4493 2117 -23934 32767 32767
-1951 -5180 1464 -17055 32767 30100
-1426 -5293 1402 -10762 32767 22114
-784 -4877 1651 -9443 32767 15202
-351 -4660 2022 -10560 32767 11333
-309 -4283 1880 -12000 30409 5417
-105 -3526 1622 -11946 23922 2028
113 -3054 1540 -10594 15447 -1186
163 -2393 1568 -8536 9100 -3733
-154 -1834 1455 -6956 5979 -6044
-641 -1086 1472 -5099 4524 -9965
-982 -488 1556 -4172 6300 -12434
-1238 -80 1792 -3450 12094 -15253
-1201 217 2016 -3025 16024 -16328
-1098 560 1965 -1697 18435 -16991
-1098 1294 1999 -221 16693 -16793
-1079 1449 2238 98 14307 -16180
-1036 1569 2477 -813 10730 -14666
-983 1824 2827 -2339 8572 -13384
-1015 1967 3030 -5506 4934 -11243
-865 2045 3133 -8375 380 -8527
-1054 2040 3111 -9773 -2391 -6953
-1296 1915 2977 -10496 -5727 -5497
-1614 1690 2584 -9365 -8030 -4630
-2966 -2122 670 22582 4318 -14805
-3104 -2070 661 27896 2804 -21712
-3084 -2214 601 31086 -300 -26532
-3062 -2162 605 32767 -5929 -32768
-3100 -2056 471 32767 -11028 -32768
-3099 -2148 264 32767 -13375 -32768
-3052 -2248 297 32767 -14264 -32768
-3097 -2408 278 32767 -14199 -32768
-3084 -2384 162 32767 -14544 -32768
-2976 -2398 -14 32767 -15529 -32768
-2789 -2580 -116 32767 -16286 -32768
-2722 -2541 -143 32767 -17877 -32768
-2706 -2596 -144 32767 -22251 -32768
-2738 -2797 -231 32767 -26938 -32768
-2893 -2837 -361 32767 -32768 -32768
-3274 -3021 -504 29097 -32768 -32768
-3514 -3148 -594 26477 -32768 -32768
-3797 -3151 -731 23223 -32768 -32768
-4230 -3081 -952 21341 -27475 -32768
-4321 -2979 -1024 21351 -19152 -32768
-4611 -2954 -1338 24213 -8101 -32768
-4984 -3084 -1176 28186 -1425 -32768
-5682 -2924 -675 29747 -2710 -32768
-5965 -2699 -373 28445 -10582 -32768
-5984 -2115 304 23223 -13151 -32768
-5875 -1717 651 19521 -9982 -32768
-6048 -1340 496 17175 -2555 -32768
-6430 -890 -325 18658 202 -30758
-6725 -525 -712 23663 765 -24494
-6631 245 -651 27553 3498 -17035
-7712 220 -2081 24463 12694 28976
-8223 -285 -3019 28068 20037 30202
-8662 -1510 -4295 28472 28973 32767
-9113 -2997 -5414 25277 32767 32767
-9879 -4293 -5855 13358 32767 32767
-10797 -6280 -5473 -8598 32767 32767
-11219 -8131 -3907 -32768 32767 32767
-10821 -9420 -2170 -32768 32767 32767
-10315 -10176 -1259 -32768 32767 32767
-8641 -12361 -2435 -32768 32767 32767
-9577 -10776 2031 -32768 26485 32767
-563 -7669 3431 -9416 32767 31060
-399 -6851 3044 -4691 32767 25468
-224 -6061 2944 650 32767 18269
-230 -5445 2885 3262 32767 12762
-457 -4569 2793 3625 32767 9641
-1213 -3830 2583 2582 32767 2737
-1752 -3394 2339 1650 30054 -810
-2555 -2841 2198 -672 26262 -5731
-3344 -2349 1975 -2530 24713 -8615
-3574 -2036 1837 -5385 24457 -11413
-3600 -1578 1555 -7189 26882 -12460
-3883 -1112 999 -7127 29535 -12988
-4328 -751 731 -5306 32268 -14389
-4625 -374 635 -2396 28487 -16911
-5001 360 393 -16 23289 -18962
-5021 978 622 3473 19144 -21836
-4788 1595 806 6750 22044 -23196
-4456 2642 1395 8533 25633 -23114
-4345 3298 1697 10691 28087 -21735
-4225 4014 1676 12321 25883 -19936
-3828 4276 1697 14541 19234 -15729
-3371 4136 1622 16381 12427 -9817
-2745 3808 1212 18585 8863 -3763
-2440 3430 964 19857 8553 -671
-2346 3100 807 21437 9421 2194
-1066 238 1321 -5544 -10770 -6489
-842 99 1122 -7173 -18581 -6361
-595 -284 523 -5308 -25126 -4766
-569 -408 335 -2916 -27636 -3747
-754 -298 481 943 -27896 -3155
-691 -331 532 3631 -26594 -3010
-774 -449 511 7571 -24601 -3697
-898 -487 510 9976 -23911 -4619
-951 -548 452 13520 -23434 -6235
-889 -875 361 16013 -22637 -7044
-788 -1218 332 20158 -19544 -7552
-748 -1785 301 24873 -14164 -7805
-954 -2243 197 29871 -9227 -8508
-1287 -2542 154 32767 -8664 -9517
-1820 -2604 -46 32767 -13827 -12484
-2276 -2883 -419 32767 -21746 -16885
-2655 -3157 -434 32767 -25033 -20588
-2872 -3422 -444 32767 -25231 -26710
-3041 -3710 -736 32767 -21303 -32584
-3363 -3731 -875 32767 -18097 -32768
-4276 -3638 -1052 32767 -15952 -32768
-5131 -3260 -1052 32767 -19537 -32768
-5338 -2847 -898 32767 -24637 -32768
-4976 -2761 -687 32767 -31196 -32768
-4388 -2494 -277 32767 -31691 -32768
-4547 -2037 -309 32767 -28886 -32768
-4869 -1633 -442 32767 -22593 -25578
-5911 -1020 -678 32767 -19975 -22545
-6439 -112 -743 32767 -19415 -20367
-6277 619 -668 32767 -21242 -16990
-5955 1461 -637 32767 -23998 -10619
-5590 2302 -846 32767 -23769 -5296
-5565 2636 -1123 32767 -20730 2435
-5729 3090 -1848 32767 -18914 6520
-6209 3195 -2905 32767 -17015 10331
-6617 3302 -3762 32767 -12426 11662
-7383 3350 -5257 32767 -7362 12415
-7700 3264 -6292 32767 3422 16724
-7926 2877 -7066 32767 12928 22659
-8160 2385 -7180 25951 24786 32767
-9168 1529 -7604 -1521 32767 32767
-10141 616 -7878 -18556 32767 32767
-10340 -456 -7182 -32768 32767 32767
-9966 -1181 -5953 -32768 32767 32767
-9396 -1922 -3580 -32768 32767 32767
-9281 -2454 -1024 -32768 32767 32767
-9382 -2272 -609 -32768 32767 32767
-8482 -3550 3397 -32768 32767 32767
-8236 -3560 5377 -32768 32767 32767
-7698 -4188 6245 -32768 32767 32767
-7090 -4587 6261 -32768 32767 32767
-5818 -5514 5813 -32768 32767 32767
-4616 -5733 4687 -32768 32767 32767
-3841 -6201 4552 -28660 32767 32767
-2802 -6986 4201 -23887 32767 32767
-1361 -7308 3988 -22978 32767 32767
-395 -7098 3903 -23621 32767 27467
-24 -6598 3325 -23108 27956 18038
457 -5969 2366 -21137 24487 12277
615 -5097 1537 -15988 20015 4123
571 -4297 988 -8845 16370 -3337
740 -3343 741 -4160 15481 -6818
-2609 2266 2049 -3728 1985 -18572
-2872 2237 2153 -3931 6062 -13933
-3384 2145 2406 -4801 9737 -11176
-3781 1907 2417 -6631 13789 -7829
-3982 1605 2282 -8126 14254 -5363
-4166 962 1866 -8569 12828 -4227
-3798 302 1476 -8193 11176 -2500
-3269 -124 1329 -6543 12619 -757
-2936 -278 991 -3564 14818 -933
-2863 -308 713 -1016 15394 -2286
-2897 -437 552 3263 14327 -5581
-2878 -477 554 7192 12246 -9523
-2533 -572 518 9746 10870 -11636
-2327 -753 473 13768 8880 -14067
-2059 -955 434 18311 6469 -16696
-2074 -887 267 21717 4136 -18876
-1926 -899 116 27189 368 -21848
-1388 -923 -83 32356 -1985 -23587
-1191 -954 -109 32767 -2629 -24081
-1096 -1010 -202 32767 -3184 -24246
-1156 -974 -294 32767 -3994 -24342
-1464 -879 -282 32767 -4619 -24879
-1702 -853 -118 32767 -5139 -26545
-1830 -792 123 32767 -6246 -28461
-1819 -689 181 32767 -8094 -29514
-1928 -600 150 32767 -12501 -30688
-1864 -496 -82 32767 -18043 -30638
-2368 -397 -517 32767 -20842 -30525
-2552 -403 -534 32767 -21043 -30073
-2385 -433 -33 32767 -19681 -28824
-2014 -521 -31 32767 -21188 -24830
-1826 -526 -99 32767 -25504 -20000
-1640 -390 -61 32767 -26866 -17210
-1555 -413 1 29959 -26300 -13849
-1441 -601 66 25410 -24356 -11783
-1418 -625 47 22857 -22949 -11471
-1599 -537 -32 20283 -21092 -13081
-2161 -166 -235 19636 -17235 -17516
-2845 434 155 19597 -12204 -21794
-3055 935 833 19048 -4862 -28005
-2991 1148 816 18920 -7175 -30572
-2835 738 745 20101 -14559 -28706
-3110 475 1135 20949 -14654 -26411
-4873 6 1237 23580 -9571 -24663
-6499 -250 961 28905 -7833 -26739
-8314 -135 629 32767 -8839 -27938
-8664 -75 522 32767 -8586 -23725
-8207 -35 719 32767 -6226 -8901
-7997 66 651 32767 -4443 2592
-8347 245 298 32767 -2695 14623
-8820 368 -608 32767 -3047 18945
-9288 169 -2616 32767 6306 20645
-9375 -297 -4304 32767 15777 22754
-9397 -639 -5030 32767 23807 28030
-9213 -1718 -5186 32767 25111 32665
-9279 -2768 -5319 27585 25626 32767
-9637 -4503 -5129 5792 32243 32767
-10001 -6015 -4200 -13113 32767 32767
-10044 -7056 -3185 -32768 32767 32767
-9435 -7774 -2617 -32768 32767 32767
-8667 -8720 -1690 -32768 32767 32767
-8298 -10105 1074 -32768 32767 32767
-7693 -8380 2289 -32768 28355 32767
-917 -5955 2920 -14219 32767 31183
-756 -5747 3363 -12036 32767 27597
-770 -4942 3544 -11475 32767 25235
-600 -4293 3527 -11088 32767 22815
-442 -3937 3641 -11608 28438 22045
-638 -3337 3493 -12304 20231 21191
-885 -2829 3051 -12072 15542 20552
-1119 -2648 2814 -10863 11932 18871
-1958 -2316 2441 -8979 11988 14405
-2665 -2038 2222 -7651 13365 10166
-2927 -1607 1949 -5591 17062 3700
-2949 -1353 1865 -3551 23820 -1302
-2786 -982 1907 -2296 30451 -3339
-2599 -623 2097 -1024 32767 -4682
-2426 -261 1917 -213 30463 -4494
-2484 328 1508 1108 15670 -5592
-2907 1169 851 3046 7969 -8314
-3001 2104 812 6418 5819 -14307
-2969 2484 1179 8164 13292 -20460
-2872 2936 1937 7710 19785 -23746
-2851 3296 2524 4451 26343 -27023
-2382 3609 2892 613 25246 -26588
-1642 3290 2344 -542 20487 -23962
-1367 3045 1947 -69 10569 -17986
-1136 2687 1623 1504 2003 -11522
-859 2171 1467 2663 -1287 -7619
-819 1791 1303 4316 -2773 -3394
-891 1261 1449 4688 -2128 -1954
-907 812 1512 4327 -426 -1322
-884 613 1344 4186 500 -1928
-888 411 1012 4588 75 -2916
-872 317 818 5878 -1533 -5017
-827 171 610 7679 -3020 -7415
-817 -25 661 8660 -3433 -8955
-709 -133 784 9619 -2916 -10607
-559 -330 723 10905 -1746 -11321
-603 -548 647 12076 -953 -11629
-621 -567 583 14483 230 -12069
-603 -452 416 16699 541 -12142
-434 -575 195 20881 -182 -11593
-441 -635 82 25709 -1139 -11058
-627 -612 43 30297 -1912 -11490
-845 -735 88 32767 -2202 -12318
-1072 -867 187 32767 -3590 -14330
-1353 -1191 224 32767 -6579 -16792
-1621 -1616 255 32767 -9027 -18522
-1993 -1893 250 32767 -13041 -22035
-2527 -2392 142 32767 -14622 -25149
-2907 -2548 211 32767 -13041 -30943
-2918 -2317 169 32767 -10123 -32768
-2608 -2247 -116 32767 -10844 -32768
-2158 -2728 -101 32767 -13674 -32768
-2139 -3194 -16 32767 -15520 -32768
-3209 -3253 -602 32767 -18531 -32768
-5772 -542 494 32767 -24347 -30861
-6234 267 576 32767 -18581 -27744
-6131 942 335 32767 -14831 -22736
-6087 1405 -127 32767 -12724 -13146
-5970 2103 -817 32767 -13049 -4762
-5966 2768 -1736 32767 -13559 -1186
-6208 3065 -2578 32767 -11745 1032
-6833 3190 -3746 32767 -6467 1845
-7203 3092 -4271 32767 5879 5359
-8041 2903 -5251 32767 14937 13185
-9200 -3310 1694 -32768 32767 32767
-9104 -4432 4543 -32768 32767 32767
-9175 -4685 4458 -32768 32767 32767
-8466 -5540 4952 -32768 32767 32767
-7787 -6700 5348 -32768 32767 32767
-6991 -7276 5166 -32768 32767 32767
-5378 -7397 4936 -32768 32767 32767
-3779 -7767 4299 -32768 32767 32767
-2716 -8126 3614 -32768 31734 32767
-1391 -8154 2582 -32768 27520 32767
-584 -7575 2169 -25024 26205 30438
-310 -7029 1972 -18732 24742 18873
33 -6098 1984 -15846 23616 11701
133 -5143 2088 -13181 21971 2004
-33 -4432 2009 -10936 16487 -6738
-275 -3374 1791 -7791 11781 -12580
1 -2498 1676 -5515 10265 -13478
29 -1951 1747 -2832 8678 -12222
-251 -1103 1909 -1825 8020 -11118
-647 -536 2117 -1266 8306 -9883
-759 -370 2368 -1942 9355 -9101
-1179 57 2508 -3319 7374 -9430
-1350 296 2692 -4597 5161 -9860
-1531 482 2785 -6493 2207 -10270
-1813 460 2850 -7789 -407 -10611
-2451 505 2699 -7826 -1282 -11201
-2808 659 2397 -5995 -1022 -12353
-3148 732 1593 -1477 781 -12657
-2794 664 1374 1596 4341 -11571
-2621 429 1490 4616 11767 -9112
-2882 326 1450 5647 15314 -8325
-3281 386 1512 5769 16830 -9318
-3392 324 1694 4540 13434 -10782
-3270 352 1586 3731 9466 -11389
-3169 248 1448 3838 4330 -12449
-3195 193 917 5463 2043 -13915
-3245 174 665 9654 760 -17123
-2910 -135 590 14461 3266 -20484
-2695 -261 518 19391 7347 -23270
-2292 -455 322 22766 9354 -24580
-2020 -671 328 27339 11509 -26242
-1773 -760 374 30920 11376 -28045
-1454 -791 406 32732 9839 -29039
-1110 -881 352 32767 5825 -30051
-886 -879 331 32767 975 -30593
-692 -989 279 32767 -2559 -30901
-639 -1170 309 32767 -7168 -31532
-717 -1245 331 32767 -10902 -32768
-942 -1362 292 32767 -12980 -32768
-1068 -1426 271 32767 -14943 -32768
-1389 -1343 159 32767 -15967 -32768
-1707 -1330 121 32767 -16187 -32768
-1670 -1363 157 32767 -15302 -32768
-1679 -1320 112 32767 -13794 -32768
-1785 -1055 -71 32736 -11901 -32768
-1724 -1037 -115 32767 -7504 -32768
-2215 -1153 -144 32767 -5838 -32768
-2662 -1083 -264 32767 -7009 -32768
-2762 -978 -171 32767 -9521 -32768
-2554 -1135 -51 32723 -10906 -32768
-2369 -1259 49 29425 -10194 -32768
-2488 -1469 29 25970 -7577 -32768
-3287 -1703 -159 24387 -6378 -32768
-4292 -1878 -237 23239 -5916 -32768
-4897 -1910 -291 23150 -6805 -32768
-4885 -1997 -378 23414 -7298 -32768
-4594 -2120 -311 23522 -6246 -32768
-4196 -2403 -64 22607 -3509 -26647
-4293 -2660 283 19789 2793 -20294
-4610 -2610 503 17134 7548 -17981
-5040 666 1408 15616 -4802 11712
-5100 795 1441 18258 -4388 14850
-5555 884 1083 21451 -773 20795
-5913 747 667 25552 2756 26694
-6229 674 -93 28585 3764 30243
-6398 522 -446 31491 5850 32767
-6993 56 -1320 32148 8005 32767
-7395 -332 -2308 31936 13673 32767
-7955 -1233 -3804 29636 21803 32767
-8833 -2593 -4903 23196 30277 32767
-9861 -4395 -5100 15218 32767 32767
-10370 -6138 -4664 -2162 32767 32767
-10330 -7205 -4116 -22057 32767 32767
-10271 -8379 -3164 -32768 32767 32767
-10270 -8992 -2512 -32768 32767 32767
-10200 -9618 -1492 -32768 32767 32767
-9911 -9790 -1017 -32768 32767 32767
-8894 -10621 4377 -32768 19185 32767
-8217 -9865 2848 -32768 13546 32767
-7131 -10075 2532 -32768 15904 32767
-5372 -9911 2878 -32768 13927 32767
-4347 -9530 3025 -32768 11288 32767
-3148 -8895 3387 -32768 14338 32767
-1971 -8237 3459 -32768 17636 32767
-1245 -7838 3610 -29151 23245 32767
-185 -7357 3731 -22571 28208 32767
161 -6749 3465 -17574 31199 32568
34 -6400 3263 -9870 32767 26131
-301 -5718 3055 -5384 32767 21666
-490 -5340 3012 -488 32767 16170
-1021 -4627 2927 1730 32767 12104
-1299 -3832 3079 1141 30828 10463
-1473 -3382 3091 -2036 22522 9298
-1890 -2769 2846 -5525 14930 8384
-2469 -2416 2538 -7075 11801 7047
-3044 -1883 1988 -7564 10858 3393
-2684 4054 1616 10845 25002 -25371
-2497 3923 1925 8641 25693 -26188
-2260 3816 1881 5170 25376 -25131
-1938 3414 1658 2415 23069 -21867
-1745 2883 1523 201 19631 -17448
-1590 2502 1496 -1104 17175 -14215
-1227 1910 1381 -2218 14663 -10888
-965 1403 1240 -3502 11105 -6368
-851 1083 1086 -4169 7307 -3153
-820 706 871 -4245 4332 -1900
-931 435 850 -4527 397 -1616
-1232 140 1067 -5417 -2979 -3188
-1464 74 1221 -6111 -4783 -4889
-1555 81 1220 -6715 -6687 -7789
-1374 86 1239 -6363 -7512 -9799
-920 19 1045 -5175 -7609 -10126
-707 -36 830 -1818 -7506 -9525
-545 -140 567 2931 -6546 -8487
-446 -141 370 6513 -5339 -7958
-1344 -2011 -378 32767 -2217 -9739
-1872 -2058 -708 32767 -7173 -11540
-2107 -1968 -968 32767 -14554 -15283
-2400 -2197 -1283 32767 -19478 -19927
-2445 -2458 -1288 32767 -19847 -24676
-2628 -2930 -1194 32767 -15710 -29758
-3374 -3191 -1043 32767 -11639 -32768
-4444 -3114 -960 32767 -7447 -32768
-5465 -2577 -656 32767 -6810 -32768
-5490 -2337 -403 32767 -10021 -32768
-4646 -2399 7 32767 -17002 -32768
-3660 -2608 356 32767 -21161 -32768
-3632 -2472 430 32767 -21405 -32768
-4690 -2230 395 32767 -13972 -32768
-5919 -1353 322 32767 -5560 -29968
-6367 -105 590 32767 -3483 -27979
-6260 553 933 32767 -10382 -22650
-6006 1271 1146 32767 -21000 -17151
-10183 706 -9641 -14783 32767 32767
-10907 184 -10085 -32768 32767 32767
-10728 -300 -9462 -32768 32767 32767
-10123 -1085 -7697 -32768 32767 32767
-9503 -2232 -4862 -32768 32767 32767
-2271 -5208 2826 -32768 32767 32767
-1875 -5280 1797 -27577 32767 32767
-1386 -5367 1346 -22559 32767 32767
-596 -5257 800 -16161 32767 32767
-447 -4780 517 -12475 32767 27975
-526 -4411 357 -7236 32124 19097
-449 -3971 489 -3172 25095 10705
-282 -3292 957 -1202 18100 3115
-224 -2905 1290 -900 13143 -1800
-203 -2030 1643 -1506 5245 -8336
-236 -1190 1776 -2555 -1209 -12999
-1836 2488 3019 -6351 15265 -3066
-1880 2052 2813 -7900 11015 -2443
-2108 1763 2651 -9471 4044 -2911
-2747 1360 2240 -10205 -3166 -4988
-3051 1067 1799 -10304 -9982 -6888
-3081 488 1381 -9956 -13115 -7376
-2586 -112 1169 -8728 -13895 -5548
-1858 -811 839 -7382 -10792 -3388
-1608 -989 481 -4737 -824 -1102
-1383 -1710 -286 27873 -806 -25005
-1114 -1633 -280 29835 3201 -25888
-1076 -1556 -356 32767 6652 -27704
-1086 -1390 -475 32767 7197 -29404
-1148 -1252 -501 32767 6347 -32653
-1236 -1162 -315 32767 4204 -32768
-1322 -1320 -135 32767 2204 -32768
-1490 -1199 -129 32767 -1977 -32768
-1599 -1037 1 32767 -7254 -32768
-1527 -1130 176 32767 -11428 -32768
-1601 -1328 246 32767 -13264 -32768
-1565 -1682 167 32767 -13928 -32768
-1659 -1661 42 30656 -12204 -32768
-1953 -1598 38 29006 -10986 -32768
-1923 -1664 -22 27773 -12620 -32768
-2437 -1594 -248 27539 -14467 -32768
-3135 -1477 -614 29209 -13381 -32768
-3664 -1578 -459 32767 -684 -32768
-4890 -1530 293 32767 9819 -32768
-5656 -1596 446 32767 10950 -32768
-6158 -1833 1254 32767 -2168 -32768
-6311 -1983 1926 32767 -10141 -31882
-6877 -2356 2081 32767 -13840 -24209
-8312 -2097 1455 32767 -7020 -21391
-8780 -1612 1018 32767 219 -19766
-8399 -1105 868 32767 8291 -13270
-7429 -446 1258 32767 8786 -5635
-6954 -251 1804 32767 1757 7806
-7000 -195 1918 32767 -5088 14920
-7464 -205 1369 32767 -10253 20015
-7909 -314 55 32767 -7372 20883
-7873 -388 -734 32767 2607 21676
-7908 -315 -1767 32767 10387 22702
-8206 -13 -3283 32767 14421 23579
-8484 -241 -4426 32767 22281 26548
-8839 -1181 -5416 32767 32697 32250
-9204 -2256 -5812 25307 32767 32767
-9969 -4411 -6155 -1256 32767 32767
-10300 -6370 -6068 -20330 32767 32767
-10230 -7249 -5923 -32768 32767 32767
-9770 -8319 -5082 -32768 32767 32767
-9437 -8830 -4054 -32768 32767 32767
-9616 -9410 -2021 -32768 32767 32767
-8430 -9162 2364 -32768 31778 32767
-8738 -9251 2417 -32768 32767 32767
-8807 -8896 4060 -32768 26329 32767
-7981 -8672 3457 -32768 12909 32767
-6429 -8490 3349 -32768 14185 32767
-5640 -8426 3518 -32768 23366 32767
-4665 -8273 3905 -27531 25568 32767
-3983 -7925 4093 -21414 27094 32767
-2858 -7652 4431 -17626 30045 32767
-1997 -7357 4517 -15550 32544 32767
-1512 -6932 4112 -11466 32767 32767
-1354 -6534 3823 -6254 32767 32767
-1138 -5955 3760 -3141 31712 29257
-1053 -5427 4034 -3273 27930 25904
-1193 -4946 4016 -5486 18627 20374
-1572 -4220 3844 -8429 10530 14528
-1131 2002 2712 -6361 29677 -19884
-1263 2819 2844 -7402 25571 -23865
-1099 3032 2908 -8939 18349 -25442
-599 2898 2632 -9569 14609 -24444
-315 2563 1996 -8572 12044 -20717
-408 2268 1852 -6700 12781 -16674
-704 1954 1924 -5721 14159 -14636
-949 1580 1955 -4371 15952 -12105
-895 1190 1801 -3225 16793 -10465
-837 902 1293 -296 17421 -8112
-963 805 941 3987 16005 -6731
-1180 640 497 7310 13816 -6489
-1376 504 389 11916 9982 -7147
-1672 340 401 15188 6383 -8879
-1734 329 593 16298 4273 -10145
-1647 239 866 16043 2146 -11705
-1475 156 1119 15039 1456 -12485
-1210 108 1147 13103 1164 -12974
-665 25 428 22934 9590 -12227
-898 -91 470 22927 8103 -13587
-1201 -307 403 23100 4989 -16077
-4758 -2484 -862 32767 12859 -32768
-5122 -2537 -322 32767 9716 -32768
-4712 -2567 66 32767 1752 -32768
-4318 -2601 231 32767 -8234 -32768
-3555 -2714 304 32767 -13509 -32768
-3392 -2769 396 32767 -14691 -32768
-3678 -2799 503 32767 -8868 -32768
-4356 -2264 165 32767 -5631 -32768
-4694 -1838 202 32767 -3434 -30442
-5026 -934 476 32767 -3056 -29060
-8411 4010 -3997 32767 6100 29595
-8490 3350 -4923 31247 10551 32767
-9068 2538 -5856 15343 13420 32767
-10072 1145 -7408 -4688 23167 32767
-11099 -77 -8170 -15345 32767 32767
-11221 -833 -7592 -31155 32767 32767
-11108 -1654 -6002 -32768 32767 32767
-10872 -2351 -4697 -32768 32767 32767
-10388 -3315 -3183 -32768 32767 32767
-10282 -4580 -1315 -32768 32767 32767
-9736 -6064 335 -32768 32767 32767
-8418 -6139 2936 -32768 32767 32767
-8293 -6485 4313 -32768 32767 32767
-7873 -7201 4784 -32768 32767 32767
-6237 -6954 5220 -32768 32767 32767
-4737 -6652 4287 -32768 32767 32767
-326 -3532 893 10056 20659 -1495
-249 -2823 1191 10044 19768 -4496
-308 -2218 1203 9733 16728 -7604
-320 -1384 1346 9077 14052 -9070
-349 -691 1767 7236 11264 -9828
-596 -41 2349 5021 8781 -10342
-1161 648 2711 1012 4298 -11898
-1331 999 2757 -2628 -102 -13615
-1433 1608 2460 -4113 -1958 -14325
-1294 2237 2461 -5454 -890 -14266
-1029 2369 2719 -6698 5215 -12092
-591 2201 2956 -7412 10660 -9509
-579 2041 2891 -7611 17194 -5586
-1152 1922 2651 -7002 17908 -3422
-2128 1806 2368 -6360 14565 -3431
-2767 1611 2232 -5389 6606 -4646
-3358 1280 2060 -4791 -692 -5838
-3393 766 1901 -4690 -3386 -5944
-3263 246 1652 -4698 -3796 -5188
-2959 -134 1435 -4649 1396 -3472
-2591 -474 1215 -4510 11806 -2257
-2633 -709 1001 -4238 18350 -2475
-2745 -928 870 -3401 20550 -3959
-2964 -1216 222 -1059 11888 -6025
-3138 -1480 -224 2068 -903 -8516
-2806 -1422 -143 3752 -6809 -10349
-2559 -1232 -109 6094 -9323 -13828
-2319 -863 -212 8770 -5879 -18276
-2128 -742 -279 10728 -1484 -21668
-1886 -495 -409 14245 5974 -27061
-1825 -291 -497 18262 11097 -32732
-1567 -104 -592 21034 11831 -32768
-1127 -42 -574 24811 9485 -32768
-898 -71 -445 27372 5488 -32768
-666 -184 -253 28317 2904 -32768
-648 -220 -246 29052 -438 -32768
-614 -323 -238 29108 -2241 -32768
-661 -449 -132 28725 -2041 -32768
-660 -540 -53 27828 147 -32768
-709 -705 71 26830 3704 -32768
-764 -1021 282 26081 6165 -32768
-879 -1163 357 25284 8737 -32768
-1201 -1247 401 25013 8620 -32768
-1358 -1329 417 24853 4503 -32768
-1620 -1420 259 24692 -3514 -32768
-1704 -1567 303 23612 -11812 -32768
-1729 -1656 245 22678 -15277 -32768
-9883 -2473 3263 32767 16459 -11782
-10372 -2746 -5677 32767 15771 32767
-11176 -4249 -7158 22551 26034 32767
-7196 -11448 2341 -32768 22148 32767
-5476 -10704 2643 -32768 24319 32767
-4404 -10318 3109 -32768 27029 32767
-1433 -3951 2188 -1697 21949 17464
-2714 230 1678 -2675 22335 -8060
-2843 511 2021 -1632 23494 -13179
-2988 752 2757 -2616 26092 -18429
-2799 1188 3230 -3683 27273 -21484
-2570 1540 3167 -4504 25647 -24254
-1947 1788 2674 -2898 21833 -23505
-1386 1836 1901 -105 19936 -21411
-1375 1863 1522 5899 19250 -18122
-1606 1774 1198 13162 21832 -16388
-1987 1721 822 18427 25458 -16366
-2230 1868 683 25745 30247 -17245
-2383 1817 761 29664 32218 -17844
-2388 1710 1114 32767 32767 -18182
-2175 1643 1479 32767 32767 -17423
-2052 1594 1438 32767 30987 -16547
-1880 1573 1295 32767 25773 -14840
-1723 1472 1169 32233 19072 -12524
-1657 1344 998 31868 14493 -11031
-1721 1305 938 31119 8365 -9446
-1828 1222 1011 30137 5275 -8921
-1725 1150 1289 27549 1867 -8319
-1534 1059 1367 24298 -918 -7139
-1132 936 1312 22235 -2780 -5828
-873 846 1259 19646 -5519 -3437
-628 711 1100 18417 -7260 -2030
-604 668 914 17593 -9981 -841
-610 627 621 17570 -11937 -567
-588 514 486 17975 -15086 -584
-492 92 293 18472 -16965 -467
-354 -240 107 19767 -18688 268
-191 -807 -129 21916 -19900 1701
-155 -1727 -325 23911 -20992 2712
-363 -2909 -584 27838 -24474 3299
-776 -3422 -1016 32767 -29705 671
-1912 -3826 -1566 32767 -32099 -4374
-3230 -3861 -1627 32767 -31302 -17418
-4156 -3968 -1126 32767 -23331 -32768
-4341 -4056 -542 32767 -14222 -32768
-4719 -3783 619 32767 -13083 -32768
-4461 -3259 574 32767 -24066 -32768
-3928 -3251 715 32767 -32179 -32768
-4392 -2844 1543 32767 -28400 -32768
-5374 -2321 1491 32767 -16396 -32768
-6777 -995 1650 32767 -9641 -28252
-7094 18 1730 32767 -16334 -22763
-6421 901 2040 32767 -29570 -17829
-6664 1192 1768 32767 -32768 -10000
-8165 1933 -838 32767 -32768 -3491
-9369 2367 -2649 32767 -32768 -477
-10154 2793 -4590 32767 -14403 5677
-10796 3576 -7442 32767 -2440 11978
-10987 3746 -9002 32767 12054 24312
-10876 3403 -10017 18447 24635 32767
-10236 3159 -10562 -9847 32671 32767
-9909 2661 -11302 -32768 32767 32767
-9210 1446 -10002 -32768 32767 32767
-8492 262 -8082 -32768 32767 32767
-7396 -1753 -4335 -32768 32767 32767
-6755 -1473 -1357 -32768 32767 32767
-1668 -4416 3369 -32768 29931 16316
-996 -4357 2620 -32768 18126 15321
-198 -3974 1459 -32768 9027 14559
345 -3494 828 -30743 5701 13663
381 -3087 619 -21367 2779 10949
187 -2485 651 -16057 853 8197
42 -2165 927 -10783 -949 3537
-113 -1532 1102 -7875 -486 -540
-137 -1000 1162 -6592 1516 -2811
-219 -629 1281 -5990 2802 -3980
-409 7 1147 -3991 4035 -6231
-743 575 1113 -951 5953 -8587
-1455 1075 1503 869 7648 -10373
-2067 1343 1837 2750 9542 -13426
-2873 1592 2133 3796 10566 -15129
-2643 1859 2259 4177 11104 -12599
-2132 1831 2443 4065 12055 -8662
-1830 1795 2693 2518 13670 -1271
-1940 -1488 308 -3965 -5491 -1401
-2454 -1704 -223 772 -1672 -8383
-2751 -1715 -347 5431 546 -15697
-2601 -1904 -377 8334 977 -19503
-2414 -1997 -206 11954 964 -23617
-2072 -2100 -93 15204 90 -26404
-1916 -2028 -76 17226 -826 -27978
-1692 -1973 112 19502 -2783 -29943
-1408 -1893 202 20681 -4811 -30905
-1376 -1712 190 22393 -9433 -31901
-1297 -1581 64 24621 -15247 -32362
-1469 -1602 -60 26629 -19067 -32768
-1708 -1471 -132 29842 -23867 -32768
-1887 -1286 -83 32097 -27506 -32768
-1890 -1212 26 32767 -28345 -32768
-1907 -1083 72 32699 -25667 -32768
-1900 -930 210 31468 -17152 -32768
-1763 -904 593 30043 -8621 -32768
-1805 -927 801 27587 3726 -32768
-2214 -870 998 26192 9066 -32768
-2645 -827 1044 25372 10809 -32768
-2792 -843 1264 24931 3686 -32768
-3117 -719 1316 25022 -9309 -32768
-3189 -705 1379 25760 -14827 -32768
-3545 -870 1804 28029 -11162 -32768
-4369 -834 2125 32767 -1364 -32768
-5479 -583 1606 32767 644 -32768
-6373 -682 1882 32767 -2387 -32768
-7292 -895 2979 32767 -7721 -26299
-7907 -865 3603 32767 -12339 -20469
-8209 -661 3223 32767 -18720 -13881
-8861 -798 1615 32767 -20208 -11074
-9146 -674 21 32767 -13950 -8130
-8937 -334 -24 32767 -1770 -3530
-8103 3 314 32767 1599 1842
-7324 105 396 32767 -1774 11898
-6936 -12 -483 32767 -5178 17218
-7202 -11 -1734 32767 -5104 20072
-7977 -42 -4123 32767 6888 18487
-8680 -433 -5608 32767 20715 17607
-9017 -1068 -5797 32767 32767 19221
-9106 -2319 -5822 22963 32767 22879
-8905 -3041 -5643 -936 32767 32437
-8573 -4081 -5451 -24695 32767 32767
-8975 -4770 -5349 -32768 32767 32767
-9189 -5184 -4994 -32768 32767 32767
-9447 -5841 -3692 -32768 32767 32767
-9784 -6131 -2334 -32768 32767 32767
-9904 -5814 -3332 -32768 32767 32767
-8552 -7025 2557 -32768 31632 32767
-8277 -6151 1423 -32768 32767 32767
-7959 -6715 2002 -32768 32767 32767
-7426 -6345 2557 -32768 32767 32767
-5905 -6175 3384 -32768 29240 32767
-4583 -5760 3605 -32768 27740 32767
-3929 -5519 3546 -30125 26652 32767
-3239 -5221 3360 -19361 26087 32767
-2751 -4999 3131 -12789 26758 32767
-2525 -4841 3124 -5666 28835 32767
-2186 -4618 3231 -2541 31093 32767
-2396 -4375 3154 -1890 32442 26507
-2983 -4062 3068 -1891 32438 21837
-3517 -3812 2762 -873 30466 13651
-3927 -2940 2420 310 29189 8705
-3651 -2681 2515 1160 27540 4286
-3319 -2472 2599 497 26152 3205
-2884 -1999 2656 -716 25047 3528
-1131 3029 2853 -10304 18550 -30585
-328 2527 2078 -10144 9630 -29315
-49 1989 1502 -9028 5443 -26689
-271 1662 1314 -7008 2165 -22371
-672 1264 1272 -5960 1736 -19750
-997 999 1438 -5516 3172 -16506
-1234 597 1522 -5717 5867 -13312
-1262 331 1325 -5727 7667 -11036
-1445 220 923 -4894 8886 -8170
-1475 112 690 -2924 9312 -5766
-1469 -116 343 107 10300 -3987
-1477 -129 108 2520 11316 -3404
-1505 -157 -57 6835 12377 -3673
-1650 -102 -246 11696 12257 -5569
-1563 68 -252 14998 11431 -7081
-1349 61 -206 32767 -10721 -20298
-2151 -995 -409 32767 -11995 -23193
-2361 -1163 -588 32767 -14959 -27480
-2780 -1401 -855 32767 -16352 -32295
-2925 -1734 -813 32767 -13166 -32768
-3059 -2004 -827 32767 -9390 -32768
-3152 -2089 -784 32767 -4541 -32768
-3336 -2304 -652 32767 -3905 -32768
-3841 -2318 -504 32767 -7900 -32768
-4684 -2390 -40 32767 -12355 -32768
-4945 -2230 178 32767 -20564 -32768
-4714 -2435 344 32767 -28954 -32768
-4375 -2619 433 32767 -31446 -32768
-7473 2351 -2674 32767 -3557 10959
-7057 2629 -3503 32767 -16590 16655
-6709 2696 -4169 32767 -13098 23538
-6374 2749 -5223 32767 -6220 28788
-6511 2345 -5822 32767 -344 32767
-7119 1432 -6432 21664 2923 32767
-7773 555 -6865 725 11797 32767
-8789 -475 -6946 -19996 22353 32767
-9697 -716 -6727 -31665 31359 32767
-9638 -747 -6176 -32768 32767 32767
-8814 -957 -5171 -32768 32767 32767
-8335 -1414 -4228 -32768 32767 32767
-7798 -2218 -2272 -32768 32767 32767
-7451 -2965 -92 -32768 32767 32767
-6398 -2037 3007 -32768 32767 32767
-4764 -3692 3827 -32768 32767 32767
-5484 -2919 4616 -32768 32767 32767
-4612 -3177 4537 -32768 32767 32767
-3200 -3292 4563 -32768 32767 32767
-2770 -3131 4294 -32768 32767 32767
-2510 -3090 3908 -32768 32767 32767
-128 -2151 2577 -15563 18155 3598
-476 -1527 2194 -19103 7363 -159
-944 -862 1717 -22203 -3937 -6228
-1133 -489 1324 -21734 -4348 -11283
-1316 12 1124 -18635 5904 -15164
-1154 327 1374 -14844 17857 -16707
-660 496 1750 -12651 23585 -15932
-534 729 2076 -10460 28224 -12952
-508 859 2385 -9306 27351 -9007
-806 701 2590 -9158 24390 -6959
-1274 779 2590 -9628 17082 -6116
-1947 880 2336 -10758 7682 -7868
-2947 62 210 -573 22009 -13823
-2712 48 301 3822 23859 -14344
-2408 80 444 6368 23165 -14100
-2199 102 560 9643 20285 -13642
-1987 88 519 13036 15685 -13981
-1857 202 531 15308 12303 -14757
-1731 150 590 18489 8207 -16271
-1555 27 596 21593 5495 -18013
-1670 70 526 23745 3581 -19286
-1603 35 464 27112 377 -20646
-834 -822 289 32767 -12820 -21601
-886 -1063 314 32767 -13541 -22719
-1006 -1182 301 32767 -14388 -24088
-1220 -1348 301 32767 -16181 -26746
-1321 -1569 565 32767 -17319 -28674
-1385 -1871 936 32767 -17899 -31798
-1589 -1882 1197 28250 -15986 -32768
-2174 -1931 1559 25099 -13439 -32768
-2828 -1835 1481 22848 -9432 -32768
-3422 -2062 1552 24018 -9541 -32768
-4555 -2018 1414 26555 -15524 -32768
-5258 -1727 1104 32170 -28920 -32768
-6652 -1889 1393 32767 -27551 -32768
-8500 -1703 2034 32767 -15578 -32768
-9268 -1513 2176 32767 1372 -32768
-9084 -1151 2338 32767 -893 -32768
-8225 -531 2596 32767 -14441 -17661
-7712 -454 2426 32767 -21020 -8185
-7861 -355 1708 32767 -23357 -2668
-8546 -140 808 32767 -15301 -5592
-8329 109 -67 32767 -11199 -6847
-7677 379 -697 32767 -7420 -3522
-7008 852 -2170 32767 -3674 1211
-6928 1502 -4217 32767 3955 8517
-7308 1620 -5670 32767 12610 13649
-8114 1295 -7202 32767 19569 15889
-8695 544 -7957 30190 27625 20537
-9284 -1000 -8817 7828 32767 30333
-9680 -2604 -9059 -7710 32767 32767
-9814 -3528 -8733 -27572 32767 32767
-10123 -4660 -7219 -32768 32767 32767
-10259 -5615 -5011 -32768 32767 32767
-10232 -6392 -2776 -32768 32767 32767
-15601 -8221 -9607 -32768 32767 32767
-9778 -8358 878 -32768 32767 32767
-10422 -7618 2503 -32768 32767 32767
-1447 -6660 3183 -5627 24132 32767
-1354 -6245 2991 -3104 25642 30495
-1490 -5649 2876 -2126 26146 23248
-1445 864 2626 -6889 18888 -15494
-1526 1782 2974 -9944 17265 -22475
-1854 2776 3322 -12602 15988 -29877
-2322 3472 3538 -13695 14953 -32768
-2460 3652 3492 -13672 11770 -32768
-2126 3554 3354 -11613 6658 -32768
-1549 3388 2850 -7509 250 -30874
-1273 3056 2256 -4110 -3173 -25523
-1065 105 492 10854 19246 -2593
-956 102 404 10936 18146 -3701
-900 -156 222 14577 -9526 -9914
-1000 -593 36 17178 -10251 -9846
-1476 -875 -76 19429 -10867 -10200
-4568 -2707 1592 32767 -8536 -32768
-4081 -2786 1468 32767 -20575 -32768
-3727 -2766 1517 32767 -21353 -32768
-4203 -2495 1843 32767 -13285 16654
-11671 3909 -11162 32767 5622 32767
-11124 3358 -11833 9068 20499 32767
-10499 3215 -11519 -32376 32767 32767
-9856 2421 -10659 -32768 32767 32767
-9029 1401 -9830 -32768 32767 32767
-7803 -1090 -6676 -32768 32767 32767
-1781 -4375 3845 -32768 32767 19060
-814 -4396 2988 -32768 32767 16820
-26 -4293 2122 -32768 27441 16960
708 -4062 910 -32768 22954 18417
681 -3909 451 -29639 17296 19027
-29 -3333 -104 -21387 14133 16658
-658 -2634 -7 -10004 10784 10307
-826 -2373 264 -1420 8184 3374
-721 -1843 736 2493 6659 -347
-570 -1431 1008 6181 5336 -3776
-233 -806 1168 8232 5768 -4900
-128 -17 1415 8820 7444 -5261
-399 466 1658 8439 11573 -7268
-1357 1349 1832 7898 14322 -10355
-2059 2025 2029 6874 16477 -16331
-2497 2509 2158 6439 15604 -19442
-2419 2574 2005 6719 11095 -20657
-2656 -2581 38 24101 4354 -29751
-2724 -2358 110 25626 2565 -32768
-2719 -2119 77 27436 -1130 -32768
-2731 -1760 16 28337 -3844 -32768
-2745 -1653 67 29295 -7147 -32768
-2568 -1677 -93 30682 -9943 -32768
-3618 -1868 -335 32767 -3280 -32768
-3685 -1842 -365 32767 6934 -32768
-3895 -1681 -523 32767 11498 -32768
-4404 -1859 -350 32767 9079 -32768
-5049 -1745 -253 32767 4854 -32768
-5297 -2163 -264 32767 -889 -32768
-5363 -2255 -304 32767 -2446 -32768
-5721 -2247 -292 31808 -2758 -32768
-5988 -2282 -192 30815 -3079 -32294
-6114 -2022 270 29089 -2711 -25653
-6330 1649 -127 20481 -3878 17346
-6474 1675 -482 23132 1485 20920
-6662 1428 -640 24257 4105 23588
-6849 1074 -848 25153 5833 27572
-7415 10 -1659 25940 5096 29852
-7890 -872 -2329 27387 6872 32215
-8811 -2280 -3533 27819 12151 32767
-9088 -3582 -4615 25890 23759 32767
-9151 -4640 -4912 17903 32767 32767
-9423 -6090 -4746 8285 32767 32767
-9791 -6972 -4350 -10999 32767 32767
-9948 -8283 -3172 -25878 32767 32767
-9710 -8907 -2667 -32768 32767 32767
-9907 -10132 -1959 -32768 32767 32767
-10479 -10816 -1209 -32768 32767 32767
-12239 -12193 -3344 -32768 32767 32767
-9610 -10420 1835 -32768 32767 32767
-8054 -10198 3944 -32768 32767 32767
-5822 -9283 3258 -32768 5486 32767
-4139 -8651 1957 -32768 8674 32767
-3888 -8555 2001 -32768 19488 32767
-3633 -8047 3191 -31594 27388 32767
-2849 -7456 4254 -29345 29422 32767
-1555 -6768 5087 -29358 28181 29316
-2336 -2603 3279 -1684 30029 11576
-2007 -2040 2972 -1976 29464 13476
-1888 -1467 2617 -1865 29912 13319
-2060 -1051 2296 -486 31293 9517
-2241 -193 2253 1466 32767 1954
-2111 1005 2440 2792 32767 -6685
-1841 2323 2807 2864 32520 -11898
-1663 2921 3045 1531 26440 -17578
-1317 3008 3181 2 21315 -19443
-1037 2840 2922 -1898 13775 -19732
-720 2577 2305 -2487 9527 -18903
-689 2328 1749 -2529 4327 -17382
-792 2140 1516 -2241 -157 -16518
-874 1763 1346 -2267 -2821 -16242
-959 1470 1246 -2596 -6405 -16323
-1239 1101 1082 -3078 -9381 -17146
-1306 914 951 -3478 -10684 -17827
-1283 856 821 -3781 -11686 -18657
-1384 713 622 -3663 -11863 -19359
-1259 573 557 -3317 -11343 -19368
-1088 452 533 -2358 -9935 -18183
-662 204 501 -1273 -8252 -16395
-389 -12 485 1130 -4805 -12668
-454 -243 384 3983 -687 -9561
-340 -292 302 6203 2934 -7885
-1946 -1210 -251 32767 12142 -17447
-2123 -1375 -402 32767 9501 -22175
-2539 -1426 -588 32767 6356 -25721
-2749 -1454 -810 32767 -867 -31076
-2930 -1588 -1110 32767 -9754 -32768
-3031 -1921 -1243 32767 -14341 -32768
-3090 -2121 -1055 32767 -16083 -32768
-3403 -2643 -368 32767 -12240 -32768
-3903 -2680 27 32767 -6670 -32768
-4113 -2456 244 32767 1754 -32768
-4511 -2123 323 32767 3661 -32768
-4319 -1927 259 32767 -541 -32768
-4030 -1794 346 32767 -7311 -32768
-4112 -1649 682 32767 -10680 -32768
-4312 -1489 803 32767 -14045 -25639
-4670 -778 890 32767 -16306 -20832
-5266 -209 704 32767 -21264 -16796
-5679 618 708 32767 -24530 -15219
-6719 1836 -4665 32767 -10574 32767
-7197 1267 -5587 25560 5052 32767
-7780 831 -5763 17185 16000 32767
-7752 556 -5406 1211 29872 32767
-7624 250 -4550 -16670 32767 32767
-7396 -51 -4147 -26773 32767 32767
-7383 -157 -3980 -32768 32767 32767
-7644 -406 -2956 -32768 32767 32767
-7500 -879 -1450 -32768 32767 32767
-1878 -2493 2738 -32768 28670 32767
-2252 -2480 1678 -30058 23008 32767
-2643 -2484 1025 -22732 21957 32767
-2787 -2625 924 -11884 26636 27440
-2536 -2528 994 -2742 32767 13235
-1843 -2223 1414 1528 32767 7407
-1467 -2062 1957 4138 32767 3064
-1002 -1990 2445 3527 32767 1788
-924 -1580 2695 1734 32033 1235
-1110 -1175 2839 -2595 21355 -382
-1586 -351 2751 -7776 4913 -4259
-1785 434 2381 -9519 -1103 -7364
-1572 838 2442 -10264 -580 -9011
-1300 941 2466 -11146 3603 -10340
-1012 1181 2658 -11825 6833 -10686
-813 1292 2793 -12607 10438 -10104
-437 1110 2651 -12311 11635 -8030
-2792 -1169 -293 -2203 17288 -26388
-3054 -1128 -585 1639 13545 -28625
-3531 -1118 -1035 7900 1169 -32263
-3644 -847 -1400 11684 -6467 -32768
-1721 -1019 -193 31276 5562 -32768
-2000 -893 -112 30506 -4188 -32768
-2170 -736 140 29174 -9544 -32768
-2067 -732 263 26587 -14592 -32768
-1649 -901 160 25210 -16099 -32768
-1552 -1097 15 24417 -16116 -32768
-1501 -1265 -234 25626 -14071 -32768
-1558 -1373 -525 27631 -11836 -32768
-1931 -1501 -560 31574 -8856 -32768
-2677 -1622 -603 32767 -8064 -32768
-3138 -1603 -508 32767 -6718 -32768
-3416 -1548 -198 32767 -3352 -32768
-3515 -1528 45 32767 -241 -32768
-3265 -1616 121 32767 6460 -32768
-3173 -1983 399 32767 15261 -32768
-3142 -2481 664 32767 20096 -32768
-3793 -2983 856 32767 17835 -31217
-4782 -3035 873 32767 6527 -28529
-6233 -2822 820 32767 -3463 -29285
-6510 -2572 977 31323 -14872 -30086
-6175 -2242 1236 27459 -15925 -26340
-5595 -2174 1435 25738 -9951 -21010
-5363 -1824 1416 25331 2209 -12001
-5649 -1133 1030 27804 5499 -6070
-6044 -235 809 29937 2069 -4432
-6298 349 918 31406 -5664 -3827
-6277 739 1162 31085 -8914 -2993
-6079 1050 1142 29878 -8511 471
-6126 1188 384 29858 -7036 3923
-6280 1447 -175 30373 -3253 9559
-6321 1487 -429 29983 17 15114
-6539 1418 -1107 29741 861 18260
-6855 1200 -1693 30570 2767 21392
-7764 461 -3062 32767 7527 23209
-8693 -592 -4483 32767 13521 24714
-9170 -1333 -5114 32767 25475 28987
-9855 -2899 -5664 30725 32327 32767
-10175 -3988 -5646 16553 32767 32767
-10171 -5718 -4828 -5580 32767 32767
-10055 -7333 -3880 -21485 32767 32767
-10117 -8136 -3425 -32768 32767 32767
-10040 -9030 -2588 -32768 32767 32767
-10041 -9426 -1317 -32768 32767 32767
-10034 -9323 -415 -32768 32767 32767
-9092 -8860 2239 -32768 32767 32767
-7753 -8522 4226 -32768 32767 32767
-7517 -7885 3507 -32768 30916 32767
-7071 -8068 2784 -32768 32767 32767
-6718 -7709 2741 -32768 32767 32767
-5927 -7443 3588 -32768 32237 32767
-4949 -7143 4687 -32768 28090 32767
-4268 -7035 5259 -32768 24115 32767
-3440 -6776 5512 -31009 22722 32767
-2976 -6524 5149 -28243 21526 32767
-2795 -6321 4805 -22159 21609 32767
-2626 -6019 4333 -15820 24470 29859
-2474 -5671 4168 -11229 25059 23666
-2387 -4976 4149 -9377 24164 19949
-2236 -4486 4197 -8577 20930 15575
-1794 -3804 4180 -9353 15006 13093
-1189 -3144 3749 -10027 8952 11531
-789 -2402 3112 -9988 5290 10323
-774 -1816 2536 -9556 3330 7161
-824 -1355 2189 -8485 4958 1990
-805 -542 1980 -8095 11008 -3822
-377 413 2690 -9588 16186 -7309
-154 979 2984 -13360 22344 -12523
-304 1823 2986 -15811 24596 -16221
-322 1994 2684 -17864 24563 -20425
-164 1712 1966 -17695 23119 -21582
-121 1451 1273 -15395 20288 -21102
-173 1321 949 -11824 17331 -19010
-450 1071 685 -9433 15555 -17478
-633 901 629 -6460 13328 -15509
-843 683 656 -4712 11140 -14229
-1179 402 939 -4539 9325 -13952
-1421 135 1248 -5543 6012 -14196
-1435 27 1198 -6325 1834 -14434
-1364 -31 969 -6179 -1003 -14225
-1184 -111 764 -4665 -4064 -13122
-975 -150 491 -1761 -4608 -11587
-847 -178 252 862 -3267 -10645
-845 -163 105 5568 451 -9842
-860 -142 -133 10873 5025 -9814
-884 -171 -198 14440 8439 -10102
-832 -223 -142 19457 14566 -10728
-825 -247 -26 23887 21717 -11638
-847 -215 114 26511 26529 -12444
-846 -170 221 29971 32767 -13821
-845 -48 250 32767 32767 -15264
-1012 47 281 32767 32767 -16328
-1099 39 408 32767 32767 -17776
-1266 -206 577 32767 28274 -19173
-1887 -598 372 32767 16008 -21736
-2265 -898 52 32767 7583 -23958
-2515 -1022 -140 32767 -2175 -27818
-2787 -1193 -253 32767 -6799 -32688
-2790 -1460 -608 32767 -6776 -32768
-2929 -1669 -941 32767 -5054 -32768
-3209 -1932 -946 32767 -1430 -32768
-3752 -2276 -799 32767 147 -32768
-4588 -2484 -598 32767 -645 -32768
-4827 -2413 -521 32767 -4538 -32768
-4820 -2412 -269 32767 -10058 -32768
-4688 -2563 -10 32767 -11834 -32768
-4835 -2547 172 32767 -7874 -32768
-6374 2263 -727 32767 -29261 7590
-6566 2635 -1609 32767 -27361 10138
-7032 2742 -2112 32767 -15888 13017
-7609 3098 -2558 32767 -944 16135
-7788 3083 -3949 32767 4901 20378
-7868 2637 -5329 32767 10604 31236
-8134 2185 -6956 28609 17251 32767
-8396 1803 -7418 8641 32767 32767
-8889 1231 -7026 -14217 32767 32767
-8627 576 -6243 -27222 32767 32767
-7958 -42 -5651 -32768 32767 32767
-7132 -1076 -4086 -32768 32767 32767
-7017 -1929 -2622 -32768 32767 32767
-7271 -2257 -160 -32768 32767 10959
-6538 -3506 2892 -32768 32767 32767
-6806 -3360 4612 -32768 32767 32767
-6280 -3877 5301 -32768 32767 32767
-5608 -4037 5226 -32768 32767 32767
-4952 -3975 5303 -32768 32767 32767
-3211 -3479 5085 -32768 32767 32767
-2731 -3365 4598 -32768 32767 32767
-2532 -3412 3900 -32768 32767 30893
-1993 -3527 3100 -32768 30431 25868
-1372 -3686 2413 -30602 26367 22977
-1064 -3670 1973 -26177 22524 19035
-687 -3283 1371 -23278 21334 16545
-474 -3026 1105 -19293 20300 13584
-251 -2727 995 -15845 18453 11616
-198 -2331 1147 -13080 15171 9333
-196 -1682 1162 -11492 11904 7347
-223 -1041 1235 -9616 6790 4125
-372 -627 1226 -8031 3570 613
-611 27 1521 -7460 3125 -1642
-790 479 1692 -6894 4641 -4356
-1093 914 1897 -6364 6918 -5909
-1194 1209 1950 -4791 10524 -8089
-1757 809 2179 -14557 -4973 -940
-2541 224 1510 -15201 -7853 -2888
-2755 -258 977 -14678 -10365 -6454
-2548 -1103 273 -13240 -9995 -8402
-2321 -1636 -105 -9482 -5827 -10698
-1976 -2268 -625 -3625 1374 -12779
-1889 -2473 -1116 1252 6146 -14426
-1964 -2669 -1373 9334 10871 -17464
-1975 -3116 -1453 16822 12970 -20683
-2011 -3340 -998 22184 12708 -24171
-2110 -3177 -800 24826 11430 -26681
-2152 -3028 -636 27610 9128 -30554
-1994 -3046 -192 29340 7765 -32768
-3687 -2361 -989 32767 -15337 -32768
-3733 -2202 -845 32767 -3047 -32768
-3531 -1997 -726 32767 6183 -32768
-3421 -1693 -1031 32767 13925 -32768
-3322 -1729 -933 32767 13328 -32768
-3647 -1929 -696 32767 5683 -32768
-4116 -2042 -600 32767 -116 -32768
-4425 -2180 -257 32767 -5099 -32768
-5156 -2172 -49 32767 -6044 -32768
-5416 -1968 68 32767 -1776 -32768
-5516 -1596 383 32535 3528 -32768
-5347 -1580 306 30760 2561 -32768
-5356 -1558 451 28921 -2051 -27439
-5903 -1661 642 28452 -4468 -22912
-6496 -1554 535 29569 -3560 -17929
-7229 -1272 272 31214 1114 -15761
-7302 -875 152 32767 10478 -11578
-6743 -336 399 31852 15521 -3680
-5903 36 1069 27760 13492 3252
-5619 307 1328 18890 2399 12384
-5812 565 1032 13788 -5532 16138
-6005 470 856 9357 -10396 19125
-6114 413 371 8805 -10342 20540
-6212 379 62 10743 -7337 22326
-6416 299 -359 14176 -2069 24052
-6495 213 -668 16317 840 25758
-6566 26 -825 18475 3882 29122
-7009 -342 -1270 19439 5447 30839
-7540 -730 -1941 21831 8558 31703
-8670 -1686 -3344 24086 12070 31468
-9442 -2428 -4302 26282 21681 32101
-10421 -3911 -5662 24590 32767 32767
-11402 -5722 -6201 19352 32767 32767
-11534 -7184 -5350 2121 32767 32767
-11256 -9425 -3236 -14699 32767 32767
-11078 -10381 -1920 -32768 32767 32767
-10804 -11423 -816 -32768 32767 32767
-10321 -12274 -355 -32768 32767 32767
-9515 -12565 -515 -32768 31051 32767
-8696 -13124 1986 -32768 32767 32767
-9089 -12631 2839 -32768 32767 32767
-8536 -12646 3401 -32768 32767 32767
-6732 -11562 2277 -32768 32767 32767
-4640 -10649 2139 -32768 32767 32767
-3594 -9729 2402 -32768 32767 32767
-2518 -8747 3441 -26739 32767 32767
-2166 -8214 4410 -21698 32767 32767
-1734 -7583 5424 -20746 32767 32767
-2826 -1516 2203 1168 28231 -5226
-2754 -1101 2080 -265 30272 -7187
-2701 -635 1744 -1192 31575 -8720
-3069 -34 1713 -1668 32083 -10318
-3220 403 1632 -1662 31852 -13358
-3541 997 1435 -274 29930 -17001
-3433 1622 1099 1752 27497 -19057
-3230 2198 850 6064 23351 -21328
-3063 2855 892 9545 20284 -23047
-3161 3024 1493 10082 18165 -24205
-3203 2928 1743 8645 13805 -25520
-2871 2523 1704 6318 9224 -25119
-2445 2040 1511 4800 6497 -23825
-2116 1785 1381 2934 3186 -20730
-1785 1478 1294 1419 955 -17218
-1484 1151 1148 693 -659 -13850
-1157 923 897 815 -1294 -11837
-1057 805 682 2146 -2134 -9655
-936 629 373 3670 -2370 -8642
-978 453 144 6655 -2375 -8013
-1112 349 59 10016 -2336 -8638
-1395 227 12 12229 -2594 -9689
-1555 154 53 15236 -3012 -11850
-1582 150 131 17056 -3099 -13234
-1435 86 105 19869 -2259 -14536
-1133 -2 42 21818 -1109 -14752
-925 -8 -24 24812 847 -14405
-828 -7 -67 27785 2797 -13474
-720 -45 -151 30795 4297 -12237
-791 -222 -235 32767 5174 -11516
-1084 -471 -325 32767 6680 -11116
-1265 -587 -390 32767 7689 -11602
-1592 -839 -525 32767 7830 -12826
-1593 -909 -500 32767 7144 -13677
-1635 -1079 -465 32767 1764 -15472
-1911 -1203 -582 32767 -6460 -17722
-2449 -1570 -667 32767 -12789 -20048
-2509 -1846 -673 32767 -20350 -23686
-2795 -2231 -711 32767 -23561 -26368
-3246 -2457 -802 32767 -24668 -31202
-3430 -2692 -829 32767 -20900 -32768
-3931 -2594 -1038 32767 -18132 -32768
-4019 -2281 -1173 32767 -16506 -32768
-3792 -2185 -1184 32767 -17219 -32768
-6802 3351 -3568 21227 10495 32767
-7287 3297 -3920 16133 21785 32767
-6242 -748 3699 -25176 32767 32767
-5773 -1059 4168 -28058 32767 32767
-4882 -1063 4315 -31665 32767 32767
-4433 -1073 4377 -32768 32767 32767
-3679 -1376 4721 -32768 32767 32767
-3707 -1698 4168 -32768 32767 32767
-3901 -2245 3763 -32768 32767 32767
-4114 -2986 2340 -26898 23820 32767
-4106 -3701 1295 -21228 23289 32767
-3923 -3995 787 -12775 26722 27068
-3323 -4278 261 -7182 28805 16414
-2638 -4262 316 -460 32767 5075
-1464 -3834 580 3397 32767 -991
-559 -3315 1013 4370 32767 -3125
-163 -2847 1223 3684 30031 -5419
162 -1952 1601 306 20033 -7795
56 -1166 1877 -2725 14108 -9512
-23 -723 1639 -5809 10017 -11610
-402 -105 1330 -6224 14387 -14317
-793 598 1281 -5272 19350 -16559
-850 990 1315 -2894 25627 -19335
-857 1488 1679 -1192 29379 -20376
-952 1495 2142 -598 31144 -19359
-1188 1484 2517 -588 31402 -17825
-3618 546 -12 -8359 6211 -13279
-3265 347 -168 -3594 11223 -12354
-2905 68 -311 1864 16191 -11741
-2733 -28 -371 5387 18809 -11956
-2719 -27 -252 9618 20559 -13445
-2529 -2 -64 12245 20292 -15845
-2211 -27 173 13281 19296 -17848
-1975 65 146 14652 16026 -21239
-1784 115 92 16211 10876 -24448
-1524 34 70 17356 6979 -26227
-1368 -66 87 19138 1698 -28242
-1176 -244 118 20352 -1001 -29133
-918 -426 99 22336 -3857 -29510
-850 -568 61 24519 -6455 -29150
-821 -743 -138 27020 -9183 -28646
-894 -787 -280 28810 -10706 -28580
-991 -754 -388 31498 -12223 -29101
-1038 -755 -408 32767 -13034 -30044
-1912 -1377 287 32767 532 -32768
-2227 -1467 402 32767 -2132 -32768
-2910 -1703 320 32767 -6875 -32768
-6656 147 905 32767 -10623 -2708
-6503 310 746 32767 -10060 3573
-6607 779 391 32767 -9839 8382
-6960 797 110 32767 -10661 12567
-7285 813 -588 32767 -9500 14282
-7492 704 -1325 32767 -2989 16443
-7803 689 -2904 32767 7298 19262
-8244 517 -4008 32767 13986 21511
-9084 -56 -5326 32767 21637 26696
-9312 -1003 -5682 32767 27353 32338
-9261 -2646 -5497 25790 32767 32767
-9640 -4351 -5604 7127 32767 32767
-9944 -5325 -5804 -19595 32767 32767
-9798 -6364 -5878 -32768 32767 32767
-9438 -6703 -5568 -32768 32767 32767
-9000 -7084 -4346 -32768 32767 32767
-9146 -7225 -2933 -32768 32767 32767
-12038 -8873 -4087 -32768 32767 32767
-8728 -7470 2934 -32768 32767 32767
-8635 -6687 2752 -32768 32767 32767
-8318 -7218 3050 -32768 32767 32767
-2886 -5521 2668 -16816 29563 22487
-3004 -5256 2528 -13832 28720 17960
-3111 -4750 2503 -12237 27392 15149
-3120 -4066 2521 -10727 24314 11717
-2855 -3738 2635 -10987 20924 10374
-2170 -3127 2752 -12049 18555 10730
-1940 -2719 2751 -14404 14627 11319
-1737 -2305 2777 -16651 12042 10330
-1931 -1722 2447 -17177 10998 8007
-2163 -1374 2161 -16176 11602 2553
-2159 -1018 2276 -14322 15660 -3626
-1889 -216 2399 -12592 19848 -7802
-1812 542 2589 -9955 25980 -14119
-1592 1396 2926 -8037 27831 -19152
-1523 1940 3309 -7477 26080 -21460
-1346 2038 3481 -7487 20831 -22635
-1009 1861 3225 -7311 16372 -21770
-840 1714 2813 -5887 9488 -18861
-984 1566 2052 -4076 5135 -16897
-1224 1331 1541 -876 40 -14649
-1253 1093 1474 1434 -2520 -12900
-1071 770 1361 2844 -2736 -11052
-872 504 1141 4130 -1281 -9213
-736 272 873 5210 199 -8151
-785 119 682 7365 2791 -7382
-971 -66 475 9152 4554 -7542
-1104 -195 329 12355 6940 -9029
-1642 -276 147 14768 7938 -11086
-1895 -202 102 18361 8666 -15146
-1856 29 112 21688 9120 -18456
-1433 45 78 23812 9406 -19484
-1140 -21 140 26721 10084 -19313
-776 -156 237 29370 11313 -17872
-2349 -1269 -415 32767 -13863 -23100
-2633 -1225 -681 32767 -11393 -28037
-2722 -1338 -868 32767 -8196 -31112
-2679 -1564 -906 32767 -3011 -32768
-2734 -1988 -855 32767 -878 -32768
-3325 -2281 -883 32767 -2041 -32768
-3792 -2214 -889 32767 -7968 -32768
-4527 -2171 -806 32767 -13459 -32768
-4472 1093 934 32767 -32768 -10439
-5138 1588 900 32767 -32768 -9877
-5728 1738 482 32767 -32768 -9666
-6344 1972 -496 32767 -29506 -8141
-6670 2538 -1194 32767 -21908 -5732
-6873 3397 -1840 32767 -12408 854
-6414 3934 -1829 32767 -5969 11874
-5883 3998 -1800 32767 -5746 20532
-8939 -180 -2463 -32768 32767 32767
-9068 -1124 -895 -32768 32767 32767
-8916 -1626 355 -32768 32767 32767
-7010 -1813 1784 -32768 32767 32767
-6615 -2845 4774 -32768 32767 32767
-6190 -2800 4765 -32768 32767 32767
-5201 -3593 4249 -32768 32767 32767
-4491 -4118 3573 -32768 32767 32767
-3581 -4482 3046 -32768 32767 32767
-3031 -4601 2962 -32768 32767 32767
-2578 -4519 2632 -32768 32767 32767
-2415 -4718 2056 -28516 32767 32767
-2291 -4786 1810 -21751 32767 32767
-1963 -4619 1431 -18204 32767 32767
-1693 -4506 1428 -15080 32767 30214
-1431 -4061 1445 -14024 32767 19368
-933 -3574 1527 -14040 31592 13409
-488 -3162 1543 -14301 25639 7299
46 -2457 1764 -14637 21308 4874
234 -1974 1951 -15225 13014 2141
-60 -1169 1942 -15106 4715 -1364
-523 -388 1872 -14525 2006 -4150
-771 -94 1789 -12670 4212 -8554
-1051 474 1673 -9666 12252 -12546
-904 930 1761 -6196 21292 -14376
-841 1181 2036 -4230 26171 -14394
-928 1249 2593 -3310 31796 -13747
-1284 1216 3066 -3746 32767 -13385
-1444 1348 3209 -5387 27788 -12205
-1811 1369 3198 -7516 16478 -10310
-2246 1064 3083 -9136 8466 -8977
-2866 -580 -900 11353 31011 -5803
-2813 -464 -841 16016 32767 -7841
-2666 -353 -652 19261 29578 -10041
-2439 -218 -488 20658 22089 -11411
-2194 -122 -291 21452 8806 -13337
-1996 -123 -211 21379 -2229 -15134
-1827 -202 -303 21675 -9632 -16536
-1578 -423 -441 22428 -13484 -17286
-1172 -479 -180 22563 -13161 -17376
-886 -508 134 21863 -8523 -17063
-770 -689 387 21177 -4388 -17078
-950 -845 367 20839 118 -18541
-1298 -877 172 21268 742 -20551
-1485 -821 46 22507 -2575 -24805
-1659 -759 -128 24137 -9331 -29717
-1618 -748 -276 25336 -13946 -32768
-1553 -752 -328 27049 -18840 -32768
-1436 -806 -396 28699 -20657 -32768
-1308 -895 -453 29770 -20173 -32768
-1256 -987 -482 31470 -17280 -32768
-1243 -1122 -519 32767 -12189 -32768
-1315 -1177 -527 32767 -6526 -32768
-1493 -1247 -547 32767 -3315 -32768
-1840 -1119 -637 32767 814 -32768
-1967 -1176 -389 32767 3081 -32768
-2224 -1317 -252 32767 4823 -32768
-2966 -1367 -12 32767 5510 -32768
-3410 -1313 328 32767 9319 -32768
-3844 -1196 553 32767 12194 -32768
-4411 -1322 442 32767 5234 -32768
-5565 -1443 83 32767 -3265 -32768
-6107 -1835 483 32767 -9164 -32768
-7590 -2470 994 32767 -4830 -32768
-8710 -2675 1087 32767 -790 -30075
-8761 -2320 1182 32767 2297 -20218
-8250 -1725 1124 32767 673 -12551
-7586 -1391 1276 32767 -3050 -617
-6698 -770 1216 32767 -7115 8852
-6145 -192 925 32767 -10208 12825
-5892 7 654 32767 -13114 15706
-5812 133 -108 32767 -12957 16437
-5961 36 -673 32767 -8783 16852
-6360 -30 -1430 32767 -558 16915
-6635 -149 -2067 32767 4476 17852
-6988 -508 -2862 32767 9941 20903
-7490 -903 -3499 32767 15805 24657
-8114 -1716 -4813 25415 19396 27856
-8500 -2407 -5709 11814 24643 32767
-9152 -3241 -6808 -3396 31537 32767
-9388 -4168 -6970 -14102 32767 32767
-9356 -4646 -6738 -29159 32767 32767
-9561 -5298 -5694 -32768 32767 32767
-9473 -5700 -4360 -32768 32767 32767
-9261 -5948 -3529 -32768 32767 32767
-9377 -9140 -7901 -32768 32767 32767
-8941 -6915 1938 -32768 32767 32767
-9604 -6604 2948 -32768 32767 32767
-10096 -7032 2801 -32768 32767 32767
-9410 -7385 2701 -32768 32767 32767
-8595 -7545 3053 -32768 32767 32767
-7186 -7312 3489 -32768 32767 32767
-6175 -7102 3622 -32768 32767 32767
-5502 -6843 3868 -32768 32767 32767
-4848 -6821 4493 -32768 32767 32767
-4288 -6766 4511 -31192 25766 32767
-3587 -6836 4285 -27751 14312 32767
-2678 -6626 3665 -24866 10530 32595
-2412 -5999 2772 -19537 10732 28608
-2416 -5659 2362 -13524 15755 21472
-2360 -4671 1802 -9553 19201 15582
-1757 -3654 1646 -4830 23525 8076
-1292 -2939 1729 -2678 23956 3370
-872 -1979 1785 -2418 21189 1489
-794 -1439 1766 -2873 16551 -821
-869 -774 1609 -3171 13299 -3102
-1092 -333 1456 -3065 12861 -5063
-1219 -78 1708 -3182 16281 -9714
-1728 636 1594 -2157 19269 -17164
-2131 1498 1723 -1223 20859 -25225
-1933 2073 1760 -721 20491 -28985
-1519 2173 1600 318 18041 -30714
-1079 2091 1361 1463 14552 -29011
-979 1805 1175 2143 12604 -27026
-1049 1545 1129 2907 11201 -24024
-1284 1199 964 3486 11290 -22494
-1365 1098 863 4463 12986 -20760
-1080 841 792 5364 16845 -18777
-892 691 762 5967 20159 -17213
-787 505 693 7144 25436 -14822
-795 312 528 8277 28005 -13487
-919 233 421 10304 29394 -12284
-1496 70 348 11732 28442 -12546
-1865 3 282 13939 24644 -14590
-2080 194 225 15404 21408 -16366
-1773 353 160 17648 16639 -18185
-1442 246 80 20193 13536 -18201
-1033 4 20 22051 13118 -17493
-823 -91 -19 24956 14768 -16074
-904 -135 -44 27767 17249 -15535
-1121 -187 -11 29950 19863 -16169
-1146 -126 26 31043 21224 -17102
-1455 -37 76 32029 21608 -19700
-1729 171 154 32113 20811 -21881
-1689 279 251 31193 19327 -24842
-1401 275 408 29112 17709 -26188
-1027 -121 362 27593 16092 -25860
-803 -537 203 25869 12814 -23802
-982 -1307 0 25144 8687 -21514
-1471 -1832 -419 25396 4943 -20513
-1907 -2059 -879 27492 -1898 -20684
-2661 -2151 -1512 30050 -6381 -22168
-3144 -2255 -2018 32767 -10916 -25743
-3416 -2351 -2216 32767 -12330 -29705
-3493 -2655 -2312 32767 -12051 -31734
-3520 -2969 -2235 32767 -9594 -32768
-4017 -3318 -1815 32767 -5266 -32768
-4431 -3303 -1491 32767 -1200 -32768
-4630 -3099 -1130 32767 4052 -32768
-4004 -2903 -637 32767 8505 -32768
-3679 -2883 -367 32767 13473 -27358
-3638 -2525 -282 32767 15405 -19142
-3602 -2223 66 32767 16348 -13510
-3761 -2069 389 32767 14134 -6372
-4197 -1433 599 32767 7055 -2893
-4367 -924 737 32767 -8551 465
-4634 -28 1044 32767 -17724 1749
-9001 2222 -6954 32398 19523 32767
-9572 1672 -7475 4895 27392 32767
-9996 463 -7287 -25922 32767 32767
-11020 -508 -7646 -32768 32767 32767
-11041 -1112 -7838 -32768 32767 32767
-10469 -2058 -6796 -32768 32767 32767
-9818 -3149 -3820 -32768 32767 32767
-9493 -3898 -1451 -32768 32767 32767
-7893 -4740 3035 -32768 32767 32767
-7300 -4809 5211 -32768 32767 32767
-7116 -5156 4759 -32768 32767 32767
-6481 -5487 3800 -32768 32767 32767
-6486 -5615 3581 -32768 32767 32767
-5973 -5662 4486 -32768 32767 32767
-4994 -5491 5163 -32768 32767 32767
-4360 -5415 4733 -32768 32767 32767
-3842 -5478 3062 -32768 32767 32767
-3522 -5582 2005 -32256 32767 32767
-2656 -5556 1326 -26793 32767 28187
-1543 -5001 1139 -23941 31128 22001
-755 -4574 1086 -20959 26504 15008
45 -3754 990 -19225 24151 11729
289 -3273 902 -15938 20528 8458
478 -2580 972 -11905 17596 6307
485 -1976 1103 -9125 15780 4514
371 -1426 1323 -5917 12301 273
5 -772 1734 -4670 9551 -3384
-269 -416 2047 -3858 6130 -8835
-765 176 2183 -3216 5371 -11727
-1093 357 2081 -921 7438 -14362
-1373 723 2020 2601 11980 -14199
-1345 1158 2107 4994 14924 -12248
-1417 1220 2470 6855 19171 -7790
-1528 1395 3002 6012 21294 -3499
-2000 1491 3197 4342 19604 -1849
-2222 1500 3254 919 13432 -1351
-2684 1459 3074 -2595 4503 -2909
-3114 1378 2396 -4268 -1075 -4138
-3176 1218 1912 -5425 -5234 -4631
-3312 819 1241 -5349 -4944 -4275
-3282 519 977 -4482 -711 -3278
-3301 320 627 -2935 6244 -2816
-3262 194 433 -1762 11106 -2992
-3029 32 385 90 17947 -3389
-2907 -124 444 1425 21951 -4971
-2877 -337 607 2182 19632 -7896
-2729 -228 453 2696 13584 -10196
-2619 -159 467 2892 574 -13706
-2301 -319 587 2712 -7294 -15646
-2010 -552 502 3320 -13449 -17804
-1648 -788 230 5699 -13496 -19666
-1282 -942 -62 8176 -11408 -20846
-1015 -999 -211 13005 -6469 -22709
-828 -957 -446 16760 -3295 -24183
-889 -932 -622 22724 420 -27199
-953 -881 -480 28223 4376 -31094
-1148 -913 -270 31493 6830 -32768
-1272 -886 -129 32767 8725 -32768
-1486 -883 198 32767 8458 -32768
-1624 -1004 429 32767 7583 -32768
-1714 -961 391 32767 5451 -32768
-1670 -996 174 32767 2781 -32768
-1540 -1089 60 32767 1871 -32768
-1454 -1174 96 32767 2986 -32768
-1449 -1171 84 32767 5059 -32768
-1417 -1162 39 32767 4643 -32768
-1476 -1268 10 32767 572 -32768
-1529 -1400 182 32767 -4551 -32768
-1647 -1683 218 32767 -15903 -32768
-2122 -2192 136 32767 -26787 -32768
-2334 -2242 142 32767 -30647 -32768
-2916 -2564 35 29810 -30154 -32768
-3773 -2639 -340 27574 -24761 -32768
-4003 -2439 -589 27193 -9765 -32768
-4043 -2590 -633 30228 5891 -32768
-4728 -3143 -234 32767 11085 -32768
-5252 -3036 201 32767 7585 -32768
-6508 -2830 944 32767 -5643 -30623
-7385 -2778 1575 32767 -12540 -27328
-7524 -2619 1581 32767 -10275 -20731
-7429 -2015 953 32767 2224 -12296
-7103 -1088 869 32767 7341 -6337
-6743 -377 1107 32767 1470 2039
-6197 162 1627 29428 -12700 8870
-6045 455 1591 25518 -19783 11940
-6112 377 871 23136 -20867 14423
