0 0 0 0 0 0
269 -914 -114 32767 -9857 -22291
271 -1048 -664 32726 -11470 -20905
275 -969 -913 31029 -13487 -18862
277 -869 -1133 30313 -14144 -17532
296 -913 -1437 30018 -14051 -15580
366 -1138 -1644 30280 -13776 -14192
346 -1356 -1792 30927 -13729 -12358
166 -1598 -2066 31852 -13339 -11432
18 -2100 -2437 32767 -11880 -11222
-105 -2596 -2752 32767 -6580 -11351
-397 -3361 -3155 32767 -1232 -11641
-885 -3987 -3411 32767 6854 -12807
-1180 -4192 -3403 32767 10549 -14916
-1627 -4325 -3152 32767 7675 -17699
-1892 -4548 -2870 32767 2757 -19541
-1938 -4651 -2675 32767 -6244 -21306
-1966 -4785 -2535 32767 -11646 -21561
-2330 -4967 -2346 32767 -16369 -21480
-2774 -4858 -2071 32767 -16138 -21388
-3086 -4471 -1703 32767 -8453 -21712
-3429 -3756 -1248 32767 5510 -22129
-3369 -2684 -820 32767 14442 -21511
-3007 -2309 -511 32767 25588 -17804
-2559 -2098 29 29266 31473 -13643
-2546 -1967 224 22645 32767 -6860
-2929 -1599 181 17999 25774 -1902
-3366 -1226 376 16096 16398 269
-3449 -1082 731 14224 3300 3720
-3680 -819 1047 13500 -2707 6493
-3959 -500 1086 14043 -9636 10874
-4094 19 994 15995 -13171 14083
-4282 361 909 22114 -17125 18440
-4645 938 726 31778 -17500 20520
-5096 1262 350 32767 -15581 20048
-5561 1632 -263 32767 -9628 18717
-5897 1689 -985 32767 -4409 19092
-6390 1665 -1818 32767 2286 21642
-6695 1261 -3255 32767 5943 27475
-6872 394 -4917 32767 5214 32730
-7239 -450 -6053 32767 -2345 32767
-8766 -1781 -8001 28138 -2980 32767
-10810 -3158 -9355 10653 10373 32767
-11243 -3865 -9367 -17562 31224 32767
-10115 -4917 -8464 -32768 32767 32767
-8778 -5765 -6460 -32768 32767 32767
-8416 -6266 -4890 -32768 32767 32767
-8372 -6898 -3384 -32768 32767 32767
-8932 -7927 -1452 -32768 32767 -23163
-8747 -9564 1866 -32768 32767 32767
-7324 -9545 4016 -32768 32767 32767
-6118 -9082 6313 -32768 32767 32767
-5266 -8511 7160 -32768 32767 32767
-4711 -7614 6860 -32768 32767 32767
-4424 -6451 5084 -32768 32767 32767
-4085 -5955 3993 -32768 32045 32767
-2895 -5554 3067 -32768 32767 32767
-1765 -4952 2630 -29175 32767 32767
-1233 -4560 2622 -13511 32767 32767
-880 -3735 2848 -7685 32767 32767
-983 -3188 2889 -4201 30848 22782
-1127 -2402 2839 -4200 22172 11476
-1276 -1795 2688 -4973 18379 1425
-1519 -1180 2218 -4633 18058 -4063
-1786 -900 1877 -2139 19766 -10127
-2262 -566 1601 132 22996 -12990
-2608 -379 1467 3399 27534 -15680
-2714 -141 1374 5417 28005 -14905
-2671 4 1356 5764 26864 -12479
-2663 99 1269 5233 26554 -7517
-2632 264 877 4784 28324 -4393
-2630 426 538 4963 32720 -1566
-2387 531 168 6128 32767 -668
-2040 559 31 7120 32767 -674
-1766 534 -7 8702 32767 -939
-1437 353 -150 10017 32767 -1092
-1271 229 -245 12861 32767 -1438
-1111 195 -314 15373 32767 -2157
-1130 247 -497 20577 28871 -4618
-1168 257 -707 25144 22994 -7126
-1147 218 -911 30296 17200 -10146
-1097 178 -894 32767 10677 -15265
-923 38 -797 32767 8219 -18711
-806 -128 -783 32767 6072 -23210
-747 -293 -873 32767 3973 -26873
-692 -361 -876 32767 2095 -28803
-569 -495 -880 32767 -1751 -30382
-343 -753 -874 32767 -6414 -30223
-150 -886 -848 32767 -9684 -29047
73 -1088 -815 32767 -15086 -26239
67 -1311 -776 32767 -19080 -24227
-10 -1502 -790 32767 -25038 -21611
-178 -1824 -778 32767 -27874 -20310
-366 -1968 -755 32767 -29714 -19351
-855 -2126 -795 32767 -29479 -19953
-1331 -2251 -979 32767 -28845 -21075
-1680 -2360 -1127 32767 -29287 -23251
-2183 -2548 -1320 32767 -32768 -25197
-2655 -2789 -1359 32767 -32768 -26392
-2956 -3156 -1321 32767 -32768 -28049
-3258 -3861 -1074 32767 -32768 -29491
-3343 -4148 -712 32767 -32768 -30164
-3389 -4078 -468 32767 -16481 -31290
-3400 -3528 -302 32767 -567 -32035
-3526 -3055 -244 32767 22436 -32768
-3652 -2439 -178 32767 32767 -32768
-3609 -2198 -38 32767 32767 -32768
-3654 -2017 297 32767 32767 -32768
-3561 -1911 598 32767 32767 -32768
-3718 -1436 884 30326 32767 -32768
-4023 -829 873 27606 32767 -32385
-4037 -498 764 22704 16897 -29067
-4146 -205 435 19651 7029 -25080
-4207 -48 244 16351 -144 -16037
-4758 293 -131 15406 2691 -5338
-5215 549 -276 15424 8850 1401
-6148 1084 -536 15401 19071 9427
-6692 1286 -781 15468 24111 13441
-7079 1337 -1311 16295 26751 19159
-7235 1305 -2109 18607 20793 26348
-7219 1006 -3108 21076 14269 31900
-7220 754 -3853 25587 3958 32767
-7479 153 -4973 28714 -1335 32767
-7476 -847 -5474 31682 -4556 32767
-7146 -2704 -5947 30453 -9739 32767
-7323 -5230 -6273 27568 -14029 32767
-8589 -7902 -6918 21518 -14511 32767
-9480 -9521 -7115 13059 -2381 32767
-9956 -11672 -6616 -1946 14210 32767
-9285 -12958 -4961 -17441 20865 32767
-8614 -13783 -4120 -32768 17460 32767
-6194 -10162 2008 -32768 -3011 32767
-5557 -9318 1733 -32768 594 32767
-4905 -9067 1700 -32768 13934 32767
-4108 -8577 1610 -32768 29823 32767
-3290 -8031 1825 -29565 32767 32767
-2706 -7687 1930 -19243 32767 32767
-1903 -6900 2286 -13229 32767 32767
-1326 -6219 2552 -5954 32767 32767
-1089 -5848 2797 -1064 32767 31182
-832 -5475 3160 559 32767 29163
-942 -5219 3274 1115 32767 26338
-1342 -4604 3100 867 32767 22368
-1663 -4082 2858 683 32767 19463
-1898 -3644 2579 834 32767 14938
-2231 -2961 2174 1469 32767 11589
-2292 -2579 1938 3084 32767 7235
-2430 -2006 1634 4554 32767 4918
-2482 -1629 1438 7221 32767 2443
-2716 -1004 1198 9028 32767 1165
-2916 -632 1056 11648 32767 -846
-3217 28 833 14242 32767 -3306
-3495 537 695 16040 32767 -5317
-3166 1334 430 19243 24641 -7247
-2612 1824 57 22007 17476 -7641
-2102 2046 -123 27158 8040 -6609
-1601 2222 -331 31101 3919 -5531
-1611 2152 -186 32767 1166 -5142
-1701 1824 201 32767 2568 -6942
-1820 1586 259 32767 4932 -9286
-2113 1407 93 32767 7911 -14436
-2210 1309 153 32767 9344 -21118
-1855 1399 136 32767 9796 -25395
-2298 927 -1 32767 9195 -31303
-369 675 -12 32767 9185 -32739
-191 309 461 32767 9005 -32768
-431 -94 197 32767 5988 -32768
-822 -217 -328 32767 3894 -32768
-774 -25 408 32767 4480 -32768
-504 -495 -83 32767 3327 -32768
-474 -901 -531 32767 1081 -32768
-346 -981 -643 32767 -3707 -32768
-130 -916 -778 32767 -7750 -32768
-71 -884 -883 32767 -14484 -28518
1 -929 -1069 31441 -21478 -22952
-249 -1201 -1399 31265 -25818 -19456
-603 -1557 -1646 32552 -30108 -15643
-829 -1867 -1659 32767 -28226 -13851
-1237 -2740 -1566 32767 -23410 -13633
-1470 -3556 -1624 32767 -12758 -14300
-1926 -4523 -1785 32767 -111 -16041
-2246 -5050 -2042 32767 7623 -17501
-2452 -5298 -2021 32767 16868 -19663
-2595 -5606 -1813 32767 21928 -20529
-2654 -5907 -1590 32767 26932 -19851
-2955 -6387 -1441 32767 27927 -16881
-2923 -6104 -1170 32767 28262 -14163
-3075 -5457 -591 32767 29391 -9377
-3205 -4912 -144 32767 28919 -5927
-5589 398 -4759 32767 -13555 19516
-6623 -71 -6101 32767 -16792 22754
-9651 -1305 -7895 32767 -14400 27798
-11183 -1942 -8779 32767 4494 32767
-10618 -2771 -9815 7641 22146 32767
-9808 -3076 -9701 -13774 21194 32767
-9480 -3081 -8714 -32768 23224 32767
-8566 -3468 -6347 -32768 31382 32767
-8007 -4032 -4328 -32768 32767 32767
-7443 -5154 -1190 -32768 32767 32767
-6475 -7570 378 -32768 32767 -32768
-5310 -6947 4437 -32768 32767 32767
-4481 -6195 5374 -32768 32767 32767
-3392 -5825 6394 -32768 32767 32767
-2414 -5485 5842 -32768 32767 32767
-2244 -5367 5067 -32768 32767 32767
-2277 -5304 4473 -32768 32767 32767
-2429 -5218 3721 -32768 32767 32767
-1364 -5361 3363 -28912 32767 32767
-349 -5261 3444 -20434 32767 29091
290 -4718 3432 -16661 32767 23818
103 -3957 2987 -12328 32767 14751
-86 -3573 2716 -8612 32767 4673
-350 -2877 2232 -6205 32517 -1823
-466 -2415 1957 -2251 29781 -10247
-660 -1805 1658 694 26876 -14747
-823 -1305 1558 5246 23000 -20290
-1083 -668 1723 8483 22917 -23885
-1358 -135 1884 9551 24459 -25164
-1764 419 1963 9326 27529 -25630
-2013 751 1924 7235 29936 -24635
-2350 1049 1797 5072 30102 -22933
-2762 1254 1598 1199 24820 -19455
-3453 1587 991 -1016 16295 -16498
-3937 1546 546 -2848 504 -11516
-4957 1549 -16 -3016 -8418 -9005
-5562 1545 -364 -1604 -15078 -8010
-5616 1370 -466 687 -8663 -8575
-5189 1136 -356 2127 971 -8539
-4317 784 -292 4043 14580 -7368
-3443 550 -403 5289 19399 -6262
-2749 398 -530 7573 20204 -4583
-1811 247 -802 9929 17392 -3737
-998 -35 -1119 15189 10085 -2925
-654 -274 -1205 22236 1415 -3517
-558 -702 -1200 29985 -6912 -6749
-804 -941 -1064 32767 -10737 -10901
-785 -1142 -734 32767 -12665 -18984
-645 -1145 -545 32767 -11849 -24800
-764 -1229 -420 32767 -9933 -32768
-768 -1297 -341 32767 -8742 -32768
-669 -1233 -295 32767 -7217 -32768
-316 -1250 -247 32767 -7297 -32768
77 -1476 -355 32767 -7981 -32768
204 -1656 -440 32767 -8594 -32768
200 -1986 -552 32767 -8401 -32768
176 -2171 -632 32767 -8132 -32768
-35 -2314 -686 32767 -8101 -32768
-276 -2498 -641 32767 -8329 -32768
-490 -2643 -563 32767 -9081 -32768
-927 -2915 -495 32767 -9750 -32216
-1479 -3065 -611 32767 -10564 -30880
-2387 -3052 -894 32767 -9421 -32480
-2972 -2938 -937 32767 -6336 -32768
-3254 -2935 -855 32767 817 -32768
-3310 -2972 -746 32767 5917 -32768
-3227 -2968 -569 32767 13577 -32768
-3000 -3040 -234 32767 20421 -27926
-2936 -3068 5 32767 23389 -23192
-3110 -2740 85 32767 24785 -16606
-6539 -995 -1636 6200 1554 16053
-7278 -1226 -1596 6213 -1916 20720
-7685 -1270 -1665 4952 -6768 26536
-7964 -1277 -1870 4239 -6770 31906
-8002 -1460 -2783 5994 -3488 32767
-7898 -1717 -3581 12325 1262 32767
-7869 -2518 -4052 18249 73 32767
-8016 -3817 -3811 19240 -2141 32767
-8001 -4630 -3870 16287 -2697 32767
-7895 -5721 -4295 10979 -715 32767
-7483 -6820 -4592 6861 -1677 32767
-7291 -7613 -4608 -105 -6406 32767
-7317 -8922 -4649 -6783 -7542 32767
-7727 -9863 -4696 -10240 -4405 32767
-8254 -11250 -4156 -14467 5456 32767
-8621 -12321 -2696 -18249 13149 32767
-8689 -12902 -1472 -26624 20317 32767
-8602 -13554 411 -32768 19804 32767
-8362 -14097 1544 -32768 13221 32767
-7941 -13950 2082 -32768 -32768 -11529
-7224 -12697 3474 -32768 4007 32767
-6262 -11939 3429 -32768 18078 32767
-6402 -11884 3170 -32768 27928 32767
-6543 -11261 3183 -32768 32767 32767
-5439 -10222 3595 -26638 32767 32767
-4046 -9202 3972 -22407 32767 32767
-2780 -8474 4791 -22377 32767 32767
-2633 -7485 4551 -22455 32767 32767
-2279 -6339 4340 -20006 32767 32767
-1300 -6140 4291 -17498 29758 32767
-893 -5763 4107 -13268 32767 32767
-684 -5095 3873 -9477 32767 32767
-490 -4698 3976 -7822 32767 32767
-725 -4257 3836 -5634 32767 29152
-1254 -3299 3308 -2093 32767 18464
-1470 -2831 2909 986 29841 11361
-1456 -2571 2774 5258 24818 2772
-1697 -2289 2671 8101 26758 -3641
-2029 -1918 2762 8831 30432 -7350
-2150 -1484 2789 8458 32767 -12237
-2487 -899 2685 7412 32767 -16884
-2617 -399 2364 7127 32767 -19282
-2519 -26 1979 8102 32767 -20546
-2513 274 1386 9668 32767 -19828
-2919 488 1198 12052 24761 -18543
-3858 1034 1427 12527 14441 -19557
-4404 1392 1666 11494 8926 -22219
-3993 1537 1584 11188 7858 -23164
-3653 1718 1420 12006 7448 -22660
-3186 1936 843 13852 5866 -21406
-2448 2072 208 19336 -382 -18187
-2259 2096 -317 27413 -9305 -15893
-2116 1968 -775 32767 -12951 -15892
-2093 1747 -944 32767 -10683 -18586
-2107 1356 -890 32767 -1123 -23602
-1703 1131 -629 32767 6363 -27120
-1858 890 -127 32767 14661 -32306
-1242 767 264 32767 17484 -32768
-742 404 184 32767 13675 -32768
-74 687 613 32767 1877 -32768
-11 731 860 32767 -10462 -32768
-40 -68 617 32421 -16120 -32768
-17 -592 274 26362 -20674 -32768
68 -1034 -195 22717 -22040 -32768
30 -1445 -733 21855 -21771 -32768
-57 -1728 -1069 22832 -20699 -32768
-140 -1820 -1486 25902 -18237 -32768
-182 -1620 -1559 28223 -15880 -32768
-161 -1707 -1581 31326 -13517 -32768
-393 -1953 -1666 32767 -13484 -32768
-544 -2175 -1617 32767 -12596 -30227
-973 -2846 -1629 32767 -8556 -28297
-1512 -3547 -1793 32767 -1119 -28262
-1893 -3945 -1793 32767 4852 -29165
-2159 -4277 -1834 32767 11367 -31493
-2622 -4612 -1764 32767 13413 -32768
-3113 -4678 -1587 32767 12700 -32768
-3360 -4927 -1622 32767 7639 -32768
-3653 -5207 -1513 32767 3115 -32768
-3674 -4951 -615 32767 5632 -32768
-3878 -4812 -122 27245 16023 -29133
-4240 -4179 484 19761 25097 -23740
-4415 -3375 839 14937 27090 -20605
-4192 -3100 1109 9454 24324 -15110
-3875 -2841 1124 7835 15757 -8392
-4419 -2274 1102 9101 8931 -5041
-5021 -1843 1139 13551 2236 -3534
-5651 -1157 1335 17357 2285 -4650
-6008 -180 1699 21397 5301 -5761
-5690 410 2040 27105 12320 -3551
-4864 952 2350 30451 15185 1497
-4454 1150 2242 32767 10777 11698
-4288 1306 1437 32767 -1182 19456
-4880 1442 -217 32767 -8226 20824
-5425 1482 -1572 32767 -11419 18443
-6535 1042 -3609 32767 -9293 16765
-8256 74 -4561 32767 -4104 18792
-9958 -1216 -4816 32767 3507 29404
-11401 -3211 -4537 32767 9671 32767
-11157 -4148 -4606 12241 16603 32767
-11234 -4888 -5446 -4341 17717 32767
-11776 -5194 -5179 -20338 28109 32767
-11442 -6040 -3514 -27650 32767 32767
-10622 -6875 -1745 -32768 32767 32767
-8659 -8420 1235 -32768 32767 32767
-6321 -10323 3662 -32768 32767 32767
-3065 -10132 8363 -32768 32767 32767
-1927 -10836 5746 -32768 32767 32767
-660 -10285 5379 -32768 32767 32767
491 -9459 5562 -32768 32767 32767
2140 -7985 6233 -32768 32767 32767
2617 -5697 6437 -32768 32767 32767
2724 -4214 5896 -32087 32767 32767
2483 -3382 5053 -24100 32767 32767
1587 -2255 3699 -13582 32767 27339
625 -1372 2649 -6411 32767 19007
-47 -823 2163 2718 32767 7988
-1147 -58 1722 7035 32767 1434
-2021 572 1454 10929 32767 -6565
-2439 814 1291 12007 32767 -11626
-3017 1030 1004 11482 32767 -13392
-3324 1195 696 9637 32767 -13491
-3510 1175 540 7181 32767 -11038
-3808 1226 302 4684 32767 -7925
-4021 1149 97 3029 32767 -6103
-4022 1058 34 577 32767 -4375
-3899 805 50 -1793 32767 -3923
-3362 524 128 -3110 32767 -4026
-1039 -509 -315 32767 6083 -15924
-769 -258 -2 32767 5898 -19805
-556 -476 -149 32767 2187 -25099
-480 -731 -247 32767 -4976 -30016
-457 -745 -344 32767 -12781 -32768
-338 -702 -511 32767 -16897 -32768
-55 -812 -744 32767 -18517 -32768
518 -970 -114 32767 -11257 -32768
372 -1389 -674 32767 -8635 -32768
97 -1421 -924 32767 -11725 -32768
-349 -1222 -1143 32767 -21075 -32030
-1011 -1352 -1703 32767 -30850 -30209
-1452 -1913 -2125 32767 -32768 -27750
-1782 -2348 -2109 32767 -32768 -26105
-2236 -2451 -1245 32767 -32768 -25941
-2426 -2949 -686 32767 -32768 -25613
-2589 -3133 46 32767 -30983 -23651
-2466 -2919 322 32767 -23160 -21403
-2337 -2919 268 32767 -11897 -17422
-2341 -3118 24 29868 3943 -14873
-2466 -3076 -298 28236 15977 -14902
-2674 -2773 -741 28579 31090 -17467
-2825 -2291 -953 29983 32767 -20429
-2911 -1729 -969 32767 32767 -25833
-2818 -1420 -720 32767 32767 -30878
-2599 -1318 -230 32767 32767 -32768
-2498 -1313 433 32767 25537 -32768
-2584 -1097 841 28389 9650 -32135
-3316 -529 1235 22977 -689 -30882
-3823 -265 1138 14845 -13103 -27973
-4086 -121 826 9984 -15367 -20175
-4573 -242 999 9071 -8111 -12654
-5194 -979 752 11864 5470 -690
-5797 -1027 541 15955 11656 6768
-6258 -660 663 21746 18191 15168
-6569 -493 409 25130 17299 19545
-6351 -114 215 29086 10063 26135
-6106 70 -494 32713 858 32549
-6310 22 -1119 32767 -3390 32767
-6927 -516 -2165 32767 -5088 32767
-7714 -1345 -2909 32767 -2542 32767
-8148 -2038 -3521 32767 771 32767
-8128 -3382 -3997 32767 -1752 32767
-7899 -4702 -4197 32767 -4589 32767
-8283 -5711 -4723 32767 -5276 32767
-8973 -6954 -5461 22690 -2352 32767
-9849 -8795 -6317 7233 4397 32767
-10065 -10474 -6253 -3276 12856 32767
-10167 -11148 -5783 -19736 26068 32767
-10174 -11725 -4586 -30033 32377 32767
-9911 -11692 -3477 -32768 32767 32767
-9186 -11416 -1843 -32768 32767 32767
-8732 -11106 -735 -32768 32767 32767
-8373 -10600 521 -32768 27579 32767
-8239 -10598 1521 -32768 22035 32767
-7845 -9303 2744 -32768 29912 32767
-6903 -10121 4387 -32768 12220 32767
-7695 -9607 3742 -32768 6850 32767
-7661 -9351 3361 -32768 7950 32767
-7033 -9321 3565 -32768 12205 32767
-6386 -9196 3902 -32768 12908 32767
-4980 -9138 4200 -32768 13526 32767
-3686 -8824 3775 -32768 14757 32767
-2886 -8434 3367 -32768 22300 32767
-1951 -7718 3020 -24679 32397 32767
-1725 -7220 2865 -11600 32767 32767
-1641 -6725 2959 -4570 32767 32767
-1826 -6081 3215 2771 32767 32767
-1844 -5374 3470 6833 32767 24550
-1516 -4721 3866 7782 32767 19455
-1400 -4183 3838 7590 32767 14868
-1448 -3402 3738 6857 32767 13198
-1598 -2869 3697 5035 32767 11717
-1766 -2113 3515 3728 32767 10916
-1894 -1550 3326 2257 32767 9660
-2062 -892 2999 1902 32767 8421
-2117 -207 2529 2436 32767 7961
-2101 235 2085 4870 32270 7974
-1897 724 1572 7927 27352 8602
-1650 1338 1210 11761 23750 9108
-1635 1498 1359 16927 20848 8995
-1561 1756 1730 19979 18536 7459
-1628 1810 2001 20915 15441 5459
-1351 1768 2018 21635 8478 1810
-1055 1520 1594 22503 3093 -736
-1066 1258 930 25724 -3095 -5659
-1446 908 811 30209 -3185 -12641
-811 901 940 32767 1393 -17080
-551 1066 1303 32767 12195 -23012
-578 508 981 32767 17826 -26366
-715 131 808 32767 20749 -31569
-444 142 553 32767 18286 -32768
-234 242 580 32767 19720 -32768
-293 369 579 32767 18963 -32768
-93 -68 431 32767 16296 -32768
70 -422 161 32767 9950 -32768
-139 -691 2 32767 3475 -32768
-10 -947 -232 32767 -417 -30503
45 -981 -302 32767 -4750 -25362
11 -1003 -483 32767 -6857 -21777
-66 -1098 -649 32767 -9582 -17087
-336 -1217 -921 32767 -11582 -14361
-725 -1309 -1262 32767 -12234 -14030
-945 -1488 -1508 32767 -12557 -15353
-1004 -1972 -1725 32767 -12528 -16815
-1149 -2416 -1808 32767 -12470 -19473
-1219 -3008 -1927 32767 -12222 -21108
-1287 -3358 -2052 32767 -10783 -23294
-1450 -3972 -2158 32767 -8468 -24450
-1412 -4286 -2221 32767 -2814 -25256
-1362 -4734 -2287 32767 3240 -24652
-1279 -4998 -2311 32767 6592 -23573
-1334 -5312 -2189 32767 9863 -21956
-1909 -5418 -1948 32767 9471 -21669
-2481 -5321 -1787 32767 4379 -23739
-3211 -5065 -1502 32767 131 -26384
-3803 -4561 -1283 32767 -4284 -30618
-4012 -4201 -1250 32767 -6173 -32657
-3883 -3468 -539 32767 -3398 -31455
-3817 -2858 95 30472 9403 -25560
-4017 -2279 533 26627 20132 -19551
-4337 -2078 666 23189 30745 -9558
-4928 -1264 457 23579 27820 194
-5195 -162 188 26381 19450 6594
-5416 455 120 32767 3655 15621
-5885 1239 -114 32767 -6879 22679
-6107 1565 -389 32767 -6903 26091
-6096 1627 -720 32767 243 30178
-6249 1473 -1561 32767 4891 32132
-6281 1251 -2325 32767 5905 32767
-6165 701 -3824 32767 -1219 32767
-6845 -186 -5415 32767 -5620 32767
-8060 -929 -6662 32767 -3858 32767
-10006 -2075 -8386 32767 5916 32767
-10611 -2707 -9294 12799 22296 32767
-10180 -3678 -9817 -8297 27650 32767
-9660 -4509 -9231 -22256 29704 32767
-9173 -5058 -7481 -32768 32767 32767
-8792 -5442 -5793 -32768 32767 32767
-8066 -5933 -3112 -32768 32767 32767
-7421 -6324 -943 -32768 32767 32767
-6994 -6576 176 -32768 32767 32767
-9315 -8406 -1770 -32768 32767 32767
-4879 -5317 5813 -32768 32767 32767
-5767 -4432 6218 -32768 32767 32767
-5592 -4271 6192 -32768 32767 32767
-5399 -3841 6048 -32768 15545 32767
-4507 -4086 5959 -32768 17442 32767
-4264 -4017 6146 -32768 25254 32767
-3816 -3778 6167 -32768 26326 32767
-3291 -3714 5983 -28024 27414 32767
-2587 -3611 5598 -24144 32767 32767
-2026 -3626 4843 -21049 32767 28596
-1667 -3641 4435 -15732 32767 20943
-1077 -3400 3830 -10628 32767 17746
-977 -3307 3354 -7521 32767 17526
-1296 -3161 3246 -4588 32767 16732
-2021 -2791 2854 -3408 32767 13812
-2059 -2204 2380 -1091 32767 6370
-1614 -2114 2112 1371 32767 941
-1041 -1826 1621 3566 32767 -1358
-726 -1594 1193 4760 32767 -2024
-668 -1504 954 6374 32767 -2952
-830 -1286 609 8100 32767 -4909
-974 -1094 277 9505 32767 -6638
-1137 -945 22 12341 32767 -9880
-1307 -776 -192 14673 32767 -12486
-1464 -558 -422 18582 26989 -16689
-1351 -469 -583 21450 23080 -19176
-1227 -392 -610 25623 18556 -21887
-1015 -304 -604 29191 15140 -23355
-788 -277 -497 31063 13174 -23637
-606 -266 -431 32767 9500 -22923
-358 -270 -432 32767 6169 -21795
-256 -331 -492 32767 493 -19572
-235 -409 -580 32767 -4391 -17628
-336 -442 -641 32767 -7929 -16488
-481 -434 -590 32767 -9965 -16474
-870 -490 -507 32767 -13472 -17568
-1077 -600 -639 32767 -15962 -18779
-1589 -582 -730 32767 -18858 -21425
-1968 -430 -862 32767 -20944 -23645
-2555 -454 -1199 32767 -26116 -27274
-2667 -709 -1304 32767 -30229 -29113
-2688 -875 -1031 32767 -32768 -30474
-2738 -1026 -842 32767 -32768 -30441
-2745 -1150 -607 32767 -32768 -29834
-2664 -1270 -524 32767 -32768 -27825
-2486 -1521 -291 32767 -32768 -25675
-2354 -1865 -131 32767 -26710 -21426
-2248 -2368 -67 32767 -17162 -18639
-2531 -2156 -257 32767 -4067 -16364
-2795 -1938 -464 32767 3658 -17554
-2971 -1590 -717 32767 7937 -21440
-2911 -1249 -826 32767 11376 -26538
-2758 -1104 -767 32767 13905 -30068
-2575 -1145 -645 32767 18494 -32768
-2232 -1368 -409 32767 21710 -32768
-1995 -1498 -206 32767 25985 -32768
-1786 -1442 69 32767 27457 -32768
-1799 -1354 177 31088 26019 -32768
-1820 -1291 295 26590 21652 -32768
-2005 -1313 308 23485 17779 -32768
-2179 -1329 121 19827 11049 -32768
-2242 -1505 -216 18653 6394 -32768
-2184 -1559 -263 18227 906 -29012
-2349 -1703 -93 18280 -954 -24843
-2602 -1799 107 18219 -1698 -18083
-3222 -1922 408 17770 -1022 -14114
-6059 -1797 -328 21944 -6273 32767
-6696 -1516 -1403 30692 -6520 32767
-6920 -1561 -2265 32767 -4277 32767
-7089 -1903 -3267 32767 2673 32767
-6811 -2487 -3659 32767 6110 32767
-6606 -3233 -3581 32767 7528 32767
-6754 -4771 -3461 32767 6604 32767
-7461 -5900 -3659 32347 4948 32767
-8549 -7374 -4595 8035 9310 32767
-8874 -8405 -5511 -6223 14770 32767
-8868 -9502 -6185 -22024 24142 32767
-8645 -9951 -5864 -29667 30844 32767
-8444 -10416 -4511 -32768 32767 32767
-8632 -10251 -2697 -32768 32767 32767
-8702 -10175 -1567 -32768 32767 32767
-8811 -10086 -105 -32768 32767 32767
-8858 -10152 658 -32768 32767 32767
-9380 -11657 2798 -32768 28686 -32768
-10703 -9871 2467 -32768 32767 32767
-2084 -7250 2517 -4501 32767 32767
-1807 -6330 2749 3941 32767 32767
-1668 -5809 3134 12381 32767 32767
-1404 -5096 3671 15125 32767 27520
-1298 -4609 3858 16021 32767 21246
-1340 -3884 3953 15299 32767 18182
-1396 -3482 3967 13220 32767 14788
-1401 -2896 3784 11163 32767 12900
-1568 -2332 3402 10242 32767 11938
-1753 -1681 2873 10492 32767 11532
-1828 -932 2370 11804 32767 10985
-1866 -460 2074 14271 32767 10373
-1950 73 1794 16289 32767 9702
-1989 457 1679 19314 32767 8057
-1858 1098 1370 22418 28996 5938
-1703 1484 1216 24396 25169 4218
-1545 1623 1014 27581 18454 1232
-1265 1579 906 30980 13001 -2020
-1190 1273 1029 32767 10828 -4499
-1321 1093 1040 32767 7814 -9333
-1607 905 1082 32767 4834 -13380
-1576 660 1000 32767 34 -20029
-1387 744 871 32767 -1566 -25917
-672 536 1635 32767 -984 -28657
-558 140 874 30982 -1778 -32148
-484 -129 217 31199 -3201 -32768
-245 -130 64 32003 -5553 -32768
-176 -140 -322 32767 -6435 -32768
-591 -44 -621 32767 -5663 -32768
100 -124 -216 32767 -1151 -32768
0 -496 -620 32767 -339 -32768
-67 -599 -822 32767 -4133 -31408
-279 -772 -910 32767 -8200 -28806
-403 -810 -910 32767 -13904 -25638
-590 -1001 -912 32767 -17107 -24148
-801 -1213 -1068 32767 -21061 -23151
-1158 -1501 -1359 32767 -22616 -23801
-1268 -1749 -1651 32696 -21948 -24627
-1209 -2243 -1961 32767 -18876 -25532
-1120 -2883 -2159 32767 -16419 -25588
-1093 -3177 -2337 32767 -13235 -25083
-1095 -3613 -2644 32767 -11569 -24466
-1216 -4085 -2819 32767 -8918 -23603
-1364 -4335 -2842 32767 -3292 -23525
-1577 -4659 -2803 32767 2085 -24069
-1713 -4869 -2777 32767 10241 -25402
-2002 -5041 -2594 32767 14582 -26956
-2276 -4971 -2457 32767 17208 -30333
-2569 -4718 -2236 32767 15698 -32768
-2584 -4511 -2065 32767 9834 -32768
-2399 -4209 -1784 32767 4827 -32768
-2189 -3991 -1643 32313 -1097 -32768
-1999 -3667 -1514 28963 -2561 -32768
-2232 -3470 -1274 27422 -626 -29793
-2509 -3295 -905 25443 7001 -25507
-3070 -2939 -243 24017 13881 -23250
-3573 -2688 152 21695 21402 -21286
-4351 -2163 598 20027 23051 -20887
-4786 -1243 902 19608 22015 -20241
-4757 -651 1401 19409 22299 -15689
-4858 123 2288 18898 24673 -9424
-5763 770 2505 19314 24301 2318
-6899 1184 2066 22658 18893 9890
-7622 1847 1709 32767 10077 18631
-8695 2208 669 32767 4876 21902
-9027 2146 46 32767 1724 25245
-9187 1758 -1060 32767 2553 28257
-9427 1075 -1841 32767 4247 32767
-10123 59 -3411 32767 -892 32767
-10787 -1277 -4930 32767 -8347 32767
-11453 -2184 -6305 28421 -17420 32767
-13625 -3775 -8145 10446 -8676 32767
-14574 -5025 -8843 1813 6577 32767
-14590 -6117 -8486 -9266 26972 32767
-14274 -7760 -6485 -22549 32767 32767
-13546 -9188 -3573 -32768 32767 32767
-13054 -9999 -1853 -32768 32767 32767
-12922 -11012 630 -32768 32767 32767
-12098 -12125 2278 -32768 32767 32767
-10863 -10424 4980 -32768 32767 32767
-9348 -12460 6606 -32768 32767 32767
-8735 -11373 7068 -32768 32767 32767
-7895 -10695 7053 -32768 32767 32767
-5973 -10359 6260 -32768 32396 32767
-3943 -9889 5857 -26293 32767 32767
-1808 -9240 6095 -21104 32767 32767
-769 -8755 6137 -18363 28325 32767
-140 -7579 5664 -16312 23433 32767
433 -6528 4673 -12828 21490 32767
940 -5962 4158 -5216 23053 23292
1343 -5135 3660 -119 26215 13238
1257 -4557 3644 5902 32498 1402
1039 -3918 3614 9070 32767 -3563
620 -3412 3616 12773 32767 -7554
-78 -2828 3584 14388 32767 -9338
-561 -2267 3262 14359 32767 -9835
-783 -1914 3045 12893 32767 -10048
-1079 -1358 2506 11051 32767 -10714
-1356 -924 1807 10443 32767 -11879
-1473 -767 1322 11170 32767 -14428
-1302 -523 -1188 31352 11288 -32768
-1235 -509 -1332 32767 8656 -32768
-1200 -442 -1533 32767 6881 -32768
-1139 -418 -1634 32767 3787 -32768
-986 -447 -1712 32767 1421 -32768
-914 -525 -1696 32767 -2948 -32768
-945 -783 -1619 32767 -7892 -32768
-1002 -1109 -1510 32767 -10731 -32768
-1163 -1240 -1394 32767 -14914 -32768
-1410 -1463 -1102 32767 -17776 -32768
-1511 -1586 -875 32767 -21986 -32768
-1692 -1769 -468 32767 -25680 -32768
-1825 -2185 -37 32767 -28064 -32768
-1890 -2671 315 32767 -27484 -32768
-1933 -2739 485 32767 -23682 -32768
-2300 -2944 530 32767 -19589 -32768
-2774 -3212 507 31412 -17737 -32768
-3024 -3388 419 23503 -15742 -32768
-3748 -3851 143 19666 -14457 -32768
-4046 -4486 -82 16782 -12032 -32768
-3432 -1024 20 15506 19475 -19943
-3514 -657 -30 15097 17347 -16712
-3507 -338 -13 14462 14365 -11937
-3451 89 112 13860 13062 -8529
-3337 199 139 12881 12470 -2734
-3115 285 183 12154 14479 3762
-3229 474 242 11622 16821 7656
-3350 508 310 10507 19756 12404
-3515 521 428 9464 20449 14993
-3687 452 372 8307 17452 18444
-3897 303 280 8109 12752 20759
-4076 70 229 8311 3655 24686
-4367 -200 31 8544 -2748 27470
-4927 -138 -52 8382 -11993 30765
-5831 -526 195 7538 -16580 32767
-6548 -933 45 9903 -12925 32767
-7208 -1124 -573 16021 -6783 32767
-8101 -1796 -1747 31850 3156 32767
-8558 -2350 -2372 32767 8874 32767
-8602 -2899 -2560 32767 12791 32767
-8645 -3913 -2478 32767 16702 32767
-9142 -4521 -2921 32767 20238 32767
-9389 -6379 -3885 29956 24276 32767
-9575 -8337 -4316 17082 23052 32767
-9594 -9472 -4220 -6073 19367 32767
-7878 -12062 3251 -32768 8283 32767
-7920 -11681 2913 -32768 12390 32767
-7111 -11277 3489 -32768 27874 32767
-5595 -10916 4287 -32768 32767 32767
-4706 -10310 4397 -32768 32767 32767
-4077 -8874 3676 -32768 32767 32767
-3767 -8110 3325 -21815 32767 32767
-3040 -7835 3177 -5529 32767 32767
-2652 -7171 3189 3806 32767 32767
-2368 -6864 3575 12650 32767 32767
-1848 -6248 4257 14164 32767 32767
-1769 -5302 4526 12269 32767 30218
-1705 -4744 4541 7798 32767 25878
-1787 -3927 3829 5268 32767 20680
-1772 -3250 3081 5538 32767 17239
-1735 -2777 2728 7817 32767 12377
-1774 -1998 2435 9938 32767 9067
-1720 -1513 2280 14492 32767 3144
-1693 -645 1988 16635 32767 900
-1856 -245 1724 19797 32767 -1815
-2078 350 1343 21938 32767 -3302
-2213 766 1289 24506 32767 -5393
-2445 1362 1493 25222 32767 -7002
-2564 1741 1667 24615 22859 -9853
-2460 2094 1708 23747 15051 -11696
-2166 2248 1545 23228 5248 -13779
-1780 2499 1214 23731 32 -14842
-1492 2516 852 26185 -5194 -15947
-859 2536 267 29231 -6769 -16178
-635 2371 26 32767 -6235 -16320
-560 1912 367 32767 -3971 -16881
-592 1391 461 32767 488 -18760
-555 1339 393 32767 2338 -20675
-484 941 326 32767 2406 -23506
-283 -1338 -777 32767 -12251 -32768
-264 -1420 -879 32470 -16230 -31857
-240 -1486 -1023 31752 -18493 -28083
-398 -1840 -1203 31623 -19380 -24701
-573 -2302 -1386 31852 -18907 -22975
-884 -2706 -1588 32767 -16706 -21596
-1560 -3475 -1921 32767 -11957 -22385
-2073 -4136 -2045 32767 -6252 -23880
-2154 -4423 -1979 32767 4841 -26101
-1828 -4782 -1878 32767 12679 -26138
-1392 -5199 -1666 32767 14631 -24550
-1183 -5630 -1474 32767 14377 -20685
-1235 -5886 -1247 32767 12577 -17132
-1759 -5700 -1248 32767 10956 -16216
-2099 -5381 -1270 32123 8284 -17204
-2341 -4733 -1257 31280 6676 -19819
-2251 -4039 -1138 30998 6709 -21585
-2122 -3604 -1067 30706 7723 -23308
-1965 -2937 -992 30527 8293 -23727
-1887 -2629 -955 30175 8642 -22965
-1945 -2152 -857 29609 8564 -21205
-1995 -1982 -718 28918 8438 -19613
-2292 -1849 -330 26510 6840 -17253
-3053 -1557 98 23710 4688 -16321
-3661 -1326 369 18187 2034 -15966
-4189 -756 516 14700 2058 -15388
-4435 -333 549 11986 9041 -12434
-5154 -558 -40 13010 14788 -9077
-5262 -148 25 17458 18272 -1264
-5818 722 361 22357 14401 7579
-6682 1272 325 26758 7715 12771
-7208 1395 304 32767 1988 18855
-7666 1433 139 32767 2898 22097
-8155 1488 -310 32767 7092 26286
-8456 1266 -881 32767 9445 29093
-8591 1062 -1323 32767 7996 32767
-8695 504 -2548 32767 1099 32767
-8733 -171 -3597 32767 -12091 32767
-9907 -1650 -5327 32767 -17311 32767
-11627 -3129 -6627 19289 -16721 32767
-14400 -5339 -7471 10135 -10264 32767
-15184 -6688 -7407 -3706 11640 32767
-14576 -8279 -6263 -13335 28872 32767
-13929 -9606 -3845 -28910 32767 32767
-3399 -10378 4781 -15902 32767 32767
-2188 -9815 4610 -5068 32767 32767
-657 -9085 4729 370 32767 32767
143 -8073 4690 2125 32767 32767
691 -6910 4289 4316 31662 30521
945 -6194 4033 5806 25260 20401
1057 -5400 3625 8157 17767 7085
737 -4499 3438 9164 14729 -921
374 -3794 3492 9028 14527 -12168
-74 -2823 3558 8123 19548 -21159
-346 -1932 3347 8338 23352 -24752
-570 -1376 3193 9584 27231 -26928
-904 -577 3180 10006 28431 -26854
-1093 -149 3197 8464 26838 -24982
-1382 302 3171 5963 24901 -23034
-1655 526 2969 818 25410 -20268
-1777 5 -1560 24935 31434 -32768
-1636 -128 -1614 29591 29676 -32768
-1357 -312 -1687 32767 26510 -32768
-978 -543 -1714 32767 21470 -32768
-792 -773 -1733 32767 16899 -32768
-776 -886 -1748 32767 9004 -32768
-839 -1124 -1785 32767 3689 -32768
-1022 -1268 -1862 32767 -3525 -32768
-1416 -1547 -1886 32767 -8213 -32768
-1581 -1937 -1727 32767 -8859 -32768
-1638 -2128 -1590 32767 -6657 -32768
-1708 -2260 -1386 32767 -5182 -32768
-1717 -2402 -1232 32767 -5626 -32768
-1637 -2714 -945 32767 -7143 -32768
-1609 -2859 -801 32767 -10545 -32768
-1625 -3021 -677 32767 -13629 -32768
-1743 -3421 -480 32767 -18243 -32768
-1730 -3619 -335 32767 -19243 -32768
-1939 -3577 -201 32767 -17939 -32768
-2306 -3501 -358 32767 -16603 -32768
-2765 -3321 -703 32767 -15760 -32768
-3116 -2913 -642 32767 -13786 -32768
-3257 -2833 -418 32767 -7211 -32768
-3311 -3032 201 32071 -76 -32768
-3154 -3548 774 29042 12874 -31101
-3088 -3906 940 26258 23553 -24686
-2957 -3814 754 24371 27042 -19082
-2992 -3103 515 23461 24922 -16521
-3029 -2525 356 22718 19838 -14872
-3062 -1957 308 21497 9755 -13642
-3080 -1268 444 19565 1600 -13308
-3084 -839 473 18054 -1557 -13115
-3067 -582 491 15729 -2779 -12424
-3275 -113 383 13640 -447 -11709
-3524 348 105 12771 2802 -11281
-3619 569 -69 12630 9728 -10133
-3790 681 28 12713 15198 -9013
-3899 881 193 11474 22024 -6519
-4098 1246 341 9240 23725 -4379
-4540 1618 553 4187 23014 -599
-5218 1637 544 601 22827 2540
-5988 1489 306 -2940 25087 7305
-6754 1000 -241 -3504 27919 11006
-6836 363 -684 -2056 28429 19658
-7494 -218 -755 -1321 24705 26522
-8199 -1105 -1665 -199 15135 32767
-8549 -1812 -2202 4143 4500 32767
-8975 -2592 -2632 9569 -3646 32767
-9199 -4308 -2951 13280 -8202 32767
-9159 -5579 -3191 17744 -12790 32767
-9276 -7021 -3689 19195 -13788 32767
-9358 -8111 -3742 17191 -7427 32767
-9825 -9555 -3631 9598 2974 32767
-10305 -11586 -3221 2703 7847 32767
-10601 -12829 -3111 -6485 9976 32767
-10629 -13957 -2590 -11789 11677 32767
-10659 -15140 -969 -20772 18308 32767
-10872 -16055 1048 -30763 25259 32767
-11341 -16660 2613 -32768 25108 32767
-11279 -16728 3180 -32768 22424 32767
-11870 -14757 2773 -32212 32767 32767
-8246 -15750 5921 -32768 32767 32767
-8039 -14408 5111 -32768 22258 32767
-7509 -13259 4233 -32768 6157 32767
-6881 -12058 3368 -32768 3640 32767
-6080 -11517 2804 -32768 8921 32767
-4675 -10873 2106 -24205 25360 32767
-2926 -10527 2565 -18552 32767 32767
-2006 -9411 2798 -13674 32767 32767
-1837 -8602 3007 -10238 32767 32767
-1188 -8123 3124 -7567 32767 32767
-793 -7564 2979 -2075 32767 32767
-498 -6472 3052 3579 32767 27472
-486 -5356 3246 6869 32767 18983
-614 -4742 3343 10940 32767 8464
-996 -3787 3263 14399 32767 584
-1515 -3105 3020 16504 32767 -3243
-1794 -2661 2827 19076 32767 -7136
-2497 -1970 2682 19990 32767 -9476
-3163 -1370 2291 20777 32767 -13449
-3458 -999 1915 22198 32767 -17282
-3487 -483 1456 24334 32767 -19179
-3569 -10 977 26017 32767 -19336
-3722 381 665 28327 32767 -18911
-4200 1183 243 29279 32767 -19046
-4745 1679 -25 29145 17518 -21186
-5691 2440 76 27716 10171 -24123
-5374 2689 664 23408 10332 -27889
-1066 1866 386 31001 -14952 -3863
-1020 1256 731 31526 -12275 -5635
-1116 885 885 31204 -8161 -9473
-909 848 741 30880 -6828 -12308
-850 669 587 31069 -7967 -17163
-790 411 411 31557 -9367 -20418
7 424 378 31493 -8884 -23218
363 144 671 31252 -7367 -23837
142 -236 280 31053 -6332 -25453
134 -530 -20 31400 -6661 -26705
-606 -3412 -1362 25535 -22105 -16709
-1011 -3720 -1529 24951 -20696 -18535
-1565 -3982 -1778 25345 -17475 -20747
-1783 -4008 -1852 26934 -10106 -24648
-1753 -4140 -1832 29393 -1802 -27649
-1563 -4234 -1741 31240 2966 -28657
-1572 -4299 -1690 32767 7724 -29067
-1861 -4321 -1680 32767 9164 -29343
-2141 -4244 -1576 32767 9554 -30466
-2497 -4085 -1355 32767 8710 -32041
-2795 -3925 -1030 32767 7851 -32768
-2991 -3724 -793 32767 7077 -32768
-3162 -3353 -375 32767 7304 -32768
-3062 -3092 -87 30084 9224 -32336
-3153 -2720 280 24627 13311 -27363
-3300 -2624 510 21272 16414 -22902
-3620 -2632 687 17343 18252 -15398
-4353 -2360 697 15662 17036 -10787
-4900 -1799 771 14325 14699 -5770
-5691 -1076 956 14339 12147 -2868
-6107 -365 1037 15781 9665 -917
-6193 -91 1264 20007 7108 3536
-6412 386 1344 24011 5454 7218
-6677 673 1251 31395 1845 12264
-7013 1101 890 32767 -139 14660
-13034 -6177 -6195 -32768 17868 32767
-12627 -6770 -4698 -32768 18486 32767
-11627 -8086 -1967 -32768 24731 32767
-10696 -9050 -274 -32768 26408 32767
-9568 -10448 1797 -32768 18583 32767
-8103 -12023 3879 -32768 32767 32767
-7574 -11950 4649 -32768 32767 32767
-6328 -13718 5406 -32768 32767 32767
-4318 -13470 5204 -32768 32767 32767
-2537 -12693 4466 -32768 32767 32767
-520 -11606 3504 -25566 32767 32767
877 -10056 2976 -17070 32767 32767
1685 -8920 3004 -6046 32767 32767
2497 -7690 3462 -1181 32767 32767
2565 -6318 3967 1891 32767 22959
2428 -5400 4058 1093 24086 4080
2044 -4149 3668 181 18093 -5954
1453 -3296 3195 968 12854 -16554
196 -2140 2566 3232 10925 -21043
-683 -1554 2282 8303 9630 -24417
-1616 -819 2348 12128 10472 -23832
-2418 -194 2684 12816 11931 -22008
-2836 35 2868 11286 16034 -18621
-3299 473 2813 9402 19753 -16697
-3268 841 2476 6870 24152 -14366
-3033 955 2228 5361 26662 -11743
-2558 1061 1990 4682 28332 -9820
-2326 1061 1897 3390 31020 -7460
-2256 1060 1642 2434 32315 -6973
-2258 985 1313 1849 32767 -8142
-2171 855 561 2693 32748 -9869
-1986 751 -158 6146 32299 -13040
-1830 663 -510 11431 32483 -16385
-1637 490 -879 15624 32767 -18566
-1557 300 -1070 22634 32767 -21816
-1524 73 -1299 27722 32767 -24042
-1543 0 -1399 32767 32767 -27677
-1495 -42 -1523 32767 32767 -31237
-1290 -166 -1493 32767 32469 -32768
-1116 -336 -1388 32767 25179 -32768
-892 -597 -1160 32767 18844 -32768
-884 -727 -1084 32767 7725 -32768
-848 -875 -1091 32767 -4603 -32768
-684 -1147 -1085 32767 -12589 -32768
-611 -1396 -1031 32767 -21979 -32768
-582 -1636 -906 32767 -27146 -32768
-710 -1821 -766 32767 -30310 -32768
-802 -1986 -653 32767 -32160 -32768
-842 -2120 -670 32767 -32768 -32768
-923 -2153 -737 31543 -32768 -32768
-1050 -2253 -878 26990 -32768 -32768
-1244 -2368 -1060 25079 -32768 -32768
-1425 -2521 -1150 23932 -29705 -32768
-1652 -2834 -1172 24471 -21017 -32768
-2133 -3059 -1003 25145 -13402 -32768
-2545 -3013 -810 25656 -531 -32768
-3149 -2958 -568 25520 9715 -32768
-3216 -3393 -271 25371 14488 -32768
-2832 -4060 -33 25719 21647 -32768
-2367 -4550 299 26470 29741 -30633
-2667 -3898 228 26979 32682 -26860
-3146 -3249 246 26857 30493 -24100
-3644 -2341 395 25219 24300 -23973
-3723 -1899 484 23859 20728 -24155
-3564 -1759 537 22299 18175 -22868
-3566 -1335 729 21371 19086 -21092
-3828 -809 827 19505 22089 -18451
-4367 -87 931 17841 23281 -16898
-4430 252 822 15583 22285 -13178
-4302 526 626 14851 20450 -8549
-4294 516 646 14619 18727 1310
-4707 500 627 14742 18495 8654
-5313 487 543 15047 17268 18144
-6171 620 54 15642 14739 23264
-6631 590 -306 17669 11968 29394
-7363 180 -895 20775 12538 32767
-7701 -84 -1351 23094 12383 32767
-7293 -678 -2249 26870 6306 32767
-7216 -1704 -3154 29782 -2247 32767
-7657 -2672 -3655 32767 -11417 32767
-8877 -4435 -4306 32767 -10209 32767
-9857 -5692 -4667 32767 1040 32767
-10776 -8247 -4606 32386 16686 32767
-11121 -10310 -4307 23504 25349 32767
-11563 -13261 -3671 2255 28226 32767
-11157 -15235 -3380 -14257 27276 32767
-11111 -15729 -3291 -32768 28288 32767
-10655 -15304 -2619 -32768 31703 32767
-9773 -14270 -1529 -32768 32767 32767
-9203 -13463 -980 -32768 32767 32767
-8731 -12350 -186 -26330 31571 32767
-4724 -5943 4694 -21297 32767 32767
-3987 -6209 4774 -14717 32767 32767
-3018 -6518 4659 -10373 32767 32767
-2668 -5877 3975 -7752 32767 29063
-2312 -5522 3758 -3996 32767 18863
-1787 -5084 3534 -791 32767 9146
-1596 -3994 3494 767 32767 2978
-1405 -3234 3584 1876 32767 -4017
-1013 -2493 3477 2219 32767 -6551
-949 -1705 3209 2176 32767 -6788
-1026 -1234 2877 2468 32767 -6777
-1254 -636 2353 3796 32767 -7534
-1690 37 2088 4727 32767 -8873
-2060 422 1677 5932 32767 -10861
-2316 1059 823 9190 32767 -13846
-2422 1412 312 14209 32559 -15202
-2320 1819 -271 18164 25385 -15093
-2263 1981 -330 23735 19245 -13936
-2036 2306 -150 26564 18468 -12662
-1948 2346 -91 29169 19059 -10249
-1829 2442 45 29898 18855 -8045
-1463 2504 259 29274 17117 -6607
-1139 2415 372 27356 11361 -4321
-848 2042 534 25786 5769 -3086
-567 1768 592 23670 -4125 -1778
-640 1284 541 22783 -11132 -1854
-1450 442 231 22651 -19283 -4318
-692 435 608 22783 -22451 -9020
-379 517 769 22584 -20596 -13567
-729 319 997 21715 -18533 -17988
-378 123 635 21163 -17828 -22093
-796 33 423 20517 -19732 -29824
-1156 125 487 19994 -18093 -32768
-1120 109 205 18353 -14255 -32768
-965 -153 -74 18988 -8942 -32768
-366 -408 -351 20427 -5092 -32768
-262 -503 -404 23200 -366 -32768
-4 -856 -526 26161 183 -32768
-37 -984 -693 28035 -2648 -32768
-180 -1010 -859 30102 -10049 -32768
-315 -1100 -775 30562 -14984 -30936
-523 -1373 -746 30148 -14964 -28608
-939 -1824 -925 29486 -11909 -26526
-1204 -2272 -1144 29165 -9328 -25826
-1328 -2597 -1317 29091 -5638 -25399
-1508 -3099 -1587 29406 -3263 -25418
-1754 -3457 -1844 30916 690 -26117
-2114 -4086 -2186 32674 4307 -27075
-2133 -4465 -2309 32767 11342 -28254
-1984 -4895 -2359 32767 17048 -28213
-1909 -5052 -2294 32767 18332 -27561
-1843 -5206 -2167 32767 16750 -26373
-1877 -5249 -2098 32767 14440 -25873
-2058 -5227 -2090 32767 11394 -26160
-2316 -5231 -2121 32767 10583 -27218
-2828 -5024 -2044 32767 10449 -29681
-3115 -4470 -1753 32767 10370 -31082
-4832 31 -412 32767 -4241 10603
-5003 513 -794 32767 -6433 12249
-5326 730 -1191 32767 -6474 14142
-5750 916 -1948 32767 -4763 16107
-6140 846 -2420 32767 -5391 22200
-8204 217 -3353 32767 -8915 27194
-10298 -279 -3849 32767 -8062 32767
-12253 -939 -4725 32767 6002 32767
-12003 -1289 -5303 22676 17084 32767
-11937 -1445 -5847 -2341 22582 32767
-11734 -2304 -5147 -25850 31060 32767
-11078 -3187 -3899 -32768 32767 32767
-9322 -4774 -1461 -32768 32767 32767
-7886 -6164 565 -32768 32767 32767
1589 -5284 2524 1080 32767 26514
1735 -4545 2731 5516 32767 6742
1348 -3480 2745 5119 30280 -7918
610 -2438 2710 1851 24168 -18550
-446 -1491 2541 -701 22406 -24008
-1175 -791 2373 -3330 22033 -29658
-1879 -121 1976 -3300 21700 -30810
-2002 80 1958 -1334 22592 -27876
-2420 459 2396 -552 26049 -24041
-2923 739 2492 -1000 31753 -18329
-3611 1134 2514 -3026 32767 -14207
-3832 1436 2359 -4728 32767 -12075
-3688 1491 2147 -6737 32767 -8237
-1172 307 -576 10399 28533 -6465
-1131 194 -644 16870 26179 -11920
-871 -168 -628 21091 24038 -15379
-730 -313 -615 27069 19855 -20036
-629 -384 -615 30612 15489 -22756
-648 -522 -581 32767 6067 -26574
-690 -826 -602 32767 -4461 -30543
-707 -925 -503 32767 -10493 -32768
-739 -1147 -460 32767 -18135 -32768
-775 -1418 -445 32767 -24368 -32768
-654 -1927 -550 32767 -26582 -32768
-650 -2005 -557 32767 -27545 -32768
-727 -1959 -593 32767 -27994 -32768
-768 -2017 -670 32767 -29498 -32768
-809 -2218 -728 32767 -30956 -32768
-810 -2499 -800 32767 -32768 -32768
-951 -2817 -874 32767 -32768 -32768
-1295 -2900 -868 32767 -32768 -32768
-1609 -2939 -872 32767 -31476 -32768
-2352 -3238 -724 32767 -29672 -32768
-2818 -3477 -518 32767 -22111 -32768
-3429 -3255 -280 32767 -14426 -32768
-3938 -2952 -257 32767 -4432 -32768
-4157 -2456 -392 32767 2079 -32768
-3848 -2260 -216 32767 6627 -32768
-3022 -2557 388 31086 12591 -32768
-2250 -3295 590 26210 25088 -32768
-2204 -3538 592 23543 32767 -32768
-2377 -3312 575 22459 32767 -30410
-2787 -2771 624 19878 32767 -23969
-3532 -1636 763 17031 23941 -21897
-4038 -981 732 11801 8120 -20975
-4326 -288 892 8390 2465 -20351
-4899 151 1180 3434 4040 -19513
-6290 734 946 1178 9646 -19702
-7286 953 462 1387 19958 -19836
-7698 1314 -297 4626 26698 -17191
-7704 1481 -274 11230 32767 -5127
-7873 828 -731 16516 30030 15447
-8559 1225 -1138 18291 21424 28745
-9625 785 -2341 21144 10822 32767
-9920 406 -3003 24712 10884 32767
-9549 -12 -3590 26293 10354 32767
-8785 -322 -3654 25510 -1810 32767
-7862 -1097 -4214 23067 -20973 32767
-7973 -2437 -5547 22912 -30347 32767
-8726 -3566 -6310 24521 -32768 32767
-10138 -6456 -6852 25087 -29120 32767
-11887 -10264 -6830 22808 -22524 32767
-13433 -12733 -6564 13049 -6238 32767
-14951 -15962 -5524 2986 9113 32767
-15292 -17296 -3860 -16779 31060 32767
-14036 -18283 -441 -30620 32767 32767
-13357 -18601 1405 -32768 31082 32767
-12649 -18852 2713 -32768 4592 32767
-12782 -17737 4236 -30381 19494 32767
-8470 -18125 6153 -32768 -10275 32767
-8521 -15948 3584 -32768 -18062 32767
-8404 -14949 1698 -32768 -14651 32767
-6947 -14177 26 -32768 -6661 32767
-4754 -13571 58 -32768 8657 32767
-2330 -11863 618 -32768 16671 32767
-1050 -10455 638 -23953 24875 32767
-431 -9598 603 -9417 32767 32767
174 -8111 1055 756 32767 32767
47 -7190 1571 12562 32767 32767
-935 -6226 2486 17881 32767 28598
-1412 -5341 2858 18747 32767 22471
-1437 -4640 3181 17589 32767 14969
-1335 -3666 3046 15679 32767 10401
-1457 -3115 2918 14646 32767 8113
-1927 -2388 2646 14239 32767 4839
-2294 -1823 2456 14851 32767 2993
-2639 -1502 2336 16340 32767 78
-3347 -877 2167 17764 32767 -4202
-3946 -109 2112 18281 32767 -7959
-3918 436 1910 18917 32767 -13116
-3983 1116 1501 19674 32767 -15909
-4080 1540 1376 20747 31058 -19485
-4217 1925 1687 20140 21787 -21992
-4467 2321 2110 18653 16669 -23297
-4310 2585 2036 16980 10495 -24251
-4062 3005 1760 17148 7929 -24209
-3625 3783 1474 19037 6429 -23434
-3349 4051 1273 21068 6116 -22362
-3080 4066 1230 23914 6370 -20301
-2927 3777 1716 24410 6759 -18781
-2756 3521 2051 22295 6119 -16138
-2423 3072 2196 18372 2389 -13021
-1893 2588 2076 15677 -1313 -11002
-1489 2301 1903 12613 -9106 -7593
-1269 1858 1235 12304 -18315 -5828
-1124 1497 768 13379 -23172 -5869
-993 1214 623 16160 -25242 -7833
-714 617 424 18634 -22317 -9970
-1303 47 282 23217 -15135 -14894
-372 -61 293 26111 -10102 -17830
-963 374 73 29796 -323 -22826
109 542 215 32134 8186 -26417
-145 152 143 32767 12441 -28194
-451 47 350 32767 19436 -31532
-195 -135 379 32767 22208 -32768
80 -558 375 32767 24168 -32768
156 -1136 64 31460 23314 -32768
341 -1113 234 29653 21088 -32768
654 -1332 343 25181 14757 -29616
950 -1802 88 21902 8875 -26322
1075 -2187 -80 17874 -1281 -19831
1033 -2773 -361 16006 -8312 -15133
758 -2965 -689 15052 -19036 -9340
93 -3228 -1263 16777 -27776 -6831
-673 -3346 -1557 18782 -30247 -7414
-1199 -3380 -1662 22258 -27918 -11437
-1833 -3550 -1771 26010 -20383 -17948
-2088 -3797 -1666 28417 -14449 -22585
-2129 -4083 -1525 31529 -6526 -28582
-2062 -4472 -1072 32767 -1177 -31493
-2214 -4477 -866 32767 5663 -32768
-3088 -4268 -801 32767 6785 -32768
-3605 -4103 -777 32767 2185 -32768
-3987 -3652 -555 32767 -3885 -32768
-4128 -3157 -156 32767 -4631 -32768
-4003 -2723 233 32767 2577 -29470
-3732 -2078 975 32767 10480 -21183
-3774 -1679 1239 31174 15141 -7662
-4035 -1347 1183 29858 3860 2026
-4640 -686 1028 32196 -14795 5053
-4983 -181 855 32767 -22539 4435
-5070 126 660 32767 -21725 2403
-5344 691 307 32767 -14389 1374
-5615 1035 108 32767 -3743 1443
-5802 1511 -457 32767 -4677 4846
-6473 1567 -1441 32767 -9308 9099
-7286 1586 -2110 32767 -10598 18005
-10194 1317 -3384 32767 -1411 27265
-12390 698 -4761 32767 7265 32767
-12466 357 -5746 19495 18565 32767
-11226 -422 -5999 -4630 26005 32767
-10161 -932 -5050 -21682 27574 32767
-9600 -1485 -4167 -32768 31069 32767
-8894 -2723 -2608 -32768 32767 32767
-7781 -4264 -749 -32768 32767 32767
-6474 -6166 613 -25988 32767 32767
-5289 -6785 4388 -29286 32767 32767
-2797 -5669 5418 -32768 32767 32767
-431 -6172 6380 -32768 32767 32767
1241 -6143 5215 -32768 28028 32767
2295 -5875 4199 -32768 18295 32767
3412 -5481 3133 -23156 22909 32767
3546 -4635 2934 -20599 29238 32767
3173 -3867 2916 -22812 32767 16264
2734 -2648 2958 -25585 32767 -2100
2335 -1751 2925 -26816 32767 -18744
1332 -1051 2917 -23641 32767 -24155
-813 -268 2734 -19734 31510 -24564
-2534 126 2526 -11861 26262 -22046
-3386 227 2421 -3024 29438 -17114
-4265 214 2280 2293 32767 -13471
-4644 178 2120 7969 32767 -8716
-4544 158 1808 10375 32767 -5104
-3853 82 1415 10385 32767 -3008
-3336 71 1152 8850 32767 -597
-2607 151 819 7003 32767 315
-2245 191 740 3261 32767 281
-1803 103 705 477 32767 -615
-387 -582 -273 19154 4047 -23962
-275 -728 -352 24990 653 -24535
-247 -829 -425 28848 -634 -24647
-252 -865 -425 32767 -1753 -24739
-282 -958 -374 32767 -2623 -24793
-364 -1060 -314 32767 -5022 -25100
-491 -1245 -353 32767 -9671 -25922
-690 -1402 -382 32767 -13952 -26932
-853 -1572 -350 32767 -20839 -29135
-4132 -3121 1176 23710 -13848 -32768
-4583 -2549 1235 22384 13020 -32768
-4889 -1590 1516 22043 32767 -32768
-4645 -1129 1845 21809 32767 -32768
-4427 -853 2390 20235 32767 -32768
-4731 -214 2357 18387 32767 -31397
-5346 287 1696 15333 32767 -25372
-6223 903 703 14300 18007 -22090
-6543 917 43 15871 -2239 -15184
-7271 1153 -308 19575 -1996 -7233
-8319 1400 -395 21521 4113 -2804
-8696 1448 -317 22568 12009 3483
-8822 1696 -601 23529 10873 11836
-8468 1800 -1025 26168 3986 20022
-8735 1628 -1361 32767 -10186 32537
-8994 717 -1874 32767 -19037 32767
-9121 146 -2138 32767 -22867 32767
-8550 -1619 -2544 32767 -15553 32767
-8226 -2786 -2814 32767 -7634 32767
-8229 -4753 -3174 32767 -1358 32767
-8077 -13525 -1049 -32768 -30992 32767
-7465 -14109 -2026 -32768 -10369 32767
-5894 -13040 -2230 -28108 32535 32767
-3156 -12528 -1367 -19009 32767 32767
-2610 -12092 31 -14325 32767 32767
-1296 -10685 1549 -11664 32767 32767
-1024 -8006 1193 -3888 32767 32767
-648 -7529 532 16466 17769 32767
-67 -6860 467 32767 32767 21189
273 -6293 1073 32767 32767 7095
46 -5171 2038 32767 32767 -9033
-862 -4023 2436 32767 32767 -18348
-1570 -3220 2430 32767 32767 -30957
-3024 -1985 1692 27911 32767 -32768
-4229 -1296 848 22191 23621 -32768
-5624 -793 -535 20911 17083 -32768
-6352 -565 -1104 21508 14009 -32768
-7325 -15 -1399 23049 22891 -32768
-7965 593 -1744 24359 30569 -32768
-7939 906 -2000 26799 32767 -32768
-7518 1257 -2301 29486 32767 -31230
-6837 1495 -2235 30861 32767 -28535
-6305 1581 -1959 31297 32767 -25346
-5639 1780 -1520 30675 31645 -23984
-5206 1971 -1275 29527 23353 -22601
-4595 2709 -980 28810 18491 -22012
-4357 3477 -792 27576 12696 -22015
-4035 4416 -253 24887 8471 -22464
-3698 4843 251 22195 5620 -22067
-3409 4824 659 17282 298 -19958
-3199 4642 800 12333 -5809 -16138
-2864 4274 754 9687 -9493 -12983
-2772 4051 606 7478 -13550 -8376
-2479 3575 534 6956 -14050 -4591
-2234 3056 638 6987 -13035 -2749
-1964 2716 748 6951 -11212 -688
-1512 2051 809 6929 -10307 490
-1047 1504 727 7011 -10026 600
-824 1249 603 7765 -10600 260
-650 876 268 9658 -11663 -1378
-397 582 140 11311 -11317 -2754
-274 319 100 13962 -7963 -4957
-307 -161 -7 15973 -3813 -6600
-97 -452 -104 19392 4384 -9047
-1553 -949 154 22182 11308 -13526
626 -788 -526 24358 13771 -14050
411 -802 185 25663 17166 -14816
218 -1048 649 24867 20630 -16147
140 -1413 348 21861 23330 -18936
157 -1715 435 18924 19731 -21267
368 -2422 445 16453 14732 -22131
588 -2891 385 12957 6616 -21672
670 -3272 28 11214 1487 -20499
557 -3524 -283 10591 -5369 -18166
403 -3927 -714 12048 -10590 -15484
100 -3979 -1038 13816 -13065 -13983
-307 -3890 -1134 16720 -14883 -13493
-989 -3762 -1248 19232 -15033 -15572
-1473 -3691 -1323 21493 -13670 -19281
-1739 -3637 -1270 22873 -11599 -22118
-1827 -3532 -1249 25093 -7548 -26246
-1844 -3393 -1207 26775 -5356 -28488
-1807 -3354 -1127 29331 -3761 -30641
-1818 -3204 -1074 31782 -4688 -31449
-2046 -3074 -1132 32767 -6504 -31539
-2205 -3083 -1150 32767 -9520 -31081
-2601 -3162 -880 32767 -8156 -30318
-2793 -3020 -653 32767 -4278 -29155
-2979 -2825 -482 32767 2884 -26194
-3245 -2594 -273 30412 7194 -23493
-3358 -2388 -139 26491 11481 -18085
-3502 -2111 62 23196 12558 -11555
-3849 -2004 466 21220 11869 -7226
-4188 -1685 658 18182 9275 -1859
-4810 -1032 905 16249 7468 544
-5199 -597 1002 14228 4393 2674
-5660 -35 1120 14186 2346 3672
-5918 485 990 17843 -1584 5101
-6067 1143 727 26421 -6303 7167
-6101 1781 505 32767 -8844 8857
-6352 2029 314 32767 -9709 10921
-6607 2012 2 32767 -3985 12996
-7432 1967 -1042 32767 3978 15856
-8184 1381 -2202 32767 3144 19010
-8880 485 -3043 32767 1925 23074
-9568 -582 -3434 32767 4810 32767
-11086 -2225 -3649 17855 14347 32767
-11703 -3802 -4195 -773 17913 32767
-10888 -4501 -4307 -25704 18443 32767
-9716 -5186 -3813 -32768 19296 32767
-9255 -5585 -2750 -32768 20282 32767
-8626 -6062 -1956 -32768 26051 32767
-7145 -7264 -512 -32768 32767 32767
-6150 -8891 280 -32768 32767 32767
-4292 -9922 2370 -32768 32767 32767
-1040 -11225 3440 -32768 32767 32767
2958 -11639 3106 -32768 21329 32767
4718 -11490 1931 -32768 8206 32767
5914 -10984 175 -22411 7282 32767
6088 -10187 -437 -10851 15242 32767
5396 -9132 -78 -8744 30135 12047
4003 -6822 864 -12371 32767 -27054
2530 -4547 1893 -13954 32767 -32768
1100 -2994 2624 -13639 32767 -32768
-1382 -1291 2826 -11969 32767 -32768
-2960 -810 2892 -8051 25616 -32768
-3954 -418 3271 -4581 27448 -32768
-6229 39 3146 -2114 32767 -26777
-7386 546 2667 2187 32767 -15931
-7223 857 2368 5577 32767 -8789
-6271 1277 2007 6470 32767 -4979
-5491 1515 1987 4947 32767 -282
-4459 1733 2035 1004 32767 3004
-3491 1622 1854 -1728 32767 4461
-3108 1457 1273 -3148 32767 4700
-2838 1270 437 -243 32767 1868
-2607 792 268 2816 32767 -1401
-2489 405 370 7597 32767 -7483
-2245 -153 610 10495 32767 -11833
-2062 -452 749 14040 32767 -17989
-1720 -694 767 16986 32767 -22991
-1416 -823 690 18790 28393 -25269
-1062 -1004 546 21256 18041 -27438
-885 -1127 437 22716 10346 -28372
-817 -1200 398 24309 -1535 -29468
-667 -1368 330 24971 -9215 -29862
-583 -1501 181 25910 -19500 -30032
-579 -1703 -87 27284 -26724 -30206
-710 -1793 -332 28476 -28849 -30648
-800 -1796 -475 30814 -27764 -32045
-930 -1843 -606 32767 -24034 -32768
-1063 -1992 -752 32767 -21622 -32768
-1104 -1990 -764 32767 -19167 -32768
-1218 -1971 -676 32767 -18842 -32768
-1367 -2062 -536 32767 -19845 -32768
-1457 -2094 -323 32767 -21212 -32768
-1559 -2074 -171 32767 -20927 -32768
-1701 -2195 193 32767 -19618 -32768
-1700 -2305 309 32767 -15785 -32768
-1985 -2239 462 30107 -10565 -32768
-2647 -2090 276 27435 -7736 -32768
-2958 -1980 71 24499 -4543 -32768
-3156 -1920 105 22433 -341 -32768
-2985 -2400 471 21299 3490 -32768
-2881 -2815 634 20181 10023 -27689
-2966 -2985 640 20100 13801 -22204
-3199 -2694 539 20578 16514 -15573
-3513 -2080 380 20878 16073 -12683
-3587 -1714 284 21034 13992 -9985
-3487 -1144 119 21068 12839 -8620
-3257 -856 163 20519 12683 -6158
-2880 -413 271 18915 13537 -2699
-2687 -20 333 17319 13291 -138
-2735 153 413 13831 10606 3452
-2999 579 434 10980 7737 5161
-3124 837 425 6482 4078 7411
-3123 705 350 3947 3597 9456
-3128 436 304 1333 6349 13522
-3579 307 111 256 8145 16238
-4203 -19 9 -828 9070 19207
-4634 -310 -167 -2100 8937 21433
-4593 -858 -596 -3144 6450 24063
-4623 -1194 -798 -3510 -549 27572
-4980 -1276 -749 -4728 -8970 29547
-5505 -1588 -738 -5754 -13989 29788
-5784 -1997 -1051 -4293 -18451 30224
-6942 -2744 -2067 991 -18294 30669
-8319 -3494 -2658 14855 -11959 31106
-8814 -4015 -2539 29942 -973 32767
-8676 -5071 -1732 32767 6556 32767
-8532 -5801 -1369 32767 9792 32767
-9105 -6682 -1306 32767 -1239 32767
-10030 -7730 -1436 32767 -6548 32767
-10527 -8767 -1551 23623 3586 32767
-10550 -9867 -1604 10684 16643 32767
-10266 -10231 -1282 -12146 23196 32767
-9564 -10193 -731 -31831 17183 32767
-9144 -9925 -94 -32768 13252 32767
-4648 -6517 1838 -32768 15053 32767
-5096 -5418 360 -18798 -3201 32767
-4690 -5284 -99 -5597 -5717 32767
-4316 -5361 146 12682 3588 32767
-2950 -5749 1022 24983 20465 32767
-1843 -5657 1879 29366 30388 32767
-1477 -5305 2385 30607 32767 31200
-1299 -4566 2963 28546 32767 29003
-1262 -4032 3165 23168 32767 23897
-1168 -3423 3286 17190 32507 17425
-1271 -2868 3199 13794 27761 12593
-1367 -2477 3166 10083 23686 5105
-1428 -2026 3072 8360 23959 -1777
-1526 -1558 2982 8419 25648 -5656
-1590 -1359 2824 9911 30030 -10776
-1460 -878 2484 11842 32767 -13273
-1304 -508 2250 15372 32767 -15330
-1240 75 1906 18608 32767 -16095
-1566 715 1886 19927 32767 -16761
-1957 1140 1972 19976 32767 -18780
-2315 1495 2184 18166 30886 -21611
-2347 1606 2663 15605 24875 -23254
-2372 1547 2712 10885 12487 -25158
-1505 1725 2377 8149 1107 -25079
-1373 1543 1730 6712 -18447 -24129
-1287 1021 480 8172 -29477 -23826
-1081 1094 0 13485 -32768 -23986
-1828 781 -987 21828 -32768 -28740
-3164 457 -394 27433 -32768 -32768
-2657 850 2 32610 -12193 -32768
-2134 1179 -162 32767 -223 -32768
-1877 1133 -779 32767 20804 -32768
-1834 1193 738 32767 32767 -32768
-1356 1174 357 32767 32767 -32768
-387 678 513 32767 32767 -32768
75 -415 -382 32767 32767 -32768
-246 -601 -529 32767 32767 -32768
-279 -797 -545 32767 21351 -32768
-191 -915 -668 32767 4399 -26477
-351 -899 -792 27794 -16068 -18729
-886 -964 -1096 23938 -27309 -15872
-1437 -1007 -1439 22798 -30315 -16649
-1654 -1044 -1602 22825 -31815 -20654
-1808 -1215 -1869 23642 -32303 -24234
-1863 -1362 -2023 25826 -31812 -29706
-1783 -1795 -2162 27737 -29570 -32730
-1771 -2240 -2260 31440 -22974 -32768
-1769 -2986 -2461 32767 -16545 -32768
-1623 -3322 -2385 32767 -3990 -32768
-1302 -3604 -2165 32767 7325 -32768
-1019 -3864 -1897 32767 11214 -30181
-909 -4182 -1645 32767 12152 -25809
-1226 -4542 -1525 32767 8192 -23753
-2134 -4550 -1699 32767 3188 -24813
-2742 -4567 -1677 32767 -4691 -29681
-3539 -4793 -1205 32767 -7001 -32768
-3949 -4506 -734 32767 -4031 -32768
-4408 -3763 -120 32087 3578 -32768
-4062 -2834 1146 27457 10671 -32768
-4086 -2433 1770 19960 23150 -32768
-4353 -2569 1760 17632 26204 -23095
-4631 -1619 1830 19168 22721 -12531
-4951 -972 1807 24597 13637 1751
-5852 -184 1723 29951 7784 8066
-6342 347 1446 32767 4678 13033
-6551 639 1031 32767 3250 15416
-6934 929 -45 32767 1282 17135
-7461 891 -1045 32767 -2641 21577
-8806 441 -2883 32767 -5011 25771
-10354 -252 -3979 32767 -8101 32767
-13134 -1298 -5087 32767 -4720 32767
-14009 -1735 -6180 15754 -178 32767
-14364 -1910 -8404 -1284 5893 32767
-15054 -2497 -8477 -7908 14312 32767
-14667 -3624 -7011 -20254 32767 32767
-12891 -5865 -3823 -31797 32767 32767
-11666 -7277 -1697 -32768 32767 32767
-10349 -9121 793 -32768 32767 32767
-9448 -9335 2535 -32768 32767 32767
-7862 -11751 3734 -32768 32767 32767
-6383 -11507 4768 -32768 32767 32767
-5200 -10880 4846 -32768 32767 32767
-3480 -10072 4318 -32768 32767 32767
-2032 -9359 3902 -21841 32767 32767
26 -8218 3630 -16055 32767 32767
989 -7491 3858 -11931 32767 32767
1497 -6345 4170 -11371 31201 32767
1221 -5316 4136 -11314 25468 32767
723 -4578 3806 -9232 20324 22017
337 -3650 3123 -5484 20023 7627
227 -3061 2910 2802 23529 -6531
-130 -2315 3011 10497 27635 -12063
-798 -1895 3341 13524 29638 -12759
-1271 -1741 3565 13678 31539 -11712
-1725 -1593 3757 9401 31534 -9924
-2172 -1265 3402 5778 29819 -9583
-2374 -1028 3015 1516 26382 -10689
-2240 -723 2610 -283 26600 -11593
-1920 -363 2379 -2191 30428 -12145
-1716 -242 2271 -4057 32767 -11638
-1580 -94 1814 -4877 32767 -11193
-1573 -29 1371 -4202 32767 -11299
-1647 107 629 -873 32767 -12666
-1826 250 -59 2604 32767 -14395
-1926 299 -376 9041 32767 -17856
-2091 368 -765 13777 31564 -20538
-2151 463 -963 21007 28623 -24642
-1994 464 -1058 25567 26091 -26983
-1677 363 -1131 31865 21649 -29268
-1465 247 -1158 32767 17148 -30496
-1179 80 -1060 32767 14552 -30979
-864 -218 -922 32767 10989 -31136
-620 -431 -799 32767 7123 -30958
-550 -577 -643 32767 3399 -31721
-408 -763 -419 32767 649 -32648
-486 -893 -479 32767 -3010 -32768
-59 -735 320 32767 -5718 -32768
-299 -1856 -372 32767 -9011 -32768
-604 -2115 -531 32767 -16779 -32768
-1192 -1666 -805 32767 -23710 -32768
-1370 -1640 -731 32767 -26353 -32768
-1405 -1740 -470 32767 -26772 -32768
-1050 -1892 -225 32767 -25006 -32768
-685 -2208 -158 28638 -22709 -32768
-772 -2447 -368 23550 -23801 -32768
-1133 -2659 -464 20033 -24811 -32768
-1778 -2998 -265 18048 -21436 -32768
-2387 -3324 -187 17932 -16091 -30842
-2978 -3510 54 18704 -4030 -28925
-3244 -3978 131 19949 5302 -28844
-3242 -4427 38 23611 18093 -29862
-3298 -4550 -15 26817 24479 -31439
-3485 -4089 2 31015 28700 -32768
-3947 -3004 141 32441 27732 -32768
-4226 -2412 215 32477 23115 -32768
-3909 -2187 221 31532 19530 -32768
-3169 -2397 297 30802 18406 -32768
-2790 -2518 289 28932 15791 -32768
-2778 -2147 418 26529 12492 -32768
-2909 -1755 550 21001 7533 -30326
-3131 -1274 545 17070 5921 -24369
-3466 -841 453 12654 6833 -16815
-4204 -154 394 10497 10984 -11835
-4729 148 575 9584 15072 -9262
-4905 269 634 8449 22220 -4668
-5023 405 637 7797 26516 -366
-5362 483 435 7635 30121 7574
-6484 385 147 8161 29937 12407
-7231 -54 -460 10178 25958 19363
-7740 -250 -574 12188 13546 27151
-7448 -1250 -391 12263 3643 32767
-7416 -1774 -529 12078 -8497 32767
-8154 -2642 -1927 17143 -15401 32767
-9413 -3519 -3654 24611 -16198 32767
-9969 -4430 -3932 32767 -11781 32767
-10110 -6240 -3348 32767 -6956 32767
-10417 -8256 -2539 32767 1267 32767
-11151 -9486 -2383 27490 7412 32767
-12076 -11042 -2434 18013 8183 32767
-11906 -11944 -2414 2382 5603 32767
-11377 -12891 -1750 -13408 7758 32767
-11523 -13049 -1138 -22149 12857 32767
-11514 -12940 -773 -29128 23068 32767
-10728 -12657 61 -29516 28669 32767
-9991 -12366 868 -25981 31473 32767
-9197 -11875 2474 -23421 30431 32767
-8765 -12243 3578 -23864 15427 32767
-7552 -11733 7170 -22772 15791 32767
-6499 -10958 5984 -32768 10349 32767
-5981 -10740 5425 -32768 -8943 32767
-5673 -10306 3510 -32768 -25964 32767
-5946 -10137 2224 -32768 -24306 32767
-5822 -9896 1914 -32768 -10931 32767
-4379 -9727 1714 -25281 1248 32767
-3051 -9312 1538 -12590 21497 32767
-1743 -8184 1242 1288 32767 32767
-828 -7320 1325 10820 32767 32767
-613 -6662 1668 22489 32767 32767
-774 -5916 2277 28994 32767 29079
-951 -5228 3085 29992 32767 26187
-980 -4905 3620 27070 32767 22028
-1133 -4259 4149 23127 32767 19516
-1156 -3842 4284 16458 32767 16471
-1129 -3300 4142 10969 32767 14682
-1350 -2833 3659 8272 32767 12948
-1699 -2316 3344 7921 32767 11442
-1741 -1950 2965 10031 32767 9554
-1592 -1233 2435 14330 32767 8183
-1490 -452 2231 17233 32767 7061
-1635 -27 2095 32767 25903 -32768
-941 1881 908 32767 29422 -32768
-876 1593 568 32767 26279 -32768
-796 1417 361 32767 14150 -32768
-275 793 108 32767 4615 -32768
100 231 13 32767 -7858 -32768
257 -233 -75 32630 -14419 -32768
-1529 -1897 -1199 32098 -245 -32768
-1518 -2264 -1255 32767 4701 -32390
-1416 -2917 -1217 32767 8408 -29969
-1260 -3430 -1098 32767 10739 -27238
-1032 -3866 -1205 32767 11131 -21641
-1296 -4061 -1521 32767 8780 -18094
-1433 -4256 -1539 32767 5045 -13652
-1572 -4532 -1560 32767 4558 -11251
-1700 -4690 -1509 32767 7797 -8621
-1717 -4944 -1301 32490 14429 -6751
-1704 -5220 -1091 31798 19859 -5886
-1934 -5277 -1001 30930 28065 -6197
-2373 -4814 -1029 30477 32317 -7637
-2641 -4367 -1116 30594 32767 -10792
-2588 -3812 -1080 31425 30147 -12918
-2461 -3146 -889 31821 25980 -13150
-2359 -2759 -689 31434 19153 -11583
-2189 -2341 -446 29746 13024 -7762
-2191 -2087 -414 28271 9332 -4472
-2376 -1832 -408 26093 5737 498
-2694 -1542 -405 24626 4721 3365
-3005 -1213 -339 21986 4147 6079
-3485 -670 -159 18505 3233 6962
-3929 6 -12 15870 1725 7144
-4079 315 -118 13145 -1692 8563
-4259 619 -527 13156 -3199 10787
-4499 932 -888 15802 -4548 15096
-5278 1614 -1653 20997 -8660 18547
-6020 2039 -2289 25536 -11657 19741
-6437 2263 -2712 32767 -13926 20465
-6845 2073 -3139 32767 -12315 21191
-6968 1767 -3319 32767 -3731 24435
-6932 1204 -3651 32767 2745 28489
-6872 765 -3906 32767 6649 32767
-6710 -253 -4590 32767 800 32767
-7057 -1568 -5542 32767 -3205 32767
-7476 -2606 -6227 26664 1684 32767
-8254 -4431 -7333 16223 14132 32767
-8963 -6174 -7440 6761 24588 32767
-9411 -7307 -6952 -12879 32767 32767
-9394 -8357 -4982 -30031 32767 32767
-9149 -8802 -3541 -32768 32767 32767
-8747 -8955 -1592 -32768 32767 32767
-8504 -9086 -38 -32768 32767 32767
-8506 -9239 846 -32768 32767 32767
-8322 -8023 4749 -32768 32767 16286
-6888 -10391 5697 -32768 32767 32767
-7084 -9552 5768 -32768 32767 32767
-6203 -10006 6700 -32768 32767 32767
-5377 -9416 5464 -32768 23625 32767
-4066 -9251 4593 -32768 19148 32767
-3380 -8774 4010 -32768 23258 32767
-2599 -8202 3343 -32768 28803 32767
-1932 -7489 3007 -32768 32767 32767
-1362 -7076 2959 -25184 32767 32767
-422 -6414 3171 -18608 32767 32408
74 -5474 3369 -12122 32767 24557
2 -4871 3323 -6944 32767 19572
-404 -4100 3419 -1894 32576 14654
-999 -3340 3499 1016 27897 11199
-1426 -2976 3548 4312 25451 6422
-2026 -2453 3523 6371 27850 3137
-2980 676 -391 14200 32767 75
-2572 814 -521 18727 32767 -2280
-1903 915 -665 21391 32767 -3574
-1514 944 -760 25065 28525 -5283
-1112 931 -890 28744 22238 -7233
-853 930 -1000 31372 17468 -8917
-813 919 -970 32767 9230 -12507
-770 858 -946 32767 2516 -15454
-664 760 -915 32767 -8812 -20066
-444 557 -875 32767 -19178 -24213
-263 374 -880 32767 -24839 -26551
-187 225 -943 32767 -31735 -29395
-95 -90 -1137 32767 -32768 -30924
-67 -252 -1297 32767 -32768 -32768
-250 -396 -1451 32767 -32768 -32768
-470 -707 -1468 32767 -32768 -32768
-540 -921 -1381 32767 -32768 -32768
-748 -1119 -1281 32767 -32768 -32768
-903 -1194 -1219 32767 -32768 -32768
-1036 -1421 -999 32767 -32768 -32768
-1071 -1876 -735 32767 -32768 -32768
-1104 -2147 -587 32767 -32768 -32768
-1488 -2402 -305 32767 -32768 -32768
-1923 -2763 -73 32767 -27383 -32768
-2108 -2829 116 32767 -15527 -32768
-2345 -2640 282 30186 -7442 -32768
-2498 -2582 195 22527 1282 -32768
-2335 -2689 -13 16566 6152 -32768
-2168 -2881 -207 13791 8476 -32768
-2275 -2909 -416 11725 12106 -31004
-2576 -3092 -643 12055 16696 -29438
-2669 -3600 -798 13521 20527 -29046
-2711 -3913 -782 16690 26403 -29026
-2882 -3873 -658 18762 28496 -29575
-3091 -3449 -533 20651 26517 -31744
-3512 -2465 -352 20814 22040 -32768
-3572 -1880 -129 19307 14367 -32768
-3545 -1544 393 17276 11457 -32768
-3536 -1378 613 13922 12113 -32768
-3673 -822 833 12032 15508 -32768
-3830 -321 905 10301 22720 -32768
-3684 238 1056 10089 28788 -30260
-3856 618 1264 10027 28967 -24137
-4182 681 1370 9419 23124 -13429
-4900 555 1426 8854 18432 -6031
-5508 490 1197 9388 14835 3979
-6586 304 459 13845 17041 11346
-7270 303 15 18276 21641 15232
-7165 257 97 23686 25137 22764
-6535 6 523 25078 19660 30087
-6388 -439 424 25968 1381 32767
-7194 -1308 -596 28608 -12141 32767
-8339 -2284 -1195 32767 -23091 32767
-9895 -3788 -1771 32767 -19766 32767
-10310 -4735 -1875 32767 -3947 32767
-9980 -5999 -1611 32767 11033 32767
-10559 -7456 -1842 32767 8004 32767
-11288 -8726 -2318 30471 -6629 32767
-12963 -11009 -3766 17998 -8319 32767
-14205 -12880 -4341 1227 8499 32767
-15306 -15276 -3991 -9269 22726 32767
-14913 -16180 -2669 -24165 32767 32767
-14000 -16217 -1633 -32768 32767 32767
-13129 -15602 52 -32768 32767 32767
-12481 -14870 1363 -32768 32767 32767
-12119 -14232 2128 -32768 32767 32767
-15488 -13981 -2836 -20662 27234 32767
-10562 -12856 4579 -18537 32767 32767
-11451 -10652 6239 -18624 32767 32767
-10874 -9995 8761 -27312 32767 32767
-10033 -7601 8489 -31287 32767 32767
-8627 -6926 7775 -29309 25362 32767
-6392 -6756 6554 -19415 24754 32767
-5070 -6681 5778 -10928 26090 32767
-4723 -6434 5505 407 28562 32767
-4332 -6102 5294 8312 31912 32767
-3130 -5965 5438 11307 32767 32767
-2832 -5775 4793 15421 32062 32767
-2107 -5036 4170 19814 31102 23367
-1548 -4470 3962 21729 32767 14350
-1260 -4029 3990 22138 32767 2628
-1030 -3203 4111 20489 32767 -4069
-1001 -2654 4043 16262 32767 -12660
-1239 -1971 3770 11811 32767 -20075
-1315 -1490 3202 9087 32767 -25987
-1260 -938 2811 8223 32767 -28844
-1355 -602 2618 7811 32767 -31648
-1555 -141 2073 8587 32767 -32768
-1797 473 1242 9870 32767 -32768
-2009 829 703 12421 32767 -32559
-2388 1190 276 14387 32767 -31654
-2160 1672 221 15595 32767 -29327
-2154 1709 -86 16198 32767 -23166
-1995 1586 96 15980 18344 -15274
-1950 1531 179 15908 11070 -10171
-1923 1612 -88 17759 3280 -3992
-1655 1719 -698 21159 -977 -956
-1345 1716 -1009 29502 -5093 1836
-1009 1591 -1109 32767 -5248 2082
-921 1393 -1017 32767 -1006 -579
-1385 942 -282 32767 4903 -7177
-1330 1044 479 32767 8157 -12634
-977 1124 976 32767 7101 -18797
-463 727 -144 32767 2123 -21687
-1380 319 128 32767 -10214 -30089
-1198 309 -226 32767 -21357 -32768
-666 424 414 32767 -17922 -32768
-356 89 495 32767 -10497 -32768
81 -628 40 32767 -5997 -32768
-421 -704 -481 32767 -3507 -32768
-407 -773 -789 32767 -8328 -32768
-322 -973 -1147 32767 -14710 -32768
-340 -831 -1115 32767 -23806 -32768
-413 -766 -1041 32767 -28630 -32478
-563 -961 -1187 32767 -30303 -30672
-979 -1413 -1444 32767 -31974 -29442
-1237 -1899 -1472 32767 -31565 -29452
-1390 -2375 -1576 32767 -29870 -29676
-1443 -3188 -1874 32767 -25063 -29490
-1447 -4198 -2243 32767 -20198 -28813
-1527 -4827 -2340 32767 -11107 -27289
-1645 -5579 -2361 32767 -5295 -25999
-1616 -5884 -2231 23260 21869 -32768
-1236 -2560 -917 21118 18380 -31830
-1414 -2488 -769 19742 16329 -29123
-1789 -2238 -466 17757 15371 -25201
-2787 -2013 248 15299 16088 -23108
-3718 -1839 688 13937 16720 -22516
-4341 -1798 775 13474 19984 -21675
-5079 -1464 1123 14064 24889 -20011
-5176 -1186 1407 15429 30695 -12278
-5238 -797 1566 17217 31453 -2920
-5862 -229 1198 26454 23057 18183
-7161 423 607 32767 11497 26420
-7845 593 303 32767 841 27866
-7811 618 164 32767 -2261 28512
-7713 411 -379 32767 -130 32665
-7937 72 -1048 32767 2140 32767
-8888 -816 -2287 32767 -3519 32767
-9736 -1737 -3100 32767 -13710 32767
-11642 -3325 -4162 28004 -24704 32767
-13161 -4353 -6076 13886 -19914 32767
-13745 -5066 -7829 248 1153 32767
-14804 -5874 -8751 -4269 16945 32767
-14978 -6674 -7718 -12602 32767 32767
-14198 -8138 -4605 -29417 32767 32767
-12816 -9892 -1054 -32768 32767 32767
-11644 -11716 1954 -32768 32767 32767
-10911 -12963 3668 -32768 32767 32767
-10316 -13432 5783 -32768 32767 32767
-6235 -13954 7816 -32768 32744 32767
-6592 -12465 7390 -32768 32767 32767
-5526 -11576 7017 -32768 32767 32767
-2883 -10589 6206 -20052 32767 32767
-1253 -9898 5475 -3000 32767 32767
-224 -8464 4425 8826 32767 32767
156 -7437 3635 14202 32767 32767
560 -6861 3269 18623 32767 32767
1055 -6059 2866 18152 32767 21090
1297 -5127 3002 14709 28132 11894
1193 -4436 3002 6779 19673 1715
731 -3460 2781 1707 15077 -3388
154 -2835 2762 -4530 12554 -10333
-846 -1823 2582 -7278 13120 -15033
-1131 -1347 2448 -7541 17063 -19313
-1187 -942 2646 -4421 25043 -18825
-1494 -556 2906 -1767 30160 -16919
-1797 -241 3082 1389 32767 -13950
-2113 -39 3179 2966 32767 -11264
-2228 84 3189 3083 32767 -9799
-2194 93 3045 2387 32767 -8207
-2087 161 2552 1989 32767 -7627
-2026 179 2061 2335 32767 -7492
-1956 287 1168 3544 32767 -8015
-1909 406 332 6826 32767 -9920
-1844 515 -129 11273 32767 -12717
-1724 525 -490 14606 32767 -14760
-1480 355 -875 19964 32767 -17600
-1387 237 -1201 23946 32767 -19620
-1356 205 -1441 30952 32767 -23137
-1267 92 -1795 32767 32767 -26618
-1062 -21 -1840 32767 32767 -29320
-695 -178 -1769 32767 32103 -30268
-491 -379 -1659 32767 22624 -30558
-382 -653 -1513 32767 13745 -30618
-440 -838 -1485 32767 -1183 -31415
-484 -1081 -1501 32767 -15710 -32768
-433 -1301 -1599 32767 -24377 -32768
-412 -1471 -1616 32767 -32768 -32768
-628 -1778 -1633 32767 -32768 -32768
-654 -2154 -1681 32767 -32768 -32768
-921 -2321 -1555 32767 -32768 -32768
-1335 -2617 -1502 32767 -32768 -32768
-1608 -2870 -1434 32767 -32768 -32768
-2018 -3090 -1159 32767 -32768 -32768
-2251 -2958 -898 32767 -32721 -32768
-2315 -2870 -824 32767 -26527 -32768
-2157 -3131 -825 32767 -22274 -32768
-3501 -2749 577 17762 12077 -32323
-3323 -2513 673 16046 10305 -32768
-2958 -2318 511 13909 9190 -31720
-2821 -2203 322 13059 9527 -28686
-2862 -2002 23 13635 10232 -25250
-3127 -1628 -120 14684 11162 -22711
-3326 -1169 -173 15344 11775 -21552
-3393 -867 -51 15501 12857 -19905
-3353 -372 266 14636 14027 -18544
-5907 347 1337 -874 7078 19426
-6582 -452 1375 36 3654 27196
-7201 -1014 951 4163 990 32767
-8323 -1571 -416 17658 -2907 32767
-9516 -2154 -1565 32767 -4808 32767
-9978 -3763 -1735 32767 -2879 32767
-9925 -4722 -1765 32767 -1527 32767
-10053 -6513 -1802 32767 396 32767
-11292 -8239 -1952 32767 4471 32767
-12549 -9840 -2058 32767 11077 32767
-14355 -12744 -2096 26797 20279 32767
-14544 -15213 -1745 7707 31393 32767
-14616 -16735 -1296 -20033 32767 32767
-12540 -15463 1562 -32768 32767 32767
-11878 -13719 2647 -32768 32767 32767
-11363 -13048 3580 -30403 32767 32767
-11378 -12797 6380 -11030 32767 32767
-11059 -10920 8281 -20429 32767 32767
-9822 -9832 9020 -28623 32767 32767
-8893 -8566 7885 -32562 16233 32767
-7861 -7836 6439 -25626 5088 32767
-6328 -7630 6068 -19464 9172 32767
-5488 -8389 5980 -12452 10861 32767
-4768 -7722 5653 -7587 8621 32767
-4013 -6829 3488 5723 15426 32767
-3178 -6541 2437 16950 32767 24422
-2216 -5795 2376 25192 32767 14972
-1757 -5144 2846 31158 32767 4473
-1277 -4317 3739 30014 32767 -1557
-1312 -3534 4071 26772 32767 -4542
-1383 -3016 4016 20669 32767 -8747
-1459 -2526 3719 16896 32767 -11173
-1727 -1993 3258 12488 32767 -14665
-1872 -1606 2961 9865 32767 -18217
-1894 -1167 2459 9324 32767 -20736
-1873 -802 2076 9990 32767 -21438
-1709 -458 1913 11529 32767 -20749
-1730 159 1693 12355 32767 -19839
-1725 603 1313 13649 32767 -18378
-2354 1371 775 14712 32767 -18308
-3009 2025 502 16676 20877 -21326
-3890 2809 608 17959 12143 -25109
-4252 3054 978 18407 4999 -31586
-4377 3375 982 18770 2204 -32768
-4005 3548 572 20164 1477 -32768
-3443 3750 387 23150 77 -32768
-2171 3063 370 26760 -7 -32334
-1894 2778 391 28831 -74 -26570
-1763 2447 512 29571 -1169 -23300
-1530 2006 824 29347 -4093 -20140
-1388 1414 873 28588 -7972 -19559
-1466 731 629 28547 -9202 -20921
-1552 827 504 29260 -8669 -25492
-1811 659 505 29502 -7660 -30060
-962 652 -76 31347 -6841 -32768
-581 833 249 32211 -2401 -32768
96 338 330 32399 1087 -32768
14 -133 -162 32767 4993 -32768
-217 -282 -336 32767 8193 -32768
-242 -72 -274 32767 11480 -32768
-241 -127 -464 32767 11503 -32768
-204 -351 -511 32767 7493 -32768
-147 -708 -610 32767 3828 -32768
-116 -915 -623 32767 -336 -32768
-4 -1272 -697 32258 -1759 -31139
45 -1515 -826 30262 -3989 -25669
-65 -1991 -1106 29247 -6853 -22319
-251 -2272 -1318 28138 -12344 -18540
-696 -2941 -1759 27980 -15276 -17196
-1117 -3469 -2051 28959 -15364 -17468
-1743 -4270 -2326 30711 -7932 -20180
-1922 -4922 -2315 32316 4062 -23069
-1704 -5249 -2196 32767 11230 -23937
-1507 -5365 -1974 32459 18223 -23534
-1426 -5325 -1675 31380 20052 -22642
-1567 -5215 -1569 29476 18379 -21538
-1804 -4960 -1450 28744 15074 -21042
-2072 -4741 -1323 28813 9847 -20954
-2612 -4377 -1102 29859 6403 -22003
-3068 -3790 -657 30229 6625 -23122
-3354 -3186 -251 29073 10893 -24787
-3585 -2315 156 26261 15145 -24586
-3386 -1819 685 23862 17025 -22239
-3308 -1622 1013 20357 19169 -15416
-3633 -1441 1213 19111 18709 -10129
-4256 -735 1089 19557 11176 -3454
-4566 41 992 23407 -1219 992
-4869 893 630 31570 -9211 4243
-5023 1306 271 32767 -9412 6022
-5695 2063 -474 32767 -5267 6981
-6415 2408 -1101 32767 -2290 6905
-7015 2229 -1729 32767 -1142 7982
-7458 1995 -2265 32767 -724 13293
-8778 1131 -3326 32767 -535 19351
-10069 240 -4049 32767 2532 31278
-12039 -1479 -4608 32767 7010 32767
-12398 -2473 -4392 27494 14324 32767
-12689 -3381 -3491 8738 17673 32767
-12306 -3760 -3258 -16342 22333 32767
-11476 -4056 -2468 -27503 25034 32767
-11027 -4126 -1640 -32768 28944 32767
-9789 -4581 -230 -32768 32767 32767
-8663 -5400 1066 -32768 32767 32767
-7916 -6236 2304 -32768 32767 32767
-7799 -3792 2931 -28437 32767 -23748
-5335 -7583 4486 -31949 32767 32767
-4197 -7250 5534 -32768 32767 32767
-3056 -8012 6158 -32768 32767 32767
-1798 -8035 5663 -32768 32767 32767
-426 -7679 4236 -32768 32767 32767
677 -7686 3613 -30644 32767 32767
855 -7059 2402 -17634 31075 32767
253 -5998 1775 -9097 31859 32767
165 -5187 1726 814 32767 32767
352 -4473 2036 5044 32767 17271
379 -3732 2279 8564 32767 -3823
312 -2515 3056 8764 32767 -19061
-154 -1402 3523 7702 32767 -25752
-693 -745 3524 6118 32767 -31264
-1501 -213 3103 5885 32767 -30232
-2354 -6 2994 5646 32297 -26568
-2705 312 2987 3961 32697 -18655
-3160 545 2584 2709 32112 -12210
-3677 761 2029 1490 29605 -3013
-3848 978 1653 1475 29278 3138
-3645 1228 1301 1782 31681 5520
-3396 1328 1134 2033 32767 7071
-2974 1442 954 1518 32767 6883
-2729 1469 852 783 32767 6021
-2303 1490 477 45 32767 4010
-1799 1434 -36 592 32767 2578
-1352 1245 -245 2920 32767 813
-602 741 -347 5358 32133 53
-238 499 -392 10045 28071 -1514
-254 235 -560 16034 24467 -5023
-82 -51 136 19751 21915 -8157
64 -388 -273 25691 14621 -13384
-757 -494 -528 32767 93 -22654
-1234 -225 -36 32767 -11809 -30757
-967 -615 -803 32767 -28908 -32768
-972 -713 -362 32767 -32768 -32768
-680 -736 -1048 32767 -32768 -32768
-802 -1163 -312 32767 -32768 -32768
-325 -1485 -799 32767 -32768 -32768
-778 -2475 -1143 32767 -32768 -32768
-1006 -2704 -1232 32767 -32768 -32768
-275 -2665 -1230 32767 -32768 -32768
-70 -2871 -1065 32767 -26163 -32768
-432 -2736 -1122 32767 -21675 -32768
-914 -2720 -1208 32767 -17933 -32768
-1516 -2796 -1250 32767 -15628 -32768
-1822 -2688 -1055 32767 -13145 -32768
-2131 -2831 -838 32767 -8208 -32768
-2716 -3062 -895 32767 -3634 -32768
-3310 -3183 -712 32767 -262 -32768
-3667 -3049 -423 32203 6998 -32768
-3785 -2797 -95 28643 15952 -32768
-3383 -3192 33 26446 22379 -32768
-3085 -3538 -1 24727 32767 -31129
-2880 -3676 -316 25107 32767 -28106
-2931 -3346 -639 27877 32767 -24611
-3097 -2935 -595 31008 32767 -23139
-3234 -2326 -285 32029 32767 -23049
-3026 -1875 230 30969 27891 -22721
-2967 -1505 624 26566 15734 -21372
-2900 -895 982 22365 8432 -19892
-3111 -531 971 16309 1473 -17877
-3584 -87 550 13699 296 -17167
-4180 466 475 11415 2271 -17171
-4492 722 545 10447 7193 -17109
-5047 1052 853 9848 11086 -16163
-5289 847 858 9356 16339 -11650
-5440 -5 922 9669 18229 -2115
-5661 257 775 10329 17333 6074
-6143 -89 896 10878 14431 17743
-7063 -466 691 11783 11973 25494
-7983 -691 -130 13816 11036 28154
-8449 -599 -628 18311 9282 30478
-8195 -1506 -1636 24749 6052 32767
-7834 -3156 -2240 29499 2558 32767
-8400 -4218 -2534 32767 -7249 32767
-9648 -6002 -3009 32767 -13418 32767
-10087 -7119 -3461 32767 -11833 32767
-10577 -8870 -4045 32767 1348 32767
