0 0 0 0 0 0
-466 -3239 -2558 32767 -14049 -2506
-550 -3398 -2540 32767 -14885 -2276
-811 -3496 -2755 32767 -14237 -2897
-954 -3513 -2817 32767 -10981 -4391
-1088 -3581 -2819 32767 -5322 -6342
-1251 -3662 -2810 32767 -1241 -7727
-1402 -3610 -2849 32767 3584 -10042
-1578 -3419 -2740 32767 6784 -12285
-1542 -3175 -2408 32767 8457 -13262
-1488 -2926 -2068 32767 9606 -13669
-1402 -2662 -1718 32767 9196 -13137
-1166 -2469 -1283 32767 8105 -10991
-921 -2310 -878 32767 7977 -8847
-895 -2176 -740 29616 8216 -5446
-909 -2066 -939 26170 7988 -3314
-973 -2023 -1170 23606 7533 -775
-1117 -1935 -1440 23485 7466 328
-1228 -1889 -1485 24594 8032 912
-1435 -1665 -1387 25529 8590 614
-1547 -1540 -1263 26584 8553 -295
-1629 -1476 -1017 26781 6678 -929
-1710 -1394 -739 26322 4635 -909
-1741 -1411 -603 25197 1271 95
-1811 -1537 -527 24531 -549 1489
-1885 -1618 -577 24261 -1814 4095
-2107 -1770 -699 25162 -907 6451
-2329 -1843 -733 26097 1095 7374
-2679 -1911 -747 27347 5695 7479
-2894 -1913 -651 27381 9462 6555
-3277 -1621 -385 26406 13345 4885
-3427 -1356 -222 23031 17371 1981
-3551 -1023 38 19734 18513 326
-3603 -856 181 13920 17945 -872
-3673 -613 193 8341 13832 -62
-3868 -317 167 5169 9040 1328
-4286 252 7 2444 2799 3074
-4680 675 14 -1356 -6562 5870
-5190 1271 77 -3695 -10696 7968
-5446 1457 46 -5819 -12014 12316
-5622 1658 -322 -4545 -9026 18679
-5793 1618 -957 -1270 -6132 23531
-5921 1503 -1409 6217 -4734 30252
-6178 1558 -1993 11850 -6256 32767
-6208 1426 -2194 19388 -8298 32767
-6034 1135 -2289 22964 -6288 32767
-5710 584 -2608 25741 2116 32767
-5502 201 -3006 25817 7833 32767
-5073 -579 -3771 23978 8330 32767
-4844 -1525 -4703 22061 3822 32767
-4554 -2397 -5439 18123 -3177 32767
-4984 -3468 -6105 13375 -4184 32767
-5466 -4280 -6333 1956 10334 32767
-6719 -5618 -6484 -8845 21945 32767
-7427 -6289 -5969 -29710 29479 32767
-7600 -7200 -4763 -32768 28389 32767
-7749 -7817 -2968 -32768 25886 32767
-7545 -7885 -1946 -32768 20930 32767
-7272 -7778 -814 -32768 17072 32767
-7728 -7487 106 -32768 31140 32767
-7850 -6127 2125 -32768 32767 32767
-6253 -7692 3292 -32768 32767 32767
-5774 -7823 3215 -32768 26108 32767
-4893 -7743 3185 -32768 10790 32767
-3412 -7241 3535 -32768 10432 32767
-2378 -6764 3709 -32768 16359 32767
-1292 -6033 3954 -32768 20014 32767
-532 -5424 3687 -32768 23364 32767
-78 -4792 3125 -32768 27356 32767
187 -4347 2823 -24311 32717 22558
-201 -4020 2915 -16162 32767 19353
-1058 -3803 3107 -6383 32767 17100
-2127 -3630 3545 -1432 32767 16352
-2635 -3623 3996 -1020 32767 16319
-2661 -3478 4145 -3425 32767 16491
-2374 -3269 4033 -5828 32767 16511
-2193 -3033 3785 -8856 32767 15672
-2201 -2640 3195 -9629 32767 12790
-2344 -2276 2468 -8441 32767 10126
-2451 -2055 2012 -4646 32767 5995
-2535 -1754 1381 463 32767 2498
-2541 -1493 1030 3786 32767 449
-2530 -1155 654 8078 32767 -2402
-2515 -995 456 10331 32767 -4205
-2424 -731 267 12817 32767 -6571
-2274 -573 191 13838 32767 -7684
-2004 -349 136 14668 32767 -8461
-1553 1875 -1484 32767 16514 -900
-1647 2082 -1482 32767 17959 713
-1616 2119 -1451 32767 17937 3483
-1353 2033 -1131 32767 16606 5793
-945 1806 -686 32767 12984 10067
-779 1622 -498 31569 7262 14641
-556 1403 -246 27006 3116 17412
-510 1264 -202 20620 -2806 20473
-535 1156 -194 15568 -8519 21673
-573 1126 -239 13158 -12192 21580
-600 1004 -283 10863 -16668 20361
-597 864 -322 10111 -18639 19044
-464 753 -351 9941 -20031 16770
-313 656 -337 10490 -20227 15344
-85 327 -542 13219 -20171 13230
-77 84 -744 16266 -20801 11349
-208 -75 -954 21848 -22896 7016
-579 -133 -1040 25727 -24013 2698
-811 -226 -975 30679 -24129 -5637
-1277 -547 -568 32767 -23351 -12178
-1603 -688 -329 32767 -23756 -22627
-1693 -840 -518 32767 -25866 -28621
-1565 -1016 -295 32240 -30640 -32768
-1299 -1633 -150 30105 -32768 -32768
-795 -2630 -390 29243 -32768 -32768
-723 -3164 -501 28658 -32768 -32768
-949 -3254 -396 27875 -32768 -32388
-1757 -2953 -183 25704 -32768 -32768
-2301 -2897 -398 24671 -32768 -32768
-2628 -2688 -889 24339 -26189 -32768
-2540 -2511 -1084 24775 -18499 -32768
-2278 -2461 -1139 25872 -7695 -32768
-2134 -2488 -994 26430 -1528 -32768
-2035 -2536 -691 26661 5237 -32768
-2040 -2609 -392 26238 8164 -32768
-2119 -2604 -124 24486 11752 -32768
-1957 -2754 -96 22505 13704 -32768
-1963 -3084 -249 21572 13890 -32768
-1978 -3353 -442 21041 12533 -32381
-2142 -3729 -541 20913 11105 -30519
-2239 -4207 -455 20345 8881 -27466
-2282 -4608 -200 19213 7604 -25049
-2299 -5013 43 17656 6273 -22408
-2308 -5111 -18 15618 4191 -18245
-2281 -5081 -189 14427 3045 -14073
-2226 -4909 -295 14229 2792 -11210
-2150 -4576 -396 14666 3905 -6933
-2027 -4212 -423 15377 6190 -4136
-1978 -3878 -405 16502 11423 -575
-1976 -3245 -349 17023 14594 1133
-1966 -2890 -251 17053 18056 2890
-1871 -2523 -36 16409 19670 3713
-1781 -2298 98 14504 20057 4678
-1664 -1903 216 11897 17548 5374
-1510 -1456 208 10136 14533 5909
-1404 -1233 132 8098 8797 6881
-1387 -816 -2 7184 5044 7402
-1476 -507 -62 6205 457 7521
-1649 -237 -80 5528 -1566 6993
-2010 132 -37 4652 -2638 5998
-2307 356 18 2700 -3315 4117
-2728 728 -49 696 -5369 3287
-3028 1004 -239 -170 -8148 4124
-3239 1090 -366 -391 -12727 7719
-3801 1375 -943 2259 -16066 12869
-4432 1639 -1587 6106 -15882 16431
-5277 1688 -2035 12487 -8016 22192
-6019 1500 -2362 15782 257 26446
-6296 1261 -2618 17978 7632 32767
-6275 708 -3157 17809 6657 32767
-6247 110 -3576 16271 20 32767
-6357 -1006 -4336 15146 -4200 32767
-6603 -1893 -4849 13546 -4881 32767
-7010 -3543 -5307 11606 -1260 32767
-7240 -5276 -5349 5178 5484 32767
-7231 -6532 -5400 -4568 7526 32767
-7360 -8304 -5564 -15033 8729 32767
-7759 -9858 -5284 -22296 11280 32767
-7962 -10607 -4792 -32768 16516 32767
-8221 -11430 -3751 -32768 17613 32767
-8201 -11712 -2979 -32768 13950 32767
-7770 -11459 -1967 -32768 10898 32767
-7505 -10811 -1533 -32768 10231 32767
-7456 -10356 -1702 -32768 15500 32767
-6660 -9308 -322 -32768 32767 32767
-7138 -10121 -834 -32768 32767 32767
-7307 -9060 615 -32768 32767 32767
-6659 -8686 1127 -32768 32767 32767
-5987 -8045 1763 -32768 32767 32767
-5730 -7552 1935 -32768 30517 32767
-5430 -6829 2024 -32768 26017 32767
-5015 -6070 1909 -32768 22402 32767
-4677 -5654 1807 -32768 24962 32767
-4099 -5175 1728 -32768 31297 32767
-3600 -4831 1683 -32768 32767 32767
-3223 -4641 1722 -27054 32767 32767
-2836 -4376 1759 -21109 32767 31142
-2503 -4073 1764 -15795 31783 27136
-2126 -3815 1772 -12664 31508 24764
-1867 -3617 1774 -8739 32767 22021
-1605 -3336 1719 -6622 32767 20602
-1488 -3144 1733 -4879 32767 18881
-1479 -2928 1864 -4632 32767 16589
-1683 -2593 1937 -4869 32767 14239
-1758 -2371 1919 -5061 32767 9942
-1802 -2020 1678 -4582 32767 6964
-1734 -1830 1576 -3255 30771 3095
-1743 -1473 1314 -1334 31715 -99
-1907 -1196 1098 114 32767 -1902
-1985 -994 982 2312 32767 -3808
-2102 -759 612 3990 32767 -4498
-2475 -493 291 6838 32767 -5612
-3128 -50 -63 10004 32767 -7444
-3367 307 -341 13719 26885 -9068
-3533 796 -483 16150 22362 -9784
-3644 1106 -481 19285 18264 -10473
-3460 1801 -658 22460 16478 -10221
-3207 2368 -916 24856 15925 -9229
-2966 2650 -919 28345 15182 -6591
-2886 2887 -835 30257 14040 -4681
-2881 3000 -747 32195 10164 -2328
-2912 3039 -595 32767 3357 -1014
-2775 2926 -508 32767 -1895 -485
-2555 2759 -522 32767 -9217 -29
-2251 2476 -617 32767 -14390 -59
-1872 2020 -593 32767 -15900 -412
-1707 1707 -329 32767 -15856 -1667
-1382 1161 229 32767 -14602 -2733
-1146 803 678 32767 -11586 -4442
-845 347 1078 32767 -8280 -6498
-765 226 894 32767 -7137 -8340
-698 234 671 32767 -7558 -11724
-544 186 245 32767 -8369 -14182
-751 -59 137 32767 -8833 -17903
177 48 -36 32767 -8414 -19860
-92 -57 80 32767 -7415 -21807
-163 -354 -366 32767 -5691 -24938
483 -392 -854 32767 1077 -26675
62 -266 -413 32767 10078 -29679
-249 -334 -1200 32767 13166 -32152
-174 -721 -1486 32767 11984 -32734
-117 -838 -1581 32767 8279 -31517
172 -1167 -1584 32767 3127 -27600
182 -1592 -1582 32767 -706 -24211
128 -1949 -1588 32287 -5686 -18667
-33 -2737 -1614 29370 -7476 -15086
-228 -3329 -1704 25633 -7085 -10734
-656 -4100 -2053 24342 -5134 -8954
-1471 -3492 -1263 32746 14224 -13193
-1463 -2993 -1239 30136 16728 -13284
-1380 -2540 -1240 28660 17681 -13060
-1263 -2314 -1241 27056 18379 -12125
-1147 -1994 -1150 25697 18226 -10695
-1095 -1717 -1011 24770 17264 -9614
-1060 -1604 -953 23436 14719 -8052
-1127 -1386 -865 22564 12569 -7180
-1237 -1205 -829 21248 9100 -6428
-1430 -1018 -909 20686 7035 -6070
-1506 -955 -914 20205 6195 -5385
-1590 -947 -917 20050 7253 -4329
-1624 -1016 -950 20128 8112 -3173
-1686 -1169 -917 20376 9193 -854
-1796 -1326 -918 20893 9690 1629
-2048 -1657 -973 21913 9219 3853
-2309 -1969 -1017 22738 8571 5143
-2483 -1965 -902 23290 8799 6494
-2783 -1786 -470 22050 10946 7214
-3031 -1629 -105 20356 12318 7672
-3232 -1582 35 17445 14219 8396
-3550 -1595 109 15697 15954 8841
-4150 -1395 28 14005 18635 8607
-4761 -1162 -22 12956 18971 6764
-5291 -506 10 12045 16823 5470
-5552 178 88 9791 9752 5226
-5500 319 56 6829 776 9166
-5227 501 -121 5022 -4032 14345
-5205 622 -428 3772 -7823 23928
-5726 672 -1116 5520 -7408 31611
-6273 499 -1720 9940 -5745 32767
-6335 335 -1938 13427 -6276 32767
-5923 66 -2125 18460 -11344 32767
-5267 -62 -2452 21464 -14345 32767
-4801 -363 -2668 24497 -11018 32767
-4754 -833 -3225 24930 -1324 32767
-4651 -1736 -3614 22812 5130 32767
-4671 -2393 -3921 15443 9610 32767
-4815 -3693 -4724 4567 8848 32767
-5235 -5045 -5537 -3759 9262 32767
-5467 -5887 -5899 -17403 15488 32767
-5857 -6714 -5809 -32580 21452 32767
-6101 -7263 -4861 -32768 22166 32767
-6288 -7356 -3967 -32768 19832 32767
-6755 -7440 -2635 -32768 17900 32767
-7134 -7481 -2013 -32768 19724 32767
-7253 -7635 -1510 -32768 32767 32767
-858 -4157 4209 -32768 32767 32767
-736 -3730 4011 -30987 32767 27018
-841 -3432 3874 -21425 30615 23097
-1536 -3103 3824 -13636 29491 19484
-2352 -2854 3952 -8606 30071 15250
-2649 -837 -5 1933 32428 -12079
-2595 -705 -289 3217 28790 -16008
-2367 -363 -602 4088 26800 -17867
-2214 -183 -687 5162 24816 -19595
-1989 -46 -725 6240 24559 -19956
-1761 62 -769 7133 24627 -19503
-1703 175 -817 8959 23537 -18424
-1601 350 -831 10388 22088 -17548
-1555 433 -771 12726 19441 -16004
-1419 519 -658 14287 17638 -14755
-1350 579 -585 16623 14598 -12691
-1231 653 -510 18162 12217 -11236
-1129 682 -489 20583 8852 -9201
-1016 733 -478 23228 6790 -7577
-971 741 -456 25087 6325 -6825
-2254 153 -559 32767 -29589 -21429
-1953 -35 -247 30561 -24973 -17737
-1453 -205 88 27464 -19137 -13273
-1145 -331 170 23111 -8187 -4706
-1076 -437 15 21052 -1431 823
-1268 -453 -265 19938 4858 6736
-1494 -344 -503 20145 7293 8737
-1760 -243 -588 21238 9090 8553
-2296 -90 -749 23128 7523 4470
-2616 102 -896 24597 4738 377
-2581 147 -768 26504 -262 -6296
-2323 -4 -648 27826 -5139 -11135
-1867 -402 -492 28668 -9176 -13458
-1596 -638 -263 28786 -10953 -14063
-1484 -848 -3 28256 -12360 -14278
-1366 -1041 39 27477 -12971 -13927
-1314 -1194 -34 27106 -13934 -13774
-1305 -1265 -221 27205 -14710 -13936
-1268 -1375 -348 27792 -14166 -14338
-1204 -1531 -453 28420 -10509 -14996
-1206 -1583 -537 28677 -7078 -15575
-1243 -1608 -648 28648 -1366 -16615
-1150 -1618 -719 28245 2745 -17214
-1107 -1561 -704 26801 8628 -17880
-1018 -1574 -588 24456 13543 -18292
-884 -1791 -462 22608 15837 -18385
-844 -2006 -452 20064 16841 -18461
-867 -2594 -487 18300 15272 -18638
-909 -3432 -505 17434 13298 -18789
-1047 -3830 -454 16347 9748 -19768
-1511 -4396 -517 15877 7370 -21210
-1875 -4807 -334 15379 5232 -24074
-2195 -5092 -232 15148 4136 -27388
-2518 -5443 -258 15966 3915 -30130
-2595 -5422 -243 16984 4495 -31107
-2547 -5258 -192 19053 5557 -30641
-2454 -4938 -237 20746 6544 -29145
-2424 -4571 -221 23201 8778 -25673
-2307 -4009 -227 24725 10734 -22693
-2228 -3630 -210 26279 14708 -17708
-2131 -3126 -64 26575 17606 -14344
-2485 101 -115 4921 -7381 1135
-2600 93 -120 1819 -11717 2335
-2989 52 -273 -745 -14258 3086
-3507 71 -454 -1887 -14230 3025
-4174 129 -830 -2621 -12617 3293
-8462 -4384 -6006 32767 21615 32767
-8567 -6320 -6171 21106 21473 32767
-8771 -9190 -6993 5514 14996 32767
-8575 -11038 -7380 -18610 12134 32767
-8758 -13213 -6884 -32768 17065 32767
-9212 -14587 -5655 -32768 20077 32767
-9342 -14915 -4794 -32768 23414 32767
-8756 -15060 -3390 -32768 24664 32767
-8120 -14599 -2324 -32768 19492 32767
-7857 -14145 -1722 -32768 10243 32767
-6615 -12369 80 -32768 6649 32767
-6466 -13180 194 -32768 5751 32767
-6625 -12344 816 -32768 4852 32767
-1245 -5763 1635 -9275 32767 32767
-1118 -5062 1886 -6380 32767 30492
-878 -4516 2350 -4135 32767 22757
-843 -4109 2570 -3894 32767 15423
-876 -3626 2814 -4445 32767 9269
-966 -3220 2638 -4458 31344 6342
-1056 -2932 2496 -3864 30255 3103
-1140 -2532 2254 -3090 30359 1391
-3862 430 -355 20726 27154 -18331
-3832 758 -303 22794 30646 -15297
-3924 1150 -416 23777 31097 -11785
-1803 1234 105 16987 -11600 -751
71 398 -189 32767 15642 -13800
147 319 -105 32767 18369 -16460
92 266 -239 32767 19306 -18203
-1343 -4081 -2354 32639 -18922 -11591
-1853 -4395 -2581 32767 -14936 -15352
-2090 -4494 -2546 32767 -11411 -17861
-2079 -4473 -2370 32767 -5735 -20529
-1930 -4371 -1947 32767 262 -21371
-1843 -4298 -1582 32767 4385 -21145
-1935 -4201 -1473 32767 11109 -20678
-2168 -3872 -1310 32767 16102 -20677
-2315 -3502 -1184 32767 23204 -21243
-2427 -2953 -995 32767 26921 -21755
-2346 -2598 -893 32767 30251 -21780
-2084 -2177 -667 30513 30703 -20287
-1666 -1901 -426 25879 28565 -16685
-1316 -1777 -411 22911 25844 -13353
-1193 -1749 -494 19306 20506 -7590
-1100 -1732 -719 17296 14931 -1753
-1147 -1675 -859 16792 11714 1692
-1299 -1630 -996 16884 7951 5735
-1460 -1520 -1012 17150 6186 7579
-2776 -1509 -578 20880 4354 6503
-2873 -1166 -351 17373 5936 5250
-4357 515 -1018 3156 2584 28241
-4401 508 -1404 4939 4040 29783
-4346 533 -1658 -2880 1135 32767
-7145 -5953 -5297 -26792 15183 32767
-7968 -7017 -5074 -32768 20532 32767
-7847 -7493 -4688 -32768 17885 32767
-7088 -7706 -3568 -32768 12795 32767
-6373 -7671 -2202 -32768 12454 32767
-6316 -7658 -1630 -32768 7854 32767
-6541 -6689 2431 -32768 32767 32767
-5976 -8831 1052 -32768 32767 32767
-5830 -8350 2188 -32768 32767 32767
-4776 -7858 4490 -32768 32767 32767
-3787 -6817 5369 -32768 32767 32767
-3348 -6399 5469 -32768 32767 32767
-2694 -2298 2402 -7352 25580 19465
-2848 -2073 2077 -4587 18220 14560
-2997 -1729 1687 -978 15194 10088
-2914 -1507 1626 1124 15919 7840
-2719 -1408 1636 3313 19825 5971
-2293 -1260 1626 4056 23732 5422
-2075 -1085 1470 4730 28564 4517
-1892 -760 1059 5533 30638 2922
-1781 -443 614 6223 30984 1463
-1757 -222 322 7612 29922 -1164
-1720 92 -69 8811 28375 -3120
-1701 303 -285 11044 25415 -6302
-1644 560 -516 12762 23174 -8429
-1483 737 -636 15370 19789 -11201
-1334 835 -641 17734 16089 -13342
-1103 969 -592 19142 12972 -14379
-893 1045 -566 21192 6649 -15156
-619 1068 -564 23890 -1615 -15386
-366 927 -730 26453 -7599 -15509
-205 844 -648 30832 -15883 -16132
-374 437 -796 32767 -19439 -17582
-799 221 -662 32767 -19091 -21045
307 394 51 32767 -13775 -22242
395 -31 -149 32767 -10062 -22901
-1203 -603 -126 32767 -6792 -28550
-761 -429 -531 32767 -5152 -32768
-938 175 452 32767 4991 -32768
-1253 311 692 32767 15700 -32768
-1038 -380 485 32767 19637 -32768
-330 -835 -211 32767 17895 -32768
-1561 -518 -491 32767 8049 -32768
-1400 -932 -1276 32767 -4490 -32768
-2081 -1188 -1696 32767 -26649 -25782
-2214 -1377 -1624 32767 -32768 -20283
-2348 -1200 -1015 31882 -32768 -13085
-2594 -1766 -719 28187 -32768 -9172
-2759 -2038 -783 24339 -29286 -5427
-2895 -2008 -820 22489 -18318 -5047
-2975 -1899 -1020 22561 -10981 -6316
-2929 -1723 -1152 24361 -2263 -9425
-2690 -1408 -1307 27591 4058 -12709
-2431 -1266 -1412 30278 7870 -14706
-2261 -1208 -1441 32767 13710 -17323
-2036 -1124 -1422 32767 17204 -18725
-1910 -1046 -1396 32767 20038 -20378
-1712 -1049 -1300 32767 19042 -21315
-1518 -1095 -1127 32767 16598 -21554
-1395 -1222 -964 32767 11662 -21685
-1283 -1434 -638 32767 6687 -21814
-1311 -1554 -236 31901 3747 -22185
-1354 -1599 -85 24897 264 -23085
-1382 -1662 -179 20748 -1426 -23816
-1389 -1655 -349 16052 -2358 -24894
-1338 -1591 -568 13471 -1153 -25475
-1293 -1664 -825 12935 310 -25485
-1239 -1776 -937 13336 3040 -24740
-1247 -1982 -858 13795 5174 -23840
-1240 -2119 -738 14219 8509 -22042
-1359 -2371 -695 14423 10300 -20762
-1456 -2550 -714 14859 12440 -18931
-1523 -2853 -666 15419 15067 -16833
-1448 -3316 -569 15828 16792 -15017
-1464 -3471 -464 15939 18997 -11953
-1452 -3621 -215 15202 19788 -8837
-1478 -3869 -51 14405 18834 -6801
-1456 -3942 103 12851 16201 -4003
-1415 -4024 243 11784 14229 -2264
-1407 -4008 275 10544 11257 -84
-1514 -3799 342 9887 9924 865
-1558 -3595 396 9194 9326 1590
-1652 -3250 436 9060 8901 1724
-1685 -2879 431 9386 8078 1862
-1731 -2703 458 10339 6639 2196
-1936 -2431 576 10996 5999 2178
-5063 -129 48 9974 -21276 25218
-5369 249 -389 13314 -20035 29183
-5598 473 -811 21276 -14872 32767
-5651 387 -1393 32253 -6376 32767
-5599 204 -2098 32767 -517 32767
-5624 -60 -2532 32767 7435 32767
-5762 -1119 -3094 32767 9972 32767
-6277 -2133 -3436 32767 8530 32767
-6774 -3830 -3171 32767 11824 32767
-7243 -6038 -3887 32559 23601 32767
-7476 -7970 -4582 6848 29366 32767
-7503 -10655 -5310 -12005 28071 32767
-7795 -11968 -4877 -32768 29793 32767
-7278 -12279 -4179 -32768 32767 32767
-6866 -12055 -3710 -32768 32767 32767
-6705 -11415 -2735 -32768 30077 32767
-6410 -10654 -1691 -32768 25402 32767
-6433 -9975 -855 -32768 22761 32767
-6714 -9640 -577 -32768 24480 32767
-6734 -6461 2651 -32768 32767 -32768
-6892 -9799 -30 -32768 32767 32767
-7083 -8550 1669 -32768 32767 32767
-6916 -8683 2177 -32768 32767 32767
-7032 -7595 2558 -32768 32767 32767
-6801 -6350 2144 -32768 29944 32767
-6283 -5741 2106 -32768 17530 32767
-5095 -5427 2110 -32768 18840 32767
-4143 -5192 1929 -32768 23276 32767
-3617 -4916 1700 -26146 30563 32767
-3347 -4750 1625 -15605 32767 32767
-2879 -4507 1731 -9981 32767 32767
-2528 -4312 1862 -3809 32767 32767
-2303 -3945 1912 335 32767 30568
-2100 -3491 2061 2119 32767 25815
-1908 -3274 2155 3538 32767 18485
-1751 -2931 2325 3473 32767 11452
-1637 -2558 2324 2920 30894 7331
-1494 -2353 2255 1997 28370 2573
-1437 -1996 2003 1638 26721 -1325
-1521 -1701 1808 1746 25649 -3911
-1690 -1447 1601 2350 23822 -7901
-1936 -1105 1538 2634 21911 -10734
-2148 -892 1474 3103 18424 -14980
-2347 -654 1154 4635 14474 -18558
-2735 -405 602 6622 11445 -20734
-2986 -143 211 11158 9500 -23772
-3131 337 -314 17443 13212 -25781
-3053 758 -646 22169 17744 -26060
-2994 1071 -638 28478 24812 -25006
-3111 1652 -503 32267 27748 -23063
-3305 2188 -410 32767 25532 -21556
-3277 2391 -311 32158 18258 -18438
-2823 2295 -190 30867 13589 -15321
-2524 2162 -348 29897 8075 -9673
-2300 2085 -748 31120 4046 -4737
-2192 1999 -1049 32767 2006 -2403
-1971 1891 -1021 32767 238 -182
-1518 1589 -834 32767 62 656
-1112 1261 -579 32767 1119 1158
-892 1041 -624 32767 3328 434
-773 721 -301 32767 5658 -913
-985 647 -5 32767 10453 -4756
-997 537 400 32767 14136 -7844
-1356 375 663 32767 13841 -12962
-649 343 -54 32767 11552 -15538
-676 418 104 32767 9955 -19761
-824 354 253 32767 9892 -22573
-576 130 101 32767 9129 -25143
-345 -165 -346 32767 7195 -25783
-132 -230 -383 32767 5418 -25218
28 -367 -446 31443 1508 -23139
76 -632 -654 29563 -2126 -21198
40 -792 -843 26887 -8521 -18049
-112 -979 -1070 25256 -12064 -16166
-219 -1080 -1145 23098 -15000 -13666
-376 -1451 -1345 22078 -15998 -11279
-557 -2043 -1731 22483 -16332 -9750
-714 -2468 -1946 24684 -16302 -7829
-991 -3167 -2084 27889 -14246 -6598
-1363 -3886 -2039 30100 -11285 -6349
-1586 -4204 -1921 32767 -4950 -6798
-1798 -4421 -1669 32767 -270 -7416
-1889 -4476 -1514 32767 5887 -8574
-1954 -4425 -1389 32767 11056 -9871
-2040 -4179 -1390 32767 13826 -11010
-2138 -3988 -1403 32767 16581 -12970
-2083 -3809 -1458 32767 18029 -14159
-1877 -3656 -1434 32767 18548 -14139
-1814 -3593 -1341 32767 18533 -13389
-1721 -3301 -1256 32767 17562 -12561
-1723 -2982 -1134 32767 14514 -11373
-1760 -2640 -1057 32767 11846 -10676
-1768 -2505 -986 32767 8751 -9707
-1632 -2278 -865 32767 7917 -8294
-1508 -1985 -799 31146 8049 -7005
-1443 -1848 -858 27546 8450 -4679
-1296 -1718 -1043 25698 8757 -2934
-1226 -1558 -1162 23648 9128 -227
-1181 -1366 -1312 22243 9111 2252
-1144 -1312 -1338 21560 8998 3756
-1119 -1412 -1329 20669 8794 5873
-1110 -1637 -1174 19723 8999 7598
-1179 -1865 -980 18993 9344 8343
-1267 -1974 -887 17922 9740 8556
-1517 -2032 -868 17157 9284 7448
-1865 -1901 -800 16786 8378 6007
-2045 -1694 -742 16157 5936 3326
-2337 -1230 -591 15501 3809 1457
-2467 -985 -436 14084 725 -825
-2685 -910 -302 12731 -1219 -2193
-3060 -1046 -380 12424 -1697 -2680
-3432 -1047 -464 12844 -1094 -3042
-4176 -810 -369 12980 -216 -3473
-4895 -469 -209 12448 -198 -3450
-5072 -399 -66 10564 432 -1300
-4845 -433 243 7277 2809 4625
-4575 -258 246 4951 3823 10213
-4545 -182 76 2441 3113 19121
-3378 -1144 -3612 19551 -5737 32767
-3284 -1836 -4096 13288 -5991 32767
-3964 -2691 -4627 6713 -4734 32767
-4489 -3296 -5038 -5375 714 32767
-5389 -3967 -5548 -17774 7183 32767
-6047 -4518 -5646 -25143 11571 32767
-6512 -4785 -5234 -32768 17035 32767
-7026 -5105 -3986 -32768 20877 32767
-6999 -5251 -3089 -32768 26707 32767
-7025 -5379 -1838 -32768 32767 32767
-7159 -5590 -754 -32768 32767 32767
-7448 -5813 29 -32768 32767 32767
-7348 -2519 3447 -32768 -32768 -32768
-7199 -6156 3328 -32768 32767 32767
-5476 -5336 5535 -32768 32767 32767
-4825 -5157 5712 -32768 32767 32767
-4469 -4870 5764 -32768 22291 32767
-3545 -4877 5346 -32768 21630 32767
-3061 -4693 4983 -32768 23796 32767
-2866 -4466 4662 -32768 28345 32767
-2203 -4080 3914 -32768 32457 32767
-1407 -4010 3616 -32768 32767 32083
-785 -3520 3520 -22027 32767 26832
-863 -3096 3653 -14098 32767 21806
-1460 -2739 3736 -10428 32767 17948
-1819 -2576 3727 -6463 32767 12685
-2178 -2249 3442 -3333 32767 9407
-2290 -1884 2950 -1402 32767 8430
-2208 -1723 2722 616 32767 8619
-1975 -1486 2494 813 32767 9541
-1893 -1290 2182 101 32767 9648
-1912 -1141 1942 -1424 32767 8189
-2070 -912 1364 -2076 32767 5906
-2174 -741 885 -1464 32767 1362
-2165 -457 231 43 32767 -1826
-2068 -244 -160 3263 32767 -6118
-1936 109 -579 6647 32767 -9651
-1643 281 -754 8567 32767 -11308
-1417 312 -833 10928 32767 -12649
-1109 360 -899 12161 31130 -12952
-937 361 -912 13740 27974 -13085
-800 333 -893 15299 25882 -12765
-731 358 -909 16551 24245 -12465
-708 418 -946 18880 20472 -11947
-603 500 -976 21654 15300 -11334
-491 579 -860 23541 11640 -10926
-422 571 -771 26248 6327 -10275
-352 514 -660 28806 1245 -9791
-355 457 -585 30427 -2122 -9763
-407 442 -587 32767 -7097 -10117
-446 355 -577 32767 -9915 -10477
-536 328 -608 32767 -13283 -11425
-753 380 -681 32767 -16642 -12783
-929 397 -742 32767 -19253 -13885
-1158 371 -821 32767 -23547 -15676
-1343 383 -674 32767 -26565 -16959
-1466 350 -524 32767 -30892 -18834
-1581 185 -425 32767 -32768 -20047
-1777 -29 -470 32767 -32768 -20436
-1966 -205 -597 32394 -32768 -20432
-2213 -506 -718 31689 -32768 -19453
-2203 -956 -838 32309 -28296 -17026
-2372 -1466 -926 32767 -23657 -15382
-2636 -1577 -835 32767 -16666 -14162
-3073 -1488 -666 32767 -13726 -14467
-3363 -1321 -614 31540 -10709 -16234
-3329 -1111 -445 28800 -3896 -17925
-2897 -1206 -409 27297 2910 -18131
-2517 -1253 -490 26112 14360 -16787
-2067 -1253 -694 26028 23711 -14356
-1772 -1250 -796 26317 29016 -11971
-1427 -1339 -690 26226 30438 -10736
-1296 -1366 -642 25677 28903 -9929
-1299 -1280 -656 24731 22929 -10945
-1328 -1082 -670 23512 14581 -13539
-1229 -1047 -711 22699 9010 -15663
-1140 -1149 -722 21686 2432 -18751
-968 -1405 -792 21226 -376 -20305
-882 -1598 -895 21163 -2231 -21710
-763 -1832 -973 21363 -1819 -22006
-717 -1973 -981 21672 823 -21797
-709 -2208 -896 21794 4446 -21167
-805 -2490 -849 21624 7484 -20600
-887 -2851 -663 21114 9176 -20232
-906 -3144 -610 20071 11352 -19582
-874 -3613 -673 19573 12389 -18902
-790 -3921 -701 19142 13656 -17278
-698 -4377 -650 19107 14919 -15059
-756 -4972 -583 19444 15482 -13533
-870 -5211 -544 20340 15734 -11893
-1083 -5273 -447 21052 15304 -11652
-1533 -5157 -372 22323 12933 -12865
-1909 -4785 -381 23713 9641 -15521
-2050 -4454 -320 24350 7581 -17451
-2166 -3936 -186 24663 4225 -19569
-2228 -3537 -108 24254 947 -20338
-2263 -3248 -10 23468 -811 -20113
-2384 -3034 82 21509 -2745 -19099
-2629 -2710 203 19632 -3816 -18127
-2760 -2432 318 15910 -4438 -16298
-2869 -1959 344 13228 -4364 -14641
-2931 -1574 145 9750 -4878 -11046
-2974 -1286 80 6922 -6186 -5944
-3306 -988 164 4233 -6918 -296
-3740 -658 378 2211 -6902 3318
-4094 -434 453 -921 -7401 8141
-4473 -185 397 -2779 -8657 11302
-4762 44 197 -4131 -12531 16542
-5144 281 -336 -2286 -16835 23254
-5373 336 -690 863 -17634 28731
-5571 341 -909 8629 -16020 32767
-5806 341 -1456 20753 -10887 32767
-5768 214 -2050 30457 -3268 32767
-5761 7 -2805 32767 9713 32767
-6323 -229 -4297 32767 13727 32767
-6365 -964 -4839 32767 11310 32767
-5696 -3001 -4824 32767 9670 32767
-6152 -5189 -5167 32767 11728 32767
-6753 -6966 -5490 25121 17665 32767
-7756 -9346 -5902 -1639 24198 32767
-8065 -11704 -6224 -19376 28916 32767
-7779 -12905 -6200 -32768 32767 32767
-7197 -13618 -5127 -32768 32767 32767
-7127 -13491 -3967 -32768 31174 32767
-7354 -12926 -1918 -32768 19485 32767
-7901 -12041 -440 -32768 14800 32767
-8371 -11538 -11 -32768 18481 32767
-8940 -11091 255 -32768 26861 32767
-9225 -10974 703 -32768 32767 32767
-8402 -11065 2194 -32768 32767 32767
-8350 -8860 4232 -32768 32767 32767
-8004 -8598 4227 -32768 32767 32767
-7379 -7843 4114 -32768 31261 32767
-6837 -7418 3955 -32768 32767 32767
-872 -3623 2914 -9155 32623 6166
-680 -2995 3104 -8915 32767 2515
-667 -2472 3035 -8830 32767 -1893
-752 -2152 2869 -8301 32767 -5609
-1095 -1809 2623 -7024 32767 -10018
-1625 -1361 2352 -5842 32767 -13564
-2009 -1042 2199 -3817 32767 -18735
-2407 -709 2077 -2460 32602 -21148
-2580 -572 1928 -238 30102 -22604
-2797 -410 1496 2531 26549 -21485
-2953 -73 952 4818 24476 -19675
-3019 120 609 9115 24816 -16442
-3184 471 228 13844 28975 -14023
-3514 931 -130 18299 32431 -13283
-3653 1260 -266 20544 32767 -13330
-3730 1420 -161 21786 29738 -13926
-3747 1629 -66 21391 24989 -14474
-3598 1709 -96 19799 15430 -14662
-3237 1736 -217 18159 6485 -13739
-2961 1767 -376 17474 2236 -12714
-2918 1748 -447 17355 -2293 -11184
-2907 1700 -294 17483 -4751 -10464
-2775 1644 -119 17750 -8594 -9562
-2276 1441 141 17938 -11343 -8630
-1818 1292 333 18056 -15415 -6757
-1243 1062 471 18467 -19359 -4636
-642 908 486 19122 -21688 -3186
-463 719 310 21541 -23782 -1993
-435 518 7 24066 -23632 -2195
-495 362 -17 27848 -18378 -4586
-751 432 -22 30930 -5313 -9142
-748 408 508 31891 4076 -12563
-798 154 64 32767 13900 -17377
-201 377 -122 32767 22558 -20929
-331 438 28 32767 27147 -23072
-146 303 10 32767 30070 -24701
66 23 -276 32767 29177 -24780
110 -68 -322 32767 24746 -23880
181 -309 -345 32767 21106 -22691
255 -650 -452 32560 16291 -19867
378 -1315 -683 29187 12218 -15845
372 -1908 -1029 27045 9186 -12937
253 -2254 -1343 24904 3936 -9131
50 -2890 -1911 24765 569 -7239
-132 -3338 -2288 26864 -3083 -5872
-565 -3908 -2723 31236 -3722 -6815
-1039 -4382 -2829 32767 -1970 -8783
-1324 -4534 -2776 32767 2788 -13198
-1707 -4538 -2656 32767 6254 -16627
-1791 -4508 -2549 32767 10155 -21029
-1658 -4460 -2276 32767 11691 -22771
-1360 -4396 -1978 32767 12784 -23184
-1218 -4329 -1831 32767 12806 -21617
-1387 -4158 -1706 32767 12273 -20033
-1700 -3832 -1783 32767 11804 -19262
-1812 -3545 -1817 32767 11357 -18266
-1918 -3116 -1758 32767 11264 -17582
-1982 -2836 -1649 32767 10694 -16460
-1998 -2508 -1431 32767 9833 -15552
-2001 -2314 -1229 30760 7721 -13856
-1925 -2122 -1036 27579 5486 -11496
-1819 -1949 -1005 25672 4397 -9547
-1757 -1817 -1037 23665 4202 -6241
-1682 -1690 -1168 23028 5653 -2774
-1661 -1566 -1276 23231 7295 -594
-1753 -1503 -1290 23993 9867 1935
-1930 -1527 -1272 24835 12526 3417
-1979 -1584 -1237 25340 14240 4044
-2024 -1714 -1277 26210 16149 4665
-2080 -1916 -1400 27007 17165 4885
-2072 -2064 -1515 28770 18767 5171
-2086 -2160 -1593 29945 19807 5350
-2155 -2139 -1563 31023 21381 5303
-2342 -1955 -1374 30226 22161 4482
-2645 -1681 -1099 28478 21475 3361
-2828 -1575 -893 24372 18950 1507
-2978 -1490 -743 21241 17080 568
-3238 -1332 -730 16701 14147 -1039
-3850 -794 -764 12339 8938 -3328
-4442 -250 -657 8984 3620 -4738
-4751 274 -339 2215 -6421 -4848
-4720 584 -210 -5670 -15214 -181
-4457 894 -160 -10428 -18188 6022
-4494 977 -261 -14637 -20352 17527
-4893 1025 -704 -13746 -22816 27489
-5408 931 -1166 -10419 -25023 31718
-5683 886 -1624 -2006 -29600 32767
-5914 660 -2301 9063 -28318 32767
-5973 34 -3003 16456 -23111 32767
-6017 -407 -3467 23527 -17098 32767
-5637 -944 -3531 20824 -13619 32767
-5217 -1620 -3741 14480 -14343 32767
-5639 -2546 -4610 3655 -15462 32767
-6735 -3399 -5897 -1280 -11963 32767
-7255 -4024 -6126 -6043 666 32767
-7280 -4394 -5661 -12553 12382 32767
-7062 -4878 -4671 -18332 16535 32767
-6840 -5092 -4038 -27168 20478 32767
-6967 -5435 -2989 -32768 26250 32767
-7330 -5815 -1777 -32768 30412 32767
-7369 -6140 -840 -32768 32767 32767
-7629 -6597 766 -32768 32767 32767
-7562 -6920 1956 -32768 20124 32767
-5424 -6915 5523 -32768 31912 32767
-5438 -6562 5050 -32768 19304 32767
-4762 -6789 4144 -32768 -8062 32767
-3340 -6415 3449 -32768 -9902 32767
-1967 -6035 2535 -32768 1240 32767
-1123 -5950 2279 -32768 12645 32767
-254 -5746 1979 -24893 23375 32767
634 -5456 2052 -20632 31077 32767
947 -5124 2177 -16327 32767 24434
882 -4540 2465 -14284 32767 17540
543 -4186 2724 -11392 32767 11463
-189 -3745 2869 -7798 32767 8840
-973 -3387 2882 -5148 32767 8006
-1391 -3149 2842 -1613 32767 7389
-1822 -2829 2755 545 32767 6762
-1939 -2496 2721 880 32767 6244
-1883 -2287 2800 -590 32767 4913
-1676 -1915 2980 -2739 32767 3689
-1532 -1797 3189 -6961 32767 1331
-1786 -1541 2988 -9719 32767 -2203
-2096 -1349 2428 -9894 32767 -4398
-2287 -1293 2018 -8079 32767 -6987
-2478 -1138 1446 -4646 32767 -8785
-2624 -982 914 -1868 32767 -9852
-2710 -882 652 2248 32767 -11739
-2768 -725 347 5622 32767 -13922
-2776 -352 82 7193 32767 -15421
-2686 -194 -72 8863 32767 -17240
-2428 -51 -251 9669 32767 -17887
-2300 75 -374 10942 28587 -18034
-2200 334 -710 13210 23225 -17620
-2178 601 -1037 15557 20876 -17172
-2144 793 -1271 20182 18861 -16254
-2138 1133 -1580 23780 18402 -15572
-2157 1331 -1725 29397 18298 -14375
-2119 1490 -1736 32767 17475 -12756
-1952 1507 -1432 32767 16348 -11304
-1824 1430 -1158 32767 13667 -8973
-1607 1272 -754 32767 8796 -6593
-1392 1153 -325 31496 3775 -4962
-1171 1042 -114 26301 -5597 -2213
-857 854 142 20712 -15890 784
-679 764 228 17415 -22726 2602
-752 752 81 14219 -32183 4291
-948 696 -319 13689 -32768 4489
-1128 619 -497 14738 -32768 3214
-1315 519 -551 16749 -32768 427
-1413 398 -523 18221 -32768 -1770
-1379 246 -518 20342 -29959 -4722
-1225 -9 -454 22016 -25305 -6532
-1156 -236 -400 22764 -23510 -7179
-1243 -395 -380 23395 -23441 -7822
-1437 -667 -314 23472 -24104 -8217
-1460 -810 -311 23428 -23863 -8782
-1582 -1039 -453 23822 -21987 -9693
-1807 -1272 -696 24510 -19506 -10825
-2024 -1295 -788 25796 -13900 -13793
-2394 -1125 -878 26814 -8195 -18143
-2639 -1018 -888 27231 -4687 -21254
-2734 -981 -825 27464 1050 -25464
-2691 -1038 -629 27295 5239 -27463
-2532 -1187 -402 26465 11029 -28335
-2397 -1487 -62 24804 12668 -26800
-2351 -1694 89 23370 10659 -24967
-2314 -1622 185 20521 5152 -21605
-2194 -1427 319 17434 -647 -17960
-2057 -1333 276 15784 -3381 -15585
-1987 -1187 238 14264 -4020 -12686
-1953 -1066 141 14054 -2249 -11351
-1868 -1077 29 15032 2217 -10105
-1722 -1090 -54 16229 5286 -9570
-1591 -1190 -82 18308 8497 -9350
-1471 -1266 -46 20101 9669 -9522
-1337 -1498 -101 21171 9141 -9833
-1329 -1788 -252 22707 7803 -10725
-1383 -2046 -265 23647 8052 -12287
-1441 -2592 -307 23936 8891 -13899
-1507 -3309 -146 23531 9360 -14770
-1587 -3778 -1 21997 9333 -15853
-1681 -4334 95 20741 8349 -16493
-1734 -4540 131 18941 5673 -17536
-1931 -4589 -4 18175 3138 -18559
-2087 -4497 -82 17622 -810 -20382
-2208 -4142 -257 17797 -2783 -21242
-2158 -3959 -328 18550 -2671 -21376
-2217 -3411 -275 18973 -260 -21057
-2300 -3066 -246 19186 4595 -20048
-2258 -2625 -116 18248 9136 -18250
-2289 -2159 90 16820 10831 -16856
-2334 -1876 170 13976 9699 -14420
-2347 -1471 176 12030 6638 -12477
-2543 -1165 105 9646 347 -9760
-2932 -705 40 8384 -4314 -8033
-3231 -400 -35 6888 -11495 -5041
-3626 98 -93 6067 -14499 -2579
-4029 390 -144 5127 -14359 1493
-4661 712 -241 4941 -8987 6141
-5306 1162 -620 5872 -4020 9791
-5723 1236 -757 8479 3804 16695
-5954 1273 -887 11395 6753 25727
-6029 1175 -1227 13154 5797 32188
-6091 973 -1474 14972 4173 32767
-6263 712 -2089 15759 3387 32767
-6399 494 -2736 16831 3949 32767
-6785 -141 -3876 17533 5195 32767
-6836 -901 -4498 17311 4164 32767
-6946 -2265 -5142 13064 2625 32767
-7219 -4134 -5591 7637 1454 32767
-7665 -5482 -5866 -2685 470 32767
-8542 -7477 -6401 -9466 3431 32767
-9168 -8985 -6412 -20179 10807 32767
-9412 -10815 -5600 -32768 15415 32767
-9084 -12037 -4341 -32768 15912 32767
-8796 -12428 -3225 -32768 15898 32767
-8548 -12260 -2748 -32768 18692 32767
-8146 -11805 -2267 -32768 22416 32767
-8843 -9481 -1751 -32768 32767 32767
-6724 -11557 827 -32768 32767 32767
-6740 -9740 777 -32768 32767 32767
-6817 -9903 1008 -32768 26823 32767
-6887 -9422 995 -32768 25199 32767
-6562 -9179 1364 -32768 24717 32767
-5660 -8446 2153 -32768 22701 32767
-4744 -7655 2786 -32768 20487 32767
-4293 -7187 2868 -32768 17017 32767
-3648 -6611 2679 -32768 16755 32767
-3146 -6392 2497 -32768 20981 32767
-2368 -6038 2358 -32768 28070 32767
-1753 -5595 2191 -24644 32767 32767
-1337 -5134 2115 -19172 32767 31617
-1095 -4755 2122 -12024 32767 25865
-736 -4241 2270 -7302 32767 21110
-629 -3845 2468 -5496 32767 18119
-821 -3428 2489 -3648 32767 12227
-922 -2990 2487 -2802 32767 8192
-913 -2590 2329 -1763 32767 3234
-929 -2301 2188 -1153 29535 -464
-1119 -1889 1951 -623 26871 -3374
-1397 -1584 1726 -168 26294 -5070
-1787 -1365 1636 637 26670 -8155
-2212 -1110 1485 2328 25329 -12803
-2675 -764 1298 3901 23004 -16014
-2874 -593 1218 6669 19118 -19711
-3030 -405 993 8796 17705 -21225
-3174 -160 780 12345 18134 -22354
-3445 354 490 16323 20824 -22488
-3594 870 283 19067 23293 -21967
-3685 1141 223 22583 26806 -20567
-3862 1472 431 23730 28107 -18663
-3809 1603 614 23296 27188 -16950
-3700 1525 708 21599 23928 -13836
-3540 1410 670 20118 19427 -10908
-3575 1411 243 20084 15886 -9687
-3630 1443 -1 21396 10652 -9129
-3510 1375 22 22717 6640 -9217
-3042 1207 246 23084 4495 -8973
-2637 1095 375 22946 507 -7748
-2036 935 521 22281 -5066 -5814
-1496 832 600 21869 -9457 -4387
-1148 776 629 21592 -15773 -2248
-759 615 528 22490 -21175 -680
-617 455 163 24266 -23996 -492
-614 351 -14 28220 -25361 -1955
-703 317 -56 30905 -22290 -4300
-1294 65 305 32767 -12988 -10342
-301 60 156 32767 -6730 -13127
-353 300 139 32767 1210 -17159
-428 306 -493 32767 11585 -20634
-749 500 211 32767 23872 -25393
-766 521 -218 32767 31514 -27852
-453 -136 -506 32767 32767 -27263
-120 -682 -674 32767 31620 -22897
176 -1094 -690 32767 29135 -18247
246 -1193 -529 30434 23101 -10708
208 -1628 -701 24406 14039 -4126
94 -2186 -1062 21307 7151 -888
-58 -2476 -1309 18959 -2552 1306
-566 -2790 -1849 19877 -11372 -500
-956 -2927 -2223 21973 -15010 -3819
-1392 -3194 -2550 26248 -14818 -10648
-1462 -3529 -2661 29328 -11368 -15288
-1388 -3709 -2627 32767 -4018 -20898
-1182 -3850 -2454 32767 817 -23381
-1033 -3830 -2281 32767 5871 -25349
-865 -3753 -2041 32767 7074 -25985
-845 -3672 -1786 32767 6446 -26216
-919 -3650 -1679 32767 4986 -26880
-1203 -3621 -1719 31300 3704 -28350
-1400 -3551 -1833 30829 2867 -29551
-1547 -3345 -1880 30622 1772 -30896
-1515 -3139 -1839 30559 1261 -31133
-1440 -2999 -1699 29566 1174 -30090
-1313 -2812 -1256 26813 1286 -27555
-1177 -2651 -812 24220 1067 -25217
-1219 -2549 -559 20096 1025 -21830
-1187 -2371 -711 18269 793 -19534
-1472 -2487 -756 17011 200 -17449
-1740 -2060 -860 17067 496 -16950
-1920 -1975 -922 18416 1634 -16966
-1977 -1842 -793 19717 3082 -16917
-1981 -1872 -576 21348 6714 -16329
-2212 -1933 -246 22352 10682 -15850
-2462 -2090 -35 22776 12996 -15612
-2601 -2191 28 23419 15907 -15298
-2888 -2137 158 23947 17124 -15130
-2967 -2032 307 24561 18005 -14329
-3500 -1715 679 24328 17755 -13537
-3702 -1512 812 23641 16642 -12792
-3929 -1173 1045 21691 15604 -10444
-4069 -1111 1328 19875 16709 -7996
-4182 -1121 1486 16738 20554 -3063
-4525 -1114 1579 14638 22176 557
-4881 -1042 1605 11551 19013 5918
-5403 -698 1503 9964 12820 9479
-5722 -441 1369 8876 1520 15191
-6072 -230 1185 9342 -2696 19353
-6275 -218 940 12354 345 26005
-6304 -238 470 15438 5916 30685
-6478 -144 82 20241 10916 32767
-6604 -79 -405 23917 8209 32767
-6443 -155 -681 25508 2764 32767
-6229 -435 -1201 26808 -4580 32767
-6111 -931 -1930 26789 -5018 32767
-6197 -1276 -2581 24512 -368 32767
-6622 -2124 -3678 19161 1545 32767
-6808 -3213 -4753 14148 -1769 32767
-7132 -3992 -5109 4444 -3572 32767
-8274 -5282 -5511 -3075 -972 32767
-8994 -6093 -5447 -14942 7263 32767
-9813 -6880 -4797 -26567 18777 32767
-9550 -7738 -2750 -32768 26631 32767
-9025 -8033 -1967 -32768 25977 32767
-8547 -8336 -1139 -32768 25492 32767
-7969 -8667 156 -32768 28590 32767
-3002 -8585 5554 -32768 32767 32767
-5878 -9880 2277 -32768 32767 32767
-5820 -8237 4185 -32768 32767 32767
-4636 -8862 5003 -32768 32767 32767
-4179 -7917 4647 -32768 32767 32767
-3880 -7230 4324 -32768 32767 32767
-2902 -6585 4017 -32768 32767 32767
-2269 -5626 3580 -32768 32767 32767
-1768 -5186 3458 -21568 32767 32767
-890 -5025 3517 -11244 32767 32767
-554 -4784 3592 -6165 32767 32767
-356 -4275 3551 -454 32767 30379
-469 -3667 3366 3785 27917 20545
-478 -3105 3038 6923 19764 12088
-425 -2725 2841 8166 15662 7697
-519 -2500 2788 8461 10676 2171
-730 -2174 2667 7280 7724 -2685
-907 -1907 2502 5985 7573 -5764
-1004 -1689 2275 4247 9199 -10269
-1109 -1404 1823 3489 12502 -14689
-1266 -1100 1362 3582 15020 -17566
-1415 -884 1070 4560 18287 -21933
-1776 -563 687 5589 19879 -25073
-2069 -362 451 7797 20712 -30180
-2609 -106 102 10721 19795 -32768
-3156 42 -189 12973 19181 -32768
-3357 122 -332 16362 18282 -32768
-3283 277 -494 19277 16811 -32768
-3066 209 -538 20569 16187 -32768
-2631 130 -345 20636 15907 -32768
-2332 89 -160 19547 15308 -32768
-2091 70 -79 16949 13626 -32768
-1714 55 -56 14346 12140 -32768
-1454 22 -185 13285 11505 -30565
-1364 24 -347 13164 10850 -28097
-1414 42 -522 14053 10671 -27360
-1445 67 -596 16613 10623 -27228
-1430 60 -677 19003 10523 -27504
-1391 54 -679 23143 9973 -27954
-1274 92 -579 27021 8387 -28122
-1161 55 -460 29226 6328 -27936
-1038 -20 -376 31667 1966 -27073
-932 -133 -207 32767 -2957 -25903
-1092 -206 -140 32767 -6104 -25393
-1254 -266 -111 32767 -9665 -25218
-1445 -496 -76 32353 -11490 -25213
-1704 -853 -16 31881 -12207 -25219
-1821 -1082 -4 31002 -13481 -24932
-1792 -1570 -58 30546 -15430 -23385
-1710 -2511 -108 30789 -16492 -21789
-1771 -3081 33 31119 -15655 -19808
-2039 -3388 216 30867 -12128 -19705
-2502 -3013 126 30269 -10142 -21086
-2738 -2676 85 28620 -8314 -24808
-2895 -2305 155 26934 -6335 -27858
-2923 -2199 257 23996 -711 -32462
-2940 -2290 362 21503 6829 -32768
-2935 -2549 457 20345 11960 -32768
-2892 -2806 532 19555 18231 -32768
-2961 -2700 478 19517 20496 -32768
-2886 -2475 397 20019 20689 -32768
-2569 -2178 277 20898 18106 -32768
-2104 -1869 125 21583 15984 -32768
-1877 -1701 50 22586 13244 -32378
-1661 -1484 -71 23289 11627 -26146
-1586 -1237 -180 23509 11221 -22056
-1595 -1095 -200 23265 11496 -16719
-1703 -999 -62 21846 12549 -12909
-1782 -900 126 20272 13383 -11177
-1823 -862 177 17632 13731 -9559
-1788 -852 128 16103 13268 -8849
-1781 -957 61 14570 11884 -7987
-1697 -1427 -26 14189 10509 -7223
-1625 -1827 9 14052 8085 -5572
-1689 -2351 193 13675 5236 -3859
-1943 -2796 420 13032 2790 -3006
-2179 -3021 604 11205 -1245 -2275
-2528 -3425 811 9621 -3390 -2131
-2587 -3635 785 7579 -4434 -1670
-2595 -3792 695 6625 -3457 -1117
-2529 -3839 672 5600 425 224
-2365 -3780 830 4780 4106 1525
-2193 -3692 1061 2752 10201 4054
-1909 -3363 1286 1004 13661 5893
-1763 -3043 1326 -1790 16128 8417
-1611 -2590 1441 -3736 15915 9781
-1536 -2281 1471 -6455 13612 11081
-1515 -1750 1393 -8299 9647 11573
-1558 -1324 1187 -8771 6513 11484
-1600 -1011 1033 -8207 1555 10919
-1828 -585 850 -7056 -1615 10201
-1964 -416 763 -4444 -5017 9243
-2088 -166 798 -1682 -6446 9406
-2243 21 849 169 -6936 10273
-2496 166 744 2137 -7013 11891
-2618 187 701 5175 -5361 15756
-2637 277 123 13018 -1236 27424
-2664 234 -156 16184 -862 31045
-2856 225 -350 21399 -1884 32767
-3339 124 -743 27865 -3261 32767
-3491 -128 -1090 32767 -3167 32767
-3771 -716 -1519 32767 1746 32767
-4044 -1353 -1635 32767 8533 32767
-4208 -1857 -1615 32767 15217 32767
-4181 -2257 -1424 32767 15961 32767
-4074 -2716 -1451 21637 14938 32767
-4416 -3590 -2591 4443 13180 32767
-4726 -4602 -4241 -7496 15402 32767
-5029 -5467 -5233 -13777 18766 32767
-5285 -5858 -5173 -24829 23139 32767
-5857 -6389 -4515 -32768 24163 32767
-6322 -6583 -3872 -32768 26676 32767
-6641 -6727 -3048 -32768 29825 32767
-6644 -6845 -2232 -32768 29238 32767
-6709 -6772 -1186 -32768 25863 32767
-6854 -6676 -217 -32768 23767 32767
-8781 -4249 2849 -32768 32767 -2715
-5805 -7138 2180 -32768 26435 32767
-6404 -6559 1751 -32768 21015 32767
-6792 -6698 1624 -32768 22051 32767
-6964 -6559 1503 -32768 29674 32767
-6165 -6517 2000 -32768 31961 32767
-5891 -6007 2004 -32768 26425 32767
-5127 -5509 2145 -32768 21797 32767
-4190 -5182 2190 -32768 21821 32767
-3669 -5021 2214 -32768 24691 32767
-3073 -4757 2129 -32768 26716 32767
-2765 -4541 2030 -28647 28669 32767
-2243 -4258 1876 -22863 30160 32767
-1910 -3988 1645 -16760 31660 32093
-1539 -3797 1544 -12780 32767 29713
-1330 -3671 1509 -7277 32767 26195
-1187 -3444 1517 -4198 32767 23710
-1207 -3221 1644 -814 32767 19641
-1254 -3013 1878 615 32767 15365
-1381 -2857 1979 482 32466 10469
-1661 -2581 2010 -66 32164 6962
-1768 -2407 2056 -1098 32596 1623
-1839 -2031 1939 -1429 32459 -1885
-1893 -1724 1683 -576 30572 -6590
-1840 -1324 1293 1951 30466 -10237
-2018 -889 1037 4108 31819 -12471
-2273 -585 958 7315 32767 -15794
-2727 -241 885 10150 31931 -18821
-3278 113 638 12155 29198 -20455
-3555 417 436 15563 23917 -21833
-3513 798 98 19932 20466 -20791
-3252 1054 -164 23555 20235 -18566
-2957 1606 -645 29848 22391 -14673
-3161 2308 -888 32767 24544 -12946
-3301 2616 -737 32767 27259 -11792
-3172 2673 -345 32767 27360 -11243
-2926 2533 -144 32767 24024 -9978
-2624 2240 50 31825 17333 -8558
-2317 1891 38 29157 11932 -7684
-2141 1647 8 25552 4082 -6866
-1851 1288 -30 23565 163 -6693
-1721 1094 -95 21648 -3398 -7237
-1582 829 -256 21168 -4959 -8739
-1474 643 -472 21639 -5239 -10208
-1411 576 -559 23121 -4977 -12968
-1287 467 -623 24353 -4385 -14945
-1167 359 -644 26311 -2957 -17534
-999 263 -643 27917 -1970 -19397
-907 169 -579 28638 -1918 -20302
-902 90 -580 29064 -2301 -21318
-878 18 -553 28665 -2751 -21774
-793 -26 -537 28041 -3295 -21653
-743 -67 -545 26705 -4549 -20839
-723 -234 -608 25689 -4736 -20102
-723 -262 -619 23880 -4005 -18777
-721 -294 -688 21962 -3624 -17135
-671 -349 -749 20826 -3970 -15747
-620 -483 -819 19392 -4512 -13337
-686 -754 -963 18419 -3283 -11211
-866 -1008 -1144 18028 -1941 -10147
-952 -1271 -1294 18279 -311 -8815
-1071 -1964 -1513 19773 1018 -7641
-1180 -2627 -1794 22735 2591 -6820
-1445 -3018 -2092 25394 3232 -6760
-1577 -3204 -2202 29872 3724 -7096
-1652 -3465 -2144 32767 5046 -7463
-1652 -3599 -1984 32767 6586 -7479
-1592 -3756 -1706 32767 9411 -7096
-1566 -3870 -1480 32767 11912 -6756
-1673 -3838 -1399 32767 16199 -6951
-1894 -3660 -1385 32767 19589 -8322
-2033 -3436 -1331 32767 20851 -9691
-2045 -3252 -1246 32767 20868 -11909
-1896 -2880 -1131 32767 19508 -13017
-1745 -2629 -1036 32767 15877 -13775
-1575 -2278 -866 32767 11277 -13356
-1499 -2040 -682 29943 7355 -11929
-1485 -1828 -511 27545 5610 -10640
-1577 -1686 -457 23983 4020 -8700
-1715 -1533 -470 21825 3300 -7475
-1785 -1465 -519 19319 2655 -5644
-1950 -1368 -604 18242 2286 -4519
-2049 -1330 -703 17700 1538 -2679
-2042 -1335 -809 18363 1414 -145
-2071 -1480 -767 19257 2242 1795
-2128 -1592 -732 20873 4676 4409
-2338 -1619 -705 21965 6530 5469
-2616 -1500 -643 23040 8974 5773
-2723 -1312 -578 22922 10614 4904
-2741 -948 -519 22123 10928 4109
-2686 -821 -500 20373 10559 3445
-2597 -798 -533 18592 9880 3278
-2839 -786 -590 17545 8460 3021
-3119 -785 -602 16037 3556 2234
-3635 -635 -390 14574 -743 1418
-4024 -459 -188 11175 -7076 -120
-4475 -82 139 8104 -9930 -860
-4508 270 426 3119 -10598 95
-4351 457 478 -590 -7163 4783
-4352 633 382 -1498 -2460 11681
-4598 753 110 -342 -1149 16458
-4802 855 -98 3498 -3933 22855
-5008 1022 -330 8903 -8479 27481
-5204 1225 -656 13258 -9681 29444
-5272 1178 -875 20551 -5074 31701
-5119 1020 -1265 25269 1265 32767
-5022 970 -1699 31118 6741 32767
-4799 620 -2176 32767 5742 32767
-4609 333 -2521 31692 -3292 32767
-4385 -356 -3395 27862 -9186 32767
-4431 -970 -4260 19107 -9132 32767
-4937 -2066 -5882 12355 -3699 32767
-5846 -3330 -7174 1423 3630 32767
-6274 -4093 -7326 -12653 10793 32767
-7145 -5340 -6775 -24572 15640 32767
-7571 -5885 -5994 -32768 19959 32767
-7978 -6480 -4830 -32768 20828 32767
-8160 -6837 -3988 -32768 22584 32767
-7828 -7205 -2558 -32768 25980 32767
-7471 -7539 -1262 -32768 28006 32767
-6412 -9095 -819 -32768 32767 -19367
-6476 -8705 1449 -32768 32767 32767
-6370 -8007 2525 -32768 32767 32767
-5664 -7876 3697 -32768 32767 32767
-4787 -7364 4444 -32768 32767 32767
-4155 -6807 4608 -32768 32767 32767
-3359 -5873 4395 -32768 30522 32767
-2703 -5176 4416 -32768 30182 32767
-2374 -4709 4287 -32768 32767 32767
-1923 -4182 4062 -26568 32767 32767
-1584 -3851 3958 -18951 32767 27566
-1578 -3606 3957 -10892 32767 20777
-1723 -3303 3927 -7655 32767 18194
-2119 -2943 3833 -5084 32767 15494
-2416 -2750 3685 -3926 32767 12043
-2557 -2492 3324 -3219 29825 9639
-2376 -2371 3101 -2309 28801 6965
-2224 -2183 2669 -1556 30372 4108
-2281 -1908 2216 -1217 32120 1665
-2333 -1743 1908 -1001 32767 -2191
-2414 -1501 1435 -949 32767 -4643
-2450 -1323 1084 -390 32767 -9200
-2440 -926 365 340 32767 -11166
-2354 -790 68 1846 32767 -13566
-2190 -538 -297 3688 32767 -15238
-1926 -357 -570 5111 32767 -15853
-1760 -230 -726 7426 32767 -16261
-1577 33 -874 9921 32767 -16164
-1357 224 -964 12646 32767 -15442
-1213 409 -1001 14506 30644 -14763
-1199 509 -1011 17244 24359 -13794
-1212 611 -1031 19980 16676 -13111
-1243 669 -1018 21725 11621 -12942
-1229 751 -969 24353 6224 -12903
-1243 804 -1018 26330 4394 -12912
-1224 840 -1098 29909 4135 -12622
-1141 892 -1070 32767 5435 -11550
-1076 906 -961 32767 5825 -10231
-983 809 -782 32767 4910 -7772
-987 684 -594 32767 3209 -6195
-1035 641 -489 32767 -821 -4673
-1288 542 -501 32767 -6253 -4498
-1542 434 -605 32767 -9816 -5012
-1668 390 -667 32767 -14615 -6273
-1944 391 -829 31972 -20352 -7804
-2013 268 -949 31257 -24457 -8349
-1906 86 -923 29950 -28755 -7901
-1700 -250 -829 28985 -30204 -6715
-1731 -542 -908 28414 -30800 -4678
-2094 -871 -1210 29785 -27297 -4100
-2405 -1000 -1394 31599 -22105 -4862
-2851 -1051 -1443 32767 -12077 -7414
-3038 -941 -1341 32767 -5866 -9410
-2943 -862 -1235 32767 791 -11592
-2590 -766 -1027 32767 3198 -12121
-2333 -738 -924 32767 3251 -11649
-2001 -688 -847 32767 -539 -10378
-1786 -703 -750 32767 -4348 -9475
-1686 -754 -706 30979 -10098 -8473
-1545 -824 -584 28729 -12350 -8156
-1493 -838 -492 24839 -12122 -8310
-1451 -783 -423 20848 -8600 -9334
-1472 -682 -433 18379 -5243 -10553
-1456 -589 -423 15219 624 -12861
-1325 -496 -442 13010 5970 -15167
-1206 -446 -480 12158 8363 -16455
-935 -372 -552 11573 10008 -17653
-817 -363 -585 11603 10009 -17957
-674 -351 -591 11675 9282 -17684
-660 -375 -550 11437 7732 -16921
-657 -514 -380 10314 6937 -15913
-672 -787 -232 9116 6852 -15175
-672 -1019 -198 7392 6778 -14028
-713 -1611 -339 6822 6240 -13296
-771 -2158 -611 8075 4914 -12306
-914 -2986 -1118 11805 3693 -11783
-1321 -3628 -1290 16446 2762 -12568
-1939 -4251 -1124 19209 1960 -13932
-2229 -4818 -933 22301 1071 -16265
-2417 -5450 -569 23557 1460 -17411
-2477 -5672 -367 24225 3950 -18321
-2384 -5688 -125 23659 8286 -17904
-2259 -5300 177 22554 11190 -17178
-2035 -4687 318 20246 13304 -15404
-1888 -4273 306 18098 12154 -12976
-1823 -3683 179 16693 8707 -10718
-1988 -3162 60 16102 5622 -9731
-2175 -2862 34 15345 796 -9084
-2389 -2482 81 14673 -2260 -9018
-2481 -2187 167 12856 -5977 -9135
-2541 -1781 248 11216 -7715 -9084
-2548 -1529 248 8702 -9189 -8507
-2578 -1158 88 6885 -9957 -7120
-2651 -892 -118 6338 -10021 -5737
-2700 -666 -195 6335 -9105 -2782
-2750 -442 -227 6636 -7640 -177
-2932 -229 -207 7147 -4598 4084
-3141 -62 -254 7566 -1995 8014
-3362 44 -361 7761 -970 10648
-3583 182 -564 8048 -1194 15063
-3734 273 -802 9439 -4714 20388
-3974 275 -1240 11453 -8095 24204
-4266 288 -1694 16944 -12456 29516
-4715 140 -2525 25291 -13463 32767
-4910 -248 -2812 30742 -9805 32767
-5140 -996 -3031 32767 -3115 32767
-5224 -1841 -3217 32767 -1061 32767
-5186 -2536 -3313 32480 -180 32767
-5545 -3930 -4180 26799 -1271 32767
-6179 -5949 -4983 21744 -325 32767
-6742 -7324 -5245 9438 4141 32767
-7091 -8831 -5004 -2743 10760 32767
-7190 -9449 -4730 -23507 18083 32767
-7154 -9904 -4507 -32768 21074 32767
-6808 -9763 -3812 -32768 24089 32767
-6537 -9503 -3128 -32768 30086 32767
-6139 -9173 -1953 -32768 32767 32767
-6066 -8939 -1229 -32768 32767 32767
-6193 -8628 -390 -32768 32767 32767
-6799 -5361 -124 -32768 32767 -3560
-5293 -8774 2409 -32768 32767 32767
-5109 -7776 2030 -32768 32767 32767
-5533 -8003 1594 -32768 25647 32767
-6110 -7994 1257 -32768 21746 32767
-6197 -8091 1103 -32768 26587 32767
-5646 -8171 1347 -32768 31562 32767
-5080 -8041 1808 -32768 32767 32767
-4202 -7655 2529 -32768 32767 32767
-3488 -7128 2989 -32768 32767 29798
-2944 -6534 3043 -32768 32767 23958
-2492 -6120 2976 -32768 32767 19093
-1927 -5265 2876 -29620 32767 16378
-1738 -4650 2801 -19694 32767 12212
-1503 -3846 2742 -10730 32767 7621
-1552 -2970 2900 -6086 32767 3777
-1604 -2504 3073 -1476 32767 -2774
-1818 -1798 3182 372 32767 -7176
-2015 -1369 3263 1669 32767 -12898
-2294 -914 3132 2382 32767 -16551
-2691 -596 2811 3140 32767 -17694
-2856 -490 2501 5176 32767 -17288
-3166 -258 1979 7124 32767 -15916
-3296 -57 1690 10137 29553 -12808
-3409 355 1307 12793 28682 -9520
-3467 684 856 14528 28956 -7761
-3408 838 545 17242 29247 -5864
-3387 985 261 18925 28749 -5317
-3502 1020 117 21186 25698 -6082
-3695 1054 -127 23243 19211 -8408
-3505 1063 -231 24258 13418 -10030
-3271 1048 -194 24946 5033 -11792
-2811 921 -126 25048 -715 -12374
-2290 731 -162 25149 -2655 -12059
-1966 644 -196 25490 -3024 -10863
-1547 587 -219 25973 -1645 -9199
-1230 524 -224 26360 -927 -8064
-1061 498 -216 26934 -980 -6560
-838 467 -218 27319 -1921 -5742
-722 453 -214 27933 -4549 -4816
-651 445 -252 28362 -6853 -4444
-649 433 -275 29067 -10259 -4357
-621 350 -299 29527 -11815 -4437
-565 296 -303 30061 -12694 -4652
-540 233 -308 30190 -12157 -4877
-532 114 -361 30142 -11224 -5036
-528 36 -396 29713 -8913 -5363
-532 -61 -389 28476 -5811 -5851
-541 -137 -373 27180 -4032 -6245
-612 -263 -425 24991 -2806 -7101
-825 -499 -638 23141 -2754 -8491
-875 -807 -772 22069 -2778 -9344
-786 -1135 -874 20809 -3435 -9735
-715 -1658 -1126 20185 -4822 -9045
-621 -2267 -1377 20252 -5335 -7996
-599 -2756 -1549 21423 -4406 -5852
-706 -3361 -1777 22843 -2576 -4575
-1105 -3715 -2017 25801 1238 -4008
-1429 -3855 -2160 29543 6461 -5632
-1770 -3832 -2186 32114 10636 -7702
-1928 -3762 -2101 32767 16981 -11706
-2024 -3712 -1938 32767 22162 -15756
-1958 -3649 -1743 32767 24254 -17971
-1904 -3667 -1630 32767 25135 -20400
-1917 -3661 -1505 32767 23990 -21994
-1928 -3463 -1413 32767 22522 -22707
-1928 -3271 -1325 32767 19299 -23233
-1859 -2858 -1200 32767 16809 -23268
-1795 -2591 -1084 32767 12892 -22766
-1672 -2318 -890 32767 9322 -21494
-1442 -2169 -705 32767 7534 -20067
-1406 -2070 -611 32767 5342 -17615
-1482 -1974 -607 32767 3860 -16003
-1501 -1987 -637 30061 2415 -13523
-1484 -1938 -710 26981 2051 -11064
-1591 -1893 -828 25544 1976 -9566
-1633 -1870 -898 24262 2174 -7418
-1730 -1841 -952 23883 2541 -6131
-1828 -1884 -954 23788 3099 -4414
-1888 -2013 -905 23827 3841 -2798
-1957 -2077 -843 23793 4323 -1815
-2039 -2104 -821 23639 4612 -765
-2126 -2212 -735 23436 4618 -279
-2162 -2240 -670 22908 4880 213
-2230 -2109 -614 22267 5362 441
-2346 -1902 -594 21785 6109 364
-2431 -1798 -601 21148 8019 85
-2488 -1845 -592 20943 11017 54
-2528 -2167 -645 21239 13383 193
-2670 -2361 -685 22240 16865 -133
-3005 -2221 -637 22772 19247 -2054
-3446 -1574 -556 22379 19210 -4305
-3637 -953 -501 20343 17268 -8236
-3613 -251 -247 16565 15667 -10809
-3249 67 -19 13603 15164 -10759
-3023 220 22 9359 14121 -7680
-2863 282 -1 6940 12749 -4045
-2945 252 42 3713 7949 2592
