0 0 0 0 0 0
395 -1436 -992 32767 5172 -18058
261 -1851 -1051 32767 -420 -15035
45 -2136 -1127 32767 -9067 -11772
-353 -2655 -1185 32767 -14232 -10659
-621 -3240 -1239 32767 -18647 -10528
-1048 -4096 -1424 32404 -18820 -11427
-1507 -4663 -1752 32208 -16941 -14706
-2424 -5197 -2128 32767 -15162 -18408
-2914 -5204 -2268 32767 -12676 -25023
-3183 -4787 -2320 32767 -11211 -30519
-3086 -4369 -2319 32767 -11069 -32497
-2650 -4209 -2109 32767 -12144 -31651
-2412 -4059 -1835 32767 -11972 -26610
-2201 -3246 -1145 32767 -7459 -22184
-2247 -2907 -889 32767 3100 -14948
-2514 -2598 -740 30175 14824 -8931
-2828 -2124 -635 27463 21632 -6200
-2908 -1859 -623 24142 27474 -3495
-2842 -1572 -614 22756 27997 -1930
-2707 -1357 -645 22048 23444 1389
-2704 -1034 -532 22413 15148 5971
-2895 -858 -436 23076 8966 9219
-3144 -687 -413 24612 -1666 13807
-3581 -123 -419 26523 -11828 17718
-3951 199 -224 27856 -15751 20089
-4104 339 -95 30168 -15386 23541
-4473 639 -228 32356 -11242 25579
-4656 828 -593 32767 -2607 28613
-4583 964 -871 32767 3612 32149
-4483 1019 -1398 32767 4624 32767
-4508 1004 -1753 32767 3543 32767
-4629 756 -2283 32767 3421 32767
-4677 589 -2732 32767 2584 32767
-4927 157 -3562 32767 407 32767
-5249 -168 -4886 29686 -1683 32767
-5296 -529 -5717 16728 -5651 32767
-5779 -1251 -7109 2815 -8262 32767
-7009 -2038 -7958 -7229 -3787 32767
-8175 -2613 -8034 -23076 9260 32767
-8813 -3327 -6988 -32768 19332 32767
-8369 -3594 -6113 -32768 22975 32767
-7692 -3929 -4438 -32768 27040 32767
-7679 -4165 -3338 -32768 32767 32767
-7549 -4682 -1708 -32768 32767 32767
-6053 -5096 403 -32768 32767 32767
-5712 -6478 3032 -32768 32767 32767
-5151 -4830 4595 -32768 32767 32767
-4274 -4272 5483 -32768 32767 32767
-3745 -3477 5642 -32768 32767 32767
-3326 -3079 5515 -32768 32767 32767
-2643 -2899 5270 -32768 32767 32767
-2690 -2737 4973 -32768 32767 32767
-3131 -2694 4640 -32768 32767 32767
-2901 -2757 4283 -32768 32767 32767
-2444 -2766 4017 -28999 32767 29711
-2047 -2643 3714 -24983 32767 27903
-1971 -2557 3504 -19606 32767 24756
-2017 -2561 3215 -14907 32767 20270
-2197 -2712 2987 -12338 32767 16950
-2362 -2760 2737 -8838 32767 11253
-2780 -2638 2272 -6449 32767 6658
-2870 -2562 2012 -2908 32767 718
-1782 -444 -649 19738 22439 -21599
-1552 -208 -843 22564 19399 -23892
-1409 -108 -981 27008 15107 -26390
-1289 -25 -1133 31376 10474 -28321
-1301 46 -1180 32767 6661 -29592
-1314 141 -1168 32767 -608 -31288
-1071 102 -961 32767 -5744 -31900
-899 -12 -853 32767 -12601 -31975
-762 -185 -726 32767 -17320 -31587
-713 -267 -685 32767 -19119 -31345
-718 -354 -726 32767 -20292 -30991
-707 -519 -773 32767 -19742 -30746
-739 -577 -755 32767 -18613 -30676
-841 -621 -797 32767 -17409 -30973
-1162 -805 -815 32767 -18281 -32093
-1289 -893 -627 32767 -19331 -32768
-1327 -903 -470 32767 -20617 -32768
-1492 -985 -377 32767 -21153 -32768
-1507 -1075 -381 32767 -20391 -32768
-1487 -1419 -447 32767 -17167 -32768
-1934 -2236 -461 32767 -13869 -32768
-2535 -3057 -408 32767 -9319 -32768
-3216 -4059 -264 32767 -5503 -32768
-3379 -4175 -142 32767 -2448 -32768
-3471 -3914 -78 32767 2015 -32768
-3486 -3490 -114 32767 4488 -32768
-3314 -3155 -148 32767 8315 -32768
-2817 -2645 -78 32767 12162 -32768
-2473 -2492 68 32767 20274 -32768
-2247 -2436 345 30552 26534 -32768
-2428 -2441 445 24974 32767 -32768
-2921 -2274 393 21866 32767 -32768
-3147 -2189 278 18629 32767 -32768
-3182 -2029 41 16994 28989 -32768
-2997 -1860 -149 16535 24553 -32768
-2389 -1675 -410 16555 19450 -32768
-1793 -1471 -536 16595 17008 -27483
-1570 -1360 -573 16403 14587 -16919
-1500 -1333 -517 15969 13809 -9823
-1670 -1352 -454 14864 13354 -925
-2090 -1421 -276 13174 13287 4682
-2425 -1572 -88 11873 13557 6711
-2581 -1723 -142 10647 14331 8018
-2663 -1930 -371 10654 15101 8188
-2684 -1892 -475 11454 15580 8237
-2746 -1720 -399 11716 14141 8303
-2916 -1665 -266 11130 11789 8365
-3157 -1831 -290 9640 7213 8254
-3588 -1899 -437 8449 5268 7916
-4149 -1872 -608 6476 4318 6304
-5070 -1603 -814 3962 3130 5052
-5590 -1501 -944 1816 1194 6395
-5494 -1591 -849 -2128 -1767 14704
-5121 -1711 -963 -3848 -3597 24741
-4990 -1621 -1669 -2460 -6441 32767
-5454 -1578 -2270 1361 -7257 32767
-6277 -1758 -3142 10302 -6659 32767
-6709 -1844 -3893 16492 -6262 32767
-6418 -2195 -3926 22003 -5834 32767
-5563 -3030 -4108 22314 -4932 32767
-5456 -3836 -4249 17083 -1984 32767
-6046 -5359 -4698 5219 -3292 32767
-6835 -6849 -5481 -4943 -6163 32767
-7348 -7881 -5987 -20110 -1373 32767
-8237 -9119 -6637 -32768 14054 32767
-8832 -10325 -6115 -32768 24033 32767
-8570 -10732 -5209 -32768 31254 32767
-7984 -11023 -3712 -32768 28162 32767
-7835 -10856 -2591 -32768 25176 32767
-7971 -10673 -2124 -32768 25720 32767
-8356 -10611 -1860 -32768 32767 25951
-7683 -10687 -230 -32768 32767 32767
-6619 -9950 1119 -32768 32767 32767
-7004 -9343 1163 -32768 32767 32767
-7066 -8783 1708 -32768 32767 32767
-7498 -7590 1481 -32768 24244 32767
-7224 -6972 1366 -32768 8760 32767
-6173 -6457 1404 -32768 5355 32767
-5139 -6152 1374 -32768 6452 32767
-4676 -5967 1518 -32768 11552 32767
-4094 -5814 1746 -28984 15696 32767
-3698 -5728 1779 -20614 21949 32767
-3105 -5553 1765 -12845 27726 32767
-2545 -5333 1681 -5212 31482 32643
-2268 -5028 1621 -400 32767 28880
-1902 -4646 1660 5370 32767 23257
-1700 -4282 1954 7613 32767 19557
-1656 -3999 2172 8322 32767 14093
-1623 -3518 2413 6788 32767 9247
-1498 -3100 2370 5396 32767 6769
-1496 -2745 2188 3898 32767 3404
-1662 -2115 1724 3970 32767 853
-1783 -1809 1432 5567 32767 -3058
-1982 -1262 1118 7269 32767 -5663
-2218 -902 912 10307 32767 -9477
-2578 -302 404 14288 32767 -13025
-2835 367 -185 17567 32767 -14983
-2954 820 -423 22793 32767 -16825
-3180 1434 -340 25480 32128 -17173
-3123 1698 111 26425 30266 -15954
-2934 1887 793 24032 27066 -12944
-2600 1926 947 21816 22626 -10169
-2363 2035 710 19722 12741 -5773
-1964 2243 -37 20272 5347 -3131
-1817 2369 -569 24462 -4812 -598
-1739 2277 -761 30870 -12864 -448
-1651 1856 -598 32767 -16681 -1820
-1591 1516 -363 32767 -17822 -6019
-1402 973 48 32767 -15191 -9927
-1311 555 154 32767 -6288 -16839
-1516 602 712 32767 784 -21834
-1289 417 347 32767 5960 -28413
-1282 210 -199 32767 6752 -32768
-939 212 -179 32767 7932 -32768
-950 81 -26 32767 12328 -32768
-923 -271 -502 32767 15582 -32768
-896 -311 -654 32767 18812 -32768
-242 -484 -477 32767 19305 -32768
-48 -837 -580 32767 16476 -32768
214 -1208 -662 32767 9212 -31366
306 -1275 -852 32767 3043 -26157
282 -1397 -1056 28902 -4906 -19047
97 -1758 -1464 25597 -7789 -15285
-103 -1898 -1750 23313 -8160 -11578
-491 -2285 -2204 24304 -6099 -10017
-714 -2863 -2502 26331 -4249 -9669
-780 -3092 -2531 29966 -1367 -9641
-853 -3269 -2432 32767 448 -9975
-1027 -3416 -2268 32767 722 -10410
-1019 -3584 -2035 32767 1498 -10531
-799 -3943 -1727 32767 2857 -9682
-677 -4125 -1659 31749 6023 -7324
-703 -4221 -1707 31695 8548 -5609
-952 -4194 -1874 32767 11536 -4029
-1416 -3988 -2148 32767 12498 -3683
-1797 -3657 -2156 32767 12403 -4114
-2106 -3459 -2019 32767 11704 -4530
-2329 -3321 -1749 32767 10036 -4985
-2755 -2823 -1131 32767 7405 -4730
-2900 -2485 -330 32767 5249 -3265
-2841 -2299 107 30128 3035 1749
-2865 -2120 370 24546 3132 9452
-2984 -2004 396 22406 4152 15016
-3518 -1804 114 22661 6137 22169
-4188 -1351 -233 24979 7620 25447
-4454 -965 -259 29910 10370 28500
-4484 -221 -311 32767 10091 30266
-4394 275 -348 32767 4792 32767
-4358 671 -460 32767 -2872 32767
-4266 960 -663 32767 -7387 32767
-4331 1005 -1011 32767 -10611 32767
-4668 1097 -1852 32767 -9628 32767
-4603 1207 -2415 32767 -6987 32767
-4600 1091 -3415 32767 -8897 32767
-5085 879 -4504 32767 -17767 32767
-5471 624 -5275 27043 -23757 32767
-6508 -50 -6693 20433 -21182 32767
-7376 -594 -7723 10545 -7054 32767
-9235 -1770 -8807 -348 8422 32767
-10444 -2889 -8517 -9952 18623 32767
-9888 -3533 -7628 -27718 32767 32767
-8924 -4294 -5983 -32768 32767 32767
-8021 -4998 -4340 -32768 32767 32767
-7634 -5474 -3399 -32768 32767 32767
-7692 -6341 -1434 -32768 32767 32767
-6597 -5947 2266 -32768 32767 32767
-6230 -6732 2830 -32768 32767 32767
-5405 -5869 5505 -32768 32767 32767
-5131 -4518 6697 -32768 32767 32767
-4689 -4144 6820 -32768 32767 32767
-4410 -3566 6581 -32768 32767 32767
-4204 -3253 5945 -32768 32767 32767
-3416 -3038 4976 -26105 32767 17996
-2786 -2836 4500 -18499 32767 14245
-2293 -2655 4340 -13353 32767 14768
-2076 -2459 4193 -6467 32767 16466
-2716 -2064 3848 -2664 32767 15960
-3251 -1914 3661 1526 32767 12190
-3565 -1654 3471 3396 32767 7255
-3419 -1478 3268 3430 32767 4295
-3215 -1424 3144 2038 32767 -49
-3019 -1214 2702 903 32767 -3335
-2800 -1059 2301 -115 32767 -8005
-2358 -900 1650 -43 32767 -10398
-2114 -742 1155 1455 32767 -12743
-1807 -619 532 3311 32767 -13591
-1649 -485 164 7090 32767 -14380
-1630 -226 -457 12433 32767 -15805
-1814 -5 -927 16930 32767 -17651
-1817 457 -1382 24242 30952 -20721
-1571 647 -1489 29048 28648 -22211
-1148 679 -1520 32767 25195 -22993
-693 561 -1491 32767 22440 -22337
-443 431 -1431 32767 17072 -19930
-271 264 -1325 32767 12563 -17967
-232 131 -1313 32767 5115 -15370
-243 -61 -1244 32767 -2580 -13821
-294 -164 -1209 32767 -7593 -13524
-362 -312 -1135 32767 -14859 -13870
-394 -437 -1062 32767 -19816 -14472
-387 -517 -1001 32767 -27482 -15537
-417 -737 -927 32767 -32365 -16447
-513 -1149 -913 32767 -32768 -18264
-627 -1260 -928 32767 -32768 -20697
-885 -1340 -960 32767 -32768 -22666
-1025 -1441 -1020 32767 -32768 -26038
-1366 -1942 -1105 32767 -32768 -29947
-1549 -2157 -1148 32767 -32768 -32565
-1637 -2203 -1295 32767 -27027 -32768
-1735 -2450 -1601 32767 -23910 -32768
-1740 -2860 -1552 32767 -18219 -32768
-1557 -3682 -1270 32767 -12581 -32768
-1394 -4272 -1136 32767 -2482 -32143
-1569 -4594 -1285 30304 6286 -28801
-2075 -4325 -1464 29105 10645 -28133
-2321 -4092 -1452 27663 16539 -29266
-2685 -3790 -1390 26937 19527 -31067
-2822 -3572 -1402 26472 21424 -32768
-2859 -3277 -1246 26302 21442 -32768
-2924 -3122 -970 25358 21058 -32768
-3214 -2819 -363 23790 20241 -32768
-3482 -2515 70 19767 16925 -32768
-3761 -2067 462 14761 11870 -32768
-3578 -1656 102 12432 8601 -32768
-3359 -1306 -574 12162 6977 -31553
-3327 -969 -681 14312 13327 -22293
-3630 -482 -274 15936 26793 -12162
-4004 -128 110 15972 32767 -5826
-4446 144 512 14770 32767 2945
-4724 375 320 14077 32767 8417
-4768 655 10 13962 32767 16666
-5093 1033 -345 14173 32767 21788
-5425 1314 -505 14262 32767 28162
-5930 1625 -768 14560 25750 32767
-6204 1466 -1648 15920 19969 32767
-6616 1431 -2384 19611 15634 32767
-7060 1220 -3110 21848 12962 32767
-7184 674 -3392 23691 6074 32767
-7138 -641 -3786 23737 -1688 32767
-7359 -1355 -4578 23444 -7130 32767
-7760 -2502 -5688 20959 -13396 32767
-7813 -3848 -5926 12676 -12586 32767
-7578 -5490 -5757 4067 -8042 32767
-7699 -6743 -6239 -8382 -4473 32767
-8316 -8886 -7264 -14358 -5146 32767
-8833 -10351 -7836 -20541 -5490 32767
-9117 -12490 -7562 -29877 -957 32767
-9413 -14378 -6046 -32768 2464 32767
-9857 -15463 -4975 -32768 4431 32767
-10437 -16331 -4149 -32768 6538 32767
-10773 -16892 -2907 -32768 14961 32767
-10636 -16411 -1287 -32768 19504 32767
-10349 -15872 -132 -32768 13181 7674
-8002 -14827 3696 -32768 -9076 32767
-6910 -13623 3525 -32768 -28305 32767
-6811 -13049 2699 -32768 -32768 32767
-7084 -11688 1702 -32768 -24226 32767
-6404 -10957 606 -32768 -794 32767
-5589 -10795 614 -32768 17952 32767
-3703 -10183 1452 -28702 26926 32767
-2248 -9657 2131 -22657 32767 32767
-755 -8460 2942 -19857 32767 32767
-166 -7812 3112 -15031 32767 32767
-79 -6935 3005 -8395 32767 32767
-359 -6239 3024 -3889 32767 32163
-634 -5756 3096 1724 32767 25997
-1182 -4935 3217 5785 32767 18115
-1502 -4300 3342 7748 32767 12850
-1784 -3825 3317 9961 32767 5494
-2213 -3146 3170 11041 32767 1347
-2496 -2711 3186 11673 32767 -3204
-2767 -2118 3041 11620 32767 -5168
-2956 -1640 2670 11646 32767 -5230
-3145 -1393 2270 12505 32767 -4499
-3600 -888 1475 14773 32767 -4101
-3888 -496 1016 16650 32767 -4508
-4171 117 684 18672 32767 -6026
-1284 2668 501 21585 -24342 5218
-1099 2208 270 25638 -27860 3110
-1042 1686 225 31680 -24026 -2326
-1559 1180 367 32767 -11543 -10458
-1333 938 496 32767 6095 -18714
-1672 707 802 32767 15580 -24119
-920 589 548 32767 23372 -29156
-522 235 303 32767 25320 -30874
-310 65 293 32767 25210 -31898
33 -83 82 32767 23618 -31540
-35 -183 -126 32767 19684 -30384
-10 -390 -96 32767 13945 -28565
113 -807 -155 32767 9351 -26891
-1204 -3714 -1574 26293 -12938 -14955
-1269 -3888 -1637 26743 -9307 -16463
-1116 -4128 -1700 28177 -2270 -17391
-1037 -4295 -1743 29641 2763 -17342
-1169 -4393 -1780 32482 9758 -17348
-1481 -4316 -1760 32767 13837 -17655
-1735 -4259 -1777 32767 18179 -18876
-2005 -3995 -1740 32767 19419 -19939
-2093 -3754 -1658 32767 18125 -21547
-2238 -3296 -1568 32767 15025 -22385
-2220 -2978 -1491 32767 8719 -22860
-2106 -2521 -1292 32767 2993 -21917
-2033 -2310 -1155 32767 214 -20405
-1967 -2034 -904 31933 -1431 -16874
-1953 -1902 -717 28596 -887 -13953
-2161 -1877 -569 23963 1463 -9627
-2417 -1711 -617 20879 4694 -5834
-2700 -1583 -901 20220 6547 -3774
-2873 -1544 -1079 21306 9127 -1070
-3073 -1489 -1143 22813 11209 652
-3181 -1488 -992 24817 14695 3288
-3425 -1361 -662 25353 16609 5545
-3802 -1203 -346 24671 16677 6676
-3933 -1030 -171 22349 15399 8484
-4065 -701 -107 19577 11937 11414
-4068 -551 -101 17996 9697 14296
-4083 -570 -60 16486 8344 19161
-4336 -588 -113 16243 8409 22000
-4738 -583 -181 16953 9335 24237
-5333 -476 -186 17747 10583 24384
-5514 -161 -236 18894 13055 23873
-5419 444 -498 19718 14836 24617
-4783 862 -700 19659 15587 26903
-4339 1124 -919 18492 14416 32303
-3950 1360 -1514 16636 6894 32767
-4026 1447 -2599 15957 -572 32767
-4307 1268 -3615 17069 -10747 32767
-4743 718 -5511 19558 -15124 30634
-4677 -317 -7272 19715 -15131 28967
-4506 -1376 -7803 13281 -12868 32767
-4512 -2918 -7940 3613 -9401 32767
-5058 -3927 -7890 -15582 -1662 32767
-7277 -5582 -8037 -32768 3200 32767
-8527 -6512 -7325 -32768 9134 32767
-8623 -7077 -6356 -32768 22981 32767
-8319 -7546 -4578 -32768 30853 32767
-7888 -7753 -3382 -32768 32767 32767
-7596 -7944 -1551 -32768 32767 32767
-7512 -8063 -365 -32768 32767 32767
-6834 -8523 1864 -32768 32767 32767
-5704 -8108 3201 -32768 32767 32767
-5180 -8173 3994 -32768 23210 32767
-4587 -7678 4516 -32768 10067 32767
-3406 -7244 4442 -32768 6107 32767
-2934 -6981 3912 -32768 10655 32767
-2641 -6425 3262 -32768 25247 32767
-2078 -5845 2949 -32768 32767 32767
-1583 -5417 3046 -24150 32767 32767
-1128 -4542 3125 -15517 32767 32767
-912 -3883 3335 -11626 32767 32767
-998 -3648 3473 -7999 32767 28031
-1605 -3410 3519 -5538 32767 20259
-2135 -3153 3272 -2450 32767 14566
-2282 -2961 2934 186 32767 12596
-2370 -2735 2605 4105 32767 11416
-2518 -2532 2317 6306 32767 10547
-2758 -2242 2104 7901 32767 8477
-2788 -2160 2246 7166 32767 6713
-2718 -2023 2330 3784 32767 3878
-2537 -1905 2137 1149 32767 1838
-2416 -1857 1722 -1282 32767 -1606
-2300 -1594 842 -1187 32767 -4211
-2280 -1367 283 1516 32767 -8355
-2146 -1084 -402 4621 32767 -10933
-2027 -901 -758 10671 32767 -14198
-1989 -621 -1231 15235 32767 -16267
-2045 -381 -1484 22401 32767 -19456
-1931 -107 -1610 28935 32767 -22283
-1770 -17 -1459 32490 29205 -23770
-1647 52 -1380 32767 22731 -25227
-1435 84 -1274 32767 17629 -25556
-1232 68 -1244 32767 8801 -25013
-953 57 -1264 32767 2710 -24185
-822 23 -1299 32767 -5721 -22929
-664 -33 -1340 32767 -12590 -22149
-726 -85 -1450 32767 -16217 -22250
-868 -115 -1606 32767 -20122 -23445
-1018 -195 -1707 32767 -21786 -24653
-1040 -251 -1668 32767 -23183 -26651
-1157 -422 -1640 32767 -23818 -28777
-1169 -610 -1528 32767 -23735 -30051
-1097 -764 -1384 32767 -23339 -31220
-1026 -1134 -1218 32767 -23111 -31426
-1091 -1422 -1051 32767 -21402 -31273
-1204 -1927 -776 32767 -16896 -30567
-1346 -2486 -650 32767 -12451 -29635
-1440 -3104 -300 32767 -7539 -27286
-1435 -3847 -220 32767 -5976 -25238
-1574 -4656 -462 29073 -3632 -22826
-2037 -5269 -1197 25088 -1001 -23323
-2950 -4826 -1877 24747 652 -26253
-3420 -4224 -1996 25465 4426 -32768
-3350 -3469 -1717 25582 10638 -32768
-2789 -3098 -1285 24957 14648 -32768
-2558 -2939 -998 22899 19378 -32768
-2414 -2697 -457 19321 22735 -32768
-2444 -2486 -182 16461 23301 -32768
-2533 -2121 52 13651 22162 -32768
-2476 -1921 45 10305 17112 -32768
-2250 -1642 -242 9069 9282 -29528
-2103 -1291 -730 9623 3580 -25274
-2192 -1079 -1029 12211 -3261 -19097
-2494 -753 -1110 14378 -4846 -15635
-2611 -604 -940 17153 -1126 -11417
-2732 -556 -381 18271 8660 -7921
-2722 -632 24 17932 16514 -5554
-2603 -626 292 17172 23161 -3099
-2567 -670 280 16034 28056 663
-2462 -828 232 15399 26804 4791
-2511 -1196 196 15330 23427 7513
-2666 -1510 205 15846 15856 11139
-3102 -2410 258 16463 10695 12962
-3421 -2921 381 17036 5339 14516
-3959 -3310 364 16601 1997 14807
-4345 -3170 204 15519 159 14820
-4437 -2863 247 12036 -253 15406
-4340 -2495 371 8791 1113 17011
-4154 -2333 445 3668 3356 22314
-4106 -2137 319 1088 3684 27248
-4234 -2022 -26 398 2126 32767
-4590 -1713 -1165 5718 -659 32767
-4978 -1644 -2286 12275 -1219 32767
-5133 -1748 -2761 23276 1299 32767
-5001 -2092 -2996 28753 3848 32767
-4549 -2556 -2753 30747 3354 32767
-4410 -3107 -2516 24950 -3210 32767
-4508 -3848 -2587 18860 -6806 32767
-5094 -5042 -3371 8891 -3688 32767
-6194 -6370 -3834 738 2831 32767
-6872 -7123 -4098 -13168 12637 32767
-7347 -8399 -4468 -21584 17753 32767
-7454 -8975 -4438 -31751 25550 32767
-7481 -9528 -3884 -32768 31399 32767
-7325 -9814 -2627 -32768 30070 32767
-7364 -9906 -1676 -32768 21561 32767
-7451 -9778 -598 -32768 14735 32767
-7599 -9472 -176 -32768 16192 32767
-7717 -9601 -201 -32768 32767 -32768
-7809 -9390 416 -32768 32767 30107
-7102 -8523 947 -32768 32767 32767
-6877 -8533 1005 -32768 32767 32767
-6507 -7995 1585 -32768 32767 32767
-6392 -7031 1685 -32768 26816 32767
-5967 -6653 1759 -32768 15726 32767
-5161 -6322 1800 -32768 15283 32767
-4732 -6127 1801 -32768 19704 32767
-4097 -5876 1932 -32768 24887 32767
-3505 -5609 2085 -32768 27406 32767
-3012 -5509 2091 -25915 29083 32767
-2491 -5159 2007 -19861 29384 31962
-2441 -4869 1978 -10755 29971 26468
-2187 -4446 2148 -5300 31511 22376
-1811 -4102 2422 1046 32767 16721
-1711 -3890 2675 4256 32767 11580
-1660 -3568 3045 4776 32767 8378
-1704 -3336 3225 4140 32767 3780
-1872 -2852 3241 3659 32767 -683
-2028 -2301 2946 4173 31458 -3221
-2060 -1854 2581 6674 26449 -6184
-2177 -1163 1831 11433 24241 -8521
-2325 -374 1170 15300 25160 -10136
-2393 83 832 21077 29449 -12524
-2545 679 479 24471 32767 -14079
-2739 975 601 27212 32767 -16185
-2889 1197 1171 26072 32767 -17472
-2828 1398 1282 24242 29485 -17720
-2469 1399 1319 20776 19019 -16764
-2277 1426 743 19244 10027 -15699
-2044 1558 294 19570 -1122 -14477
-1839 1579 -528 23690 -6750 -14134
-1564 1575 -1032 27899 -7568 -14307
-1313 1398 -941 32767 -4029 -14844
-1036 974 -545 32767 299 -15417
-1012 734 -255 32767 6566 -17179
-1082 610 49 32767 9481 -19011
-1054 545 248 32767 11728 -22453
-1396 451 334 32767 12346 -27768
-1091 539 339 32767 11703 -30971
-69 234 220 32767 7235 -32768
81 72 256 32767 4218 -32768
-362 -125 250 32767 -822 -32768
-415 -339 -520 32767 -410 -32768
-565 -268 -68 32767 -76 -32768
-335 -458 -144 32767 -819 -32768
-182 -948 -567 32729 -4800 -32768
-151 -1115 -785 30903 -7656 -31385
-216 -1421 -1080 29006 -10119 -26187
-437 -2186 -1418 28575 -10165 -22872
-561 -2829 -1577 29138 -8184 -18476
-912 -3732 -1822 30145 -6162 -16427
-1180 -4265 -2005 32343 -2910 -15005
-1642 -4943 -2250 32767 -725 -15337
-1985 -5310 -2353 32767 2740 -17599
-2401 -5562 -2314 32767 6473 -21498
-2836 -5428 -2467 32767 8280 -24670
-2926 -5105 -2601 32767 8743 -28743
-2662 -4492 -2436 32767 8006 -30028
-2198 -3950 -1936 32767 7958 -28965
-1949 -3624 -1530 32767 9106 -24917
-1633 -3173 -1034 32767 10506 -20937
-1523 -2840 -817 32767 13348 -14237
-1631 -2417 -676 31668 16625 -8548
-1861 -2043 -723 28849 18788 -5878
-1987 -1865 -753 25555 21497 -3508
-2124 -1598 -728 23147 23219 -2419
-2118 -1402 -727 22007 23475 -1953
-2034 -1334 -784 21146 21800 -851
-1885 -1247 -919 21179 19393 309
-1747 -1183 -1018 21926 14520 2959
-1646 -1117 -1101 23026 9400 6229
-1764 -1066 -1130 23695 6458 8098
-2150 -959 -1024 24043 3266 9729
-2491 -881 -839 23376 2202 9951
-3014 -778 -420 20788 972 9626
-3274 -606 -249 18693 -1108 9741
-3584 -435 -157 16985 -4017 10490
-3739 -333 -147 16050 -6495 13003
-4333 -120 -184 17675 -5730 15399
-4869 -311 -633 20466 -4689 16931
-5139 126 -498 24284 1422 18634
-5641 592 -451 26182 9056 19814
-5769 961 -475 26197 12777 21018
-5544 1163 -503 24607 13539 24859
-5143 1269 -844 22795 6989 30629
-4992 1465 -1572 22212 260 32767
-5413 1572 -2310 22554 -6997 32767
-5985 1399 -3545 22835 -6803 32767
-5970 1164 -4401 21341 -1751 32767
-5614 464 -5290 17502 665 32767
-5508 -156 -5748 7143 -1726 32767
-6690 -1461 -6569 -4781 -2341 32767
-9027 -2857 -7219 -11837 4378 32767
-10484 -3905 -7047 -22640 25812 32767
-10455 -5415 -5672 -32768 32767 32767
-9042 -6391 -3674 -32768 32767 32767
-8030 -6893 -1834 -32768 32767 32767
-7507 -7107 -856 -32768 30075 32767
-6905 -7501 305 -32768 31393 32767
-6868 -6579 5175 -32768 32767 -32768
-5672 -8383 2681 -32768 32767 32767
-5262 -7149 4605 -32768 32767 32767
-4915 -6377 4898 -32768 32767 32767
-4151 -5359 5403 -32768 32767 32767
-3637 -4843 5525 -32768 32767 32767
-3350 -4074 4889 -32768 32767 32767
-3483 -3579 4329 -32768 32410 32767
-3473 -3471 3847 -27272 28226 32767
-3044 -3406 3679 -19361 32767 32767
-2523 -3225 3660 -16412 32767 32767
-2204 -3169 3717 -14841 32767 28287
-1883 -3089 3560 -14504 32767 22550
-1869 -2974 3315 -12794 32767 14826
-1503 -2875 2602 -7384 26722 11073
-1439 -2759 2007 267 22074 9281
-1883 -2478 1740 4954 21261 7288
-2098 -2328 1760 9555 22984 2953
-2166 -1980 1846 10926 28314 -1789
-1957 -1692 1637 10852 32767 -4616
-1815 -1486 1344 10655 32767 -8492
-1766 -1226 769 11421 32767 -12553
-1848 -970 250 12606 32767 -15604
-1950 -763 -62 15383 32767 -20647
-2019 -494 -415 17801 32767 -23950
-2041 -373 -591 21678 28928 -28380
-1960 -225 -772 25156 21235 -31738
-1732 -192 -811 26870 15989 -32768
-1542 -257 -761 28150 8838 -32768
-1305 -298 -693 28200 4394 -32768
-1179 -325 -666 27642 -999 -32768
-1030 -340 -697 27106 -3532 -32768
-907 -341 -766 27091 -3614 -32768
-873 -362 -853 28103 -2434 -32768
-792 -432 -1017 29541 -1264 -32768
-804 -497 -1144 32678 721 -32768
-872 -511 -1220 32767 2044 -32768
-991 -618 -1314 32767 2456 -32768
-1099 -757 -1372 32767 2643 -32768
-1260 -846 -1348 32767 1303 -32768
-1331 -854 -1184 32767 -1399 -32768
-1366 -920 -1026 32767 -8293 -32768
-1332 -1164 -806 32767 -17214 -32768
-1331 -1366 -586 32767 -23036 -32768
-1411 -1513 -440 32767 -29509 -32768
-1680 -2069 -289 32767 -31629 -32768
-1802 -2570 -192 32767 -30788 -32420
-2029 -3679 -66 29931 -24669 -31692
-2301 -4427 -96 27961 -18368 -31498
-2652 -4563 -371 26400 -8939 -32768
-3446 -4294 -796 26107 -841 -32768
-3856 -3686 -1008 26154 4865 -32768
-3734 -3317 -1007 26125 15229 -32768
-3047 -2945 -808 25758 22882 -32768
-2552 -2782 -615 24325 32767 -32768
-2174 -2630 -320 21736 32767 -32768
-2094 -2478 -65 19507 32767 -32768
-2221 -2385 36 16159 32767 -32768
-2413 -2288 31 14286 32767 -32768
-2668 -2013 -166 12702 26992 -32768
-2777 -1785 -359 12855 22414 -32768
-2910 -1607 -615 13894 21011 -32768
-2881 -1441 -679 16194 21433 -29009
-2769 -1169 -610 17582 22790 -24560
-2660 -1093 -438 18531 26131 -15744
-2524 -1180 6 17212 29995 -5417
-2660 -1468 338 15399 31835 1240
-2939 -1733 339 12803 31812 9316
-3341 -2227 63 12050 29874 13398
-3579 -2689 -209 13195 25616 18017
-3840 -3268 -511 15070 23091 20408
-4046 -3472 -552 17925 20578 22859
-4321 -3422 -422 19035 18846 24169
-4438 -2959 -459 18556 17347 24782
-4579 -2561 -487 15957 14458 25542
-4725 -2047 -648 13277 11500 26595
-4634 -1904 -928 9231 4849 30314
-4257 -1948 -1280 6054 -480 32767
-4109 -2013 -1771 4901 -2230 32767
-4283 -1885 -2175 5032 -2742 32767
-4644 -1594 -2872 7327 -2403 32767
-4677 -1418 -3661 9798 -3359 32767
-4472 -1473 -4045 13441 -7653 32767
-4139 -2099 -4426 14719 -12393 32767
-4207 -2843 -4474 12632 -18300 32767
-4793 -4241 -4515 4853 -14093 32767
-5739 -5803 -5004 -2492 -6533 32767
-6482 -7102 -5502 -14111 2166 32767
-7556 -9373 -6182 -26508 4716 32767
-8086 -11322 -5564 -32768 8824 32767
-8145 -12011 -5013 -32768 17090 32767
-7926 -12434 -4265 -32768 21644 32767
-7687 -12442 -3782 -32768 25246 32767
-7405 -12267 -3217 -32768 24920 32767
-7219 -11800 -2246 -32768 23066 32767
-7837 -7371 -1623 -32768 22866 -32768
-6605 -10039 -421 -32768 25966 32767
-5337 -9849 535 -32768 18490 32767
-5562 -8975 310 -32768 8427 32767
-5532 -8350 528 -32768 4582 32767
-5428 -7937 439 -32768 4481 32767
-5240 -7430 518 -32768 7387 32767
-4967 -7052 605 -32768 14404 32767
-4356 -6579 825 -32768 19981 32767
-3874 -6255 1035 -28009 28031 32767
-3329 -5790 1172 -23610 31327 32767
-3031 -5589 1316 -18472 32767 32767
-2655 -5497 1600 -14605 32767 32767
-2386 -5186 1666 -12124 32767 32767
-2164 -4979 1625 -7942 32767 32767
-1813 -4655 1577 -3454 32767 31768
-1723 -4276 1514 -641 32767 29252
-1808 -3984 1534 2450 32767 25076
-1742 -3596 1687 3357 32767 22580
-1526 -3168 1888 2902 32767 19640
-1608 -2862 1897 1481 32767 15598
-1835 -2300 1769 683 32767 9559
-2090 -1669 1678 619 32767 4758
-2164 -1225 1633 1121 28503 -2041
-2273 -725 1445 2740 20410 -6965
-2426 -500 1078 4996 15165 -9020
-2635 -115 537 9834 10948 -11165
-3089 356 279 13655 11909 -12747
-3311 678 259 19455 18434 -15274
-3354 1239 419 23975 26856 -17341
-3393 1880 720 25453 30153 -18181
-3332 2099 939 25159 28284 -17995
-2854 2056 1064 23786 22758 -16572
-2456 1967 972 21369 10510 -12953
-1916 1848 906 19969 1411 -10276
-1994 1701 641 19414 -12064 -8063
-1910 1468 365 20244 -19653 -7841
-1685 1169 150 22906 -28156 -8978
-1523 910 9 26874 -31791 -11711
-1225 624 -221 30080 -30561 -14276
-1219 419 -240 32767 -23166 -19620
-1430 110 -307 32767 -11382 -26982
-1543 299 -186 32767 -2763 -32199
-1588 341 -168 32767 10556 -32768
-1403 280 27 32767 18211 -32768
-1089 153 -81 32767 25446 -32768
-744 -80 -422 32767 28161 -32768
-379 -39 -291 32767 29337 -32768
-132 -135 -212 32767 26698 -32768
224 -587 -335 32767 23563 -32768
293 -831 -273 32767 17589 -29024
325 -1065 -404 32767 10990 -21836
143 -1364 -785 32767 6777 -17578
-22 -1681 -1122 30199 1431 -12393
-331 -2161 -1628 28933 -3143 -9076
-761 -2537 -2006 29083 -6389 -8087
-1044 -2737 -2193 30365 -11332 -8310
-1389 -3173 -2337 31883 -14013 -9229
-1654 -3645 -2422 32767 -15746 -11294
-2306 -4378 -2451 32767 -13642 -14559
-2659 -4540 -2359 32767 -10288 -17229
-3152 -4533 -2118 32767 -4278 -21482
-3324 -4507 -1858 32767 241 -23648
-2962 -4218 -1333 32767 7940 -24254
-2477 -3765 -802 32767 12837 -22932
-2241 -3431 -526 32767 18531 -19363
-2060 -2940 -296 32767 21803 -15439
-2056 -2563 -307 32767 22649 -13335
-2301 -2115 -435 32372 22781 -11442
-2312 -1748 -549 30808 22917 -10565
-2114 -1566 -501 29157 24158 -8526
-1694 -1494 -392 27769 26082 -5174
-1542 -1380 -452 27069 26011 -2695
-1573 -1280 -559 26410 22314 649
-1691 -1248 -684 26218 18055 2556
-1888 -1420 -759 26191 11389 4731
-2029 -1462 -760 26082 5688 6297
-2305 -1507 -891 26027 1487 7230
-2434 -1650 -959 26211 -4323 8867
-2631 -1746 -945 26546 -6720 10832
-3093 -1755 -873 26961 -5499 12584
-3415 -1622 -909 27477 -3369 13619
-3814 -1459 -818 28025 1725 14811
-4060 -1357 -535 27684 5168 15357
-4219 -1076 -499 26181 6852 15768
-4501 -573 -569 24981 5821 15620
-4541 -251 -656 23607 3642 15607
-4507 100 -704 22618 2725 16867
-4209 317 -522 21355 2609 18668
-3738 676 -452 17913 177 22642
-3412 746 -675 14190 -5863 27372
-2937 791 -1467 12426 -13277 31995
-3030 683 -2662 12415 -17751 32767
-3526 590 -3443 12586 -23572 32767
-4786 82 -4884 10793 -21665 32767
-7006 -791 -5831 6515 -12010 32767
-8388 -1311 -6242 -5889 8067 32767
-8696 -2061 -6084 -18133 17818 32767
-8554 -2459 -5695 -32768 24006 32767
-8948 -3043 -5013 -32768 32221 32767
-9199 -4058 -3397 -32768 32767 32767
-8857 -4824 -1543 -32768 32767 32767
-7888 -8000 821 -32768 32767 -11004
-4150 -7030 5163 -32768 32767 32767
-3067 -6485 6696 -32768 32767 32767
-1003 -6343 7258 -32768 32767 32767
606 -6034 7378 -32768 31078 32767
1370 -4896 6233 -32768 26839 32767
1048 -3636 4853 -32768 25302 32767
1146 -3132 3964 -32768 31304 32767
1248 -2570 3001 -32768 32767 29171
1091 -1992 2703 -28161 32767 18090
989 -1543 2677 -23595 32767 7061
368 -882 2424 -22959 32767 2864
-358 -542 2188 -22953 32767 -938
-1752 -165 1700 -22220 32767 -2754
-2533 -159 1373 -19076 32767 -4197
-3422 -286 966 -13959 32767 -4028
-4056 -525 636 -10168 32767 -3223
-4396 -615 364 -4577 32767 -1808
-4676 -622 -124 633 32767 -120
-4443 -602 -422 3519 32767 1441
-4244 -536 -488 6330 32767 3571
-3915 -452 -490 6996 32767 4298
-3618 -436 -386 6279 32767 4098
-3305 -401 -285 5043 32767 2968
-3100 -340 -251 3157 32767 187
-2742 -235 -325 2443 32767 -1729
-2435 -193 -375 2415 32767 -3764
-1919 -134 -441 3653 32767 -4336
-1506 -69 -511 5059 28541 -4145
-1390 -24 -593 7983 18995 -3845
-1407 64 -822 12206 10827 -4441
-1384 133 -992 15709 6454 -5371
-1266 169 -1114 22015 1973 -7216
-1011 228 -1161 26626 263 -8549
-776 232 -1169 32767 -1323 -10252
-386 119 -1061 32767 -2969 -11263
-138 -36 -828 32767 -4456 -11915
56 -240 -789 32767 -7895 -13056
-53 -460 -802 32767 -11938 -15549
-160 -714 -890 32767 -13432 -19653
-318 -877 -575 32767 -12377 -22959
-648 -1124 -952 32767 -10072 -28677
-614 -786 -936 32767 -9926 -31816
-429 -680 -815 32767 -13796 -32768
-18 -1037 -1015 32767 -19071 -32768
-446 -1358 -1324 32767 -30831 -30327
-740 -1576 -1515 32767 -32768 -26628
-1076 -1874 -1430 32767 -32768 -23062
-1641 -2223 -1112 32767 -32768 -21707
-2042 -2320 -800 32767 -32768 -21223
-2307 -2677 -522 32767 -32768 -20830
-2250 -2931 -483 30694 -32768 -18972
-2109 -3204 -642 28890 -15348 -16418
-2109 -3193 -916 29438 3982 -15383
-2226 -3025 -1089 31854 30054 -15811
-2304 -2733 -1153 32767 32767 -17178
-2273 -2492 -1088 32767 32767 -20009
-2150 -2191 -997 32767 32767 -22101
-1994 -1922 -801 32767 32767 -25294
-1883 -1743 -594 32767 32767 -28463
-1797 -1571 -392 32767 32767 -30364
-1718 -1430 -195 32767 32767 -32187
-1581 -1444 25 32767 32767 -32250
-1504 -1541 70 29995 18712 -30625
-1596 -1588 33 27307 7127 -28946
-1864 -1460 2 23014 -7497 -26714
-2149 -1313 -263 20694 -14057 -25278
-2364 -1399 -466 18746 -17527 -22856
-2573 -1485 -635 18272 -15595 -20832
-2856 -1971 -283 17221 252 -10421
-2792 -2204 -129 16364 7591 -1907
-2805 -2900 93 15688 12418 7326
-3054 -3464 142 15482 13607 12227
-3770 -3652 145 14958 12303 16300
-4392 -3671 -203 14791 9162 17287
-4665 -3599 -454 14562 1695 17722
-4627 -3291 -471 13645 -3293 18576
-4271 -3298 -297 10562 -8502 22962
-3539 -3321 6 7695 -10475 28076
-3267 -3173 38 3624 -12331 32767
-3377 -2901 -187 1954 -12804 32767
-3666 -2710 -467 2217 -11732 32767
-4028 -2579 -990 4657 -10951 32767
-4344 -2426 -1671 12621 -12936 32767
-4824 -1985 -2712 20305 -15763 32767
-5034 -2017 -3282 32527 -18332 32767
-4943 -2537 -3702 32767 -11575 32767
-4795 -3055 -3805 32767 -1605 32767
-5270 -4179 -3677 32767 13356 32767
-6717 -5476 -4070 26552 18192 32767
-7541 -6509 -4277 10849 20577 32767
-7996 -7980 -4383 -6072 24781 32767
-7768 -8543 -4115 -17846 29623 32767
-7755 -9183 -3502 -32768 32767 32767
-7400 -9221 -2572 -32768 32767 32767
-7476 -9107 -1905 -32768 32767 32767
-7553 -8877 -998 -32768 32767 32767
-7343 -8829 -206 -32768 32767 32767
-8499 -5621 2395 -32768 32767 -32768
-6602 -8660 1828 -32768 32767 28646
-5446 -8273 2802 -32768 26545 32767
-5673 -7806 2336 -32768 18274 32767
-5705 -7555 2269 -32768 17679 32767
-6058 -7404 2145 -32768 18851 32767
-6201 -7312 2138 -32768 20790 32767
-5828 -7016 2212 -32768 22085 32767
-4849 -6987 2466 -32768 24195 32767
-3791 -6469 2715 -32768 29816 32767
-3279 -5888 2818 -31949 32767 32767
-2994 -5506 2838 -23187 32767 32767
-2528 -4971 2930 -18470 32767 32767
-2333 -4607 2961 -12207 32767 32767
-2423 -3804 2700 -5559 32767 25958
-2402 -3040 2725 -1234 32767 19789
-2277 -2636 2822 3926 32767 12711
-1990 -2113 2983 6181 32767 10400
-1949 -1824 3087 7495 32767 9988
-2142 -1437 3215 6571 32767 10861
-2533 -954 3208 5087 32767 11104
-2867 -699 3169 2414 32767 10599
-3012 -334 2889 948 32767 10282
-2892 -73 2571 241 24112 10922
-2411 298 1997 2075 15791 13180
-1898 538 1569 4513 11543 15047
-1633 591 1336 9403 8188 17105
-1505 694 1226 14864 6911 16925
-1435 786 964 18992 5664 15365
-1261 850 644 26476 2804 11229
-1198 862 266 31867 1518 6978
-1387 917 306 32767 2553 -2228
-2104 930 617 32767 4701 -14244
-2191 747 868 32767 4121 -21865
-1498 445 543 32767 2056 -29834
-661 366 486 32767 1298 -32768
-933 85 641 32767 4482 -32768
-417 111 986 32767 11040 -32768
-128 -86 544 32767 18666 -32768
34 -392 211 32767 21234 -32768
283 -773 258 32767 18592 -32768
29 -1024 5 32767 9842 -32768
-258 -911 -25 32767 -586 -32768
-358 -801 -203 32767 -6799 -31972
-233 -1080 -179 32767 -13762 -29881
-180 -1253 -336 32767 -14629 -27204
-315 -1445 -778 31539 -12784 -25406
-491 -1561 -1231 31615 -8594 -23116
-894 -1599 -1774 32767 -4979 -22201
-948 -1749 -2103 32767 438 -21073
-1031 -2083 -2423 32767 3284 -20258
-949 -2395 -2494 32767 5011 -18460
-1041 -2805 -2587 32767 2847 -16409
-1144 -3148 -2544 32767 255 -15139
-1149 -3423 -2359 32767 -2140 -13165
-1059 -3955 -2069 32767 -932 -10913
-980 -4511 -1998 32767 2229 -9356
-1177 -4618 -2151 32767 8419 -8209
-1713 -4550 -2511 32767 11644 -8752
-2033 -4335 -2611 32767 15361 -11330
-2193 -3967 -2466 32767 19022 -14369
-2077 -3743 -2311 32767 20209 -15724
-2024 -3572 -2200 32767 18481 -16535
-1975 -3170 -1918 32767 15377 -16376
-1994 -2881 -1684 32767 9184 -15322
-1902 -2529 -1313 32767 3070 -13292
-1781 -2214 -848 32767 46 -11415
-1657 -2043 -527 32767 -1307 -8087
-1655 -1865 -170 28593 743 -4928
-1877 -1832 -308 25917 2985 -3345
-2068 -1830 -611 23959 6064 -1902
-2202 -1757 -1017 24157 7973 -1184
-2164 -1662 -1105 25674 10918 321
-2156 -1411 -1093 26949 12741 1673
-2116 -1253 -1008 28350 14816 4308
-2089 -1104 -838 28590 15161 7263
-2305 -985 -593 27802 13744 9000
-2500 -933 -423 25207 9847 10766
-2983 -720 -168 22786 6702 11101
-3290 -582 -134 19053 1308 10873
-3714 -431 -110 16285 -2286 10736
-4089 -300 -85 15271 -1838 10788
-4748 -273 -105 15212 2322 10849
-5133 -390 -158 16654 5745 11460
-5402 -203 -195 17731 6396 12886
-5464 336 -198 18170 6384 16549
-5206 810 -237 17227 4626 22678
-4856 1108 -770 16933 2270 27507
-4792 1207 -1363 18645 -2749 32767
-5033 1196 -2446 21332 -5847 32767
-5420 1092 -3181 25551 -5335 32767
-5960 780 -4135 26051 516 32767
-6122 274 -4729 22833 1982 32767
-6048 -810 -5529 12096 -1114 32767
-6989 -2503 -6011 1546 -5963 32767
-8508 -3784 -6127 -16950 -8162 32767
-9268 -4524 -6056 -32768 2316 32767
-9991 -5592 -5544 -32768 11163 32767
-9784 -6320 -4710 -32768 19642 32767
-9124 -6994 -2878 -32768 23904 32767
-8346 -7375 -1569 -32768 28064 32767
-8048 -7985 -26 -32768 32767 32767
-12971 -11054 -2005 -32768 32767 32767
-6314 -8427 4123 -32768 32767 32767
-5209 -8470 5156 -32768 32767 32767
-3857 -8354 6068 -32768 32767 32767
-3559 -7420 6233 -32768 32767 32767
-3429 -6311 5644 -32768 32767 32767
-3055 -5727 5150 -32768 32767 32767
-2455 -4785 4611 -32768 32767 32767
-1719 -4053 4469 -32768 32767 32767
-1381 -3701 4411 -24312 32767 32767
-1062 -3145 4160 -20905 32767 32767
-970 -2798 3937 -18211 32767 31227
-1167 -2420 3447 -16071 32767 23783
-1440 -2158 2790 -13936 32767 18587
-1602 -1893 2231 -9565 28086 11975
-1602 -1731 1939 -4292 23664 8369
-1680 -1533 1626 -1036 22024 7484
-1763 -1407 1505 2529 22212 7395
-1932 -1284 1332 4024 24560 7438
-2102 -1284 1276 3243 28512 6684
-2224 -1246 1156 2018 31335 5133
-2312 -1146 933 626 32767 924
-2268 -892 461 697 32767 -2626
-2196 -697 127 2474 32614 -8106
-2055 -349 -325 4594 31714 -11487
-1991 -133 -569 8788 29271 -15854
-2003 100 -921 13874 25222 -19854
-2115 301 -1146 17411 22294 -22561
-2317 408 -1269 22580 16803 -27236
-2597 557 -1356 25750 12011 -30753
-2640 612 -1277 29300 4668 -32768
-2391 535 -1035 30675 1152 -32768
-2182 540 -828 31298 -1501 -32768
-1749 445 -676 31298 -2230 -32768
-1414 345 -652 31457 -2494 -32768
-978 209 -681 31929 -2672 -32768
-786 122 -706 32767 -3642 -31628
-613 10 -777 32767 -5392 -28496
-608 -18 -783 32767 -6730 -26982
-672 -160 -678 32767 -8778 -25819
-749 -366 -679 32767 -10760 -25574
-739 -467 -499 32767 -12268 -25603
-834 -682 -536 32767 -14586 -26228
-1366 -780 -419 32767 -16514 -27631
-1678 -958 -232 32767 -21454 -30545
-1934 -1059 -42 32767 -30441 -32768
-2132 -1127 203 32767 -32768 -32768
-2097 -1469 332 32767 -32768 -32768
-1694 -1669 495 31267 -32768 -32768
-1569 -1846 692 25204 -32768 -32768
-1492 -2356 407 21805 -32768 -30542
-1799 -3159 -161 21821 -24728 -28782
-2042 -3584 -426 24687 -4500 -27928
-2357 -3670 -517 28595 15592 -29808
-2928 -3342 -655 32478 28717 -32768
-3233 -3031 -772 32767 32767 -32768
-3326 -2510 -790 32767 32767 -32768
-2942 -2263 -554 32767 32767 -32768
-2626 -2287 -278 32767 32767 -32768
-2230 -2475 162 32767 31790 -32768
-2017 -2533 425 29863 30479 -32768
-1895 -2576 692 24375 28367 -32768
-1956 -2593 703 20895 26051 -32768
-1945 -2615 516 17054 21324 -32768
-1994 -2548 104 15450 15792 -32768
-2155 -2401 -440 15717 11982 -32768
-2230 -2166 -755 17344 6701 -32768
-2349 -1637 -870 18873 3224 -32768
-2331 -1428 -576 19158 2679 -31432
-2340 -1542 -115 17576 5961 -23729
-2427 -1598 360 14425 12238 -15080
-2761 -1752 255 11973 17454 -7363
-3101 -2224 133 11016 20527 -3070
-3307 -2535 60 10528 23408 2493
-3505 -3040 -18 10919 23474 7365
-3860 -2939 265 10687 22570 9818
-4149 -2807 417 9014 18428 12405
-4440 -2581 405 7299 13871 13824
-4507 -2339 317 4315 7897 16580
-4264 -2200 165 2358 6282 19711
-4102 -2114 11 -146 5641 26639
-4187 -2062 -97 -1394 5727 31634
-4456 -1890 -64 -2985 6727 32767
-4895 -1573 -529 -2766 7427 32767
-5074 -1328 -1304 1807 8009 32767
-5165 -909 -2759 11376 7490 32767
-5058 -864 -3734 18545 5784 32767
-4929 -1156 -3907 26332 1448 32767
-4876 -1770 -3954 28001 -501 32767
-5007 -2468 -4082 25092 -670 32767
-5135 -3915 -4294 16644 3036 32767
-5710 -5393 -4771 4216 5240 32767
-6480 -7124 -5125 -4982 4869 32767
-6956 -8232 -5092 -19460 7575 32767
-7475 -9593 -4678 -29584 13074 32767
-7423 -10333 -4063 -32768 19942 32767
-7211 -10983 -3143 -32768 18997 32767
-7071 -11184 -2444 -32768 14206 32767
-6849 -11037 -1662 -32768 10499 32767
-6782 -10604 -1294 -32768 10159 32767
-6933 -10260 -1154 -32768 17259 32767
-7190 -11628 -1126 -32768 19388 -32768
-6653 -10089 1179 -32768 32767 32767
-6429 -8789 2123 -32768 32575 32767
-1553 -5010 2545 -9003 32767 29746
-1199 -4702 2703 -6368 32767 27577
-1098 -4480 2827 -4293 32767 23755
-1131 -4035 3063 -4097 32767 18289
-1264 -3530 3043 -4455 29310 11752
-1203 -3015 2852 -4546 28177 7734
-1073 -2542 2690 -4382 29336 2887
-1056 -2238 2616 -4167 31230 -658
-1255 -1845 2539 -3986 31748 -3506
-1607 -1490 2397 -3724 31079 -5107
-1839 -1271 2223 -2946 28725 -6990
-2253 -974 1795 -936 25082 -8913
-2705 -594 1118 1553 22567 -10728
-2936 -353 637 7076 21731 -13951
-3126 -20 448 10988 24527 -16033
-3199 323 848 15053 31180 -18369
-3187 660 991 16735 32767 -19471
-3125 1172 1043 16825 32767 -19428
-2973 1407 996 16707 29903 -18617
-2248 1515 742 17078 24109 -16914
-1987 1541 324 19365 11728 -13503
-1835 1388 -155 23224 -1652 -11400
-2116 1423 -55 25493 -8848 -11624
-2300 1332 -51 28226 -15070 -14306
-2442 1173 54 30173 -15023 -18674
-1961 1404 -271 31826 -12072 -21674
-2333 1084 21 32767 -3686 -27914
-2043 620 556 32767 5646 -32148
-1435 223 298 32767 19555 -32768
252 616 131 32767 26377 -32768
387 717 145 32767 32767 -32768
-385 67 -227 32767 32767 -32768
-404 48 -421 32767 30371 -32768
-427 88 -320 32767 25199 -32112
-240 -193 -130 32767 22037 -30433
-44 -461 -140 32767 17779 -26380
155 -704 -249 32767 14953 -22858
222 -798 -425 29392 10117 -17154
155 -971 -759 26642 5540 -12202
-39 -1244 -1123 26097 3469 -9762
-200 -1446 -1388 27396 2152 -7666
-580 -1897 -1856 31071 2867 -7462
-906 -2467 -2187 32767 4148 -8138
-1049 -2934 -2255 32767 6459 -9723
-1131 -3682 -2141 32767 7949 -11400
-1276 -4146 -1968 32767 7170 -12482
-1289 -4470 -1894 32767 3585 -13893
-1321 -4912 -1816 32767 908 -14691
-1468 -5015 -1791 32767 -2055 -16167
-1633 -4954 -1941 32767 -2915 -17175
-1718 -4910 -2063 32767 -2451 -18146
-1909 -4725 -2109 32767 -975 -18417
-2060 -4515 -2103 32767 2152 -18411
-2244 -4092 -1921 32767 4781 -18174
-2185 -3535 -1573 32767 9428 -16865
-2171 -3154 -1292 32767 13686 -14697
-2279 -2707 -844 32767 16084 -13088
-2418 -2412 -523 30165 18394 -10524
-2659 -2006 -185 24551 18084 -7016
-2753 -1757 -245 21737 16920 -3669
-2838 -1649 -431 20129 14921 2734
-3071 -1492 -755 20872 13956 7709
-3149 -1319 -853 23363 12674 15704
-3555 -702 -800 24875 11277 20389
-3990 -47 -648 26226 8396 25567
-4276 269 -699 27303 3775 28817
-4592 553 -1007 28617 997 30385
-4735 654 -1290 31681 -1169 32760
-4634 813 -1793 32767 -1802 32767
-4604 979 -2465 32767 -1924 32767
-4783 985 -3031 32767 -2965 32767
-5211 792 -4074 32767 -6345 32767
-5569 408 -4890 32767 -9256 32767
-6424 -526 -6000 26326 -13047 32767
-7691 -1392 -6910 10389 -13781 32767
-9185 -2322 -7694 -1469 -7865 32767
-9882 -2848 -7964 -18565 9291 32767
-10381 -3520 -7429 -32768 25020 32767
-9550 -4238 -5715 -32768 32492 32767
-8676 -4831 -4182 -32768 32767 32767
-7841 -5714 -2188 -32768 32767 32767
-7296 -6629 -604 -32768 32767 32767
-7148 -7075 168 -32768 30660 -32768
-5856 -5968 3605 -32768 32767 32767
-5169 -8111 3273 -32768 32767 32767
-4917 -6400 4434 -32768 32767 32767
-4469 -5144 4759 -32768 32767 32767
-4071 -4783 4615 -32768 32767 32767
-3539 -4174 4379 -32768 32767 32767
-2966 -3862 4085 -32768 32767 32767
-2708 -3713 3795 -32556 32767 32767
-2473 -3437 3430 -26572 32767 32767
-2294 -3150 3273 -24420 32767 32767
-2218 -2947 3221 -22945 32767 26722
-2075 -2793 2997 -21659 32767 21944
-1903 -2608 2756 -18284 32767 16637
-1944 -2469 2582 -13041 30548 12158
-2162 -2244 2332 -6837 30277 8079
-2269 -2061 2204 -2951 32750 5509
-2255 -1919 2174 1624 32767 2169
-2179 -1743 2107 4161 32767 -87
-1992 -1611 2148 4423 32767 -946
-1805 -1511 2064 3601 32767 -1537
-1544 -1460 1847 2687 32767 -2436
-1585 -1312 1516 2932 32767 -4217
-1603 -1025 950 5050 32767 -8053
-1579 -858 410 9011 32767 -12156
-1610 -791 -39 12288 32767 -14779
-1806 -556 -478 17806 32767 -19096
-2058 -366 -746 23581 31030 -24332
-2282 -143 -1092 27481 26054 -27927
-2167 -42 -1169 32481 16813 -32256
-1864 -94 -1033 32767 10890 -32768
-1567 -109 -846 32767 2373 -32768
-1389 -154 -752 32767 -5505 -32768
-1142 -250 -673 32767 -9419 -32768
-1006 -342 -674 32767 -12238 -32768
-853 -476 -739 32767 -12398 -32768
-801 -525 -780 32767 -11452 -32768
-799 -540 -872 32767 -10757 -32768
-957 -570 -972 32767 -10609 -32768
-1033 -594 -1032 32767 -9849 -32768
-1081 -658 -1102 32767 -8729 -32768
-1125 -653 -1109 32767 -6630 -32768
-1087 -695 -1081 32767 -4430 -32768
-1010 -890 -1031 32767 -2973 -32768
-993 -1010 -949 32767 -1576 -31564
-1054 -1164 -874 32767 -2681 -29989
-1422 -1343 -818 32767 -4469 -29391
-1630 -1552 -737 32767 -6733 -28912
-1574 -1977 -562 32767 -7391 -27534
-1534 -2598 -306 32767 -7413 -25948
-1599 -3471 -105 32767 -6660 -22994
-1688 -4164 -45 32767 -4651 -19981
-1885 -4893 -136 32767 -2572 -18492
-2303 -4987 -305 32767 1550 -18072
-2620 -4768 -444 32767 6632 -20445
-2988 -4208 -567 32767 9954 -23290
-3285 -3872 -527 32767 14283 -28964
-3427 -3495 -459 32767 17431 -32768
-3409 -3143 -341 32767 22140 -32768
-3623 -2691 -32 32767 25144 -32768
-3719 -2364 254 32767 26251 -32768
-3847 -1854 584 28178 25274 -32768
-3691 -1627 537 24894 21644 -32768
-2760 -1603 130 21104 14100 -32768
-2098 -1708 -137 19445 10370 -32768
-1600 -1700 -400 18314 8645 -31674
-1594 -1555 -564 17121 9324 -18268
-1859 -1264 -529 15642 12058 -6817
-2227 -1093 -343 13470 16597 1119
-2363 -1117 -136 11707 19547 4640
-2447 -1106 -127 9140 21711 7649
-2448 -1036 -142 7686 21299 8608
-2370 -994 -216 6367 18200 9232
-2285 -822 -389 6291 15040 9377
-2239 -725 -518 7542 10440 9598
-2195 -798 -674 9125 8461 9847
-2430 -906 -658 11359 7346 9878
-2711 -993 -681 12902 6262 9106
-3243 -1188 -627 13113 4899 8091
-3592 -1311 -482 11555 2049 6181
-3984 -1663 -290 8422 -1623 5309
-3816 -1998 -139 4368 -3460 7855
-3572 -2060 -51 1312 -2811 11482
-3493 -1976 -115 -3456 -308 18479
-3513 -2009 -278 -6303 507 23245
-3853 -2083 -659 -9301 -1310 28676
-4310 -2074 -874 -10132 -3677 30731
-4752 -2007 -1366 -9379 -5320 31946
-4927 -1857 -1798 -4863 -4906 32767
-4850 -1557 -2424 2707 -1219 32767
-4678 -1401 -2679 8080 2326 32767
-4492 -1306 -2830 14710 7511 32767
-4409 -1510 -3025 17680 9322 32767
-4560 -1861 -3223 19789 6498 32767
-5005 -2936 -3238 18770 1765 32767
-5336 -3647 -3243 12769 -3681 32767
-5570 -4974 -3399 3566 1398 32767
-6177 -6330 -3556 -3394 8311 32767
-6720 -7192 -3637 -13123 14752 32767
-7268 -8448 -3394 -18818 15241 32767
-7535 -8840 -3043 -27281 18155 32767
-7618 -9340 -2413 -32768 24496 32767
-5926 -7364 3235 -32768 9852 32767
-5444 -7065 3598 -32768 8006 32767
-4461 -6901 3846 -32768 6822 32767
-3719 -6904 3717 -32768 6764 32767
-2798 -6567 3364 -32768 8841 32767
-2264 -6368 3317 -31235 16294 32767
-1739 -5790 3065 -21462 23049 32767
-1500 -5551 3033 -7885 32767 32767
-1321 -5327 3170 1909 32767 32017
-1419 -4870 3327 7137 32767 25546
-1133 -4383 3531 8327 32767 21544
-940 -4111 3598 7591 32767 16831
-810 -3730 3678 5938 32767 14394
-793 -3470 3777 2270 32767 11638
-847 -3084 3763 -308 32767 10308
-1018 -2712 3696 -3720 32767 8521
-1268 -2427 3624 -5904 32767 5722
-1700 -1775 3219 -6114 32767 3038
-1799 -1382 2982 -4469 32767 -778
-1834 -940 2697 -1026 32767 -2888
-1922 -344 2350 1855 32767 -3399
-1943 25 2262 6257 30916 -3631
-1997 467 2076 10326 28214 -4016
-2118 821 1996 13434 26190 -5043
-2151 981 1996 14872 24910 -5908
-2155 997 2116 15891 22066 -7216
-2181 1044 2133 16179 18708 -8183
-2236 1031 2019 16797 10813 -10152
-2333 1068 1870 17254 4409 -11941
-2335 1050 1656 18439 -4844 -15383
-2176 978 1133 19993 -9641 -17938
-1964 880 865 23018 -12684 -21509
-1542 734 576 25304 -11329 -23480
-1316 646 323 29169 -5541 -25943
-1134 488 200 31601 -808 -27303
-1004 407 256 32767 5896 -28620
-731 368 237 32767 9445 -28827
-586 308 233 32767 12430 -28206
-333 160 137 32767 12842 -27140
-241 93 114 32767 11385 -25032
-185 36 69 32767 9527 -23529
-165 27 22 32767 6258 -21428
-188 -107 -82 32767 4411 -20235
-238 -222 -127 32767 3179 -18830
-308 -375 -193 32478 3380 -18114
-321 -535 -291 30901 3865 -17188
-430 -864 -537 29562 3266 -16840
-703 -1030 -837 28872 2268 -17122
-811 -1222 -1054 28506 1053 -17973
-976 -1762 -1435 29220 1280 -18958
-1253 -2445 -1831 30476 2569 -19670
-1582 -2916 -2037 32767 6251 -21414
-2011 -3605 -2214 32767 10348 -23583
-2197 -4025 -2309 32767 11824 -24810
-2265 -4226 -2394 32767 10852 -26100
-2337 -4541 -2294 32767 8667 -26663
-2396 -4608 -2115 32767 4734 -27409
-2559 -4417 -1904 32767 2267 -28056
-2766 -4140 -1802 32767 -1041 -29104
-2823 -3983 -1677 32767 -1940 -29576
-2826 -3663 -1448 32767 -490 -29293
-2809 -3467 -1294 32767 4720 -27912
-2578 -3154 -1135 32767 9516 -26167
-2442 -2809 -1064 32767 15848 -22641
-2352 -2276 -1003 32767 19063 -18801
-2345 -1950 -935 32738 20293 -16404
-2261 -1750 -872 30175 21577 -12726
-2159 -1458 -883 28574 21374 -10120
-2148 -1339 -910 26581 19283 -6062
-2134 -1281 -790 24717 15964 -2001
-2316 -1210 -717 23640 12537 318
-2736 -1164 -642 22212 5547 2895
-3013 -1057 -565 20793 -729 4968
-3323 -872 -541 20212 -3053 6649
-3436 -826 -473 20036 -2470 10116
-3684 -745 -337 20562 1601 14377
-3939 -588 -298 21124 3924 17257
-4109 -376 -353 22140 4476 20912
-4389 181 -568 23106 3084 22664
-4456 458 -686 25021 -316 24976
-4297 820 -897 26533 -3459 26827
-4345 1074 -1205 29513 -8108 29395
-4418 1127 -1790 32767 -6762 31094
-4769 887 -2777 32767 -2804 31099
-5401 882 -3503 32767 3275 27764
-6094 936 -4339 32767 4997 24699
-5782 692 -4619 32767 5100 25188
-5080 -38 -4922 23684 3367 30056
-5280 -699 -5463 4777 -4690 32767
-6435 -1366 -6074 -15792 -9766 32767
-8152 -2072 -6639 -27240 -5501 32767
-9036 -2618 -6924 -32768 9965 32767
-9368 -3575 -6266 -32768 20799 32767
-9090 -4172 -5040 -32768 32767 32767
-8317 -5049 -2760 -32768 32767 32767
-7937 -5536 -1419 -32768 32767 32767
-7340 -6239 57 -32768 32767 32767
-4975 -5237 5023 -32768 32767 32767
-6106 -8135 1366 -32768 32767 32767
-6236 -7032 2987 -32768 32767 32767
-5414 -7176 3724 -32768 32767 32767
-4591 -7017 4901 -32768 32767 32767
-4263 -6734 5061 -32768 32767 32767
-4593 -5481 4160 -32768 32242 32767
-3751 -5236 3659 -32768 27920 32767
-3083 -4939 3465 -32768 31934 32767
-2465 -4338 3402 -22224 32767 32767
-2109 -3964 3582 -16339 32767 32767
-2112 -3610 3621 -9912 32767 23759
-2066 -3121 3414 -6268 31657 16719
-1939 -2914 3186 -650 26961 9087
-1873 -2497 2782 5036 24890 4814
-1992 -2179 2650 8140 26027 3038
-2109 -1855 2723 11063 30927 714
-2072 -1677 2703 12020 32767 -1650
-1993 -1402 2515 11572 32767 -4265
-1902 -1157 2111 10594 32767 -7121
-1921 -1028 1765 10034 32767 -9357
-2121 -785 1151 9960 32767 -13708
-2269 -642 739 10677 32767 -17067
-2371 -565 200 12769 32767 -22167
-2376 -316 -276 14685 32767 -25388
-2410 -164 -571 18078 32767 -29634
-2306 -87 -861 21304 25944 -32768
-2106 8 -980 23496 15829 -32768
-1852 39 -959 24186 9365 -32768
-1655 34 -959 24325 785 -32768
-1445 -5 -1009 24131 -3948 -32768
-1308 4 -1086 23915 -8194 -32768
-1117 -32 -1166 24138 -8496 -32768
-1024 -32 -1242 25545 -5522 -31179
-886 -63 -1351 28332 310 -29250
-768 -67 -1373 30777 4715 -27809
-726 -25 -1405 32767 9853 -25744
-735 -36 -1456 32767 11740 -24465
-687 -97 -1411 32767 12780 -22409
-610 -175 -1328 32767 12314 -20941
-572 -373 -1267 32767 9566 -18790
-554 -557 -1192 32767 5539 -16925
-625 -783 -1072 32767 2354 -16082
-813 -1016 -971 32767 -3596 -15641
-983 -1235 -923 32767 -10256 -16240
-1268 -1590 -891 32767 -14316 -17217
-1469 -1789 -840 32767 -19140 -19229
-1698 -2264 -609 32767 -21827 -21160
-1777 -3148 -313 32767 -21631 -21961
-1793 -3701 -82 32767 -18131 -22266
-1872 -4427 26 32767 -13283 -21994
-2094 -4499 -131 32767 -9222 -22879
-2740 -4250 -491 32767 -6954 -25052
-3082 -3972 -705 32767 -2985 -30045
-3070 -3641 -850 32767 3159 -32768
-2782 -3444 -856 32767 7886 -32768
-2637 -3390 -730 32767 13844 -32768
-2607 -3324 -302 32767 17067 -32768
-2702 -3113 -15 31546 17044 -32768
-2972 -2659 202 28497 14958 -32768
-2991 -2386 140 24047 8732 -32768
-2548 -2225 -115 20780 1799 -32768
-2177 -2184 -367 19625 -1883 -32768
-1871 -1959 -737 19246 -5504 -32768
-1837 -1647 -846 19376 -6321 -29225
-1997 -1405 -734 18995 -5215 -23580
-2356 -1021 -417 17314 -2502 -18814
-2628 -791 -202 15692 156 -15994
-2800 -635 -132 13156 5888 -12289
-3195 -414 61 11527 10383 -10138
-3364 -357 244 9128 17231 -6896
-3624 -659 593 6979 23083 -3286
-3820 -1134 395 6424 24868 -391
-4146 -1408 -12 7295 23205 4288
-4960 -1586 -91 7634 21077 7299
-5490 -1696 213 5794 21108 11700
-5710 -1781 59 3788 22992 15407
-5865 -1980 -418 1654 24431 22054
-5973 -2225 -1268 924 19055 29447
-6151 -2014 -1858 631 10148 32767
-6480 -1885 -2186 921 -4830 32767
-6772 -2111 -2687 4537 -10440 32767
-7169 -2887 -3565 9478 -7345 32767
-7551 -3657 -4194 18171 -2250 32767
-7872 -4839 -4585 22472 -8853 32767
-7685 -6733 -3883 19948 -15407 32767
-7830 -7708 -3576 9142 -16350 32767
-8989 -9612 -4153 566 -10440 32767
-10136 -11022 -4333 -12721 297 32767
-11038 -12717 -3269 -22667 4885 32767
-11128 -13433 -2200 -32768 7888 32767
-11164 -13838 -1065 -32768 10200 32767
-11206 -14039 -471 -32768 16898 32767
-11371 -13989 959 -31349 21698 32767
-11800 -13333 2065 -20047 27256 32767
-10452 -11461 4739 -5639 18726 -11747
-10882 -12911 5617 -8754 29400 32767
-9535 -11542 6325 -14158 16549 32767
-8657 -11088 5834 -19041 6115 32767
-7225 -10097 4836 -19977 9564 32767
-603 -4523 2443 7351 32767 10673
-654 -4100 2653 10790 32767 8325
-740 -3853 2842 14081 32767 5858
-793 -3485 3088 14758 32767 4711
-862 -3226 3180 13866 32767 3191
-1009 -2879 3134 12683 32767 2359
-1000 -2659 3138 10435 32767 1844
-1354 -2432 3124 8234 32767 936
-2100 -2089 2929 6979 32767 -1607
-2550 -1789 2761 6920 32767 -3770
-2990 -1290 2498 7893 32767 -6719
-3104 -697 2115 10131 32767 -8323
-3243 -96 1595 12403 32767 -8788
-2977 300 1210 16402 32767 -8220
-3066 928 1243 19118 32767 -8102
-2991 1519 1317 20041 32767 -8618
-2871 1877 1261 20308 32767 -10263
-2559 2554 1177 19827 32767 -11541
-2178 2855 1254 18187 32767 -12802
-1742 2961 1264 16607 25802 -11917
-1018 2745 769 16981 13347 -10040
-693 2546 483 19678 -4498 -7144
-745 2384 322 24087 -16010 -6990
-1072 2174 -32 28001 -19682 -8932
-1161 1898 -264 32767 -18982 -13923
-1191 1412 -190 32767 -15021 -17937
-1128 1229 -48 32767 -6705 -23937
-1127 1049 113 32767 -1031 -29121
-1146 712 96 32767 504 -31817
-786 604 127 32767 1392 -32768
-781 238 11 32767 1953 -32768
-685 133 10 32767 3226 -32768
-402 -56 -35 32767 3625 -32768
-475 -183 -107 32767 2751 -32768
-448 -323 -242 32767 610 -32768
-591 -504 -495 32767 -1095 -32768
-657 -617 -670 32767 -2915 -32259
-460 -756 -701 32767 -3447 -31178
-410 -948 -722 32767 -6064 -28745
-422 -1284 -920 32767 -12342 -25871
-507 -1729 -1250 32446 -16810 -23990
-690 -2218 -1493 29949 -19524 -21723
-1100 -3026 -1777 29400 -14602 -20521
-1336 -3485 -1885 29890 -7754 -20104
-1790 -4022 -1981 31188 4032 -20389
-2097 -4192 -2028 32767 16448 -23063
-2667 -3818 -2252 32767 17689 -24498
-2333 -3579 -2198 32767 17202 -24138
-1745 -3293 -1921 32767 16565 -20958
-1483 -3265 -1634 32767 16545 -15667
-1571 -3297 -1262 32767 16281 -11030
-2061 -3154 -1086 32767 14722 -9000
-2617 -2868 -1164 32767 12883 -9064
-2813 -2525 -1196 32580 10323 -10163
-2757 -2045 -1121 32045 9575 -10646
-2555 -1848 -1059 30759 10256 -9648
-2232 -1595 -865 28487 12424 -6405
-2009 -1487 -654 26492 13904 -3309
-1982 -1486 -593 23268 15007 1675
-2031 -1453 -528 21205 14503 4777
-2080 -1497 -496 18621 11573 8750
-2212 -1609 -591 17618 6783 11621
-2582 -1754 -758 18060 3401 12639
-2852 -1914 -809 20121 268 12615
-3240 -1995 -727 21864 301 11596
-3565 -1865 -626 23973 3122 8390
-4061 -1367 -414 24444 6096 5448
-4264 -934 -189 22964 11137 1239
-4316 -180 138 19031 14249 -607
-4118 385 395 15550 14106 377
-3943 485 582 9752 10298 5224
-3775 645 778 5945 5214 9907
-3851 771 293 2088 -17367 24695
-4210 969 -361 4991 -20906 27289
-4564 1271 -923 13128 -17623 27147
-4918 1718 -1670 23618 -5925 23731
-4790 2012 -2290 30426 1814 21741
-4566 2114 -2651 32767 6409 21388
-4082 1999 -2978 32767 4051 23298
-3863 1657 -3214 32767 -4778 28587
-3900 811 -3749 31064 -11135 32767
-4382 172 -4503 19203 -18039 32767
-5455 -1128 -5978 6607 -16099 32767
-6693 -2440 -7101 -1867 -10488 32767
-7284 -3285 -7400 -14964 3245 32767
-8014 -4419 -7013 -24135 10763 32767
-8163 -4947 -6368 -32768 19610 32767
-8075 -5713 -5122 -32768 24325 32767
-7796 -6070 -4014 -32768 30291 32767
-7212 -6490 -2422 -32768 32767 32767
-7137 -6845 -1220 -32768 32767 32767
-5404 -6756 -961 -32768 32767 29322
-6637 -8352 2338 -32768 32767 32767
-5710 -8105 3452 -32768 32767 32767
-4751 -8432 5331 -32768 32767 32767
-4412 -7061 5307 -32768 32767 32767
-3257 -6438 4926 -32768 22721 32767
-2461 -5953 4354 -32768 24394 32767
-1812 -5211 3771 -32768 32767 32767
-1563 -4415 3770 -32768 32767 32767
-1316 -3983 4012 -22799 32767 28256
-1050 -3326 4286 -13255 32767 19262
-963 -2722 4433 -9194 32767 15517
-1192 -2372 4353 -5096 32767 11489
-1716 -1920 3901 -1194 32767 8273
-2002 -1646 3278 1657 32727 6791
-2232 -1496 2884 5691 32422 4777
-2558 -1341 2244 7956 32767 3278
-2654 -1197 1879 10203 32767 582
-2649 -937 1392 10912 32767 -1510
-2579 -792 1101 11098 32767 -4970
-2474 -594 723 10831 32767 -8757
-2404 -533 363 10737 32767 -11447
-2346 -513 155 10803 30972 -15465
-2261 -435 -111 10955 28474 -18126
-2150 -407 -306 11537 23603 -21808
-1896 -381 -428 12039 20388 -23887
-1707 -367 -491 13018 16289 -26303
-1399 -334 -575 13983 13813 -27375
-1238 -342 -636 16234 11037 -28501
-917 -368 -727 18153 9651 -28622
-775 -327 -659 21316 5894 -28061
-593 -297 -885 25235 869 -27142
-442 -273 -860 27895 -2664 -26411
-363 -303 -941 31922 -8330 -25670
-480 -410 -1018 32767 -13780 -25985
-723 -458 -1072 32767 -16559 -27086
-868 -521 -994 32767 -18816 -29811
-991 -691 -883 32767 -19668 -31937
-1034 -837 -810 32767 -21116 -32768
-1100 -1019 -656 32767 -22546 -32768
-1244 -1233 -473 32767 -25718 -32768
-1343 -1310 -384 32767 -31165 -32768
-1474 -1330 -261 32767 -32768 -32768
-1538 -1591 -444 29945 -32768 -32768
-1528 -1844 -519 25853 -32768 -32768
-1469 -2072 -430 23388 -32768 -31717
-1436 -2481 -149 21153 -32768 -27632
-1554 -2914 -100 18907 -22229 -21773
-1835 -3444 -282 18699 -4916 -18063
-2362 -3734 -607 19612 7279 -17744
-2682 -3665 -764 21938 24710 -20444
-3044 -3249 -893 24492 32767 -25754
-3033 -2755 -795 25845 32767 -29685
-2809 -2533 -655 26853 32767 -32768
-2379 -2357 -365 26683 32767 -32768
-2207 -2307 -144 25152 32767 -32768
-1937 -2289 87 23471 32767 -32768
-1792 -2318 187 20390 29170 -32768
-1714 -2248 219 17361 20039 -32768
-1742 -2159 122 15872 14898 -31091
-1884 -2034 -99 14983 11385 -28807
-2216 -1861 -275 14810 9597 -25807
-2434 -1665 -416 15992 11333 -23384
-2611 -1367 -512 17437 14303 -21715
-2593 -1234 -501 20203 20431 -18400
-2518 -1186 -369 22084 24727 -15614
-2539 -1178 -232 24078 29685 -11045
-2753 -1172 87 24456 31137 -8103
-2854 -1460 248 23790 30343 -3888
-2848 -1570 259 22412 27354 228
-3046 -1616 241 21270 25197 2525
-3151 -1715 206 19526 22012 5540
-3353 -1850 92 18034 17765 8246
-3518 -1947 -244 17502 14065 10115
-3742 -2037 -391 17137 8406 12532
-4048 -2002 -547 16906 4484 13780
-4320 -1870 -689 16388 -2129 15194
-4516 -1745 -727 15595 -6018 16444
-4432 -1834 -595 13740 -8569 20326
-4138 -1911 -574 12480 -7304 24298
-4128 -1883 -751 11516 -2590 30864
-4254 -1881 -1000 11859 509 32767
-4706 -1521 -1304 12906 2528 32767
-5123 -1183 -1473 16208 3833 32767
-5829 -671 -2613 24563 2308 32767
-6732 -1017 -4112 32746 174 32767
-7123 -2100 -4443 32767 1062 32767
-7212 -3947 -4130 32767 9304 32767
-7004 -5736 -3264 30973 16634 32767
-7768 -7756 -3440 9092 17454 32767
-8369 -9263 -3814 -13900 11435 32767
-8936 -10848 -3806 -28273 12894 32767
-8997 -11748 -3523 -32768 19910 32767
-8753 -12238 -2509 -32768 25359 32767
-8036 -12220 -1398 -32768 26330 32767
-7541 -12013 -798 -32768 23022 32767
-7241 -11368 -122 -32768 18620 32767
-7415 -12657 -1286 -32768 -32768 11255
-7505 -8969 1924 -32768 32767 5741
-6899 -9761 1205 -32768 32767 32767
-6981 -9213 1856 -32768 32767 32767
-6847 -9027 2261 -32768 32767 32767
-6700 -8400 2961 -32768 32767 32767
-6419 -7969 3325 -32768 32767 32767
-5803 -6887 3126 -32768 26167 32767
-4771 -6185 2953 -32768 19900 32767
-4023 -5638 2725 -32768 19354 32767
-3661 -5348 2611 -28919 24586 32767
-3347 -5005 2547 -23861 28578 32767
-3150 -4946 2642 -17455 32760 32767
-3022 -4766 2674 -11961 32767 32767
-2867 -4488 2594 -8498 32767 29422
-2623 -4390 2524 -3580 32767 22442
-2170 -4216 2472 -672 32767 18840
-1960 -3871 2536 2427 32767 14397
-1896 -3584 2566 3665 32767 10611
-1897 -3193 2611 3454 32767 8260
-1878 -2976 2656 1785 32767 5091
-1967 -2578 2720 -972 32767 1552
-2256 -2339 2593 -2562 32767 -1668
-2657 -1854 2403 -4191 32767 -7278
-2762 -1532 2292 -4566 32767 -10546
-2891 -1104 1839 -3897 32767 -13021
-2766 -572 1308 -899 32767 -14655
-2905 -258 1080 3465 32767 -15101
-3113 375 834 8581 32767 -15400
-3097 875 641 12147 32767 -15507
-3045 1141 516 17411 32767 -15254
-2913 1668 299 20813 32767 -14657
-2729 1850 282 25177 32767 -12844
-2638 1956 509 27810 27294 -11224
-2578 2079 440 29231 20178 -10727
-2485 1930 271 31859 9282 -10929
-2433 1795 -34 32767 3489 -11788
-2307 1715 -238 32767 -837 -13774
-1992 1539 -499 32767 -637 -15018
-1730 1334 -604 32767 3342 -16307
-1307 966 -557 32767 9217 -16571
-1123 718 -393 32767 12573 -16319
-917 416 -225 32767 14406 -15535
-844 214 -279 32767 11209 -14781
-785 42 -310 32767 7397 -14462
-615 -175 -315 32767 1605 -14019
-530 -316 -320 32767 -2905 -13837
-501 -473 -395 32767 -6611 -14080
-532 -574 -524 32767 -8897 -14534
-630 -639 -664 32767 -11769 -15720
-671 -771 -920 32767 -12860 -16572
-673 -861 -1128 32767 -12708 -17817
-749 -1065 -1412 32767 -9620 -18683
-710 -1210 -1583 32767 -6181 -18738
-525 -1371 -1808 32767 -1673 -17637
-331 -1669 -2005 32767 -138 -16199
-280 -1942 -2165 32767 1104 -13454
-372 -2435 -2397 32767 2161 -11043
-614 -2819 -2677 32767 2438 -10068
-1056 -3475 -2972 32767 3234 -9640
-1184 -3876 -2920 32767 7667 -9471
-1321 -4165 -2749 32767 13561 -9613
-1414 -4298 -2647 32767 17697 -9883
-1423 -4317 -2576 32767 19293 -9941
-1353 -4254 -2469 32767 20433 -9506
-1306 -4174 -2390 32767 20032 -8637
-1516 -4052 -2356 32767 18298 -8401
-2045 -3765 -2362 32767 12537 -8590
-2628 -3472 -2082 32767 7538 -8963
-3097 -3204 -1757 32767 114 -10070
-3584 -2949 -1437 32767 -3272 -10899
-4090 -2615 -662 32767 -3498 -11079
-4330 -2146 -102 30584 1386 -8809
-4477 -1829 52 27385 7872 -2733
-4402 -1428 164 26308 11351 3818
-4236 -1255 252 26126 15414 16377
-4126 -881 333 26753 16877 24786
-4068 -507 332 28369 15161 32767
-3989 -53 234 29758 10848 32767
-3992 281 -1 32628 -1076 32767
-4041 671 -536 32767 -10554 32767
-4022 718 -957 32767 -19966 32767
-3899 479 -1714 32767 -19227 32767
-3781 547 -2687 32767 -14074 32767
-3721 358 -3292 32767 -4864 32767
-3977 -30 -4155 32767 -3906 32767
-4073 -278 -4642 32767 -13008 32767
-4337 -961 -5607 30676 -21483 32767
-4961 -1463 -6728 13718 -21976 32767
-6832 -2489 -8233 -2303 -6138 32767
-8901 -3231 -8441 -13128 7879 32767
-9440 -3699 -7921 -29960 22504 32767
-8854 -4063 -6489 -32768 30412 32767
-8118 -4485 -4715 -32768 32767 32767
-7950 -4755 -3616 -32768 32767 32767
-8126 -5498 -2076 -32768 32767 32767
-8540 -6183 -905 -32768 32767 32767
-8008 -5941 3394 -32768 32767 32767
-5703 -7236 4724 -32768 32767 32767
-4018 -6432 6318 -32768 32767 32767
-3417 -5368 6725 -32768 32767 32767
-3080 -4586 6105 -32768 23187 32767
-2884 -4166 5381 -32768 24769 32767
-3039 -3841 4580 -32768 30166 32767
-2858 -3746 4186 -32768 32767 32767
-2010 -3589 3615 -32768 32767 32767
-1761 -3179 3191 -29799 32767 32767
-1734 -2979 3012 -19480 32767 32767
-1860 -2839 2913 -14013 32767 28901
-2210 -2799 2813 -7575 32767 21513
-2322 -2619 2653 -2926 32767 14546
-2360 -2496 2527 -234 32767 9410
-2502 -2227 2219 995 32767 5335
-2679 -1973 1952 1556 32767 3142
-2602 -1721 1595 2808 32767 1516
-2463 -1474 1281 3788 32767 1250
-2414 -1316 1278 4181 32767 1139
-2387 -1212 1339 3598 32767 831
-2305 -1194 1316 2183 32767 -118
-2198 -1184 1010 1655 32767 -1257
-2163 -1146 631 2595 32767 -3866
-2122 -972 -85 4716 32767 -6170
-2188 -702 -631 10265 32767 -10777
-2467 -95 -1354 18098 32767 -16888
-2519 555 -1815 23967 32767 -21218
-2374 820 -1920 32487 25262 -26892
-2089 907 -1751 32767 19383 -29928
-1853 843 -1486 32767 10184 -32768
-1553 725 -1146 32767 -248 -32768
-1298 581 -881 32767 -6632 -32768
-1057 463 -767 32767 -13253 -32768
-701 264 -749 32767 -15799 -32038
-508 157 -790 32767 -17778 -28970
-352 44 -815 32767 -18401 -26857
-333 -31 -855 32767 -18909 -24315
-361 -79 -947 32767 -19182 -23165
-394 -106 -998 32767 -19591 -22188
-434 -232 -1051 32767 -19662 -21848
-548 -446 -1089 32767 -19243 -21914
-685 -579 -1111 32767 -17895 -22625
-882 -711 -1097 32767 -16776 -23408
-983 -816 -1075 32767 -15331 -24642
-1131 -1077 -989 32767 -14633 -25433
-1213 -1232 -920 32767 -13372 -26493
-1430 -1568 -744 32767 -10490 -27461
-1530 -2152 -475 32767 -6239 -27875
-1514 -2414 -263 32767 3227 -27753
-1652 -2593 -28 32767 8294 -27223
-1739 -2865 187 32767 11843 -26136
-1702 -3978 363 32767 13793 -24517
-1997 -4879 29 31429 14590 -24029
-2570 -4938 -426 28648 13577 -26209
-3287 -4275 -1114 28336 11799 -29469
-3340 -3606 -1284 28239 10158 -32768
-2877 -3075 -1059 27665 11019 -32768
-2446 -3020 -749 25193 15020 -32768
-2013 -2849 -214 20608 19001 -32768
-1919 -2633 48 16682 19971 -32768
-1954 -2219 263 12582 19459 -30959
-2202 -2057 269 7237 16484 -28750
-2556 -1849 36 4133 11756 -27217
-2757 -1578 -301 3600 8442 -25945
-2742 -1369 -563 5082 5093 -22813
-2907 -990 -643 6929 5551 -20166
-3078 -696 -439 9399 11231 -15653
-3366 -250 52 10084 17022 -12220
-3596 136 338 9721 25017 -6291
-4024 528 575 9110 28632 -1674
-4370 633 478 9068 30820 5907
-5305 694 146 10037 29722 11092
-5901 602 -236 13302 24817 19254
-6528 412 -900 16512 20452 25013
-6949 540 -1302 21568 14441 32767
-6971 564 -2007 25811 10462 32767
-6663 223 -2489 27522 8016 32767
-6455 -249 -2844 28619 3889 32767
-6269 -1224 -3266 28408 607 32767
-6335 -1789 -3775 28022 -7364 32767
-6443 -2716 -4140 27977 -10652 32767
-6544 -3282 -4527 29227 -11080 32767
-6903 -4464 -4932 30310 -7530 32767
-7262 -5248 -5017 27980 -233 32767
-7766 -6773 -4889 21551 4261 32767
-8070 -7912 -4816 4752 5555 32767
-8644 -9596 -5047 -8297 5610 32767
-9057 -10885 -5099 -26231 11338 32767
-9864 -12174 -4521 -32768 18845 32767
-10256 -12744 -3572 -32768 28031 32767
-10077 -13146 -1617 -32768 26562 32767
-9792 -12743 -510 -32768 20074 32767
-9240 -11828 322 -32768 18438 32767
-9278 -11164 124 -32768 17295 32767
-10537 -9070 129 -32768 32767 -30791
-8915 -10327 2182 -32768 32767 32767
-8170 -9052 4047 -32768 32767 32767
-8870 -7735 4715 -32768 32767 32767
-8586 -7030 4840 -32768 32767 32767
-7374 -6265 5209 -32768 32767 32767
-6787 -5552 5011 -32768 32623 32767
-5948 -4673 4488 -31566 25841 32767
-4899 -4424 4047 -26087 25124 32767
-4206 -4359 3867 -17093 28386 32767
-3362 -4242 3701 -11521 31328 32767
-2929 -4335 3677 -4938 32767 32767
-2350 -4212 3685 -753 32767 28594
-1835 -3999 3577 761 32767 23855
-1468 -3859 3512 1615 31891 17536
-1191 -3612 3447 1336 31444 13761
-1211 -3389 3440 -197 31925 8178
-1348 -3035 3326 -2318 32767 2776
-2715 1316 268 16152 32767 -26472
-2833 1753 525 18071 32767 -27551
-2571 1921 561 19346 32767 -26208
-1998 1975 707 18900 32767 -23379
-1821 1955 787 16326 29912 -17890
-1593 1953 748 12916 18716 -11907
-1370 1817 355 11559 10918 -8165
-1209 1687 28 11978 472 -3372
-989 1549 -374 14025 -5692 -989
-870 1349 -761 20260 -13860 734
-926 1004 -1141 25827 -17211 -107
-1171 638 -971 32767 -16086 -5296
-1930 392 -639 32767 -12764 -11625
-2249 342 316 32767 -9757 -22896
-1523 643 245 32767 -7294 -29557
-733 785 251 32767 -1530 -32768
-1031 572 355 32767 2588 -32768
-1364 456 239 32767 6048 -32768
-994 249 -324 32767 7351 -32768
-687 -72 -399 32767 11019 -32768
17 -489 -451 32767 16949 -32768
291 -822 -545 32767 19296 -32768
252 -993 -778 32767 16009 -32768
78 -1100 -1272 32767 9309 -32768
71 -1251 -1375 32767 -1523 -27469
20 -1527 -1306 32767 -6574 -20701
-134 -1866 -1397 32767 -6667 -17524
-552 -2496 -1708 32567 -2860 -15291
-1010 -2988 -1885 32280 1577 -15390
-1377 -3296 -2044 32767 8744 -17549
-1711 -3696 -2273 32767 12697 -19618
-1701 -3983 -2319 32767 17061 -22018
-1654 -4524 -2331 32767 18607 -22826
-1729 -4820 -2414 32767 17392 -23070
-1923 -4887 -2544 32767 11430 -22719
-2075 -4755 -2552 32767 5833 -22275
-2270 -4516 -2364 32767 -2980 -21298
-2417 -4382 -2123 32767 -7899 -20503
-2684 -4025 -1755 32767 -12201 -19095
-2895 -3711 -1442 32767 -12339 -17568
-3128 -3314 -838 32767 -7027 -14079
-3580 -2793 -272 32767 222 -11327
-3733 -2480 -43 32722 14555 -6119
-3716 -2156 169 30328 24552 -1785
-3584 -1895 235 27972 32767 5611
-3395 -1556 122 27331 32767 13117
-3888 -1035 -89 27823 32767 17342
-3862 -1217 -533 30575 27224 24402
-3441 -276 -543 32767 9415 31129
-3635 171 -771 32767 -86 32767
-3920 264 -1253 32767 -5718 32767
-4050 311 -1510 32767 -6242 32767
-4651 257 -2151 32767 -3769 32767
-5036 222 -2757 32767 -1611 32767
-4907 199 -3191 32767 -1892 32767
-4544 -227 -4015 32767 -9826 32767
-4676 -673 -4987 32108 -16659 32767
-6103 -1592 -6488 20049 -21972 32767
-8655 -2515 -7647 11185 -13926 32767
-10053 -3113 -8201 -3575 10944 32767
-10176 -3775 -7936 -15381 23397 32767
-9265 -4136 -7156 -32768 29854 32767
-8309 -4541 -5915 -32768 28745 32767
-7668 -4921 -4173 -32768 26650 32767
-7550 -5225 -3123 -32768 31084 32767
-7642 -5842 -1718 -32768 32767 32767
-8473 -8968 -2040 -32768 30969 -29692
-8625 -6320 1821 -32768 32767 32767
-6645 -6928 4031 -32768 32767 32767
-5638 -6852 5049 -32768 32767 32767
-4929 -6369 5607 -32768 32767 32767
-4393 -6094 6060 -32768 32767 32767
-4614 -5601 5739 -32768 32767 32767
-4709 -5121 4758 -32768 32767 32767
-3697 -5407 3931 -32768 32767 32767
-3020 -5455 3478 -32768 32767 32767
-2041 -5197 2925 -32768 32767 32767
-1346 -4825 2750 -27018 32767 31985
-1305 -4424 2713 -18529 32767 27420
-1694 -3781 2644 -13885 32767 22349
-1925 -3160 2688 -8135 31939 13222
-1956 -2776 2621 -3418 29767 5058
-2049 -2281 2432 -721 29878 957
-2175 -1982 2297 2726 31758 -3080
-2364 -1680 2169 4616 32767 -4694
-2720 -1279 1978 6740 32767 -5830
-3017 -1113 2064 7153 32767 -6026
-3258 -1062 2184 5761 32767 -6462
-3632 -843 2300 2001 32767 -7891
-3651 -566 2264 -1242 32767 -8942
-3530 -411 2058 32698 26449 -15095
-859 1646 -1683 32767 26679 -15519
-715 1515 -1613 32767 24778 -15546
-448 1276 -1468 32767 21346 -15151
-282 1083 -1346 32767 13393 -14072
-60 748 -1152 32767 3615 -12702
41 499 -1044 32767 -2987 -11954
95 149 -982 32767 -9310 -11530
88 -40 -973 32767 -18404 -11572
11 -346 -1052 32767 -26903 -12438
-270 -631 -1271 32767 -32768 -14681
-594 -849 -1393 32767 -32768 -16876
-714 -1021 -1384 32767 -32768 -20604
-804 -1325 -1291 32767 -32768 -23003
-859 -1453 -1180 32767 -32768 -26379
-973 -1679 -1008 32767 -32768 -28454
-1054 -1877 -850 32767 -32768 -31337
-1201 -2238 -589 32767 -32768 -32768
-1318 -2376 -445 32767 -32768 -32768
-1637 -2331 -389 32767 -28771 -32768
-1844 -2373 -396 30723 -23645 -32768
-1750 -2408 -460 21496 -13578 -32768
-1673 -2489 -826 16968 -6326 -32090
-1681 -2647 -1133 13668 3419 -28515
-1853 -3135 -1340 13769 11701 -24910
-2244 -3761 -1140 14847 17271 -22703
-2532 -3850 -617 15588 27557 -20569
-3249 -3450 307 13684 32767 -21374
-3995 -2741 1025 11083 32767 -23606
-4479 -2118 1373 6576 32767 -28130
-4229 -1362 1386 4773 32767 -29123
-4038 -1117 1561 4002 32767 -25678
-4095 -690 1946 5020 32767 -17349
-4696 -219 1442 7464 32767 -10063
-5186 112 1033 13589 27911 1752
-5991 537 700 18324 22045 8640
-6860 940 515 23044 17038 13311
-7634 1459 207 30173 13929 16677
-8096 2316 -373 32767 13791 19039
-7897 2623 -867 32767 12908 26702
-7972 2649 -1302 32767 10550 32767
-8332 2123 -2196 32767 8634 32767
-8371 1394 -2953 32767 48 32767
-8427 -56 -4115 32767 -17415 32767
-8361 -1896 -4986 32767 -26784 32767
-8164 -3361 -5596 32767 -32768 32767
-8671 -6082 -6711 23009 -32757 32767
-10905 -8794 -8265 10647 -27729 32767
-12603 -10645 -8778 -6256 -9906 32767
-13915 -12728 -8228 -16071 5264 32767
-13677 -13588 -6730 -30020 19240 32767
-12990 -14224 -3679 -32768 22227 32767
-12476 -14306 -1236 -32768 19474 32767
-12246 -14366 -65 -32768 13387 32767
-11859 -14325 1597 -32768 11162 32767
-11439 -14304 2379 -27593 -1623 32767
-10137 -14803 3399 -26089 30629 32767
-10084 -12515 4499 -26168 32767 32767
-9487 -11999 4876 -26417 32767 32767
-8268 -10231 5723 -26903 32767 32767
-7169 -9339 5753 -24563 31160 32767
-5886 -8193 4843 -13811 14132 32767
-4618 -7703 3987 2785 14309 32767
-3243 -7807 3732 13893 23784 32767
-2646 -7547 3562 27052 32767 32767
-1592 -7179 3588 32767 32767 32767
-464 -6681 3806 32767 32767 26598
147 -6083 3972 31828 32767 14848
634 -5192 4160 26728 32767 7278
683 -4322 3907 17310 30914 -3702
433 -3821 3404 8604 25673 -14671
-239 -3123 2544 4142 24866 -22029
-922 -2717 2042 -187 26105 -32768
-1746 -2148 1513 -1723 28176 -32768
-2222 -1780 1303 -2598 32480 -32768
-3277 -1365 773 -1081 32767 -32768
-3691 -503 199 1269 32767 -32768
-3790 -251 -25 5900 32767 -32768
-3994 243 -477 9404 32767 -32768
-4099 584 -925 14835 32767 -32768
-4522 1036 -1501 19788 32767 -32768
-4752 1723 -1697 22867 32767 -32768
-4628 2179 -1868 28386 32767 -32768
-4494 3363 -2324 32767 32767 -32315
-4364 4027 -2414 32767 32767 -27338
-4374 4501 -2081 32767 32767 -22991
-4360 4500 -1890 32767 32767 -20751
-4128 4071 -1508 32767 32767 -18123
-3683 3539 -1131 32767 27696 -16628
-3324 3193 -994 31149 19673 -13744
-2509 2725 -1006 28806 16349 -11072
-1959 2371 -922 26321 12888 -6079
-1266 1827 -848 25476 9936 -2615
-885 1484 -788 25168 1799 1686
-756 956 -667 25062 -11305 3249
-962 644 -277 24436 -21591 2355
-1280 541 -15 22369 -32768 -1722
-1543 486 217 20322 -32768 -5887
-1439 233 625 16412 -32768 -12127
-1515 50 729 13783 -32768 -16413
-1302 -8 536 10911 -32768 -21742
-885 -295 213 10042 -32768 -23938
-677 -553 52 10295 -28377 -25247
-262 -771 -413 12654 -22339 -24203
-293 -924 -454 14762 -18447 -22900
-332 -950 -481 18258 -11337 -20767
-436 -1147 -634 20954 -5208 -19293
-503 -1490 -603 24638 5521 -16978
-694 -2024 -458 26988 16532 -15192
-894 -2328 -331 27662 22740 -14526
-1102 -2550 -229 27619 28718 -14486
-1207 -2999 -381 27635 30075 -14730
-1168 -3354 -597 28761 29222 -14726
-956 -3963 -837 30359 27260 -14174
-911 -4318 -927 32767 22336 -12911
-1013 -4533 -1063 32767 15479 -12223
-1256 -4420 -1195 32767 10632 -12545
-1410 -4271 -1202 32767 4688 -14219
-1644 -4004 -1108 32767 1279 -16997
-1909 -3710 -1040 32767 121 -19196
-2148 -3484 -1021 32767 -1639 -22701
-2403 -3062 -1038 32767 -3540 -25182
-2246 -2618 -968 32767 -3884 -25311
-2109 -2335 -851 32767 -2224 -22914
-1992 -2028 -565 30449 1381 -18253
-2127 -1832 -192 27915 4596 -14698
-2251 -1706 20 23588 9675 -9384
-2497 -1616 76 19470 12214 -4617
-2667 -1626 106 16868 11542 -1640
-3005 -1490 97 14352 9029 1238
-3247 -1285 134 10809 3604 5960
-3534 -942 -8 9095 492 9781
-3654 -778 -75 7885 591 16680
-3879 -254 -125 7802 5377 22996
-4580 494 -556 8782 6643 25274
-5072 856 -721 12053 4270 25975
-5677 962 -714 16743 -2801 25231
-6374 1175 -715 20105 -9489 24705
-6563 1147 -648 24497 -16760 26208
-6555 1158 -1002 28962 -15652 31175
-6584 1262 -1463 32199 -9380 32767
-6601 1437 -2547 32767 -1926 32767
-6473 1597 -3357 32767 3041 32767
-6057 1507 -4667 32767 -1212 32767
-5979 1150 -5643 32767 -14707 32767
-6433 74 -7150 32767 -21563 32767
-7345 -1091 -8231 25306 -15264 32767
-9341 -3255 -8922 9571 9710 32767
-10104 -4622 -8672 -6743 23095 32767
-10033 -6179 -7350 -32768 30876 32767
-9080 -6802 -5957 -32768 32060 32767
-9080 -7275 -5014 -32768 32767 32767
-8597 -7987 -2826 -32768 32767 32767
-9992 -8699 517 -32768 32767 5421
-7903 -9737 2827 -32768 32767 32767
-6717 -8947 5798 -32768 32767 32767
-6367 -9405 6123 -32768 32767 32767
-5802 -8909 6186 -32768 25009 32767
-4067 -8382 5772 -32768 25580 32767
-2764 -7939 5401 -32768 32355 32767
-1371 -7091 4741 -32768 32767 32767
-788 -6395 4506 -32768 32767 32767
-21 -5306 4099 -27061 32767 32660
482 -4209 3684 -18529 32767 29809
411 -3527 3460 -7472 32767 26801
-225 -2708 3228 859 32767 22844
-1032 -2091 3058 4994 32767 19334
-1850 -1583 2930 9564 32767 13305
-2238 -1299 2788 12648 32767 7943
-2705 -941 2466 13972 32767 5326
-3001 -844 2282 14168 32767 2955
-3400 -639 2154 12817 32767 2048
-3618 -600 2095 9003 32767 1126
-3706 -534 1943 4291 32767 397
-3424 -494 1615 302 32767 125
-2934 -333 1188 -1592 32767 123
-2602 -202 875 -2458 32767 81
-2164 8 413 -753 30770 -215
-1734 144 112 1657 24979 -557
-1535 203 -57 6695 14316 -1527
-1307 189 -270 10844 6311 -2586
-1167 27 -519 18345 -4522 -5061
-1197 -163 -931 24101 -9743 -7929
-1066 -141 -698 32167 -11342 -14032
-1902 -365 -649 32767 -8387 -23836
-2175 -211 -353 32767 -4432 -32768
-553 167 -264 32767 1907 -32768
-1226 -138 327 32767 9455 -32768
-1140 -362 -195 32767 10865 -32768
-516 -612 -243 32767 9308 -32768
-129 -999 -483 32767 6074 -32768
-20 -1246 -557 32767 1746 -32768
69 -1500 -732 32767 -4393 -32768
23 -1585 -971 32767 -9272 -32768
-90 -1641 -1112 32767 -15986 -32768
-388 -1759 -1178 32767 -19918 -31708
-629 -1993 -1248 32767 -20935 -29841
-890 -2186 -1332 32767 -21370 -28554
-1270 -2336 -1501 32767 -20540 -29028
-1631 -2671 -1703 32767 -18561 -30009
-1795 -2856 -1784 32767 -12853 -31933
-1914 -3220 -1600 32767 -7482 -32768
-1846 -3615 -1423 32767 1205 -32768
-1654 -4262 -1297 32767 5988 -32140
-1517 -4814 -1343 31828 11458 -29573
-1571 -5278 -1501 30061 15337 -27673
-1932 -5008 -1666 29335 16528 -27761
-2220 -4649 -1638 28217 15917 -29926
-2458 -4253 -1453 27371 14501 -32136
-2457 -4072 -1309 26093 11902 -32768
-2369 -3788 -1095 25205 10510 -32768
-2387 -3572 -893 23444 9291 -32768
-2531 -3150 -515 20632 8099 -32768
-2766 -2761 -49 18112 7012 -32768
-2992 -2480 162 13837 5280 -32768
-3222 -1997 107 11372 4220 -32768
-3240 -1656 -279 10075 3396 -32768
-3205 -1116 -888 11069 4135 -32768
-3212 -688 -888 13740 9397 -32768
-3250 -479 -392 15077 17861 -24511
-3318 -350 137 14270 24654 -17631
-3483 -85 615 11489 32767 -6964
-3704 -212 521 9857 32767 -417
-4099 -490 206 8401 32767 7672
-4613 -529 -58 7909 32767 11754
-5105 -489 -289 7593 32535 15905
-6003 -395 -741 7706 24298 17542
-6437 -542 -921 7640 13689 19994
-6620 -1079 -1044 7065 8367 23231
-6724 -1420 -1101 4793 1771 30992
-6859 -1951 -1263 2179 -3394 32767
-7047 -2197 -1703 2506 -6603 32767
-7596 -2677 -2875 5955 -10225 32767
-8183 -3448 -3987 16643 -16584 32767
-8470 -4081 -4246 29056 -20410 32767
-8664 -5778 -4589 32767 -22160 32767
-8984 -7489 -4708 32767 -21484 32767
-10076 -10390 -3991 32767 -8438 32767
-11169 -12562 -3187 30691 -54 32767
-11896 -15257 -2761 -7771 9219 32767
-12111 -16393 -2689 -32768 10562 32767
-12169 -17327 -2337 -32768 17345 32767
-11250 -17442 -1781 -32768 23380 32767
-10684 -16756 -1429 -32768 27424 32767
-10165 -15649 -858 -32768 28328 32767
-9803 -15099 -118 -32768 25438 32767
-12025 -14514 -1287 -32768 20550 32767
-8366 -13437 2101 -32768 -1272 32767
-6452 -12722 3599 -32768 -18479 32767
-6769 -11156 3041 -32768 -18829 32767
-6915 -10459 2742 -32768 -11262 32767
-6463 -9847 2286 -32768 -2042 32767
-5302 -9276 1857 -31870 3605 32767
-4238 -9140 1531 -17333 11466 32767
-2841 -8658 1255 -6728 17294 32767
-2258 -7667 1128 8320 26521 32767
-1828 -7224 1167 20361 32767 32767
-1146 -6646 1189 28530 32767 32767
-555 -6081 1298 31561 32767 32767
-297 -5711 1521 32179 32767 31676
-15 -5185 2049 28338 32767 27123
36 -4677 2457 24132 32767 23123
-129 -4277 2644 16760 32767 15407
-430 -3705 2801 9844 32767 6622
-552 -3348 2619 6534 32767 1248
-670 -3091 2386 4209 32767 -5373
-896 -2624 1989 4682 32767 -10036
-1209 -2179 1723 5872 32767 -12297
-1531 -1909 1628 8131 32767 -14966
-2107 -1559 1399 9678 32767 -16648
-2932 -1089 1089 11938 32767 -19892
-3358 -711 780 14578 32767 -23881
-3923 -44 365 16568 32448 -26502
-4165 351 -23 20305 27330 -29499
-4238 1009 -498 24224 24384 -30189
-1904 1807 -14 32767 -18487 -11212
-1651 1313 164 32767 -16813 -12861
-1624 1087 252 32767 -10634 -17021
-1829 1113 170 32767 -5019 -20923
-1939 972 162 32767 1526 -25390
-1544 988 62 32767 12190 -31636
-1272 761 75 32767 18565 -32768
-711 411 -21 32767 27150 -32768
-578 186 -152 32767 32268 -32768
-378 134 -296 32767 32086 -32768
-315 181 -225 32767 26701 -32768
-63 -122 -181 32767 17784 -30718
84 -466 -205 32767 11457 -27186
277 -923 -222 32767 3228 -21033
274 -1275 -453 31840 -901 -16839
125 -1592 -702 28526 -4493 -11541
-320 -2096 -1173 27568 -5442 -9240
-726 -2429 -1486 28036 -5839 -7937
-1295 -3009 -1764 30015 -5932 -8803
-1701 -3412 -1895 31768 -6139 -10315
-2244 -4002 -1994 32767 -7185 -13173
-2349 -4238 -1816 32767 -7751 -14748
-2301 -4348 -1637 32767 -7489 -15814
-2256 -4542 -1458 32767 -6152 -15314
-2153 -4524 -1298 32767 -4236 -14135
-2123 -4330 -1196 32767 -511 -11849
-2194 -3946 -1119 32767 3200 -9869
-2520 -3602 -1059 32767 5879 -9330
-2814 -3432 -983 32767 10674 -9854
-3025 -3079 -869 32767 16246 -11176
-3096 -2479 -829 32767 18473 -12059
-3017 -2075 -844 32767 17859 -12559
-2588 -1643 -649 32767 16098 -11727
-2299 -1528 -402 32767 12975 -8678
-2249 -1225 -171 27805 7791 -4117
-2455 -1051 -169 24107 2885 -557
-2640 -883 -402 19997 -4610 5610
-2919 -775 -683 19122 -10413 11989
-3232 -637 -1048 21588 -11360 17885
-3263 -512 -1204 24479 -9228 21443
-3313 -470 -1335 29788 -4478 25718
-3422 -278 -1554 32767 -1444 27426
-3547 -94 -1728 32767 -499 28304
-3778 130 -2123 32767 -3554 27939
-3888 205 -2516 32767 -5300 28108
-3854 166 -2803 32767 -5674 30801
-4074 -103 -3334 32767 -6071 32767
-4571 -182 -3852 32738 -7528 32767
-5608 -517 -4304 27528 -8580 32767
-6637 -823 -4638 18726 -11640 32767
-7628 -1095 -4557 12369 -7410 32767
-8202 -1228 -4118 854 9284 32767
-8006 -1107 -3540 -13215 22487 32767
-7805 -1084 -2710 -23497 27417 32767
-7074 -1263 -1985 -32768 32767 32767
-5879 -1900 -1191 -32768 32767 32767
-5179 -2545 -326 -32768 32767 32767
-4878 -2932 247 -32768 32767 32767
-4548 -3277 986 -32768 32767 32767
-1915 -1815 6139 -30273 32767 32767
-2380 -3247 3933 -32768 32767 32767
-2663 -1929 5111 -32768 32767 32767
-1909 -1723 5304 -32768 32767 32767
-1986 -1173 4912 -32768 32767 32767
-2381 -1183 4601 -32768 32767 32767
-2478 -1257 4432 -32768 32767 32767
-2790 -988 3807 -32768 32767 32767
-3361 -682 2995 -32309 32767 32767
-3512 -679 2680 -20699 32767 29988
-3568 -703 2663 -14350 32767 24866
-3609 -720 2624 -7823 32767 17831
-3407 -807 2738 -5659 32767 14225
-3179 -910 2800 -5191 32767 10476
-2988 -1010 2796 -6618 32767 7888
-2568 -1018 2486 -7620 32767 7282
-2163 -1052 2156 -7803 32767 7655
-2097 -887 1772 -7372 32767 7880
-2129 -781 1493 -5840 32343 7072
-2051 -661 1208 -4163 32022 5962
-1862 -476 839 -636 30728 3446
-1684 -258 431 2569 28635 1153
-1483 -120 137 8732 23173 -2822
-1422 -20 -414 13960 17960 -6065
-1418 -47 -851 23533 9643 -12270
-1554 -61 -805 29749 6505 -17747
-1968 -34 -490 32767 5276 -28369
-1676 33 -523 32767 4502 -32768
-1483 13 -426 32767 2894 -32768
-1513 -152 -215 32767 -550 -32768
-1667 -346 -309 32767 -1631 -32768
-1373 -206 184 32767 768 -32768
-632 -554 201 32767 2851 -32768
-88 -1325 -202 32767 3277 -32768
310 -1883 -667 32767 2740 -32768
9 -1877 -768 32767 -1213 -32768
48 -2036 -1138 32767 -6157 -32768
-35 -2088 -1335 32767 -13755 -32768
-252 -2066 -1509 32767 -17747 -32768
-567 -2147 -1653 32767 -18176 -32768
-745 -2265 -1791 32767 -16721 -32768
-1096 -2421 -1986 32767 -14705 -32768
-1318 -2583 -1994 32767 -13067 -32768
-1475 -2683 -1999 32767 -10479 -32768
-1976 -2850 -2015 32767 -8153 -32768
-2279 -3120 -1827 32767 -6694 -32768
-2170 -3220 -1564 32767 -4083 -32768
-1871 -3429 -1110 32767 -2211 -32768
-1734 -3985 -1038 27382 -2764 -32768
-1741 -4463 -1177 24659 -3424 -30484
-1925 -4815 -1328 22255 -2733 -27082
-2313 -4652 -1459 21597 -975 -26078
-2594 -4396 -1493 21624 4031 -26475
-2749 -4020 -1364 22018 9145 -27470
-2731 -3806 -1242 22899 17633 -29240
-2750 -3428 -918 22919 23616 -31476
-3075 -2827 -315 21620 24662 -32768
-3377 -2437 47 17865 20532 -32768
-3470 -1867 429 14507 15334 -32768
-3279 -1520 557 9258 8395 -32768
-2790 -1177 373 5769 4583 -32768
-2550 -1126 -41 5323 3812 -32768
-2544 -1133 -390 6565 5035 -25972
-2766 -778 -297 7715 7688 -21119
-2762 -669 -84 8858 14007 -13312
-2701 -526 483 8346 23049 -5457
-2761 -541 665 7625 27732 -677
-2733 -560 621 6954 31074 5704
-2662 -619 607 6631 30775 10868
-2741 -663 529 6838 26421 14260
-2846 -678 421 7453 21327 15540
-3118 -901 188 9306 12272 16088
-3301 -1158 78 10803 6809 15704
-3676 -1324 -94 12550 -991 14456
-4191 -1567 -132 12859 -6401 13483
-4364 -1864 -59 11717 -12939 13304
-4487 -2176 -37 9575 -15385 15839
-4618 -2306 -187 8011 -11331 20936
-5111 -2539 -552 7954 -4384 24985
-5626 -2793 -1039 10253 8932 30872
-6524 -3324 -1910 15557 20965 32767
-6807 -4338 -2434 19819 24698 32767
-6667 -4874 -2817 25875 16920 32767
-6661 -5513 -3435 29115 2419 32767
-6629 -6188 -3266 30709 -17557 32767
-6380 -7514 -2587 28829 -19032 32767
-7007 -8940 -2504 21720 -5846 32767
-7593 -10042 -2263 8568 7171 32767
-8529 -11584 -1460 -2760 9050 32767
-8776 -12641 -836 -20058 4591 32767
-9184 -13932 -72 -29849 2106 32767
-9363 -14894 368 -32768 5777 32767
-9014 -15282 825 -32768 11981 32767
-8558 -14843 980 -32768 22261 32767
-7733 -13666 1056 -32768 29710 32767
-6661 -12597 1394 -32768 32767 32767
-4627 -10223 5366 -32768 32767 10952
-5311 -11020 1863 -32768 28914 32767
-5144 -9608 2678 -32768 15233 32767
-4482 -9149 2611 -32768 8658 32767
-4251 -8279 2178 -32363 8914 32767
-4141 -7813 2080 -24379 15156 32767
-3813 -7555 2124 -18581 19606 32767
-3615 -7106 2324 -10285 22956 32767
-3360 -6690 2490 -3561 24677 32767
-2561 -6360 2874 734 28569 32767
-1658 -5943 3065 2450 31480 32767
-1185 -5700 3088 4170 32767 32767
-709 -5430 3115 5290 32767 32767
-450 -4834 2996 5947 32767 28605
-348 -4332 2868 7105 30990 20679
42 -3730 2907 7916 28992 13476
184 -3252 3131 7972 28430 8962
48 -2768 3364 7288 28677 1903
-112 -2440 3419 6343 29955 -5866
-404 -2053 3371 6003 31258 -11108
-591 -1770 3137 6846 32053 -18352
-927 -1295 2656 9559 31258 -24322
-1281 -733 2169 12050 30680 -27627
-1515 -379 1917 16056 30148 -31281
-1857 14 1618 19552 31505 -32768
-2230 222 1653 21003 32767 -32768
-2372 396 1774 21593 32767 -32768
-2347 593 1595 21425 32767 -32768
-2192 695 1231 21398 32767 -32768
-2079 878 556 21617 32767 -32715
-2063 995 109 22350 32767 -30572
-2072 915 -138 22946 29252 -28887
-2046 753 -251 23538 26150 -28094
-2185 577 -577 25294 22916 -28013
-2325 507 -714 26783 21054 -28617
-2251 387 -766 28939 19403 -29562
-1962 309 -776 30172 19092 -29818
-1778 296 -853 32006 18382 -29530
-1529 221 -1022 32767 17236 -28860
-1374 112 -1070 32767 15241 -27008
-1100 6 -1094 32767 12672 -24481
-1003 -45 -1070 32767 10426 -22759
-867 -122 -1007 32767 6496 -20365
-942 -303 -1080 32767 3106 -18799
-1075 -411 -1207 32767 1824 -18321
-1058 -444 -1203 32767 1271 -17889
-966 -594 -1253 32767 996 -17422
-970 -884 -1249 32767 767 -16542
-795 -1359 -1262 32767 1156 -15229
-798 -1445 -1244 32767 309 -14400
-972 -1600 -1361 32767 -2199 -13816
-1005 -2097 -1450 32767 -2450 -13178
-1086 -2701 -1622 32767 -994 -12606
-1294 -3037 -1809 32767 1962 -12277
-1554 -3365 -1960 32767 3684 -12379
-1682 -3708 -1935 32767 5346 -12774
-1751 -3881 -1893 32767 4886 -13442
-1967 -3961 -1873 32767 2822 -14914
-2364 -4045 -1936 32767 1040 -16449
-2502 -4079 -1926 32767 -945 -18669
-2587 -4051 -1794 32767 -1640 -19736
-2722 -3947 -1709 32767 -2450 -20916
-2890 -3635 -1524 32767 -2758 -21335
-2730 -3205 -1217 32767 -1735 -20778
-2604 -2835 -991 32767 1333 -18598
-2376 -2366 -739 32767 5553 -14745
-2140 -2080 -561 32767 9138 -11448
-2026 -1952 -526 29393 15080 -6131
-2012 -1807 -642 26609 18432 -2959
-2087 -1692 -752 23555 21206 639
-2127 -1518 -754 21984 21485 2373
-2100 -1386 -759 20199 18892 4425
-2073 -1184 -803 18842 13362 6071
-2085 -894 -764 18070 8982 7014
-2209 -752 -686 17109 2465 8290
-2553 -698 -565 16621 -1944 9181
-2993 -707 -443 16578 -3046 9399
-3542 -599 -332 16559 -2665 9054
-3839 -424 -216 15794 -1963 8506
-4075 -183 -128 14865 -1522 8773
-4016 -129 -124 13712 816 11327
-3996 -148 -146 13515 6252 15831
-4373 -136 -369 14298 10411 18597
-4622 -12 -520 16350 13952 21800
-4774 295 -684 17747 13010 23521
-4701 545 -844 19240 6866 26076
-4537 1054 -1260 20203 -649 28654
-4238 1174 -1914 21205 -2786 30356
-4208 1106 -2556 23822 -1524 32134
-4479 899 -3882 25936 -734 32488
-4822 535 -4713 27360 -2006 32246
-5144 -430 -5567 25136 -2446 32767
-5402 -1307 -5969 15053 -581 32767
-6586 -2791 -6093 -2944 9125 32767
-7872 -4080 -6184 -17276 16201 32767
-8497 -4762 -5799 -32768 22495 32767
-8245 -5483 -4603 -32768 22774 32767
-7953 -5770 -3702 -32768 22817 32767
-7341 -6182 -2391 -32768 31921 32767
-6941 -6675 -1156 -32768 32767 32767
-4859 -9681 -345 -32768 32767 -860
-6285 -5946 1526 -32768 32767 32767
-4088 -7478 3733 -32768 32767 32767
-3947 -6906 4233 -32768 32767 32767
-3470 -6183 4593 -32768 25868 32767
-2951 -5660 4374 -32768 13532 32767
-2219 -5011 4110 -32768 13376 32767
-1850 -4435 3651 -32768 16249 32767
-1651 -4087 3380 -32768 24042 32767
-1440 -3514 3090 -32768 30570 32767
-1383 -3171 3031 -27363 32767 32767
-1530 -2829 3178 -22459 32767 32767
-1846 -2736 3208 -17614 32767 31376
-2323 -2653 3009 -13858 32460 25667
-2660 -2498 2574 -11087 30855 22296
-2771 -2326 2084 -6136 32369 17487
-2665 -2232 1771 -947 32767 13502
-2376 -2129 1565 2880 32767 10546
-2064 -2113 1451 4316 32767 9078
-1827 -2067 1392 4829 32767 7355
-1612 -1970 1204 4300 32767 5276
-1608 -1743 774 4171 32767 3235
-1655 -1578 437 5025 32767 -967
-1775 -1382 78 7096 32767 -6358
-1877 -1072 -206 8971 32767 -10383
-1888 -920 -292 12028 32767 -16251
-1694 -791 -294 13964 30890 -19452
-1532 -726 -261 16518 24706 -22798
-1275 -731 -320 18959 18907 -24623
-1152 -716 -431 20708 15631 -25371
-1092 -673 -491 23536 11891 -26094
-959 -618 -634 25679 10081 -26287
-832 -591 -743 29516 8042 -26015
-623 -523 -886 32420 6818 -25490
-551 -476 -1000 32767 4443 -24644
-661 -413 -1219 32767 1151 -24317
-684 -422 -1324 32767 -1169 -24260
-680 -483 -1391 32767 -4528 -24278
-683 -648 -1360 32767 -7008 -24376
-665 -763 -1305 32767 -11842 -24555
-736 -1086 -1163 32767 -18505 -25197
-913 -1318 -1064 32767 -23098 -26242
-1155 -1768 -958 32767 -27447 -28566
-1333 -2029 -809 32767 -28121 -30492
-1500 -2362 -643 32767 -26307 -32768
-1538 -2572 -614 32767 -23549 -32768
-1733 -2612 -662 32767 -18803 -32768
-2067 -2799 -711 32767 -15678 -32768
-2112 -3249 -706 32767 -10580 -32768
-1908 -4587 -877 32767 -7458 -32768
-1835 -5524 -1039 32239 -4136 -32768
-2458 -6040 -1265 31349 -3533 -32768
-3247 -5760 -1313 30333 -4444 -32768
-3971 -4992 -1190 27376 -5005 -32768
-3779 -4437 -953 24807 -3496 -32768
-3413 -4284 -731 20666 2448 -32768
-3083 -3888 -361 16583 10410 -32768
-3078 -3340 -51 14081 15094 -32768
-3197 -3002 206 10610 19877 -32768
-3418 -2492 474 8554 20723 -32768
-3395 -2185 431 6821 19049 -32768
-3152 -1856 -61 7227 16837 -32768
-2846 -1682 -500 10414 14144 -32768
-2462 -1348 -818 15137 14654 -29256
-2379 -1078 -660 17973 17112 -23500
-2316 -962 -433 20473 22948 -14898
-2289 -805 -10 20686 27191 -9596
-2399 -713 139 19324 31986 -3490
-2512 -498 237 17755 32767 -767
-2586 -329 246 15039 32767 1451
-2794 -120 166 13375 32156 1899
-2888 -7 104 11276 27543 1912
-2986 -12 -35 9657 21666 2416
-3072 -167 -114 8552 17232 3531
-3515 -597 -129 6480 10718 6402
-3821 -1240 -103 4639 7783 9530
-4223 -1537 40 686 4094 15247
-5268 -1843 -5 -3534 809 20764
-6110 -2095 31 -5705 1330 24776
-6514 -2185 -164 -5636 6596 31978
-6903 -2196 -1420 -1402 11129 32767
-6861 -2305 -2159 10019 15972 32767
-7000 -2748 -3013 23190 12725 32767
-7406 -3531 -3154 30156 4699 32767
-7597 -4470 -3026 32767 -9149 32767
-7934 -5832 -3183 32767 -13851 32767
-8317 -7263 -3462 32221 -9750 32767
-9183 -9539 -3742 20367 799 32767
-10026 -11915 -3346 6638 6369 32767
-10511 -13609 -2742 -20110 11246 32767
-11459 -15457 -1714 -32768 14795 32767
-11708 -16275 -1364 -32768 19895 32767
-11149 -17066 -665 -32768 20899 32767
-10608 -16678 -271 -32768 15578 32767
-9685 -15919 -8 -32768 8673 32767
-9386 -14749 23 -32768 8632 32767
-11613 -12118 3287 -32768 32767 32767
-9543 -14274 855 -32768 32767 32767
-8828 -13275 2507 -32768 32767 32767
-8772 -12494 2822 -32768 32767 32767
-7991 -10798 2904 -32768 32767 32767
-7414 -8462 1928 -32768 32767 32767
-6929 -7731 1730 -32768 15247 32767
-6043 -7554 1720 -32768 11947 32767
-5317 -7314 1814 -21362 17484 32767
-4204 -6978 2061 -13872 23326 32767
-3457 -6574 2110 -4871 29617 32767
-2475 -5842 2142 1531 31373 32767
-1962 -5361 2152 4657 30370 30445
-1399 -4743 2095 7121 27826 26997
-1164 -4428 2093 9721 22948 21857
-1048 -4003 2282 10590 20899 16257
-1014 -3677 2531 10203 21617 12279
-1107 -3411 2626 8714 24549 5622
-1162 -2926 2596 7544 27026 1109
-1079 -2473 2443 6141 30381 -5025
-1110 -2232 2332 5603 32767 -10431
-1186 -1760 2140 5714 32767 -13519
-1215 -1441 1884 7027 32767 -17027
-1383 -1137 1595 8458 32767 -18797
-1599 -885 1344 11185 32767 -21056
-2278 -388 937 13216 32067 -22856
-2846 -59 649 16428 26957 -26225
-3429 434 224 18859 24172 -28454
-3676 836 44 22914 22705 -30889
-3415 1354 -424 26193 22341 -30679
-3033 1578 -670 31286 22996 -27455
-2756 2081 -744 32767 24045 -24582
-2818 2293 -674 32767 24110 -21154
-2982 2201 -272 32767 21504 -19434
-2804 2078 -93 30057 16173 -18582
-1934 25 7 32767 9391 -32768
-1010 190 -511 32767 10024 -32768
-400 467 -178 32767 14044 -32768
-873 234 184 32767 18629 -32768
-619 -215 -282 32767 18768 -32768
-327 -487 -419 32767 16478 -32768
-239 -959 -469 32767 13052 -32768
-37 -1349 -697 32767 9442 -32768
-100 -1518 -969 32767 2719 -29693
-258 -1660 -1213 32767 -1099 -25745
-297 -1921 -1305 32767 -3800 -20160
-294 -2632 -1398 31271 -3518 -16610
-412 -3219 -1582 29961 -1889 -12412
-968 -4090 -2074 31446 -356 -10898
-1427 -4583 -2372 32767 522 -11538
-1998 -5189 -2576 32767 2180 -14256
-2268 -5323 -2544 32767 3547 -16604
-2319 -5285 -2242 32767 5312 -19382
-1985 -5180 -1854 32767 5984 -20059
-1777 -5012 -1630 32767 5921 -19557
-1701 -4536 -1338 32767 4703 -18497
-1875 -3980 -1231 32553 3943 -17909
-2125 -3500 -1321 30811 4725 -17724
