0 0 0 0 0 0
-2602 -3205 78 32767 -4635 -18152
-3140 -3370 107 32767 -5461 -20614
-3478 -3435 142 32767 -5285 -22488
-3882 -3425 141 32767 -4375 -24930
-3964 -3253 67 32767 -3522 -25645
-3842 -3126 5 32767 -1818 -24500
-3518 -2864 -58 32767 79 -20789
-3232 -2504 -162 32767 994 -17384
-3137 -2321 -236 32767 1271 -12018
-3119 -2130 -336 32767 295 -8881
-3149 -1993 -372 32767 -2507 -5801
-4252 1469 -1989 32767 -1957 -5564
-4439 2144 -2426 -32768 25852 32693
-7951 -8843 2476 -32768 -6283 32767
-7770 -9382 1765 -32768 -8030 32767
-6916 -10079 1674 -32768 -5047 32767
1458 -5980 2843 4617 25508 29420
1580 -5266 2992 5660 26545 23213
1655 -4790 3086 6670 26131 14860
1591 -4018 3101 7265 22970 7759
1504 -3344 3066 7457 20034 3782
1431 -2934 2993 7418 15862 -1227
1300 -2359 2869 7024 13625 -5603
939 -1855 2783 6471 13645 -8689
518 -1389 2783 5239 15526 -13654
-35 -969 2834 3617 18136 -18961
-453 -700 2827 2148 19834 -24129
-1007 -442 2730 1584 19281 -28509
-1522 -223 2667 1642 17797 -30790
-1780 -140 2523 2515 13665 -32768
-2168 -84 2187 4289 8676 -32768
-2411 -87 1817 5902 6541 -32768
-2463 -82 1561 8697 6604 -32768
-2681 -41 1101 11759 10007 -32667
-2860 -7 868 13881 13015 -32723
-4604 -347 -393 18265 -4163 -32768
-4188 -295 -485 17857 -189 -32768
-3759 -279 -541 18089 2531 -32768
-3496 -190 -560 19017 3665 -32768
-3178 18 -747 20313 330 -28579
-2843 183 -804 21086 -2471 -25075
-2667 286 -744 21682 -4850 -20729
-2568 269 -660 21685 -4692 -17711
-2564 217 -645 21530 -3671 -16348
-2489 249 -667 21179 -1355 -14944
-2447 338 -673 20793 654 -14292
-2378 355 -653 20004 4507 -13197
-2153 416 -545 18868 8912 -11118
-1939 389 -359 17897 11491 -8989
-1774 283 -248 16432 13184 -4676
-1673 198 -190 15570 12573 -1599
-1561 185 -17 14730 10947 1247
-1520 147 104 13549 7099 4787
-1478 -1 238 13001 3782 6600
-1372 -165 344 12581 -1183 8572
-1307 -270 422 12537 -4814 9482
-1292 -564 555 12686 -6007 9469
-1348 -778 711 12841 -5479 8299
-1512 -930 1025 13034 -2647 5743
-1555 -894 1084 13342 -381 3417
-1609 -602 1289 14145 2155 -413
-1534 -366 1476 14914 2438 -2725
-1442 -383 1622 16265 172 -5288
-1282 -361 1752 17863 -3730 -6732
-1231 -248 1772 19195 -5783 -7244
-1223 -184 1804 21556 -6608 -7496
-1319 -143 1898 23307 -5261 -7512
-1741 -41 2030 25991 -1490 -8007
-2158 2 2124 28511 1549 -9363
-2706 93 2215 29922 1680 -10485
-3588 517 1854 32767 -7458 -12271
-3980 518 1404 32767 -9664 -10369
-4483 873 651 32767 -8575 -8594
-4629 1529 -51 32767 -3467 -5431
-4948 2488 -1520 32767 -399 -2375
-5538 2560 -2482 32767 -1542 -781
-5961 2208 -2655 32767 -1881 750
-7169 1366 -3832 32767 929 1246
-8272 324 -5451 32343 7744 1413
-10052 -1697 -8039 29752 9875 1096
-11102 -3048 -9156 21207 8211 1591
-11463 -4466 -9531 870 4862 9056
-10541 -5080 -9040 -18627 2914 20473
-9151 -6142 -8282 -32768 845 32767
-9076 -7135 -8137 -32768 -269 32767
-9781 -9158 -7508 -32768 1930 32767
-10278 -11254 -6150 -32768 3571 32767
-10514 -12416 -5314 -32768 4039 32767
-10702 -13704 -4100 -32768 7237 32767
-11583 -11465 -6542 -32768 19244 32767
-8835 -14403 1149 -32768 15469 32767
-8786 -14287 2945 -32768 176 32767
-8700 -13719 2664 -32768 -27981 32767
-6174 -12875 2124 -32768 -32768 32767
-4343 -12417 2558 -32768 -25816 32767
-2635 -12133 2667 -32675 -7700 32767
-958 -11441 2491 -21537 199 32767
-383 -10588 2541 -5282 9454 32767
628 -9219 2348 4376 15467 32767
1360 -8365 2462 14406 26462 32767
2027 -7156 2770 17922 32767 31167
2117 -5967 2986 16730 32767 23285
1908 -4956 2967 14817 32767 18149
1735 -4333 2860 11913 32767 10756
1432 -3549 2791 9732 32767 4327
1187 -3112 2824 8709 32767 677
751 -2510 2627 8136 28642 -4098
105 -1942 2319 8161 22652 -7221
-408 -1729 2067 8530 16705 -11961
-1064 -1339 1706 8982 15437 -16490
-1696 -923 1435 9147 16609 -19262
-1993 -692 1340 8821 18862 -22136
-2227 -517 1278 7818 19112 -23119
-2529 -437 1209 6905 17856 -22882
-2710 -481 1128 5421 14995 -21807
-3098 -503 1102 4385 13076 -21186
-3523 -422 997 3028 9338 -21155
-3648 -265 786 2823 4706 -22282
-3893 184 565 3221 1978 -23827
-4029 338 306 4557 -1442 -26882
-4132 346 153 6491 -3414 -30301
-4267 420 66 8417 -2460 -32768
-4233 394 139 9529 -435 -32768
-4254 368 242 10751 3471 -32768
-4327 554 338 11704 6199 -32768
-4386 875 268 12616 5137 -32768
-4161 1084 117 13155 2222 -32768
-3982 1156 111 13328 -2486 -32768
-3839 1220 125 13124 -3670 -32768
-3693 1407 247 12419 -1111 -30420
-3557 1676 453 11915 3011 -28890
-3459 1869 565 11558 10210 -26637
-3226 2099 632 11714 13721 -25085
-1316 837 246 12404 9679 -4618
-1250 581 184 12991 10793 -4321
-1188 292 243 13902 11669 -4244
-690 -1390 882 13988 3017 -10549
-628 -1660 935 14519 -383 -9261
-662 -1919 1023 15123 -2405 -8471
-751 -2166 1081 16494 -4372 -7873
-1061 -2545 1087 17876 -5110 -8144
-1308 -2746 1121 20419 -5636 -9881
-1953 -3123 1092 23636 -6119 -13350
-2494 -3393 983 26108 -6658 -16173
-2778 -3447 922 30082 -7030 -20478
-3107 -3490 857 32746 -6544 -22858
-3185 -3567 797 32767 -5059 -24734
-3386 -3646 691 32767 -3976 -24962
-3538 -3626 635 32767 -2332 -24104
-3706 -3432 581 32767 -1436 -22789
-3818 -3289 497 32767 -905 -20056
-3877 -3078 329 32767 -1926 -16514
-3846 -2886 69 32767 -3202 -13910
-3797 -2486 -330 32767 -3726 -10400
-3807 -1953 -618 32767 -2122 -8648
-3826 -1616 -790 32767 2257 -6885
-3984 -1159 -1152 32767 3973 -6237
-4126 -698 -1588 32767 383 -6224
-4483 244 -2343 32767 -5008 -6873
-4655 646 -2745 32767 -8887 -7445
-5044 936 -3697 32767 -7749 -6046
-5685 1202 -4927 32767 -5254 -4029
-6214 1281 -5708 23700 -1693 719
-7013 1036 -7014 16117 -1776 4835
-7630 780 -7841 3241 -327 11939
-8312 105 -8751 -5811 4631 17598
-8644 -491 -9169 -19725 13046 27453
-9194 -1620 -8756 -32768 19422 32767
-9525 -3025 -7503 -32768 22170 32767
-9483 -3700 -6703 -32768 27488 32767
-8999 -4428 -5589 -32768 32767 32767
-8283 -5144 -4193 -32768 32767 32767
-7820 -5711 -3029 -32768 32767 32767
-7377 -6639 -1099 -32768 32645 32767
-6517 -7114 1145 -32768 23083 32767
-6452 -7192 3229 -32768 14218 32767
-6366 -6967 3338 -32768 8937 32767
-5981 -6966 3063 -32768 4181 32767
-4956 -6830 2728 -32768 2515 32767
-4119 -6672 2778 -32768 1814 32767
-2828 -6373 3218 -32768 3759 32767
-2337 -5908 3204 -32768 7871 32767
-1902 -5545 2741 -32768 9898 32767
-1581 -5390 2041 -29184 10199 32767
-1253 -5326 1642 -20920 10188 32767
-914 -5154 1136 -12484 11255 32767
-467 -4946 978 -7462 13036 32767
-156 -4814 958 -1404 16780 27650
221 -4439 1061 1534 19498 24385
420 -4154 1180 4417 23432 20316
517 -3845 1307 5449 25568 17907
510 -3355 1626 5813 26614 14250
382 -3017 1804 5591 24641 11686
218 -2527 2056 5070 20426 9179
95 -2136 2229 4154 11447 5592
-86 -1899 2226 3672 3694 1739
-241 -1539 2203 3691 1052 -905
-241 -1377 2233 3946 1562 -4588
-490 -1048 2257 4531 6007 -8306
-683 -736 2288 5288 11940 -11731
-1005 -407 2335 5875 15582 -14007
-1203 -168 2378 6723 19243 -17154
-1557 268 2583 7056 19659 -19916
-1813 630 2682 6994 17853 -21244
-1954 732 2649 6753 12781 -22179
-1979 704 2488 6727 7081 -21646
-1963 609 2165 7035 4177 -20723
-1999 575 1880 8389 2170 -19439
-2203 543 1343 10783 2906 -19127
-2513 412 951 12632 4605 -19770
-2658 312 811 15125 8173 -21480
-2735 -172 -500 25044 -9358 -32768
-2449 -332 -604 25361 -9756 -32768
-2252 -428 -691 25810 -7946 -32212
-2053 -570 -746 26342 -4057 -30156
-1838 -674 -750 26757 -959 -28409
-1771 -705 -710 27262 3453 -25770
-1916 -826 -597 27559 6979 -23851
-2294 -1065 -469 27601 8665 -23264
-2482 -1142 -413 27585 9668 -22998
-2506 -1084 -349 27466 9108 -22768
-2413 -993 -313 27100 6802 -21926
-2170 -882 -220 26254 3947 -20110
-1906 -850 -38 25444 2313 -18388
-1754 -882 96 23727 675 -15441
-1691 -878 332 21754 180 -12955
-1890 -863 525 20499 439 -11993
-2069 -888 587 19216 899 -11321
-2182 -971 619 18999 865 -10857
-2185 -1045 658 19462 512 -10313
-2172 -1080 725 20813 -312 -9208
-2054 -1111 869 21920 -1010 -8232
-1947 -979 1040 23607 -2198 -6970
-1853 -806 1122 25073 -3791 -6070
-1800 -621 1169 26036 -5225 -5858
-1816 -512 1122 27564 -7136 -6238
-4311 -723 -589 32767 4532 -6810
-4780 -715 -847 32767 4697 -4321
-5268 -716 -1200 32767 1843 -203
-5618 -880 -1367 32767 -510 2739
-5778 -1192 -1667 32767 -3195 7674
-6337 -1525 -2683 31673 -3873 10081
-6961 -1448 -3623 27053 -4411 10514
-7886 -1452 -5218 22078 -3444 8607
-8035 -1696 -6683 17398 -1031 8927
-8069 -2228 -7828 8027 4562 14386
-8152 -2862 -8820 -32768 3941 32767
-10291 -12697 2445 -32768 5096 32767
-10206 -12615 2578 -32768 780 32767
-10030 -12987 1747 -32768 -5220 32767
-8636 -12994 1270 -32768 -14179 32767
-6922 -12551 1648 -32768 -11858 32767
-4082 -11716 2177 -32768 -3812 32767
-2834 -11107 2072 -22081 11358 32767
-2354 -10679 1850 -12121 20064 32767
-1960 -9793 1718 614 28576 32767
-1019 -8590 2222 6444 31441 32767
-355 -7830 2504 11265 29414 32767
414 -6758 2757 12186 23525 32767
971 -5812 2758 11335 20009 30845
1225 -5271 2652 9151 17153 23417
1293 -4460 2435 7594 17287 18136
1214 -3873 2315 5771 19464 9412
1034 -3253 2112 5155 21787 980
862 -2692 1994 5397 23115 -6180
558 -2108 2041 5530 22633 -10179
177 -1848 2088 5236 19081 -15707
-443 -1480 2047 4768 15440 -19107
-987 -1290 1886 4163 10475 -24111
-1731 -1027 1547 4097 8595 -27138
-2161 -879 1318 4710 7964 -30740
-2439 -790 1154 5421 8611 -32210
-4011 884 723 14339 7040 -32768
-3939 1338 650 15439 9440 -32768
-3869 1613 711 16731 13498 -30911
-3723 1894 999 16969 16189 -28598
-3437 1897 1147 16659 16489 -26925
-3322 1896 1207 15843 15018 -24613
-3207 1831 1230 14924 11277 -22830
-3181 1627 1054 14561 7237 -21992
-3209 1459 881 14477 162 -21282
-3054 1220 628 14665 -3857 -20796
-2836 1060 503 15197 -6638 -19721
-2461 830 334 16016 -4980 -18150
-1094 -167 -309 21270 -3432 -10649
-1055 -256 -220 19160 -7095 -11005
-951 -489 -13 17201 -7979 -10966
-873 -669 114 13949 -7253 -10431
-793 -929 228 11942 -5885 -9857
-777 -1108 226 10118 -3672 -8953
-813 -1381 110 9966 -2666 -8450
-892 -1559 33 11452 -1932 -8162
-1170 -1886 -31 13371 -1561 -8495
-1334 -2123 -31 17078 -1158 -9728
-1651 -2460 -8 19855 -987 -11038
-1874 -2701 18 23928 -699 -13652
-2092 -2959 115 26296 -415 -15544
-2325 -3071 372 28612 444 -18439
-2476 -3118 522 32767 3693 -19806
-3358 -2232 -83 32767 2002 -16149
-3332 -2026 -170 32767 916 -13870
-3422 -1820 -208 32767 253 -11324
-3564 -1641 -252 32767 809 -10277
-3729 -1345 -356 32767 1068 -10035
-3720 -1083 -478 32767 63 -9726
-3664 -943 -627 32767 -3577 -8549
-3644 -704 -892 32767 -6320 -7481
-3720 -425 -1130 32767 -8373 -6256
-3888 129 -1580 32767 -6124 -5486
-4045 665 -2042 32767 -2319 -4817
-4199 928 -2391 32767 3946 -3441
-4454 1295 -2906 30264 5563 -1518
-4562 1482 -3371 26997 3149 343
-4994 1531 -4259 19964 -1988 3433
-5801 1421 -5587 14186 -4707 5266
-6500 1270 -6467 3852 -2532 8128
-7464 751 -7849 -8301 5810 13417
-8457 481 -8493 -18220 14102 18485
-9830 -267 -8617 -32768 24596 29301
-10154 -862 -8166 -32768 27202 32767
-10091 -1422 -7623 -32768 26151 32767
-9662 -2535 -6597 -32768 26363 32767
-9278 -3531 -5591 -32768 27674 32767
-8700 -5272 -3843 -32768 26671 32767
-8354 -6508 -2625 -32768 22631 32767
-7598 -7918 -1307 -32768 19518 32767
-6937 -8029 2527 -32768 13212 32767
-6806 -8221 2084 -32768 4813 32767
-6204 -8407 1103 -32768 3021 32767
-4993 -8441 549 -32768 4927 32767
-4273 -8214 605 -32768 10967 32767
-3360 -7775 1183 -32768 16401 32767
-2717 -7068 1667 -28021 22222 32767
-2261 -6610 2036 -23064 24322 32767
-1481 -6223 2188 -20999 24175 32767
-966 -5788 2091 -17533 23201 32767
-262 -4999 2146 -13766 21446 32767
164 -4377 2294 -11353 18284 32561
394 -4041 2382 -7975 11662 27294
586 -3702 2429 -4743 6601 22003
704 -3289 2410 -2802 5174 18338
-1262 -772 1897 11165 14691 -19652
-1779 -656 1799 12133 14695 -20741
-2081 -598 1800 13024 14765 -22495
-2397 -507 1679 13330 14674 -23955
-2437 -455 1544 13400 14224 -24487
-2406 -459 1375 13540 13016 -24504
-2317 -509 1078 13817 12115 -24176
-2318 -502 880 14567 11346 -24010
-2553 -479 606 15664 11232 -25380
-2997 -514 363 16586 11324 -27343
-3304 -579 230 18185 11592 -31381
-3744 -670 99 19801 11849 -32768
-3928 -679 35 20843 11672 -32768
-4005 -709 -74 22521 10046 -32768
-3917 -740 -294 24442 7036 -32768
-3646 -744 -484 25670 4754 -32768
-3446 -804 -602 27325 1842 -32768
-3265 -921 -735 28214 696 -32768
-3282 -1000 -777 29104 365 -32768
-3437 -1025 -768 29266 750 -32768
-3496 -992 -719 28975 957 -32073
-3486 -918 -674 27953 1281 -30474
-3396 -858 -654 27096 1601 -29207
-3189 -794 -685 26043 2229 -26771
-2924 -692 -761 25413 2943 -23620
-2719 -611 -756 25134 3214 -21247
-2432 -450 -730 24815 2791 -17608
-2190 -243 -651 24504 2156 -15331
-2060 -150 -563 23875 1346 -12230
-1920 -69 -468 23444 949 -10411
-1919 -60 -387 22819 374 -8089
-1925 -879 539 21077 1930 -682
-2001 -581 570 20949 1889 -3128
-1945 -381 498 21286 789 -6403
-1764 -285 406 21882 -25 -7835
-1652 -294 441 22836 -393 -8976
-1564 -176 556 23515 -413 -9144
-1606 -73 615 23761 -1128 -9085
-1756 -10 629 23974 -3162 -8843
-4125 -161 -504 26582 -10824 -1802
-4395 -260 -773 25943 -4456 1779
-5127 23 -1146 25188 1547 2833
-5631 422 -1550 23863 7423 2116
-6042 1228 -2277 21613 3835 921
-6326 1306 -2905 19045 -1842 1190
-6703 799 -3345 13999 -5203 3659
-7682 -43 -4306 8673 1748 6888
-8387 -640 -4966 4509 8090 9015
-8889 -1874 -5658 -4306 10212 13986
-8903 -3635 -6150 -16212 2021 22539
-8968 -5512 -6950 -24320 -3053 30095
-9077 -6600 -7536 -32768 -121 32767
-9085 -8378 -7277 -32768 8994 32767
-9062 -9675 -6321 -32768 22433 32767
-9163 -11343 -4506 -32768 23298 32767
-9498 -12329 -3469 -32768 16801 32767
-10075 -13205 -2528 -32768 3101 32767
-9862 -13857 -1900 -32768 -5975 32767
-9406 -14314 -1322 -32768 -15367 32767
-7173 -13468 857 -32768 3095 32767
-7288 -12345 1296 -32768 13556 32767
-7697 -12945 1471 -32768 21037 32767
-7929 -12273 1150 -32768 10671 32767
-6506 -11143 1658 -32730 3794 32767
-4791 -11040 2388 -21348 2143 32767
-2449 -10647 3292 -15917 6088 32767
-1146 -9586 3627 -13689 9102 32767
-746 -8851 3390 -8977 10905 32767
-288 -7529 2741 -4323 11257 32767
446 -6516 2338 3404 13767 32767
1114 -5984 2216 9665 18804 31776
1843 -5081 2098 12348 22280 25462
1941 -4530 2113 13988 25965 16653
1736 -3831 2183 13287 26947 7360
1242 -3245 2268 12046 26291 662
846 -2893 2238 9736 23957 -9788
-3654 -799 1117 4163 6454 -27869
-3911 -671 999 4631 6637 -28689
-3965 -297 952 4945 6694 -29627
-4079 122 976 5445 6589 -31831
-4204 606 903 6176 4777 -32768
-4130 904 895 6688 2553 -32768
-4069 1005 973 7230 -620 -32768
-4080 1021 983 7994 -2157 -32768
-3954 1199 917 8847 -1792 -32768
-3752 1433 888 10584 972 -32768
-3447 1903 852 11927 3752 -32281
-3289 2201 929 13463 8593 -30329
-3012 2453 1191 13865 11810 -28985
-2785 2504 1312 13686 15397 -26783
-2633 2491 1375 13117 16405 -24875
-2593 2322 1270 12825 15333 -23813
-2626 2142 1162 12620 11081 -22627
-2752 1840 955 12640 4246 -21938
-2761 1526 689 12750 -816 -21566
-2619 1339 574 12689 -6405 -20490
-2247 1087 603 12332 -7466 -19303
-1970 917 645 11455 -4911 -17072
-1613 662 627 10991 -1490 -15431
-1452 528 554 10890 3998 -13212
-1208 314 350 11329 6895 -12051
-1179 273 311 12531 9511 -10757
-1076 166 263 14067 10173 -9994
-1042 9 220 15191 9577 -9696
-1050 -112 123 17056 7470 -9557
-1017 -243 49 18206 5925 -9577
-1017 -323 18 19711 3945 -9853
-993 -399 -13 20633 3010 -10275
-973 -430 48 20797 3106 -10583
-895 -517 110 20503 3603 -10688
-844 -664 147 19992 3985 -10494
-721 -917 317 19318 4241 -10079
-672 -1148 398 18319 4360 -9232
-668 -1545 484 17787 4260 -8493
-757 -1826 466 18072 4085 -8392
-1087 -2250 386 19450 3732 -9365
-3703 -3481 518 32767 -144 -25840
-3644 -3284 461 32767 -2239 -25065
-3507 -3165 439 32767 -3086 -23326
-3304 -3029 341 32767 -3551 -19254
-3138 -2819 147 32767 -3655 -16087
-3118 -2700 -8 32767 -3747 -11873
-3273 -2550 -238 32767 -3737 -10008
-3415 -2421 -371 32767 -3201 -8986
-3598 -2092 -423 32767 -2296 -9268
-3691 -1892 -404 32767 -1019 -10213
-3670 -1555 -446 32767 -908 -10626
-3598 -1334 -500 32767 -1373 -10368
-3504 -925 -618 32767 -1731 -9581
-3518 -689 -693 32767 -3446 -7744
-3675 -421 -1066 32767 -5427 -6473
-3936 -10 -1620 32767 -6350 -5044
-4065 305 -2046 32767 -2992 -4076
-4232 656 -2623 32767 151 -3589
-4548 1202 -3372 32767 3857 -2324
-4712 1327 -3972 32035 4704 -482
-4829 1263 -4370 24642 4456 4001
-5078 1123 -5003 17582 4152 7500
-5473 926 -5407 3909 4020 11709
-6507 363 -5865 -6929 4639 13191
-7292 -99 -6546 -22735 8534 15918
-8495 -1069 -7452 -32268 13349 19708
-8989 -1583 -7645 -32768 18322 30012
-9438 -2339 -7120 -32768 19614 32767
-9178 -2711 -5910 -32768 25245 32767
-8438 -3341 -4566 -32768 32767 32767
-7125 -4267 -3172 -32768 32767 32767
-6524 -5174 -2345 -32768 32767 32767
-3601 -7153 4770 -32768 31258 32767
-6020 -7008 -100 -32768 27944 32767
-5738 -8256 1835 -32768 25291 32767
-5456 -7965 1584 -32768 14918 32767
-4690 -7756 1476 -32768 -1126 32767
-3130 -7127 2035 -32768 -1260 32767
-2029 -6503 2228 -32768 2592 32767
-1456 -6031 2517 -32768 7700 32767
-999 -5243 2554 -32184 7158 32767
-689 -4822 2449 -27411 4240 32767
-104 -4285 2193 -21673 3803 32767
408 -3824 1956 -17345 5463 32621
635 -3526 1803 -10367 8885 26552
840 -2998 1642 -5794 11165 23066
960 -2760 1669 21 14567 18840
-734 103 1925 6178 17799 -10219
-983 275 1889 5460 18449 -11422
-1506 416 1851 4602 19155 -13664
-2209 156 663 6423 7279 -13019
-2426 -89 508 8674 9344 -15906
-2718 -239 439 10621 10872 -20053
-2911 -350 309 12705 10643 -24876
-2926 -457 32 14340 9736 -27832
-2714 -530 -219 17133 8396 -31123
-2530 -584 -398 20405 7389 -32681
-2266 -699 -608 22625 6864 -32768
-2244 -751 -628 25339 6184 -32768
-2464 -886 -559 26967 4765 -32768
-2700 -1021 -522 27427 3036 -32768
-2730 -1010 -501 27186 -490 -32768
-2678 -964 -425 25843 -3403 -32768
-2427 -900 -324 24532 -4131 -32515
-2228 -850 -281 22575 -2754 -29990
-1972 -772 -314 21176 992 -26597
-1753 -626 -342 20686 4096 -24115
-1623 -534 -360 20647 8335 -20322
-1530 -495 -341 21332 11125 -16833
-1506 -501 -287 21906 12023 -14824
-1519 -553 -137 22735 11962 -12386
-1583 -580 1 23170 10825 -11207
-1678 -601 78 23748 7730 -10349
-1811 -604 189 24041 5159 -10305
-1925 -626 284 24250 1316 -10876
-2002 -862 379 24219 -2358 -11400
-1940 -620 711 28295 4739 -8850
-2189 -510 724 30074 3815 -9813
-2354 -439 771 31072 2091 -10499
-2633 -377 754 32448 -2107 -11347
-2811 -428 621 32767 -5222 -11564
-3043 -638 373 32767 -8487 -11172
-3193 -835 220 32767 -9303 -10466
-3448 -1089 -5 32767 -8239 -9005
-3691 -1084 -267 32767 -5850 -7679
-3892 -1134 -382 32767 -826 -5263
-4613 -1410 -417 32767 1249 -3472
-5403 -1498 -646 32767 -3096 -2529
-5732 -1393 -731 29958 -6970 -2005
-5796 -1119 -891 25157 -9284 -79
-5896 -942 -1846 22546 -7003 2918
-6266 -816 -2659 22090 -2521 4832
-6817 -849 -3783 21836 3527 7966
-7322 -966 -5109 20876 2772 10439
-7546 -1274 -5715 15545 -1147 15508
-7884 -2189 -6996 5307 -2088 22752
-8062 -2745 -7628 -7905 4531 31683
-8427 -3933 -8080 -23564 15433 32767
-9196 -5497 -7414 -32768 21473 32767
-9558 -6525 -6638 -32768 22795 32767
-10159 -7952 -5174 -32768 17819 32767
-10462 -9352 -3965 -32768 13356 32767
-10356 -10137 -3347 -32768 4851 32767
-10114 -10980 -2534 -32768 -2758 32767
-9992 -11686 -1563 -32768 -6481 32767
-9288 -11217 3369 -32768 -2677 32767
-7820 -11789 2046 -32768 -2057 32767
-7466 -11906 2519 -32768 -627 32767
-7162 -11794 1725 -32768 -1462 32767
-5884 -11159 1441 -32768 -690 32767
-4641 -10646 1456 -32768 3871 32767
-3131 -10190 1466 -20193 10269 32767
-2378 -9785 1494 -13063 14226 32767
-2147 -9468 1506 -4872 17768 32767
-1632 -8762 1809 -1206 19552 32767
-1058 -8078 1975 2229 22075 32767
-135 -6973 2103 4210 24307 32767
669 -5969 2196 5057 25968 31294
989 -5365 2245 5916 28451 24863
1403 -4186 2377 6272 29220 20669
1449 -3634 2400 6678 28187 14213
1349 -3153 2396 7146 24816 7379
1007 -2660 2231 8016 20674 295
561 -2272 1977 8876 18443 -4268
283 -1960 1791 10293 16486 -10446
-382 -1592 1566 11009 15872 -14279
-966 -1420 1436 11634 15160 -19657
-1594 -1201 1311 11646 14440 -22595
-1949 -897 1191 11188 13047 -25657
-2035 -756 1097 10402 11866 -26878
-2213 -728 935 9963 11779 -27075
-2455 -772 796 9781 12551 -27691
-2862 -644 751 9762 12310 -29582
-3425 -411 703 9893 7644 -32768
-4075 -97 727 9725 2378 -32768
-4376 107 782 8993 -5650 -32768
-4724 327 824 8333 -9468 -32768
-4836 487 815 7630 -12464 -32768
-4849 698 745 7558 -13127 -32768
-4643 858 630 7945 -12157 -32768
-4439 1156 635 9195 -7561 -32768
-2586 1429 510 12886 11450 -12579
-2230 1236 371 10305 9585 -11295
-1983 1074 270 8898 9438 -10031
-1694 796 104 8625 10213 -9230
-1514 659 88 8893 11460 -8163
-1349 422 117 9272 11285 -7589
-1289 260 72 10152 8723 -7079
-1239 83 -25 10941 6053 -7039
-1220 -12 -50 12097 2225 -7491
-1142 -151 -19 12973 178 -8323
-1012 -326 63 13240 188 -8852
-948 -455 87 13345 1473 -9522
-839 -626 79 13320 2463 -9789
-755 -742 116 13178 3299 -9714
-662 -1021 162 13155 3320 -9051
-712 -1409 226 13347 3030 -8520
-774 -1712 284 13995 2226 -7898
-908 -2132 363 14623 1278 -7729
-999 -2331 415 15862 -543 -7993
-1205 -2546 345 17039 -1643 -8674
-1252 -2561 316 19474 -2490 -10387
-1349 -2591 252 22592 -1906 -12549
-1390 -2682 226 24901 -771 -13995
-1429 -2735 229 28562 1446 -15986
-1629 -2919 197 32358 3098 -17971
-3121 -2573 -348 32767 4977 -14346
-3269 -2299 -466 32767 6318 -9914
-3488 -2051 -467 32767 5783 -7598
-3693 -1859 -336 32767 3884 -6912
-3780 -1704 -279 32767 -1632 -6399
-3860 -1388 -259 32767 -8049 -6083
-3815 -945 -310 32767 -10628 -5749
-3782 -718 -483 32767 -10163 -5122
-3775 -329 -899 32767 -4911 -4538
-3891 161 -1410 32767 -89 -4224
-4112 396 -1661 32767 6397 -4067
-4541 745 -1838 32767 8684 -3758
-4913 1128 -1939 32767 6786 -3016
-4926 1269 -2029 32767 1235 -174
-4837 1456 -2399 28652 -2346 2723
-4832 1496 -2865 21449 -4772 7539
-5073 1486 -3919 16860 -3882 10084
-5404 1555 -4825 11288 515 12300
-9242 -6430 -3535 -32768 17468 32767
-8636 -7228 -2711 -32768 9023 32767
-6216 -10239 -2456 -32768 24746 32767
-6866 -8237 2589 -32768 15745 32767
-6736 -8318 2932 -32768 6171 32767
-6701 -8312 1891 -32768 1473 32767
-5777 -8890 1104 -32768 1935 32767
-4950 -8977 1207 -32768 7300 32767
-3889 -8766 1567 -32768 11641 32767
-3192 -8356 1952 -31909 18219 32767
-2469 -7730 2358 -23368 22223 32767
-2071 -7375 2591 -17335 21506 32767
-1466 -6881 2660 -14048 19741 32767
-962 -6275 2645 -9778 17074 32767
-275 -5483 2600 -6433 15661 32767
193 -5009 2639 -4766 15104 32767
424 -4851 2729 -3056 14179 29022
651 -4535 2841 -1904 13069 24585
727 -4013 2910 -1187 12549 21053
704 -3652 2920 75 12374 14600
575 -3160 2803 2004 12714 7054
448 -2730 2639 3756 12911 1948
401 -2426 2633 6421 13627 -5264
311 -1838 2703 8391 14637 -11610
175 -1303 2765 9114 15649 -15331
22 -981 2771 9330 17062 -19936
-254 -671 2724 8874 17279 -23289
-623 -438 2617 8191 15947 -25759
-1217 -274 2354 7942 14373 -27348
-3291 -529 58 20242 11313 -32768
-3495 -708 -178 20566 9167 -32768
-4037 -880 -385 21026 5250 -32768
-4415 -963 -504 21331 1516 -32768
-4472 -969 -617 21407 -295 -32768
-4244 -951 -644 21403 -1587 -32768
-3806 -864 -669 21358 -1273 -32768
-3355 -842 -705 21421 -385 -32768
-2989 -809 -709 21696 1767 -32768
-2804 -677 -697 22202 4730 -31878
-2693 -432 -693 22899 7476 -28405
-2623 -131 -670 23292 8527 -26608
-2688 94 -640 23587 8156 -24784
-2770 359 -646 23313 5205 -23294
-2673 489 -597 22627 2949 -21855
-2446 622 -417 20702 968 -18556
-2267 583 -224 19036 670 -15643
-2161 541 -144 16515 1409 -10807
-2113 503 -50 14993 2445 -7774
-2100 475 -27 13393 3988 -4037
-1989 394 -43 12852 4495 -1952
-1884 318 -49 12707 4551 648
-1848 137 -33 12962 4036 1915
-1845 37 -23 13616 2220 3101
-1805 -145 9 14159 556 3481
-1755 -290 66 14801 -1374 3571
-1664 -469 277 14943 -1632 3365
-1624 -525 421 14750 -464 2517
-1546 -460 585 14480 710 1669
-1871 -809 1054 19997 457 -6034
-2025 -933 1000 20731 1002 -5999
-2104 -1004 996 21924 1921 -5566
-2259 -1201 1148 22485 2504 -5195
-2469 -1319 1388 22445 1856 -4901
-2845 -1478 1522 22166 -610 -4935
-3093 -1636 1386 22198 -7313 -5247
-3377 -1812 1131 22789 -13923 -5585
-5234 832 -2427 25560 -3088 1785
-5593 980 -3185 22922 -151 4382
-6416 795 -4116 19534 -957 5219
-6867 482 -4701 12234 -2520 6321
-7473 -360 -6050 4734 -869 9778
-7838 -1211 -6986 -117 1766 14290
-8189 -2635 -7918 -5525 3859 20587
-8367 -3710 -8102 -16188 5262 32444
-8945 -5567 -7624 -25661 6285 32767
-9450 -6810 -6834 -32768 10836 32767
-9888 -8622 -5579 -32768 15142 32767
-10057 -10069 -4569 -32768 15267 32767
-10163 -10922 -3936 -32768 13218 32767
-10001 -11992 -3016 -32768 9482 32767
-9951 -12561 -1952 -32768 6850 32767
-9844 -12825 -1109 -32768 -14665 32767
-8451 -12642 2270 -32768 8478 32767
-8341 -12361 1632 -32768 12866 32767
-7867 -12646 2384 -32768 15786 32767
-6647 -11998 1768 -32768 3867 32767
-5310 -11203 1925 -32768 -1254 32767
-3025 -10490 2221 -27470 -1146 32767
-1352 -9992 2504 -20760 3716 32767
-862 -9265 2189 -11359 11582 32767
-658 -8323 1970 -2176 16975 32767
-303 -7646 1964 5494 21567 32767
414 -6638 2076 9020 24122 32767
873 -6007 2256 11433 26688 26053
1172 -5060 2491 11032 26808 19817
1033 -4255 2629 9843 25765 15737
800 -3548 2590 7986 22798 9371
651 -2888 2398 6716 19397 3059
513 -2501 2224 6385 17718 -2879
252 -2053 1975 6547 18124 -6550
23 -1806 1907 7057 20204 -11586
-380 -1440 1906 7289 21813 -15984
-808 -1132 2015 7021 21126 -18643
-1142 -898 2050 6022 16477 -22464
-1795 -668 1945 4738 9060 -26560
-2620 -607 1663 4038 4441 -29538
-2892 -524 1393 3761 366 -32768
-3257 -480 962 4381 197 -32768
-3418 -443 778 6059 2747 -32768
-3609 -323 636 8292 6204 -32768
-3882 -55 466 9952 7556 -32768
-4078 199 377 12342 7148 -32768
-4442 533 431 13766 4325 -32768
-4655 751 533 14057 1540 -32768
-2719 2545 778 14847 9189 -14530
-2504 2277 663 14789 1407 -11459
-2280 1995 467 14970 -2275 -10121
-2108 1767 332 15609 -4512 -8796
-1837 1390 218 16302 -2549 -8058
-1616 1026 221 16677 2440 -7826
-1497 654 250 16796 6253 -7913
-1451 437 252 16835 10914 -8372
-1430 184 239 16825 12607 -8945
-1422 54 166 16952 12704 -10095
-1392 -14 172 17050 11095 -11388
-1312 -200 203 17110 9099 -12417
-1188 -420 225 17101 8032 -12787
-1018 -588 199 17125 6849 -12712
-906 -628 94 17225 5753 -12170
-859 -691 55 17437 4795 -11299
-735 -871 103 17318 4514 -10572
-679 -1088 199 16847 4545 -9479
-640 -1287 352 15810 4759 -8339
-672 -1653 547 14636 4326 -7485
-920 -1992 620 14079 3256 -7440
-3246 -3590 -30 32767 -2233 -24221
-3713 -3514 -157 32767 -1868 -26223
-3804 -3422 -220 32767 -1023 -27848
-3590 -3299 -274 32767 1086 -26538
-3326 -3092 -305 32767 3106 -24140
-3180 -2884 -358 32767 5736 -19190
-3173 -2496 -440 32767 6720 -14253
-3292 -2412 -474 32767 6051 -11642
-3375 -2378 -496 32767 2943 -8991
-3361 -2264 -554 32767 -52 -7913
-3336 -2056 -588 32767 -4502 -7300
-3270 -1637 -618 32767 -7534 -7616
-3196 -1246 -593 32518 -8126 -8027
-3189 -1154 -622 29872 -7204 -8489
-3338 -1160 -732 28192 -5975 -8778
-3577 -990 -804 27384 -5371 -8933
-3681 -771 -830 26543 -4149 -8919
-3676 -420 -849 25948 -2298 -7922
-3538 -127 -884 25658 -769 -6410
-3449 18 -924 25332 1210 -3158
-3462 187 -1044 24909 1956 398
-3490 319 -1104 24307 1777 2484
-3546 447 -1198 22867 683 4661
-3571 675 -1424 21678 11 5585
-3568 849 -1746 19686 421 6446
-3599 905 -2000 17363 1843 6775
-3652 982 -2361 14228 4322 7031
-3645 880 -2772 11710 6274 7505
-3645 877 -3206 8010 8048 8949
-3759 768 -3987 5494 7983 10357
-3953 650 -4494 376 5546 12788
-4594 173 -5162 -4967 2318 14266
-5435 -400 -5168 -17873 -786 14950
-6676 -1105 -6263 -31950 2666 17017
-7317 -1490 -7059 -32768 10220 20983
-8132 -1947 -7565 -32768 24359 30804
-9386 -3000 -7097 -32768 29688 32767
-9599 -3584 -6190 -32768 27459 32767
-9414 -4381 -4835 -32768 28294 32767
-9050 -5478 -3819 -32768 32767 32767
-8502 -6447 -2948 -32768 25058 32767
-7267 -7522 395 -32768 32767 32767
-7414 -8108 211 -32768 32767 32767
-7199 -9516 1648 -32768 19034 32767
-6537 -8997 1054 -32768 6618 32767
-5402 -8793 1036 -32768 -1450 32767
-3498 -8152 1553 -32768 1967 32767
-2259 -7585 1613 -32768 8642 32767
-1764 -7420 1712 -32768 10371 32767
-1396 -6919 2099 -31660 9606 32767
-1206 -6479 2318 -24212 7544 32767
-623 -5707 2313 -19959 6571 32767
-136 -5286 2121 -13175 6512 32234
416 -4661 1813 -6088 8321 26594
765 -4098 1754 -1965 10298 23226
902 -3779 1812 2647 13450 18481
936 -3302 1931 4794 14930 15224
811 -3034 1937 7265 15600 10011
580 -2626 1896 9438 15485 4563
347 -2236 1855 10749 15442 1127
222 -1991 1864 12112 15696 -3357
-3 -1623 1967 12476 16300 -7315
-314 -1293 2085 12170 16531 -9812
-518 -1013 2145 11061 16148 -13277
-897 -757 2191 10138 15368 -15320
-1211 -646 2167 8921 13430 -18140
-1725 -468 2055 8097 11051 -20675
-2202 -306 1848 7899 9669 -22104
-2436 -223 1718 8045 8715 -23747
-2619 -154 1601 8274 9103 -24383
-2663 -124 1562 8667 10934 -24675
-2662 -70 1458 9296 13931 -24329
-2606 67 1238 10036 16002 -23924
-2723 96 1004 11640 17843 -23565
-2895 23 863 13448 16527 -23994
-3196 -104 578 15248 10986 -25414
-3475 -149 164 16920 3876 -27591
-3546 -177 89 17792 142 -29392
-3661 -307 -73 18628 -2600 -32111
-3720 -412 -147 18924 -2006 -32768
-3792 -406 -147 18981 1072 -32768
-3701 -398 -236 19221 3480 -32768
-3576 -404 -362 20244 5839 -32768
-3687 -479 -573 22026 5755 -32768
-3890 -577 -699 23256 3490 -32768
-3814 -617 -885 24876 -2728 -32768
-3687 -581 -937 25657 -8918 -30363
-3448 -560 -963 25473 -11215 -26768
-3136 -396 -892 24583 -8484 -22933
-2859 -205 -834 23760 -4710 -20504
-2685 -47 -786 22318 2106 -17327
-2390 177 -700 20885 8792 -14557
-2119 336 -671 20068 12292 -12716
-1930 374 -608 19008 15075 -9906
-1670 396 -468 18322 14381 -7886
-1488 345 -415 17350 9155 -4721
-1390 309 -346 16278 1196 -1700
-1268 267 -209 15486 -3675 99
-1213 180 -88 14244 -7946 2282
-1149 -73 139 12932 -8350 3793
-1150 -198 263 12204 -7292 4301
-1122 -350 375 11524 -5157 4544
-1126 -527 456 11426 -3826 4416
-1107 -682 493 11922 -2288 4059
-1171 -929 526 12687 -1697 3574
-1227 -1075 572 14163 -1011 2361
-1308 -1108 683 15758 -677 427
-1364 -919 667 16863 -809 -1186
-1287 -663 747 18228 -1251 -3342
-1150 -593 890 18748 -562 -4788
-993 -527 1257 18498 728 -5370
-990 -512 1494 17636 2944 -5970
-1107 -487 1604 17441 4086 -6784
-1406 -497 1596 18003 4042 -7487
-1736 -672 1679 19820 2702 -8526
-1971 -784 1707 22408 -1215 -9434
-2421 -867 1619 24380 -5090 -10002
-2633 -937 1555 27293 -9294 -10548
-2902 -1188 1577 29606 -9051 -10689
-3133 -1432 1499 31011 -7044 -10446
-3324 -1617 1295 32767 -3868 -9874
-3728 -1791 974 32767 -2001 -9164
-4174 -1936 719 32767 -1734 -8758
-4559 -1882 618 32767 -2176 -8529
-5142 -1476 325 32767 -2627 -8668
-5376 -1139 96 32767 -2467 -8330
-5377 -701 -278 32767 -1809 -6280
-5299 127 -1239 32767 -2099 -4408
-5396 777 -1894 32200 -998 -2072
-5866 1460 -3001 31690 835 -680
-6534 1380 -3808 29678 1824 1578
-7683 413 -5236 24874 -1135 4544
-8182 -865 -6820 19658 -3149 7674
-8196 -1821 -8101 9456 -3819 15420
-8411 -3053 -9656 -4848 -393 25626
-8689 -4670 -9403 -25152 8704 32767
-8689 -5748 -8608 -32768 14950 32767
-9551 -11773 2632 -32768 25935 32767
-8189 -11556 2746 -32768 19719 32767
-6552 -10694 2801 -31851 16032 32767
-3994 -10588 3393 -25776 19794 32767
816 -3346 2427 -310 20303 -997
539 -2761 2240 -1427 17926 -7807
277 -2202 1971 -1444 16790 -11514
-3231 -336 1396 6685 15939 -30447
-3503 111 1487 6550 16470 -29358
-3739 375 1408 6639 14338 -28768
-4155 553 1231 7155 8256 -29420
-4349 690 1044 7592 3421 -30186
-4285 874 1027 7961 -1884 -31038
-4004 1221 1205 7759 -2501 -31038
-3698 1664 1389 7481 -905 -30635
-3471 1981 1451 7262 2394 -29413
-3041 2297 1240 7868 4799 -27481
-2858 2296 1045 8880 5953 -25929
-2712 2245 879 10937 7887 -23422
-2425 2134 696 12468 9674 -21702
-2292 2043 671 14560 13160 -19552
-2212 1864 695 16054 16662 -18059
-2193 1573 668 16806 18159 -17423
-2227 1396 698 17293 18377 -17067
-2314 1149 727 17226 16164 -17248
-2217 902 674 17067 13755 -17274
-2080 749 592 17038 9955 -16907
-1818 548 437 17532 7422 -15925
-1512 382 211 18285 6755 -15004
-1352 296 47 20044 7011 -13528
-1172 182 -102 22131 8570 -12218
-1038 69 -108 23365 10143 -11522
-1005 -4 -79 24854 12752 -10905
-1106 -136 -17 25807 14515 -11052
-1264 -273 -13 26233 14714 -11507
-1325 -344 -50 26792 13168 -12460
-1313 -449 -118 27124 11279 -13044
-1261 -477 -136 27377 8049 -13567
-1158 -564 -90 27252 5985 -13597
-1043 -754 16 26476 3131 -12977
-939 -936 133 24797 411 -11556
-827 -1332 349 23202 -1373 -10216
-863 -1849 511 20377 -4109 -8245
-1019 -2119 543 17917 -6800 -7185
-1354 -2510 457 16937 -8675 -7345
-1595 -2752 348 16742 -11301 -8903
-2024 -3068 265 17798 -12974 -12034
-2660 -3345 199 19021 -13492 -15103
-3053 -3477 182 21460 -14129 -20468
-3450 -3029 -68 32767 3760 -13419
-3390 -2905 -154 32767 843 -12028
-3393 -2736 -320 32767 -1392 -11146
-3447 -2567 -405 32767 -4811 -10240
-3505 -2204 -469 32767 -6756 -9622
-3506 -1792 -575 32767 -6780 -9137
-3450 -1474 -689 32767 -5394 -7917
-3387 -1092 -1053 32767 -4343 -6857
-3580 -767 -1760 32767 -4170 -5795
-3906 -399 -2415 32767 -4516 -6377
-4595 193 -3457 32767 -2462 -7476
-4933 541 -4159 32767 2080 -7963
-5308 1138 -5434 32767 2539 -6610
-5640 1252 -5996 30794 -1106 -2478
-6388 1043 -6701 19445 -3214 1297
-7196 556 -7396 -1533 913 8348
-8665 -555 -8628 -15861 7534 13651
-9372 -1133 -9133 -32768 18217 23175
-10002 -2274 -9025 -32768 23804 32767
-9797 -2927 -8019 -32768 23613 32767
-8959 -3398 -6619 -32768 24058 32767
-8209 -3846 -5782 -32768 28170 32767
-7249 -4880 -4419 -32768 32767 32767
-6536 -6208 -2493 -32768 32767 32767
-6271 -8020 1576 -32768 32767 32767
-6716 -8513 1847 -32768 28253 32767
-6645 -9238 2952 -32768 1438 32767
-5464 -8289 2114 -32768 -16756 32767
-3152 -7702 1740 -32768 -19537 32767
-1285 -7135 2212 -32768 -8997 32767
-667 -6802 2547 -32768 2478 32767
-606 -5908 2907 -32768 3435 32767
-517 -5320 2439 -29566 543 32767
-67 -4932 2083 -21925 -789 32767
793 -4282 1696 -17142 1368 31809
1207 -3839 1501 -11327 6571 26654
1438 -3232 1245 -6955 11568 22767
1386 -2802 1094 -4627 14793 20375
1244 -2537 1069 -1581 19969 16507
878 -2173 1118 952 23468 12195
436 -1878 1312 2258 23746 9192
54 -1644 1526 3714 20918 4809
-194 -1459 1600 4838 15759 738
-432 -1144 1643 5423 12574 -1626
-619 -857 1763 5912 9784 -4460
-720 -703 1843 5888 9570 -6481
-811 -431 1885 5786 10991 -7962
-955 -138 1902 5688 13201 -9347
-1069 32 1939 5630 14908 -10307
-1176 177 1968 5387 17421 -12070
-1552 381 1976 5110 18452 -14617
-2075 394 1937 4969 17995 -16572
-2625 429 1957 4715 15971 -19765
-2938 474 1987 4170 13400 -22604
-3033 506 1945 3850 11743 -23534
-2894 422 1875 3540 9574 -22580
-2415 167 1784 3424 8760 -19125
-2211 130 1669 3576 9080 -16079
-2118 132 1453 4434 10213 -12171
-2225 61 1102 5967 11543 -10638
-2586 -121 843 7215 12507 -11273
-2917 -239 656 9344 13337 -14530
-3245 -269 406 10956 13352 -17645
-3319 -234 270 13426 12626 -22517
-3241 -270 125 16272 10919 -26356
-3002 -339 -130 19495 8507 -28413
-2675 -424 -393 21727 6744 -28732
-2414 -495 -518 24816 4571 -27767
-2040 -638 -613 26476 3626 -26460
-1933 -699 -585 28090 2892 -24402
-2100 -804 -565 28673 2455 -23591
-2492 -1003 -636 28602 1820 -24274
-2541 -965 -681 28263 1530 -24921
-2414 -880 -678 27429 1988 -25328
-2170 -787 -634 26400 3637 -24435
-1884 -780 -553 25208 5628 -22147
-1726 -753 -482 24347 6533 -20133
-1525 -703 -420 23052 6590 -16876
-1414 -580 -369 21862 4902 -14010
-1458 -519 -304 21167 3165 -12620
-1471 -509 -185 20170 399 -11208
-1572 -569 -13 19536 -1333 -10645
-1632 -588 129 18609 -3452 -10199
-1618 -581 363 18012 -4441 -9854
-1585 -657 554 17295 -5084 -8943
-1532 -891 810 17072 -5036 -8094
-1460 -1126 1025 17364 -4554 -6560
-1474 -1220 1198 18278 -3616 -5520
-3441 617 1660 32767 -14622 -15278
-4500 1144 640 32767 -11806 -17871
-5465 1544 -633 32767 -2707 -18218
-6238 1574 -1846 32767 4994 -15855
-6831 1169 -2899 32767 11151 -7534
-7815 305 -4514 32767 9086 61
-8461 -267 -4745 32767 3327 9789
-9403 -1638 -5232 32767 2128 14725
-10623 -2477 -7120 24902 2066 15067
-10875 -3132 -8275 7312 5157 16604
-10455 -4171 -9246 -10154 11571 25480
-9786 -5337 -8688 -22753 15102 32767
-9573 -6039 -7858 -32768 15901 32767
-9858 -7481 -6479 -32768 12657 32767
-10171 -8524 -5700 -32768 3455 32767
-10937 -10317 -4767 -32768 -3029 32767
-11130 -11371 -4055 -32768 -5451 32767
-10946 -12579 -3011 -32768 -4786 32767
-10457 -13485 -1740 -32768 -6340 32767
-9754 -12435 2366 -32768 -7524 32767
-8247 -13363 826 -32768 -10355 32767
-8104 -13345 1033 -32768 -10109 32767
-7768 -13458 881 -32768 -6039 32767
-7131 -13188 1230 -32768 -2046 32767
-5346 -12372 1763 -23381 6306 32767
-3571 -11432 1771 -13368 12232 32767
-2263 -10980 1889 227 22204 32767
-657 -9760 2237 9471 29934 32767
767 -8372 2782 12955 32089 32767
1537 -7372 3189 14421 31050 32767
2149 -6231 3598 12943 27487 32767
2426 -5418 3580 11550 24910 26072
2427 -4861 3390 9815 22557 11108
2219 -4141 2992 9093 22735 -3119
1798 -3357 2437 9373 23092 -11560
1475 -2975 2181 10124 23100 -22252
708 -2318 1871 10305 20770 -31196
-326 -1639 1645 9925 18559 -32768
-1012 -1299 1505 9126 15429 -32768
-2066 -1144 1395 8216 12164 -32768
-2728 -1075 1316 7476 9098 -32768
-3052 -1178 1137 6126 3187 -32768
-3265 -1333 962 4958 336 -32412
-3290 -1279 962 3045 469 -24384
-3491 -1005 908 1877 4628 -18397
-3723 -906 672 1910 7418 -16495
-3878 -775 509 3188 9680 -16834
-3913 -441 290 4666 9266 -18414
-3997 -187 162 7374 5701 -22328
-4146 278 -38 10290 -434 -27358
-4238 541 -57 12615 -5675 -32768
-4313 912 177 13453 -7179 -32768
-4240 1217 422 13284 -6594 -32768
-4128 1385 471 12664 -4807 -32768
-3829 1759 442 12285 -2968 -32768
-3675 2197 378 12188 1518 -32768
-3463 3023 379 12262 5264 -32768
-3236 3488 523 12232 10199 -32768
-3131 3609 798 11170 13473 -30821
-3042 3518 1171 9110 13595 -24993
-3089 3138 1156 7325 9209 -19221
-3145 2738 931 6607 4539 -15853
-3078 2485 781 6247 -1779 -11592
-2781 2011 617 6658 -4421 -7933
-2508 1660 551 7177 -3710 -5829
-2108 1190 482 8182 17 -3327
-1769 664 461 8925 3576 -2196
-93 -1466 618 14794 7369 -9493
-46 -1547 653 15363 5926 -9746
2 -1683 676 15597 4400 -10053
-31 -1837 671 16081 1905 -11004
-107 -1979 635 16683 343 -11953
-257 -2046 631 17952 -1245 -14115
-568 -2211 660 19741 -1445 -17156
-928 -2401 624 22190 -738 -20870
-1226 -2468 548 24239 -320 -23523
-1610 -2535 398 27734 245 -27062
-1739 -2571 368 30085 899 -28680
-1923 -2724 408 32767 2396 -29809
-2117 -2859 389 32767 3286 -29792
-2257 -2925 340 32767 3870 -28562
-2448 -3061 327 32767 3696 -27314
-3744 -2372 -262 32767 4040 -3265
-3845 -1769 -329 32767 -1494 -2661
-3900 -1318 -363 32767 -9606 -3324
-3856 -759 -394 32767 -11978 -4013
-3776 -543 -556 32767 -9328 -4083
-3751 -276 -1027 32767 -1185 -2886
-3938 57 -1645 32767 4796 -1758
-4263 297 -2140 32767 8610 -293
-4818 830 -2903 32767 4039 597
-4998 1315 -3375 32767 -1868 2061
-4915 1617 -4262 32767 -4264 4196
-4925 1651 -5105 24667 -2645 8873
-5532 1430 -6356 17988 2100 11681
-6259 1162 -7123 6689 9453 13792
-6964 651 -8302 -5243 16750 16286
-7727 -203 -8987 -13971 20594 19157
-8364 -865 -8887 -29915 24204 25261
-9177 -2031 -8228 -32768 24911 30880
-9598 -2655 -7699 -32768 28811 32767
-10002 -3668 -6720 -32768 32767 32767
-4695 -9235 812 -32768 6161 32767
-3515 -9095 1799 -28976 17699 32767
-2520 -8230 2734 -27626 22806 32767
-2031 -7655 2982 -26714 25812 32767
-1513 -7022 2691 -24168 25299 32767
-1110 -6546 2490 -17271 23261 32767
-307 -5754 2532 -9804 21712 32767
387 -5302 2578 -5586 19534 30261
719 -5254 2587 -850 14789 26907
994 -5094 2609 1211 11668 25213
975 -4812 2523 3203 8109 21765
883 -4317 2383 4417 7192 16466
684 -3795 2266 4985 7969 12014
616 -3440 2196 5693 10263 4939
532 -2959 2127 6448 12962 -1758
438 -2442 2071 7059 14597 -5869
320 -2030 2090 8050 17232 -11505
112 -1436 2126 8764 19101 -16321
-2130 -89 1454 3575 5397 -23094
-2275 37 1003 7737 9465 -21608
-2692 3 678 10909 12376 -22221
-2980 -56 526 15614 16154 -24973
-3282 -141 347 18536 17844 -27499
-3522 -155 298 22191 19130 -31850
-3838 -226 310 24041 19168 -32768
-4124 -343 298 26032 17575 -32768
-4427 -461 191 27364 13388 -32768
-4170 -462 -50 28098 9456 -32768
-3890 -514 -238 28912 3094 -32768
-3474 -719 -485 29251 -47 -32768
-3272 -754 -609 29585 -1271 -32768
-3122 -675 -757 29837 1407 -32510
-3079 -646 -784 29949 4489 -30331
-3096 -675 -784 30061 9046 -27606
-3137 -675 -789 30107 11193 -26196
-3132 -628 -790 29965 12139 -24480
-2883 -471 -784 29477 10110 -22413
-2557 -287 -727 28762 7516 -20680
-2324 -165 -648 27146 2886 -17484
-2004 12 -523 24934 -1242 -13883
-1853 66 -426 23338 -2874 -11579
-1686 139 -230 20932 -3321 -8441
-1587 89 -126 19578 -2778 -6716
-1532 19 -35 18119 -1517 -4592
-1600 -104 26 17692 -985 -3640
-1675 -196 112 17607 -1289 -2872
-1848 -257 274 17774 -2599 -2774
-2010 -367 487 17897 -3573 -2878
-1970 -479 617 18129 -4660 -2362
-1752 -706 737 18316 -5077 -1408
-1601 273 751 24230 -7764 -9833
-1725 509 627 25561 -7633 -10810
-1829 604 579 27678 -4232 -12048
-2168 474 640 29497 1999 -13164
-2933 303 561 30684 4411 -13944
-3534 207 272 32767 2460 -14859
-4198 16 -97 32767 -3605 -14091
-4368 -379 -381 32767 -7496 -11792
-4343 -612 -507 32767 -9198 -5980
-4312 -474 -755 32767 -6830 -1543
-4425 -329 -1095 30303 -2171 4172
-4821 -250 -1357 25727 -2203 6764
-5795 -110 -1427 19075 -3158 5132
-6765 39 -1745 13492 -29 1695
-7283 52 -2566 12591 4935 786
-7416 -341 -3878 14906 13148 4127
-7376 -635 -4767 16367 13641 9183
-7341 -861 -4841 13352 7523 18398
-7537 -1371 -4771 3219 2998 26226
-8138 -2431 -5194 -5275 5489 29639
-8788 -3529 -5923 -16829 13991 32348
-9396 -5440 -6490 -27524 20652 32767
-9311 -7293 -5705 -32768 20609 32767
-9097 -8338 -4648 -32768 14665 32767
-8905 -9572 -3413 -32768 9773 32767
-8907 -10324 -2970 -32768 7087 32767
-9065 -11509 -2547 -32768 9920 32767
-9276 -12268 -1603 -32768 12531 32767
-8002 -14893 -5170 -32768 28430 32767
-8132 -12510 3837 -32768 20379 32767
-8244 -12401 3091 -32768 -1810 32767
-8024 -11800 3103 -32768 -21323 32767
-6848 -11463 2669 -32768 -26761 32767
-4693 -11057 2931 -32768 -20339 32767
-3229 -10845 2979 -32768 -6262 32767
-1837 -10406 2749 -22469 1568 32767
-1318 -9369 2391 -7355 12730 32767
-992 -8763 2071 5756 21558 32767
-140 -7953 2232 13646 30164 32767
684 -6979 2579 15100 32767 32767
1323 -6034 2930 13270 32767 30759
1437 -5401 2996 8667 32767 25648
1360 -4552 2848 5648 32767 21794
1266 -3854 2538 2545 29644 15550
1166 -3421 2328 1327 27146 9439
992 -2848 2154 1269 26506 5698
685 -2315 2033 1873 25828 378
443 -1960 1996 2723 24672 -4556
-186 -1491 1941 3255 24047 -7919
-1054 -1237 1842 4124 23187 -13130
-1613 -1061 1763 4914 21283 -18064
-2094 -708 1493 6045 17046 -21861
-2410 -387 1162 6963 13737 -23740
-2821 -107 985 8390 10844 -26085
-3050 -54 932 9822 11249 -27993
-3353 -22 936 10695 12551 -29043
-3572 -7 941 12008 13795 -30651
-3726 34 790 13608 12205 -31768
-3704 342 513 14914 9776 -32239
-3730 696 294 17147 4937 -32768
-3947 1265 44 19100 -280 -32768
-4255 1583 72 19667 -2902 -32768
-4339 1579 296 18983 -4052 -32768
-4114 1540 655 17711 -2782 -32768
-3915 1557 828 15349 905 -32768
-3750 1870 735 14189 3378 -32768
-3604 2258 514 13704 5709 -32768
-3218 2768 325 13905 6476 -30067
-2828 2912 441 13773 5874 -27562
-2731 2796 574 12754 3557 -23938
-2656 2497 794 11524 1624 -21889
-2576 2337 890 9254 -1082 -19447
-2492 2065 865 7276 -2992 -17583
-2289 1713 766 6417 -3595 -16424
-2126 1480 663 5937 -3419 -14676
-1846 1150 526 6190 -2520 -13506
-1654 929 441 7259 132 -11852
-1377 583 368 8960 3894 -10371
-1155 222 304 10443 6644 -9659
-1084 69 234 13015 10319 -9177
-1022 -51 156 14906 12139 -9288
-986 -116 133 17725 14096 -9821
-924 -281 175 20269 15605 -10513
-891 -561 254 21755 16434 -11005
-874 -798 250 23892 17091 -11749
-902 -1103 248 25839 16556 -12530
-937 -1299 319 26861 15169 -13151
-972 -1341 353 27631 11004 -14162
-998 -1452 466 27543 7179 -14857
-977 -1581 598 26439 1144 -15544
-900 -1872 786 24588 -3546 -15530
-765 -2200 861 22817 -5963 -14709
-753 -2570 916 22047 -6204 -14006
-842 -2799 882 22019 -5447 -13485
-1343 -3056 770 23519 -4605 -14835
-2101 -3275 700 25199 -4491 -16941
-2434 -3399 667 28536 -4834 -20765
-2776 -3403 672 32272 -4852 -24182
-2965 -3443 642 32767 -4617 -25640
-3068 -3509 578 32767 -4032 -26380
-3254 -3551 506 32767 -3199 -25826
-3362 -3555 465 32767 -1231 -23813
-3797 -3435 423 32767 188 -22354
-4321 -3216 288 32767 1584 -20644
-4505 -3005 135 32767 1866 -18590
-4404 -2644 -20 32767 1794 -16402
-4141 -2400 -90 32767 1652 -11410
-3752 -2178 -205 32767 847 -7466
-3649 -2022 -382 32767 -1973 -2377
-3655 -1739 -699 32767 -5169 214
-3733 -1223 -1098 32767 -7835 -10
-3874 -536 -1647 32767 -8671 -1257
-3937 -175 -1969 32767 -7291 -3504
-3929 142 -2527 32767 -5732 -4257
-4040 369 -3079 32767 -4480 -4408
-4561 810 -3915 30942 -2663 -4357
-5212 1050 -4923 25347 -1398 -3938
-5882 1220 -5983 15919 1150 -2037
-7221 1189 -7437 5012 9114 1966
-9108 801 -8874 -2956 16523 6081
-9948 282 -9370 -17415 23970 16132
-10111 -565 -9298 -29295 23475 25756
-9820 -1177 -8986 -32768 19286 32767
-9294 -2308 -8526 -32768 22323 32767
-8926 -3783 -7455 -32768 29703 32767
-8370 -5297 -5479 -32768 32767 32767
-7967 -6138 -4066 -32768 32767 32767
-7392 -7373 -1458 -32768 27342 32767
-5466 -7729 1146 -32768 -665 32767
-6445 -6768 611 -32768 32767 32767
-7325 -7787 1757 -32768 32767 32767
-7225 -7717 2292 -32768 32767 32767
-6705 -7985 1927 -32768 19344 32767
-5640 -7449 1634 -32768 10551 32767
-4748 -7231 1558 -32768 10224 32767
-3455 -6684 1733 -32768 15921 32767
-3041 -6303 2034 -31186 19140 32767
-2671 -6476 2038 -27468 17645 32767
-1741 -6417 2237 -23064 13544 32767
-867 -5857 2245 -20349 10459 32767
-458 -5482 2163 -15942 6400 32767
21 -5098 2070 -11356 3784 31839
340 -4597 2128 -8632 3223 27983
470 -4184 2194 -5373 3678 21172
620 -3537 2257 -3683 4197 16272
649 -3150 2270 -1613 4079 8847
521 -2755 2262 149 3473 1759
340 -2401 2211 1796 3121 -4128
152 -2078 2130 2869 3017 -7039
-1 -1847 2097 4387 2799 -10091
-301 -1537 2060 5189 2776 -11537
-488 -1350 2071 6056 3550 -13314
-803 -1025 2043 6471 5489 -15129
-1126 -730 2044 6479 8397 -17268
-1418 -344 2090 6272 10696 -18893
-1576 -36 2131 5823 14259 -21152
-1684 287 2190 5448 17021 -22542
-1704 398 2183 5363 17514 -22764
-1744 383 2123 5667 15786 -22269
-1794 362 1911 6650 11694 -21390
-1936 377 1620 7584 8605 -21159
-2176 311 1430 9329 5345 -22049
-2481 105 1151 27376 -3582 -32768
-2882 -918 -377 28592 -5609 -32768
-2882 -1076 -572 29775 -5725 -32768
-3122 -1226 -640 30420 -4913 -32768
-3440 -1413 -617 30919 -2770 -32768
-3599 -1413 -585 30717 -601 -32768
-3554 -1388 -534 30300 717 -32768
-3331 -1365 -508 29313 2837 -32768
-2941 -1242 -495 28662 4483 -32768
-2558 -1067 -498 27715 6714 -30026
-2372 -918 -503 26806 7660 -24937
-2149 -699 -464 26108 7410 -21795
-2074 -548 -389 24831 6143 -17930
-2018 -471 -201 23294 4081 -15219
-2090 -486 -108 22317 2045 -13995
-2116 -509 -25 20823 -1364 -12825
-2214 -537 145 19771 -3112 -12322
-2116 -431 329 18224 -4229 -11242
-1989 -451 378 17198 -3814 -9046
-1812 -614 345 17158 -2682 -6041
-1661 -633 323 17545 -1722 -4018
-1591 -671 355 18417 -309 -1526
-1590 -752 398 19078 242 -551
-1644 -750 476 19917 284 -245
-1725 -714 510 20558 -506 -1450
-1799 -529 536 20866 -1527 -2812
-1738 -444 471 21340 -3017 -4890
-1781 -260 552 21646 -3755 -7148
-1757 -145 554 21808 -3924 -8508
-1830 -116 579 21962 -3660 -10322
-1957 -40 701 21893 -3112 -11316
-2133 19 765 21729 -1928 -12526
-2431 145 780 21814 -784 -13147
-2646 220 730 22089 245 -12902
-2828 118 729 22664 1565 -10736
-2979 -149 545 23317 1358 -8147
-3154 -373 421 24391 736 -3660
-3443 -660 411 24783 979 264
-3662 -804 435 24570 1387 1991
-4091 -954 297 23693 912 2908
-4595 -990 143 22670 556 2467
-4960 -925 98 20517 1686 487
-5476 -578 -91 18381 4855 -1517
-5687 -408 -545 17543 6772 -1477
-5711 -394 -948 16881 6846 1160
-5581 -146 -1591 16131 4035 4460
-5455 -68 -1980 13682 -965 10621
-5720 -124 -2598 9667 -726 15656
-6544 -589 -3709 5467 5089 17653
-7500 -1418 -5378 3100 9870 17803
-7663 -2219 -6366 -729 14919 20155
-7575 -3315 -7298 -5143 13716 24358
-7438 -4077 -7193 -17872 8962 32767
-7562 -5331 -6194 -32768 10242 32767
-8239 -6677 -5149 -32768 16650 32767
-8759 -7669 -4961 -32768 24854 32767
-9057 -9161 -4529 -32768 24933 32767
-9269 -10016 -4029 -32768 14550 32767
-9703 -10960 -2847 -32768 5256 32767
-9866 -11675 -1697 -32768 -3990 32767
-8847 -12034 -3140 -32768 6711 32767
-8311 -11615 2036 -32768 8722 32767
-8368 -11808 1521 -32768 13685 32767
-8609 -11324 1190 -32768 17327 32767
-7981 -12108 1405 -32768 19909 32767
-6665 -11021 1553 -32768 16026 32767
-5269 -10357 2063 -31292 15124 32767
-3118 -9981 2530 -20708 17460 32767
-2159 -9336 2854 -15473 20433 32767
461 -2793 1817 5656 14379 -14324
-355 -2112 1573 6408 14618 -19293
-1002 -1763 1605 6731 14384 -24885
-1505 -1674 1613 6257 12734 -28670
-2065 -1451 1530 5719 10830 -30174
-2249 -1298 1416 4960 7923 -30593
-2509 -1261 1242 4549 6115 -29324
-2745 -1288 1008 4634 5770 -27898
-3055 -1301 828 5544 6274 -26113
-3394 -1232 630 6493 7042 -25583
-3560 -972 551 7988 8159 -26344
-3936 -514 529 9348 7963 -29194
-4331 -226 452 10134 6797 -32027
-4622 156 441 11213 4199 -32768
-4729 443 418 12037 1109 -32768
-4874 898 270 12624 -1380 -32768
-4889 1182 61 13541 -4587 -32768
-4715 1465 -3 14433 -3926 -32768
-4567 2250 68 14846 -447 -32768
-4444 2825 245 15045 8210 -32768
-4029 3305 636 14469 16649 -32768
-3493 3228 961 13555 19327 -31479
-1752 291 507 11271 4582 -8512
-1484 78 439 12540 6102 -8709
-1328 -60 431 14367 7759 -8876
-1110 -269 492 15872 8905 -8922
-928 -590 561 16639 9338 -8780
-866 -778 535 17725 9270 -8689
-806 -918 418 18932 8123 -8792
-745 -997 299 19719 7112 -8986
-697 -1047 282 20605 6118 -9424
-585 -1164 295 21041 5967 -9878
-1771 -2683 110 26895 -5589 -17316
-2010 -2849 72 29261 -5726 -19431
-2411 -3102 19 30798 -5450 -20945
-2820 -3269 5 32767 -5054 -23233
-3130 -3424 29 32767 -4774 -25309
-3445 -3691 61 32767 -4478 -26220
-3605 -3846 94 32767 -3436 -26626
-3728 -3892 144 32767 -1382 -25773
-3404 -1266 -435 32767 -3953 -12183
-3356 -811 -520 32767 -5043 -12057
-3383 -436 -638 32767 -4402 -11671
-3541 -318 -771 32767 -1830 -10648
-3905 -85 -1059 32767 84 -9648
-4204 109 -1401 32767 2782 -7765
-4660 942 -2267 32767 4291 -5625
-4874 1502 -2831 32767 4573 -4005
-5092 1979 -3533 32767 5125 -840
-5331 2084 -4080 28016 4821 3057
-5562 2068 -5070 20871 3437 7670
-5653 1909 -6237 15358 2530 11189
-5936 1667 -7031 6216 3134 16041
-6702 903 -7641 -5513 6889 19243
-7593 -183 -7529 -15238 10503 20866
-8636 -8495 659 -32768 21868 32767
-7500 -8030 4090 -32768 13250 32767
-7400 -7580 2470 -32768 5380 32767
-6694 -8186 2012 -32768 2993 32767
-5631 -8143 2032 -32768 4021 32767
-4851 -7924 2310 -32768 8126 32767
-3722 -7610 2423 -32768 11803 32767
-2759 -7179 2456 -32768 14257 32767
-2260 -7072 2251 -25337 15535 32767
-1634 -6814 2065 -18807 15446 32767
-1000 -6367 1889 -15283 14940 32767
-563 -6197 1778 -11060 14193 32767
326 -5838 1778 -8226 14040 32767
648 -5552 1801 -6347 13557 31438
951 -5011 1869 -5420 13080 28213
1037 -4645 1929 -4279 12595 22588
1017 -4124 2012 -3266 12582 16131
870 -3482 2118 -2581 12796 11542
775 -3109 2201 -1368 12528 4693
271 -2423 2282 496 12431 -2605
81 -2187 2337 2761 12263 -9461
-83 -1722 2478 4146 12268 -13257
-203 -1403 2526 6040 11843 -17611
-386 -900 2609 7382 10761 -20397
-756 -516 2684 7957 9695 -21738
-1175 -299 2721 8261 8500 -23950
-1794 85 2803 8122 8397 -25622
-2551 511 878 16713 13975 -20909
-2558 522 723 17886 14084 -22874
-2692 -810 -727 26950 -2416 -32768
-2703 -882 -777 26994 529 -32132
-2704 -939 -832 27190 4135 -29324
-2575 -953 -774 27111 5410 -25731
-2353 -878 -735 26817 4575 -23007
-2213 -797 -721 26014 1513 -19012
-2024 -671 -660 19380 1194 -9191
-1339 -771 584 20539 85 -8528
-1321 -875 594 22687 -583 -7385
-1446 -1011 665 24812 -33 -6886
-1607 -1130 718 25979 616 -7008
-1713 -1134 804 27045 1492 -7931
-1842 -968 996 27195 1667 -8988
-1903 -776 1125 26710 1184 -10788
-1941 -585 1215 26167 438 -12208
-1973 -487 1239 26108 -41 -12866
-1995 -367 1190 26730 -1962 -13466
-2157 -151 1063 28150 -5924 -13780
-2380 -52 907 29501 -8891 -13996
-2891 -133 642 32110 -11890 -14670
-3506 -218 269 32767 -11476 -15298
-3791 -162 87 32767 -5078 -15424
-3865 -72 -61 32767 2063 -14003
-4099 -149 -248 32767 10702 -10130
-4689 -158 -608 32767 10359 -5171
-5376 -227 -1117 32767 3809 -1757
-5768 -440 -1448 32767 -9779 3024
-6125 -975 -1797 32767 -14723 5808
-6336 -1090 -2159 29925 -11184 8527
-6775 -672 -3054 23333 -544 8987
-7234 -610 -4081 19211 5466 8720
-7532 -837 -4788 13195 7723 9425
-7890 -1769 -5787 6541 4579 13651
-7877 -2933 -6791 -1516 1598 22594
-7533 -4035 -7465 -11925 3036 32767
-7538 -5046 -7523 -20578 8307 32767
-7835 -5937 -7135 -32768 18868 32767
-8540 -7317 -5888 -32768 25403 32767
-8947 -8242 -5043 -32768 29569 32767
-9454 -9539 -4007 -32768 25313 32767
-9933 -10635 -3159 -32768 18022 32767
-10146 -11259 -2721 -32768 13575 32767
-10442 -12008 -1880 -32768 8571 32767
-8847 -14878 -2484 -32768 4064 32767
-9695 -12524 1893 -32768 5703 32767
-9195 -12463 2973 -32768 -2874 32767
-8389 -12077 2912 -32768 -19995 32767
-6666 -11645 2107 -32768 -28630 32767
-5018 -11153 1873 -32768 -25979 32767
-2716 -10312 1348 -32768 -16177 32767
-1812 -9669 1243 -20536 4128 32767
-1001 -8979 823 -3715 20523 32767
-659 -8614 1044 5155 27682 32767
-294 -8101 1465 13200 32767 32767
399 -7151 2024 15543 32767 32767
908 -6253 2246 15223 32767 31403
1107 -5472 2229 13801 32767 25587
-1357 -829 1752 6895 13147 -17362
-1750 -670 1687 5614 9563 -22183
-2495 -544 1538 4585 6766 -27505
-3194 -411 1249 4371 5237 -31038
-3356 -345 1024 5017 3130 -32768
-3298 -337 745 5959 2209 -32768
-3285 -316 693 7751 2373 -32768
-3437 -150 685 9640 3819 -32768
-3919 190 601 10950 4417 -32768
-4409 431 496 13052 2717 -32768
-4934 639 250 14445 -336 -32768
-5046 799 165 16007 -5242 -32768
-4972 988 174 16777 -6833 -32768
-4698 1161 265 16949 -5119 -32768
-4440 1439 290 17135 639 -32768
-3957 1967 291 17337 5440 -32768
-3605 2256 372 17286 12538 -27013
-3111 2369 641 16433 17515 -20306
-2830 2159 711 15692 18612 -16552
-2640 2044 685 14870 16941 -12446
-2472 1919 588 14607 14094 -10841
-2403 1759 483 14748 8287 -9985
-2290 1512 320 15417 3031 -10528
-2099 1116 183 16025 912 -11393
-1974 917 178 16902 509 -12987
-1790 611 191 17332 1933 -13953
-1759 500 198 17722 5250 -15199
-1644 202 259 17770 8526 -15942
-1478 -40 297 17734 10147 -16107
-1347 -162 213 17891 11158 -16115
-1293 -187 179 18354 10883 -16047
-1161 -304 143 19059 10192 -15735
-1073 -418 131 19604 9497 -15335
-967 -571 170 20190 7045 -14627
-946 -652 160 20335 3938 -14212
-914 -686 139 20040 -1675 -13734
-840 -744 168 19017 -5823 -13278
-715 -946 150 17742 -7693 -12479
-590 -1252 154 16857 -7732 -11688
-573 -1530 311 15553 -6186 -10486
-633 -1757 376 14831 -3921 -9753
-867 -2036 289 15548 -2566 -10199
-1253 -2238 124 17855 -2295 -12025
-1671 -2454 -65 20072 -2469 -13896
-1884 -2510 -169 23945 -2495 -17127
-2207 -2614 -181 26486 -2073 -19263
-2289 -2681 -156 29685 -1114 -21537
-2301 -2812 -68 31916 7 -22167
-2348 -2911 -46 32767 729 -21911
-2510 -3108 -29 32767 1653 -21035
-3219 -2144 -85 32767 -1245 -7710
-3294 -1991 -82 32743 -238 -7880
-3294 -1624 -82 32085 633 -8309
-3245 -1388 -22 31178 680 -8800
-3246 -1068 -67 30617 -2448 -9003
-3357 -779 -240 30568 -5780 -9036
-3511 -622 -414 31055 -9576 -9250
-3793 -312 -613 31558 -9263 -9481
-3970 32 -790 32530 -4274 -9393
-4065 487 -1064 32767 4175 -7704
-4079 909 -1386 32767 9860 -5631
-4144 1132 -1714 32767 14558 -1740
-4388 1393 -2214 32240 13407 756
-8171 -2530 -6618 -32768 19820 32767
-8600 -3829 -6024 -32768 21210 32767
-8649 -4584 -5604 -32768 21974 32767
-8493 -5578 -4694 -32768 21507 32767
-8395 -6424 -3496 -32768 21789 32767
-8296 -6997 -2480 -32768 23405 32767
-2187 -6997 2846 -30987 11154 32767
-2144 -6693 2363 -25735 9626 32767
-1741 -6210 2170 -17608 8137 32767
-712 -5635 1952 -12598 8325 32767
125 -5350 1922 -6628 9724 32767
476 -5118 2011 -3064 11452 30860
781 -4752 2217 -1855 12394 28036
901 -4445 2353 -1146 13329 22743
1000 -3887 2489 -867 13651 16095
1019 -3320 2521 -491 13595 11156
1004 -2962 2541 826 13249 3257
712 -2288 2465 2234 13157 -2208
666 -2140 2456 4866 13818 -9795
444 -1644 2424 6687 14486 -14174
188 -1173 2435 8948 15443 -19416
-94 -926 2530 9843 17034 -23465
-612 -619 2648 9688 17871 -25679
-1127 -473 2601 8961 17661 -28640
-1815 -243 2334 8559 15313 -30486
-2215 -98 1904 8775 13239 -30669
-2385 -95 1602 9782 10423 -29488
-2403 -97 1188 10746 9246 -27832
-2368 -34 1019 12110 9225 -24865
-2374 58 870 12868 10513 -23089
-2430 46 719 13846 13455 -21638
-2677 -17 515 14791 16362 -22085
-2981 -93 352 15434 17596 -23468
-3218 -77 264 16317 17574 -26742
-3583 -27 117 16931 16269 -29410
-3752 -66 -12 18107 12830 -32768
-3824 -126 -219 19084 9891 -32768
-3881 -190 -357 20748 5299 -32768
-4029 -329 -655 22585 560 -32768
-4054 -350 -728 23746 -2495 -32768
-3933 -410 -835 24770 -5954 -32768
-3594 -472 -780 24837 -6807 -32768
-3346 -438 -697 24153 -5403 -32768
-2941 -322 -611 23240 -1493 -29928
-2504 -226 -647 22883 1617 -27028
-2250 -142 -719 23061 5551 -22946
-1635 -428 386 19994 -1783 -7695
-1833 -568 372 19280 -583 -6829
-2005 -675 386 18954 1038 -6178
-2080 -710 459 19082 2518 -5836
-1968 -771 554 19351 2946 -5361
-1808 -832 571 20018 2562 -3998
-1521 -794 560 20627 1866 -2915
-2641 -550 400 24376 -4394 -14201
-2786 -655 507 24676 -4600 -13457
-2849 -762 528 24830 -5015 -11073
-3003 -967 547 24740 -4861 -9037
-3192 -1037 566 24341 -3783 -6240
-3496 -1140 538 23952 -2913 -3952
-3793 -1372 335 23954 -3307 -2785
-3904 -1437 229 24265 -5104 -1179
-4062 -1416 109 24541 -6107 -374
-4392 -975 132 24665 -5236 -255
-4637 -545 132 24352 -846 -1602
-4804 207 -20 24056 2342 -2672
-4790 658 -201 23393 2978 -3329
-4816 971 -792 22781 -403 -2751
-4867 1129 -1228 21385 -6680 -453
-5026 1244 -1931 19312 -7205 2947
-5341 1378 -2806 17685 -3875 5278
-5604 1284 -3380 14757 2197 8103
-6257 949 -4414 10710 4133 9291
-6908 -170 -5197 6822 3935 9685
-7208 -1055 -5816 -552 2594 11077
-7535 -2368 -6714 -9631 1857 14918
-8086 -4002 -7378 -20274 5525 21789
-8383 -5459 -7557 -28318 9286 28205
-8356 -6378 -6969 -32768 14111 32767
-8519 -7815 -5736 -32768 11834 32767
-9010 -8947 -4987 -32768 7704 32767
-9977 -10658 -4062 -32768 3159 32767
-10456 -11929 -3443 -32768 3535 32767
-10544 -13290 -2580 -32768 5328 32767
-10332 -13810 -1847 -32768 -32768 32767
-8179 -14125 2390 -32768 -7145 32767
-8297 -13024 -491 -32768 -11538 32767
-7225 -13826 1343 -32768 -9101 32767
-5700 -12762 835 -32768 -16443 32767
-3571 -11761 1003 -32768 -14856 32767
-2114 -10983 931 -25068 -4904 32767
-681 -10057 1251 -15805 5743 32767
-208 -9523 1266 -3863 18150 32767
149 -8544 1802 4189 25310 32767
518 -7750 2249 7483 26860 32767
849 -6973 2473 10097 24925 32767
1359 -5907 2538 11018 22535 32767
1595 -5232 2418 12161 19890 25975
1723 -4338 2208 13168 19344 19714
1607 -3616 2042 13631 20154 12894
1368 -2996 1970 13475 20688 7891
1090 -2663 1918 12585 21347 -267
624 -2229 1828 11753 22129 -5851
252 -1936 1741 10515 23700 -13840
-514 -1540 1700 9649 24439 -18810
-1029 -1320 1760 7935 23316 -24821
-1940 -1161 1864 5844 19411 -28921
-2693 -1073 1799 4521 16343 -30598
-4090 1029 1205 7039 -38 -32768
-3962 1388 1075 7462 -819 -32012
-3603 1994 1117 7741 -301 -30768
-3382 2498 1219 7916 2008 -28400
-3161 2883 1298 7907 3821 -26619
-3000 2873 1367 7732 5989 -23717
-2735 2786 1443 7215 7486 -20108
-2461 2586 1516 6794 8162 -17678
-2381 2284 1419 6549 8330 -14711
-2330 2066 1276 7014 7039 -12631
-2268 1714 1062 7676 5361 -11727
-2170 1335 907 8893 2393 -11048
-2015 1048 843 10089 84 -10649
-1762 628 707 10878 -527 -10483
-1623 432 644 12030 -241 -10424
-1424 190 518 12897 645 -10556
-1298 54 409 14441 2678 -10881
-1123 -89 259 16138 5242 -11355
-1019 -189 245 17140 7099 -11808
-974 -263 285 18340 9798 -12658
-985 -404 339 19185 11618 -13676
-984 -542 268 19742 11769 -14368
-941 -594 215 20571 10251 -15179
-895 -664 183 21038 8191 -15586
-839 -732 181 21420 4226 -15970
-1957 -2343 235 20881 -837 -24333
-2208 -2538 171 22885 -1454 -26227
-2304 -2701 150 26115 -2024 -28043
-2485 -2923 176 28246 -2335 -28657
-2591 -3078 137 31461 -2556 -28731
-2778 -3314 36 32767 -1908 -28321
-3096 -3429 -7 32767 -743 -28386
-3584 -3485 -84 32767 1914 -29020
-4074 -3359 -176 32767 4762 -29828
-4214 -3240 -210 32767 6210 -29707
-4029 -3030 -201 32767 7319 -27486
-3714 -2807 -199 32767 7248 -24784
-3510 -2620 -218 32767 5841 -19757
-3227 -2314 -253 32767 4101 -16325
-3143 -2116 -275 32767 658 -12267
-3139 -1883 -264 32767 -3322 -10237
-3239 -1680 -269 31429 -6757 -10258
-3391 -1517 -327 29752 -8327 -11077
-3428 -1399 -372 27725 -9335 -12550
-3465 -1295 -484 26412 -8290 -13441
-3495 -1201 -512 25862 -6479 -13497
-3503 -955 -510 25445 -2804 -12757
-3463 -612 -473 25314 -234 -11747
-3452 -395 -468 25245 2957 -9668
-3366 -160 -501 25209 4458 -7869
-3306 13 -511 25009 5814 -4729
-4556 1227 -4989 10874 6376 16823
-5005 1016 -5268 -73 6342 18586
-5802 522 -5500 -9608 7327 18676
-6243 57 -5758 -24093 9999 19561
-6648 -493 -6060 -32316 12607 21772
-7231 -1468 -6439 -32768 16239 28733
-7621 -2364 -6211 -32768 18672 32767
-7837 -2771 -5719 -32768 22681 32767
-8220 -3756 -4784 -32768 25300 32767
-8556 -4581 -4020 -32768 27885 32767
-8803 -5723 -2742 -32768 25388 32767
-8725 -6809 -1510 -32768 20200 32767
-8634 -8383 -655 -32768 5359 32767
-7140 -7377 1823 -32768 7855 32767
-6966 -7310 2238 -32768 7701 32767
-6490 -7521 2118 -32768 7115 32767
-5814 -7695 1572 -32768 4209 32767
-5046 -7893 1651 -32768 3830 32767
-3868 -7794 1692 -32768 7699 32767
-2714 -7429 1828 -25961 14572 32767
-1747 -7024 2098 -19842 18791 32767
-1503 -6662 2267 -14593 22143 32767
-1165 -6209 2425 -12130 22329 32767
-522 -5550 2472 -10951 21919 32767
-17 -5050 2443 -8990 20218 32767
622 -4470 2325 -6662 17406 26537
985 -3917 2329 -5174 15507 22999
1176 -3619 2333 -3392 13167 18419
1377 -3250 2398 -2249 12127 14226
1195 -2899 2488 -1835 11883 10980
933 -2702 2534 -1330 11322 5051
504 -2379 2491 -847 10844 595
329 -2153 2432 306 10525 -5903
34 -1905 2363 1674 11183 -11835
-162 -1658 2327 2587 12297 -15161
-354 -1474 2280 3944 14100 -19402
-781 -1210 2266 4638 14909 -21950
-1109 -994 2282 5202 15096 -25403
-1648 -695 2224 5428 14090 -28339
-2068 -505 2037 5589 13050 -29780
-2187 -407 1838 6122 11576 -30585
-2221 -381 1498 6786 10805 -30078
-2290 -466 1255 8219 10177 -28498
-2521 -517 917 9824 10685 -27013
-2629 -463 809 10823 11906 -26478
-2701 -427 702 12264 14314 -26507
-2884 -432 569 13820 16258 -27815
-3114 -478 424 14937 16703 -29295
-3311 -504 337 16737 15603 -32375
-3647 -587 190 18644 11855 -32768
-4068 -699 -44 20011 8148 -32768
-4221 -699 -220 22107 2180 -32768
-4104 -674 -436 23410 -946 -32768
-3155 -523 -536 25263 -7880 -26418
-2755 -271 -329 22777 -9252 -22140
-2554 -133 -274 19986 -6875 -17325
-2364 -83 -186 18077 -3649 -13793
-1913 -159 107 15314 2302 -8054
-1025 -797 1024 17715 -3601 1052
-985 -919 1002 19116 -3944 -1179
-963 -846 987 20643 -4228 -3566
-873 -680 906 22228 -4796 -5790
-921 -549 767 23429 -5124 -7257
-935 -459 768 25056 -4436 -9360
-944 -407 843 26100 -1718 -11168
-1059 -416 960 26596 2061 -12786
-1238 -420 1037 26737 4255 -13860
-1624 -416 1255 26574 5532 -15738
-2029 -430 1325 26430 4326 -17018
-2577 -503 1265 26459 1861 -17913
-2842 -691 1147 26918 -2001 -17469
-2920 -900 1053 28206 -3609 -14351
-3083 -1218 856 29461 -3262 -11309
-3333 -1398 768 31483 -1214 -6950
-3974 -1846 575 32678 -18 -4985
-4482 -2170 454 32767 -75 -4065
-5106 -2518 308 32767 -1128 -4428
-5353 -2460 293 29702 -2138 -5208
-5270 -2001 458 24508 425 -4446
-5077 -1505 257 20997 2795 -2687
-4954 -1260 -88 17125 3067 1327
-4867 -1110 -471 15563 437 4382
-4862 -824 -1100 14679 -2961 7053
-4906 -609 -1474 13881 -5458 9943
-5006 -493 -1883 12192 -2327 11717
-8990 -5958 -4148 -32768 22735 32767
-9143 -7150 -3292 -32768 19259 32767
-9285 -7922 -2647 -32768 13867 32767
-9638 -8895 -1650 -32768 10325 32767
-8397 -7840 3850 -32768 13152 32767
-8262 -9233 2313 -32768 8972 32767
-89 -7669 2586 -7324 14497 32767
310 -6952 2353 -2611 16320 32767
767 -6031 1957 331 17669 32767
991 -5438 1863 3848 19851 24863
1158 -4616 1839 5796 21466 15854
1007 -3823 1941 6170 22136 9833
792 -3385 1967 5819 22529 914
252 -2828 1933 5074 22938 -7768
-525 -2312 1832 4618 23099 -13218
-945 -2023 1761 4047 22500 -19682
-1219 -1602 1670 3711 21505 -22403
-1677 -1288 1564 3060 19358 -24934
-1953 -1116 1439 2576 16598 -26336
-4401 1621 851 11433 -5443 -32768
-4220 2122 1221 11223 -2580 -32768
-3797 2765 1821 10022 1578 -32768
-3632 2942 1992 7966 7106 -32768
-3293 2886 1866 6915 8392 -30286
-2858 2707 1662 6858 7293 -26142
-2548 2482 1497 7559 4659 -19857
-2461 2288 1330 9240 2448 -15221
-2304 1961 1149 11448 2110 -12646
-2075 1602 1084 12861 2997 -11701
-1939 1308 1065 14716 5126 -11123
-1896 802 1017 15818 6670 -11304
-1910 464 943 17377 8139 -12519
-1861 125 787 18959 8202 -14461
-1773 -29 584 20041 7878 -15997
-553 -1195 137 21424 -521 -15604
-554 -1230 129 21474 -731 -15322
-503 -1449 115 21615 -1376 -14889
-599 -1856 103 21822 -2021 -14701
-710 -2069 113 22281 -2606 -14992
-1047 -2360 172 22585 -2686 -15865
-1318 -2508 185 23100 -2957 -18150
-1567 -2654 167 23591 -3180 -20001
-1812 -2805 147 24669 -3164 -22837
-1956 -2855 98 25666 -2876 -24632
-2181 -2847 -43 27605 -2158 -26951
-2313 -2851 -193 29149 -1423 -28015
-2436 -2869 -239 31483 520 -29050
-2799 -2971 -269 32767 3305 -29773
-3312 -3046 -229 32767 5284 -30379
-3766 -3100 -153 32767 7649 -31547
-4123 -3176 -100 32767 8018 -31300
-4054 -3115 -116 32767 7134 -29666
-3860 -2953 -107 32767 4910 -25124
-3492 -2533 -114 32767 2585 -19156
-3295 -2179 -114 32340 1332 -15319
-3276 -2094 -132 30810 -277 -10867
-3350 -2058 -212 29687 -1903 -8644
-3376 -1879 -343 29017 -3098 -8223
-3300 92 -310 24127 2721 -6447
-3238 270 -373 23242 1151 -4725
-3084 487 -468 22569 232 -2911
-3027 574 -585 21546 -54 285
-3112 728 -892 21063 2153 2747
-3344 867 -1195 21108 5021 3618
-3874 1153 -1748 21372 9886 3807
-4523 1559 -2393 21331 12276 3686
-4904 1547 -2854 20238 13435 4574
-5124 1453 -3645 18376 11072 6516
-5157 1382 -4377 13803 2319 11282
-5504 947 -5789 9601 -2997 14951
-6198 597 -6594 415 421 19265
-7968 -196 -7237 -8647 12687 20973
-9112 -1161 -7174 -27472 32767 23932
-9951 -2504 -6656 -32768 32767 31216
-9530 -3819 -5529 -32768 30293 32767
-8747 -4150 -5124 -32768 16023 32767
-8040 -4661 -4606 -32768 15108 32767
-7781 -5768 -3734 -32768 20349 32767
-7619 -6585 -2657 -32768 24490 32767
-6546 -7533 678 -32768 32767 32767
-6843 -7594 2454 -32768 32767 32767
-6715 -7932 3072 -32768 22603 32767
-6541 -8032 1573 -32768 10290 32767
-5825 -8189 995 -32768 -2823 32767
-4171 -8074 964 -32768 -2075 32767
-2668 -7737 1476 -32768 3699 32767
-2019 -7314 1938 -32768 13338 32767
-1670 -6589 2327 -30788 16895 32767
-1545 -6248 2299 -23479 15739 32767
-1034 -5769 2119 -16159 11666 32767
-363 -5242 1904 -9188 10173 32767
288 -4741 1826 -3674 10909 28186
727 -4361 1841 -1010 11405 24850
915 -4071 1908 1559 12012 20221
1035 -3464 1968 3023 12728 15097
954 -2887 2026 3631 13285 11304
818 -2490 2069 4180 14503 5293
540 -1952 2139 4447 15757 1353
228 -1495 2282 4537 18437 -4142
-59 -1147 2386 4362 20538 -9139
-553 -719 2518 4122 20636 -12103
-894 -514 2581 3609 18865 -15683
-1426 -284 2664 2805 15907 -18309
-1974 -11 2666 1927 12734 -19998
-2381 197 2597 1493 10861 -20379
-2478 291 2577 1019 8745 -19654
-2505 329 2519 898 7635 -17734
-2595 214 2327 1518 7280 -15726
-2627 191 1985 2496 7445 -14687
-2560 188 1702 4981 8138 -13719
-2380 197 1228 7206 8966 -13504
-2273 222 953 10949 10670 -14039
-2206 271 630 14511 12655 -15725
-2220 283 477 16441 13809 -17470
-2352 210 368 18572 14959 -20818
-2503 106 278 19462 15201 -23321
-2682 47 169 20256 14485 -27235
-2862 -23 67 20683 12523 -31328
-3136 -141 -69 20839 10748 -32768
-3145 -170 -130 20888 7577 -32768
-2947 -186 -237 20935 4405 -32768
-2771 -312 -314 21092 2583 -32768
-2490 -462 -425 21471 489 -32768
-2226 -489 -517 21889 -262 -30720
-2107 -525 -597 22783 -122 -27068
-1969 -534 -665 23873 1353 -24042
-1966 -541 -645 24570 2761 -22567
-1993 -545 -627 25525 4970 -21065
-2008 -520 -640 26162 6352 -20469
-2019 -451 -575 26792 8143 -19829
-1977 -346 -421 26854 8687 -19140
-1879 -283 -283 26590 7740 -18428
-1799 -277 -181 25697 4945 -16729
-1650 -351 0 24853 2829 -15066
-1591 -459 110 23457 -139 -12103
-1612 -582 270 22074 -2727 -9479
-1648 -695 371 21441 -4030 -8077
-1687 -773 397 21072 -5060 -6639
-1696 -901 408 21273 -5326 -5925
-1707 -968 448 21994 -5085 -5288
-1703 -999 568 22961 -4168 -5064
-2322 -280 1142 32767 -8466 -13800
-2733 -330 1069 32767 -9039 -14970
-3413 -395 797 32767 -9470 -15826
-3801 -344 502 32767 -8811 -16576
-3954 -229 114 32767 -6097 -15735
-3914 -224 -104 32767 1212 -11681
-4009 -141 -598 32767 5823 -5673
-4706 49 -1426 32767 3678 -2263
-5310 203 -1889 32767 -6120 120
-6173 82 -1902 32767 -10407 20
-6714 -57 -2005 32767 -6714 -1085
-7916 -20 -3552 31662 -716 -2022
-8872 -205 -5107 26684 6046 -2221
-9630 -1057 -6818 21572 7009 2427
-9979 -2516 -7585 15302 5031 8805
-10161 -3642 -7874 594 2873 22218
-10235 -4975 -8177 -11574 5390 32767
-9938 -5643 -7958 -30790 16468 32767
-9428 -6632 -7093 -32768 26635 32767
-9550 -8190 -5762 -32768 27069 32767
-10084 -9734 -4296 -32768 21705 32767
-10236 -10438 -3438 -32768 11293 32767
-9673 -11303 -2116 -32768 5606 32767
-9272 -11573 -1418 -32768 -61 32767
-8976 -12024 -728 -32768 -14090 2691
-7747 -11907 2241 -32768 10464 32767
-8167 -12034 1690 -32768 24841 32767
-9213 -12272 2308 -32768 26867 32767
-8690 -11713 2708 -32768 19686 32767
-7584 -11574 2867 -32768 7625 32767
-5181 -10635 3030 -31486 2604 32767
-3027 -10358 3083 -24254 4554 32767
-1982 -9775 3063 -14517 11609 32767
-1015 -8512 3116 -6726 19567 32767
-211 -7280 2851 -2043 22300 32767
15 -6526 2587 5028 22620 32767
365 -5623 2290 9174 22732 30443
623 -5061 2166 13199 24108 17037
1016 -4254 2223 13533 26309 6932
1181 -3533 2467 11857 27029 1707
1069 -3123 2517 7842 26059 -5174
606 -2549 2378 5240 24642 -9405
360 -2193 2161 2742 22162 -14306
-39 -1863 1823 1804 19809 -17301
-710 -1587 1732 1451 17933 -18839
-1242 -1444 1786 544 13492 -21075
-1905 -1238 1727 -232 9750 -22488
-2272 -1054 1643 -1377 5169 -24224
-2527 -812 1553 -2175 3675 -24715
-2708 -769 1353 -2161 4383 -24556
-2883 -688 1206 -1163 7251 -24230
-3084 -518 922 1121 10691 -24481
-3370 -365 721 3225 12847 -25446
-3836 -171 576 6621 15636 -27864
-3967 260 702 9415 16518 -30666
-4032 725 762 10811 14679 -32572
-4062 1241 795 12025 8508 -32768
-4055 1416 919 12129 4109 -32768
-4023 1492 949 11744 465 -32768
-3911 1808 1029 11146 2056 -32768
-3820 2443 1184 10701 5261 -32768
-3733 2839 1204 10304 10141 -32768
-3345 3104 1295 10106 11829 -32511
-2962 3001 1414 9595 11926 -27958
-2405 2679 1488 9263 10458 -24020
-2125 2554 1366 9367 6150 -18514
-1794 2378 1028 10492 1222 -14672
-1487 2047 811 11498 -770 -13031
-1332 1780 772 12996 -805 -11731
-1263 1196 730 13915 585 -11443
-1299 514 640 15183 3276 -11758
-1322 172 624 16300 5855 -12913
-1365 -151 580 17381 7731 -15019
-1467 -307 514 18113 8229 -16832
-1440 -471 451 19334 8192 -19504
-1390 -641 413 20671 7719 -21347
-1267 -928 359 21576 7247 -21748
-1189 -1209 262 23073 6365 -21251
-1187 -1369 173 24635 5925 -20005
-1132 -1462 130 25498 6312 -19025
-1140 -1364 94 26452 7719 -17811
-1129 -1294 57 26823 8696 -17238
-1039 -1329 118 26776 9824 -16321
-988 -1413 163 26127 10311 -15304
-1006 -1507 271 25509 10117 -14725
-1153 -1620 402 24523 8942 -14305
-1341 -1751 451 23936 6299 -14650
-1681 -1902 394 24102 3491 -15292
-1937 -2006 336 24989 -1925 -16416
-2055 -2114 269 26533 -7239 -17191
-2149 -2256 184 27795 -9451 -17403
-2192 -2385 148 29847 -10327 -17206
-2278 -2574 107 31978 -8646 -16729
-2524 -2797 100 32767 -6628 -16545
-2798 -2986 136 32767 -3493 -16817
-3490 -3370 148 32767 -1976 -17680
-3959 -3566 131 32767 -1485 -19788
-4459 -3668 136 32767 -2185 -21155
-4542 -3666 196 32767 -3400 -21851
-4275 -3561 215 32767 -3646 -19363
-3698 -3254 207 32767 -3009 -15932
-3375 -2987 150 32767 -1397 -9610
-3069 -2628 -81 32767 -226 -4003
-3064 -2370 -330 32767 188 -1087
-3097 -2172 -398 32767 -8 -624
-3165 -1873 -449 32767 -1787 -1849
-3250 -1283 -531 32767 -3776 -3591
-3245 -932 -560 32767 -6434 -6321
-3144 -475 -660 32767 -7102 -7997
-3104 -289 -945 32767 -6663 -7726
-3197 -81 -1514 32767 -5501 -6828
-3660 266 -2231 32767 -2678 -5653
-3995 459 -2749 32767 -275 -4776
-4450 813 -3530 32767 1497 -4169
-4587 1083 -4037 30352 3379 -2199
-4603 1317 -4525 25621 3804 112
-4697 1371 -4802 14226 2642 4396
-5352 990 -5299 4208 1250 6980
-6517 465 -6030 -11966 1374 9374
-6928 251 -6955 -24500 6615 13287
-7151 -227 -8137 -32344 12166 21250
-7379 -718 -8271 -32768 14663 27906
-7552 -1179 -7475 -32768 21631 32767
-7886 -1685 -6038 -32768 32602 32767
-8197 -2502 -4755 -32768 32767 32767
-8075 -3541 -3635 -32768 32767 32767
-1876 -5977 2957 -32768 4933 32767
-1224 -5523 2689 -29475 6466 32767
-857 -5196 2442 -23393 10958 32767
-494 -5028 1992 -19066 13754 32767
-362 -5039 1755 -12496 16459 32767
-149 -4741 1378 -8126 18370 32767
65 -4405 1151 -1853 23541 31535
395 -3968 1060 3062 30775 25958
525 -3680 1359 5044 32767 22892
474 -3480 1634 6033 32594 18898
312 -3097 1945 5400 24589 15255
120 -2708 2204 4461 18496 12942
-6 -2398 2264 3120 10352 9609
-136 -2180 2259 2400 5650 5817
-233 -1828 2317 2060 5580 1800
-219 -1592 2347 2041 7486 -799
-236 -1218 2421 2130 11779 -4608
-283 -826 2511 2240 14917 -6952
-360 -636 2590 2484 19490 -10180
-642 -324 2693 2786 22396 -13207
-2659 -150 660 15861 13658 -23497
-2819 -169 530 18006 15658 -26592
-2988 -172 347 19918 16877 -29902
-2737 -1127 -842 32767 6906 -30521
-2769 -1184 -783 32276 6910 -29645
-2660 -1305 -770 31346 6636 -27979
-2444 -1246 -787 30922 6582 -26365
-2301 -1152 -810 30659 6333 -23356
-2091 -1067 -807 30623 5797 -20980
-1965 -1044 -757 30593 4743 -17296
-1851 -955 -649 30502 3556 -14086
-1784 -899 -566 30371 2670 -12287
-1777 -897 -494 29995 1308 -10268
-1801 -831 -317 28399 287 -8963
-2079 -886 233 26856 -188 -9005
-2103 -861 367 25339 -1142 -8854
-2029 -715 522 24551 -2006 -8401
-1964 -652 597 24047 -3214 -7117
-1818 -623 695 24419 -4084 -5359
-1663 -600 684 25342 -4641 -4100
-1627 -608 647 27557 -5624 -2668
-1665 -517 609 30238 -6339 -2721
-1878 -218 638 31913 -6231 -3871
-2085 73 635 32767 -4957 -7014
-2372 464 514 32767 -2954 -10541
-2679 692 436 32767 -2042 -12259
-2945 784 445 32767 -2942 -13422
-3542 972 296 32767 -6015 -13361
-3867 1161 -33 32767 -13426 -11493
-4578 1158 -826 32767 -18260 -8659
-5672 960 -1556 32767 -16095 -6862
