-2737 -207 1781 11069 14764 -14377
-2893 -75 1826 10667 12833 -15280
-3059 -124 1738 9522 9484 -16907
-3207 -309 1357 8813 5827 -18481
-3212 -370 1065 8594 3725 -19419
-3280 -388 841 8743 1128 -21095
-3354 -391 610 9349 -594 -23201
-3581 -516 350 9953 -1649 -24879
-3601 -574 328 10671 -2164 -27168
-3423 -684 408 10812 -1302 -28175
-3203 -750 531 10552 1765 -28517
-2854 -787 555 10301 5896 -27687
-2532 -752 476 10478 8485 -26735
-2402 -817 386 11677 11136 -25140
-2093 -908 205 14008 11834 -23343
-1983 -925 80 16024 10804 -22400
-1885 -964 -39 19575 7725 -21166
-1658 -1007 -60 21914 5555 -20421
-1615 -1050 -7 24965 2743 -19578
-1535 -1038 40 27104 469 -18889
-1405 -1031 187 27981 -620 -18420
-1429 -1048 277 28507 -2137 -18003
-1665 -1102 326 28442 -3819 -18409
-1915 -1131 438 28028 -4992 -18997
-1890 -1163 601 26722 -6781 -19550
-1978 -1227 885 25416 -7911 -19710
-2000 -1214 1052 23196 -9526 -19450
-1977 -1069 1276 21836 -9881 -18806
-1659 -985 1177 21260 -8567 -16539
-1565 -949 1040 23526 -4708 -13605
-1868 -767 1038 27919 4167 -12542
-2336 -212 1506 31077 13114 -13161
-2586 115 1757 32767 25103 -14840
-3066 575 1672 32767 27978 -16069
-3300 815 1814 32767 24084 -16850
-3556 932 1898 32767 17049 -16173
-3796 1234 1614 32767 2671 -14096
-4438 1894 793 32767 -4966 -12662
-4797 2102 144 32767 -7297 -9964
-5171 2214 -572 32767 -2593 -7577
-5658 2340 -1811 32767 8342 -2519
-5677 2257 -2455 32767 13900 2632
-5131 1421 -3090 32767 15852 13148
-5097 345 -3503 32767 14079 20631
-4670 -1686 -4131 32767 10631 31377
-5081 -3793 -4837 32767 8934 32767
-5494 -4444 -5117 32767 8474 32767
-5530 -5024 -4902 28840 10677 32767
-5595 -5591 -4589 4968 15299 31008
-6177 -6338 -4483 -19324 19230 22926
-6537 -6547 -4131 -32768 21830 16906
-5980 -6693 -3971 -32768 23615 11948
-4864 -6674 -3399 -32768 21914 12350
-4297 -6638 -2672 -32768 14758 17576
-3794 -6809 -1666 -32768 6966 23314
-3928 -6923 -1346 -32768 -7592 32349
-4459 -7366 -1338 -32768 -26564 32767
-6507 -4180 -2379 -32768 -32768 -16792
-5241 -7405 -2320 -32768 -32768 548
-4357 -8246 -871 -32768 -32768 32767
-3828 -8168 -792 -32768 -32768 32767
-2935 -8073 -1021 -32768 -25935 32767
-2439 -7834 -596 -27930 -7889 32767
-1565 -7363 407 -15459 9520 32767
-1151 -6516 1506 -10598 18908 32767
-959 -6017 2173 -7950 28670 32767
-915 -5254 2744 -8010 32138 32767
-954 -4746 2774 -8709 32767 32767
-875 -4151 2604 -8836 32767 32767
-819 -3819 2506 -8779 32767 32767
-594 -3204 2351 -8796 32767 32767
-483 -2924 2315 -9351 32767 25526
-236 -2568 2314 -10160 32767 20737
18 -2242 2389 -12128 32767 14650
251 -1725 2507 -14407 32767 9313
364 -1313 2418 -15883 32767 4407
363 -1001 2247 -16108 31780 1256
364 -879 1947 -14297 25309 -3123
258 -743 1369 -11457 20677 -5830
120 -707 1021 -5493 14474 -9662
-411 -667 591 1122 10145 -13741
-1270 -807 573 4938 8175 -16795
-2003 -772 488 9577 6624 -22123
-2961 -751 424 11831 6948 -25919
-3680 -805 480 13617 10756 -31880
-4347 -787 497 14171 15939 -32768
-4519 -831 555 14350 25225 -32768
-4344 -865 613 14026 31057 -32768
-4397 -571 371 13877 30777 -32768
-4394 -458 239 13451 24072 -30084
-4358 -385 154 12462 14074 -26221
-4305 -109 236 11486 8589 -23908
-4302 73 326 9745 4371 -21245
-4323 252 499 8436 4626 -20236
-4211 548 768 6987 7294 -19392
-3871 846 876 6661 8479 -18764
-3517 1021 884 7313 7973 -17015
-2995 1158 781 8494 6077 -15278
-2651 1094 742 10872 1311 -12218
-2250 859 731 12543 -2705 -10112
-1361 -262 460 24863 -2660 -19680
-1337 -431 528 25581 -1826 -21826
-1190 -774 732 26180 1245 -22703
-1169 -1100 563 27053 4138 -22703
-1151 -1206 354 29169 8302 -21832
-1184 -1216 168 30590 9953 -20936
-1156 -1273 238 31872 10887 -18998
-975 -1699 537 31687 11912 -15994
-871 -2154 644 31197 12794 -13622
-861 -2484 634 30619 13654 -9941
-996 -3238 607 30612 13750 -7679
-1336 -3674 546 31653 12187 -5822
-2131 -4104 281 32767 7793 -6821
-2584 -4421 193 32767 3978 -8298
-2672 -4700 123 32767 -1748 -10396
-2849 -4840 38 32767 -4609 -11720
-2907 -4703 133 32767 -6377 -13210
-2974 -4421 284 32767 -5438 -14046
-3173 -4167 210 32767 -3624 -14354
-3360 -3926 24 32767 1216 -14578
-3605 -3533 -386 32767 7978 -13975
-3875 -3154 -770 32767 12267 -12953
-3909 -2879 -999 32767 16076 -9629
-3815 -2602 -1296 32767 16982 -5965
-3509 -2593 -1445 32767 17196 2243
-3452 -2458 -2116 32767 15046 8549
-3924 -2179 -2903 32767 6784 16442
-4433 -2484 -4493 32767 -6591 22569
-5689 -2929 -6040 32767 -14985 24435
-6364 -3019 -6132 32767 -12462 25612
-6516 -2734 -5905 21182 2551 28198
-6124 -1529 -6227 -4266 10472 29405
-5507 -310 -7503 -32768 11211 29978
-4463 1000 -8261 -32768 14895 32767
-2847 1133 -6793 -32768 25567 32767
-1698 1157 -5086 -32768 32767 32767
-2 1506 -1488 -32768 32767 32767
-533 494 -2535 -32768 32767 16899
-225 352 2338 -32768 32767 32767
-1603 -1502 2289 -32768 32767 32767
-1597 -1665 2929 -32768 32767 32767
-1090 -700 3375 -32768 25864 26620
-487 -187 3380 -32768 11562 25926
-200 73 3266 -32768 -995 28375
-161 443 2618 -32768 -5682 30414
-510 511 1959 -27714 -11910 31624
-887 492 1714 -25645 -16254 29408
-1333 431 1368 -25474 -16607 26347
-1567 337 936 -25419 -12753 20541
-1938 -101 341 -24297 -7049 14269
-1923 -368 -102 -23122 -2321 10708
-1750 -413 -238 -21293 5017 6892
-1688 -531 -282 -20253 9160 5134
-1532 -543 -255 -19032 13674 3940
-1305 -541 -146 -18241 16229 4110
-1243 -570 40 -17742 17668 5033
-1266 -535 226 -17520 18112 5770
-1285 -434 393 -17453 17983 6646
-1516 -376 822 -17934 16030 6608
-1780 -274 893 -17681 13195 6028
-2002 -118 822 -15921 7465 4736
-1960 -66 951 -13444 3779 3961
-2258 -156 1166 -11859 3125 3153
-2403 -158 1356 -10129 3741 1536
-2509 -155 1612 -9220 4717 529
-2259 -227 1565 -6848 8187 320
-2275 -122 1409 -3190 14309 -145
-2680 -39 1393 -621 18568 -1351
-2788 25 1554 2113 23054 -3941
-3005 124 1790 3103 23452 -7105
-2850 187 1812 3204 21965 -9047
-2764 163 1767 3285 18263 -11891
-2803 40 1402 3763 14983 -13996
-2731 -3 1250 4747 9565 -17072
-2582 -185 1118 5584 4670 -19726
-2608 -539 999 6063 1721 -21226
-2398 -755 861 6782 -1831 -22663
-2171 -842 775 7952 -3053 -22727
-1824 -1016 723 9146 -2559 -22101
-1690 -1167 628 11906 -678 -20865
-1555 -1334 485 15724 1544 -19751
-1543 -1490 512 18481 2761 -19328
-1732 -1645 556 22479 2070 -19889
-2294 -1959 516 24862 -917 -21154
-2458 -2193 554 27313 -7766 -23397
-2381 -1945 587 27902 -13541 -24784
-1944 -1701 787 26766 -14597 -24286
-1395 -1638 931 25602 -12644 -22721
-1159 -1572 882 24147 -8008 -19650
-1110 -1557 805 23851 -3695 -16941
-1389 -1485 572 25069 -1443 -15964
-1603 -1421 497 26274 -1140 -16275
-1801 -1363 572 28149 -1666 -17496
-1896 -1331 778 29318 -2801 -18936
-1868 -1158 1020 29591 -3257 -19610
-1667 -964 1051 30025 -2771 -19688
-1646 -828 985 31249 -43 -19299
-2031 -565 1116 32432 3269 -19681
-2431 -412 1221 32767 7505 -21474
-2758 -100 1139 32767 6336 -23101
-2920 387 1071 32767 2522 -23514
-2989 691 1032 32767 -2699 -22845
-3070 1058 1014 32767 -2450 -20308
-3393 1374 590 32767 -523 -17860
-3825 1576 156 32767 2570 -14129
-4436 1701 -599 32767 5349 -10218
-5097 1335 -1315 32767 6661 -7563
-5426 1116 -1719 32767 7711 -3481
-5753 418 -2231 32767 5099 1079
-5404 -8077 -1588 -32768 8825 25288
-4871 -8509 -996 -32768 3790 31941
-4666 -8775 -1026 -32768 -5375 32767
-4484 -8684 -1352 -32768 -25912 32767
-4607 -9303 -4688 -32768 -32768 -32768
-4124 -7650 -444 -32768 -31413 27490
-3135 -7468 1145 -32768 -10552 32767
-2575 -6607 1425 -32768 10284 32767
-2062 -6280 1592 -32768 20007 32767
-1779 -5894 1871 -32768 26210 32767
-1404 -5301 2140 -29340 24950 32767
-1229 -4849 2182 -21182 17753 32767
-975 -4472 2361 -15953 8854 32767
-966 -4036 2810 -14731 4423 32767
-953 -3532 2958 -15354 3627 32767
-907 -3030 2725 -16393 6582 32767
-672 -2898 2367 -17465 14413 32767
-434 -2875 2097 -16828 23689 32767
-122 -2666 1610 -15147 29157 28791
42 -2535 1321 -11039 32767 20675
320 -2247 1182 -6605 32767 13507
562 -1902 1335 -4268 32767 9456
641 -1672 1446 -2021 32767 4334
688 -1352 1598 -1133 29702 216
684 -1141 1638 -978 23656 -2095
529 -1046 1548 -870 14015 -5522
-21 -1001 1400 -816 6154 -9979
-742 -864 1348 -985 3270 -13636
-1329 -766 1410 -1589 3416 -20092
-2056 -798 1277 -1440 8556 -26746
-2616 -829 1065 -492 13731 -30787
-2959 -801 1028 1738 22310 -32768
-3453 -674 978 3600 26564 -32768
-3655 -615 865 6753 27811 -32768
-3844 -778 875 9137 23815 -32768
-4195 -828 892 10148 20579 -32768
-4471 -699 968 10754 17583 -32768
-4615 -514 1176 10505 17155 -32768
-4479 -356 1108 10476 17295 -31594
-4354 -235 914 11355 16138 -27906
-3946 -43 669 12870 12917 -23294
-3483 65 533 13953 10650 -19900
-3260 79 521 15480 8598 -15124
-2981 65 616 16172 8248 -12446
-2805 13 692 16741 8033 -9270
-2673 101 1014 16140 7337 -7664
-2721 162 1206 15377 5913 -7512
-2618 76 1188 14702 2108 -8034
-2455 -15 1038 14834 -1089 -8674
-2282 -44 762 16505 -7040 -9953
-1970 -92 564 18201 -10997 -10966
-1786 -127 432 21405 -14247 -12762
-1391 -160 354 24741 -13032 -14413
-1144 -235 375 26763 -10162 -15508
-1021 -279 181 30057 -4445 -17037
-941 -238 -34 32303 -634 -17983
-935 -181 -101 32767 4205 -19397
-1047 -141 51 32767 7262 -21241
-1117 -166 160 32767 7494 -22619
-1138 -256 454 32767 5999 -24653
-1043 -503 761 31361 4457 -26540
-1162 -750 663 29059 2654 -27685
-1275 -943 522 26168 -790 -28740
-1191 -1474 255 24920 -2048 -28198
-988 -2151 33 24770 -1933 -24792
-1675 -2760 -430 29634 2388 -17929
-2270 -3351 -565 32147 2868 -17047
-2403 -3758 -571 32767 2328 -15889
-2556 -4107 -455 32767 2004 -15082
-2705 -4322 -283 32767 2289 -14682
-2907 -4353 -137 32767 2769 -14752
-3079 -4220 -87 32767 3938 -15508
-3210 -3989 -39 32767 4984 -16095
-3170 -3734 -9 32767 7146 -16623
-3115 -3248 61 32767 10110 -16328
-2952 -2833 95 32767 12412 -15438
-2825 -2558 119 32767 16566 -13146
-2726 -2251 25 32767 19534 -11144
-2786 -2059 -137 32767 22487 -7764
-2885 -2018 -342 32767 20533 -3976
-3035 -1874 -579 32767 16074 -1311
-3094 -1798 -782 32767 6284 3168
-3212 -1819 -1078 32767 -3341 8390
-3246 -1833 -1520 32767 -7923 12478
-3258 -1754 -1915 32767 -10647 19162
-3787 -2030 -3208 32767 -8223 24621
-5205 -2631 -4905 32767 -3099 26343
-6244 -2735 -5759 32767 10150 26375
-7124 -2429 -6349 32767 19853 25473
-6819 -2053 -5696 21903 22256 23669
-6169 -892 -3366 -23546 12980 18513
-5424 400 -3475 -32768 8351 14752
-4314 937 -4188 -32768 14801 15401
-1757 775 -4525 -32768 29278 26771
619 1210 -1518 -32768 32767 32767
1442 1644 862 -32768 32767 32767
2152 1064 4766 -32768 32767 32767
1006 321 4871 -32768 32767 32767
-15 -260 3509 -32768 22344 32767
-50 137 3155 -32768 6852 29704
-152 437 2988 -32768 3193 25848
-208 340 2767 -32768 2671 22649
-496 685 2446 -26636 4494 21235
-904 752 1828 -20568 3790 20745
-1083 721 1553 -15370 -2347 20294
-1310 566 1450 -14756 -10146 19538
-1480 346 1371 -16084 -13175 18738
-1653 89 967 -18524 -13226 17356
-1873 -149 601 -19955 -9523 15744
-1806 -339 235 -20392 -3550 14939
-1722 -385 36 -20297 683 14746
-1490 -385 -35 -19733 6899 15337
-1181 -321 -94 -18828 11983 16008
-1236 -339 -47 -18172 13882 15881
-1188 -299 45 -17474 13500 15287
-1136 -190 304 -17485 10162 14267
-1480 -176 555 -17832 7210 12947
-1733 -121 663 -18426 3530 10020
-1983 22 751 -18971 1598 7948
-1970 106 785 -19144 1829 5269
-1922 28 759 -17856 5169 3116
-2334 -105 571 -14580 9756 299
-2441 -183 622 -11881 13177 -1439
-2399 -232 737 -7798 18631 -3166
-2292 -221 801 -5126 22333 -3670
-2121 -24 841 -1379 27949 -3718
-2238 79 922 1450 32428 -4156
-2808 39 953 2751 32767 -5434
-3105 23 900 4079 29353 -8334
-3242 -2 878 4480 22431 -11270
-3100 -83 900 4243 17583 -12863
-3091 -202 818 3556 10630 -14767
-3187 -308 664 3191 3946 -16403
-1739 -1398 395 14518 -6487 -13188
-1773 -1348 363 17368 -7376 -14094
-1737 -1499 455 19770 -6841 -15140
-1548 -1646 565 21741 -5153 -15561
-1333 -1610 683 22865 -3808 -15471
-1105 -1669 766 24496 -2582 -14723
-1030 -1748 851 26163 -1764 -14002
-997 -1733 917 27470 -1313 -13698
-1099 -1648 938 29746 -1576 -13951
-1279 -1453 969 31321 -2489 -14653
-1331 -1419 1057 32767 -3999 -16030
-1356 -1488 1015 32767 -5064 -17504
-1332 -1377 845 32767 -5586 -18315
-1377 -1199 847 32767 -6253 -19730
-1746 -948 1088 32767 -6368 -21196
-2240 -692 1207 32767 -6063 -24326
-2459 -495 1155 32767 -4047 -27809
-2618 -237 1003 32767 -1272 -29605
-2698 162 864 32767 4492 -30956
-2771 438 859 32767 7637 -30507
-3049 706 784 32767 6523 -29401
-3297 795 703 32767 2010 -26979
-3613 902 410 32767 -1980 -23408
-3979 886 -87 32767 -2661 -20560
-4297 788 -423 32767 -1353 -16016
-5207 107 -1092 32767 -886 -13359
-5792 -512 -1654 32767 -1176 -8482
-6197 -315 -1787 32767 514 -6400
-6003 -75 -1721 32767 6385 -2059
-5808 -430 -2004 32767 12261 3966
-5746 -1184 -2881 32767 15509 8516
-5730 -1766 -3561 32767 19689 16016
-5943 -3665 -4332 32767 20826 21391
-6217 -4944 -4547 32767 19930 27879
-6650 -5882 -4497 24362 16394 30890
-6076 -6656 -3388 8858 16506 32583
-5633 -6998 -2838 -20980 19242 32767
-5385 -7626 -2310 -32768 18286 32767
-5522 -8555 -1968 -32768 14435 32767
-5691 -8963 -1803 -32768 7852 32767
-5935 -9600 -2013 -32768 1340 32767
-5545 -9502 -2252 -32768 -2373 32767
-5040 -9519 -6072 -32768 -8096 -32768
-4475 -7724 -1919 -32768 -7287 32767
-3727 -8062 75 -32768 -4279 32767
-3141 -7282 486 -32768 -403 32767
-2685 -6977 944 -32768 6074 32767
-1994 -6260 1729 -32768 9097 32767
-1262 -5657 2184 -22262 9568 32767
-893 -5106 2553 -14976 7480 32767
-742 -4681 2810 -12385 8462 32767
-486 -4030 3157 -12955 11713 32767
-586 -3463 2983 -15261 19748 32767
-657 -3240 2398 -15456 26604 32767
-401 -2928 1471 -13598 29243 32767
-232 -2471 1175 -9846 32767 26441
-147 -2376 1139 -6856 32767 15068
272 -2203 1409 -5837 32767 6265
589 -1799 1745 -6181 32767 1613
684 -1581 1776 -7198 32767 -4046
733 -1376 1698 -7789 32182 -7116
680 -1234 1616 -8164 25468 -10894
478 -1096 1307 -7386 19055 -14079
-65 -1085 1027 -6433 15498 -16319
-465 -1039 925 -4877 11634 -19912
-852 -926 808 -3494 9504 -23077
-1623 -899 742 -2399 9715 -26853
-2412 -901 722 -1743 11581 -29623
-2688 -903 686 -555 16231 -32768
-3167 -896 565 1079 20974 -32768
-3682 -919 477 2234 23260 -32768
-3757 -932 482 3565 23845 -32768
-3808 -910 337 4199 22048 -31620
-3858 -907 235 4966 18109 -27128
-4054 -845 106 5378 16041 -24319
-4287 -708 0 6312 15409 -21486
-4511 -434 -99 7712 18214 -20204
-4666 -170 -137 8838 20623 -19842
-4673 -39 -111 10412 21465 -18998
-4595 167 86 10984 17746 -17111
-4402 409 435 10653 14056 -15234
-4248 518 638 9658 8946 -11838
-4151 612 789 9156 6156 -9715
-4033 595 843 9081 2361 -6792
-3668 489 921 9439 -367 -4818
-3334 422 1023 10417 -5274 -1677
-2783 347 1089 12116 -9430 1611
-2209 258 1129 13557 -10981 3808
-1841 226 1117 16113 -11126 6585
-1498 146 1014 19123 -9033 7890
-1391 95 849 21153 -6542 7459
-1281 7 881 23610 -2306 5030
-1558 221 665 25064 -205 1834
-1566 258 632 26595 809 -4547
-1475 93 597 27244 452 -11859
-1353 -15 680 27087 331 -16697
-1177 -185 921 25894 980 -22910
-753 -524 1021 24910 1516 -27110
-659 -820 912 24739 1608 -29094
-550 -973 753 25569 2093 -30806
-485 -1217 453 26923 2653 -31247
-496 -1429 264 30045 3191 -30801
-474 -1869 27 32593 3138 -29599
-349 -2271 -69 32767 2530 -25829
-68 -2740 -163 32767 1655 -20262
-70 -2723 -174 32767 1372 -16731
-380 -2795 7 32767 1199 -13321
-1328 -3703 339 32767 636 -12461
-2175 -4974 435 32767 -486 -12707
-2776 -5464 246 32767 -3278 -14730
-3865 -5793 -127 32767 -6774 -18926
-4411 -6045 -604 32767 -8368 -21700
-4754 -6058 -947 32767 -8365 -24630
-4938 -5624 -1391 32767 -2390 -24766
-5217 -5040 -1564 32767 6807 -23192
-5353 -4728 -1690 32767 23366 -18003
-5547 -4195 -1955 32767 29702 -9179
-5635 -3895 -2330 32767 19736 3272
-5022 -3536 -3008 32767 7030 13755
-4438 -3452 -3969 32767 -11464 31813
-4245 -3161 -5490 32767 -18825 32767
-5780 -2938 -5767 32767 -13202 32767
-5810 -2150 -4291 -2914 10502 32767
-5881 -1089 -6316 -32768 20772 32767
-4030 -120 -9265 -32768 23224 24235
-2470 1258 -9829 -32768 32767 15206
-578 2652 -6575 -32768 32767 12790
3051 3333 -1688 -32768 32767 -10927
6044 3646 1458 -32768 32767 27381
7617 4199 7228 -32768 32767 32767
2596 2458 6438 -32768 29471 32767
-111 2106 4828 -32768 8561 14924
-1229 1462 4160 -32768 7902 -4653
-1217 1138 4005 -32768 9943 -11258
-1382 1482 3787 -25387 9564 -13407
-1780 1569 2859 -21887 302 -8962
-2199 1659 1996 -21389 -6807 -4213
-2970 1483 1276 -20866 -14136 1602
-3851 942 436 -20114 -15808 4260
-4335 511 -31 -18700 -14334 6394
-4694 239 -228 -17967 -12653 6022
-4321 101 -161 -18394 -12087 6043
-3575 91 -96 -20060 -9663 7921
-3213 6 -144 -21759 -4531 11229
-2630 -92 -188 -22685 -459 13875
-2236 -113 -286 -23463 4741 18060
-1695 -141 -308 -23888 8026 21931
-1341 -241 -269 -24053 7762 24126
-1177 -259 -236 -24056 3812 26660
-1078 -192 -159 -23662 -1169 28030
-1018 -214 -65 -22503 -5388 28267
-1165 -292 -178 -20873 -7643 27596
-1363 -223 -356 -16995 -9897 25329
-1436 -107 -225 -12815 -8558 21816
-1646 -47 45 -10569 -6137 18938
-1908 -127 438 -8192 -488 14064
-1975 -156 697 -6762 7089 9622
-1954 -99 1130 -6266 11984 7370
-1935 -81 1237 -5583 16805 5062
-2069 -89 1489 -4877 18141 3407
-2252 -134 1536 -3621 17197 1970
-2493 -126 1788 -2370 13632 733
-2544 -304 1766 -1207 10032 165
-2612 -342 1798 620 5167 -731
-2666 -280 1839 2174 2374 -2164
-2523 -261 1970 2801 1482 -3357
-2365 -244 2008 3552 417 -5440
-2259 -326 1957 4767 -796 -8418
-2423 -698 1762 6157 -1928 -11217
-2192 -962 1454 9619 -3901 -15525
-2491 -1335 1264 12070 -5617 -19100
-2879 -1620 1042 15577 -9345 -25703
-3062 -1818 921 18019 -12487 -31821
-3003 -1843 784 19070 -13085 -32768
-2662 -1927 745 20149 -10315 -32768
-1951 -2180 858 20799 -2872 -32768
-1477 -2276 999 21526 6033 -30816
-1279 -2216 834 22431 9926 -28112
-1233 -2136 717 24222 10797 -24700
-1140 -2083 637 26035 6377 -22400
-1204 -1882 727 26825 1620 -21734
-1255 -1831 909 26798 -5091 -22024
-1432 -1935 1318 25950 -8211 -22999
-1597 -1933 1522 23919 -11208 -25282
-1778 -1760 1618 22353 -13246 -27766
-1798 -1652 1490 22281 -14116 -29078
-1703 -1580 1226 24436 -13428 -29930
-1575 -1358 959 29367 -7483 -29563
-1734 -855 697 32767 -103 -29078
-1956 -554 783 32767 14182 -28163
-2260 -311 1009 32767 26098 -26443
-2705 -30 1163 32767 28198 -24889
-3118 464 1418 32767 21346 -22274
-3357 817 1431 32767 8578 -19256
-3941 1003 956 32767 -2769 -15784
-4640 1093 28 32767 -5883 -13229
-5311 1428 -613 32767 -1734 -9994
-6003 1590 -1667 32767 8613 -5772
-6408 741 -2854 32767 15359 -1543
-6506 -326 -3841 32767 18690 7272
-6264 -1605 -5039 32767 12738 17662
-6418 -2563 -5747 32767 7656 23535
-6270 -3853 -5352 32767 8186 31513
-6003 -4886 -4987 31118 14295 32767
-6425 -5946 -5099 13978 18189 32767
-7231 -7920 -5590 -12476 21372 32767
-8295 -9009 -5650 -32768 20957 23256
-8121 -9376 -4569 -32768 22112 17117
-6218 -9202 -2722 -32768 24113 15669
-4915 -9411 -1946 -32768 13850 25713
-3917 -9485 -1537 -32768 -15886 32767
-5221 -7606 11552 -32768 -32768 32767
-4723 -8298 839 -32768 -32768 32767
-4460 -7953 531 -32768 -32768 32767
-3868 -7909 88 -32768 -22402 32767
-2781 -7675 137 -32768 2585 32767
-2091 -7227 782 -26356 15832 32767
-1285 -6694 1953 -14817 25478 32767
-1060 -5896 3183 -12078 25817 32767
-990 -5422 3658 -12329 22290 32767
-987 -4787 3547 -13552 20173 32767
-847 -4122 3039 -13758 21629 32767
-628 -3806 2493 -12377 26141 32767
-166 -3389 1943 -10895 30253 32767
315 -2953 1928 -9348 32767 29873
570 -2719 1971 -8979 32767 24408
758 -2330 1896 -9025 32767 21196
823 -2039 1799 -8976 32767 16735
900 -1658 1692 -8698 28802 12617
896 -1390 1602 -8400 24120 10002
828 -1274 1453 -7370 17948 5972
566 -1112 1255 -5710 13309 1280
76 -980 1122 -4619 10844 -2322
-375 -908 1056 -3395 7935 -8466
-1296 -849 1188 -3231 8368 -15597
-1995 -632 1133 -3283 11029 -20407
-2496 -509 1069 -3100 17081 -27136
-2890 -526 1110 -2723 21766 -30549
-3027 -624 1095 -1036 26650 -32768
-3398 -537 778 2265 24950 -32768
-3826 -335 532 4759 20411 -32768
-3966 -267 714 7241 13297 -32768
-4156 -282 1043 8120 8887 -31302
-4342 -314 1210 8256 7601 -29875
-4450 -314 1351 8106 7990 -28080
-4345 -219 1495 7668 9111 -26657
-3990 57 1645 7399 8644 -25606
-3414 431 1630 7479 4955 -23218
-3029 508 1555 8514 -1393 -19944
-1273 -10 542 32310 20460 -29284
-1070 -214 521 32767 23925 -28527
-1066 -353 412 32767 26320 -26913
-1102 -480 323 32767 24938 -25733
-1218 -614 268 32767 18666 -24349
-1431 -809 430 32767 9272 -23608
-1306 -1128 791 32767 1750 -22580
-1360 -1408 846 32767 -1808 -21954
-1487 -1607 788 31891 -5592 -21381
-1785 -1970 501 30283 -7222 -21279
-1979 -2337 198 29196 -8488 -21300
-2016 -2753 -122 29341 -8122 -20733
-1989 -3098 -266 29855 -6851 -19911
-2029 -3338 -291 31159 -3491 -18261
-2215 -3634 -304 32767 1334 -16702
-2522 -3873 -389 32767 4644 -15936
-2580 -3979 -359 32767 9022 -14448
-2685 -3995 -459 32767 13270 -12987
-3032 -3828 -440 32767 16057 -12466
-3284 -3723 -457 32767 19416 -12324
-3704 -3552 -511 32767 19518 -12877
-4163 -3375 -715 32767 17787 -13424
-4315 -3141 -874 32767 13872 -13447
-4410 -2680 -1208 32767 11796 -12536
-4437 -2193 -1382 32767 10971 -9499
-4608 -2090 -1560 32767 10425 -4152
-4532 -3140 -2190 32767 7892 1558
-4139 -3812 -2952 32767 427 14069
-4720 -2672 -5067 32767 -10221 26711
-5342 -3058 -5461 32767 -12921 32767
-5835 -2874 -5593 23884 -7098 32767
-6717 -1909 -5833 -9916 7783 32767
-6483 -571 -6992 -32726 16231 32767
-5446 626 -7582 -32768 22394 32767
-2519 2326 -7282 -32768 27928 32767
-258 2602 -5363 -32768 32767 32767
2902 3474 -1614 -32768 32767 32767
-2636 957 -1196 -32768 32767 32767
3471 2234 5134 -32768 32767 32767
-432 -1164 3904 -32768 32767 32767
-1495 -679 3800 -32768 15978 17232
-2030 30 3264 -32768 2326 4497
-1116 88 3382 -32768 -542 -3128
-946 968 3033 -32768 1992 -1884
-1141 1009 2070 -32526 -763 1670
-1281 862 1571 -24744 -10689 8613
-1527 702 1122 -21254 -16961 12791
-1749 375 852 -17565 -21239 16842
-2251 -174 330 -14927 -20326 18290
-2409 -656 107 -13961 -17289 18614
-2322 -813 26 -13878 -10722 19136
-2063 -825 -24 -14681 -5766 19725
-1862 -754 -16 -16914 2206 20823
-1412 -594 -46 -19279 9788 22036
-1365 -620 -201 -20705 14383 22324
-1373 -786 -129 -21131 15111 21797
-1405 -963 -123 -20727 14055 21142
-1397 -959 -84 -19166 11410 19740
-1620 -898 189 -17081 8670 17488
-1855 -744 338 -15219 7064 15605
-1962 -577 484 -12293 5786 12684
-2022 -475 950 -10310 7180 10136
-2112 -588 1503 -9655 9866 8756
-2058 -500 1668 -8356 14484 7454
-2219 -226 1689 -5975 17997 6447
-2389 -174 1885 -3500 20888 5177
-2679 -342 2153 -2259 22306 3928
-2790 -367 2449 -1566 22920 1513
-2894 -220 2657 -1511 21681 -334
-2728 53 2386 -188 17992 -2951
-2747 193 2110 3202 14169 -6109
-2951 118 1785 6178 11736 -8755
-3072 -122 1636 10740 7583 -13046
-3124 -541 1472 13355 4520 -15675
-2764 -713 1335 16276 748 -18426
-2490 -772 1219 18297 -696 -19803
-2184 -829 965 19327 -348 -20304
-1971 -854 859 20312 1297 -20704
-1803 -1049 795 20640 3444 -21099
-1959 -1430 817 20582 4449 -21810
-2163 -1683 698 20686 3881 -23438
-2020 -1866 547 21210 1428 -24418
-1721 -1855 399 21785 -442 -24568
-1538 -1792 341 22936 -2867 -24218
-1355 -1732 281 24236 -4815 -23242
-1285 -1741 258 25115 -6009 -22499
-1280 -1728 243 26438 -8071 -21354
-1352 -1725 262 27559 -10545 -20494
-1305 -1879 381 28223 -11068 -19969
-1317 -1821 414 29458 -9052 -19463
-1401 -1352 163 31193 -6788 -19334
-1406 -891 75 32527 -6966 -19234
-1278 -873 305 32767 -6839 -19051
-1305 -904 495 32469 -5691 -18999
-1569 -858 507 32042 -5598 -19327
-1763 -843 455 31404 -6872 -20252
-1819 -764 513 30744 -7774 -20853
-1913 -872 576 30383 -7214 -20934
-2136 -675 561 30348 -4431 -21054
-2506 -479 488 31158 84 -22077
-2934 -189 457 32223 3528 -22931
-3221 179 498 32767 7198 -24163
-3759 729 434 32767 7626 -24758
-3953 969 398 32767 6599 -24336
-4149 1004 238 32767 5626 -22761
-4196 861 -40 32767 3947 -17716
-4122 386 -687 32767 2451 -9976
-4349 -65 -1191 32767 1900 -4511
-4757 -188 -1722 32767 2215 2170
-5203 23 -2124 32767 3358 4923
-5508 -159 -2732 32767 6624 6879
-5447 -617 -3085 32767 11373 8460
-5526 -1806 -3233 32767 15220 9599
-6152 -3029 -3593 32767 18712 9847
-6552 -4088 -3983 32767 21198 8906
-6122 -5092 -4515 24948 22472 9167
-5550 -5911 -4777 8236 21461 12286
-5369 -6975 -4296 -14874 19278 17558
-5081 -7592 -3022 -32768 18092 22156
-4945 -7521 -2352 -32768 14792 29938
-4954 -7411 -1678 -32768 11922 32767
-5561 -7932 -1784 -32768 3947 32767
-6380 -8696 -1991 -32768 -4610 32767
-6171 -8690 -1649 -32768 -20198 32767
-6014 -8089 -1426 -32768 -28621 32767
-6045 -7029 -1500 -32768 -30936 32767
-4708 -7683 -302 -32768 -20950 32767
-3557 -6963 454 -32768 -5611 32767
-2775 -7032 256 -32768 4711 32767
-2018 -6526 905 -32180 18849 32767
-1560 -6184 1430 -21712 27544 32767
-1007 -5521 2139 -17605 29058 32767
-725 -4976 2504 -14607 27309 32767
-451 -4297 2719 -13610 23940 32767
-321 -3747 2727 -13528 22385 32767
-389 -3465 2518 -13634 21428 32767
-309 -3067 2065 -13262 22299 32767
35 -2873 1678 -12348 25044 25055
300 -2667 1465 -11528 27449 18923
682 -2266 1306 -10373 31573 11130
913 -1872 1350 -9678 32767 4713
962 -1552 1377 -9332 32767 906
908 -1412 1371 -8853 32767 -4278
691 -1247 1308 -7957 29049 -9011
410 -1186 1200 -6980 24287 -11935
80 -1105 1041 -5298 16871 -15839
-547 -981 979 -4248 12853 -18375
-895 -884 1003 -2959 9821 -22166
-1594 -755 897 -1981 9635 -24859
-2497 -797 883 -423 11310 -29332
-3060 -847 871 1296 14291 -32768
-3719 -693 767 2813 16343 -32768
-3991 -648 654 5932 17944 -32768
-4190 -908 369 9904 17339 -32768
-4253 -976 294 12408 17141 -32768
-4395 -769 365 15259 18413 -29772
-4819 -611 329 17271 19108 -26002
-5024 -487 324 18120 18368 -23772
-5056 -263 454 18506 15941 -20809
-4834 59 760 18091 12278 -17760
-4386 222 916 17761 9094 -15378
-3982 257 930 17585 4177 -11348
-3346 449 1019 17576 1408 -8591
-2987 834 1095 17773 -2135 -5164
-2616 1030 1264 17939 -5621 -3230
-2234 809 1382 18127 -8007 -2743
-2017 704 1416 18719 -11041 -3357
-1788 596 1254 19863 -12344 -5642
-1638 471 1018 20866 -12069 -8161
-1667 389 830 22525 -8340 -13796
-1865 389 576 24409 -3176 -21311
-1887 277 342 26423 1377 -29055
-1642 110 217 27712 3970 -32768
-1453 35 167 29629 7774 -32768
-1039 -104 185 30821 10269 -32768
-884 -219 62 32767 13407 -32768
-781 -476 -34 32767 13939 -32768
-635 -643 58 32767 11955 -32768
-568 -800 109 32767 9806 -29179
-574 -1040 262 32767 6807 -22900
-708 -1209 414 32767 5184 -18990
-1005 -1324 383 30362 2451 -14649
-1509 -1508 313 28831 -317 -12795
-1723 -1666 275 26815 -2262 -11207
-1896 -2081 7 26254 -4058 -9970
-2048 -2591 -194 26898 -5318 -9104
-2361 -3090 -359 27826 -5909 -9051
-2720 -3295 -368 29389 -5878 -10286
-3005 -3415 -359 30938 -4449 -12095
-2987 -3446 -330 31866 -2995 -13001
-2911 -3393 -285 32767 90 -13451
-2861 -3322 -240 32767 2802 -13300
-2840 -3212 -234 32767 7707 -12626
-3006 -2938 -283 32767 13016 -12055
-3224 -2644 -361 32767 18460 -11462
-3399 -2444 -391 32767 21520 -10860
-3544 -2166 -370 32767 22893 -9660
-3579 -1681 -327 32767 20647 -8348
-3285 -1387 -329 32767 13547 -4737
-3177 -1262 -481 32767 5008 448
-3274 -1166 -1010 32767 -1307 5941
-4072 -1022 -2255 32767 -3541 8791
-4700 -1050 -3323 32767 -4439 11799
-5444 -1033 -5296 32767 -4494 14893
-5756 -812 -7086 32767 -4101 17732
-5984 -811 -7098 32767 2573 22970
-6554 -1142 -6011 32767 7584 25802
-6475 -480 -3949 -3867 18523 27462
-5867 320 -3793 -32768 20343 27953
-4644 322 -4631 -32768 18854 32767
-2771 828 -4135 -32768 27574 32767
-901 790 -1997 -32768 32767 32767
-927 492 -815 -32768 32767 -11382
-1540 -1002 1793 -32768 32767 32767
-399 -1582 4512 -32768 32767 32767
-1091 -1557 3591 -32768 16644 32767
-715 -1144 2965 -32768 8780 32767
-50 -1179 3041 -32768 8509 32767
315 -817 2651 -32768 12188 32767
279 -455 2151 -32768 13244 32767
139 -370 1912 -32090 11671 32767
-216 -441 1647 -23975 6269 31681
-644 -826 1375 -20553 730 30181
-887 -993 1232 -18074 -6789 27129
-991 -1085 1032 -17610 -9388 23934
-891 -1007 581 -17555 -8234 22056
-858 -970 170 -17075 -3624 19561
-910 -1021 -5 -16178 2334 17247
-1012 -1068 -41 -15414 6023 15620
-1169 -1109 107 -14227 10174 13011
-1284 -1061 254 -12948 11971 10040
-1364 -869 505 -12093 12207 8066
-1541 -637 823 -10930 11966 5099
-1617 -540 1015 -9876 11802 2467
-1830 -487 1271 -8846 11600 114
-2021 -419 1512 -8182 11560 -1235
-2101 -263 1629 -6887 11423 -2723
-2123 -168 1705 -5174 11619 -3686
-2219 -133 1672 -3640 12329 -4282
-2328 -108 1603 -861 14462 -5454
-2751 -18 1559 1495 16765 -7498
-3023 80 1754 2231 17543 -8995
-3147 144 1874 2196 16943 -11340
-3240 186 1820 1856 15654 -12879
-3148 193 1565 1669 13134 -14907
-3047 129 1317 2382 10367 -16488
-2903 57 1078 3238 8546 -17240
-2850 24 893 4885 5746 -18117
-2813 -133 760 6560 2878 -19030
-3176 -399 642 7545 371 -20224
-3242 -473 584 8732 -2995 -22158
-2965 -442 517 9434 -3754 -22944
-2583 -448 480 10599 -2348 -22517
-2021 -527 382 12301 633 -20752
-2137 -727 262 13785 2087 -19949
-2282 -875 186 16307 2746 -19654
-2344 -1107 145 17955 2430 -19739
-2297 -1216 17 20469 864 -20014
-2117 -1139 34 22378 -745 -19776
-1726 -1065 120 23239 -1369 -19108
-1372 -1078 170 24075 -1577 -17355
-1176 -1087 210 24540 -1176 -15121
-1016 -1057 264 24755 -626 -13729
-969 -1065 312 25261 736 -12214
-926 -1085 344 25878 1713 -11588
-954 -1075 432 26862 2896 -11319
-1053 -1043 664 27489 3094 -11949
-1201 -985 829 27761 2202 -12814
-1430 -940 910 27862 -682 -14793
-1529 -947 982 28056 -4872 -16522
-1278 -1162 1061 28358 -7785 -16934
-1313 -1152 1077 29141 -10932 -17427
-1689 -899 1274 29652 -10906 -18325
-1981 -711 1277 31121 -7107 -20595
-2182 -323 960 32767 281 -22697
-2201 2 779 32767 6373 -23492
-2310 298 806 32767 14531 -23407
-2452 501 895 32767 16577 -22582
-2767 904 1003 32767 12738 -20744
-3292 1100 958 32767 6620 -19607
-3745 1176 763 32767 -2799 -18458
-4388 1078 21 32767 -8536 -17141
-4817 756 -999 32767 -10258 -15490
-4981 565 -1538 32767 -7491 -11868
-5301 47 -2362 32767 -14 -7182
-5766 -532 -2930 32767 8780 -1844
-5659 -737 -3134 32767 14888 2748
-5318 -1407 -3237 32767 20250 8331
-4968 -2088 -3374 32767 23132 17426
-5125 -2861 -3904 32767 21213 22046
-5213 -3647 -3885 26849 17522 26087
-5731 -4809 -3731 8756 16269 26294
-6569 -5871 -4133 -10516 14242 24019
-6946 -6523 -4219 -24682 12173 22026
-7462 -7334 -3538 -32768 9621 20279
-6792 -7896 -2289 -32768 7755 22245
-6221 -8420 -1777 -32768 2023 31341
-4993 -9060 -1892 -32768 -4396 32767
-4741 -9104 -2480 -32768 -18784 32767
-5545 -8736 -3072 -32768 17814 32767
-7251 -8414 -5178 -32768 936 32767
-5418 -9606 -1487 -32768 -8743 32767
-4867 -8101 -913 -32768 -11721 32767
-3320 -7872 361 -32768 1188 32767
-2266 -6997 1107 -29157 9996 32767
-2021 -6356 1498 -22225 14582 32767
-1242 -5885 2263 -18564 13803 32767
-746 -5022 2697 -17360 12539 32767
-571 -4539 2849 -16796 12802 32767
-265 -3997 2884 -17260 17293 32767
98 -3542 2292 -16786 20494 32767
428 -3192 1816 -14444 27042 32767
679 -2817 1436 -12315 32217 23888
824 -2467 1350 -9418 32767 10407
1114 -2089 1579 -7823 32767 -689
1300 -1775 1738 -7441 32767 -6697
1215 -1553 1740 -7223 32767 -14303
965 -1264 1664 -7055 32767 -18488
640 -1127 1368 -6248 31792 -23003
243 -1101 1118 -4764 20908 -26137
-520 -1021 774 -2871 11602 -28463
-1481 -1088 438 -1469 7394 -29785
-2084 -1201 297 454 5161 -31390
-2778 -1335 353 1330 8462 -31759
-3148 -1214 498 1316 12717 -31100
-3537 -1108 448 1246 18956 -29663
-4156 -1070 193 1853 21869 -27916
-4484 -1140 -91 2734 21915 -26419
-4558 -1135 -116 4187 20957 -23774
-4570 -1003 -66 5065 19581 -21908
-4602 -850 -54 6098 16028 -19641
-4737 -619 -4 6770 13578 -18678
-4757 -502 12 8071 11059 -17867
-4761 -284 24 10042 9791 -17564
-4668 -116 124 11645 9306 -17442
-4523 -32 295 13935 8897 -17050
-4125 99 516 15319 8481 -16484
-3843 181 573 17348 7249 -15018
-3261 357 608 19210 6225 -12640
-2698 624 708 20149 6099 -10686
-2385 769 817 20946 6566 -7711
-2013 772 879 21237 6758 -5905
-1793 696 930 21329 6376 -3680
-1510 647 1084 21099 5988 -2666
-1348 580 1126 20764 4572 -2254
-1262 492 957 21337 1432 -3436
-1344 532 719 22309 -1823 -5340
-1320 459 476 24080 -6328 -9359
-1168 251 494 24883 -7178 -12497
-1216 79 520 25457 -6342 -17404
-1275 -486 480 25937 -4426 -20500
-1425 -771 356 27364 -1572 -24935
-1212 -1498 192 29052 -2 -13547
-1131 -130 17 30548 3231 -6932
-2923 281 207 30744 3849 -13971
-2085 -1035 59 32349 2937 -20396
-1246 -1764 -41 32767 2894 -21997
-1261 -1547 115 32767 2810 -22862
-1208 -1284 293 32767 3060 -22470
-1343 -1410 200 32767 3960 -21369
-1203 -1566 146 32767 5569 -17551
-1144 -1878 67 32767 6197 -14008
-1107 -2508 65 32767 6877 -8279
-1453 -2763 206 32767 7185 -5328
-2066 -2863 162 32767 5266 -3919
-2806 -3161 -132 32767 -1539 -5252
-2945 -3355 -246 32767 -7484 -6607
-2956 -3526 -387 32767 -15139 -8714
-2987 -3462 -337 32767 -17913 -10111
-3102 -3410 -304 32767 -18087 -12318
-3314 -3249 -400 32767 -16160 -13827
-3422 -3122 -454 32767 -10547 -15973
-3545 -2894 -437 32767 -3299 -17600
-3811 -2652 -533 32767 1515 -18348
-3740 -2477 -631 32767 8932 -17751
-3412 -2241 -774 32767 15724 -14433
-3173 -2215 -992 32767 18082 -10861
-3294 -2302 -1180 32767 16984 -4682
-3302 -2045 -1531 32767 14043 -355
-4152 1068 -4859 -32768 15697 32767
-2679 1429 -3441 -32768 22322 32767
-1764 1396 -2152 -32768 32767 32767
-657 -78 -1324 -32768 7918 32767
465 -953 2087 -32768 32767 32767
-1444 -1199 1233 -32768 32767 32767
-974 -2061 2467 -32768 32767 32767
-1035 -1482 3033 -32768 32727 32767
-744 -1180 3059 -32768 10554 32767
-146 -910 2709 -32768 2851 32767
18 -563 2227 -32768 -98 31933
48 -300 1542 -32768 857 31011
-241 -193 1156 -26121 1854 29575
-529 -317 987 -21341 19 27289
-893 -730 775 -19951 -2589 25524
-1008 -911 676 -19655 -6137 23169
-953 -876 476 -20027 -6081 21618
-931 -791 60 -19791 -4250 20949
-1032 -815 -206 -18296 -44 19876
-1115 -760 -377 -16842 3390 19007
-1144 -763 -275 -14880 8221 17533
-1167 -883 100 -13524 11678 15782
-1263 -774 442 -12453 12372 13152
-1561 -741 741 -11718 11344 10687
-1663 -719 1001 -10543 9028 6688
-1717 -703 1221 -9585 7831 4198
-1823 -623 1441 -8390 7800 766
-1653 -389 1763 -7612 10158 -1514
-1723 -246 1959 -7067 11987 -2721
-1700 -214 2043 -5702 14764 -4269
-1742 -103 1960 -4109 16824 -5294
-2112 -102 2019 -1401 19867 -7562
-2479 -187 2091 904 20763 -10870
-2926 -249 2308 1649 19411 -13178
-2958 -277 2472 1532 15517 -15719
-3115 -19 2429 599 11268 -17631
-3128 123 2351 9 9350 -18421
-3135 1 2031 -192 8112 -18886
-3222 -163 1620 522 6639 -19269
-3146 -196 1410 2318 5587 -19160
-3128 -487 1068 4037 4718 -19121
-3161 -650 841 7123 2882 -19297
-3020 -753 653 9182 1746 -19409
-3187 -950 540 11995 287 -20036
-3179 -1084 505 14154 -1317 -20650
-2713 -1153 477 15790 -2046 -19779
-2146 -1243 416 16789 -1751 -18369
-1850 -1255 357 18395 -573 -15781
-1580 -1275 185 19645 -44 -14179
-1474 -1387 78 21919 -430 -12482
-1418 -1631 161 23858 -1840 -11648
-1493 -1886 158 24949 -2782 -11796
-1686 -1809 233 25903 -4378 -13566
-1768 -1721 412 26034 -5243 -15400
-1787 -1706 351 26211 -5780 -18530
-1672 -1556 292 26426 -5305 -21462
-1425 -1387 266 26533 -4614 -22871
-1286 -1320 277 26762 -2857 -24191
-1050 -1193 486 26728 -1253 -24428
-844 -1117 946 26222 1245 -23743
-702 -1068 1047 26187 3100 -22095
-833 -922 1018 27048 3612 -21252
-877 -760 1193 28784 3514 -20704
-1136 -495 1549 29742 3321 -21072
-1670 -83 1861 30506 3187 -23011
-2157 142 1751 31822 1907 -26333
-2600 349 1443 32767 -1004 -28633
-2804 524 1314 32767 -7310 -31285
-2938 902 1284 32767 -9682 -31971
-3219 1147 1108 32767 -6286 -31561
-4000 1437 540 32767 3304 -29896
-4641 1753 41 32767 10148 -28214
-5496 1966 -849 32767 14476 -25843
-6165 1342 -1715 32767 13129 -20520
-6163 576 -2116 32767 7921 -11849
-6036 -631 -2840 32767 5698 -4524
-6098 -1107 -3582 32767 6822 6761
-6322 -2397 -4320 32767 10957 16659
-6701 -3812 -4687 32767 14688 21600
-7030 -4475 -4714 32767 23105 25628
-7213 -5458 -4311 26859 27770 26348
-7515 -6050 -4134 861 28680 24748
-8092 -7140 -3880 -26630 21372 22463
-8115 -7458 -2792 -32768 14718 22456
-7414 -7594 -1909 -32768 5103 29258
-5833 -7831 -875 -32768 -2280 32767
-5300 -8077 -902 -32768 -19060 32767
-5744 -8513 -1071 -32768 -32660 32767
-7267 -9265 -177 -32768 -32768 32767
-5825 -8969 -436 -32768 -32768 32767
-5475 -8914 -1143 -32768 -32768 32767
-4702 -8694 -1976 -32768 -27701 32767
-2913 -8521 -762 -20571 -11264 32767
-1986 -8007 28 -5524 9240 32767
-1089 -7198 1480 -1809 18116 32767
-685 -6740 2312 -2910 24168 32767
-225 -5988 2728 -5999 26799 32767
-18 -5327 2275 -6649 28134 32767
207 -4733 1897 -5213 29207 32767
840 -4016 1632 -3523 29534 32767
1348 -3579 1618 -1573 29596 32767
2054 -2849 1572 -753 29387 27182
2256 -2329 1496 -725 29225 21674
2225 -2144 1413 -1209 28233 13085
1991 -1993 1487 -2084 26840 7201
1648 -1891 1527 -3936 23642 -2135
945 -1800 1536 -5264 21045 -8536
479 -1726 1462 -7106 17135 -17844
-472 -1634 1481 -8787 14873 -26681
-1363 -1496 1355 -9359 14762 -31932
-1905 -1471 1155 -8646 15959 -32768
-2493 -1529 1055 -7330 18097 -32768
-2744 -1658 1051 -4580 21838 -32768
-3148 -1748 1104 -1861 22735 -32768
-3490 -1496 1083 -464 21138 -32768
-3847 -1417 1155 460 16863 -29480
-4186 -1515 1250 602 14526 -26396
-4477 -1419 1271 757 13152 -23499
-4983 -1106 1270 1090 13773 -23105
-5138 -942 1333 2006 16334 -24051
-5208 -588 1394 3401 18120 -25565
-5030 -140 1514 4486 18216 -26253
-4793 136 1472 6494 16441 -26122
-4348 508 1396 7842 14012 -25160
-3946 670 1408 9417 10157 -22225
-3306 788 1389 10215 8316 -19449
-2939 773 1332 11198 6521 -14741
-2536 631 1211 12028 5702 -10518
-2283 559 1184 12384 5337 -8258
-1933 527 1170 12577 4466 -5993
-1686 547 1254 12408 3451 -5235
-1432 515 1258 12375 251 -5137
-1263 471 1132 12604 -2698 -5813
-1202 402 999 13516 -6668 -7986
-1012 265 879 14321 -7956 -9998
-960 224 743 15704 -7295 -13921
-997 -62 643 17257 -3612 -18822
-1025 -5 457 18532 -607 -22390
-997 -126 403 20792 3814 -27537
-931 -451 332 23299 7297 -31629
-869 -739 333 25903 10062 -32768
-914 -908 265 27715 12007 -32768
-1053 -1023 264 30140 15095 -32768
-1215 -1227 190 32288 17012 -32768
-1377 -1413 67 32767 16796 -32722
-1406 -1528 41 32767 12681 -29361
-1221 -1549 301 32051 9050 -26333
-1251 -1590 478 28694 5641 -21728
-1362 -1837 525 26448 4087 -18826
-1661 -2422 369 24719 2440 -16232
-2040 -2705 187 23652 -310 -13803
-2551 -3023 -78 24441 -2251 -13180
-2958 -3102 -401 25963 -2961 -13549
-3047 -3068 -512 29045 -2887 -14427
-2982 -3144 -541 32206 -862 -14941
-3095 -3096 -488 32767 2486 -15460
-3213 -2950 -406 32767 5194 -15880
-3190 -2701 -194 32767 9652 -15903
-2963 -2292 -85 32767 12621 -15287
-2865 -2049 -15 32767 17010 -13765
-2778 -1771 -42 32767 20371 -11541
-2682 -1516 -142 32767 22570 -8718
-2773 -1269 -362 32767 23621 -6770
-2823 -1145 -399 32767 24468 -3710
-2946 -1041 -463 32767 22738 -1641
-3044 -924 -597 32767 14190 1385
-3301 -818 -845 32767 5988 3172
-3595 -828 -1110 32767 -3904 5154
-4040 -648 -1643 32767 -5821 6263
-4492 -351 -2238 32767 -2601 6818
-4606 -47 -2587 32767 5862 8382
-4522 290 -3198 32767 11462 10421
-4408 472 -3807 32767 14758 14708
-4617 624 -4992 32767 9865 19282
-4801 142 -5858 32767 4359 24163
-5852 -228 -6079 30086 5405 26060
-7035 -1542 -5202 5358 15436 28577
-6783 -1780 -3633 -18942 23047 30562
-6500 -1940 -2862 -32768 25513 32767
-5797 -2106 -2296 -32768 20084 32767
-5323 -2302 -1867 -32768 14136 32767
-3939 -2772 -1350 -32768 17560 32767
-3289 -3379 -415 -32768 22709 32767
-3459 562 -6114 -32768 27082 32767
-2113 -3892 3122 -32768 32767 32767
-1807 -3899 3223 -32768 30836 32767
-1910 -3786 2546 -32768 21741 32767
-1686 -3844 2199 -32768 4265 32767
-1113 -3754 2081 -32768 -3941 32767
-121 -3742 2268 -32768 -7322 32767
427 -3458 2231 -32768 -5044 32767
615 -3256 1980 -22816 1182 32767
768 -2870 1713 -14754 6958 32767
587 -2438 1430 -11035 7371 32767
275 -2468 1082 -9920 4660 32767
98 -2539 807 -8644 1405 32767
-69 -2394 527 -7872 1392 31810
-165 -2275 468 -7021 4602 21668
-194 -2026 793 -7190 10433 12807
-222 -1813 1069 -7636 14296 7651
-311 -1550 1381 -8140 19107 921
-447 -1247 1689 -8290 21747 -3047
-619 -1039 1872 -8276 24810 -8461
-734 -636 2124 -8205 25942 -11369
-833 -448 2246 -7831 25950 -14825
-1081 -333 2248 -7054 25175 -16713
-1253 -138 2227 -5186 23894 -19099
-1586 83 2195 -3019 23355 -21048
-1908 -102 2340 -1591 23273 -22025
-2246 -107 2346 509 21917 -23267
-2633 212 2345 1773 19777 -24148
-2872 261 2313 2136 18432 -24439
-3098 84 2156 2356 15929 -24232
-3168 -109 1982 2518 13268 -23878
-3395 -53 1638 2695 8781 -23591
-3287 111 1401 2687 6698 -23333
-3593 -174 1213 3103 3644 -23949
-4100 -586 736 4127 1390 -25049
-4067 -647 470 6496 -17 -26314
-3856 -626 386 9095 1959 -26143
-3369 -594 356 11416 6214 -24117
-3090 -548 304 12884 9297 -22080
-2649 -466 319 14695 13434 -18578
-2524 -566 290 15846 14911 -16578
-2526 -711 216 17560 13140 -14350
-2331 -888 220 18560 9503 -13153
-970 -825 255 28650 3555 -14047
-1122 -828 546 29363 3920 -15775
-1193 -861 786 29538 2807 -18618
-1333 -853 915 29198 -511 -21302
-2308 -133 482 32767 7253 -23357
-2636 35 460 32767 9411 -23942
-2988 184 467 32767 8762 -24649
-3209 245 283 32474 19370 -13149
-6010 -1686 -2380 30526 20485 -9721
-5605 -2289 -2765 25748 18751 -1244
-5590 -3079 -3266 19900 16101 10475
-5288 -4302 -4215 15611 16540 20188
-5097 -4776 -4359 6142 20565 32767
-5167 -4994 -3951 -9078 23714 32767
-5971 -5824 -3115 -30111 22104 32767
-6770 -6401 -2298 -32768 17751 32767
-6779 -7127 -2029 -32768 7592 32767
-6787 -7687 -1707 -32768 -3544 32767
-7091 -8468 -1547 -32768 -11707 32767
-6993 -8897 -1908 -32768 -25311 32767
-8131 -9886 -3438 -32768 -30541 32767
-5940 -9029 -1031 -32768 -32768 32767
-5116 -8838 -1459 -32768 -32768 32767
-4434 -8520 -2274 -32768 -32768 32767
-3319 -8322 -1926 -28714 -18534 32767
-2511 -8107 -1192 -7717 11132 32767
-1288 -7362 119 2814 32767 32767
-204 -6482 1670 4103 32767 32767
397 -5819 2412 976 32767 32767
571 -4775 2866 -3445 32767 32767
307 -4313 2609 -5215 26306 32767
321 -4018 2286 -5820 15611 32767
1115 -3619 1687 -5157 14875 32767
1687 -3308 1468 -3872 20627 18844
2041 -2707 1291 -2874 27558 5765
2056 -2267 1292 -2402 29439 -2081
1932 -1967 1349 -2205 27873 -12218
-4131 -1244 993 -553 19820 -32768
-4436 -1248 980 -431 17023 -30643
-4743 -1318 964 -240 13735 -27028
-4881 -1311 1056 -14 12937 -25049
-4956 -1122 1151 537 14382 -23499
-5055 -707 1355 1270 17389 -23491
-4955 -309 1575 1804 18446 -23658
-4705 -99 1722 2638 17376 -22834
-4139 116 1728 3534 15222 -21199
-3579 269 1545 5707 10894 -17531
-3278 309 1455 8647 6821 -13408
-2858 344 1375 10631 4776 -10800
-2718 347 1440 13059 2722 -7850
-2551 267 1376 14348 1790 -6608
-2305 309 1326 15777 735 -5690
-2180 355 1341 16549 5 -5869
-2071 331 1211 16969 -543 -6661
-1972 278 1102 17728 -1287 -8740
-1892 69 934 18238 -1218 -10532
-1873 294 844 18969 248 -13952
-1840 511 726 19375 1799 -16754
-1689 377 757 19633 4912 -20969
-1369 257 758 19694 8015 -24192
-836 62 1150 19128 9911 -25340
-873 -3 667 19486 10805 -26387
-581 -30 597 20208 9756 -26294
-440 -27 417 20926 8576 -25888
-262 -155 475 21917 7443 -24551
-201 -335 330 22712 6603 -23491
-181 -283 472 23164 86 -20232
-87 -632 588 22502 -1944 -18950
-196 -981 582 21368 -4162 -17424
-538 -1540 463 20812 -4661 -16896
-734 -2005 418 20638 -3567 -16794
-1241 -2582 188 21893 -1711 -18018
-1698 -2933 18 23618 -155 -19701
-2428 -3496 -224 27627 2622 -22889
-2621 -3889 -383 30933 5005 -24576
-2832 -4313 -428 32767 8916 -26260
-2855 -4578 -538 32767 12230 -26235
-2768 -4563 -451 32767 14338 -25390
-2777 -4389 -375 32767 17371 -23864
-2861 -3903 -203 32767 18994 -22899
-2787 -3593 -43 32767 21145 -21254
-2861 -3180 147 32767 22220 -19808
-2950 -2871 184 32767 22072 -18927
-3033 -2728 201 32767 20155 -17441
-2973 -2535 72 32767 15931 -15190
-2923 -2209 -241 32767 12873 -13113
-2828 -1963 -381 32767 8966 -9033
-3023 -1657 -779 32767 5534 -4738
-3467 -1456 -1190 32767 4235 -2501
-4157 -1308 -1860 32767 4796 136
-4955 -1206 -2600 32767 6704 1607
-5333 -1187 -3099 32767 10169 4615
-5535 -1083 -4074 32767 12266 7773
-5549 -837 -4693 32767 14559 14528
-5565 -829 -5987 32767 13268 23475
-5965 -1265 -6846 32767 11229 29426
-6507 -1514 -6995 27977 7234 32767
-7604 -1484 -6017 -6826 10907 32767
-7849 -1406 -5008 -32768 19288 32767
-6890 -1644 -4505 -32768 31158 32767
-4579 -1597 -3289 -32768 32767 32767
-2854 -1554 -1982 -32768 32767 32767
-1560 -1450 -127 -32768 32767 32767
-1991 -2393 2157 -32768 14626 32767
-3608 -2635 1501 -32768 20575 32767
-3155 -4047 2385 -32768 21629 32767
-2655 -3927 2729 -32768 20503 32767
-1803 -3450 2441 -32768 10884 32767
-857 -3072 2432 -32768 4487 32767
-384 -2910 2272 -32768 -2670 32767
81 -3004 1755 -27047 -7878 32767
165 -3080 1223 -18777 -10130 32767
195 -3034 1058 -10237 -10754 32767
-161 -3013 934 -6518 -8296 32767
-628 -3150 664 -5823 -3378 32767
-945 -3103 294 -5886 1141 32767
-903 -3073 147 -5772 9217 24902
-698 -2975 277 -5664 14906 18876
-658 -2683 555 -6042 22479 10408
-556 -2208 1009 -6447 26326 5293
-445 -1693 1443 -6972 29715 -1213
-454 -1299 1716 -7474 29811 -6613
-483 -648 2195 -8306 28136 -10774
-576 -157 2472 -8711 26818 -12739
-681 17 2539 -8352 25559 -14713
-842 217 2461 -6776 24859 -15688
-1119 383 2372 -5132 24070 -16185
-1397 515 2346 -2474 22146 -17236
-1996 570 2438 -1050 20989 -18398
-2456 466 2476 477 19154 -20740
-3038 223 2215 1903 16092 -23091
-3225 203 1807 2924 13725 -24044
-3195 258 1679 3823 11818 -24463
-3674 35 1559 3914 11228 -24879
-3978 -256 1460 3669 9746 -25485
-4044 -511 1251 3688 7669 -25241
-3775 -458 938 4103 6791 -24385
-3461 -389 771 5207 6941 -22187
-3569 -553 676 6257 6883 -20996
-3701 -791 647 6771 5987 -20674
-3499 -788 643 7412 4485 -19778
-2950 -700 525 8496 3406 -17543
-2299 -752 402 9576 3456 -15371
-1955 -753 285 11905 4687 -12002
-1661 -632 87 13812 5618 -10135
-1405 -647 -39 16842 6372 -8034
-1261 -682 -50 19649 6686 -6668
-1127 -828 13 21304 6674 -6191
-1057 -1156 36 23692 5366 -6086
-1036 -1207 110 25367 2559 -6836
-1045 -1067 197 26024 481 -7954
-1064 -1008 289 26384 -2489 -10347
-1197 -1113 352 26251 -5364 -13363
-1333 -1122 485 25866 -7128 -15668
-1528 -1097 631 24872 -9555 -19631
-1625 -1135 754 23710 -11673 -23231
-1636 -1158 841 22991 -12804 -25068
-1525 -1154 890 22280 -13703 -26531
-1289 -1142 779 22697 -13616 -26219
-1257 -1241 777 23705 -12494 -25514
-1342 -1371 733 26591 -6723 -24326
-1496 -1150 568 29472 -145 -23637
-1624 -854 328 32767 10056 -22825
-1831 -595 71 32767 15318 -22350
-2000 -550 77 32767 19959 -21752
-2126 -356 363 32767 20261 -21074
-2183 -95 590 32767 18056 -20621
-4689 -828 -1254 32767 4393 -11738
-5033 -1292 -1453 31735 8985 -8577
-5537 -1516 -1679 30746 11254 -6877
-5751 -1578 -1881 29057 14163 -4653
-5665 -1558 -2133 27514 15857 -1508
-5273 -1868 -2691 26717 16685 1885
-4846 -2201 -3002 25261 17297 9351
-4525 -2818 -3341 22171 17092 18405
-4463 -3828 -3353 15597 16673 27511
-4389 -4457 -3249 8819 17557 32767
-4550 -4734 -3225 -4587 19001 32767
-5615 -5634 -2750 -21943 20138 32767
-7129 -6826 -2209 -32768 18367 32767
-7083 -7387 -1739 -32768 12025 32767
-6711 -7659 -633 -32768 5440 32767
-6758 -8229 -470 -32768 821 32767
-6710 -8811 -576 -32768 -8941 32767
-6289 -9281 -996 -32768 -18138 32767
-4740 -8550 4572 -32768 -32071 17353
-5697 -9111 -793 -32768 -22032 32767
-5087 -8983 -1221 -32768 -12517 32767
-4009 -8856 -1368 -32768 -1420 32767
-2902 -8272 -224 -22828 6063 32767
-2128 -7900 694 -9962 15772 32767
-1206 -7142 2014 -5124 19400 32767
-343 -6383 2670 -3942 18216 32767
279 -5493 2630 -3612 17436 32767
277 -5047 2366 -2701 17565 32767
458 -4603 1814 -1744 19640 32767
669 -3835 1715 -1760 23165 32767
861 -3464 1588 -2218 28717 24667
1170 -2949 1303 -2051 32058 8882
1295 -2591 1268 -1720 32767 -419
1566 -2103 1197 -1216 32757 -11493
1478 -1596 1384 -1842 30748 -19658
1161 -1238 1591 -2804 29047 -23838
690 -1124 1617 -4523 25568 -29060
-175 -1068 1685 -6219 22727 -32768
-1285 -1078 1485 -6713 21693 -32768
-2046 -1196 1212 -5840 20329 -32768
-3089 -1420 811 -3414 18830 -32768
-3725 -1388 724 -1695 18172 -32768
-4366 -1120 801 417 18382 -32768
-4604 -1039 957 1556 20082 -32768
-4793 -1068 995 2071 20474 -32768
-4875 -1007 1014 2474 20960 -32768
-4965 -893 1181 2465 21798 -31609
-5008 -735 1314 2318 22934 -27143
-5067 -393 1420 2686 22811 -23583
-1985 495 1135 18916 -10614 4304
-1846 601 1018 21034 -11907 4305
-1779 616 787 22554 -11678 3479
-1657 442 724 24503 -8527 1417
-1504 290 778 25689 -2605 -1300
-1478 483 651 26289 1650 -3607
-1388 409 546 27003 7223 -7443
-1212 230 502 27175 11657 -11234
-996 103 712 26942 13860 -13394
-897 -68 582 27029 15573 -16203
-857 -128 454 27472 14319 -18610
-828 -145 354 27585 11981 -19999
-780 -218 356 27225 7734 -21629
-703 -306 492 26425 5266 -22368
-661 -426 572 24592 2356 -22696
-633 -732 514 23285 570 -22355
-640 -941 436 21468 -2164 -21235
-801 -1211 347 19804 -5425 -19883
-1019 -1760 220 18802 -9066 -18410
-1487 -2423 -145 18953 -11852 -17863
-1933 -2723 -462 20408 -16059 -18452
-2394 -2971 -659 21661 -18148 -19404
-2518 -3229 -704 23557 -19053 -20597
-2605 -3570 -759 25478 -17315 -21117
-2756 -3837 -729 26792 -14616 -21248
-2875 -3893 -744 28893 -8384 -21244
-2934 -3761 -750 31141 -311 -21138
-2916 -3381 -740 32730 5425 -20989
-2849 -3099 -727 32767 13038 -20463
-2782 -2668 -689 32767 18234 -19599
-2697 -2275 -579 32767 20368 -18861
-2671 -2047 -486 32767 21746 -17692
-2620 -1818 -339 32767 21613 -16812
-2584 -1708 -221 32767 20448 -15345
-2602 -1519 -134 32767 18912 -13856
-2673 -1359 -257 32767 17716 -12816
-2637 -1269 -353 32767 14606 -10641
-2735 -1140 -642 32767 10873 -8862
-2982 -960 -1093 32767 2766 -6137
-3283 -923 -1404 32767 -5396 -3817
-3773 -1068 -1844 32767 -9084 -2032
-4579 -1041 -2469 32767 -7187 -1307
-4950 -823 -2760 32767 2253 234
-4982 -372 -3157 32767 14413 4525
-4761 85 -3800 32767 20578 9110
-4630 382 -4523 32767 21563 17748
-4974 276 -5582 32767 11634 25870
-5566 -214 -5934 32767 5091 29785
-6546 -1286 -5478 18322 3685 32767
-8098 -1805 -3891 -27127 15808 32703
-8562 -1386 -3005 -32768 23564 30827
-6374 -1128 -3004 -32768 28289 32767
-4373 -946 -3020 -32768 30176 32767
-2363 -860 -1881 -32768 31356 32767
-3989 -53 -3495 -32768 31401 32767
-2510 -1901 808 -32768 31096 32767
-2773 -2749 1427 -32768 28283 32767
-2697 -3162 1929 -32768 26382 32767
-1856 -3064 2359 -32768 22936 32767
-739 -2875 2532 -32768 19449 32767
-192 -2602 2374 -32768 12242 32767
311 -2463 2017 -32200 4657 32767
487 -2640 1681 -27076 641 32767
515 -2689 1588 -22123 -2773 32767
131 -2233 1318 -20506 -3275 32767
-379 -1984 701 -19051 -2806 32767
-469 -2110 209 -16983 411 25252
-494 -1935 -42 -13962 5956 14665
-443 -1782 -30 -10881 12719 6765
-352 -1615 206 -9140 17541 3117
-458 -1454 424 -7286 23462 -947
-785 -1221 870 -6809 25622 -3123
-1036 -994 1258 -7039 25856 -5572
-1075 -861 1465 -8064 24586 -6674
-1341 -675 1752 -8950 24023 -7190
-1720 -524 1867 -9868 24198 -8420
-1813 -397 1898 -9716 24469 -9404
-1776 -156 1939 -9088 24320 -9750
-1936 25 2111 -7858 24011 -10450
-2146 -28 2203 -6447 23070 -11895
-2583 111 2321 -5502 21961 -13314
-2554 322 2402 -4562 20816 -14968
-2677 356 2320 -3713 19636 -16432
-3203 4 1914 -2687 18129 -17882
-3417 -75 1555 299 15141 -20361
-3413 -147 1066 4641 13211 -22104
-3165 -143 802 7701 13473 -22656
-3204 -108 627 11879 14210 -23479
-3633 -338 406 14891 11037 -24910
-3820 -622 378 15829 7060 -25703
-3741 -741 460 15415 1917 -25921
-3275 -748 595 14257 479 -25098
-2804 -694 666 11923 1434 -22151
-2264 -644 542 10206 3825 -18306
-1969 -695 243 9912 5075 -15873
-1670 -726 25 10517 6291 -12610
-1591 -767 -81 12156 6498 -10371
-1675 -925 -229 13676 5823 -9707
-1843 -1198 -265 16136 3135 -9860
-2030 -1322 -233 18174 -1662 -11511
-2067 -1272 -193 19212 -5056 -13097
-1914 -1066 -150 20226 -8745 -15416
-1623 -868 -33 20489 -9678 -17033
-1359 -843 89 20380 -9077 -17458
-1240 -853 160 20005 -7465 -17442
-1260 -988 367 19392 -6144 -17288
-1413 -1054 442 19059 -5780 -17472
-1561 -967 547 18458 -6284 -18425
-1568 -869 749 17656 -7172 -19209
-1267 -943 923 17227 -7451 -19139
-1080 -1017 1016 17116 -7750 -18111
-800 -1390 1411 17648 -6700 -17086
-1432 -1229 1119 20977 -1699 -17467
-1474 -614 1372 25347 5365 -19618
-1894 16 1422 32581 16317 -22763
-2100 57 1297 32767 22575 -23884
-2348 517 1553 32767 24077 -24005
-2724 782 1647 32767 19169 -24260
-3471 1029 1711 32767 10701 -24586
-3681 1025 1617 32767 -2421 -24138
-4183 1171 1156 32767 -7262 -22919
-4857 1302 98 32767 -5403 -21559
-5229 1409 -553 32767 912 -18387
-5777 1304 -1474 32767 5320 -15449
-5863 1017 -1870 32767 9588 -8781
-5910 -23 -2509 32767 9506 -2692
-5881 -850 -2746 32767 10248 8266
-5625 -1607 -3181 32767 15548 20125
-5371 -2379 -4176 32767 19679 27610
-5595 -3766 -4845 32767 21965 32767
-6343 -4854 -4948 32767 19439 32767
-7082 -6428 -4735 14198 18528 30058
-8520 -7280 -4406 -8281 18120 20542
-9694 -8225 -3526 -25594 16473 14871
-9182 -8821 -2412 -32768 12240 15395
-6865 -9035 -1045 -32768 1285 30316
-5381 -8922 -531 -32768 -7619 32767
-5285 -9118 -854 -32768 -22394 32767
-6172 -9471 -1044 -32768 -29317 32767
-5739 -10012 5332 -32768 -32768 32767
-6062 -9021 1090 -32768 -19791 32767
-4431 -9007 1384 -32768 -6568 32767
-3199 -8552 1068 -32768 4383 32767
-2533 -8147 865 -32170 4163 32767
-1493 -7394 1483 -21602 8331 32767
-732 -6502 2153 -16859 13844 32767
-403 -6038 2419 -12248 23678 32767
-74 -5398 2549 -9378 32432 32767
123 -4771 2441 -7938 32767 32767
304 -4434 2422 -6653 32767 32767
550 -3956 2316 -6293 32767 32767
739 -3692 2137 -5714 32767 32767
1038 -3384 1874 -4734 32767 29377
1196 -2953 1633 -3531 27188 23388
1197 -2549 1472 -2911 23162 19365
1142 -2379 1478 -2808 18521 13113
957 -2106 1529 -3403 16576 8659
768 -1888 1569 -4769 15034 1806
573 -1723 1466 -5783 13865 -4721
-139 -1602 1348 -6228 12917 -9526
-670 -1482 1442 -7059 13585 -17204
-1264 -1211 1487 -7388 15856 -22010
-1758 -1107 1373 -6767 20457 -28124
-2192 -1032 1336 -4870 23871 -32768
-2850 -839 1351 -2244 26121 -32768
-3441 -803 1374 -215 26898 -32768
-3814 -874 1360 2895 25481 -32768
-3125 840 977 9258 7266 -9924
-3013 822 788 10113 7294 -9326
-2944 859 811 11254 5906 -9931
-2878 748 1020 11616 4004 -11202
-2878 618 1015 12173 -540 -13989
-2561 666 975 12534 -4937 -16897
-2268 782 1047 12558 -6521 -18660
-1961 651 1089 12659 -6657 -20107
-1519 295 1096 12986 -5695 -20035
-1255 98 980 14433 -3042 -18762
-909 -104 800 16936 107 -16613
-818 -137 524 19189 1789 -15293
-781 -126 376 23064 3474 -13898
-652 -198 296 26603 4701 -13204
-564 -256 271 28389 6260 -13290
-628 -201 328 29867 8313 -14289
-729 -403 261 30345 8723 -15480
-670 -658 291 30253 7791 -17537
-669 -775 322 28952 5464 -19783
-718 -1160 390 27519 3052 -21304
-627 -1641 482 25093 784 -22803
-300 -2441 299 24313 1199 -23020
-820 -2791 -210 25225 1296 -23997
-1552 -3080 -305 27445 1002 -28011
-2449 -4087 -307 30094 938 -32768
-2751 -4922 -482 32219 574 -32768
-2853 -5047 -504 32767 776 -32768
-2650 -4905 -426 32767 2717 -32768
-2480 -4942 -366 32767 7651 -32768
-2527 -4875 -276 32767 11035 -31999
-2526 -4560 -201 32767 15805 -27599
-2810 -3935 47 32767 19801 -24317
-3332 -3579 152 32767 21618 -23085
-3502 -3370 174 32767 23501 -21697
-3664 -3113 86 32767 24650 -19862
-3713 -2950 -216 32767 23699 -17892
-3640 -2772 -458 32767 19272 -13278
-3522 -2504 -1008 32767 13748 -7059
-3937 -2344 -1783 32767 10603 -2743
-4348 -2481 -2347 32767 6955 3698
-4869 -2664 -3077 32767 5324 10487
-5035 -2249 -3665 32767 6413 15428
-5169 -2307 -4391 32767 9192 23952
-5448 -2302 -5465 32767 10465 29991
-5809 -2225 -5837 32767 16068 32767
-5869 -1773 -5972 25387 23535 32767
-6402 -962 -6108 3282 24285 32767
-6397 -64 -6086 -32768 26385 32767
-5099 571 -6071 -32768 32767 27139
-2841 928 -4748 -32768 32767 30223
-577 1245 -1341 -32768 32767 32767
373 1497 505 -32768 17412 32767
1328 586 3977 -32768 32767 32767
-532 1 1912 -32768 32767 32767
-465 -1059 2302 -32768 32767 32767
-858 -484 2318 -32768 29267 32767
-491 -605 2506 -32768 6890 32767
-210 -514 2681 -32768 -4470 32767
-165 -79 2565 -32768 -6882 32767
-325 42 2192 -32768 -7943 32767
-722 65 1523 -29926 -10264 31935
-1040 21 1169 -27750 -11991 30093
-1179 -13 1002 -25857 -12983 26811
-1308 -259 650 -24549 -10730 23904
-1372 -543 288 -23581 -7399 22477
-1251 -556 76 -21728 -354 21366
-1206 -533 -130 -19505 7235 20760
-1260 -567 -246 -17820 11652 20270
-1238 -550 -142 -15425 17474 19311
-1307 -542 27 -13538 21469 17697
-1368 -525 400 -12768 22510 16284
-1546 -505 622 -12055 21634 13404
-1698 -444 922 -11515 18116 10361
-1740 -388 1102 -11070 15401 8564
-1670 -275 1193 -10052 12349 6831
-1546 -155 1359 -8840 10937 6385
-1652 -234 1510 -7934 10700 6295
-1899 -268 1573 -6459 11010 5470
-2144 -285 1682 -4842 11848 3924
-2183 -254 1800 -3124 14470 1753
-2506 34 1803 -2468 16008 -370
-2556 149 1887 -1969 17210 -3619
-2453 309 2017 -2062 17266 -5562
-2471 329 2007 -2317 16053 -8379
-2619 149 1685 -1754 13544 -11532
-2754 -28 1227 -614 11161 -13769
-2737 -103 950 2063 7700 -16998
-2837 -266 811 3946 5755 -19146
-2961 -427 699 6706 3366 -22309
-2928 -569 699 8840 2939 -24375
-2492 -663 697 10006 4510 -24643
-2354 -781 750 11454 8199 -24194
-2462 -987 752 12740 10778 -23818
-2375 -1127 720 13722 11560 -23517
-2211 -1240 705 15474 11156 -22732
-2291 -1409 498 17713 7637 -22489
-2212 -1391 372 19230 4299 -22355
-2088 -1426 331 21184 -153 -21772
-1979 -1513 356 22492 -3087 -20714
-1675 -1529 425 23038 -3911 -19562
-1511 -1489 417 23830 -3920 -17642
-1428 -1450 431 24407 -3730 -16585
-1409 -1448 382 25499 -3556 -15569
-1491 -1322 398 26581 -4012 -15658
-1609 -1238 583 27018 -4761 -16303
-1588 -1226 744 27299 -6152 -17694
-1709 -1097 932 26843 -8136 -19882
-1905 -880 1246 25476 -10609 -22448
-1738 -902 1441 24499 -12222 -23573
-1393 -1119 1374 24354 -13370 -23974
-1545 -1026 1297 26133 -10176 -25000
-2148 -278 1404 27927 -5365 -27097
-2382 179 1576 31470 4766 -30941
-2468 340 1609 32767 15989 -32768
-2909 435 1521 32767 21522 -32768
-3392 690 1256 32767 21423 -32768
-3726 1099 1087 32767 12340 -30327
-3819 1465 953 32767 5320 -26686
-4284 1459 465 32767 -1714 -21041
-5197 1482 -353 32767 -2836 -17780
-5752 1582 -892 32767 726 -13455
-5889 1419 -1548 32767 4503 -9664
-5937 743 -1967 32767 9365 -2141
-5921 -141 -2377 32767 12747 7052
-5453 -1593 -3285 32767 13203 14250
-5432 -2489 -3786 32767 12970 24062
-5678 -3510 -4610 32767 12228 30755
-5959 -4726 -4920 32767 12825 32767
-6411 -5969 -4677 32767 20031 32767
-7365 -7264 -4694 20331 25240 30096
-8545 -8407 -4621 -5607 28677 19969
-8598 -9948 -3657 -32768 27081 12437
-6156 -10040 -1535 -32768 22949 13531
-4954 -9777 -344 -32768 9580 23569
-3961 -10064 -209 -32768 -9146 32767
-4457 -9960 -1502 -32768 -25937 32767
-5449 -9701 -1888 -32768 -31107 11258
-4949 -9170 669 -32768 -30780 32767
-3383 -8852 2442 -32768 -25641 32767
-2915 -7968 2070 -32768 -16759 32767
-2031 -7618 1737 -32768 -4637 32767
-1345 -6896 1916 -32768 3973 32767
-817 -6531 2383 -23805 15780 32767
-251 -5906 3046 -16850 23983 32767
-152 -5208 3298 -14286 26356 32767
-185 -4765 3252 -12244 28373 32767
-107 -4073 3021 -11064 30249 32767
229 -3474 2595 -10278 30853 32767
496 -3105 2164 -8302 29423 32767
949 -2765 1742 -6296 27424 28755
1271 -2436 1547 -5467 26357 25336
1347 -2124 1433 -5201 24735 20555
1302 -1822 1311 -5518 23507 17188
1180 -1618 1196 -6444 21179 11572
1059 -1513 1130 -7517 18706 5359
812 -1344 1126 -8326 17440 882
333 -1196 1162 -9572 16726 -6198
-58 -1169 1060 -10170 16933 -13141
-682 -1105 943 -10126 18645 -19496
-1497 -1016 931 -9886 20905 -23503
-1952 -951 780 -8630 24419 -28317
-2292 -988 678 -6755 27234 -30500
-2755 -988 719 -5531 28404 -30792
-3468 -777 644 -3606 27986 -30027
-3927 -718 440 -1092 23348 -27867
-4372 -723 198 897 18533 -25359
-4438 -762 160 3731 11423 -20119
-4517 -644 302 5801 7275 -14916
-4845 -454 516 7079 6026 -11805
-4959 -69 602 7718 5922 -10764
-4949 282 640 8583 5669 -10150
-4709 682 742 9420 4548 -10195
-4399 870 857 10042 3531 -10413
-4148 1116 953 11268 1627 -11122
-3833 1256 942 12955 5 -12667
-3554 1179 917 14190 109 -14009
-2990 1233 985 15725 3845 -16040
-2467 1225 1110 16574 11272 -17869
-1710 831 1329 16995 15468 -18381
-1698 659 770 19038 17243 -19334
-1304 738 824 20395 17046 -20016
-1167 669 735 22502 13826 -21508
-1129 511 587 24334 8177 -23694
-1045 447 552 25285 2223 -25715
-683 157 694 25346 -698 -26080
-461 -113 684 25256 -3431 -25044
-300 -504 688 25241 -4200 -23641
-210 -786 698 25514 -3393 -20997
-220 -1273 652 26165 -1507 -19242
-384 -1579 608 27920 2543 -17555
-753 -2084 526 30542 6342 -17147
-1087 -2632 436 32746 8210 -17503
-1320 -2912 272 32767 9679 -18992
-1617 -2985 205 32767 10121 -21261
-1675 -2936 258 32767 11044 -23172
-1415 -2887 252 32767 11944 -23715
-1388 -2976 308 32767 13193 -23565
-1768 -3673 639 32767 14147 -22982
-2136 -4387 737 32767 14290 -22396
-2492 -4662 403 32767 11986 -21979
-3416 -4911 -90 32767 8954 -22498
-3947 -5124 -555 32767 3786 -23439
-5899 -3426 -6224 32767 -17460 32767
-7116 -2164 -5448 8900 2445 32767
-6925 -1110 -6092 -30746 25629 32594
-4483 462 -8768 -32768 26843 24482
-2352 3191 -9350 -32768 28773 23087
-670 3616 -7187 -32768 32767 30525
2437 3710 -1932 -32768 32767 32767
5648 3111 1450 -32768 32767 -8709
4109 2647 5423 -32768 32767 32767
1600 1256 5055 -32768 32767 32767
-1153 272 3220 -32768 13128 24989
-1435 528 3241 -32768 -3483 11481
-899 425 3560 -32768 -284 4661
-923 919 3073 -32768 2432 2825
-1170 1229 2598 -32768 509 2299
-1377 1212 1967 -28638 -5070 3418
-1511 1064 1668 -23493 -13991 6623
-1626 889 1286 -19872 -17483 10375
-1950 601 704 -17527 -16697 12363
-2447 298 382 -14489 -12771 13400
-2440 197 264 -13005 -5882 13837
-2319 107 225 -12843 -535 14252
-2146 -51 155 -13349 7293 15388
-1785 -169 116 -14593 15074 17073
-1457 -145 116 -15656 19593 18204
-1302 -123 87 -17104 23613 19414
-1330 -119 57 -17905 23784 19564
-1572 -142 77 -18831 19675 18636
-1636 -131 192 -19713 11939 17123
-1971 -174 488 -20801 3761 14776
-2237 -81 662 -21291 -719 12879
-2423 65 615 -20817 -5539 9779
-2725 182 443 -18819 -6751 7055
-2513 137 466 -16912 -4867 6155
-2422 -143 658 -13780 875 6008
-2375 -388 832 -10476 7971 6504
-2398 -389 1019 -7659 14127 7270
-2442 -238 1252 -6261 16852 7546
-2550 -145 1320 -4514 18226 7248
-2471 -108 1357 -2862 17005 6558
-2277 109 1327 -1386 14894 5393
-2075 355 1514 -774 13269 4281
-2045 328 1563 -174 9184 1759
-2244 204 1557 161 5291 -792
-2381 -162 1617 418 -1872 -5588
-2362 -412 1567 383 -9278 -10977
-2253 -633 1455 277 -12807 -14706
-2058 -495 1219 810 -15367 -19933
-1835 -587 675 2808 -14990 -24289
-1477 -1045 588 4692 -12699 -26235
-1397 -1506 557 8337 -6065 -28399
-1445 -2037 597 11126 156 -29768
-1462 -2246 718 15474 9409 -31741
-1754 -2502 661 20310 15770 -32768
-1729 -1971 558 32767 1441 -20895
-1840 -1825 533 32767 -4614 -17893
-1899 -1511 570 32767 -8272 -16402
-1964 -1310 560 32767 -11264 -14848
-2153 -1059 521 32767 -9737 -14142
-2383 -778 500 32767 -6241 -14072
-2557 -578 526 32767 2584 -14154
-2691 -435 528 32767 10432 -13554
-2641 -372 404 32767 13154 -12543
-2833 -260 472 32767 13124 -11142
-3389 -189 341 32767 11384 -10752
-3789 -189 29 32767 7669 -10796
-4336 6 -557 32767 4720 -11099
-4694 -169 -1270 32767 119 -11159
-4825 -549 -1805 32767 -2801 -9655
-5237 -921 -2590 32767 -2930 -8231
-5340 -806 -2817 32767 786 -5618
-5454 -578 -2784 32767 5452 -3699
-5594 -609 -2934 32767 13033 -728
-5453 -1011 -3362 32767 18108 3693
-5060 -2278 -3690 32767 20083 7693
-5187 -3043 -4080 32767 22661 12968
-5126 -4310 -4933 28144 26500 17262
-5368 -5486 -5307 13849 26160 20052
-5468 -6774 -4661 279 21619 21826
-5464 -7764 -3782 -25873 11022 25591
-5817 -8147 -2896 -32768 4501 30064
-5694 -8468 -2021 -32768 2482 32767
-5432 -8664 -1585 -32768 -1411 32767
-4938 -9299 -1599 -32768 -7718 32767
-4862 -9554 -1893 -32768 -23162 32767
-5303 -9305 -2011 -32768 -32768 32767
-5109 -9595 -92 -32768 -32768 32767
-4681 -8948 -1174 -32768 -32768 32767
-2855 -8480 -96 -32768 -32768 32767
-1610 -8136 -134 -32768 -23714 32767
-988 -7622 166 -23561 -1944 32767
-362 -6927 1117 -9668 16073 32767
43 -6234 2162 -4781 22852 32767
250 -5845 2899 -3171 26041 32767
379 -5050 3350 -4207 26089 32767
391 -4478 3198 -5825 25649 32767
337 -3949 2336 -4817 23862 32767
344 -3548 1381 -2708 22671 32767
594 -3243 1111 657 24824 32767
1156 -3013 889 2675 29129 24521
1543 -2561 1013 2648 31682 18710
1620 -2072 1143 768 32767 10511
1585 -1963 1236 -2379 30852 2847
1444 -1719 1372 -4814 27687 -2082
1195 -1514 1378 -8135 22307 -9727
758 -1306 1265 -10291 17595 -17192
174 -1225 1127 -11038 15528 -21940
-332 -1115 1153 -11378 15683 -28587
-1215 -987 1145 -10268 19515 -32768
-2083 -994 964 -8407 22620 -32768
-2789 -1012 852 -4374 25007 -32768
-3788 -1149 821 -36 23956 -32768
-4397 -1075 931 2558 22683 -32768
-4559 -961 923 5920 20553 -32768
-4811 -1048 733 8929 18162 -32768
-5050 -1047 669 10461 16760 -29517
-5331 -884 657 12005 14313 -23602
-5457 -775 748 12456 12205 -19737
-5309 -427 963 12090 11669 -18179
-5118 -158 1062 10924 11498 -16783
-4707 74 1158 10222 11183 -15842
-4170 274 1065 10555 10373 -15226
-3809 368 903 12406 8257 -14493
-3319 475 763 15172 5335 -14158
-2853 459 828 16825 3531 -14185
-2467 448 923 18495 2237 -14397
-1982 398 1007 19363 2332 -14768
-1639 318 998 19681 2925 -15320
-1418 350 1004 19871 4420 -16735
-1196 409 890 20155 4227 -18527
-1037 354 771 20481 2982 -19771
-901 308 721 21111 -60 -21104
-812 0 742 21691 -2960 -21784
-729 -112 633 22235 -4058 -22095
-693 -118 642 23046 -3610 -22641
-669 -336 698 23819 -1407 -22810
-771 -884 745 24378 156 -22793
-706 -1168 883 25165 2760 -22667
-1179 -1594 670 27330 4611 -23778
-1597 -1821 212 29699 5276 -25227
-1821 -1752 -8 32767 6201 -27623
-1975 -1968 -158 32767 7010 -28748
-1990 -2210 -200 32767 7514 -28872
-1697 -2169 251 32767 7383 -27674
-1499 -2378 598 32767 6946 -24518
-1401 -2725 682 31708 5904 -20523
-1683 -3172 345 29563 3827 -17422
-2134 -3354 -166 29420 2448 -16238
-2166 -3401 -369 30802 1476 -14839
-2338 -3567 -667 32767 2031 -13713
-2476 -3572 -860 32767 3169 -13200
-2847 -3538 -978 32767 5793 -13030
-3225 -3448 -903 32767 8457 -13241
-3410 -3312 -669 32767 14480 -13593
-3416 -2983 -405 32767 20976 -13112
-3450 -2406 -207 32767 23776 -12599
-3555 -2046 -78 32767 25323 -11730
-3511 -1802 -51 32767 23201 -9764
-3422 -1623 -116 32767 19108 -7720
-3428 -1502 -309 32767 11269 -3795
-3470 -1454 -853 32767 7345 -778
-3718 -1408 -1290 32767 5256 3637
-4177 -1351 -2124 32767 7520 7945
-4386 -1101 -3338 32767 10215 11060
-4492 -898 -4331 32767 11527 16199
-4795 -725 -5961 32767 9162 19561
-5144 -774 -6616 32767 5390 23763
-5834 -1252 -6505 32767 8703 26787
-7010 -1324 -5027 15061 13928 27399
-6549 -1305 -3151 -32768 24491 30062
-5726 -1163 -3175 -32768 27178 32767
-3811 -575 -2919 -32768 25837 32767
-1596 -452 -2571 -32768 25374 32767
-956 -620 -1666 -32768 28751 32767
-6695 326 -7053 -32768 26083 32767
-1753 -2497 2063 -32768 32767 32767
-1214 -3044 3479 -32768 32767 32767
-849 -2627 3493 -32768 32767 32767
-314 -2200 3293 -32768 32767 32767
199 -2024 3289 -32768 16608 32767
607 -1564 3028 -32768 7885 32767
614 -1273 2666 -32768 -338 32767
396 -1203 2148 -32768 -4201 32767
10 -1321 1632 -27064 -5669 32597
-165 -1366 1445 -21293 -7552 29463
-446 -1228 1088 -18092 -7707 25371
-667 -1241 682 -16610 -6342 22427
-751 -1293 401 -14353 -2369 18315
-851 -1276 128 -12718 1213 15990
-854 -1240 83 -10199 7135 13344
-1082 -1274 117 -7929 12593 10985
-1281 -1255 370 -6826 15744 9505
-1394 -1191 507 -5750 18929 7539
-1423 -924 805 -5423 19528 6744
-1555 -772 966 -5129 17179 6098
-1819 -502 1181 -4882 11816 5579
-2029 27 1503 -4981 8275 5415
-1794 303 1898 -5791 4850 6670
-1816 369 2221 -6199 3410 8777
-1972 76 2173 -5543 2730 10056
-2521 332 1811 -2530 1141 9522
-2900 471 1771 1071 -309 6595
-3325 710 1906 3153 -15 3220
-3351 823 2148 5052 3354 -2735
-3145 956 2261 5557 9116 -6749
-3029 1208 2307 5284 18704 -12317
-2811 972 1980 5947 23344 -17186
-2936 822 1609 7105 23965 -20822
-3077 774 1374 9718 21241 -26263
-3171 411 1103 12950 15404 -30559
-3011 187 834 15036 10557 -32176
-2854 57 776 16942 1250 -32576
-2616 -394 937 16989 -4069 -31938
-2351 -574 1162 15416 -8459 -30068
-2567 -899 1107 14122 -10905 -29159
-2576 -1079 912 12788 -15071 -28044
-2240 -1204 699 12396 -17138 -26294
-1836 -1378 367 13650 -16567 -24110
-1548 -1420 77 15301 -15179 -22800
-1427 -1459 -25 18554 -11977 -21196
-1193 -1526 -146 20982 -9752 -20362
-1000 -1589 15 24179 -5592 -19705
-890 -1578 249 26219 -2817 -19693
-841 -1645 268 27663 -2890 -20512
-826 -1587 399 28150 -4152 -21252
-806 -1584 410 28518 -6940 -22639
-944 -1422 419 28720 -9171 -24680
-1089 -1258 399 28977 -9793 -26353
-1071 -1167 466 29404 -9898 -28741
-1100 -1146 631 29803 -9572 -30440
-1089 -1015 698 30016 -9057 -30843
-1115 -850 1018 29644 -4693 -30925
-1206 -528 1399 29127 1444 -30624
-1474 -290 1447 29195 4016 -30480
-1655 -277 1553 29819 6809 -30501
-2054 -145 1623 30573 7997 -30738
-2989 -141 1496 32658 9165 -32049
-4050 149 1210 32767 10735 -32768
-4911 387 1072 32767 13388 -32768
-5285 579 628 32767 16677 -32768
-5503 543 193 32767 20029 -31643
-5457 184 -619 32767 19067 -26378
-5628 -209 -1131 32767 12979 -16263
-5919 -385 -1545 32767 7749 -6604
-6206 -687 -1415 32767 8833 1510
-6481 -1423 -1897 32767 11934 6089
-6549 -1897 -2784 32767 16497 12278
-6214 -2636 -4080 32767 19664 16775
-5905 -3474 -4583 32767 25995 24726
-5847 -4497 -4864 32767 31575 31922
-6385 -5129 -4488 30994 31599 32767
-6788 -5779 -3841 13710 22330 32767
-7550 -7491 -2957 -2448 13542 32767
-7701 -8494 -2194 -32768 6666 32620
-6555 -9349 -625 -32768 8722 32767
-4933 -10104 -228 -32768 5278 32767
-4647 -10917 -482 -32768 -4610 32767
-5220 -10569 -361 -32768 -24625 32767
-5933 -8727 602 -32768 -32768 32767
792 -3639 2434 -5113 23082 32767
217 -2787 1985 -2414 21665 32767
544 -2620 1871 -1518 22957 26783
1280 -2380 1667 -1687 26344 17960
1652 -1711 1661 -3302 29853 11502
1653 -1447 1458 -4441 30367 7748
1488 -1324 1446 -6186 28017 2394
1180 -1172 1524 -7236 25590 -1084
907 -1175 1448 -7954 21528 -6158
422 -1077 1350 -7603 17688 -11030
-181 -1073 1205 -6717 15415 -14115
-561 -1071 1100 -4610 13008 -18401
-1103 -954 963 -1985 11446 -22087
-1717 -957 850 -289 10648 -24227
-2112 -929 857 1531 10597 -26847
-2893 -855 857 2232 11796 -28241
-3264 -949 824 2838 13799 -29035
-3852 -1022 669 3130 13771 -28511
-4513 -1038 751 2661 12713 -27802
-4596 -1017 935 911 11771 -25328
-4474 -1029 1056 -1206 11122 -21409
-4509 -704 1109 -2333 10716 -19040
-4567 -490 1109 -2768 10646 -16826
-4657 -298 968 -1209 9877 -16368
-4674 -74 946 1649 8864 -17004
-4405 143 1117 3688 8723 -17434
-4175 273 1269 6394 9568 -17774
-3787 422 1429 8773 10569 -17601
-3341 579 1442 10389 10714 -17217
-3039 700 1303 13118 9586 -16231
-2540 819 1126 15841 7524 -14712
-2054 797 1108 17260 6056 -13449
-1797 770 1264 18274 4268 -11610
-1409 725 1483 18320 3316 -10630
-1073 596 1428 18272 1315 -9704
-907 491 1252 18822 -1781 -9591
-787 386 983 20089 -5599 -10631
-840 179 742 21229 -8408 -12104
-937 -63 472 23449 -12786 -15426
-825 -152 374 24694 -14429 -18084
-813 -33 477 25424 -12965 -22669
-895 -50 727 24697 -7844 -27517
-950 -368 818 23849 -3739 -30383
-966 -542 741 22776 1754 -32768
-830 -605 817 21846 6300 -32768
-751 -904 786 21629 9135 -32768
-955 -1202 702 22123 12199 -32768
-1169 -1544 516 22927 13146 -31754
-1339 -1810 392 24422 11711 -28941
-1495 -2167 231 25670 7219 -25222
-1613 -2530 274 25996 4302 -22384
-1566 -2942 413 25625 1806 -17461
-1794 -3499 535 25094 1463 -13234
-2300 -3812 463 25163 1896 -11511
-2660 -3984 352 26228 2242 -10847
-3097 -4175 96 27813 2235 -11271
-3231 -4269 -98 31485 2250 -12351
-3191 -4184 -252 32767 2999 -13178
-3279 -3904 -344 32767 4001 -13780
-3479 -3701 -369 32767 6590 -15101
-5680 -1335 -5665 32767 -13654 16410
-6491 -1068 -6561 32767 -6126 18099
-6604 -814 -6473 30816 10014 21793
-6257 -270 -6258 14129 16315 24635
-5496 558 -5984 -17535 18571 29134
-4620 1854 -5513 -32768 18619 32767
-3040 1962 -4765 -32768 22315 32767
-1765 1993 -3563 -32768 32767 32767
-160 2341 -369 -32768 32767 32767
-582 382 662 -32768 32767 3716
-273 1304 2559 -32768 32767 32767
-328 -601 2752 -32768 32767 32767
-882 -1052 2234 -32768 32767 32767
-1952 -764 1651 -32768 15382 32767
-1235 -658 2100 -32768 7273 31755
-815 -671 2099 -32768 3934 27744
-518 -354 1719 -31529 3825 26579
-456 -171 1396 -25054 2582 26682
-449 -233 1412 -19497 -1705 26963
-731 -549 1316 -17856 -5021 26563
-1126 -890 1086 -17215 -8807 24751
-1226 -1024 753 -17502 -8670 22195
-1126 -1027 521 -17674 -4968 19970
-928 -1006 224 -17533 -1562 18779
-1072 -955 121 -16852 3850 16207
-1352 -945 -40 -15301 8655 12843
-1392 -1003 -79 -13841 11131 10707
-1375 -1020 72 -11286 13597 7908
-1553 -946 275 -9218 14198 5086
-1663 -735 752 -8477 13781 3257
-1784 -605 928 -7926 12796 1009
-1787 -358 1232 -7980 12255 -304
-1959 -182 1524 -8302 12517 -914
-1996 -48 1655 -8713 13809 -1421
-2136 148 1729 -8315 14940 -1838
-2242 192 1715 -7429 15386 -2065
-2514 162 1559 -4667 15064 -3232
-3054 109 1296 -2013 14009 -4669
-3401 61 1242 1977 11702 -7715
-3447 121 1479 3832 10630 -9621
-3254 296 1801 4810 10541 -11405
-3000 407 1953 4845 11156 -12154
-2826 340 1807 4954 11157 -12247
-2810 221 1642 5787 9829 -12336
-2644 47 1364 7457 6465 -12284
-2397 -133 1192 8846 3435 -12216
-2387 -249 1051 11111 -1595 -12949
-2271 -360 915 13390 -5831 -14197
-1948 -463 854 14765 -7402 -14885
-1733 -588 819 16623 -7434 -15577
-1551 -850 781 18409 -5862 -16217
-1700 -1209 621 19724 -5047 -17135
-2194 -1546 522 21733 -4816 -20124
-2249 -1625 510 23252 -5454 -24087
-2317 -1580 499 24043 -6823 -28242
-2128 -1631 420 24418 -7521 -30458
-1813 -1622 383 24987 -6675 -32058
-1439 -1647 435 25593 -4010 -31783
-1405 -1776 384 26235 -2032 -31029
-1488 -1842 383 27338 149 -29782
-1640 -1870 422 28238 902 -28627
-1689 -1647 472 28620 680 -27866
-1660 -1465 544 28559 -200 -26617
-1618 -1202 633 28149 -1109 -25049
-1514 -1122 619 27912 -1475 -23720
-1647 -1091 617 27545 -2111 -21968
-1575 -939 511 27733 -2072 -19539
-1325 -1043 234 28667 -1755 -17379
-1534 -1126 70 30939 -968 -15205
-2284 -976 113 32478 298 -15406
-2742 -774 179 32767 3353 -17761
-3026 -412 142 32767 6236 -20621
-2882 -174 88 32767 7921 -21860
-2797 -7 148 32767 10968 -22617
-2848 474 368 32767 13396 -23045
-3327 803 444 32767 13453 -23505
-3674 851 295 32767 11731 -23999
-3842 883 -69 32767 9992 -23225
-3862 720 -689 32767 4599 -19697
-3888 471 -1053 32767 -3831 -13292
-4019 -165 -1446 32767 -8253 -8107
-4556 -512 -1767 32767 -8877 -1061
-4762 -329 -1920 32767 -1120 4169
-5076 -358 -2107 32767 9281 7760
-5386 -914 -2510 32767 16206 9981
-5607 -1684 -3169 32767 17002 11169
-5520 -2115 -3474 32767 15674 13677
-5400 -2717 -3830 32767 17341 16877
-5522 -3635 -4155 29993 20213 19095
-5881 -4435 -3880 20333 24932 21664
-5832 -5281 -2991 9738 27219 23247
-5543 -5913 -2644 -9849 26371 26244
-5015 -6798 -2763 -29565 20163 29912
-5148 -7530 -2620 -32768 15450 32045
-5224 -7818 -2172 -32768 11554 32767
-5745 -7810 -1114 -32768 10848 32767
-5940 -8131 -661 -32768 8597 32767
-5614 -8577 -813 -32768 4788 32767
-5265 -8629 -814 -32768 -6661 32767
-3657 -9989 -2616 -32768 7452 32767
-4629 -8238 -152 -32768 -16852 32767
-2664 -7703 2431 -32768 -32768 32767
-3003 -6890 1306 -32768 -32768 32767
-2249 -6831 405 -32768 -32768 32767
-1528 -6304 279 -32768 -21427 32767
-1115 -5879 490 -16758 4055 32767
-755 -5309 987 -8297 18942 32767
-592 -5194 1471 -1808 32767 32767
-518 -4848 2113 -1846 32767 32767
-707 -4212 2523 -4220 32767 32767
-750 -3644 2599 -9118 32413 32767
-590 -3397 2382 -13123 30744 32767
34 -3097 1961 -14624 30542 30528
389 -2840 1668 -14929 30985 24285
826 -2446 1287 -13411 32190 19233
1058 -2120 1149 -11945 32767 16058
1146 -1859 1206 -9703 32763 11108
1107 -1504 1340 -7928 29382 5698
980 -1341 1481 -6473 22933 -188
637 -1200 1559 -5654 17964 -4642
265 -1083 1607 -4762 11300 -12306
-405 -954 1644 -4410 7401 -20566
-1272 -946 1685 -4264 6994 -26192
-1795 -852 1644 -3562 9810 -32768
-2584 -895 1381 -2274 13122 -32768
-3523 -918 1253 647 19502 -32768
-4050 -915 1221 4114 25923 -32768
-4530 -1061 1226 6590 28359 -32768
-4703 -1199 1182 10163 26460 -32768
-4979 -924 1134 12820 20765 -32768
-4936 -624 1274 13746 17690 -30234
-4687 -291 1263 14656 15614 -22465
-4367 99 1147 15506 13629 -15959
-4096 249 1094 16190 9595 -10636
-3591 284 1096 16558 4658 -6294
-3200 227 1055 16715 906 -4160
-2949 203 1036 16963 -4967 -2421
-2621 259 1034 17331 -10772 -2417
-2326 258 966 17723 -14752 -3226
-2105 279 994 18224 -18661 -5902
-1935 332 1142 18105 -17973 -10231
-1690 213 1211 18091 -15505 -13544
-1599 92 771 19138 -10266 -19116
-1540 26 547 21145 -4128 -25429
-1491 -24 444 23115 2952 -31560
-1074 -189 377 24417 6443 -32768
-983 -189 288 26390 10161 -32768
-519 -342 278 27713 12437 -32768
-513 -481 139 29727 14377 -32768
-592 -518 58 31228 13468 -32614
-721 -623 169 31357 11639 -30621
-770 -811 352 29924 8263 -27491
-858 -1046 485 27222 4204 -24508
