32605 12259 -15968 0 0 0
-1191 -2147 339 32036 14614 -11253
-1362 -2367 280 31183 14954 -5704
-1850 -2736 178 30521 12056 -2978
-2581 -3101 148 30203 8969 -2836
-2956 -3395 162 29895 3616 -4225
-3314 -3730 122 29961 -1763 -5874
-3249 -3743 40 30247 -4897 -6479
-3212 -3740 -9 31142 -8142 -6458
-3189 -3698 -328 32767 -8750 -5686
-3463 -3513 -648 32767 -7411 -5158
-3595 -3332 -863 32767 -2879 -4149
-3765 -2956 -1150 32767 1701 -3113
-3752 -2636 -1274 32767 8760 -504
-3940 -2179 -1534 32767 12086 2852
-4101 -1971 -1614 32767 12250 5634
-4016 -1908 -1760 32767 10809 11104
-3989 -1664 -2596 32767 5511 17479
-4146 -1507 -3697 32767 131 21401
-4547 -1362 -4001 32767 -6817 24733
-5501 -888 -3443 26411 -4259 24216
1292 392 2898 -32768 32767 32767
-634 -925 2101 -32768 32767 31976
-1367 -1028 1710 -32768 21979 19521
-1487 -587 1792 -32768 10337 12484
-939 -428 2301 -32768 2015 6368
-730 -136 2197 -32768 -1249 4478
-639 367 1794 -32768 -3274 4642
-577 446 1482 -32768 -6355 6316
-586 469 1141 -27712 -9605 8713
-647 401 914 -23916 -11690 10272
-741 280 838 -19879 -13418 11870
-990 22 733 -18100 -13470 12190
-1198 -67 708 -16736 -12145 11699
-1497 -181 631 -16491 -9885 9883
-1738 -414 401 -16646 -7375 7650
-1743 -485 327 -16907 -5642 6357
-1660 -538 192 -17396 -2657 5088
-1410 -469 179 -17976 575 4692
-1383 -494 83 -18139 2404 4592
-1618 -555 26 -17925 3815 3964
-1843 -633 -47 -17459 3750 3428
-1841 -637 -6 -16689 2913 2941
-1854 -640 171 -16211 2068 2832
-1385 -1821 6 32767 2162 -19247
-1589 -1784 -123 32767 2821 -20657
-1895 -1696 -190 32767 1641 -23463
-1934 -1632 -134 32767 -663 -25254
-1846 -1580 -40 32767 -4982 -27140
-1555 -1401 171 32767 -7435 -27622
-1415 -1241 377 32767 -9754 -27342
-1406 -1139 526 32767 -11100 -25975
-1401 -990 569 32767 -11453 -24412
-1499 -902 578 32767 -10793 -21524
-1788 -691 478 32025 -8373 -18303
-1912 -278 529 31240 -5953 -15945
-2015 12 602 30704 -3393 -12342
-2256 259 782 30611 -3540 -10121
-2507 317 930 30758 -6287 -7450
-2876 267 944 32174 -10034 -5825
-3412 330 495 32767 -11368 -5680
-3838 465 144 32767 -9843 -6838
-4468 977 -290 32767 -6129 -8223
-4878 1369 -605 32767 2675 -10363
-5468 2094 -1098 32767 9115 -11323
-5778 2560 -1502 32767 17411 -11215
-5650 2724 -2405 32767 20258 -6432
-4878 1806 -3387 32767 19070 406
-4028 370 -3679 32767 16605 16063
-3462 -1604 -3949 32767 14999 27025
-4418 -2711 -3811 32767 9155 32767
-5146 -4490 -3337 31232 4422 32767
-6096 -5856 -4091 17537 4578 32767
-6423 -6315 -5386 -146 7013 28392
-6865 -7919 -5014 -20235 18629 18779
-7575 -8963 -4003 -32768 26345 12082
-6668 -9007 -2744 -32768 29349 7964
-4329 -8082 -846 -32768 20731 14510
-2893 -7127 -42 -32768 10212 23077
-2810 -6830 -154 -32768 -12042 32767
-3616 -6763 -1028 -32768 -27843 32767
-2506 -6215 4268 -32768 -32768 32767
-3625 -6080 776 -32768 -29767 32767
-3140 -6005 1352 -32768 -8654 32767
-2556 -5597 1359 -32768 4792 32767
-2122 -5322 1036 -32768 7886 32767
-1625 -5069 1325 -32400 11187 32767
-942 -4618 1769 -24272 13901 32767
-759 -4199 1959 -15184 17986 32767
-686 -3747 2222 -10567 21763 32767
-797 -3268 2531 -9961 24018 32767
-891 -2920 2678 -11825 26690 32767
-896 -2504 2802 -14155 27985 32767
-855 -2330 2807 -17897 29825 30103
-700 -2109 2454 -19572 30969 25224
-625 -1997 2120 -20078 32124 17983
-529 -1826 1725 -18740 32767 11173
-405 -1609 1532 -17228 32767 7013
-309 -1426 1468 -14671 32767 1737
-159 -1256 1403 -12105 32767 -2037
-54 -1121 1332 -10434 31004 -3756
-61 -993 1263 -7981 26795 -5388
-251 -879 1152 -5540 21710 -6568
-671 -932 978 -3956 17991 -7474
-1059 -956 898 -1958 12813 -9442
-1773 -923 780 -881 10427 -11244
-2431 -1038 586 593 9256 -14458
-2789 -1144 475 1917 10761 -17556
-3177 -1132 373 3124 13854 -19696
-3405 -1056 298 3863 15980 -20202
-3604 -1014 194 4987 18452 -20098
-4032 -952 112 5894 19329 -19947
-4301 -900 33 10963 -13342 -11620
-2766 565 1218 13026 -14711 -10125
-2161 758 1096 15163 -14269 -9374
-1203 35 498 32767 8815 -19187
-1947 -2004 167 32767 10327 -15977
-2011 -2335 130 32767 10829 -13286
-2316 -2734 152 32767 9953 -12100
-2478 -2990 140 32767 7075 -11058
-2721 -3357 78 32767 3072 -10652
-2760 -3457 16 32767 202 -10378
-2803 -3372 -13 32767 -3265 -9714
-2816 -3268 9 32767 -4058 -8718
-2816 -3150 105 32405 -2897 -7760
-2922 -3053 -93 32323 781 -6179
-3157 -2793 -322 32767 6171 -4638
-3284 -2440 -539 32767 9705 -3488
-3347 -2241 -621 32767 13718 -1429
-3434 -2033 -840 32767 15520 1219
-3287 -1850 -1038 32767 15180 3597
-3337 -1640 -1137 32767 12612 7476
-3468 -1336 -1290 32767 9862 10693
-4116 -1065 -1719 32767 8772 11609
-4249 -962 -2202 32767 8594 12367
-4456 -945 -3833 32767 8188 12345
-4884 -829 -5021 32767 4826 10780
-5631 -566 -5459 32767 7108 8996
-5466 -248 -5033 24358 13536 9468
-5275 680 -4806 -1232 17533 11386
-4210 1289 -3399 -32768 17697 16413
-2696 1385 -2411 -32768 16243 22574
-1962 1482 -1889 -32768 16979 32767
-1137 1634 -1285 -32768 22338 32767
-442 1114 -649 -32768 24838 32767
-3888 -748 -1645 -32768 29070 32767
-726 -44 1191 -32768 29687 32767
-688 -601 2385 -32768 24032 32767
-709 -1070 2087 -32768 16481 32767
-586 -1069 1977 -32768 12243 32767
-375 -954 1889 -32768 8506 31819
-184 -772 1836 -32768 7884 29722
-113 -613 1769 -32768 8217 27334
-168 -345 1551 -32768 8166 25189
-313 -122 1312 -32768 7497 23699
-428 -25 1214 -31131 5888 21367
-645 46 1147 -28767 4553 19714
-814 -73 1086 -26526 2410 17260
-1090 -457 941 -25218 308 14990
-1107 -604 828 -24530 -682 13898
-1185 -809 666 -23225 -1139 12613
-1170 -887 339 -21828 -709 11926
-1205 -921 215 -19198 661 10803
-1435 -1056 147 -16160 2248 9073
-1612 -1209 210 -13065 3618 6982
-1638 -1336 365 -11099 4564 5724
-1606 -1356 651 -8871 6142 4319
-1759 -1326 856 -7615 6819 3325
-1910 -1154 1126 -6090 7088 1869
-2066 -1112 1257 -4846 7164 179
-2155 -1059 1412 -3615 7362 -1081
-2181 -947 1548 -2778 7508 -1609
-2308 -907 1617 -1324 7801 -2408
-2462 -801 1662 620 8782 -3317
-2730 -746 1627 2240 9738 -4122
-2915 -746 1564 5026 11104 -5576
-3143 -652 1536 6851 11796 -6534
-2413 -734 694 18389 -3195 -11496
-2047 -772 642 20576 -6878 -12255
-1833 -929 608 21855 -7983 -12853
-1889 -1131 482 23801 -8351 -14374
-1867 -1488 400 25660 -7908 -16354
-1990 -1692 293 26828 -7484 -18077
-2006 -1714 137 28780 -6827 -20941
-1952 -1684 -50 30190 -6236 -22825
-1814 -1678 -142 32244 -4916 -25271
-1705 -1658 -209 32767 -3087 -26991
-1662 -1653 -207 32767 -1467 -28236
-1731 -1591 -200 32767 -873 -28958
-1813 -1533 -175 32767 -799 -30011
-1760 -1316 -17 32767 -998 -30314
-1590 -1180 124 32767 -1135 -29602
-1482 -963 285 32767 -654 -27588
-1389 -738 454 32767 200 -25545
-1421 -426 790 30180 2336 -22144
-5031 2174 -515 32767 9024 -8678
-5421 2706 -1256 32767 11964 -7672
-5503 2803 -1771 32767 12244 -4626
-5123 2242 -2350 32767 10587 -669
-4834 1437 -2821 32767 8005 8526
-4430 -127 -3378 32767 7300 16301
-4430 -1066 -3643 32767 10013 27565
-4406 -2237 -3959 32767 14011 32767
-4715 -3724 -3671 32767 15124 32767
-5318 -4103 -3530 21382 15552 32767
-5941 -5210 -3177 7661 16971 32767
-6124 -6496 -3337 -11704 17469 27225
-7287 -8195 -4356 -22476 14317 20481
-7742 -8776 -3881 -32768 12871 10910
-6634 -8373 -1676 -32768 15454 8137
-5148 -8009 -494 -32768 15387 13003
-3135 -7782 -28 -32768 9642 21753
-2556 -7635 -264 -32768 -8122 32767
-2978 -7271 -888 -32768 -16880 32767
-3497 -6906 -1673 -32768 -32768 32767
-3826 -6558 -37 -32768 -32768 32767
-3452 -6189 548 -32768 -27963 32767
-3033 -6091 283 -32768 -10441 32767
-2200 -6002 460 -32768 5493 32767
-1567 -5587 1138 -31051 14062 32767
-1221 -5318 1732 -23370 22956 32767
-992 -4784 2356 -19435 26870 32767
-882 -4228 2647 -18031 27552 32767
-817 -3807 2816 -17302 28054 32767
-703 -3209 2898 -17321 28890 32767
-509 -2667 2726 -17169 29278 32767
-294 -2406 2499 -16118 29241 32338
-57 -2076 2060 -14746 28694 28748
92 -1910 1826 -12180 27574 23750
237 -1653 1705 -9882 26969 18906
375 -1370 1645 -8635 26764 15707
404 -1285 1602 -7090 25221 10892
390 -1260 1580 -6324 23106 7574
279 -1237 1575 -5615 18701 2192
85 -1217 1594 -5481 15250 -1823
-435 -1142 1523 -5425 10011 -8824
-1228 -1121 1443 -5502 7046 -14127
-1797 -1053 1446 -5957 5532 -22648
-2630 -845 1390 -6000 9530 -31000
-2954 -801 1135 -4954 14908 -32768
-3018 -915 882 -1355 23118 -32768
-3425 -1166 602 2084 26394 -32768
-3536 -1009 403 7671 27059 -32768
-3824 -922 271 12530 22870 -28216
-4257 -1003 275 14669 17816 -23837
-4408 -911 403 15962 10163 -18463
-4664 -653 505 15588 4223 -15743
-4783 -452 589 14885 1706 -15289
-4718 -311 609 13776 537 -15771
-4514 -84 643 13234 1142 -16533
-4274 64 596 13154 2815 -17754
-3877 311 606 13785 3944 -18633
-3333 525 780 14262 4197 -18732
-2838 615 982 14672 4203 -17672
-2234 731 1197 14805 4121 -16464
-1681 779 1223 15417 3361 -14206
-1463 801 1087 17090 2076 -11959
-1146 742 891 18820 1144 -10657
-1427 -730 550 25671 -4532 -30189
-1275 -876 373 25093 -3184 -31082
-1166 -1087 341 24968 479 -30616
-957 -1367 153 25463 3660 -29179
-968 -1497 133 26639 9468 -26165
-1116 -1751 129 27575 13455 -23993
-1147 -2060 104 29159 18142 -20554
-1200 -2140 -87 31135 20675 -17041
-1143 -2415 -178 32466 21210 -14748
-1347 -2634 -299 32767 19266 -12346
-1885 -2784 -310 32767 13741 -12239
-2348 -2996 -252 32767 9270 -13074
-2438 -3179 -228 32767 3272 -14059
-2263 -3330 -9 32767 641 -13833
-2138 -3283 66 32767 -978 -12247
-2153 -3259 8 32767 -1088 -10712
-2229 -3287 -10 32767 -250 -8318
-2468 -3182 -118 32767 1561 -6654
-2755 -3009 -196 32767 3396 -6385
-3179 -2696 -301 32767 6678 -6801
-3344 -2463 -303 32767 8798 -7079
-3396 -2105 -338 32767 11089 -6851
-3379 -1777 -429 32767 11697 -6112
-3370 -1453 -473 32767 11262 -4157
-3419 -1297 -528 32767 9591 -1383
-3571 -1027 -615 32767 8545 717
-3613 -850 -811 32767 8239 4232
-3986 -595 -1507 32767 8995 7721
-4362 -616 -2692 32767 9456 10299
-4468 -683 -3826 32767 8828 15022
-4859 -378 -5655 32767 4142 18739
-5867 -500 -6525 32767 -606 19329
-6883 -1103 -5335 23639 -1039 17761
-6833 -837 -5057 -15808 5516 18710
-5771 -814 -5716 -32768 11595 22790
-5185 -904 -5884 -32768 19195 32767
-3722 -1025 -4965 -32768 26716 32767
-2740 -1103 -3907 -32768 30790 32767
-2217 -1618 -2220 -32768 32767 32767
-4262 -2101 1806 -32768 32767 32767
-2039 -2472 598 -32768 32767 32767
-1783 -2755 2736 -32768 32767 32767
-1911 -2740 2324 -32768 24094 32767
-1825 -2457 1820 -32768 12431 32767
-1516 -2322 1672 -32768 -2126 32767
-844 -2204 1692 -32768 -8533 32767
-413 -2150 1607 -32768 -8318 32767
-335 -2388 1456 -32768 -6240 32767
-362 -2586 1411 -25356 -1947 32767
-382 -2542 1328 -21560 1050 32767
-442 -2289 1175 -18404 4058 32767
-931 -2066 890 -17499 4359 32767
-1338 -2259 614 -16540 4632 31867
-1348 -2394 517 -15258 7288 23104
-1237 -2487 386 -13345 12209 15172
-1040 -2422 413 -11852 15967 10655
-938 -2113 683 -10023 21945 4782
-898 -1845 987 -9190 27196 15
-961 -1523 1532 -9296 29237 -2794
-1075 -1297 1834 -10094 29736 -6647
-1221 -944 2206 -10738 28839 -8970
-1251 -752 2406 -11416 26418 -11587
-1190 -656 2396 -10420 22870 -12554
-1221 -653 2194 -8473 20231 -12436
-1398 -627 1993 -3824 16989 -11954
-1866 -458 1926 -168 16012 -12119
-2269 -372 2036 4807 16883 -13575
-2668 -203 2139 8668 19223 -15758
-2930 -136 2045 10844 20022 -17419
-3295 -137 1777 13234 18562 -19785
-3697 -209 1580 14070 16201 -21350
-3835 -250 1444 14127 12161 -23245
-3807 -241 1321 13109 8378 -24025
-3768 -299 1122 12132 6250 -23958
-3705 -376 991 10585 3971 -23121
-3656 -510 797 9519 2700 -22053
-3696 -606 448 9404 2252 -21549
-3535 -642 323 10029 2233 -20539
-3043 -674 216 10824 2551 -19340
-2752 -646 214 12294 2962 -17315
-2450 -677 182 13890 2282 -15501
-2282 -762 120 15045 837 -14635
-2139 -771 46 16927 -2255 -13699
-1873 -697 23 18606 -5109 -13011
-1851 -766 16 19526 -6579 -12919
-1755 -855 69 20417 -7409 -12856
-1520 -874 175 20801 -6796 -12771
-1359 -770 134 21267 -4429 -12516
-1173 -621 123 21779 -1233 -12223
-999 -561 208 22070 1045 -12028
-1045 -585 324 22321 3860 -12250
-1364 -707 420 22454 4535 -13013
-1546 -722 417 22675 3429 -14807
-1687 -798 568 22553 544 -16583
-1702 -806 612 22455 -1829 -17458
-1652 -717 682 22336 -4818 -18001
-1546 -709 691 22842 -6804 -17321
-1520 -917 496 23921 -7657 -16250
-1720 -1030 465 26100 -7403 -14911
-2039 -937 600 28229 -4705 -14271
-2140 -675 642 29715 -2138 -14009
-2163 -438 609 32308 2853 -13598
-2090 4 750 32767 7391 -13314
-2150 299 916 32767 15325 -13330
-2274 827 1025 32767 20029 -13729
-2564 1134 1030 32767 22909 -15287
-3069 1431 965 32767 18072 -17698
-3662 1580 717 32767 12045 -19589
-3951 1675 561 32767 3307 -21516
-3991 1527 101 32767 -1951 -20908
-3852 1330 -216 32767 -7105 -16342
-4029 1333 -695 32767 -5386 -8960
-4403 1073 -1342 32767 -944 -3281
-4716 736 -1754 32767 6650 5150
-5185 77 -2439 32767 9110 10297
-6057 -7404 -2564 -32768 16823 26315
-5922 -7729 -1827 -32768 16343 24784
-5728 -7661 -690 -32768 14850 24575
-5280 -7353 -69 -32768 8938 26463
-4367 -6798 182 -32768 3173 29957
-3739 -6593 -21 -32768 -7329 32767
-4509 -5756 122 -32768 -11185 32767
-3308 -6321 -447 -32768 -12248 32767
-2521 -5943 1054 -32768 -5371 32767
-2429 -5566 1539 -32768 7646 32767
-2068 -5387 1852 -32768 14973 32767
-2044 -5249 1775 -32768 20906 32767
-1924 -5095 1698 -32768 21875 32767
-1677 -4877 1767 -32768 19691 32767
-1336 -4407 1715 -32768 13621 32767
-1004 -4039 1703 -28356 9166 32767
-796 -3752 1791 -21235 5634 32767
-534 -3366 1933 -17999 6275 32767
-453 -3183 1965 -14768 11198 32767
-338 -3062 1850 -12447 18643 32767
-324 -2974 1687 -11161 23283 31294
-323 -2848 1534 -9445 28461 27955
-215 -2502 1568 -8680 32736 23802
-276 -1948 1729 -8567 32767 20402
-360 -1784 1690 -8022 32767 14372
-386 -2187 1801 -6654 27524 7993
-578 -1806 1361 -4557 20823 3228
-1112 -1183 777 113 7314 -6341
-1574 -1188 1095 2462 3188 -13808
-1783 -901 1412 2915 4357 -23748
-1843 -748 1547 1370 8710 -30311
-2128 -696 1547 81 11614 -32768
-2417 -806 1453 -719 13519 -32768
-2925 -722 1111 273 11725 -32768
-3426 -858 1123 3750 5148 -32768
-4057 -1021 900 9500 -1418 -32768
-4564 -765 834 15848 -7 -32452
-4310 -238 1158 19117 5842 -30763
-4009 -79 1355 21989 14795 -26410
-3652 225 1434 22659 16795 -23244
-3527 252 1548 21640 13511 -19964
-3292 495 1751 18592 6665 -19726
-2975 546 1738 16271 2312 -20939
-2792 515 1571 13557 -2014 -24296
-2574 450 1209 12674 -3047 -27142
-1343 -508 363 32767 12169 -15805
-1400 -604 418 32767 8849 -15250
-1955 -823 518 32120 1653 -16070
-2199 -869 687 28896 -6024 -17121
-1541 -936 663 27172 -5585 -15755
-1425 -1086 556 26322 -4457 -14553
-1370 -1040 289 25945 -2681 -13026
-1435 -1045 193 25955 -1548 -12400
-1515 -1494 165 26369 -228 -11964
-1763 -2194 142 26834 727 -12751
-2195 -2600 170 27039 1110 -14204
-2432 -2793 50 27252 1432 -17024
-2431 -2753 2 27255 1554 -19231
-2419 -2763 -64 27026 1326 -19936
-2442 -2920 -102 26899 1056 -20120
-2525 -3292 -138 27068 1355 -19658
-2476 -3444 -163 27938 3114 -17870
-2396 -3404 -249 29558 5768 -15076
-2498 -3041 -340 30868 7404 -13312
-2587 -2727 -305 32620 8903 -10908
-2594 -2441 -161 32767 9264 -9333
-2642 -2194 -136 32767 9209 -7181
-2752 -1779 -116 32767 8762 -5950
-2749 -1516 -107 32767 7863 -4096
-2709 -1402 -102 32767 7396 -1965
-2662 -1227 -141 32767 6826 -466
-2763 -1161 -291 32767 4222 1689
-2863 -1111 -513 32767 1637 3123
-2882 -1088 -665 32767 -2172 5544
-3130 -1046 -920 32767 -4509 7914
-3325 -1046 -1085 32767 -4457 9599
-3336 -988 -1321 32767 -1418 12615
-3598 -812 -1554 32767 2689 14502
-3869 -363 -2395 32767 9996 16730
-4063 242 -3890 32767 13069 17638
-4286 740 -4932 32767 11655 17579
-5030 1233 -5959 32767 9203 15541
-5702 1084 -5201 23907 13833 14163
-5785 1109 -4026 -4641 27948 13855
-4925 1061 -2380 -30550 32767 15643
-3586 712 -1359 -32768 31449 22056
-2918 739 -913 -32768 18894 32526
-2137 533 -1242 -32768 10206 32767
-2132 17 -1539 -32768 9247 32767
-2522 -923 -1432 -32768 2938 32767
-2862 -1193 1255 -32768 17303 -9541
-1322 -1275 1681 -32768 32767 32767
-1028 -1446 2457 -32768 32767 32767
-1000 -1319 2957 -32768 32767 32767
-980 -1328 2714 -32768 26658 32767
-702 -1233 2395 -32768 14246 32767
-345 -1000 2088 -32768 10666 32767
-230 -837 1824 -32768 11831 32767
-347 -651 1535 -32768 14895 32767
-618 -579 1306 -32319 17972 30173
-813 -715 1155 -26585 15974 27525
-880 -970 1192 -24226 12281 26426
-719 -1174 1138 -22117 4774 25992
-733 -1317 937 -19981 -3008 25884
-904 -1265 619 -17156 -8252 25052
-1078 -1361 513 -15185 -9645 23970
-1333 -1506 565 -12645 -8680 21122
-1665 -1598 641 -11211 -6747 18396
-1744 -1629 763 -9359 -3083 13886
-1753 -1473 950 -7620 1676 9127
-1769 -1216 1275 -6564 5506 5917
-1793 -1094 1404 -4777 12008 925
-1854 -945 1503 -2147 19612 -3855
-1869 -779 1633 60 24786 -6702
-1901 -807 1696 3936 30853 -10217
-2022 -912 1656 6855 32767 -12275
-2113 -646 1609 11176 32767 -15260
-2298 -266 1664 14387 32767 -17639
-2618 -261 1859 15244 31299 -18945
-2878 -268 2014 14348 25492 -20841
-3043 143 1984 12795 19304 -21928
-3285 184 1768 10071 7662 -23608
-3457 20 1428 8666 1285 -24214
-3501 -80 1175 7852 -4023 -23892
-3543 -355 867 8573 -5764 -22402
-3565 -457 717 9625 -5874 -21355
-3611 -502 539 11919 -5814 -20272
-3377 -567 525 13477 -5768 -19660
-3261 -608 568 15628 -6655 -19036
-2925 -830 547 17643 -8610 -18141
-2404 -935 511 18896 -9639 -17311
-2119 -948 445 20762 -10273 -16350
-1916 -960 330 22545 -10150 -16471
-1818 -947 248 23553 -9745 -17296
-1718 -964 213 24728 -8867 -19178
-1549 -1090 227 25372 -7683 -21364
-1368 -1073 244 25479 -6223 -22728
-1292 -1063 253 25535 -4181 -24688
-1235 -1067 286 25532 -2983 -25885
-1309 -1144 358 25413 -1776 -27576
-1499 -1305 436 25107 -1437 -29350
-1880 -1379 584 24576 -1737 -30761
-1991 -1332 616 23549 -3067 -32526
-2009 -1147 652 22319 -4074 -32768
-1920 -1208 551 21874 -4330 -31820
-1741 -1257 400 22396 -3148 -27989
-1541 -1214 267 23662 -935 -24253
-1407 -1241 190 26750 3989 -17691
-1698 -1190 270 29068 7456 -14014
-2120 -993 464 31758 12020 -11235
-2554 -473 649 32767 14390 -10903
-2696 -28 879 32767 16825 -11667
-2697 140 920 32767 16694 -12731
-2630 509 1099 32767 14921 -13382
-2755 779 1128 32741 10621 -14731
-3094 1001 899 32243 6946 -15654
-3278 1078 517 32767 1568 -16502
-3649 1498 -84 32767 -495 -16712
-4002 1786 -427 32767 17 -16339
-4348 2015 -817 32767 2029 -15091
-4725 2066 -1092 32767 8340 -9932
-4957 1663 -1524 32767 10880 -5878
-5110 1243 -1791 32767 12615 1859
-4689 288 -2137 32767 12174 8491
-4519 -383 -2324 32767 10259 18903
-4681 -817 -2882 32767 9235 24411
-4895 -1224 -3228 32767 8590 29807
-5109 -2411 -3539 32334 10018 31817
-5153 -2967 -3831 27573 13839 32767
-5251 -3516 -3885 19380 20065 31694
-5209 -4207 -3537 11651 25124 30189
-5400 -4772 -3333 -2912 27430 26310
-5863 -5538 -2642 -14845 24912 22868
-6069 -6037 -2221 -32768 18152 18265
-5915 -6751 -1883 -32768 13614 17151
-5482 -7007 -1565 -32768 9163 19552
-4991 -7208 -1451 -32768 4242 27140
-4502 -7435 -1116 -32768 -999 32767
-4325 -7496 -1073 -32768 -12244 32767
-4479 -7419 -1410 -32768 20290 32767
-4170 -6007 -2972 -32768 -9430 29434
-3806 -7915 -1673 -32768 -27345 32767
-3625 -7096 244 -32768 -32768 32767
-3302 -7009 -364 -32768 -32768 32767
-2659 -6942 -274 -32768 -21651 32767
-1771 -6563 12 -30919 -10936 32767
-1216 -6281 467 -18449 6182 32767
-648 -5766 1362 -11754 21349 32767
-364 -5186 2143 -10302 28692 32767
-277 -4868 2418 -10647 32767 32767
-129 -4291 2596 -12039 32767 32767
64 -3639 2523 -12756 32767 32767
224 -3302 2423 -13111 32767 31671
365 -2831 2238 -12522 32767 23261
359 -2352 2152 -11762 32767 17534
317 -2065 2201 -10500 32767 9216
281 -1693 2198 -8704 32767 1895
246 -1476 2100 -7112 29844 -2013
124 -1228 1847 -4320 22366 -6213
-324 -1027 1505 -2323 18580 -8292
-980 -989 1215 841 15159 -11377
-2173 -1111 936 2679 15115 -13599
-2808 -1248 779 4681 18640 -16674
-3352 -1151 815 5368 21704 -17897
-3457 -784 836 5534 23724 -17478
-3491 -295 634 5557 22193 -15647
-3730 -26 295 6158 16650 -11763
-3909 91 154 7406 10587 -8270
-4113 111 24 8390 6523 -6526
-4213 161 119 9429 502 -4879
-4068 552 375 9833 -3165 -3946
-3924 750 496 10491 -8104 -3004
-3879 1003 378 12446 -12798 -3203
-3736 705 137 14533 -15279 -3764
-3592 842 266 17672 -15066 -5363
-3015 1635 813 19339 -10496 -6610
-2626 1929 1063 21514 2404 -9452
-2416 1830 956 23245 11822 -12598
-2390 1808 759 26555 19951 -18916
-2302 1810 633 28917 19951 -23725
-2051 1768 1050 31109 16788 -31002
-1833 1622 1357 31205 13688 -32768
-1655 1322 1249 30986 11250 -32768
-1563 1279 1070 30714 5896 -32768
-1156 935 1003 30487 2247 -32768
-880 672 919 30394 -1613 -32768
-749 444 698 30470 -3547 -28667
-871 275 643 30558 -5346 -22307
-1005 170 611 30456 -7501 -17669
-1210 125 571 30129 -9802 -15736
-1284 -27 715 28934 -12908 -14186
-1261 -295 697 27648 -15089 -13843
-1282 -470 712 26814 -15776 -14175
-1381 -698 680 25661 -15793 -15376
-1522 -980 664 24981 -15170 -16640
-1747 -1384 642 23942 -13264 -19135
-2003 -1498 462 23466 -12038 -20999
-2080 -1500 417 22962 -9544 -23408
-1773 -1550 203 23064 -6490 -23954
-1511 -1776 216 23661 -985 -22722
-1221 -2111 138 24321 1415 -20748
-1279 -2347 168 25248 1623 -17480
-1628 -2645 228 25751 593 -15897
-1912 -2790 83 27052 -1275 -14868
-2221 -3145 81 27990 -2560 -14639
-2407 -3339 138 29049 -3354 -14813
-2566 -3519 236 29569 -2610 -14944
-2717 -3596 292 30335 -153 -15124
-2765 -3697 254 31397 3241 -14881
-2948 -3694 212 32366 5695 -14684
-3107 -3586 125 32767 9008 -14302
-3209 -3391 -22 32767 10698 -13913
-3309 -3003 -59 32767 12375 -12635
-3370 -2557 -161 32767 12960 -11275
-3602 -2295 -185 32767 12662 -9032
-3708 -1948 -212 32767 11085 -5713
-3648 -1705 -330 32767 9537 -2538
-3677 -1637 -471 32767 7412 3561
-3610 -1519 -800 32767 5514 8415
-3817 -1535 -1226 32767 528 15419
-4432 -1421 -2490 32767 -2844 19157
-4938 -1252 -3518 32767 -6006 22939
-5198 -1121 -5123 32767 -5281 26243
-5864 -841 -6011 32767 -1778 27656
-5981 -593 -5855 29380 8827 29103
-5695 -44 -4946 776 17466 29498
-4767 1488 -4134 -24215 18712 29116
-3880 1784 -4322 -32768 20726 31032
-2044 1523 -4402 -32768 26356 32767
-1226 1099 -3567 -32768 32767 32767
-347 856 -1140 -32768 32767 32767
-1421 382 -2146 -32768 32767 683
-180 -42 2641 -32768 32767 32767
-657 -539 3824 -32768 32767 32767
-1117 -589 3245 -32768 32767 32767
-1355 -685 1969 -32768 29973 32767
-1004 -356 1965 -32768 19630 32767
-681 -86 2081 -32768 3954 32767
-484 96 2182 -32768 -5776 32767
-524 198 2402 -28512 -13474 32767
-805 222 2430 -28394 -14213 32767
-1471 89 2093 -30360 -12812 30106
-1849 -193 1581 -32768 -10044 19994
-1963 -596 659 -32768 -7046 10034
-1603 -975 -181 -31644 -5120 4832
-1441 -1093 -442 -27587 -1588 -739
-1081 -1209 -483 -23246 2858 -3106
-770 -1384 -392 -20574 5402 -3052
-560 -1369 -105 -17188 9206 -1069
-498 -1395 -14 -14106 12964 2361
-559 -1368 125 -11183 16089 5713
-909 -1262 537 -9679 17709 6958
-1310 -1183 805 -7888 17915 6484
-1809 -792 951 -6564 15755 5022
-1908 -598 1082 -4616 11691 2354
-2008 -504 1414 -3640 9429 -168
-2274 -379 1809 -3763 9022 -1854
-2238 -252 2027 -4260 9573 -3164
-1915 -137 1817 -3701 10654 -2794
-2083 11 1524 -1139 13521 -1868
-2702 -30 1394 2427 16576 -3160
-3451 -114 1473 5224 18792 -6326
-3855 -95 1617 6145 19473 -8469
-3743 13 1744 5996 19462 -9967
-3329 135 1824 5270 19005 -9684
-3217 128 1713 4320 17371 -8334
-3182 99 1279 4387 15215 -7259
-3297 91 884 5513 10793 -6145
-3467 -20 719 7142 6464 -6038
-3256 -161 623 8257 4175 -6031
-3058 -224 518 10279 1571 -6079
-2749 -227 372 12347 -183 -6315
-2226 -308 404 13559 -519 -6281
-1852 -386 454 14973 45 -5983
-1589 -651 463 15928 216 -6048
-1548 -846 393 17832 -864 -7243
-1455 -1124 293 20232 -3252 -9576
-1357 -1431 118 22146 -5168 -11685
-1302 -1593 92 24780 -7778 -15606
-1292 -1682 102 26038 -8835 -18599
-1322 -1734 201 26776 -8902 -23239
-1326 -1876 326 26371 -7739 -27329
-1200 -1985 429 25729 -6728 -29460
-1177 -2031 491 24549 -5511 -32101
-1310 -1886 536 23412 -4910 -32768
-1421 -1748 559 22977 -4586 -32768
-1417 -1716 491 23318 -4051 -32768
531 -1670 1077 27429 -7850 -5659
-3527 493 1267 27546 -3251 -13671
-2526 -1549 332 31145 -8288 -19366
-2131 -2440 344 32767 -12834 -21201
-2019 -1435 531 32767 -14301 -23809
-2439 -616 1034 32767 -8763 -26911
-2767 -1031 901 32767 -2156 -28070
-2783 -1102 543 32767 9668 -27187
-3028 -293 355 32767 16007 -25651
-3129 193 549 32767 19682 -22528
-3155 673 984 32767 16580 -20131
-3170 944 1221 32767 5720 -16811
-3350 1224 1208 32767 -2098 -15207
-3528 1384 1068 32767 -9322 -13690
-3929 1575 524 32767 -8829 -12952
-4569 1825 -142 32767 -4701 -12863
-5140 1858 -459 32767 3674 -12764
-5767 1473 -900 32767 7781 -11920
-5960 1333 -1294 32767 9580 -8712
-5976 751 -1964 32767 8455 -4904
-5641 233 -2319 32767 7872 4012
-4952 -270 -3201 32767 8761 11907
-4733 -935 -3789 32767 12449 24801
-4918 -2073 -4629 32767 18088 32767
-5787 -3310 -5299 32767 21830 32767
-6767 -4489 -5274 32767 26433 32767
-7556 -5873 -4842 18331 29008 32590
-7449 -6592 -4118 2889 27852 27799
-7397 -7368 -3688 -25759 21474 21032
-6861 -8136 -2580 -32768 14293 19062
-6068 -8188 -1773 -32768 10776 21594
-5475 -8204 -1524 -32768 6458 31300
-5220 -8441 -1377 -32768 -4162 32767
-5603 -8617 -1719 -32768 -15305 32767
-8536 -10502 -6391 -32768 -20462 32767
-5281 -9168 -854 -32768 -22203 32767
-4585 -8804 85 -32768 -16771 32767
-4377 -8429 -566 -32768 -5579 32767
-3649 -8361 -309 -32768 3434 32767
-3154 -7982 410 -32083 14123 32767
-2345 -7400 1614 -23481 16883 32767
-2022 -6877 2483 -16856 15888 32767
-1722 -6424 3292 -14975 13025 32767
-1383 -5811 3481 -14666 13887 32767
-1249 -5126 3154 -14217 17301 32767
-1089 -4789 2642 -11742 24811 32767
-434 -4293 1963 -8922 30445 32767
143 -3972 1791 -4696 32767 28856
1008 -3310 1773 -1858 32767 21391
1443 -2565 2033 -1238 32767 16828
1505 -2258 2178 -1590 32767 9812
1475 -1997 2201 -2362 32767 2648
1153 -1725 2104 -2825 28692 -2307
771 -1601 1991 -3248 18830 -10246
-113 -1541 1609 -3151 13377 -15805
-841 -1499 1437 -3041 9170 -24407
-1950 -1317 1477 -3383 11558 -32628
-2716 -1251 1214 -2998 15264 -32768
-2998 -1237 988 -980 21344 -32768
-3239 -1214 832 855 24586 -32768
-3529 -1109 790 3377 26533 -32768
-3959 -1141 809 5219 23358 -32768
-4435 -1228 586 6429 18578 -32768
-4821 -1208 456 8132 11629 -29200
-5126 -1041 552 9320 9895 -26645
-5224 -741 748 9835 11309 -25625
-5151 -506 843 10693 14394 -24741
-4849 -170 966 12018 16583 -23867
-4312 178 1028 13178 17233 -22895
-3851 381 1086 14948 17027 -20463
-3191 596 1213 16755 15829 -17254
-2746 722 1204 17960 14061 -15181
-2509 785 1154 19877 9731 -12582
-2239 827 1013 30146 -453 -21563
-1261 -186 249 29261 3125 -20395
-1074 -211 236 28058 6398 -18357
-873 -271 279 27091 8392 -16753
-778 -317 261 25699 10984 -14064
-658 -564 265 24976 12510 -12177
-633 -841 215 24457 14849 -9428
-774 -1029 -47 24876 15177 -7563
-1146 -1069 -212 25476 13452 -7313
-1343 -1226 -262 26524 9182 -8187
-1410 -1605 -204 27069 6189 -9005
-1280 -2060 -161 27728 1774 -9633
-1388 -2866 -171 28223 -1136 -10026
-1868 -3054 -332 29238 -4795 -11753
-2235 -3006 -436 30316 -8150 -14680
-2279 -3373 -387 30742 -10261 -15795
-2216 -4299 -299 31123 -11501 -15516
-2339 -4471 -175 31278 -10128 -14818
-2714 -4415 -188 31787 -5775 -14500
-3085 -4450 -253 32533 -2020 -14430
-3219 -4381 -285 32767 4768 -14201
-3282 -4200 -295 32767 9461 -13814
-3384 -3970 -451 32767 15100 -13155
-3559 -3468 -638 32767 18070 -12702
-3583 -3129 -633 32767 21292 -11421
-3580 -2708 -679 32767 21347 -9879
-3679 -2528 -798 32767 18954 -6444
-3674 -2400 -991 32767 15315 -1240
-3741 -2211 -1382 32767 11829 3118
-3789 -2172 -1678 32767 6264 10650
-3932 -2190 -2588 32767 2606 16273
-3927 -2291 -3408 32767 -2827 25929
-4028 -2108 -4892 32767 -5870 32410
-3883 -1920 -5311 32767 -8354 32767
-4026 -1377 -4382 32767 -8655 32767
-4507 -625 -2885 -1587 3629 32767
-4698 434 -2484 -27951 10436 32767
-4081 1607 -4720 -32768 14268 25171
-2054 2728 -7298 -32768 17407 21212
-1518 3563 -6438 -32768 32767 18330
969 3855 -3603 -32768 32767 20911
2687 3054 -2664 -32768 32767 5709
4086 2975 3910 -32768 32767 28383
2651 2302 5405 -32768 32767 28234
124 959 4349 -32768 32767 23079
-1307 1100 2970 -32768 5126 13035
-1319 762 2385 -32768 -3119 6803
-826 600 2532 -32768 -846 5557
-817 946 2289 -32649 1247 6330
-847 1253 2000 -27050 -800 7796
-995 1257 1793 -22397 -8864 9662
-1459 1212 1553 -21406 -15117 9862
-1988 1049 1278 -21919 -21067 8247
-2253 867 1000 -22972 -20679 5379
-2615 591 584 -23454 -16908 3124
-2664 455 263 -23254 -8369 349
-2518 290 -140 -22497 -1926 -769
-2419 181 -245 -21162 6953 -1286
-2136 -34 -361 -20222 11249 -736
-1811 -144 -401 -18943 15259 1553
-1605 -325 -403 -18107 16299 4441
-1524 -430 -349 -17851 15538 6284
-1587 -494 -291 -17990 11696 8622
-1412 -520 -116 -18500 7737 10236
-1385 -524 29 -19776 1986 12547
-1384 -425 230 -20720 -1071 13835
-1493 -290 224 -21437 -4491 15299
-1545 -225 275 -21398 -6021 16231
-1686 -110 478 -21162 -5619 16526
-1843 -61 570 -20432 -3259 16249
-2110 -17 605 -18480 72 15363
-2402 -53 510 -16367 2387 14505
-2457 -89 602 -12644 6818 13165
-2471 -53 794 -8820 12446 12001
-2570 -45 1124 -6590 15760 11166
-2706 -98 1324 -4002 18348 9622
-3111 -222 1493 -2660 18068 8158
-3351 -291 1566 -1236 15019 5540
-3390 -313 1593 -507 12170 4091
-3261 -258 1645 263 8442 2828
-3172 -246 1735 722 5308 2195
-3123 -375 1654 1133 3291 2002
-3094 -382 1635 1693 288 1578
-3170 -419 1516 2137 -1844 875
-3160 -533 1408 3085 -5716 -901
-3075 -735 1313 3788 -9222 -2377
-3024 -880 1220 4853 -14678 -5331
-2781 -882 1192 5606 -18094 -9171
-2470 -740 1124 5904 -18288 -12086
-2222 -780 1049 6531 -16117 -16832
-1943 -903 692 8204 -12855 -21941
-1816 -1066 548 9873 -10274 -25378
-1548 -1268 252 13513 -6207 -30327
-1539 -1444 218 16304 -2593 -32768
-1543 -1678 280 21162 3330 -32768
-1627 -1911 197 24844 6641 -32768
-1552 -1828 177 30303 10627 -32768
-1319 -1679 387 32767 14318 -32768
-1102 -1677 737 32767 16253 -32768
-1025 -1727 1062 32767 18309 -32768
-1273 -1592 1460 32767 18330 -32768
-1421 -1399 1624 32767 4071 -8431
-4621 1284 -710 32767 8727 -6484
-4980 1563 -1171 32767 11957 -3311
-5420 1519 -1942 32767 12073 -1002
-5396 1085 -2783 32767 9058 4521
-4934 -493 -3997 32767 6576 10439
-4697 -2266 -4663 32767 7396 22256
-4878 -4240 -5718 32767 10542 29732
-6004 -5266 -5371 32767 14669 32767
-6179 -6223 -4639 30518 15002 32767
-6009 -6826 -4296 -5687 13800 28021
-6389 -8436 -4304 -32768 13946 17342
-5802 -8594 -2763 -32768 12615 19154
-4613 -8189 -1856 -32768 7586 24848
-4305 -7934 -1581 -32768 -7486 32767
-8808 -8313 -5880 -32768 -20557 7080
-2670 -6621 4508 -32768 -21356 32767
-3838 -7052 698 -32768 -21365 32767
-566 -3421 2741 -16334 32309 32767
-308 -3397 2101 -13826 32767 26383
82 -3255 2053 -10145 32767 16539
604 -2724 2221 -7996 32767 9072
848 -2127 2319 -7228 32767 4944
886 -1900 2252 -6152 32767 -302
846 -1690 2083 -5252 32767 -3277
716 -1553 1995 -3609 26760 -7309
355 -1382 1833 -2429 21497 -9945
-96 -1295 1550 -427 14274 -13717
-554 -1265 1413 1308 8855 -17675
-1228 -1164 1339 2403 6428 -21717
-2065 -1139 1167 3063 6385 -24598
-2589 -1301 978 4199 8307 -28381
-2780 -1288 854 5723 12031 -30645
-3151 -1134 596 7160 14819 -31382
-3356 -1068 385 9859 18313 -31261
-3592 -1083 126 13355 18401 -30090
-4126 -1076 -76 15616 16374 -29351
-4332 -1063 -123 18400 12434 -28286
-4612 -997 -131 20235 9211 -27525
-4605 -879 -168 21024 7210 -26920
-4507 -646 -207 21602 4177 -25992
-4471 -331 -200 21671 3218 -25533
-4462 -163 -183 21686 3625 -25401
-4382 -108 -207 21919 4305 -24736
-4023 66 -131 22047 6148 -22751
-3431 262 217 21682 8713 -20709
-3097 387 457 20597 13405 -17366
-2608 573 552 19994 15693 -15251
-2329 644 485 19844 16160 -12533
-1997 573 362 20302 14335 -11121
-1970 484 241 21706 8709 -10140
-2121 367 89 22804 3512 -10432
-2185 336 56 24229 -4962 -11983
-2266 292 80 24734 -9979 -13547
-2223 191 149 24714 -15044 -15974
-2007 99 189 23897 -16132 -17655
-1860 150 244 23002 -14935 -18176
-1593 143 342 21503 -11316 -17755
-1555 7 310 20763 -8484 -16786
-1270 -274 308 20231 -3318 -13828
-1063 -590 248 20464 1299 -11133
-1100 -715 183 21620 7789 -7270
-1247 -906 119 23587 12139 -4443
-1456 -1085 70 25242 13796 -3528
-1692 -1436 29 27115 14775 -3254
-1862 -1574 -18 30105 14853 -3901
-1856 -1675 20 32700 13815 -5075
-1791 -2297 89 32767 12648 -5587
-1873 -2847 212 32767 10787 -6062
-2041 -3253 160 32767 9886 -6454
-2243 -3223 -32 32767 7999 -7106
-2276 -3593 -148 32767 6012 -6890
-2186 -4050 -122 32767 2795 -5038
-2408 -4163 -197 32767 -938 -3232
-2863 -4099 -248 32767 -4654 -2740
-3367 -4146 -426 32767 -11348 -1948
-3574 -3971 -722 32767 -14643 -765
-3637 -3634 -939 32767 -14409 2320
-4000 -3112 -1186 32767 -6812 6402
-4264 -2828 -1447 32767 -598 9782
-4559 -2342 -2139 32767 5616 16201
-4780 -2184 -2960 32767 6146 25053
-4292 -2092 -3735 32767 4739 32767
-3218 -1634 -3719 32767 3814 32767
-2552 -844 -3957 32767 4883 32767
-2336 -142 -3845 22378 14028 32767
-2805 1111 -3751 3467 20674 32767
-2703 1551 -4616 -24065 27511 32767
-1171 2423 -6185 -32768 32671 32767
-368 3309 -7078 -32768 32767 24296
325 3895 -5639 -32768 32767 2245
1558 3732 -896 -32768 32767 -11688
1415 3155 -366 -32768 32767 -32768
1824 3061 6177 -32768 32767 -32768
2518 2397 7294 -32768 32767 -32768
3358 892 4580 -32768 26159 -32726
2054 814 3259 -32768 7753 -15389
423 1813 1759 -32768 3647 -5521
-712 1630 1870 -32768 9335 -2841
-1397 1799 1886 -18795 17326 -998
-2170 1615 1579 -7847 13968 1138
-2497 1516 1559 -5467 6422 2178
-3140 1185 1737 -6485 -3960 2062
-3485 825 1678 -11964 -21663 430
-3544 505 1431 -19347 -32768 -936
-3181 486 1138 -24122 -32768 -948
-3032 530 734 -28753 -32124 449
-2593 445 -122 -29205 -25900 2618
-2128 371 -616 -26810 -15149 7176
-1863 303 -711 -22992 -5186 11817
-1991 89 -661 -20651 -149 13873
-2305 -157 -738 -17376 3006 14951
-2130 -170 -594 -15118 3597 15200
-1929 -69 -483 -13834 3467 15217
-1900 7 -188 -13628 3566 14881
-1923 27 -47 -13779 3264 14164
-1968 24 -1 -13820 2815 13621
-2148 71 38 -13662 3689 12249
-2641 39 139 -13516 5636 10693
-2906 -152 308 -13174 9283 8719
-2474 -276 204 -10950 11606 9752
-2490 -328 -58 -8306 12445 11355
-2753 -445 -77 -3647 15077 13352
-3132 -827 150 -847 18303 14313
-3257 -1274 570 1653 24009 15873
-2836 -1618 849 2390 27218 17588
-2931 -1399 887 2491 29461 19113
-3133 -1156 792 2122 28702 18870
-3225 -993 948 522 24774 16527
-3178 -779 1380 -2182 18267 12516
-2993 -629 1513 -3901 12326 9423
-2816 -402 1520 -5815 2273 4559
-2653 -331 1555 -6589 -4213 1173
-2583 -603 1477 -6508 -12763 -3845
-2266 -833 1206 -5457 -17385 -6833
-1948 -1147 1025 -2470 -21843 -10281
-1520 -1656 858 2239 -20353 -13462
-1616 -1915 406 6569 -16603 -16261
-1635 -2061 352 13272 -10666 -20688
-1655 -2241 222 19811 -4232 -24396
-1484 -2257 318 23601 293 -26306
-1419 -2095 377 28224 6238 -28688
-1431 -1812 583 31287 10180 -30776
-1292 -1637 665 32735 11470 -31630
-1138 -1544 708 32767 12182 -31644
-894 -1458 811 32767 11891 -29901
-711 -1381 915 32767 10792 -27966
-735 -1345 908 32767 7649 -24864
-977 -1315 880 32767 4444 -23140
-1226 -1352 840 32767 -1214 -21471
-3414 -65 535 32767 2963 -12491
-3778 137 614 32767 1274 -13087
-4190 355 430 32767 659 -13508
-4480 335 44 32767 1421 -13720
-4826 131 -947 32767 2479 -13422
-5262 -122 -1612 32767 2131 -12350
-5302 -347 -2288 32767 489 -9067
-5186 -351 -2353 32767 2340 -5973
-5427 -313 -2391 32767 8765 -942
-5308 -606 -2806 32767 12897 3219
-5055 -708 -3091 32767 17635 10887
-4564 -1307 -3395 32767 20898 20076
-4397 -2072 -3621 32767 22344 25771
-3977 -6762 -1216 -32768 -16797 32767
-5609 -11568 -12061 -32768 -32768 -16526
-3998 -4633 1297 -32768 -32768 -32768
-3392 -7092 -906 -32768 -32768 32767
-3382 -6080 -848 -32768 -29559 32767
-3056 -6240 -985 -32768 -9925 32767
-2097 -6290 -356 -32768 12134 32767
-1581 -5963 486 -25180 22686 32767
-1402 -5653 1111 -18104 30271 32767
-1208 -5305 1906 -15929 30774 32767
-1085 -4777 2472 -15453 27561 32767
-1036 -4421 2654 -16456 23342 32767
-868 -3940 2579 -17084 21649 32767
-569 -3417 2315 -17269 21734 32767
-292 -3121 2167 -16760 24646 31728
123 -2764 1951 -15694 27936 27318
458 -2431 1924 -14966 29940 24600
561 -2206 1881 -13648 32062 20245
613 -1983 1870 -12452 32301 16938
369 -1790 1714 -9787 29951 10758
119 -1592 1638 -6588 25342 3011
-317 -1344 1594 -4445 22364 -2682
-690 -1275 1533 -1242 19453 -11597
-1484 -1204 1405 1906 19477 -20589
-2447 -992 1361 3948 22589 -26330
-2885 -889 1212 7772 30058 -32768
-3766 -1007 747 10863 32767 -32768
-4090 -1102 703 14331 32767 -32768
-4020 -951 900 14620 32514 -32768
-3831 -634 1142 12932 29889 -30936
-3806 -355 1048 9512 24230 -23818
-4134 -516 538 7746 19563 -19654
-4305 -574 360 6114 12473 -14942
-4519 -401 301 5430 6655 -12398
-4585 -99 418 5470 4233 -11769
-4479 61 535 5882 2856 -11701
-4259 219 638 7273 1372 -11891
-3756 419 697 9626 -1481 -11992
-3263 556 836 11416 -4539 -12015
-2786 644 929 14157 -8713 -11489
-2211 630 1122 16797 -10874 -10292
-1616 470 1137 18713 -10388 -9354
-1370 394 1178 21726 -6432 -8645
-1124 -506 404 32767 4729 -32768
-911 -697 438 32767 5201 -32768
-671 -848 566 32767 6400 -29528
-539 -1018 568 32767 7907 -25514
-801 -1422 393 32767 9143 -19471
-1240 -1818 195 32767 7022 -14599
-1381 -2178 203 32767 3350 -10701
-1496 -2662 49 32767 -1214 -7855
-1938 -2833 -127 32767 -4480 -7192
-2303 -2992 -93 32767 -8617 -7774
-2572 -3633 81 32767 -10096 -8480
-2744 -4051 145 32767 -10432 -9701
-3054 -4395 5 32767 -9879 -11487
-3464 -4491 -229 32767 -9260 -13739
-3580 -4360 -483 32767 -5956 -15439
-3478 -4101 -646 32767 -1386 -15729
-3453 -3874 -763 32767 6810 -14780
-3461 -3497 -769 32767 14013 -12406
-3590 -3088 -835 32767 16672 -10417
-3643 -2599 -871 32767 17320 -6897
-3751 -2351 -885 32767 15103 -3031
-3576 -2135 -857 32767 12029 212
-3533 -2028 -822 32767 6654 5688
-3729 -1933 -1118 32767 1134 11144
-3847 -2065 -1613 32767 -3145 15147
-579 2361 -3666 -32768 32767 20940
372 1810 -1772 -32768 32767 23225
1171 1407 1028 -32768 32767 -17614
-3691 883 -4142 -32768 32767 -32768
1989 1433 4393 -32768 32767 27683
1409 629 3901 -32768 32767 27022
883 668 3349 -32768 23405 19987
-9 640 3287 -32768 14679 12062
-2834 207 898 -24300 -6284 3056
-2152 -355 655 -20160 -1165 17525
-2394 -337 661 -18984 -2358 15914
-2645 -656 1508 8778 14531 6097
-2711 -323 1427 10656 12544 3032
-3010 -62 1475 11887 8236 -1705
-3080 -353 1456 12549 5506 -5056
-3174 -489 1312 13652 1467 -9946
-3332 -671 1022 15031 -2414 -13881
-3055 -962 747 16164 -3798 -15312
-2764 -1096 577 18394 -3064 -15562
-2354 -1150 374 21048 627 -14453
-2000 -1257 220 23067 3761 -13370
-1841 -1289 111 26487 7654 -12191
-2070 -1444 -64 30213 8665 -12969
-2409 -1570 -158 32519 7517 -14580
-2536 -1600 -131 32767 4027 -18063
-2383 -1399 -65 32767 427 -21526
-1510 -614 -29 28513 -16522 -21312
-1454 -507 123 28416 -13906 -18397
-1451 -150 193 28300 -10874 -16438
-1678 166 257 28027 -5530 -14476
-2156 380 367 27830 -2677 -13839
-4500 1440 -2118 32767 11106 -8134
-5132 1336 -2054 32767 12031 -4227
-5333 413 -1961 32767 10852 -1321
-5308 -191 -2136 32767 7414 3621
-5328 -893 -2607 32767 6136 8882
-5421 -2065 -3390 29673 10542 14883
-5577 -3418 -4201 25140 15636 19176
-5853 -4218 -4365 16725 23159 24725
-5853 -5218 -4367 9145 26234 28076
-5747 -5666 -3840 -8008 24968 31707
-5944 -6332 -2205 -32768 18071 32165
-5949 -6394 -642 -32768 12759 31551
-5479 -6375 -414 -32768 4867 32767
-4554 -6433 -724 -32768 -3997 32767
-4379 -6577 -1410 -32768 -12211 32767
-4535 -6555 -1881 -32768 -24062 32767
-6015 -5427 9808 -32768 -32768 -32768
-4766 -6108 -729 -32768 -23018 32767
-3714 -6486 -1377 -32768 -10281 32767
-3145 -6224 -1466 -32768 -2124 32767
-2655 -6207 -1000 -32768 8013 32767
-2040 -5829 -95 -32768 13328 32767
-1712 -5595 629 -23260 19145 32767
340 -1962 1941 -6688 29723 8061
304 -1705 1895 -6081 30508 1336
224 -1605 1766 -4721 29837 -8109
72 -1508 1701 -2960 27740 -16439
-400 -1415 1509 -1541 25865 -21440
-992 -1377 1351 700 22715 -28583
-4908 -579 40 11190 5893 -9907
-4809 -381 165 10369 5282 -9255
-4603 10 356 9355 7442 -9328
-4287 455 495 9146 9681 -9718
-4006 734 632 9437 11790 -10251
-3566 1105 932 9812 11160 -10377
-3150 1277 1097 10386 6048 -9646
-2556 1340 1253 28037 -2718 -15701
-1518 292 365 29150 770 -22626
-1616 171 318 29489 2097 -27176
-1602 55 348 29490 3172 -32768
-1519 -80 373 29382 4287 -32768
-1370 -422 285 29604 5327 -32768
-1258 -773 259 30537 7020 -32768
-1085 -1235 -25 32258 8227 -32768
-971 -1718 -48 32767 8495 -32768
-909 -1952 -160 32767 8715 -27884
-761 -1795 -176 32767 9744 -23202
-895 -1688 -99 32767 11683 -17066
-1089 -2116 -32 32767 11350 -12208
-1631 -2603 -179 32767 9745 -10330
-2140 -2810 -256 32767 5731 -9993
-2597 -3092 -277 32767 1067 -11127
-2752 -3279 -289 32767 -1802 -12073
-2907 -3333 -265 32767 -4868 -13450
-3152 -3280 -220 32767 -6156 -14342
-3227 -3261 -207 32767 -6185 -15258
-3174 -3214 -217 32767 -4102 -15287
-3380 -2909 -154 32767 840 -15208
-3502 -2658 -282 32767 4452 -14814
-3613 -2479 -411 32767 9673 -13796
-3671 -2068 -559 32767 12656 -12663
-3526 -1858 -602 32767 14738 -9562
-3277 -1692 -741 32767 11895 -4802
-3166 -1657 -810 32767 8379 -1199
-3956 1115 -6770 31973 2130 15466
-4700 519 -4787 13562 10411 16891
-5255 326 -2702 -27908 24834 17821
-4970 -95 -2166 -32768 27740 19738
-4055 -22 -1933 -32768 23589 23171
-3037 91 -1807 -32768 16092 32767
-1904 -45 -1902 -32768 13745 32767
-1913 -238 -1428 -32768 2170 13668
-2028 -608 -280 -32768 19452 32767
-1859 -1121 239 -32768 22611 32767
-1416 -1471 969 -32768 26184 32767
-931 -1342 1523 -32768 23586 32767
-641 -1277 1791 -32768 20011 32767
-407 -1342 1916 -32768 14726 32767
-317 -1271 1692 -32768 11755 32767
-243 -1042 1513 -32768 8579 32767
-190 -798 1380 -30829 6850 32767
-252 -731 1337 -28150 5998 32767
-351 -777 1274 -25692 4978 32767
-552 -738 1064 -24718 4494 32767
-715 -591 804 -23555 4021 31154
-1931 -969 1103 -8698 23733 -4671
-2112 -929 1141 -6488 25960 -6214
-3263 -475 844 10186 9251 -19717
-3511 -466 510 11566 8090 -20686
-3753 -488 329 13477 7008 -22614
-3910 -505 275 14650 7607 -24382
-3899 -476 310 14995 8902 -25161
-1685 -217 -17 19172 778 -6006
-1607 -737 1280 18531 -27683 -18981
-1380 -823 1149 18370 -27342 -17616
-1540 -830 1081 20790 -22852 -16224
-1874 -496 1264 24933 -12033 -16739
-2022 143 1602 28382 -2314 -17663
-2064 455 1624 32767 12730 -19182
-2199 763 1684 32767 21244 -19854
-2334 998 1686 32767 26575 -19813
-2732 1470 1507 32767 17416 -18486
-3203 1892 1306 32767 4509 -17249
-3425 2061 1047 32767 -12294 -15401
-3879 2205 216 32767 -16966 -14217
-4360 2218 -440 32767 -14497 -12518
-4796 2394 -1417 32767 -3286 -9645
-5033 2246 -2432 32767 5080 -6428
-5150 1432 -2879 32767 14658 760
-5262 -1070 -3348 32767 18287 7288
-5092 -2391 -3460 32767 19444 18173
-5065 -2857 -3376 32767 14185 26626
-5222 -3800 -3013 32767 9923 29888
-5402 -4481 -3188 14070 8994 31178
-5747 -5829 -4063 -3591 12987 29493
-6281 -7427 -4750 -14370 16349 27267
-7073 -7974 -4189 -32768 20801 21211
-7060 -8028 -2351 -32768 21526 16849
-6070 -7753 -1287 -32768 18266 18342
-4300 -7381 -834 -32768 7676 28158
-3397 -6907 -864 -32768 -9354 32767
-3617 -6493 -1486 -32768 -24911 12551
-4264 -6703 -1649 -32768 -32768 32767
-4054 -6269 -1427 -32768 -32768 32767
-3630 -6162 -333 -32768 -20613 32767
-3138 -5661 32 -32768 -390 32767
-2316 -5454 594 -32768 11413 32767
-1809 -5269 858 -32768 23216 32767
-1247 -4830 1319 -28219 27173 32767
-1011 -4469 1578 -21390 28574 32767
-803 -4010 2008 -17624 27286 32767
-901 -3578 2436 -16935 26197 32767
-940 -3226 2554 -17488 24764 32767
-956 -2833 2461 -18257 24002 32175
-831 -2630 2348 -19314 23554 26108
-564 -2375 2174 -19959 24100 20945
-390 -2251 2075 -20015 25096 17960
-212 -1998 1868 -19323 27170 13643
-155 -1726 1599 -18169 28692 10759
-79 -1588 1436 -15542 30422 6613
-24 -1415 1246 -13428 30773 4042
-82 -1326 1197 -10050 29543 307
-237 -1298 1118 8253 23280 -28998
-3697 -1062 346 10194 23739 -24351
-3875 -1130 80 12660 22124 -19797
-4265 -831 -150 14393 20501 -17812
-4438 -579 -212 16904 18460 -16522
-4607 -404 -132 18332 17306 -16504
-4546 -252 32 19796 14552 -16817
-4260 -128 191 20202 10585 -16287
-3613 106 499 19902 8492 -15173
-2915 321 748 18999 6870 -12445
-2527 413 803 18367 6379 -9311
-2118 486 717 18442 6053 -7478
-1809 500 565 19520 4419 -5485
-1622 488 455 21549 626 -4531
-1511 425 330 23200 -3201 -4700
-1551 313 342 25696 -10096 -6413
-1696 202 286 27971 -17292 -9736
-1818 -23 335 28972 -21794 -12588
-1956 -261 351 29403 -26452 -17741
-1908 -317 270 29025 -26568 -23232
-1729 -224 349 28092 -23470 -26571
-1552 -94 545 26506 -15801 -30408
-1330 -312 351 26100 -7029 -32306
-1339 -743 172 26587 -1342 -32466
-1867 -2541 390 28172 -11309 -9453
-2272 -2830 23 27289 -12155 -9209
-2420 -3016 -116 27172 -11453 -9191
-2587 -3277 -232 28016 -8887 -9395
-2870 -3505 -301 29319 -5092 -10224
-3212 -3679 -251 30104 -2154 -11175
-3298 -3614 -263 31180 2911 -12539
-3254 -3436 -172 31698 6605 -13061
-3242 -3241 -133 32233 11553 -13152
-3091 -2863 -131 32603 15423 -12193
-2932 -2394 -171 32767 17219 -10911
-2889 -2176 -236 32767 18442 -8163
-2918 -1954 -367 32767 18221 -5915
-2961 -1846 -417 32767 16389 -2188
-3024 -1665 -519 32767 14108 597
-2893 -1577 -602 32750 9263 5894
-3013 -1593 -703 31730 3331 11831
-2772 -1673 -964 31105 -330 16469
-2812 -1372 -1416 31059 -4225 22822
-3172 -974 -2378 32767 -5599 26973
-4032 -677 -3596 32767 -3422 27802
-4548 -339 -4039 32767 6215 26408
-4989 199 -4123 30536 13458 24352
-4970 376 -3832 14121 18150 19857
-5022 803 -3262 -4361 18431 14897
-5195 1840 -2814 -32768 19961 4941
-823 -170 2312 -32768 10688 24340
-171 -342 2566 -32768 11235 23088
-95 176 2422 -29554 6077 22425
-174 359 2307 -24210 -5152 21698
-214 469 2208 -23156 -12718 20763
-425 526 2065 -23966 -20154 17895
-733 459 1640 -25027 -21573 15250
-883 304 1248 -26092 -19389 10891
-1179 23 666 -26099 -16042 7809
-1397 -231 65 -24851 -9292 3260
-1464 -406 -177 -22621 -1867 -327
-1410 -545 -322 -21066 3043 -1947
-1254 -585 -308 -18960 9706 -3128
-1268 -687 -255 -17398 14659 -3432
-1303 -709 -53 -16508 17366 -3248
-1462 -699 78 -16072 17002 -2910
-1762 -741 303 -16085 15327 -2784
-3377 -520 1027 -1316 20077 7885
-3504 -500 1025 -456 19267 7677
-3576 -435 978 766 15808 6939
-3595 -347 977 1333 12618 6348
-3514 -281 1081 1482 7649 5481
-3422 -155 1188 997 2875 4462
-3389 -93 1180 610 -123 3524
-3369 -155 1067 584 -4437 1879
-3274 -332 951 942 -7008 677
-3290 -472 759 2435 -10140 -1442
-3118 -541 580 3921 -11791 -2941
-3059 -581 422 6821 -13154 -5364
-2786 -682 266 10290 -12289 -7398
-2393 -743 150 12796 -10182 -8298
-2106 -833 118 16631 -5122 -8878
-1748 -1023 41 19308 -989 -8921
-1555 -1136 -1 23424 5191 -8836
-1512 -1200 -105 27585 10046 -9450
-1670 -1239 -132 30170 11778 -10489
-1852 -1298 -99 32767 11415 -12998
-2121 -1377 -81 32767 9368 -15147
-2181 -1319 -11 32767 4312 -18416
-2002 -1196 162 32767 439 -20089
-1711 -1191 355 32767 -4165 -21031
-1243 -1228 784 32767 -5952 -20588
-1058 -1233 1026 29004 -7657 -18981
-1020 -1175 1309 26219 -9072 -17825
-1078 -1111 1326 22604 -12495 -16502
-1171 -958 1338 20381 -17504 -15688
-1287 -868 1290 19946 -21215 -15632
-1573 -528 1454 20049 -24233 -16118
-1905 8 1621 21288 -25300 -18157
-2078 372 1595 24412 -19672 -21304
-2427 579 1808 27371 -11616 -23665
-2676 602 2079 32767 4484 -26680
-2947 730 2185 32767 16898 -27779
-3476 1263 1517 32767 18104 -27203
-3730 1645 1010 32767 10932 -24017
-4513 2326 550 32767 3750 -21022
-4795 2586 317 32767 -3870 -15497
-5172 2934 -240 32767 -3390 -11335
-5470 2961 -934 32767 2373 -4012
-5940 2615 -2318 32767 6280 1735
-6002 2148 -3116 32767 12423 12083
-5417 753 -3611 32767 17352 20592
-4917 -510 -3768 32767 22443 32767
-4482 -2688 -4762 32767 17737 32767
-4740 -3829 -5468 32767 9674 32767
-5849 -5455 -5448 12452 -3843 32767
-6664 -6469 -5069 -5888 -5918 32767
-7093 -6905 -5220 -32768 4124 25576
-7857 -7679 -5397 -32768 13630 17513
-7516 -8217 -5027 -32768 19194 11858
-4989 -8435 -3761 -32768 4651 22184
-3312 -7512 -2950 -32768 -12568 32767
-3996 -7266 -3370 -32768 -32768 32767
-5287 -7922 -3806 -32768 -32768 32767
-5256 -7855 -3128 -32768 -26365 32767
-4313 -8205 -2716 -32768 -11603 32767
-3386 -8177 -1791 -32768 11480 32767
-2585 -7853 111 -26684 24250 32767
-2325 -7061 1757 -22895 25841 32767
-2066 -6430 2569 -20773 21863 32767
-1661 -5656 3181 -20073 18420 32767
-990 -4892 3262 -19571 19524 32767
-501 -4200 3080 -18145 25187 32767
184 -3353 2764 -16615 30230 32767
481 -2943 2561 -13640 32767 25727
529 -2428 2442 -10799 32767 16556
440 -2033 2625 -9477 32767 10254
351 -1790 2606 -7781 32767 1232
338 -1572 2361 -5942 28038 -5701
197 -1351 2151 -4863 23161 -9157
-134 -1249 1944 -3424 17484 -13417
-1004 -1209 1553 -2476 15906 -16253
-1701 -1141 1365 -1181 18443 -20650
-2735 -1129 1153 179 25957 -24628
-3189 -1099 820 1373 30470 -25897
-3457 -1147 539 3205 32223 -25217
-3382 -964 435 3694 30329 -22735
-3382 -704 401 2976 24256 -17184
-3467 -384 211 2035 19797 -13162
-3593 -324 -45 1000 15037 -7761
-3764 -347 -327 810 14054 -3897
-3857 -336 -515 1063 15135 -2529
-3870 -279 -586 1932 16852 -2169
-3978 -68 -590 2541 16900 -2969
-4028 86 -606 3674 14529 -5165
-3971 349 -581 4463 11456 -6611
-3855 527 -415 5269 5746 -7939
-3742 726 -140 5518 1497 -8164
-3615 780 -9 6039 -5646 -7267
-3383 795 20 7192 -13324 -5282
-3209 873 138 8079 -18023 -3933
-3003 916 309 9204 -23131 -2184
-2710 999 585 10521 -26163 -1500
-2687 994 511 11923 -26859 -2186
-2537 963 489 14458 -25128 -4402
-2164 785 758 15894 -22055 -6362
-1824 768 936 17527 -14986 -9481
-1463 755 784 18958 -5058 -13146
-1043 817 855 19485 2585 -16053
-1021 850 810 20004 11479 -21258
-1012 796 537 20647 14026 -26819
-857 620 756 20812 13109 -30060
-485 436 1055 20585 8174 -32443
-174 23 993 21234 -566 -32222
-351 -252 572 22253 -7087 -31429
-437 -304 370 24112 -14244 -29545
-479 -431 266 25344 -15713 -27997
-488 -571 361 26708 -12051 -25435
-651 -817 484 27496 -5182 -23186
-1067 -1052 377 27900 -1440 -22316
-1410 -1185 443 27674 1553 -22324
-1671 -1278 524 26972 2563 -23043
-1986 -1379 673 25065 3148 -24704
-2080 -1505 708 23508 3032 -25617
-1919 -1685 633 22069 2868 -25812
-1704 -1824 496 20647 3066 -24196
-1421 -2075 238 20417 4251 -20643
-1441 -2350 113 20814 5475 -17874
-1809 -2706 133 21875 7174 -14655
-2312 -3219 -111 23254 7903 -13321
-2541 -3189 -236 26078 8591 -12518
-2547 -2893 -374 28191 8367 -12241
-2499 -2888 -399 31243 7021 -11648
-2618 -2837 -391 32767 4765 -11227
-2628 -2793 -346 32767 3078 -10786
-2647 -2646 -309 32767 603 -10039
-2727 -2558 -263 32767 -298 -9637
-2740 -2417 -230 32767 -218 -9078
-2674 -2223 -198 32767 1185 -7857
-2667 -1922 -218 32767 3137 -6312
-2639 -1754 -240 32767 4485 -5179
-2582 -1520 -201 32767 6448 -3170
-2542 -1288 -284 32559 7830 -1671
-2527 -1133 -387 31802 10305 669
-2614 -991 -405 31235 11558 2151
-2748 -885 -393 30065 11313 3993
-2853 -727 -185 28218 8181 5550
-2868 -605 -117 26813 5037 6499
-2862 -518 -227 25214 223 7711
-3245 -185 -757 25099 -2265 7770
-3374 212 -1187 26589 -2773 6994
-3683 920 -1788 28357 -923 5909
-3764 1347 -2110 31464 3782 4175
-4075 1883 -3003 32767 7855 2356
-4480 2268 -4110 32767 9081 1095
-4677 2373 -4700 32767 7942 377
-4647 1948 -5146 32767 6664 1628
-4885 1406 -4982 27256 9063 5178
-5422 574 -3690 11854 17087 8296
-5666 108 -2641 -21387 27395 14301
-5870 -650 -2565 -32768 26297 18939
-6016 -1574 -2691 -32768 14552 27242
-5842 -1582 -2206 -32768 4081 32767
-5189 -1400 -2227 -32768 1496 32767
-3955 -1546 -2265 -32768 1452 32767
-4175 -1659 -4599 -32768 -29441 -32768
-3934 -2233 7 -32768 15474 32767
-1826 -3788 17 -32768 20862 32767
-1426 -3820 1107 -32768 27464 32767
-980 -3653 2040 -32768 31127 32767
-510 -3615 2366 -32768 29991 32767
-406 -3564 2186 -32768 25284 32767
-342 -3098 1905 -32768 20753 32767
-304 -2865 1663 -32768 18624 32767
-265 -2930 1598 -32768 15148 32767
-80 -2646 1527 -30012 10682 32767
42 -2315 1517 -25649 1957 32767
227 -2055 1531 -23995 -2472 32767
191 -1992 1385 -21774 -4698 30703
-111 -1848 1032 -18569 -1962 24326
-501 -1803 820 -15844 1821 19278
-724 -1832 751 -11231 8442 11322
-926 -1781 842 -6575 14007 4115
-983 -1670 953 -3733 16997 33
-1101 -1426 1221 -54 20824 -5007
-1165 -1077 1458 2022 22798 -7609
-1280 -886 1625 4307 25178 -10627
-1397 -716 1831 5414 26550 -12098
-1524 -631 1856 6816 27790 -13608
-1683 -566 1824 8001 27704 -14904
-2033 -393 1837 8464 26463 -16546
-2432 -154 1898 8116 24932 -17924
-2727 -88 1903 6886 22088 -20379
-3107 -135 1812 5922 20195 -22137
-3363 -174 1650 4959 17818 -24878
-3753 -146 1267 5187 16154 -27646
-4157 -151 925 5999 15998 -29390
-4325 -160 691 8089 16861 -31195
-4196 -156 340 9977 17379 -31194
-4133 -162 162 13088 17025 -29713
-4065 -351 -102 16041 14700 -26981
-3944 -402 -165 17500 12580 -24783
-3684 -362 -133 18526 9621 -21295
-3345 -364 -30 18573 7547 -18928
-3048 -385 6 18012 3557 -15584
-2894 -388 -21 17183 -1346 -13010
-2686 -384 -50 16713 -4200 -11564
-2279 -398 -95 16354 -7045 -9464
-1885 -395 -202 16440 -8047 -8222
-1665 -389 -279 17115 -8293 -6585
-1454 -443 -308 18196 -7523 -5649
-1454 -549 -324 19042 -6721 -5577
-1465 -604 -299 20366 -5222 -6249
-1559 -696 -275 21245 -4246 -7264
-1567 -673 -179 22052 -2743 -9256
-1618 -596 11 22232 -1621 -11725
-1802 -611 180 22072 -1696 -13637
-1908 -725 489 20686 -3902 -17057
-1663 -775 840 19547 -5436 -17954
-1467 -782 1203 17298 -7892 -17850
-1338 -787 1322 16407 -9725 -17073
-1282 -834 1310 16762 -12082 -15137
-1577 -762 1572 18028 -12090 -14248
-1943 -496 1761 21326 -6856 -14339
-2271 9 2130 24327 730 -14831
-2475 224 2302 30305 14872 -15307
-2536 384 2456 32767 22037 -14625
-2724 568 2533 32767 21886 -12428
-3259 1106 2455 32767 8089 -10142
-3719 1620 2262 32767 -3055 -8967
-3754 1867 1911 32767 -14632 -6921
-4259 2409 1042 32767 -17652 -5921
-4704 2760 348 32767 -13318 -5061
-5168 3132 -771 32767 -5921 -4113
-5436 3187 -1591 32767 3924 -945
-5359 2677 -2659 32767 8143 3171
-5144 1666 -3230 32767 11553 12906
-4569 -821 -3842 32767 11014 25928
-4713 -2598 -4406 32767 9210 32767
-5233 -3308 -4474 32767 7726 32767
-5967 -4759 -4403 23356 8071 32767
-6111 -5134 -4270 6997 9897 32767
-6467 -5828 -4338 -17507 13129 26217
-7284 -6926 -4432 -32768 15193 20180
-7678 -7300 -4329 -32768 17919 12531
-6477 -7742 -3520 -32768 17698 12238
-5202 -7781 -2576 -32768 9931 20727
-4090 -7866 -2129 -32768 -1202 30411
-4298 -7905 -2288 -32768 -27223 26954
-4677 -7060 2967 -32768 -27437 20375
-4417 -8013 -2474 -32768 -32768 32767
-4184 -7424 -1779 -32768 -22424 32767
-4051 -7695 -2054 -32768 -10888 32767
-3573 -7693 -1278 -30279 6343 32767
-2800 -7289 416 -19890 16769 32767
-2072 -6775 2172 -18106 19680 32767
-1567 -6290 3016 -20099 20740 32767
-970 -5453 3608 -22406 20973 32767
-621 -4786 3611 -24425 22409 32767
-162 -3988 3157 -23865 24076 32767
211 -3560 2831 -20138 27531 32767
543 -3013 2330 -14358 31837 29754
616 -2467 2280 -10696 32767 23066
599 -2177 2362 -6307 32767 13080
596 -1894 2489 -4023 32767 7038
528 -1571 2531 -1384 32767 -789
469 -1429 2370 1015 29647 -6859
97 -1225 2039 2678 27201 -10267
-422 -1167 1727 5466 24344 -15219
-1427 -1054 1362 7285 23242 -18605
-2207 -955 1224 9359 23668 -23813
-3039 -928 907 10469 25014 -26841
-3316 -901 708 11823 26825 -29518
-3372 -797 505 12427 26657 -28831
-3154 -642 288 12502 24905 -26633
-3238 -510 26 12638 20310 -22526
-3711 -479 -302 12764 16896 -20250
-3998 -558 -413 12971 12971 -18178
-4438 -556 -498 13093 11059 -17989
-4619 -360 -503 13171 10868 -18538
-4517 -191 -506 13530 11040 -19249
-4278 63 -523 13968 10587 -19394
-4075 272 -496 14847 8558 -18789
-3761 559 -396 15478 6298 -17929
-3716 686 -420 16911 1968 -16875
-3785 807 -489 19049 -2242 -16788
-3744 900 -428 20404 -4006 -17115
-3512 1113 -116 21484 -3949 -17400
-2924 1212 525 21162 -2182 -16792
-1570 596 173 24080 -17596 -17939
-1316 362 241 24790 -14062 -19640
-1165 200 265 25413 -7201 -21049
-1249 -82 274 25563 -2608 -21781
-1270 -233 312 25470 2758 -22634
-1200 -402 333 25193 5703 -22838
-1105 -584 340 24977 6905 -22487
-994 -689 400 24566 8146 -20862
-859 -899 381 24358 8498 -19081
-891 -1041 276 24324 7834 -15998
-1029 -1127 184 24342 6623 -14039
-1121 -1179 240 23933 4679 -11403
-1202 -1664 306 23340 2625 -8730
-1268 -2251 293 23094 1006 -6906
-1403 -2522 300 22898 -726 -5018
-1860 -2781 194 23061 -1585 -4796
-2253 -2905 77 23666 -3665 -6144
-2573 -3174 136 24030 -5724 -8144
-2636 -3426 211 24147 -6376 -9347
-2757 -3512 179 24525 -6361 -10993
-2779 -3531 124 25534 -4887 -11979
-2796 -3426 61 26586 -3137 -12238
-2893 -3272 35 28661 403 -12446
-3035 -3057 26 30209 3121 -12606
-3350 -2684 -32 32661 7142 -12954
-3564 -2281 -145 32767 9587 -12878
-3604 -2024 -250 32767 13324 -11507
-3409 -1740 -357 32767 15764 -9243
-3305 -1619 -483 32767 17201 -4137
-3246 -1631 -715 32767 14458 2503
-3282 -1712 -960 32767 10038 7350
-3441 -1762 -1125 32767 1428 14457
-3569 -1824 -1271 32767 -2803 18883
-3810 -1581 -2039 32767 -6001 24575
-4028 -1272 -3039 32767 -6988 28893
-4776 -1147 -4799 32767 -6493 30477
-5325 -910 -5480 32767 -669 30189
-5937 -262 -5131 32767 5937 27927
-5896 811 -3887 6520 11832 21526
-5416 1677 -4062 -30622 11986 14861
-3882 2051 -4920 -32768 13870 14332
-2552 2197 -5055 -32768 27917 22805
-151 2478 -2977 -32768 32767 32767
1620 2799 776 -32768 32767 32767
1729 1627 5593 -32768 32767 32767
699 866 3191 -32768 32767 32767
-959 -245 1907 -32768 19164 32767
-2078 -296 756 -32768 709 32294
-1426 -201 1253 -32768 1199 26681
-314 -519 1986 -32768 8859 23242
-57 -313 2034 -32768 10768 22961
-21 208 2078 -32768 6144 23501
-177 287 1888 -31802 -757 23838
-352 265 1684 -28695 -10486 23351
-689 174 1258 -27034 -14182 22134
-1084 -48 689 -24218 -15021 19180
-1288 -347 319 -20914 -11619 15955
-1436 -630 -75 -18654 -8105 14339
-1246 -677 -242 -15761 -1691 13532
-1096 -716 -233 -13882 5474 14511
-1123 -775 -89 -13318 10524 15224
-2337 -701 1254 -7822 14470 1371
-2375 -478 1393 -6080 17057 2685
-2484 -407 1428 -4673 18931 3147
-2769 -465 1357 -1998 20976 2294
-3273 -295 1385 -274 21061 538
-3530 -177 1496 1450 19144 -3204
-3659 -134 1660 1960 16783 -5766
-3597 -144 1654 2409 12446 -8813
-3439 -174 1385 3521 7892 -10852
-2119 -1120 288 16246 116 -13885
-1761 -1381 284 17797 443 -13090
-1506 -1234 179 18897 1108 -12552
-1312 -1154 154 20662 1707 -11979
-1201 -1194 121 22430 290 -12114
-1200 -1205 127 23405 -1866 -12604
-1175 -1205 215 24274 -5719 -13809
-1085 -1301 600 24210 -7876 -14778
-1111 -1389 634 24065 -10418 -16665
-1287 -1431 823 23762 -12119 -19159
-1433 -1212 1081 23260 -13234 -20987
-1528 -1133 1331 22075 -15078 -23780
-1498 -1154 1752 21329 -15954 -25190
-1452 -1121 1936 20932 -16810 -26212
-1351 -1005 1996 21764 -17055 -26335
-1493 -884 1901 25319 -16091 -26845
-1986 -474 1979 30323 -9357 -29185
-2387 -53 2427 32767 -549 -31262
-2569 64 2426 32767 12933 -32768
-3137 367 1976 32767 19182 -32768
-3466 742 1719 32767 19601 -32558
-3800 1062 1550 32767 15664 -27932
-4236 1677 1088 32767 8596 -21297
-4557 2049 473 32767 3907 -16654
-5460 2291 -781 32767 -873 -10581
-6377 2102 -2064 32767 -842 -6954
-6714 1844 -2936 32767 4915 -103
-6405 822 -3683 32767 11119 6561
-6345 -457 -4148 32767 17687 18283
-5756 -1908 -4263 32767 19178 26737
-5733 -3739 -4658 32767 15977 32767
-6196 -5114 -5677 32767 10814 32767
-6509 -6616 -6370 14158 3550 32767
-7155 -7690 -6432 -2556 3333 32767
-9313 -9276 -5673 -22245 9118 29807
-10327 -10048 -4955 -32768 22553 19332
-8397 -10400 -3467 -32768 27137 18988
-5058 -10005 -2595 -32768 18456 32767
-4215 -9923 -2277 -32768 -2823 32767
-4769 -9801 -2119 -32768 -32311 -2739
-5919 -8815 -194 -32768 -26736 32767
-5339 -8953 784 -32768 -13881 32767
-4125 -7986 1707 -32768 399 32767
-3124 -7657 1309 -32768 5387 32767
-2480 -7312 1515 -32768 11368 32767
-1746 -6919 2111 -32768 16625 32767
-823 -6093 2870 -27463 24604 32767
-182 -5262 3365 -23713 29125 32767
121 -4796 3368 -19503 32767 32767
215 -4055 3159 -17249 32767 32767
165 -3495 2957 -14573 32767 32767
195 -3050 2613 -11990 32767 31827
236 -2703 2167 -9978 32767 27168
291 -2442 1941 -6866 32767 20531
410 -2166 1736 -5095 28940 16575
420 -2040 1655 -3396 22036 11359
390 -1963 1644 -3214 16690 6656
246 -1818 1610 -3797 14039 3562
36 -1785 1572 -5414 11174 -1613
-309 -1613 1478 -6729 10105 -5409
-568 -1420 1380 -8765 10025 -11533
-1214 -1244 1414 -10100 11516 -16030
-1590 -1110 1263 -10805 15605 -22573
-1979 -952 896 -8794 20770 -27997
-2648 -1025 426 -6007 23747 -31223
-3457 -1012 257 -1058 27545 -32768
-3908 -922 316 2135 29138 -32768
-3655 -1013 310 6367 25968 -32768
-3738 -1186 363 9503 18827 -28780
-4177 -1426 190 11175 14147 -24603
-4633 -1130 111 13113 10174 -20740
-5088 -774 63 14078 8838 -19733
-5183 -622 85 14954 7661 -19457
-5065 -271 109 15324 7764 -19676
-4893 -97 154 15722 9292 -19925
-4514 141 289 15933 10824 -19901
-4059 372 439 16256 12369 -19460
-3630 572 584 16328 11796 -18025
-2809 868 891 16093 10341 -16261
-2383 959 999 15707 7021 -12991
-1834 958 982 15767 4306 -10740
-1479 864 879 16516 -241 -7882
-1357 777 809 17923 -5238 -6394
-1291 637 777 19072 -8711 -6326
-1234 542 775 20680 -13571 -7317
-1319 251 711 21725 -16706 -8703
-1323 114 655 23142 -20231 -11518
-1285 22 518 24304 -20641 -15045
-1279 -43 448 24913 -18520 -17706
-1269 -188 428 25522 -11939 -21682
-1206 -442 355 26241 -3445 -25276
-1118 -554 226 26932 2407 -27284
-1192 -651 126 28459 9681 -29680
-1167 -879 1 30496 14533 -30596
-959 -1189 -4 31976 17221 -30120
-904 -1418 -3 32767 20860 -28237
-924 -1778 -100 32767 22819 -25411
-950 -1966 -183 32767 22268 -23199
-1033 -2134 -202 32767 17978 -19928
-1069 -2284 -130 32767 13342 -18005
-1225 -2386 -15 32767 5294 -16144
-1611 -2861 113 32767 30 -15767
-1942 -3139 74 31985 -6311 -16345
-2286 -3319 -26 30731 -8984 -17242
-2564 -3344 -124 29402 -10069 -18367
-2674 -3300 -202 28937 -8843 -18608
-2662 -3309 -249 29021 -4570 -17860
-2703 -3231 -297 29564 -482 -16888
-2950 -3190 -326 31041 6638 -15794
-3297 -3020 -324 32767 14193 -15095
-3510 -2581 -381 32767 18695 -14450
-3548 -2290 -377 32767 24193 -12602
-3422 -1985 -327 32767 26835 -10412
-3349 -1806 -350 32767 28144 -5910
-3232 -1530 -479 32767 26112 -2227
-3011 -1373 -657 32767 18548 4175
-2894 -1293 -709 32767 8296 10903
-6140 798 -7031 32767 3447 7575
-6103 79 -3751 -12230 22417 12265
-5401 -471 -360 -32768 25836 17222
-4207 -567 -817 -32768 14537 28665
-3203 248 -1365 -32768 3026 32767
-2077 301 -2472 -32768 460 32767
-1854 -632 -3278 -32768 5646 32767
196 80 -3648 -32768 15022 -32768
-1611 -1991 -460 -32768 32767 32767
-963 -2735 1672 -32768 32767 32767
-738 -2332 2834 -32768 32767 32767
-670 -2189 2723 -32768 32549 32767
-595 -2005 2122 -32768 23668 32767
-361 -1718 1959 -32768 11840 32767
-152 -1193 1690 -32768 4721 32767
-90 -992 1597 -32768 -4020 32767
-69 -973 1408 -28640 -9646 32767
-362 -1186 1158 -23101 -12002 32767
-482 -1236 1062 -17522 -13082 32767
-658 -1413 910 -15290 -12432 32767
-873 -1464 770 -13378 -9647 32767
-1201 -1444 634 -12506 -4024 25722
-1373 -1614 603 -12030 400 20533
-1394 -1652 617 -11021 6902 13245
-1354 -1515 774 -10151 11234 8937
-1396 -1452 928 -8719 17515 3167
-1307 -1252 1206 -7339 22324 -1398
-1438 -934 1413 -6561 24062 -4090
-1607 -800 1546 -5773 25174 -7488
-1649 -776 1791 -5459 25741 -9169
-1677 -715 1924 -4936 26293 -10931
-1793 -492 1935 -3835 25629 -12436
-2203 -279 1827 -2221 23982 -14602
-2639 -258 1916 -1252 23001 -16362
-2911 -222 1976 -46 21380 -19086
-3276 -48 1887 717 19967 -20943
-3486 49 1754 2150 18009 -23619
-3725 -49 1413 3455 16673 -24987
-3921 -131 1144 5912 13516 -26243
-3972 -150 804 8436 9747 -25853
-3882 -252 605 9930 7896 -24751
-3773 -386 491 11736 6494 -22142
-3608 -518 397 12957 6275 -19056
-3491 -515 343 13524 6382 -17051
-3347 -553 215 14236 5984 -14458
-2954 -536 118 14635 5532 -12818
-2609 -495 86 15296 5038 -10346
-2152 -551 44 15786 4468 -8830
-1972 -602 -36 16743 2455 -7135
-1710 -603 -128 17513 756 -6407
-1545 -642 -95 18547 -1781 -5728
-1296 -776 -70 19360 -3482 -5349
-1062 -860 33 19661 -3746 -5264
-969 -825 230 19224 -3248 -5546
-1014 -859 296 18550 -2105 -6453
-1130 -965 198 18426 -1014 -7536
-1289 -1024 185 18766 -158 -10096
-1611 -995 49 19502 -574 -12497
-1808 -913 66 20869 -2572 -16976
-2202 -793 347 21680 -5948 -22170
-2166 -765 674 21698 -8439 -25001
-1911 -783 1055 21492 -11826 -27594
-1269 -917 1039 22116 -13818 -27534
-1251 -1102 782 25001 -15509 -26227
-1532 -948 803 27594 -14067 -25443
-1519 -603 1051 31479 -6356 -24101
-1507 -354 1518 32767 1287 -23007
-1648 -156 1664 32767 12609 -21586
-1980 191 1721 32767 17980 -21096
-2474 652 1898 32767 20021 -21018
-3148 932 1937 32767 16050 -21389
-3462 1103 1814 32767 3096 -21650
-3716 1338 1536 32767 -9335 -20837
-4010 1620 1268 32767 -12551 -19883
-4607 1903 546 32767 -9009 -17569
-4962 1890 -153 32767 -4032 -15054
-5519 1566 -1400 32767 636 -9908
-5669 915 -2262 32767 1292 -5394
-5720 357 -2336 32767 3508 2481
-5566 -375 -2696 32767 6526 8335
-5404 -793 -3010 32767 12409 17470
-5459 -1823 -3392 32767 17030 24889
-5782 -2881 -3492 32767 18694 27559
-6070 -3669 -3417 29630 21130 27087
-6777 -5216 -3746 19088 22328 24501
-6890 -6214 -4354 4092 20176 20556
-7186 -7495 -4553 -7529 15632 18560
-7019 -7808 -3675 -32768 8228 18262
-6314 -7762 -1759 -32768 4940 20802
-5760 -7920 -1415 -32768 -796 30478
-4544 -8014 -1406 -32768 -8323 32767
-4218 -7890 -1833 -32768 -17803 32767
-4648 -7881 -2109 -32768 -24283 32767
-4851 -7806 381 -32768 -32195 32767
-4554 -8008 -473 -32768 -31558 32767
-4131 -7454 -53 -32768 -18887 32767
-3137 -7066 -142 -32768 -860 32767
-2130 -6865 84 -32768 9903 32767
-1706 -6504 514 -22293 21363 32767
-1292 -6087 1489 -17069 25605 32767
-1207 -5771 2096 -13077 26982 32767
-966 -5373 2685 -12228 25689 32767
-812 -5044 2914 -12468 23266 32767
-396 -4426 2745 -12495 23081 32767
12 -4043 2298 -10757 25602 32767
567 -3570 1654 -7335 30899 31948
1024 -3053 1614 -5286 32767 24238
1320 -2736 1632 -2841 32767 13196
1496 -2328 1841 -1897 32767 6167
1461 -2121 2013 -1489 32767 -3860
1244 -1785 2144 -1838 32767 -13071
714 -1535 2100 -2200 25020 -21295
-217 -1381 1740 -1975 19665 -26313
-1057 -1252 1570 -1292 14821 -32768
-2236 -1149 1272 197 15011 -32768
-3092 -1447 857 1833 16587 -32768
-3303 -1592 780 4116 19846 -32768
-3315 -1389 783 5050 22659 -32768
-3515 -1110 661 6020 25714 -28411
-4003 -966 198 7382 24762 -22101
-4515 -1032 -64 8322 22450 -19186
-4906 -1122 -107 9327 17936 -17372
-5177 -1010 -16 9527 14690 -17416
-5084 -741 174 9111 10281 -18452
-4789 -520 231 8621 7328 -19132
-4395 -160 152 8798 6025 -19224
-4208 71 43 10276 4136 -19026
-4047 341 -107 12012 2375 -18905
-4108 532 -220 15411 -766 -19174
-4036 651 -93 18568 -1907 -19564
-3443 1018 376 19866 -406 -19122
-2806 1286 837 20559 4420 -17071
-2383 1288 1031 20481 9248 -13668
-2008 1252 1019 20540 11115 -11305
-1809 1341 982 20941 11738 -8174
-1558 1363 940 21478 9537 -6093
-1333 1332 930 21831 6584 -5548
-1370 1318 771 22732 -128 -6630
-1441 1044 754 23192 -5236 -8587
-1454 720 701 23215 -10149 -12849
-1685 475 908 22730 -11968 -16433
-1791 67 514 22369 -12696 -22138
-1731 -51 482 21962 -11231 -27311
-1550 -191 371 21782 -9142 -29886
-1379 -359 271 22133 -4840 -31562
-1120 -609 142 23226 -414 -30441
-941 -714 66 24203 2201 -28513
-941 -853 125 25394 5748 -24795
-854 -1150 217 25977 8031 -21812
-846 -1311 261 26481 10770 -17138
-885 -1512 281 26540 11931 -14324
-938 -1526 324 25997 13127 -11109
-1139 -1762 377 25217 13419 -9419
-1352 -2425 304 24912 12604 -8995
-1579 -2688 243 24798 9579 -9764
-2127 -2932 276 24825 6584 -11317
-2347 -3207 308 24825 1775 -14172
-2507 -3474 336 24965 -1010 -15874
-2506 -3620 310 25729 -3446 -17416
-2581 -3803 233 27512 -3431 -17876
-2687 -3769 -5 29498 -2517 -17707
-2755 -3707 -105 32767 -612 -16794
-3088 -3579 -421 32767 2380 -15655
-3410 -3168 -696 32767 5876 -14670
-3606 -2849 -739 32767 13525 -12534
-4003 -2407 -835 32767 18946 -10604
-4128 -2154 -978 32767 23767 -6113
-4180 -2021 -1104 32767 22976 -1943
-4340 -1919 -1410 32767 16808 5573
-4298 -1936 -1422 32767 11581 11535
-4241 -2560 -1861 32767 3238 21436
-4192 -2962 -2858 32767 -1795 28344
-4714 -2657 -4732 32767 -6411 32767
-5443 -2352 -5393 32767 -7182 32767
-5913 -2112 -4629 25401 -5669 32767
-5993 -939 -2953 1149 100 32767
-5942 -62 -3573 -32768 9365 28232
-5165 1403 -5893 -32768 17503 23769
-3447 2021 -6878 -32768 32767 26474
-196 2597 -4332 -32768 32767 32767
2635 3217 493 -32768 32767 32767
-475 2704 2978 -32768 32767 32767
1828 1664 3698 -32768 32767 32767
-1000 -258 2004 -32768 24487 32767
-1733 -244 1571 -32768 6102 30542
-1181 -313 2264 -32768 5655 22036
-536 -642 2423 -32768 7648 16764
-193 221 2381 -32768 3638 16811
-276 300 2007 -32768 -2979 18018
-400 259 1679 -32114 -13763 19751
-812 165 1106 -30544 -18239 19829
-1238 -75 623 -27636 -18686 17740
-1636 -831 -96 -24143 -13686 14818
-1647 -1141 -414 -22152 -8836 13345
-1584 -1187 -494 -20119 -1763 12301
-1360 -1181 -435 -19537 2787 12414
-1213 -1035 -388 -19211 8857 13135
-1201 -892 -281 -19073 13483 13498
-1249 -979 -126 -18764 15418 13369
-1331 -976 -11 -17904 15663 12519
-1428 -952 210 -17256 14354 11549
-1665 -952 595 -16173 11991 9808
-1740 -818 989 -15005 9887 8219
-1913 -633 1325 -14115 8668 7277
-1945 -451 1763 -12985 7492 6491
-1933 -378 1985 -11852 6421 6727
-2153 -338 2295 -10510 4485 7159
-2430 -401 2476 -9251 3157 7229
-2538 -360 2492 -6328 2140 6909
-2811 -218 2424 -3769 2119 6013
-3030 -227 2332 705 2491 3752
-3116 -315 2298 4812 3457 1353
-3160 -327 2273 7012 4063 -158
-3294 -294 2148 9343 4271 -2160
-3192 -276 2020 10283 4370 -2985
-2954 -159 1851 11075 5183 -3671
-2618 -292 1590 11469 6019 -3805
-2554 -429 1457 11929 5959 -4539
-2894 -710 1172 12291 4219 -5887
-2932 -938 996 12714 -58 -8646
-2822 -851 984 12357 -4362 -11871
-2738 -745 886 11831 -6733 -14223
-2555 -871 759 11245 -9399 -17121
-2142 -1079 653 10915 -9840 -18850
-1705 -1377 684 10819 -8626 -19333
-1446 -1372 563 11477 -6317 -19589
-1288 -1519 376 12529 -5132 -20077
-1230 -1668 230 14930 -4352 -21636
-1277 -1724 20 16959 -4806 -23529
-1508 -1717 -28 19791 -6251 -27696
-1515 -1804 103 21378 -8110 -32235
-1384 -1890 271 21785 -8898 -32768
-1176 -1917 409 21707 -8641 -32768
-1272 -1873 293 21811 -8273 -32768
-1266 -1774 178 22641 -7536 -32768
-1073 -1598 135 23694 -5821 -32768
-909 -1582 144 25989 -765 -32768
-863 -1383 220 28868 5543 -32768
-1033 -1280 261 30959 9430 -32768
-1298 -1281 370 32767 13476 -32473
-1517 -1229 564 32767 13907 -30471
-1569 -1131 671 32767 10386 -27686
-1735 -1035 917 32767 4777 -26049
-2243 -970 1084 32767 2145 -26195
-2563 -816 1080 32767 1543 -27750
-2940 -429 996 32767 4201 -29067
-3179 -160 851 32767 11488 -30670
-3554 34 705 32767 17466 -31081
-3854 164 658 32767 25108 -30540
-4350 500 649 32767 27772 -29381
-4708 673 620 32767 26540 -26409
-5149 589 175 32767 22198 -23240
-5341 517 -130 32767 14499 -16452
-5371 276 -978 32767 9384 -7266
-5567 -201 -1973 32767 7945 -530
-5699 1 -2610 32767 8551 8327
-6199 246 -3686 32767 9708 12634
-6223 -343 -4113 32767 14394 18776
-6762 -1586 -4668 32767 18902 21967
-6949 -2700 -4987 32767 27007 26009
-6741 -4241 -5484 32767 30068 29970
-6409 -5144 -4867 19496 30030 32631
-5883 -6162 -4523 1651 29556 32767
-5758 -6987 -4413 -26672 27519 32767
-6560 -8440 -4114 -32768 23560 32767
-7049 -9257 -3354 -32768 20829 32282
-7155 -9568 -2692 -32768 16100 32767
-7106 -10129 -1798 -32768 4669 32767
-6879 -10854 -1607 -32768 -8627 32767
-6702 -10844 -2022 -32768 -31065 32767
-7543 -12794 -4182 -32768 -32768 32767
-6153 -10363 231 -32768 -32768 32767
-6162 -10642 -2043 -32768 -31031 32767
-4279 -10423 -1885 -32768 -20590 32767
-3437 -10030 -1312 -32768 -9148 32767
-2249 -9477 -11 -26607 -2079 32767
-1623 -9054 921 -13427 9646 32767
-1012 -8353 1946 -7627 20854 32767
-730 -7693 2523 -7044 28651 32767
-275 -6679 2673 -7663 32767 32767
259 -5764 2350 -7551 32767 32767
619 -5110 2067 -5983 32767 32767
1361 -4187 1865 -4352 32767 32767
1798 -3797 1814 -2257 32767 28876
2183 -3002 1941 -1546 32767 18936
2158 -2391 1975 -1659 31272 12289
2033 -2146 1932 -2019 28569 2398
1573 -1886 1782 -2056 26787 -4150
1143 -1779 1639 -1700 22798 -13676
466 -1638 1452 -1362 19404 -19387
-498 -1500 1393 -1176 15174 -27145
-1226 -1454 1318 -851 13649 -32768
-2147 -1453 1021 599 14204 -32768
-2998 -1507 792 2085 15882 -32768
-3306 -1537 787 4262 19612 -32768
-3629 -1477 851 5944 21599 -32768
-1339 490 876 22332 2239 -9778
-1259 383 644 23119 2300 -11150
-1287 308 415 24930 1746 -14398
-1195 351 318 26228 1470 -16960
-948 348 146 28053 2735 -20947
