-1642 -799 734 26420 -12024 -32768
-1652 -823 722 25198 -13107 -32768
-1575 -913 618 24823 -13656 -32768
-1416 -862 500 25404 -12359 -30164
-1421 -566 540 26309 -8353 -27197
-1619 -329 634 28449 3502 -23390
-2234 -127 682 30538 12715 -21886
-2468 41 597 32767 21800 -20313
-2596 509 497 32767 21647 -18649
-2860 791 627 32767 17580 -17502
-3088 756 719 32767 9179 -15824
-3445 916 621 32767 3440 -14834
-3793 1185 417 32767 -3154 -14055
-4513 1447 -65 32767 -3864 -14238
-5366 1606 -565 32767 -24 -14652
-5643 1660 -891 32767 8647 -14152
-5731 1490 -1310 32767 14657 -10744
-5471 1170 -1480 32767 16481 -6167
-4812 68 -1614 32767 15847 3291
-4800 -1197 -2217 32767 14022 9944
-4712 -1520 -2613 32767 11501 19407
-4652 -2123 -2796 32767 10823 27070
-5137 -3271 -3147 32767 12798 31157
-5725 -4161 -3473 32767 15158 31523
-5942 -4634 -3414 25965 19042 30063
-5629 -5168 -3152 18473 21813 29119
-5470 -5701 -3114 4102 22805 28219
-5551 -6728 -2463 -15889 18810 27193
-5718 -7448 -1932 -32575 14046 26459
-5396 -7727 -818 -32768 9931 26702
-4832 -7805 -320 -32768 6021 30368
-4158 -7836 -281 -32768 4910 32767
-3899 -8056 -688 -32768 3400 32767
-4113 -8223 -827 -32768 -5253 32767
-4655 -7963 -1112 -32768 -14330 32767
-4190 -6202 6883 -32768 -23422 32767
-4081 -7075 30 -32768 -14870 32767
-3295 -6926 382 -32768 -5805 32767
-3093 -6805 -114 -32768 4939 32767
-2847 -6634 621 -32768 9299 32767
-2435 -6009 1588 -23732 13539 32767
-2338 -5714 2041 -15409 14562 32767
-2102 -5299 2741 -12043 14504 32767
-1717 -4946 3180 -11813 15546 32767
-1525 -4677 3346 -13492 20138 32767
-1005 -4130 3254 -15416 28105 32767
-289 -3735 2389 -15011 32767 32767
534 -3232 1489 -11257 32767 32767
904 -2849 1346 -6318 32767 22399
1203 -2558 1536 -3782 32767 15110
1294 -2261 2015 -2172 32767 4474
1322 -1991 2409 -3459 32767 -5545
1312 -1689 2708 -6169 28113 -14277
1043 -1424 2538 -7716 21219 -19263
723 -1299 2194 -8194 13972 -25428
-307 -1172 1496 -6859 11403 -29155
-1304 -1187 1134 -2952 11456 -32768
-2893 -1353 650 2839 15121 -32768
-4064 -1769 283 7136 18403 -32768
-4131 -1844 447 11840 24836 -32768
-4332 -1358 705 13614 30037 -32516
-4885 -1009 555 13650 29614 -28119
-5188 -1091 364 12649 23020 -22031
-5252 -1120 185 11577 17170 -18490
-5072 -687 146 9654 10493 -14545
-4970 -451 89 8240 7223 -12586
-4814 -275 21 7841 6643 -12251
-4642 3 73 7870 6662 -12588
-4296 266 156 8749 6218 -13694
-4011 448 242 10300 3991 -14775
-3530 645 471 11434 1330 -15242
-3175 725 683 12882 -3240 -15502
-2625 741 931 13755 -6096 -15316
-2176 759 1110 14769 -9419 -14294
-1700 874 1356 15773 -11423 -13113
-1320 708 1359 16860 -12062 -12536
-1157 510 1257 19287 -12640 -12239
-1000 500 966 21483 -12995 -12606
-1124 584 802 25243 -14194 -14803
-1468 268 495 27808 -15548 -17480
-1533 47 459 30694 -12715 -23265
-1685 233 722 31460 -8815 -27493
-1500 -6 696 32029 -2500 -32711
-1473 -225 476 32767 2814 -32768
-1380 -297 331 32767 6097 -32768
-1299 -417 242 32767 10725 -32768
-1214 -618 196 32767 13300 -32768
-1035 -710 259 32767 16288 -32768
-708 -917 411 32767 16965 -32246
-710 -1082 469 32767 15743 -29060
-1029 -1230 476 32767 11430 -25604
-1406 -1470 425 32767 5513 -23604
-1475 -1683 401 32767 1933 -22588
-1549 -1865 312 31809 -1889 -21072
-1597 -2198 128 31175 -3156 -19814
-1633 -2508 -7 30916 -3435 -17687
-1784 -2774 -40 30979 -2270 -15737
-1980 -2977 -26 31079 -646 -14880
-2401 -3373 -61 31392 2185 -14333
-2560 -3691 -62 31540 3886 -14115
-2752 -3608 -132 31821 6051 -14269
-2912 -3591 -41 31858 7630 -14410
-2925 -3695 -16 31832 10075 -14054
-3074 -3618 -78 31968 11690 -13648
-3159 -3453 -104 32359 13906 -12742
-3157 -3203 -36 32556 15336 -11736
-3077 -2841 24 32701 17145 -9607
-3035 -2613 23 32647 17819 -6917
-3124 -2342 -107 32550 16436 -4088
-3083 -2145 -178 32304 14898 -1988
-3068 -2041 -329 32094 12097 1466
-3089 -1926 -548 32194 9996 4024
-3085 -1755 -812 32422 7112 8043
-3153 -1465 -976 32398 5967 10575
-3230 -1186 -1056 31963 5786 13725
-3539 -851 -1645 32079 6302 15130
-3664 -521 -2210 32767 8293 16340
-3900 60 -3494 32767 10218 16393
-4179 425 -4945 32767 9048 15537
-5003 799 -6676 32767 7158 13073
-5927 842 -7063 32767 10198 11255
-6110 737 -6213 17708 19170 9567
-6146 914 -3248 -13666 24973 9095
-5428 1005 -2661 -32768 24868 12461
-3630 1021 -2963 -32768 22171 19368
-2377 1438 -3371 -32768 20887 32767
-1052 1224 -2973 -32768 23545 32767
-2933 671 -3768 -32768 18252 -13868
-2243 -663 -684 -32768 28281 32767
-2532 -2334 -381 -32768 28264 32767
-2145 -2602 891 -32768 26322 32767
-1715 -2569 1953 -32768 16120 32767
-808 -2504 2599 -32768 9176 32767
-389 -2173 2468 -32768 2030 32767
-75 -1604 1952 -32768 -705 32767
5 -1271 1755 -32768 -809 32767
-13 -972 1569 -29024 19 32767
-126 -894 1372 -23299 811 32767
-462 -1106 1120 -21086 1260 30372
-593 -1198 948 -19532 2462 24860
-651 -1183 647 -19106 3938 21470
-573 -1199 438 -18500 7122 17331
-545 -1151 142 -17879 9927 15065
-615 -1023 39 -16584 14981 11907
-738 -994 45 -15038 19895 8768
-836 -1010 97 -13865 22313 6718
-967 -955 215 -12243 24157 3545
-1146 -868 436 -10817 24126 350
-1247 -762 572 -9964 23413 -1620
-1368 -569 671 -8606 21831 -4196
-1472 -399 901 -7861 21077 -5539
-1623 -308 1001 -6826 20707 -7265
-1829 -119 1149 -5946 20378 -8660
-2093 -22 1176 -5212 20161 -9619
-2499 -41 1185 -3703 20622 -11100
-2949 -219 1112 -2132 21916 -12024
-3275 -342 994 1189 24972 -13405
-3907 -347 854 4663 27475 -15107
-4340 -221 924 6379 27486 -15933
-4330 -262 1045 7471 24779 -15501
-4169 -256 1143 7321 21834 -14125
-3857 -133 1186 6281 17276 -10802
-3913 -45 940 5737 13687 -8920
-3994 -302 628 5672 7116 -6996
-3915 -430 537 6134 895 -5835
-3638 -347 392 6698 -2385 -5330
-3210 -230 302 7800 -5278 -4906
-2854 -215 239 9572 -5422 -4372
-2312 -262 137 11223 -4378 -3948
-1941 -365 107 14391 -2149 -3199
-1472 -718 -121 21453 104 -3705
-1449 -884 -125 25969 -27 -5319
-1487 -1098 -38 28583 -740 -6926
-1578 -1195 49 31507 -2447 -10058
-1712 -1506 207 32767 -4136 -13793
-1752 -1744 106 32767 -5486 -16425
-1918 -1668 93 32767 -8540 -21045
-2058 -1420 412 32767 -10714 -24369
-2058 -1346 601 31359 -13355 -29146
-1981 -1403 806 28272 -15492 -32768
-1781 -1517 902 26154 -16930 -32768
-1663 -1533 932 23357 -19193 -32768
-3660 487 1153 32767 -4997 -15553
-3991 734 565 32767 -13051 -14463
-4387 1149 -143 32767 -13748 -12624
-4808 1518 -794 32767 -3489 -10715
-5536 1950 -1975 32767 4124 -9483
-5775 2115 -2536 32767 11838 -6746
-5759 2039 -2729 32767 14457 -3863
-5479 1483 -2470 32767 17338 3193
-4881 -28 -2556 32767 16595 13911
-4563 -2135 -2826 32767 12787 21885
-4695 -3384 -2981 32767 8919 31678
-5076 -4330 -3533 32767 10360 32767
-5320 -4903 -3698 20519 16173 32767
-5452 -5688 -4023 5800 20629 32767
-5894 -7013 -3685 -5402 20713 32767
-6671 -7586 -3309 -25644 17882 31737
-6912 -7653 -2156 -32768 15629 25706
-5721 -7054 -1062 -32768 13627 24353
-5062 -6724 -674 -32768 8197 26531
-4387 -6779 -949 -32768 1767 30840
-4046 -6864 -1075 -32768 -14244 32767
-8805 -7699 -7212 -32768 -32768 -23640
-3478 -6144 -453 -32768 -30923 32767
-3898 -6415 -617 -32768 -26832 32767
-4011 -5856 -705 -32768 -16246 32767
-3824 -5883 -690 -32768 2271 32767
-3198 -5992 66 -26474 16887 32767
-2731 -5630 813 -17157 22514 32767
-2598 -5426 1337 -8319 24536 32767
-2427 -5331 2022 -5871 22781 32767
-2374 -4968 2481 -7164 19123 32767
-2300 -4062 3345 -13608 19639 32767
-1687 -3670 3443 -18426 21729 32767
-1092 -3520 2893 -22125 24373 32767
-331 -3318 1938 -21743 26151 31323
322 -2989 1479 -18365 30553 24367
684 -2793 1384 -14084 32767 18231
1044 -2397 1464 -11491 32767 14321
1068 -2147 1552 -8220 32767 8100
1008 -1902 1702 -5707 32767 1600
909 -1676 1829 -4365 32767 -2574
860 -1544 1918 -2831 30374 -8180
521 -1365 1889 -1992 24180 -11733
-145 -1181 1696 -719 15349 -17143
-1097 -1048 1380 995 9351 -22817
-1869 -1024 1113 3637 7610 -29159
-3263 -1002 653 6023 9279 -32768
-3842 -1014 451 10271 15124 -32768
-3785 -1098 338 13206 19648 -32768
-3957 -921 352 16604 24389 -32768
-4225 -609 314 18444 25663 -28979
-4525 -687 179 19022 24038 -24654
-4655 -918 124 18996 18752 -18990
-4787 -565 49 18361 14219 -16677
-4749 -224 103 16566 7538 -15208
-4568 6 173 14543 2931 -15317
-4307 224 82 13736 1605 -15973
-4152 359 -10 13729 1447 -17524
-3962 442 -100 14554 1917 -18763
-3571 487 -42 16394 2590 -20429
-3026 564 286 17485 3071 -21168
-2606 591 489 18795 3787 -21577
-2088 678 707 19369 3933 -21688
-1861 748 781 19840 2965 -21999
-1543 770 885 20033 349 -22368
-1429 657 871 20256 -1952 -22739
-1524 452 732 21292 -6084 -23968
-1784 187 461 22420 -8891 -25384
-1820 89 412 23967 -11872 -27496
-1652 -29 544 24592 -12159 -28443
-1515 -164 667 24939 -9183 -28840
-1341 -424 578 25532 -2828 -28086
-1214 -335 446 26153 2109 -27061
-1260 -358 364 27597 9020 -25112
-1448 -780 124 29087 12559 -23741
-1363 -1056 108 31435 16157 -21084
-1236 -1121 167 32767 17983 -17730
-1055 -1148 300 32767 17260 -14218
-1108 -1260 289 32767 14888 -12344
-1162 -1445 299 32767 9214 -10454
-1314 -1799 287 32684 2681 -9944
-1428 -2101 245 31666 -1391 -10174
-1467 -2325 254 29854 -6169 -11022
-1679 -2769 228 28187 -8846 -12375
-1947 -3311 53 27597 -9552 -13457
-2118 -3533 -95 27654 -9075 -15290
-2410 -3729 -349 28764 -7163 -16953
-2369 -3856 -475 29896 -5086 -17368
-2317 -3869 -491 31810 -104 -16770
-2252 -3872 -448 32767 4428 -15768
-2364 -3685 -489 32767 11510 -13794
-2514 -3521 -459 32767 17284 -12013
-2752 -3205 -351 32767 21031 -10657
-2986 -2806 -184 32767 22651 -10016
-3095 -2576 -74 32767 23915 -9109
-3104 -2265 -35 32767 23626 -7428
-2910 -1952 -9 32767 22476 -5617
-2834 -1783 -55 32767 19521 -2031
-2744 -1664 -254 32706 14706 2472
-2734 -1611 -566 31960 10806 5728
-2783 -1513 -784 31342 5458 10376
-2980 -1330 -1081 31284 2299 14265
-3205 -1150 -1466 31624 1371 16323
-3276 -915 -1733 32767 2187 18733
-3578 -608 -2467 32767 4328 19707
-3691 -438 -3264 32767 8106 20414
-4238 234 -5330 32767 7259 19027
-4988 722 -6741 32767 4564 16481
-5458 840 -7148 32767 4914 11138
-6289 941 -6569 26287 14855 6348
-6388 355 -4264 289 23308 5344
-5699 22 -3028 -32768 28030 8582
-3882 -134 -2413 -32768 22509 14924
-3093 250 -2030 -32768 12333 28867
-2081 273 -2318 -32768 12861 32767
-1568 -162 -1743 -32768 18671 32767
-4667 -837 -1286 -32768 32052 32767
-1779 -1255 -1 -32768 32767 32767
-1794 -2341 924 -32768 32767 32767
-1496 -2298 1356 -32768 25745 32767
-895 -1980 1820 -32768 17719 32767
-119 -1917 2256 -32768 8188 32767
230 -1640 2372 -32768 4162 32767
490 -1156 2211 -32768 3184 32767
574 -829 2067 -32768 2164 32767
499 -558 1845 -27746 -364 32767
121 -350 1646 -25637 -3109 32767
-136 -310 1527 -24070 -6871 32767
-346 -528 1195 -23275 -7827 28884
-396 -677 838 -21180 -6531 22774
-514 -834 338 -17710 -2413 17284
-690 -993 93 -15089 1425 14004
-837 -1053 115 -11608 8203 9553
-1228 -1052 329 -9292 14960 5066
-1519 -1067 608 -8426 18845 2240
-1659 -1116 749 -7781 23263 -1618
-1748 -1071 1001 -7739 25476 -3784
-1870 -976 1113 -7722 27867 -6676
-2179 -877 1160 -7326 28702 -9560
-2411 -873 1363 -7060 28371 -11219
-2342 -822 1438 -6307 26759 -12507
-2232 -598 1436 -4876 23816 -12417
-2286 -337 1367 -3566 21576 -12039
-2390 -191 1330 -1087 18320 -11479
-2834 -262 1225 822 15905 -11541
-3049 -266 1296 3307 11953 -12344
-3564 -305 1227 5419 6802 -14404
-3838 -373 1114 6511 2772 -16120
-4065 -417 957 7436 -2808 -18400
-4001 -492 945 7438 -5011 -19420
-3956 -674 858 7215 -5304 -20272
-3813 -797 626 7372 -2279 -20632
-3467 -711 407 7871 1394 -20509
-3109 -682 335 9085 8522 -19760
-2603 -745 182 11062 15578 -18520
-2124 -847 100 12690 19343 -17674
-1951 -914 72 15288 21947 -16974
-1876 -1020 -77 18050 19415 -17292
-1895 -1028 -193 19806 15088 -18109
-1790 -1038 -183 21910 6700 -19844
-1633 -1010 -109 22820 -887 -21474
-1372 -1002 86 22711 -4298 -22228
-1244 -1004 187 21841 -6676 -22986
-1434 -1177 200 20843 -6791 -23980
-1397 -1193 94 20391 -6237 -24505
-1388 -965 121 19757 -4637 -24960
-1388 -775 202 19374 -2464 -24842
-1365 -917 325 19265 -722 -24004
-1491 -847 471 19220 48 -23284
-1601 -852 734 19043 155 -22198
-1944 -1010 625 19894 -1017 -21210
-2065 -1063 489 21170 -1674 -20190
-1944 -993 387 23899 -1796 -17625
-1882 -927 377 25946 -905 -15583
-2077 -837 543 28562 2866 -13704
-2622 -649 911 29748 7289 -13677
-2948 -382 1094 31401 14578 -14496
-2901 -94 1099 32767 19713 -14604
-2880 154 1170 32767 21019 -13677
-3036 615 1359 32767 19606 -12945
-3222 819 1400 32767 14551 -11780
-3567 1023 1201 32767 10728 -11102
-3970 1175 935 32767 6241 -10695
-4483 1531 478 32767 3368 -10085
-4817 1847 91 32767 2691 -9019
-4813 1891 -183 32767 3666 -5396
-4664 1683 -863 32767 3393 825
-4702 1180 -1613 32767 2204 5676
-4526 579 -2038 32767 699 13879
-4635 -496 -2072 32767 1638 18985
-4743 -857 -2248 32767 6269 24839
-4818 -1130 -2542 32767 10242 28384
-5344 -2427 -3240 32767 12337 29783
-5586 -3772 -3873 32767 13255 30200
-4151 -8145 -452 -32768 6491 32767
-4141 -8041 -1401 -32768 -10225 32767
-7214 -7110 -4399 -32768 -19661 7179
-3218 -7408 681 -32768 -21818 32767
-2652 -6559 2020 -32768 -13384 32767
-2555 -5683 1973 -32768 -1694 32767
-2329 -5536 1744 -32768 5441 32767
-2089 -5440 1787 -32768 13259 32767
-1652 -5052 1958 -32768 18476 32767
-1263 -4640 2222 -27598 20942 32767
-1096 -4357 2389 -20484 23966 32767
-985 -3923 2721 -17944 25688 32767
-876 -3430 2840 -16613 27360 32767
-730 -3139 2812 -16703 29231 31922
-398 -2832 2547 -16484 32244 26249
-43 -2573 2131 -15648 32767 22782
145 -2360 1897 -13428 32767 17883
311 -2074 1654 -11662 32767 14795
375 -1874 1654 -9463 31673 10496
485 -1591 1812 -8600 27887 7908
515 -1486 1834 -7794 21307 4318
434 -1392 1807 -7128 14814 594
11 -1353 1704 -6707 11084 -2387
-327 -1318 1579 -5981 6895 -7610
-999 -1176 1399 -5235 4774 -13499
-1718 -1121 1240 -4726 5177 -17483
-2231 -1066 1098 -3382 9463 -23091
-2771 -1142 867 -1899 14086 -26038
-3075 -1302 660 1239 20699 -28741
-3561 -1325 448 4833 24552 -29263
-3564 -996 322 7105 24836 -27969
-3577 -807 306 9600 20898 -24228
-3768 -677 261 11097 14127 -20192
-3914 -713 164 11852 9938 -18002
-4085 -556 141 12656 5774 -16297
-4379 -313 93 13355 3758 -16918
-4536 -222 60 13925 3078 -18258
-4571 -56 93 14828 2789 -20566
-4305 182 172 15528 2994 -21844
-4100 268 232 16700 3340 -23130
-3568 344 359 17508 3550 -23296
-3123 416 484 18521 3810 -22203
-2482 525 630 19504 3960 -19954
-2034 570 650 20397 3942 -18327
-1736 535 758 21811 3915 -15994
-1464 464 808 22902 4033 -14846
-1466 428 847 24646 3312 -14328
-1671 334 693 26720 339 -15695
-1921 248 526 28254 -2769 -17751
-2118 187 361 29677 -6072 -20416
-1976 206 333 31278 -9489 -24533
-1905 169 340 32151 -9855 -28139
-1893 55 281 32566 -8369 -30165
-1779 -103 246 32767 -4043 -31870
-1638 -231 277 32767 -164 -31975
-1593 -358 166 32767 6028 -30791
-1607 -2162 -133 23449 -2088 -5849
-1935 -2450 -210 23959 -4379 -5900
-2394 -2706 -330 24551 -5362 -6894
-2555 -2872 -322 25414 -5942 -8847
-2365 -3123 -186 25810 -5459 -9557
-2224 -3285 -113 26201 -3387 -9538
-2231 -3474 27 26542 -338 -8788
-2238 -3560 3 26960 2060 -8106
-2394 -3457 77 27775 6626 -7323
-2467 -3198 100 28351 9636 -6975
-2573 -2748 269 28830 12028 -6746
-2674 -2458 293 29657 14754 -6761
-2909 -1996 291 30721 17589 -7207
-3018 -1649 336 31382 19538 -7359
-3053 -1513 336 32281 21166 -6792
-3090 -1298 262 32688 19881 -5808
-3046 -1137 152 32767 14367 -2836
-2780 -1022 -51 32767 7424 2046
-2595 -858 -261 32767 3738 5880
-2684 -679 -546 32767 1099 10839
-3274 -386 -955 32767 1864 13702
-3724 -521 -1953 32767 4591 14706
-4178 -727 -2625 32767 11107 15002
-4598 -445 -3972 32767 14739 14930
-4590 -137 -4952 32767 14741 14782
-5434 167 -7287 32767 8582 13125
-6143 134 -7509 32767 4688 7865
-6594 239 -5780 6500 7452 3641
-5768 368 -2941 -30515 14204 5075
-4117 340 -2397 -32768 15954 18133
-2174 917 -2659 -32768 12716 32767
-1010 1040 -3260 -32768 11009 32767
-1137 626 -2826 -32768 25526 -5832
-1535 -1297 -2870 -32768 26668 32767
-1935 -1899 -749 -32768 27865 32767
-2022 -2266 1033 -32768 24287 32767
-2008 -2203 1427 -32768 17872 32767
-783 -2240 2225 -32768 14823 32767
299 -1959 2489 -32768 13207 32767
673 -1647 2400 -32768 10755 32767
826 -1248 2038 -32768 9081 32767
778 -1080 1864 -32768 5871 32767
664 -939 1742 -32079 3198 32767
542 -920 1633 -27257 -1854 32767
370 -899 1497 -24630 -5814 32767
277 -696 1194 -23362 -6948 31812
100 -621 943 -21349 -6767 27784
-254 -538 578 -19703 -5447 24496
-608 -545 315 -16793 -2154 18918
-899 -589 258 -13799 1714 12706
-1357 -707 271 -11930 4389 8515
-1535 -793 388 -9211 9182 2754
-1895 -837 392 -7222 12886 -717
-2116 -811 419 -4171 18891 -5212
-2305 -721 571 -1612 25543 -8208
-2576 -762 731 -259 29270 -9460
-2700 -860 840 1224 32689 -10141
-2781 -905 946 2165 32767 -9379
-3025 -832 842 2802 32767 -8618
-3126 -732 821 3635 32637 -7327
-3424 -610 734 4334 29736 -6471
-3610 -409 791 4451 27062 -6294
-3772 -294 787 4448 22449 -6789
-3833 -243 705 4544 19361 -7415
-3979 -320 484 5499 14329 -8942
-4009 -327 225 7320 9351 -10760
-3949 -380 9 8779 6126 -11920
-3839 -363 -110 11087 2284 -13462
-3524 -250 -124 12912 634 -14456
-3425 -307 -116 13846 408 -15028
-3176 -377 -37 14660 1425 -15084
-2812 -331 30 14869 2892 -14759
-2580 -228 60 14911 5198 -13926
-2095 -169 96 14894 6431 -13039
-1790 -160 94 15101 7513 -11365
-1467 -196 109 15395 7585 -10284
-1354 -340 -59 16509 6593 -9099
-1574 -423 -154 18128 3573 -9468
-1649 -420 -60 18930 927 -10286
-1577 -385 55 19448 -2344 -11706
-1433 -355 208 19177 -4306 -13133
-1299 -464 235 18885 -5188 -13936
-1302 -471 200 18479 -6572 -15317
-1616 -448 239 18065 -7965 -16752
-1822 -465 356 16863 -10416 -19475
-1947 -582 645 15505 -11908 -21279
-2110 -693 746 13128 -14375 -23836
-2071 -788 784 11628 -16176 -24795
-1763 -863 736 10199 -18743 -23883
-1579 -1021 724 9957 -20375 -20917
-1374 -1003 716 10694 -20236 -17956
-1285 -1142 535 14193 -18807 -12794
-1655 -1346 177 18222 -16793 -10212
-2173 -1212 208 25185 -10413 -9232
-2503 -1008 523 31668 567 -10104
-2314 -835 923 32767 8641 -10559
-2295 -592 1139 32767 19055 -11193
-2416 -115 1487 32767 25111 -11955
-2529 271 1772 32767 32052 -13916
-3033 760 1784 32767 29458 -16883
-3425 903 1609 32767 20671 -18940
-3784 957 1309 32767 2105 -20878
-3686 1170 994 32767 -8948 -20597
-3496 1267 840 32767 -16563 -17029
-3541 1275 262 32767 -15082 -12865
-4360 932 -848 32767 -7337 -5944
-4839 706 -1547 32767 1802 913
-5246 682 -1997 32767 6647 5112
-5676 748 -2408 32767 10765 11018
-7325 -8740 -2436 -32768 18756 30860
-6728 -8483 -1906 -32768 14776 26786
-5452 -8274 -1683 -32768 8188 30377
-4488 -7958 -1525 -32768 1655 32767
-4629 -7731 -1856 -32768 9715 20018
-4517 -7677 241 -32768 -3092 32767
-2720 -6984 2267 -32768 -3836 32767
-2888 -5976 2737 -32768 4 32767
-3000 -5626 1941 -32768 5195 32767
-3058 -5636 1321 -32768 13934 32767
-2621 -5091 1053 -32768 19584 32767
-1886 -4649 1182 -22677 19113 32767
-1544 -4618 1226 -14592 14727 32767
-1350 -4271 1656 -9030 5782 32767
-1405 -3775 2699 -10149 2350 32767
-1432 -3562 3032 -15954 3763 32767
-1360 -3352 2612 -21234 9012 32767
-1096 -3398 1720 -22566 13443 30814
-942 -3340 1214 -21067 20880 22495
-628 -3174 689 -18388 26211 17370
-379 -3069 609 -13485 32767 10908
-88 -2854 677 -8914 32767 5768
-82 -2465 911 -6525 32767 2735
-149 -2298 1155 -4309 32767 -1435
-253 -2105 1434 -3149 29393 -5272
-661 -1911 1574 -2633 23005 -8162
-1027 -1757 1677 -2217 13663 -13303
-1829 -1583 1694 -1990 9498 -17616
-2403 -1429 1674 -1374 8463 -24926
-3005 -1138 1504 -260 10936 -29601
-3302 -1060 1310 3091 16906 -32768
-3593 -897 1070 6275 21356 -32768
-3970 -619 1132 11517 28048 -32768
-4155 -447 1251 16221 32639 -32768
-4521 -137 1284 19587 31186 -32768
-4732 246 1377 20592 27160 -32768
-4520 373 1553 19706 19268 -32768
-3885 432 1766 17698 13967 -31281
-3517 495 1861 13602 8164 -22976
-3165 570 1673 11266 5973 -17630
-3041 549 1346 9724 3626 -11057
-2949 444 833 10125 2067 -8111
-2795 376 412 12481 -1094 -5587
-2602 399 213 16007 -5162 -4750
-2367 456 142 18324 -7832 -4808
-2080 408 135 21265 -10701 -5671
-1829 227 148 22833 -11240 -6662
-1675 84 184 24453 -9533 -8345
-1380 -85 252 24987 -6716 -9367
-1268 -117 333 24958 -278 -11085
-1227 -166 444 24292 6876 -13331
-1233 -190 375 24009 10900 -15086
-1188 -84 289 23962 14558 -17754
-1131 -246 158 24402 15339 -19201
-1051 -244 66 25494 14939 -20557
-894 -348 225 26003 14355 -20702
-774 -508 313 26195 12530 -19675
-759 -748 219 26154 9928 -18475
-857 -877 122 25760 3929 -16556
-1057 -1134 65 24689 -2842 -14862
-1072 -1432 87 23645 -6459 -13737
-1037 -1752 185 21796 -9492 -11916
-1186 -2416 188 20791 -10498 -11006
-1612 -2644 -32 20651 -11836 -11883
-2435 -2608 -455 21620 -12629 -14278
-2792 -2897 -578 23835 -12928 -18953
-3149 -3742 -662 26332 -11083 -22836
-3261 -4096 -645 28488 -6923 -24990
-3222 -4076 -510 29572 -2945 -25376
-3099 -3991 -458 31127 4317 -24333
-2826 -3748 -340 32689 12518 -21615
-2629 -3591 -360 32767 17958 -19084
-2492 -3073 -429 32767 24436 -15209
-2531 -2567 -369 32767 27058 -12896
-2580 -2330 -282 32767 28551 -10133
-2686 -2044 -62 32767 28106 -8799
-2783 -1908 36 32767 24862 -7385
-2957 -1803 32 32767 21172 -6706
-2950 -1763 6 32767 14197 -5343
-2810 -1689 -237 32767 8783 -3778
-2748 -1617 -504 32767 798 -371
-2733 -1654 -922 32767 -5804 4162
-2862 -1622 -1384 32767 -8790 7452
-3127 -1547 -1727 32767 -10927 11829
-3929 -1613 -2235 32767 -10633 13904
-4254 -1710 -2507 32767 -6623 16571
-4369 -1651 -2925 32767 1252 19728
-4487 -1355 -4432 32767 5644 21936
-4936 -1007 -5632 32767 6187 23908
-4655 -578 -5371 32767 7235 25474
-4816 -96 -4799 32767 9045 27163
-5223 451 -4529 8680 11911 24929
-5280 1079 -4941 -12657 15927 22490
-4729 996 -4872 -32768 21668 20753
-3419 1333 -3818 -32768 26143 24294
-1329 1250 -1751 -32768 29290 30804
-217 1427 -257 -32768 32767 32767
832 1063 675 -32768 32767 31710
-1015 468 473 -32768 32767 27930
-201 -630 1856 -32768 32767 32767
-738 -1170 1976 -32768 29851 32767
-586 -1137 2347 -32768 25697 28430
-103 -851 2900 -32768 25539 19919
353 -621 3018 -32768 24699 16667
502 -250 2899 -32768 20614 14984
465 210 2516 -32768 16419 15077
303 321 2239 -28298 7924 15453
-13 453 1712 -22339 -3099 15275
-386 443 1337 -19562 -10192 14719
-1020 241 1146 -17837 -18915 11566
-1307 111 910 -18544 -16917 10625
-1431 65 709 -19559 -11100 9665
-1703 -53 420 -19919 -6296 9239
-1856 -172 255 -19721 1462 8867
-1888 -397 119 -18574 9059 9019
-1996 -633 114 -17375 13603 9030
-2119 -714 81 -14916 18743 8461
-2500 -732 97 -12020 21078 6543
-2767 -687 219 -10158 21123 4893
-2845 -671 369 -7822 19293 2749
-2742 -816 581 -6571 17232 2169
-2624 -964 695 -4982 13628 2743
-2635 -1051 763 -3470 10253 4147
-2620 -1040 844 -2573 8652 5213
-2567 -956 871 -1289 7463 6727
-2550 -780 962 -199 7235 7494
-2680 -682 932 617 7121 7196
-2923 -581 879 2084 6207 4859
-3350 -492 804 3170 5062 2095
-3373 -447 766 4791 3356 -2739
-3458 -450 666 6530 2356 -7731
-3438 -494 534 7914 2098 -10822
-3430 -488 334 10129 2284 -15046
-3326 -435 199 11514 3052 -17395
-3085 -403 230 12997 5428 -19637
-2879 -462 432 13391 7655 -20458
-2762 -644 456 13569 11163 -20871
-2534 -778 522 13482 12845 -20572
-2388 -755 450 13499 12623 -19362
-2113 -787 368 13468 8618 -17149
-1767 -852 334 13461 4507 -15260
-1546 -840 370 13250 -2438 -12078
-1286 -868 424 13045 -6880 -9927
-1275 -928 399 12861 -12656 -7669
-1314 -993 404 12956 -16725 -6963
-1355 -925 390 13265 -19043 -7619
-1233 -1099 516 13412 -19068 -8566
-1390 -1183 539 13992 -18316 -11305
-1578 -1178 384 14913 -17995 -13895
-1627 -1162 547 16570 -16503 -18514
-1829 -1271 392 19500 -14901 -23404
-1892 -1192 424 21681 -13615 -26404
-1958 -1027 529 24682 -10024 -30230
-1839 -978 602 27185 -4404 -32206
-1419 -907 622 28879 -471 -31656
-1235 -938 613 31565 5057 -28237
-1444 -839 682 32767 9675 -24007
-1817 -518 966 32767 12526 -21549
-1995 -311 1092 32767 16399 -18579
-2196 15 1134 32767 17661 -16460
-2447 382 1159 32767 16140 -15588
-2600 662 1298 32767 10624 -15187
-3136 1033 1368 32767 5553 -15715
-3402 1223 1326 32767 -1802 -16859
-3827 1513 1159 32767 -5789 -17501
-4117 1723 799 32767 -5920 -17163
-4407 1951 307 32767 -1804 -14572
-4563 1693 -652 32767 1400 -11221
-5113 1038 -1633 32767 1157 -5313
-5501 625 -2279 32767 -611 -1255
-5405 846 -2269 32767 1262 4988
-5272 1038 -2410 32767 4564 9207
-4995 677 -2208 32767 11090 15796
-4790 -144 -2702 32767 15035 19972
-4903 -759 -2996 32767 17761 24777
-5066 -2124 -3247 29338 18145 27265
-5572 -3073 -3341 21431 17570 26707
-5895 -3527 -3329 8151 17262 23031
-5625 -4514 -3766 -353 17355 20964
-5533 -5679 -4131 -12519 17818 19824
-5729 -6408 -4161 -25823 18240 20185
-6188 -7616 -3418 -32768 18327 20893
-6342 -8090 -2536 -32768 17771 22318
-5945 -8930 -1368 -32768 16264 24392
-5626 -9622 -1238 -32768 8497 30365
-5001 -9997 -1411 -32768 -6884 32767
-4737 -8961 -1292 -32768 -18791 32767
-5405 -8655 -1613 -32768 -32768 32767
-4148 -7388 -1404 -32768 -32768 32767
-3184 -7118 -1500 -32768 -32264 32767
-2281 -6838 -1438 -32768 -16491 32767
-1744 -6686 -608 -32768 4327 32767
-1156 -6126 710 -18799 25333 32767
-544 -5582 1754 -12798 32767 32767
-324 -5104 2167 -7922 32767 32767
-223 -4492 2544 -6760 32767 32767
-337 -3961 2782 -7359 32767 32767
-523 -3202 2952 -8990 32767 32767
-323 -2667 2826 -9892 30050 32767
-316 -2235 2547 -10293 26265 26656
10 -1932 2037 -9736 25482 19307
244 -1770 1875 -8715 27210 9852
359 -1480 2012 -8499 29460 4225
338 -1330 1981 -8358 32064 -3409
259 -1248 1936 -7842 32410 -10266
11 -1124 1801 -7044 31491 -14465
-208 -1070 1655 -4987 28417 -20067
-856 -1099 1506 -2584 23903 -25147
-1723 -1103 1549 -1208 21006 -28211
-2109 -1194 1365 1352 16966 -31496
-2979 -1526 847 4872 13111 -32768
-3701 -1672 488 7436 12159 -32768
-3938 -1586 340 11419 14977 -31574
-4420 -1413 85 15457 19054 -28233
-4605 -1388 -168 18024 20296 -25040
-4538 -1279 -256 21178 19485 -19596
-4496 -929 -233 23030 16226 -15174
-4499 -679 -185 23584 13008 -13330
-4540 -544 -176 23783 7946 -12525
-4518 -323 -123 23657 5043 -12914
-4463 -213 -68 23398 1661 -14161
-4036 -49 59 23009 -468 -14984
-3388 206 235 22688 -1178 -15050
-2981 360 309 22447 -2148 -14638
-2421 499 354 22491 -3177 -14132
-2073 575 407 22794 -5706 -13093
-1712 664 509 23021 -8310 -12469
-1502 165 7 32005 12557 -29249
-1552 197 -78 32767 18047 -28055
-1426 111 -132 32767 18856 -25386
-1391 25 -113 32767 16277 -23013
-1494 -100 -120 32767 7998 -19059
-1349 -517 280 32767 -300 -14555
-1330 -823 535 29591 -5508 -10865
-1615 -887 470 25498 -9380 -8823
-1852 -1153 317 23351 -11308 -8263
-1959 -1434 240 21337 -13074 -8157
-2178 -1862 89 20699 -13645 -9157
-2573 -2060 -43 20860 -13236 -10642
-2701 -2230 -98 21763 -10860 -13270
-2717 -2577 -126 22645 -8229 -14787
-2571 -2787 -21 23814 -3244 -15952
-2520 -3041 150 24812 2346 -16041
-2516 -3328 246 25624 6130 -15438
-2492 -3468 199 27387 11579 -13759
-2493 -3457 240 28737 14838 -12343
-2642 -3161 281 30885 19082 -10413
-2766 -2948 259 32767 21657 -8983
-2889 -2554 291 32767 22023 -7980
-3074 -2299 297 32767 20716 -7598
-3327 -1981 262 32767 16680 -7177
-3611 -1775 41 32767 13109 -6720
-3730 -1693 -147 32767 8255 -4851
-3476 -1567 -549 32767 6106 -2116
-3416 -1475 -772 32767 4709 3706
-3635 -1643 -1394 32767 3616 8163
-3569 -1908 -1921 32767 1271 16104
-3719 -1715 -3204 32767 -632 23301
-4846 -1349 -5184 32767 -3645 26184
-5229 -1787 -5404 32767 -4835 29036
-5288 -1541 -4317 29314 -3049 29942
-5451 -622 -3041 -6589 8360 27398
-5126 583 -3660 -32768 15813 22032
-4157 1650 -4886 -32768 16965 20159
-2173 2885 -6093 -32768 17786 23370
-305 2527 -3970 -32768 21509 29959
1060 2124 -2293 -32768 32767 32767
777 1809 4902 -32768 32767 19922
2612 176 3789 -32768 32767 32767
1234 -810 4247 -32768 32767 31257
-485 -1381 3765 -32768 32767 19480
-888 -874 3700 -32768 15354 3818
-347 -773 3573 -32768 7816 -2206
-15 -379 3501 -32768 3846 -4870
20 565 3076 -32768 1712 -3166
-426 656 2333 -29595 -1305 -1191
-784 672 1950 -22224 -7805 1397
-1353 591 1481 -18513 -14487 2467
-1742 431 1277 -17781 -16890 2443
-1842 329 1120 -18142 -16369 2484
-1933 96 708 -18568 -14650 2899
-2059 -118 358 -18791 -12171 4076
-2007 -224 131 -19098 -9399 5930
-2092 -191 -68 -19193 -7768 7268
-2005 -236 -176 -19068 -5483 9800
-1703 -320 -167 -18871 -3557 11946
-1631 -357 -138 -18191 -60 14786
-1938 -572 -311 -17151 1624 15770
-1953 -600 -291 -14984 3175 16552
-2139 -631 -266 -13217 3911 16519
-2363 -646 -104 -10567 4651 15759
-2495 -699 110 -8489 5319 14473
-2520 -759 335 -6788 6074 13622
-2397 -815 534 -5755 6576 13500
-2483 -824 604 -4297 6939 13215
-2683 -790 705 -2824 6953 12484
-2802 -818 888 -1927 6981 11960
-2780 -801 990 -562 7722 11504
-2756 -759 1105 778 9009 11078
-2960 -620 1085 1701 9275 10403
-2994 -481 1100 2945 7991 8882
-3114 -365 1180 3523 6260 7388
-3329 -400 1286 3820 2986 3950
-3533 -480 1306 3910 573 1024
-3447 -497 1175 4631 -2716 -3323
-3105 -523 885 6311 -4630 -6900
-2932 -573 612 8764 -4641 -10089
-2878 -632 460 10481 -3572 -12140
-2766 -717 491 12574 -668 -14690
-2452 -903 505 13673 1906 -15843
-2158 -999 552 15015 6144 -16579
-1781 -1067 489 15959 8577 -16660
-1614 -1108 370 17732 10934 -16715
-1659 -1201 244 20145 10699 -17297
-1826 -1342 71 22793 7574 -18518
-1761 -1396 66 24247 4655 -19282
-1600 -1426 73 25897 498 -19838
-1385 -1351 134 26533 -1328 -19890
-1192 -1281 248 26614 -2236 -19410
-1113 -1278 403 26277 -2084 -19045
-1332 -1309 486 25536 -2295 -19132
-1459 -1325 484 25000 -3940 -19996
-1562 -1238 418 24907 -5753 -20840
-1558 -1096 417 24983 -8766 -22153
-1539 -896 449 25120 -10803 -22875
-1549 -855 444 25502 -13715 -23448
-1746 -933 340 26060 -15381 -23597
-1687 -980 367 27181 -15888 -22986
-1858 -887 264 28240 -14579 -22437
-2036 -702 182 30151 -10204 -21722
-2070 -364 355 31199 -5578 -21001
-2044 -160 487 32555 3465 -19446
-1978 29 684 32767 13650 -17320
-2046 339 625 32767 19967 -15858
-2278 727 542 32767 24513 -14402
-2861 1141 543 32767 22355 -14230
-3345 1206 505 32767 11901 -15096
-3863 1386 570 32767 2979 -16062
-4154 1688 591 32767 -7425 -17313
-4265 1903 327 32767 -10288 -16906
-4090 1674 -212 32767 -8422 -12496
-4008 1125 -1126 32767 -1259 -4810
-4525 603 -1806 32767 4139 514
-4698 703 -2059 32767 10778 7292
-4860 947 -2387 32767 12768 10750
-4752 259 -2645 32767 12924 15218
-4812 -540 -3010 32767 12163 18806
-4973 -1709 -3212 32767 11614 20550
-5198 -2425 -2985 32767 11505 21049
-5312 -3312 -2757 23027 14736 19768
-5030 -4049 -3101 13332 16954 18864
-5097 -4831 -3478 -997 16006 17638
-5922 -6514 -3800 -16550 11279 16095
-6785 -7384 -3718 -29173 9019 14779
-7351 -8286 -2990 -32768 10595 15926
-5838 -8635 -2028 -32768 12297 21137
-4621 -8777 -1338 -32768 6892 32767
-3999 -8913 -897 -32768 -7982 32767
-4112 -8447 -1446 -32768 -19704 32767
-4486 -8051 -2198 -32768 -13993 32767
-5317 -7853 -2281 -32768 -24183 32767
-3590 -7975 -917 -32768 -21465 32767
-2990 -7255 -11 -32768 -15006 32767
-2327 -6713 19 -32768 -8175 32767
-1495 -6239 514 -32768 -886 32767
-1069 -5946 882 -30219 12664 32767
-599 -5482 1548 -22576 25730 32767
-373 -4698 2192 -18763 32767 32767
-196 -4132 2759 -18122 32767 32767
-93 -3648 2983 -18403 32767 32767
15 -2923 2919 -18517 32767 32767
58 -2511 2627 -17337 32563 32767
267 -1969 2278 -15778 29515 31311
287 -1668 1993 -12992 26825 22648
375 -1659 1800 -9827 25060 14718
528 -1469 1632 -7840 24417 10083
550 -1305 1720 -5845 24018 3761
469 -1187 1787 -5007 23494 -161
317 -1127 1684 -3619 21164 -5979
-27 -1059 1452 -1826 17352 -11751
-351 -1093 1249 -404 14113 -15618
-1056 -1143 996 1373 9652 -21744
-1975 -1068 906 2100 8150 -26068
-2587 -1073 751 3272 8795 -32328
-3179 -1226 470 4392 10968 -32768
-3166 -1435 367 6451 15630 -32768
-3429 -1505 309 8234 19611 -32768
-3756 -1192 223 9136 21097 -30160
-3839 -1122 109 10327 19992 -23421
-4039 -1289 -60 10962 16923 -18542
-4463 -1104 -203 11877 12380 -13133
-4798 -890 -239 12803 10153 -11232
-5029 -641 -184 13692 9655 -11515
-4931 -261 -58 14511 9291 -12128
-4553 167 230 14831 8505 -11932
-4220 350 505 14711 6262 -10416
-3673 567 899 14260 4158 -8621
-3334 673 1075 13453 -8 -5460
-2889 853 1241 13064 -5249 -2514
-2544 937 1258 13293 -8804 -752
-2033 979 1187 14029 -12066 779
-1593 928 1039 16162 -16627 2152
-1467 1006 800 19764 -18631 1722
-1187 825 626 22571 -18072 568
-899 570 535 26534 -11180 -2416
-1070 704 417 29033 -4306 -5742
-1393 627 339 32536 4284 -12489
-1771 370 130 32767 6921 -17553
-1831 307 107 32767 8525 -25003
-1804 227 102 32767 8403 -31502
-1761 181 74 32767 6478 -32768
-1661 176 104 32767 1921 -32768
-851 -12 429 32767 54 -32768
-304 -390 619 31551 787 -32768
10 -760 706 29369 2259 -27788
54 -917 538 26677 3423 -20054
-222 -745 347 25387 3202 -15742
-561 -899 229 24289 1457 -11458
-969 -1398 -13 24233 -623 -9782
-1147 -1567 -41 24503 -4217 -8877
-1535 -1823 -57 24734 -6575 -9384
-1726 -2133 -37 25215 -9284 -10906
-1752 -2551 -22 25815 -10865 -12631
-2105 -2897 -19 26345 -11387 -14270
-2431 -3122 -57 27351 -11322 -17640
-2979 -3622 -7 28312 -10214 -21520
-3186 -3905 70 28902 -8721 -23692
-3306 -3925 100 29924 -4780 -25925
-3272 -3941 185 31262 513 -26303
-3280 -3947 142 32706 4648 -25572
-3304 -3843 69 32767 11974 -23493
-3362 -3601 -3 32767 16829 -21849
-3586 -3021 -296 32767 22232 -19168
-3640 -2624 -451 32767 23953 -16908
-3637 -2371 -487 32767 23273 -12582
-3448 -2013 -440 32767 18449 -7103
-3369 -1776 -450 32767 13846 -3103
-3174 -1682 -538 32767 6998 3529
-3248 -1548 -881 32767 3438 7682
-3515 -1442 -1278 32767 383 12580
-3995 -1565 -2165 32767 -1302 16074
-4699 -1729 -3581 32767 -1813 17561
-5326 -1968 -5039 32767 -4437 18783
-5881 -2083 -6344 32767 -5506 19594
-6138 -1821 -5883 32767 1415 20445
-5928 -918 -4737 8823 12227 21061
-5366 524 -5325 -17378 16165 21090
-4569 1252 -6286 -32768 14725 24058
-3203 1741 -7057 -32768 14337 29228
-2546 1708 -5773 -32768 24484 32767
-1352 1512 -2622 -32768 32767 32767
-908 861 -362 -32768 32767 32767
406 -491 5324 -32768 32767 32767
-481 -256 3167 -32768 32767 32767
-434 -1074 3175 -32768 32767 32767
-546 -1059 2618 -32768 31417 32767
-348 -659 2277 -32768 21630 32368
-19 -443 2350 -32768 11407 30056
126 -201 2262 -32768 6418 29787
53 -60 2086 -32768 -764 29776
-160 189 1750 -27945 -7562 28904
-436 340 1452 -24692 -12897 26978
-695 330 1232 -23939 -14626 25230
-959 164 1021 -23910 -14136 22052
-1260 -124 663 -24105 -10414 18687
-1426 -434 370 -23981 -6683 16587
-1420 -552 143 -22828 -626 13889
-1447 -671 -99 -20771 4935 11522
-1515 -778 -195 -19097 8238 9917
-1663 -820 -139 -16703 12125 7267
-1642 -872 46 -14726 14815 5401
-1452 -870 308 -13749 16076 4763
-1632 -873 490 -12891 16711 3377
-2071 -872 797 -12686 16221 1898
-2081 -783 869 -12073 14985 -29
-2007 -685 899 -10711 14507 -1081
-2081 -612 1039 -9753 15138 -1642
-2287 -655 1166 -8291 16977 -2810
-2272 -628 1232 -6499 19365 -3370
-2283 -481 1127 -4817 21007 -3570
-2550 -439 1094 -2105 23229 -4721
-3105 -457 1212 -771 23919 -6331
-3276 -429 1340 139 22715 -8863
-3227 -430 1483 164 19122 -10488
-2951 -138 1255 547 16407 -10897
-2837 -41 1034 2075 12833 -11079
-2923 -101 664 3683 10493 -11383
-3096 -216 470 6291 6740 -12475
-3139 -308 469 8287 3359 -13866
-3289 -529 404 9257 1481 -14946
-3272 -613 368 10169 64 -16157
-2862 -667 435 10376 1517 -16135
-2466 -814 452 10467 3668 -15429
-2261 -886 352 11069 7099 -13979
-2146 -921 187 12402 9269 -12988
-2430 -1178 21 13713 9443 -13065
-2399 -1269 -33 15826 8218 -13481
-2143 -1376 -6 17660 6360 -13310
-1694 -1379 92 18582 5450 -12710
-1475 -1305 134 19655 4626 -11392
-1230 -1206 226 20173 4245 -10547
-1120 -1168 267 20926 3442 -9537
-1024 -1096 383 21601 2137 -9184
-1009 -964 510 22052 910 -9402
-1044 -853 588 22643 -1713 -10464
-1222 -758 742 22841 -4117 -11697
-1360 -757 901 22565 -8372 -14003
-1459 -769 1161 22004 -11210 -15550
-1466 -772 1209 21200 -14552 -17751
-1548 -777 1054 21652 -16401 -19619
-1518 -820 740 23008 -16591 -20513
-1812 -838 523 26737 -14175 -22462
-2336 -815 564 29738 -9542 -24287
-2599 -514 537 32767 2011 -26596
-2670 -259 480 32767 15094 -27105
-2730 13 662 32767 22217 -25985
-2864 297 782 32767 27193 -23005
-3449 825 1042 32767 24780 -21051
-3800 918 1053 32767 13695 -18449
-3910 953 938 32767 22 -15201
-3905 1050 800 32767 -6301 -12575
-4202 1209 448 32767 -8490 -8572
-4976 1017 -305 32767 -6405 -6218
-5270 981 -742 32767 -502 -2430
-5274 1097 -1241 32767 3862 706
-5144 1103 -1522 32767 9382 6410
-5029 962 -1871 32767 12649 12466
-4742 550 -2556 32767 13482 16687
-4256 116 -3313 32767 13428 24105
-4356 -893 -4207 32767 13770 28302
-4796 -1781 -4445 32767 15725 31790
-5307 -3264 -4359 32767 18376 32707
-5278 -4023 -4018 27695 19544 32439
-4995 -4453 -3659 10162 18324 31887
-4861 -5019 -3239 -2940 15855 31088
-5182 -5348 -3176 -21520 12080 28498
-5924 -6064 -3140 -32768 10682 25357
-6407 -6720 -2952 -32768 10545 24069
-6199 -6926 -2691 -32768 7643 24794
-5669 -7013 -1816 -32768 1693 28437
-5088 -6986 -1072 -32768 -2102 32036
-4757 -6972 -732 -32768 -6709 32767
-1309 -5301 1441 -14486 27226 32767
-1174 -4786 2033 -13587 29139 32767
-1070 -4404 2259 -13706 31021 32767
-912 -3904 2223 -13958 31138 32767
-757 -3573 2080 -13632 30322 32767
-468 -3205 1840 -12632 29423 29912
-140 -2789 1770 -11975 28901 26685
4 -2549 1834 -11674 27999 22158
63 -2282 2002 -12139 25682 17526
-51 -2087 2095 -12640 23270 14263
-234 -2012 2125 -13095 19945 8782
-495 -1993 2049 -12510 17890 2723
-1001 -1834 1770 -11263 16774 -1940
-1680 -1767 1645 -8614 16803 -10387
-2551 -1691 1532 -5387 20674 -19411
-3106 -1529 1298 -2586 25398 -24674
-3223 -1416 1175 2553 32767 -30064
-3553 -1156 984 8029 32767 -32105
-3643 -1086 917 11115 32767 -31315
-3754 -947 935 13950 31284 -28274
-4051 -697 940 14579 24170 -25899
-4139 -548 1019 13902 14985 -22764
-4242 -100 1085 12318 11034 -21026
-4274 512 1006 11423 10931 -20586
-4132 1103 874 10945 12894 -20532
-3934 1500 853 11213 15604 -20575
-3541 2093 805 11796 17044 -20362
-3352 2250 819 13068 17300 -19335
-2798 1955 816 14794 14724 -16291
-2432 1780 797 16141 12000 -13573
-2206 1638 764 18266 7670 -9714
-2148 1416 668 19777 4955 -7781
-2257 1224 629 21746 933 -6401
-2422 871 617 22842 -2768 -6577
-2361 624 745 22837 -4614 -7089
-2231 487 833 21955 -6276 -7721
-1802 293 790 21117 -6804 -7585
-1568 228 834 19627 -6765 -6740
-1227 114 741 18822 -6672 -5670
-1017 -56 740 17960 -6831 -3378
-773 -296 736 17633 -6579 -1141
-732 -464 713 17704 -6336 -132
-809 -521 714 18064 -7026 34
-922 -790 645 18451 -7909 -810
-1021 -1028 590 19020 -8299 -3463
-925 -1223 851 18969 -7574 -5640
-1152 -1370 688 19770 -6476 -9709
-1291 -1550 393 20908 -5634 -12695
-1357 -1922 288 23099 -4093 -17099
-1391 -2437 213 25492 -2462 -20823
-1116 -2944 313 27028 -1133 -22456
-1256 -3195 297 29746 1312 -25000
-2027 -3434 163 32767 2733 -28993
-2663 -4074 45 32767 2513 -31518
-2724 -4571 -78 32767 928 -32768
-2879 -4677 -253 32767 -183 -32768
-2982 -4659 -187 32767 -1459 -31625
-3031 -4761 -59 32767 -101 -28803
-3279 -4736 -72 32767 2312 -26596
-3571 -4421 -281 32767 6916 -23892
-4217 -3947 -687 32767 10346 -22790
-4399 -3701 -902 32767 15672 -20588
-4409 -3349 -1278 32767 20203 -16374
-4204 -2893 -1531 32767 22003 -12243
-4006 -2571 -1761 32767 21207 -4174
-4041 -2278 -2368 32767 17650 1534
-5078 -2664 -3847 32767 7623 8600
-4953 -2814 -4702 32767 -6680 16349
-4755 -3082 -4949 32767 -15743 25571
-5669 -3235 -4991 30716 -13541 32264
-6204 -2992 -5857 9345 -5277 32767
-6374 -2090 -6593 -22438 6523 32767
-5146 -389 -7720 -32768 10249 32767
-4061 943 -7930 -32768 13488 32767
-2341 2568 -6957 -32768 19796 32767
-1063 2787 -5886 -32768 29552 32767
555 2824 -3565 -32768 32767 32767
4 2352 -4419 -32768 32767 32767
1427 955 4468 -32768 32767 32767
580 -34 5679 -32768 32767 32767
-1410 -751 4338 -32768 32767 28543
-1598 -783 3404 -32768 13410 16277
-910 -619 3354 -32768 2834 12815
-628 -98 3218 -32768 -2419 11832
-430 513 2605 -32768 -3111 12553
-404 779 2118 -32768 -5049 14062
-462 850 1610 -28832 -8706 15079
-875 607 1504 -26096 -11281 14750
-1145 455 1411 -23993 -13853 12818
-1479 178 1132 -23323 -14562 10971
-1614 -15 900 -22561 -13171 8100
-1710 -359 347 -21331 -9139 5871
-1549 -438 123 -19418 -3229 5120
-1374 -481 -26 -17240 3097 5468
-1332 -484 -181 -15587 6237 5904
-1206 -516 -194 -13148 8865 7070
-1197 -651 -143 -10863 9626 8100
-1481 -793 66 -9722 9419 8198
-1622 -838 328 -9055 9007 7667
-1721 -672 620 -9057 8864 6748
-1834 -503 767 -9123 8988 5920
-1950 -465 912 -9411 9523 4411
-2211 -516 1169 -9807 10776 2669
-2284 -494 1268 -9729 11824 1885
-2337 -467 1209 -8523 13651 1066
-2495 -462 1192 -7263 15184 568
-2728 -498 1265 -5328 17253 -803
-3045 -535 1395 -3781 18290 -2413
-2892 -728 1548 -2874 18896 -2797
-2867 -496 1488 -1150 20035 -2989
-3322 -274 1458 227 18965 -5032
-3845 -337 1497 978 15588 -8400
-1771 -1183 265 20066 6233 -8937
-1517 -1202 98 22541 8003 -7721
-1352 -1217 -31 24307 8300 -7387
-1260 -1264 -57 26872 7605 -7410
-1177 -1338 19 28188 6640 -7709
-1191 -1481 248 29317 4494 -8739
-1263 -1590 330 29669 1643 -10619
-1443 -1577 491 29426 -635 -12409
-1503 -1518 712 28027 -4331 -15490
-1533 -1464 1098 26402 -6914 -17567
-1497 -1421 1325 23369 -11043 -20401
-1395 -1387 1504 20914 -15631 -22503
-1306 -1373 1323 20520 -18788 -23366
-1317 -1177 1154 22203 -22658 -24106
-1455 -680 1188 24258 -23172 -24423
-1599 -352 1341 28315 -18324 -24766
-1726 -94 1540 31650 -10843 -24562
-2142 -99 1724 32767 5156 -23989
-2458 -26 1864 32767 20750 -23013
-3075 397 1650 32767 24416 -21874
-3556 750 1448 32767 15688 -19192
-4014 1144 1165 32767 4831 -16899
-4322 1395 803 32767 -9239 -13340
-4808 1928 46 32767 -12739 -11190
-5201 2203 -422 32767 -7139 -7938
-5768 1967 -1391 32767 4294 -3147
-6349 1119 -2683 32767 10549 1195
-6175 376 -3340 32767 16480 10478
-5573 -1222 -3783 32767 19924 22524
-5296 -2230 -3935 32767 19886 29889
-5513 -2882 -4256 32767 12329 32767
-5930 -4057 -3837 32767 6647 32767
-6065 -4451 -3849 13113 6227 32767
-6081 -5460 -4020 -3666 11368 32767
-6427 -6216 -4517 -26626 18006 30083
-7705 -7121 -4397 -32768 19234 20460
-7710 -7737 -3275 -32768 18192 15062
-6386 -7728 -2353 -32768 11990 15465
-4356 -7951 -1468 -32768 -5123 26383
-3949 -7848 -1986 -32768 -32768 32767
-3751 -7226 -1836 -32768 -32768 32767
-4560 -7204 -3614 -32768 -32768 32767
-4372 -7280 -4024 -32768 -21703 32767
-3500 -7285 -2808 -32768 -2828 32767
-2814 -7287 -1315 -25333 17006 32767
-2141 -6861 546 -18005 22052 32767
-1970 -6325 1551 -13416 22643 32767
-1785 -5411 2643 -12933 21517 32767
-1447 -4955 2854 -12289 19542 32767
-847 -4261 2562 -9509 19254 32767
-416 -3582 2175 -5895 22899 32767
129 -2926 1911 -3858 27030 32767
455 -2567 1769 -1999 32234 31511
727 -2340 1828 -2316 32767 21729
701 -1914 2245 -3819 32767 14468
686 -1806 2382 -6736 32649 3497
651 -1624 2350 -9160 27487 -6472
629 -1477 2183 -10683 22394 -14243
318 -1367 1910 -11001 20062 -18218
-95 -1287 1612 -9912 18948 -23002
-925 -1219 1189 -6984 20253 -26567
-1954 -1256 905 -4431 21744 -28440
-2842 -1366 672 -221 23386 -30748
-3549 -1516 496 2267 23674 -30927
-3554 -1476 535 4353 22012 -27612
-3573 -1199 535 4358 18441 -21491
-3836 -889 396 3744 15992 -17161
-4146 -912 282 2450 13097 -11446
-4546 -944 196 1345 11587 -8327
-4856 -880 112 800 11768 -7457
-4906 -624 81 862 12243 -7718
-4770 -426 38 1714 11698 -8379
-4426 -43 101 2640 10292 -8709
-4181 241 149 4519 7163 -8898
-3863 540 170 7263 2689 -8772
-3782 576 95 9575 -770 -8934
-3654 583 193 13066 -5500 -9455
-3180 669 573 15674 -7587 -9750
-2667 907 972 16827 -6861 -10041
-2149 1017 1211 17906 -4030 -10447
-1807 1014 1248 18895 -681 -10690
-1540 1071 1260 19540 1440 -11285
-1374 986 1250 20317 3455 -12830
-1146 885 1347 20622 4099 -15310
-1085 930 1311 20701 3508 -17691
-1017 843 1186 20938 392 -21984
-1036 482 1022 21596 -4007 -26670
-1111 165 773 22670 -7322 -29444
-1146 -151 616 25508 -11822 -32674
-1158 -332 234 27870 -13094 -32768
-1178 -256 180 31268 -11260 -32768
-1033 -415 324 32767 -5462 -32768
-910 -912 464 32767 -503 -32653
-865 -1218 677 32767 6026 -29201
-797 -1308 868 32767 11585 -25244
-897 -1533 943 32767 15306 -21885
-1170 -1884 803 32658 16154 -20274
-1317 -2155 641 32767 15384 -18575
-1374 -2470 368 32767 12908 -17126
-1385 -2680 272 32767 11247 -16132
-1415 -3171 297 32767 9495 -14589
-1824 -3763 168 32767 8168 -13964
-2213 -4140 257 32767 5791 -13938
-2462 -4298 170 32767 2094 -14313
-2883 -4297 84 32767 277 -15082
-3087 -4273 -8 32767 -853 -16263
-3356 -4272 -66 32767 -602 -16680
-3477 -4227 -196 32767 1154 -16408
-3826 -3938 -591 32767 5078 -15519
-4051 -3511 -1000 32767 9389 -14257
-3923 -3268 -1117 32767 17480 -10304
-4173 -2963 -1647 32767 21317 -6521
-4367 -2943 -1838 32767 20600 1035
-4244 -3196 -2027 32767 17114 7489
-3906 -3156 -2848 32767 9361 19038
-3540 -3195 -3611 32767 -4284 32394
-4156 -3080 -4159 32767 -15258 32767
-5258 -2482 -3819 25610 -14678 32767
-5912 -1709 -3694 -5602 -408 32767
-6189 -586 -4582 -32768 10930 32767
-5004 1122 -5899 -32768 14377 26504
-3596 2309 -6794 -32768 18028 20127
-1587 3286 -5469 -32768 24839 21727
667 3087 -3310 -32768 31634 27077
2537 3036 -1413 -32768 32767 -1549
5120 2443 2960 -32768 32767 32767
4990 1740 4965 -32768 32767 32767
1693 323 5279 -32768 32767 24985
-721 491 4462 -32768 17585 11503
-890 441 3777 -32768 -5353 -3230
-97 613 3622 -32768 -8926 -6768
17 1206 3381 -32768 -7073 -6027
-279 1520 2497 -28403 -7295 -1287
-860 1540 1657 -22145 -9687 2512
-1305 1458 1130 -13403 -12715 7062
-2123 1163 472 -6331 -14975 9351
-2572 702 457 -3853 -16643 10084
-2854 380 614 -3770 -17210 9840
-3159 40 666 -5360 -15683 9209
-3227 -56 648 -9083 -10671 8283
-2973 -20 426 -12820 -3837 8171
-3105 -222 149 -14843 293 8022
-2997 -327 -23 -16867 5343 8341
-2450 -328 -196 -17712 8913 10374
-1794 -330 -231 -17747 10606 12651
-1630 -392 -257 -17034 11157 15965
-1561 -480 -143 -16022 9844 18314
-1635 -475 24 -15314 8715 19026
-1773 -445 97 -14256 7079 18655
-2070 -480 300 -13748 6106 17580
-2140 -510 455 -13196 5172 15527
-2185 -433 592 -12630 4820 13672
-2136 -369 802 -12306 5231 12749
-2238 -440 1019 -12122 7013 11498
-2250 -555 1320 -12080 8287 10884
-2266 -561 1330 -11393 9178 10224
-2395 -468 1301 -9828 8775 9139
-2638 -468 1311 -8463 8251 8068
-2639 -447 1310 -6148 7026 6462
-2643 -323 1348 -4624 6030 5401
-2597 -223 1433 -2797 4949 3804
-2758 -199 1565 -1527 4036 1484
-3069 -275 1575 -759 3174 -655
-3305 -412 1483 594 1118 -4585
-3235 -547 1438 2252 -992 -8267
-2949 -769 1334 3560 -2321 -10302
-2721 -886 1274 5956 -3676 -12549
-2340 -1033 904 9482 -4805 -14143
-2108 -1182 736 12121 -5038 -15167
-2098 -1381 615 16276 -4891 -17074
-2051 -1729 493 20350 -3984 -19178
-1954 -1953 453 22928 -2883 -20430
-1895 -2237 398 26542 -536 -22270
-1785 -2330 349 29699 2337 -23765
-1594 -2139 356 31416 4254 -24451
-1522 -1989 368 32767 6170 -25274
-1534 -1846 418 32767 6415 -25889
-1503 -1745 508 32767 5745 -26621
-1421 -1555 588 32767 4723 -26982
-1302 -1347 631 32767 4128 -26915
-1224 -1202 708 32767 2897 -26445
-1307 -948 787 32396 1574 -26085
-1384 -535 832 31169 -567 -25637
-1562 -279 895 29804 -2594 -25555
-5109 1489 -1408 32767 4074 -6777
-5209 1044 -1902 32767 4721 -1747
-5327 -115 -2753 32767 5034 4638
-5452 -890 -3252 32767 6273 9424
-5418 -2012 -3790 32767 9833 16601
-5954 -3267 -3932 32767 11560 20117
-6156 -3903 -4201 32767 10136 22753
-6036 -5173 -4149 32767 9674 24303
-5827 -6410 -4154 19819 12065 25174
-5896 -6956 -4098 -4506 19200 25494
-6262 -7718 -3380 -22239 23998 24819
-6664 -8437 -2759 -32768 25019 23155
-6239 -8936 -1637 -32768 21282 24099
-5357 -8959 -1057 -32768 10013 31865
-4521 -8541 -444 -32768 -8203 32767
-4295 -7783 -223 -32768 -22039 32767
-4524 -7298 -418 -32768 -30764 32767
-3913 -6463 -22 -32768 -30595 32767
-3318 -6434 1745 -32768 -21130 32767
-2831 -5569 1394 -32768 -11395 32767
-2248 -5585 859 -32768 -4653 32767
-1784 -5494 901 -32768 7655 32767
-937 -5158 1397 -26885 16850 32767
-424 -4872 1865 -17139 28535 32767
-93 -4103 2400 -12686 32767 32767
-49 -3528 2629 -11683 32767 32767
-20 -3190 2614 -11651 32767 32767
140 -2811 2354 -11955 28106 32767
542 -2414 2129 -12182 24370 31459
833 -2227 1996 -12515 21977 25997
1085 -1999 1824 -12223 22913 21079
1079 -1823 1445 -11217 23926 17429
967 -1701 1229 -8681 24864 11178
754 -1564 1094 -6035 24663 4441
526 -1534 1230 -4812 23663 -67
306 -1526 1353 -4180 19988 -6663
-179 -1511 1512 -4807 14948 -13370
-742 -1449 1607 -5635 12003 -17849
-1177 -1370 1543 -6624 9662 -24248
-4814 -853 117 12840 15120 -20102
-5002 -660 319 13770 17121 -19599
-4995 -473 425 14742 18027 -19271
-4765 -111 559 15313 15422 -18420
-4341 164 793 15374 13228 -17322
-3970 322 880 15506 9877 -14956
-3446 472 876 16082 5676 -12222
-2909 524 823 16712 2137 -10317
-2636 508 796 17911 -3657 -7740
-2106 447 838 19117 -8431 -5654
-1616 313 906 19881 -10314 -4606
-1313 297 947 20979 -10937 -3773
-1053 272 795 22685 -9422 -4552
-1106 93 512 24213 -7765 -6202
-1138 -52 378 26590 -4575 -10305
-1409 -143 341 27830 -1743 -14264
-1478 -101 259 29356 1485 -21069
-1728 -134 215 30370 2420 -28497
-1664 -471 218 30791 1884 -32768
-1424 -658 349 31087 1684 -32768
-1033 -970 348 31524 2543 -32768
-879 -1263 361 32767 5114 -32768
-777 -1568 88 32767 7753 -32768
-839 -1711 -154 32767 11701 -32768
-1022 -1958 -519 32767 12790 -31646
-1116 -1996 -501 32767 12926 -27373
-1111 -1888 -168 32767 14134 -24542
-1178 -2073 8 32767 16355 -20517
-1387 -2483 -136 32767 15664 -17304
-1859 -2747 -252 32767 13496 -16081
-2229 -3032 -315 32767 8232 -15525
-2630 -3280 -437 32767 3954 -15717
-2680 -3296 -440 32767 -1295 -15839
-2679 -3233 -429 32767 -3035 -15179
-2646 -3226 -410 32767 -2272 -14280
-2637 -3250 -467 32767 465 -12383
-2777 -3162 -481 32767 3266 -11121
-2851 -2993 -497 32767 8430 -9272
-3015 -2618 -439 32767 12834 -7523
-3131 -2300 -340 32767 14325 -6278
-3119 -2135 -362 32767 14008 -3998
-3131 -1913 -447 32767 11805 -1560
-3300 -1696 -489 32767 8915 501
-3542 -1421 -651 32767 7027 1549
-3734 -1267 -867 32767 5150 2744
-3979 -1084 -1332 32767 4958 3372
-4368 -911 -1936 32767 6047 3947
-4410 -659 -2355 32767 8727 5367
-4328 216 -2771 32767 13041 7504
-4329 773 -3499 32767 15021 9383
-3986 850 -4721 32767 12888 13448
-4120 991 -5424 32767 3323 16609
-2303 -3157 692 -32768 3731 32767
-2210 -2655 -792 -32768 27267 32767
-2107 -2821 858 -32768 32767 32767
-626 -1226 1023 -18540 -3614 32767
-1763 -736 1355 -9091 27106 -6998
-1607 -571 1583 -6097 31893 -10107
-1340 -402 1857 -4366 32767 -11152
-1295 -281 1803 -1296 32767 -11805
-1347 24 1855 742 32767 -12139
-1686 246 1930 3257 32767 -13490
-1930 220 1908 5398 30472 -16291
-2327 154 1720 7359 23156 -19746
-2735 -904 185 10715 13827 -29276
-2627 -926 66 11640 19475 -26636
-2699 -1056 -89 12702 21242 -25388
-2636 -1113 -138 14792 21575 -23679
-2334 -1155 -296 17692 20239 -21413
-1954 -1043 -344 19745 19029 -19573
-1720 -910 -277 22333 16872 -16541
-1442 -745 -71 23808 14293 -13490
-1336 -684 132 24151 12300 -11814
-1412 -655 279 24266 8241 -10372
-1701 -722 296 24258 2344 -10490
-2539 -464 681 25373 -6029 -12613
-2446 -378 547 27977 -669 -14272
-2564 -27 424 32767 10028 -16393
-2863 515 472 32767 18555 -17600
-3356 832 679 32767 20593 -17777
-3639 1110 956 32767 18084 -17050
-3873 1543 1391 32767 14209 -15662
-4091 1617 1289 32767 5617 -12061
-4379 1207 577 32767 -3726 -6502
-4670 497 -821 32767 -9149 -1734
-4994 6 -1944 32767 -13177 6158
-5162 156 -2404 32767 -8060 13431
-5225 584 -2946 32767 2879 19982
-5322 458 -3279 32767 8857 24003
-5399 -562 -3361 32767 14848 29211
-5557 -1719 -3177 32767 16875 31511
-4864 -7104 -2980 -32768 -16261 32767
-4977 -6828 -3371 -32768 -20624 32767
-5077 -6810 -3052 -32768 -16340 32767
-4053 -6607 -1088 -32768 -9009 32767
-3227 -6460 187 -32768 3328 32767
-2348 -5941 1236 -32768 12291 32767
-1761 -5412 1589 -32768 15681 32767
-1398 -5011 1731 -25495 18032 32767
-934 -4472 1881 -17787 18238 32767
-647 -4097 2017 -13690 18042 32767
-267 -1900 1388 -6102 32767 -9032
-292 -1703 1452 -4513 32767 -14172
-372 -1437 1420 -3732 32767 -16882
-661 -1187 1333 -2769 27821 -20202
-883 -1032 1334 -2149 22354 -22750
-1289 -886 1221 -1596 20216 -24097
-1812 739 594 18647 -18944 4044
-1237 -768 458 31336 4777 -28156
-1341 -1033 387 30878 1619 -30942
-2356 -3830 -832 32767 3164 -11933
-2848 -4232 -937 32767 4172 -13265
-3056 -4127 -729 32767 4071 -14352
-3203 -4148 -585 32767 3507 -15934
-3448 -4229 -398 32767 4070 -17062
-3167 -2775 -3131 32767 -3381 17498
-3289 -2682 -4030 32767 -9935 26193
-4595 -2371 -4952 32767 -11233 29595
-5514 -2320 -4932 32767 -5530 31383
-6410 -1363 -3381 26098 9010 30478
-5542 -232 -2385 943 14210 29915
-4616 636 -4211 -32768 6181 27258
-4303 2199 -4735 -32768 5891 24736
-3313 2830 -5194 -32768 16817 23801
-171 338 2218 -26903 6810 32767
-133 480 1922 -16641 11780 32767
-265 758 1578 -13183 11102 27296
-527 905 1626 -14449 8467 22272
-702 915 1698 -20107 3094 13452
-904 847 1502 -27270 -3608 4707
-935 720 1019 -31477 -7777 -70
-1084 537 622 -32768 -12157 -5616
-1385 361 6 -32768 -13506 -9495
-1598 127 -583 -32768 -12612 -10849
-1546 -73 -866 -31936 -9352 -10161
-1513 -420 -1087 -26991 -4656 -6826
-1553 -480 -968 -23909 201 -4058
-3046 -461 638 -6980 9385 -684
-2980 -447 771 -6008 4152 2920
-3170 -601 833 -5401 2637 5039
-2751 -665 483 12558 204 -10191
-2411 -696 461 15932 -352 -11403
-1936 -827 499 17692 242 -11685
-1570 -1041 515 19817 1573 -11668
-1481 -1191 543 21386 2391 -11999
-1477 -1601 653 22823 2985 -13151
-1498 -1956 463 24268 3526 -14400
-1618 -1823 185 27219 3218 -17327
-1844 -1529 11 29083 1404 -19859
-1841 -1432 -63 31208 -2954 -23497
-1494 -1351 133 31884 -6027 -25794
-1056 -1305 349 31681 -6429 -26290
-924 -1291 431 30834 -5827 -26060
-953 -1216 470 30130 -5491 -25582
-968 -1126 460 29002 -5439 -24600
-1039 -990 483 28385 -5653 -23794
-1015 -963 460 27893 -6172 -22073
-1062 -933 340 28240 -7362 -20095
-1379 -869 75 29093 -8521 -19141
-1567 -757 -37 30796 -9721 -18349
-1777 -513 -7 32272 -8591 -17953
-1865 -263 214 32767 -5921 -17709
-2056 -33 410 32767 516 -17350
-2431 64 486 32767 7517 -17625
-2862 169 503 32767 10988 -18100
-3334 333 274 32767 9804 -18299
-3506 536 284 32767 4137 -17832
-3844 865 169 32767 -712 -17104
-4027 1025 -13 32767 -6281 -15076
-4239 765 -613 32767 -7454 -11264
-4374 261 -1270 32767 -6239 -7684
-4702 -222 -2009 32767 -1442 -2232
-5008 27 -2418 32767 3098 852
-5016 221 -2366 32767 10187 4750
-5156 241 -2148 32767 14768 6699
-5323 -66 -2274 32767 16889 9073
-5169 -990 -2364 32767 13073 12463
-4756 -2013 -2279 32767 11296 15659
-4635 -3071 -2446 32767 13382 21529
-4944 -4150 -3045 27339 20813 26417
-5190 -4830 -3393 21355 24665 28752
-5281 -5441 -3301 8833 23185 31132
-5418 -6497 -2762 -2765 18027 32054
-5529 -7025 -2036 -26007 9728 32690
-5740 -7367 -793 -32768 4135 32767
-4964 -6898 90 -32768 93 32767
-4722 -6606 279 -32768 -7243 32767
-4325 -6359 -110 -32768 -15506 32767
-4286 -6419 -1583 -32768 -22961 32767
-8198 -7554 2903 -32768 -21486 32767
-3441 -6298 -1740 -32768 -17429 32767
-2410 -6050 426 -32768 -7851 32767
-2342 -5591 674 -32768 9229 32767
-2053 -5507 1157 -32768 22935 32767
-1861 -5147 1458 -32768 27633 32767
-1615 -4913 1708 -25462 28864 32767
-1216 -4513 2083 -19220 25811 32767
-898 -4217 2423 -16622 22984 32767
-762 -3938 2528 -14558 19610 32767
-637 -3616 2538 -14163 18879 32767
-382 -3201 2573 -14831 20922 32767
-193 -2778 2302 -15367 23097 32767
-29 -2572 1981 -15144 25583 24846
129 -2361 1708 -13941 28730 16502
262 -2181 1527 -12679 31039 11004
323 -2012 1460 -10353 32767 3120
351 -1810 1474 -8067 32767 -4109
257 -1645 1533 -6709 32219 -8464
121 -1516 1576 -5165 27256 -14174
-334 -1382 1610 -4491 23009 -17614
-1096 -1312 1511 -3703 16771 -22684
-1775 -1292 1469 -3337 12829 -27859
-2641 -1323 1303 -2991 12516 -31037
-3281 -1425 1022 -1893 14936 -32768
-3577 -1439 852 -115 19022 -32768
-3683 -1223 764 1223 21850 -32768
-3804 -964 592 3669 23823 -30351
-4089 -818 285 5571 22267 -26763
-4186 -906 104 8548 16927 -20559
-4188 -875 20 10327 12941 -16499
-4357 -675 30 12443 8457 -12413
-4779 -483 173 13359 6931 -11488
-4887 -372 294 14097 6686 -12022
-4780 29 545 14324 8069 -13488
-4399 464 679 14482 8743 -14232
-3945 601 762 15054 7760 -13850
-3227 599 806 16210 4111 -11827
-2784 614 795 17311 959 -9843
-2103 706 854 18931 -3147 -6515
-1662 927 955 19991 -5383 -4697
-1412 938 921 21982 -7689 -3058
-1186 798 814 24492 -8192 -3085
-1012 699 751 26317 -7715 -3867
-946 563 577 29372 -6095 -6548
-1098 627 509 31093 -3889 -9786
-1319 597 310 32767 -1110 -16438
-1493 347 447 32767 -199 -21336
-1415 187 541 32767 -219 -27796
-1234 -127 760 32041 -4 -31368
-1207 -350 519 31205 66 -32768
-1163 -412 325 30720 -626 -32768
-1016 -607 260 30393 -1139 -32768
-798 -876 337 29652 -694 -32768
-582 -1172 277 29237 1438 -32768
-688 -1219 246 29137 2926 -32768
-879 -1414 108 29276 4559 -29003
-898 -1691 6 29513 5455 -26133
-949 -1845 -31 29919 6743 -21833
-982 -2229 -42 30182 7731 -19066
-1182 -2407 -95 30716 8407 -16193
-1730 -2826 -28 31137 8062 -15063
-2154 -3452 -48 31564 7491 -14959
-2492 -3682 -147 32559 6211 -15729
-2743 -3734 -151 32767 5572 -16389
-2790 -3719 -185 32767 5837 -16787
-2966 -3892 -123 32767 7597 -16330
-3163 -3836 -83 32767 9245 -15584
-3229 -3700 -3 32767 12039 -13599
-3267 -3398 -4 32767 14511 -10754
-3418 -3194 -94 32767 15847 -8670
-3544 -2898 -272 32767 17388 -4926
-3378 -2692 -361 32767 17873 -1656
-3152 -2588 -497 32767 16281 4256
-3121 -2388 -736 32767 13838 8187
-3200 -2223 -818 32767 9970 13322
-3322 -2046 -1146 32767 6645 17095
-3699 -1766 -1516 32767 4827 19039
-3855 -1428 -2116 32767 4912 19255
-4354 -713 -3599 32767 5358 17963
-4914 -233 -5616 32767 2840 16287
-5376 -42 -6642 32767 -1502 13093
-5853 98 -6813 32767 388 11136
-6173 238 -6070 20899 8469 9507
-5829 746 -3388 -28867 18716 11355
-4366 872 -3407 -32768 18291 16112
-3391 1452 -3498 -32768 13132 28421
-1791 1791 -4161 -32768 13118 32767
-1320 1739 -3151 -32768 21174 32767
-4330 -5 -4364 -32768 22811 -9641
-1346 180 -782 -32768 32767 32767
-1463 -1118 451 -32768 30862 32767
-1320 -1264 1061 -32768 26016 32767
-1018 -1391 1617 -32768 20488 32767
-112 -1407 2155 -32768 17664 32767
250 -1274 2169 -32768 14080 32767
436 -921 1967 -32768 9414 32767
449 -671 1822 -32768 5781 32767
368 -476 1504 -32379 -100 32767
215 -249 1322 -29807 -3628 32767
62 -165 1217 -27795 -6931 28987
-246 -370 903 -27078 -7794 26179
-389 -472 629 -25999 -7418 22004
-563 -435 279 -24606 -5081 18043
-717 -396 13 -23437 -2643 15444
-1004 -418 -104 -21385 1776 10954
-1431 -475 -103 -20034 5182 7667
-1714 -526 -66 -17981 10605 2819
-1776 -546 -9 -15905 15989 -1224
-2114 -731 85 -13977 20391 -4867
-2410 -916 197 -12754 22152 -6833
-2442 -1011 301 -11263 22812 -8454
-2620 -1272 465 -10613 22057 -8824
-2437 -1378 766 -10700 21676 -7694
-2371 -1347 1037 -11036 22150 -5697
-2507 -1337 961 -10714 21873 -4510
-2586 -1324 888 -9202 20532 -3288
-2818 -1350 840 -7678 18888 -3148
-3043 -1375 891 -5146 15241 -4437
-3509 -1439 880 -2370 10780 -7347
-3621 -1244 890 -655 8070 -9613
-3748 -1132 853 1617 4992 -13140
-3826 -1151 826 3518 3842 -16155
-3749 -1100 716 4796 4373 -17542
-3658 -1080 609 7059 6806 -18580
-3625 -1171 456 8842 9116 -18748
-3675 -1251 368 11842 12308 -18782
-3812 -1327 213 15141 14569 -18311
-3486 -1281 103 18475 16575 -16421
-2910 -1129 74 20605 18028 -14277
-2570 -980 52 23444 19622 -10354
-2159 -836 45 25053 20063 -7702
-1951 -781 82 26929 19532 -4322
-1735 -767 206 27780 18285 -2604
-1603 -831 349 28470 15033 -961
-1528 -782 394 28814 9669 -777
-1486 -554 487 28820 5218 -1435
-1428 -464 596 28383 -1861 -3308
-1329 -466 759 27776 -6619 -4944
-1432 -487 830 26435 -13953 -8306
-1704 -415 934 25170 -18573 -11102
-1747 -356 972 22900 -24172 -15349
-1843 -411 962 20513 -27981 -19437
-1971 -533 907 19062 -29322 -21975
-1960 -610 744 17937 -29114 -24863
-1795 -710 565 17927 -26584 -25424
-1692 -590 530 19290 -20371 -25369
-1782 -417 554 20985 -14093 -24878
-1859 -224 522 24891 -2515 -23477
-1701 135 568 28087 5503 -21791
-1752 414 495 32767 15621 -18750
-1960 907 712 32767 19382 -15943
-2230 1285 940 32767 16293 -14509
-2550 1556 992 32767 3800 -13602
-2969 1744 981 32767 -5988 -13716
-3221 1795 872 32767 -16413 -14533
-3811 1903 487 32767 -19457 -15631
-4186 2113 -30 32767 -16886 -15758
-4364 2075 -473 32767 -7554 -13894
-4530 1423 -1478 32767 -255 -10965
-4619 821 -2101 32767 8191 -4573
-4809 155 -2452 32767 12841 2650
-4713 -90 -2394 32767 14346 7680
-4529 -649 -2109 32767 14863 14845
-4885 -1855 -2306 32767 14901 18470
-5299 -2555 -3008 32344 15752 21333
-5705 -3404 -3598 28184 17057 22003
-6079 -4041 -3520 19142 21005 20857
-6502 -4654 -3063 10442 24157 18853
-6264 -4882 -2710 -6116 26799 17115
-5096 -5186 -2317 -25016 23448 20529
-4520 -5476 -1600 -32768 18215 25055
-4816 -5753 -1069 -32768 8831 32756
-4902 -5735 -670 -32768 3496 32767
-5104 -5615 -620 -32768 -2049 32767
-5680 -5598 -1069 -32768 -7640 32767
-6135 -5829 -2456 -32768 -10710 32767
-5999 -6052 -3438 -32768 -12492 -1174
-4747 -5556 -1508 -32768 434 32767
-4453 -6561 -2007 -32768 3769 32767
-4481 -6293 -1394 -32768 3695 32767
-4704 -6004 -1586 -32768 628 32767
-4435 -5893 -1528 -32768 -1944 32767
-3560 -5672 -720 -25717 1805 32767
-2579 -5342 403 -19416 5737 32767
-1943 -5074 957 -13140 10107 32767
-1016 -4629 1326 -9828 12500 32767
-492 -4373 1548 -6093 17692 32767
161 -3772 1821 -4144 24981 32767
433 -3230 1861 -3543 28895 32767
587 -2961 1882 -2828 31472 29838
491 -2552 1764 -2174 30539 22262
442 -2243 1779 -1195 27875 9844
412 -1989 1800 -670 26019 1657
403 -1807 1774 -54 23820 -9556
370 -1561 1676 487 22697 -18660
183 -1419 1498 937 22519 -23483
-208 -1380 1282 2238 22329 -29709
-1182 -1369 958 3408 22391 -32768
-1880 -1335 880 5159 23782 -32768
-3071 -1360 655 7146 25438 -32768
-3749 -1545 430 8482 25402 -32768
-3914 -1552 373 9585 23432 -32768
-4071 -1371 424 9172 21621 -32768
-4497 -1218 344 8412 20931 -32768
-4875 -1241 -2 7653 18612 -26934
-5011 -1179 -154 7687 15373 -20215
-5055 -849 -220 7979 13702 -16615
-5059 -614 -184 8726 12375 -13072
-5016 -315 -166 9945 11517 -11462
-4807 -57 -109 10946 11087 -10648
-4051 420 145 12406 10941 -8508
-3519 690 331 13388 10774 -6550
-2860 880 510 14490 10072 -4372
-2517 881 689 16013 7296 -1235
-2354 806 979 17557 2505 645
-2170 815 1009 18915 -1460 1046
-2139 792 1067 21216 -7903 398
-2019 693 976 23663 -13118 -2138
-2355 730 735 25355 -15224 -5289
-2530 844 545 27699 -15540 -11179
-2415 981 558 28663 -12857 -15016
-2363 1185 459 29639 -6463 -19736
-2037 1030 323 30266 683 -21881
-1509 694 304 30539 5009 -21679
-1334 544 167 31357 9528 -19908
-872 242 459 32518 11562 -17566
-1008 134 -178 32767 9793 -16759
-1129 138 -286 32767 2301 -17124
-1125 63 -145 32767 -6434 -19165
-972 -70 149 32767 -10067 -20849
-836 -300 416 32767 -12890 -23136
-767 -585 524 30556 -13678 -24365
-779 -784 552 26752 -13175 -25635
-892 -1036 460 24365 -12328 -26154
-1016 -1204 372 21364 -10686 -26563
-1200 -1507 217 19158 -8990 -26260
-1055 -1899 148 18242 -7457 -25150
-925 -2096 26 18180 -4115 -22338
-1191 -2422 -140 19016 -1430 -20526
-1542 -2706 -228 21491 2443 -18583
-1918 -3100 -394 23802 4798 -17654
-2196 -3456 -275 27289 8109 -16393
-2446 -3641 -308 31114 10762 -15245
-2788 -3786 -205 32767 12933 -14292
-2995 -3762 -106 32767 14356 -13735
-3206 -3602 94 32767 16649 -12901
-3354 -3217 287 32767 17647 -12317
-3440 -2969 321 32767 17785 -11344
-3462 -2594 274 32767 17970 -9760
-3345 -2403 149 32767 18671 -7900
-3106 -2367 22 32767 18792 -3424
-2956 -2268 -219 32767 17252 206
-2928 -2153 -420 32767 13039 5789
-2944 -1969 -691 32767 7565 10875
-2998 -1733 -837 32767 4203 13739
-3128 -1514 -900 32767 2114 16798
-3365 -1152 -1391 32767 2641 17900
-3617 -863 -1971 32767 3765 17876
-4013 -404 -2665 32767 4227 16761
-4188 -145 -3258 32767 5021 14268
-4101 294 -4678 32767 3625 12498
-4273 710 -5818 32767 71 11478
-4728 780 -7039 32767 2070 11037
-5085 -149 -5965 28254 8499 12193
-5438 -218 -3759 -16914 24292 14014
-4991 211 -1387 -32768 25800 15421
-3500 715 -1779 -32768 13246 25002
-1694 1005 -3385 -32768 8826 32767
-1315 742 -3126 -32768 9838 32767
-4191 939 -9469 -32768 11758 -32768
-1991 -693 -2387 -32768 21227 32767
-1470 -1629 -85 -32768 24750 32767
-1202 -1650 1065 -32768 28800 32767
-439 -1694 2335 -32768 29372 32767
117 -1571 2621 -32768 25403 32767
334 -1380 2553 -32768 18198 32767
497 -1050 2137 -32768 13357 32767
544 -772 1807 -32768 7016 32767
549 -408 1442 -32768 3556 32767
462 -229 1307 -28006 -675 32767
295 7 1179 -24894 -3480 32767
-35 124 1004 -23843 -4475 32402
-273 118 853 -23104 -4401 27013
-600 172 618 -22712 -2522 21314
-968 111 396 -22429 -638 17328
-1213 19 240 -21465 2788 11388
-1529 -71 92 -20580 5472 7569
-1718 -62 153 -19168 10487 2571
-1795 -118 254 -17797 16196 -1301
-2123 -364 447 -16913 19477 -3494
-2381 -609 618 -15551 22594 -6014
-2460 -736 704 -13898 23560 -7281
-2638 -895 784 -11940 23121 -7461
-2930 -1002 973 -10652 22387 -7356
-3132 -1167 1046 -8361 21232 -6817
-3065 -1373 1032 -6393 20259 -5722
-2862 -1033 1040 -3137 19343 -3552
-2985 -842 1039 114 18564 -2567
-3175 -879 1107 2090 17433 -2835
-3356 -895 1116 4866 14714 -4752
-3376 -790 1010 7675 11178 -7764
-3407 -658 866 9403 8501 -10166
-3427 -654 773 11588 4278 -13972
-3552 -803 650 12694 1709 -16436
-3603 -891 559 13801 -830 -19754
-3458 -846 432 14479 -514 -21773
-3111 -824 353 14745 1325 -22190
-2979 -871 298 15190 5418 -21784
-2860 -928 227 15872 9228 -20750
-2699 -926 105 16586 10969 -19838
-2495 -931 67 17899 12679 -18220
-2183 -912 -28 19435 13353 -16475
-1933 -732 -9 20332 12908 -15387
-1796 -637 48 21175 10966 -14011
-1590 -610 192 21420 8180 -12927
-1543 -637 329 21351 5898 -12533
-1534 -645 346 21341 1665 -12556
-1731 -581 279 21550 -4096 -13820
-2028 -503 299 21593 -8386 -15347
-2071 -504 419 21029 -14181 -17650
-1962 -551 565 19999 -18342 -18980
-1882 -496 591 19322 -20172 -19269
-1845 -445 619 18594 -21674 -18802
-1722 -378 612 18454 -21906 -17875
-1562 -451 581 19395 -20703 -15510
-1565 -589 371 20986 -18849 -13859
-1804 -602 265 24599 -14778 -12660
-2284 -576 230 28853 -9113 -13475
-2480 -497 365 31654 -4495 -14578
-2369 -235 430 32767 2682 -15677
-2231 249 462 32767 8816 -16014
-2326 630 669 32767 12686 -16133
-2472 986 888 32767 17509 -16498
-2685 1673 1184 32767 18012 -16944
-2871 2140 1182 32767 14224 -16953
-3058 2264 963 32767 2939 -16295
-3451 2180 380 32767 -5676 -15310
-3586 2110 -159 32767 -14879 -12180
-3548 1941 -1060 32767 -17056 -8669
-4109 1354 -1855 32767 -14001 -2855
-4421 1171 -2123 32767 -4478 2558
-4768 1038 -2609 32767 2103 5804
-4825 573 -2807 32767 8935 10657
-4864 -502 -2921 32767 14264 15122
-5042 -1611 -2998 32767 16100 17588
-5224 -2330 -2904 32767 15097 20393
-5577 -3518 -2751 32118 13927 21250
-5655 -4206 -2866 21650 14602 21556
-5849 -5251 -3221 14383 16739 21316
-5959 -5860 -3305 2284 21421 20921
-6003 -6595 -2721 -13173 25499 21490
-5788 -6874 -1473 -25838 26091 22654
-5202 -6832 -732 -32768 20789 26904
-4404 -6540 -74 -32768 9869 32767
-4389 -6082 253 -32768 2002 32767
-4703 -5686 457 -32768 -5315 32767
-4720 -5441 -95 -32768 -7919 32767
-4617 -5484 -1028 -32768 -8690 32767
-5427 -4713 4855 -32768 -1313 12095
-3144 -5515 -514 -32768 6710 32767
-2563 -5585 1178 -32768 13647 32767
-2307 -4754 1755 -32768 15821 32767
-2195 -4565 1809 -32768 15142 32767
-2103 -4507 1612 -32768 12696 32767
-1847 -4290 1321 -32768 11263 32767
-1574 -3901 1408 -32593 13291 32767
-1296 -3591 1715 -26790 16780 32767
-1180 -3410 1967 -20740 23013 32767
-1131 -3180 2167 -17280 27778 32767
-1093 -2901 2149 -15803 29393 30888
-1035 -2735 2101 -14317 29506 26768
-907 -2525 2072 -13537 27522 22690
-766 -2310 2037 -13335 25520 20105
-666 -2193 2046 -13417 22325 16413
-582 -1972 1987 -13487 19460 12779
-533 -1792 1766 -13161 17911 10285
-550 -1695 1605 -11929 16097 6211
-609 -1588 1430 -10762 15213 3324
-649 -1515 1315 -8608 14065 -1242
-804 -1350 1238 -6406 12941 -6154
-1157 -1222 1238 -5153 12303 -9759
-1472 -1160 1247 -3637 12107 -15613
-2065 -1046 1240 -2176 13840 -21801
-2607 -883 1147 -974 16344 -25783
-2894 -789 1070 1470 21435 -30663
-2982 -792 887 3700 24155 -32372
-3092 -806 646 7956 24568 -32636
-3529 -701 385 10989 22578 -31912
-3853 -527 295 15283 18036 -30256
-4127 -439 143 17822 14146 -28631
-4197 -373 109 20745 8536 -25557
-4328 -106 268 21765 5847 -22560
-4294 105 615 21346 6141 -20664
-4085 205 822 19740 8841 -17673
-3626 535 944 18544 11013 -15665
-3339 737 883 17356 12605 -12847
-2919 928 803 16940 12101 -11198
-2689 969 757 16844 9355 -9222
-2378 916 598 17288 6424 -8238
-2179 858 466 18658 1268 -7298
-1956 745 323 19984 -2387 -7159
-1897 671 303 22141 -7961 -7903
-1748 498 270 24245 -12301 -9680
-1674 362 261 25528 -14169 -11201
-1459 254 298 26464 -14810 -12841
-1439 179 358 27336 -13493 -15869
-1481 66 214 27866 -11158 -18240
-1405 20 297 28234 -5694 -21643
-1250 14 219 28767 -172 -24170
-1173 -83 144 29348 2918 -24986
-992 -184 1 30048 5307 -25113
-846 -326 68 30704 8441 -23867
-617 -616 331 30608 10298 -21522
-873 -944 259 30606 10233 -20317
-1157 -1094 194 30657 8246 -19389
-1445 -1327 -5 30866 5849 -19279
-1511 -1347 4 30750 1364 -19341
-1428 -1467 106 29814 -1639 -18973
-1315 -1952 65 29186 -2418 -18252
-1307 -2194 73 28538 -2456 -16740
-1563 -2475 -53 28602 -1953 -15954
-1827 -2744 -188 29629 -763 -15481
-2229 -3147 -439 31709 128 -15782
-2535 -3333 -573 32767 708 -16305
-2743 -3410 -585 32767 2376 -17277
-2885 -3539 -447 32767 4475 -17697
-2909 -3575 -363 32767 8979 -17646
-2821 -3445 -242 32767 14717 -16580
-2728 -3145 -200 32767 18610 -15393
-2688 -2904 -227 32767 23085 -13165
-2775 -2467 -215 32767 24541 -11740
-2798 -2138 -180 32767 23442 -9704
-2824 -1720 -50 32767 20267 -8465
-2844 -1480 38 32767 13109 -6514
-2692 -1240 160 32767 8092 -4779
-2437 -1032 167 31020 2317 -1191
-2472 -944 63 28272 -426 2654
-2785 -829 -161 27021 -1458 4746
-2952 -732 -398 26308 -2480 7167
-3077 -580 -790 26765 -2537 8502
-3410 -590 -1195 29241 -1248 9318
-4010 -517 -1967 32149 1206 8939
-4193 -192 -2460 32767 6613 7923
-4213 377 -3085 32767 11105 7599
-4022 892 -3762 32767 12796 7895
-4086 1219 -4434 32767 11879 8378
-4343 1018 -5305 32767 10149 8763
-4462 321 -5946 32767 8958 10591
-5330 -1123 -5973 29256 11974 12673
-6823 -2029 -3575 5460 18177 12708
-6892 -2449 -1967 -32768 24220 13629
-5613 -2781 -2483 -32768 16079 20500
-4444 -2221 -2870 -32768 7839 28774
-3496 -2069 -2935 -32768 -817 32767
-2991 -1912 -2474 -32768 -2263 32767
-3122 -2834 -2511 -32768 2596 32767
-5731 -3898 -4951 -32768 15547 -32768
-1535 -3544 732 -32768 30685 32767
-577 -3517 2745 -32768 32767 32767
-480 -3183 2982 -32768 32767 32767
-367 -2915 2637 -32768 25640 32767
-240 -2742 2356 -32768 16498 32767
3 -2489 2266 -32768 7441 32767
285 -1868 2294 -32768 4946 32767
328 -1706 2231 -32544 4136 32767
194 -1487 2096 -26356 3613 32767
-99 -1192 1972 -23904 2649 32767
-380 -899 1622 -21626 330 32767
-556 -705 1441 -20101 -599 28414
-653 -656 1269 -19183 576 23209
-708 -638 1088 -17228 3934 16309
-861 -716 913 -15509 6876 12248
-1013 -842 909 -12547 12139 7025
-1145 -942 1013 -9692 17938 2664
-1440 -1081 1185 -7968 21760 6
-1646 -1169 1229 -5123 26963 -3983
-1873 -1144 1188 -1602 31024 -7801
-1986 -1098 1145 833 32434 -10029
-2040 -1043 1146 4047 32173 -12803
-2179 -968 1272 5442 30225 -14355
-2227 -840 1375 6263 25111 -16188
-2307 -803 1393 5920 19092 -17779
-2605 -855 1289 5368 15024 -18993
-2693 -881 1194 4486 9325 -20835
-3003 -874 993 3991 5889 -22355
-3281 -912 815 3561 1374 -25174
-3625 -989 679 3405 -1423 -28044
-3932 -1018 477 3623 -1926 -29718
-3929 -997 358 4583 96 -31002
-3825 -987 218 6393 4997 -30679
-3591 -885 62 8049 9006 -29636
-3362 -688 -40 10883 14331 -27436
-3118 -557 -33 13643 18261 -24765
-2845 -427 -16 15241 19681 -22994
-2741 -431 -42 17465 18974 -20688
-2546 -349 -55 18984 15018 -19038
-2472 -300 -21 19583 11174 -18347
-2283 -253 17 19925 5043 -17446
-1998 -184 91 19698 1578 -16825
-1848 -156 146 18854 -2139 -15904
-1610 -102 210 17665 -4005 -15005
-1498 -90 242 16771 -4553 -14595
-1632 -135 256 15376 -5337 -14797
-1877 -158 299 13880 -6252 -15959
-1998 -156 378 12849 -6907 -16921
-2033 -190 381 11602 -8037 -18099
-2033 -230 470 10928 -9021 -18505
-1732 -261 639 10214 -10452 -17764
-1557 -339 678 10410 -11203 -15595
-1551 -561 547 11585 -11335 -13983
-1820 -689 534 14462 -10622 -12868
-2261 -735 746 17746 -7341 -13331
-2084 -713 875 20260 -3601 -13557
-1969 -606 838 25118 3247 -13542
-1802 -392 966 28660 8559 -13175
-1750 -214 1162 32767 17789 -12454
-1978 243 1621 32767 27060 -12595
-2580 801 2125 32767 31050 -13662
-3108 1227 2182 32767 29527 -16649
-3763 1689 2112 32767 22371 -18845
-3758 1628 1841 32767 6370 -20090
-3511 1718 1706 32767 -7319 -17354
-3580 1863 1182 32767 -12301 -13846
-3818 1795 448 32767 -12284 -6996
-4140 1766 -691 32767 -7492 -1820
-4316 1579 -1475 32767 2194 5988
-4662 889 -2627 32767 7192 13139
-5132 -240 -3159 32767 7516 17052
-5389 -1146 -3377 32767 7693 21857
-5373 -2093 -3531 32767 12536 26264
-5244 -2649 -3334 32767 18389 28907
-5718 -3755 -3197 32767 22989 29381
-7124 -5363 -3112 24365 22843 26256
-7436 -6477 -3428 4171 22373 20653
-6851 -7502 -4056 -15597 21251 19536
-6108 -7929 -3774 -30564 20305 22163
-5682 -7873 -2301 -32768 17854 28375
-5338 -7685 -1093 -32768 14778 32767
-5517 -7680 -1008 -32768 8563 32767
-5727 -7666 -1192 -32768 213 32767
-5797 -7603 -1788 -32768 -7402 32767
-7556 -8809 -3086 -32768 5064 32767
-4682 -6846 782 -32768 481 32767
-3679 -7615 -1186 -32768 -7396 32767
-3493 -6847 -288 -32768 -18725 32767
-3389 -6536 -809 -32768 -23822 32767
-2481 -6278 -466 -32768 -18284 32767
-1818 -6097 -45 -28458 -1206 32767
-1058 -5753 715 -16216 16440 32767
-777 -5157 1599 -11848 24771 32767
685 -1805 1645 -6215 28095 6135
326 -1637 1604 -5452 25506 378
32 -1522 1500 -3999 20513 -8805
-454 -1443 1308 -2903 17068 -14910
-984 -1465 1291 -1698 13545 -23952
-2039 -1355 1294 -860 13625 -32768
-2954 -1199 1005 266 15662 -32768
-3394 -1270 679 3589 20370 -32768
-3838 -1411 353 6585 23520 -32768
-4065 -1393 297 10829 25707 -32768
-4390 -1192 400 13325 23820 -32768
-4424 -1048 504 13981 18513 -26712
-4635 -876 363 14005 14660 -21791
-4788 -646 288 14041 11177 -17102
-5031 -331 164 14238 10608 -15919
-5152 -117 94 14989 11306 -16199
-5040 262 -39 16389 12327 -16962
-4490 494 19 17275 12905 -16615
-3927 534 246 17584 13844 -14166
-3162 607 637 17172 13985 -11709
-2823 684 625 17063 11230 -8017
-2572 859 460 17734 7118 -6175
-2476 885 349 19876 -648 -4484
-2053 898 402 22544 -7608 -3926
-1801 1087 409 24605 -10732 -4331
-1769 1009 268 28361 -12867 -6292
-1744 792 67 31064 -12888 -8496
-1788 765 -45 32767 -11456 -12948
-1747 681 -166 32767 -7365 -18113
-1731 752 -149 32767 -4128 -21469
-1603 596 -135 32767 522 -25649
-1368 277 93 32767 5757 -28495
-1230 94 42 32767 8837 -29757
-1125 -14 80 32767 10892 -30698
-1145 -139 115 32767 10177 -30737
-1114 -382 183 32767 6788 -29798
-887 -698 399 32767 3034 -27130
-632 -750 529 32608 868 -24385
-508 -841 558 28316 -1501 -19237
-567 -1161 438 25909 -2511 -15705
-821 -1372 237 23641 -4088 -11389
-1055 -1818 -46 23082 -5447 -7957
-1161 -2279 -295 23607 -6085 -6239
-1398 -2478 -390 25224 -6682 -5228
-1860 -2614 -469 27251 -6638 -6600
-2239 -2797 -499 28536 -6456 -8480
-2458 -3271 -346 29870 -6033 -11429
-2603 -3651 -237 30463 -5397 -13265
-2713 -3695 -228 31148 -3588 -15994
-2873 -3682 -168 31566 -739 -18379
-2830 -3600 -102 31775 2039 -19437
-2716 -3366 -63 32237 7492 -20053
-2692 -2923 -90 32728 11336 -20006
-2761 -2623 -98 32767 16365 -19544
-2891 -2211 -26 32767 19959 -18664
-3010 -1842 80 32767 21777 -17829
-3157 -1575 96 32767 24004 -16197
-3289 -1360 18 32767 24352 -14517
-3097 -1252 -162 32767 21808 -9968
-2968 -1079 -362 32767 14724 -3554
-2779 -939 -494 32767 8013 1480
-2913 -818 -682 32767 -1898 8473
-3422 -693 -1148 32767 -6022 11943
-4056 -597 -1610 32767 -6065 14389
-4900 -562 -2394 32767 -1829 14739
-5331 -465 -3149 32767 7130 14504
-5359 68 -4295 32767 13850 15322
-4927 634 -5410 32767 15562 16924
-4729 803 -6221 32767 11948 20158
-5225 306 -6625 32767 7123 21687
-6124 -881 -6152 23173 4113 21486
-6989 -1438 -3699 -21820 16780 21010
-5903 -1666 -2884 -32768 22247 23679
-5168 -1473 -2883 -32768 19866 31792
-4006 -1256 -3024 -32768 16947 32767
-2935 -1519 -3101 -32768 17153 32767
-2491 -1999 -2212 -32768 18606 32767
-6064 -2518 -8272 -32768 6909 -32768
-3045 -2927 -305 -32768 26962 32767
-2065 -3398 1727 -32768 32767 32767
-1458 -3170 2717 -32768 32767 32767
-952 -2802 2875 -32768 32767 32767
-689 -2581 2700 -32768 21171 32767
-394 -2266 2191 -32768 8364 32767
-216 -1982 1828 -32768 2372 32767
-122 -1915 1598 -32768 -2084 32767
69 -2177 1247 -29958 -2687 32767
182 -2306 1089 -20864 -1379 32767
120 -2083 926 -16421 -54 32767
-237 -1812 729 -11999 714 32767
-1009 -1626 480 -9634 296 31102
-1467 -1900 501 -8995 1008 24357
-1485 -2163 585 -8934 4510 15173
-1400 -2252 759 -9344 9920 7914
-1208 -2012 886 -9548 13919 4188
-1162 -1808 942 -9320 19422 -297
-1131 -1411 1148 -8588 24231 -3854
-1308 -1119 1461 -8104 26744 -6091
-1370 -947 1635 -7370 29545 -9094
-1284 -708 1922 -6511 31178 -11140
-1358 -585 1971 -5685 31312 -12166
-1476 -501 1997 -4219 30177 -13475
-1648 -389 2071 -2591 27941 -14626
-2053 -240 2026 -1218 25661 -15807
-2371 -51 1976 1157 21648 -18484
-2749 32 1766 4122 18542 -21581
-3192 -155 1437 6404 16973 -23730
-3630 -266 1247 9654 15151 -27383
-4262 -271 1040 11975 13820 -31032
-4644 -290 789 13051 13006 -32768
-4563 -395 690 13882 12533 -32768
-4436 -607 498 14033 12759 -31203
-4037 -635 360 13791 12957 -28564
-3808 -542 351 12842 13328 -23739
-3437 -413 345 12007 13306 -20382
-3224 -389 304 10826 11450 -15791
-2882 -315 223 9923 7356 -12015
-2546 -251 186 9489 3978 -10020
-2308 -218 146 9246 -975 -7640
-1964 -194 61 9415 -3843 -6412
-1754 -224 1 10307 -7002 -5066
-1513 -273 -107 11329 -8487 -4640
-1397 -321 -168 13351 -9619 -4649
-1314 -364 -188 15564 -9845 -5605
-1202 -425 -53 16854 -9225 -6541
-1215 -526 35 18314 -7509 -8601
-1340 -547 146 19147 -5812 -11452
-1538 -466 351 19112 -5090 -13781
-1784 -482 408 18577 -4936 -17672
-1855 -569 541 17547 -5581 -21294
-1807 -561 726 16658 -6099 -23185
