0 0 0 0 0 0
-1458 -857 371 21035 -9532 -18604
-1482 -827 566 21726 -11061 -20035
-1453 -813 667 22767 -12723 -21823
-1238 -911 764 24251 -12769 -22757
-1334 -759 937 26179 -9408 -24022
-1819 -421 1232 27748 -3925 -25500
-2046 -226 1326 31290 8665 -27882
-2176 88 1457 32767 17837 -28839
-2313 364 1663 32767 27398 -28844
-2711 816 2041 32767 28185 -27392
-3176 1282 2115 32767 23417 -25679
-5031 -2510 -4018 32767 16472 32767
-5484 -4135 -4146 32767 17374 32767
-5834 -5088 -4219 32767 18116 32767
-6944 -6809 -4146 19512 20626 29544
-7646 -8474 -4550 4454 22914 22568
-7803 -9004 -4133 -22621 25390 12596
-7110 -9277 -2172 -32768 25545 8720
-5361 -8943 -515 -32768 18611 10987
-4038 -8888 -125 -32768 1710 25309
-3345 -8423 -163 -32768 -14266 32767
-3895 -8035 -997 -32768 -32768 32767
-6101 -8138 5852 -32768 -32768 32767
-3902 -7933 738 -32768 -32768 32767
-3186 -6854 1621 -32768 -25253 32767
-2821 -6318 1340 -32768 -7730 32767
-2011 -6056 1359 -32768 4876 32767
-1554 -5772 1489 -32768 19054 32767
-1328 -5548 1811 -29261 27329 32767
-1085 -5174 2216 -24283 30000 32767
-1054 -4903 2356 -18686 30420 32767
-1045 -4358 2554 -15539 27657 32767
-1091 -3729 2795 -14908 25030 32767
-1033 -3477 3021 -15966 21927 32767
-660 -3122 2986 -17273 22297 30646
-202 -2852 2420 -17154 24238 26298
311 -2630 1844 -15165 29028 20993
608 -2441 1621 -11983 32767 17035
897 -2031 1472 -9657 32767 14748
983 -1777 1421 -6123 32767 11527
994 -1565 1350 -2721 32767 8338
852 -1434 1390 -834 29468 6043
700 -1388 1433 1187 22012 1925
245 -1274 1421 2268 12973 -3469
-1049 -1185 1328 1266 1248 -15538
-1920 -1037 1287 107 208 -21000
-2404 -955 1229 -1657 3229 -28931
-3011 -936 923 -1973 10693 -32768
-3315 -1113 521 -831 16933 -32768
-3474 -1120 344 2449 25551 -32768
-3875 -1002 114 5301 28682 -32768
-4227 -973 -39 9757 26523 -32768
-4679 -976 -136 13266 17225 -30247
-4701 -897 -157 14882 9962 -26861
-4744 -623 -79 16286 3003 -22743
-4860 -274 -41 17311 1144 -20418
-1304 803 1198 21785 -5135 -12214
-1219 849 1042 22073 -11326 -12498
-1353 652 712 23657 -17140 -14505
-1443 274 404 25279 -19888 -16620
-1487 199 280 27937 -21055 -20505
-1417 124 184 30013 -16096 -24385
-1341 117 364 30874 -10810 -26463
-1271 -43 242 32175 -3024 -28310
-1302 -338 270 32767 3989 -29094
-1677 -2481 68 24892 -457 -10464
-2225 -2888 -20 24369 41 -8793
-2566 -2955 -83 24023 1007 -8216
-2874 -2988 -174 24074 1541 -8667
-2698 -3120 -27 24088 2221 -8554
-2564 -3200 85 24124 4529 -7551
-2519 -3264 201 24376 6244 -6666
-2624 -3243 194 32767 7202 6246
-3016 -1082 -879 32767 5433 10224
-3012 -894 -1398 32767 3487 16504
-3347 -737 -2073 32767 1478 21280
-4441 -623 -3747 32767 1008 22384
-5350 -726 -5265 32767 826 21060
-6233 -413 -7376 32767 351 18270
-6213 -240 -7448 32767 3830 16796
-6042 454 -5990 14442 6856 13775
-5767 1573 -4045 -19343 10361 11889
-4214 1277 -4623 -32768 14315 18185
-2608 1357 -4377 -32768 23592 32767
-1024 1638 -2768 -32768 32767 32767
-6586 569 -7564 -32768 32767 32767
507 743 3184 -32768 32767 32767
-1042 -335 2134 -32768 32767 32767
-1991 -927 1269 -32768 12295 32767
-1507 -775 1789 -32768 4328 32767
-233 -621 2343 -32768 5152 32767
325 -582 2183 -32768 7149 32767
444 -362 2051 -32768 8070 32767
341 -137 1817 -28990 6112 32767
145 -162 1689 -23393 -881 32767
-328 -139 1647 -22388 -7452 32767
-612 -161 1597 -23646 -14658 28798
-856 -595 1237 -25135 -15826 23835
-925 -839 440 -24846 -13912 20998
-946 -877 -52 -22306 -8321 17375
-986 -912 -332 -18624 -581 14447
-1034 -1058 -319 -16213 4912 12867
-1053 -1147 -186 -13222 12596 11016
-1094 -1277 244 -11964 16643 9950
-1301 -1265 498 -10927 19781 7640
-1663 -1153 756 -10209 19057 4471
-1760 -1028 936 -9752 17357 2345
-2005 -988 1124 -9322 14344 -968
-2297 -1040 1329 -9033 12735 -3204
-2379 -913 1421 -8446 11745 -5687
-2271 -720 1592 -8066 12156 -6459
-2106 -609 1603 -7239 14275 -6341
-2052 -582 1569 -5577 17841 -5098
-1946 -797 1456 -3844 20947 -3839
-2166 -688 1335 -557 24976 -2975
-2834 -371 1314 2191 24795 -4302
-3070 -500 1440 3447 22183 -5528
-3030 -662 1508 4546 17389 -7201
-3151 -698 1324 5186 13688 -8643
-3643 -768 1044 6170 6590 -12056
-3867 -872 1032 6320 11 -16260
-4048 -1017 1065 5915 -2707 -19060
-4233 -1023 1007 5002 -3881 -23117
-4122 -886 825 4651 -1147 -25717
-3564 -807 680 5107 2811 -25867
-3101 -763 650 6979 10320 -23711
-2688 -687 426 9131 14615 -21421
-2477 -672 305 13171 18078 -17545
-2106 -764 258 17302 17796 -13567
-1881 -803 193 19803 15350 -11244
-1748 -620 144 22861 8660 -8700
-1669 -555 247 24385 1466 -7294
-1489 -586 423 24583 -1978 -6751
-1422 -620 477 24036 -4824 -6495
-1401 -628 533 23251 -5618 -6688
-1352 -611 549 21741 -5727 -7245
-1343 -640 543 20197 -5622 -8213
-1309 -584 534 19270 -5837 -8997
-1299 -548 480 18421 -6750 -10303
-1312 -531 437 18146 -8180 -11659
-1404 -549 536 17968 -9291 -12637
-1364 -569 721 17320 -10883 -13797
-1244 -541 1015 16339 -12528 -14510
-1214 -608 1129 16037 -13929 -14976
-1208 -695 1147 16562 -16118 -15873
-1440 -702 1302 18005 -16475 -17685
-1423 -610 1479 19372 -15088 -19048
-1371 -490 1626 22288 -9855 -21102
-1326 -162 1746 26576 -884 -23058
-1743 210 1724 30278 6302 -24591
-2132 380 1679 32767 16769 -27454
-2970 777 1719 32767 24930 -30708
-3655 1273 1900 32767 28194 -32441
-4305 1605 2028 32767 26805 -32768
-4850 2232 1962 32767 21615 -32439
-5030 2674 1732 32767 14598 -26491
-5143 2499 766 32767 12223 -15157
-5721 2021 -660 32767 12121 -5893
-6172 2074 -1264 32767 14233 7523
-10791 -10559 -6811 -32768 22713 6568
-7928 -12370 -4769 -32768 15025 8849
-4504 -12421 -3744 -32768 -2577 22047
-3853 -11659 -3773 -32768 -31511 32767
-5282 -10929 -5404 -32768 -32768 32767
-4548 -10617 -2172 -32768 -32768 32767
-4545 -10739 -1828 -32768 -2466 32767
-2355 -9500 639 -32768 11736 32767
-1647 -8753 1554 -32768 17557 32767
-890 -7496 2740 -32768 17458 32767
-406 -6346 3640 -32768 18733 32767
-303 -5175 3698 -26077 22404 32767
-312 -4584 3575 -19012 26771 32767
-411 -3895 3487 -15317 28957 32767
-309 -3353 3566 -12373 31215 32767
-144 -2597 3349 -11340 31525 25032
165 -2051 3006 -11033 31040 18529
280 -1751 2701 -10297 30041 10257
333 -1403 2171 -9153 29525 5633
357 -1352 1823 -6405 28614 222
205 -1322 1393 -3247 26114 -3947
-18 -1361 1149 -786 21789 -6946
-297 -1380 1086 -89 18487 -8547
-609 -1332 1161 -714 14572 -11095
-1211 -1344 1230 -1971 13042 -13036
-1583 -1346 1216 -4507 12145 -16266
-2112 -1251 1100 -6912 12268 -19583
-2432 -1201 837 -7976 12913 -21174
-2468 -1261 630 -8284 14605 -21845
-2768 -1390 238 -7493 15688 -21520
-2943 -1401 5 -4923 16344 -19901
-3219 -1481 -276 -1387 15362 -17092
-3554 -1505 -373 1046 14467 -14936
-3774 -1521 -334 4206 13977 -12045
-4154 -1415 -220 5791 14059 -10781
-4389 -1209 -192 7449 13855 -10292
-4665 -794 -126 8211 13653 -10777
-4587 -585 -9 8914 13119 -11512
-4283 -274 74 9775 10707 -11197
-4032 57 -90 11675 5606 -9892
-3890 336 -331 13652 1627 -8748
-3827 568 -427 17169 -3685 -7065
-3505 864 -148 19297 -5621 -5777
-3178 902 240 21245 -4919 -3402
-2520 821 937 21556 -437 -362
-1904 1069 1281 21440 3108 1626
-1571 1223 1289 21752 6548 3736
-1321 1286 1167 23160 5533 3687
-1192 1308 969 24740 2810 2145
-1074 1116 930 27323 -2407 -1893
-1011 1028 894 29690 -4184 -8269
-1134 891 767 31239 -4538 -13584
-1314 616 640 32767 -4321 -22786
-1551 380 362 32767 -4896 -29186
-1558 338 261 32767 -6722 -32768
-1454 202 202 32767 -7958 -32768
-1184 117 234 32767 -8629 -32768
-844 38 412 32767 -6974 -32768
-181 -413 668 32767 -4557 -32768
-22 -1023 633 32028 -352 -32768
-43 -1190 505 30402 3382 -29219
-632 -1109 290 29687 4843 -24469
-1100 -1169 191 28831 5138 -19161
-1572 -1491 64 28195 3806 -15599
-1999 -1704 -74 27734 2203 -14234
-2165 -1678 -32 26554 -651 -13082
-2130 -1752 79 25438 -2587 -12311
-2169 -2156 5 23966 -4940 -11063
-2479 -2665 -76 23151 -6210 -10556
-2923 -3064 -21 21842 -8056 -10624
-3118 -3252 -108 20911 -10071 -11222
-2981 -3290 -306 20722 -11208 -11180
-2763 -3227 -342 20914 -11505 -10144
-2701 -3352 -339 21686 -9291 -8293
-2743 -3500 -399 22687 -6434 -7047
-2825 -3373 -407 24713 -555 -5628
-2813 -2994 -328 27129 6177 -4759
-2852 -2629 -255 28847 10129 -4487
-2973 -2398 -236 31389 14040 -4796
-3122 -1987 -52 32678 15388 -5274
-3177 -1731 8 32767 16662 -5921
-3105 -1358 34 32767 18317 -5553
-2980 -1142 50 32767 19236 -4456
-2939 -972 41 32767 19357 -1872
-2816 -736 -54 32767 17719 429
-2912 -574 -300 32767 11253 4302
-2960 -473 -662 32767 4912 7157
-2923 -392 -934 32767 -3698 11895
-3154 -196 -1531 32767 -7127 15836
-3897 261 -2387 32767 -5435 17210
-4442 351 -3319 32767 -32 17690
-5162 469 -5545 32767 1905 17131
-5958 453 -6550 32767 1030 14217
-6313 301 -6567 32767 3085 12043
-6640 727 -5804 17796 8511 8570
-6573 724 -4172 -24353 17791 9266
-4693 607 -4009 -32768 20731 15965
-3188 670 -3690 -32768 23065 32767
-1659 1018 -2679 -32768 27081 32767
-952 657 -1302 -32768 29041 32767
-8292 -1584 -8907 -32768 32767 32767
-2126 -1473 630 -32768 32767 32767
-1900 -1875 1998 -32768 23708 32767
-1968 -1788 1924 -32768 17532 32767
-1014 -1671 2139 -32768 17039 32767
-443 -1655 2137 -32768 17299 32767
-2 -1349 1985 -32768 17107 32767
150 -959 1670 -32768 15625 32767
166 -780 1498 -32768 10344 32767
16 -728 1430 -29314 5206 32407
-135 -827 1395 -26188 -2417 30651
-380 -1218 1028 -24481 -7594 28652
-484 -1565 542 -23297 -8788 27457
-438 -1609 221 -21135 -7281 26016
-513 -1457 -237 -18279 -3177 24085
-789 -1382 -400 -16249 619 22190
-966 -1477 -347 -13417 7173 18703
-1341 -1742 -147 -11239 13302 14506
-1471 -1689 311 -10420 16891 11628
-1550 -1614 622 -9886 20862 6991
-1698 -1245 904 -9774 22578 2058
-1982 -900 1309 -10082 23065 -1410
-2135 -725 1548 -10858 23975 -6261
-2084 -501 2017 -11810 25144 -9379
-2029 -489 2078 -11380 25099 -10426
-2017 -437 1962 -10132 24484 -10139
-2111 -387 1840 -7046 23663 -8964
-2301 -335 1750 -2943 23416 -7572
-2450 -589 1931 -9 24120 -6763
-2755 -582 1755 5075 26805 -6927
-3419 7 1440 10211 27403 -9274
-3713 209 1261 13015 25856 -11190
-3773 122 1341 15330 22011 -13615
-3702 62 1341 15978 17980 -15182
-3513 38 1115 15988 15213 -15674
-3589 -115 917 15920 10238 -16450
-3731 -368 593 15941 6568 -17132
-3775 -418 429 15975 1380 -18197
-3544 -420 362 15804 -1342 -18565
-3349 -439 347 15262 -4033 -18475
-2957 -528 374 14417 -5048 -17369
-2384 -644 497 13751 -4823 -16013
-2044 -735 510 12988 -3472 -13569
-1815 -826 365 13238 -2886 -11687
-1782 -881 84 14131 -3599 -11049
-1786 -916 -61 16124 -5823 -11086
-1220 -1361 1009 24942 3613 -15971
-1409 -1307 1155 27203 1521 -16706
-1677 -1395 1362 29041 -1021 -17295
-1720 -1467 1468 32176 -5268 -17585
-1751 -1338 1575 32767 -7488 -17398
-2027 -970 1466 32767 -7417 -17921
-2770 -425 1769 32767 -594 -19626
-3008 -367 2191 32767 6010 -19974
-3208 -160 2333 32767 11712 -19040
-3738 610 2408 32767 10859 -18110
-4408 1287 2085 32767 6428 -16857
-4746 1587 1674 32767 2783 -14714
-4978 2077 654 32767 2070 -12276
-5269 2442 -9 32767 4722 -7595
-5664 2829 -1081 32767 7891 -3592
-5774 3057 -2074 32767 14313 4243
-5607 3101 -2569 32767 20759 14586
-4897 2508 -3526 32767 22097 27365
-4470 1307 -4239 32767 21354 32767
-4455 -49 -4478 32767 18338 32767
-4665 -2231 -5601 32767 11182 32767
-5488 -5006 -7203 15302 828 32767
-7854 -7978 -8002 -2090 -2573 32767
-8461 -9177 -7529 -32768 76 21572
-6973 -7994 -5452 -32768 936 14316
-5495 -8265 -4967 -32768 -8977 16663
-3710 -9740 -7332 -32768 -20692 29483
-4376 -9480 -9157 -32768 -26380 32767
-5706 -10107 -9780 -32768 13154 32767
-4856 -11171 -6056 -32768 19329 32767
-4257 -11575 -3073 -32768 -4243 32767
-3966 -11076 -1072 -32768 -32768 32767
-3104 -10232 379 -32768 -32768 32767
-1974 -9366 1596 -32768 -23679 32767
-653 -7963 3093 -30437 -7599 32767
-283 -7321 3893 -28468 16021 32767
-79 -6357 3985 -25623 30910 32767
87 -5119 3444 -21395 32767 32767
-248 -4320 3048 -11988 32767 21713
-273 -3532 3043 -5439 32767 9827
118 -2920 3279 1847 32767 -1733
186 -1813 3293 5164 32767 -6205
-115 -1407 2934 9069 32767 -10452
-804 -1110 2199 11832 32767 -13555
-1555 -1120 1519 12832 23781 -15673
-2123 -1199 1061 13288 15863 -20183
-2988 -1191 450 13034 19896 -25981
-3681 -1172 -53 12857 26409 -30064
-4023 -1052 -369 13401 32767 -32768
-4313 -997 -782 14900 32767 -32768
-4534 -908 -1147 16097 32767 -32768
-4587 -839 -1236 17164 24296 -32768
-4624 -879 -1204 16965 15828 -32768
-4827 -910 -1328 16659 12625 -32768
338 -1705 -1314 17251 10634 20124
-9574 2738 -507 14569 21409 3352
-6311 -1655 -1991 17422 28391 -17335
-5608 -242 -1310 19916 30231 -30555
-4015 1426 -464 20059 26859 -32768
-2870 745 -424 19507 13717 -31737
-1947 206 -405 18464 1068 -25066
-2006 999 -327 16057 -14347 -14057
-2327 1466 -533 15456 -18935 -5113
-2671 1539 -663 16347 -14652 -1173
-2726 1734 -334 17444 -1503 1987
-2479 1817 159 16726 9353 3376
-2295 1827 542 14776 11995 3678
-1926 1731 1185 10046 10141 3642
-1621 1385 1471 6650 6142 3320
-1458 1177 1304 3092 -2965 2514
-1321 1020 867 2081 -9918 1716
-1269 988 541 2557 -19349 19
-1297 953 64 3793 -24760 -1396
-967 776 165 5469 -30201 -3344
-977 694 307 6570 -31816 -5513
-719 347 130 8056 -29878 -7670
-681 3 134 8941 -26418 -9403
-670 -113 119 9901 -17774 -12554
-868 -194 539 9709 -10050 -15198
-903 -384 184 10003 -215 -18975
-1007 -578 14 11418 4949 -22212
-926 -594 36 12469 6815 -23551
-707 -715 346 13316 9402 -23470
-524 -1422 495 14108 12756 -21135
-552 -1643 516 14628 14895 -17067
-708 -1869 532 14229 12245 -12141
-670 -2180 783 13348 10125 -8749
-582 -2509 936 12240 10944 -4287
-1076 -2893 611 13783 12327 -2574
-1902 -3197 -20 16732 11416 -3162
-2137 -3735 -212 22776 7773 -4448
-2333 -4425 -428 29632 2656 -5517
-2542 -4563 -550 32767 -475 -6118
-2664 -4692 -391 32767 -4087 -6731
-2740 -4865 -169 32767 -5680 -6867
-2857 -4676 -53 32767 -6363 -7270
-3073 -4161 -74 32767 -4498 -8029
-3191 -3912 -264 32767 -1574 -8240
-3207 -3573 -637 32767 5693 -7656
-3290 -3065 -881 32767 11512 -6843
-3488 -2787 -992 32767 17952 -5265
-3598 -2431 -1139 32767 19281 -2594
-3624 -2178 -1194 32767 17425 -65
-3338 -1741 -1267 32767 11816 5548
-3478 -1717 -1752 32767 6073 10104
-3471 -1742 -2391 32767 -4871 18629
-3792 -1800 -4057 32767 -12382 24982
-4149 -1632 -4452 32767 -17111 32767
-4661 -1305 -4217 28537 -12082 32767
-5000 -607 -3696 8314 -5174 32767
-5298 191 -3849 -28014 319 32767
-5271 1808 -5304 -32768 948 31137
-4011 3043 -7114 -32768 10677 24820
-1693 4777 -7181 -32768 31103 28495
1558 5448 -4680 -32768 32767 32767
3480 5754 -1902 -32768 32767 32767
4544 3856 3028 -32768 32767 32767
2857 2918 5576 -32768 32767 32767
-280 1369 4961 -32768 25322 32767
-1387 1199 3726 -32768 -321 25519
-1310 860 2787 -32768 -6323 13461
-714 787 2655 -32768 -2866 9109
-728 902 2449 -32768 2875 6589
-721 1119 2048 -27897 3976 6725
-787 1144 1833 -24397 1967 7571
-1202 1043 1453 -23894 -1364 6986
-1573 783 976 -24109 -2749 5860
-1711 616 670 -24197 -3104 3745
-1973 376 211 -23914 -2444 2263
-1934 270 25 -23444 -280 751
-2060 58 -83 -23502 2824 5
-1952 -82 -161 -23684 5458 430
-1739 -278 -229 -24210 9218 2499
-1431 -278 -186 -24734 10671 4812
-1269 -185 -171 -25604 10610 9184
-1024 -68 -111 -26119 9652 12365
-976 -8 -81 -26491 7947 16546
-1160 42 -58 -25912 6694 19031
-1553 57 -275 -24466 6157 19372
-1994 118 -482 -20478 5846 17628
-2519 239 -434 -17315 6763 15430
-2665 220 -196 -12837 9932 12301
-2515 -82 165 -8240 13617 10959
-2439 -275 443 -5048 15889 11203
-2451 -293 781 -1284 19098 12722
-2586 -355 1463 250 21472 14650
-2858 -483 2075 75 20923 15655
-3153 -518 2238 -860 14267 16429
-3304 -392 2196 -1197 3028 15895
-3323 -396 2186 -766 -6011 14484
-3290 -431 2067 -93 -9686 13111
-3150 -391 1976 1218 -12325 10642
-2964 -235 1802 2189 -12943 8626
-2998 -140 1612 3748 -13273 4649
-3101 -184 1427 5683 -12992 -340
-3224 -380 1151 7314 -12108 -3902
-3134 -551 928 10210 -9911 -8676
-2836 -697 729 13083 -7025 -12495
-2794 -813 589 14811 -4894 -14957
-2729 -887 518 17185 -2463 -18563
-2601 -1113 546 18879 3124 -22086
-2443 -1347 425 20100 5619 -24274
-2206 -1364 378 21877 8328 -26890
-1868 -1452 389 23039 9867 -28179
-1702 -1616 409 25006 11671 -29695
-1875 -1859 225 27541 10352 -31779
-2157 -1934 119 29220 7239 -32768
-2191 -1903 37 31397 872 -32768
-1969 -1832 30 32737 -4707 -32768
-1682 -1829 71 32767 -7079 -32768
-1321 -1794 253 32767 -8230 -32768
-1116 -1622 556 32587 -7524 -31598
-934 -1513 772 31517 -5392 -27521
-952 -1501 872 30579 -3654 -23615
-1279 -1360 661 30752 -3182 -21893
-1586 -1199 423 32607 -2876 -21119
-2282 -932 257 32767 -1786 -22698
-2706 -786 187 32767 -997 -24431
-3018 -449 324 32767 -1800 -26283
-3064 202 815 32767 -3595 -26546
-3081 577 1250 32767 -4409 -25149
-3082 895 1606 32767 -2027 -22839
-3493 961 1499 32767 2787 -18550
-4240 1126 790 32767 4750 -14013
-4981 1207 -179 32767 4712 -11060
-5467 1294 -808 32767 5129 -7023
-5858 1691 -1665 32767 6381 -4283
-5858 1918 -2303 32767 8641 996
-5293 1674 -3207 32767 8379 9405
-4898 780 -4023 32767 5710 16701
-4707 -1922 -4886 32767 1341 27735
-5535 -4082 -5406 32767 -418 32445
-6145 -5321 -5239 32767 3469 32767
-6471 -6588 -5703 32767 8727 32767
-6508 -6989 -6208 8606 14205 30931
-6833 -8695 -5244 -21888 20737 27569
-6958 -9453 -3931 -32768 22821 25286
-6148 -9183 -2873 -32768 20427 26637
-4782 -8559 -1574 -32768 15132 31660
-4801 -8421 -1287 -32768 510 32767
-5222 -8271 -1136 -32768 -12008 32767
-5545 -8129 -1260 -32768 -32768 -32768
-4381 -7352 -1683 -32768 -26197 32767
-3923 -7453 1346 -32768 -22932 32767
-3096 -6589 552 -32768 -10907 32767
-3060 -6542 41 -32768 -1421 32767
-2537 -6329 655 -25530 7309 32767
-1686 -6196 1838 -15813 12795 32767
-1495 -5985 2337 -7923 16410 32767
-1344 -5322 3078 -6916 18385 32767
-1292 -4463 3320 -8500 21212 32767
-1205 -4075 2974 -10733 25897 32767
-683 -3709 2317 -11031 30934 32767
210 -3580 1872 -10403 32767 30608
812 -3386 1801 -9455 32767 23127
1492 -2861 1822 -9171 32767 19589
1714 -2421 1894 -9200 32767 14899
1720 -1977 1871 -9086 32767 11505
1595 -1848 1814 -8208 32767 5727
1370 -1572 1647 -7028 29617 1538
1017 -1309 1442 -4568 21244 -5175
675 -1209 1297 -1739 14344 -12023
101 -1160 1093 137 11255 -16414
-418 -1126 1021 2473 9327 -22956
-1575 -1030 933 3828 10302 -27691
-2654 -1071 626 6368 14420 -32768
-3158 -1175 417 9895 19843 -32768
-3653 -1242 218 12341 22788 -32768
-4061 -1212 227 14884 24674 -32768
-4425 -1200 432 15090 23045 -32768
-4750 -1248 546 14049 19882 -32768
-4970 -1247 557 11487 13816 -31444
-5175 -1066 501 9733 10669 -28347
-5238 -793 480 8010 8775 -25104
-5234 -403 428 7831 8594 -23882
-5231 -178 374 9241 8052 -23169
-4955 114 539 11437 6758 -22732
-4264 355 1055 12641 5591 -21881
-3692 587 1334 14004 4227 -19517
-3030 831 1575 14905 3561 -17550
-2428 740 1485 17007 2444 -14307
-2075 697 1366 20228 1028 -11297
-1810 795 1090 22962 -290 -10059
-1838 687 830 27889 -2750 -10179
-1911 404 535 32767 -4803 -12421
-1977 499 371 32767 -5314 -14744
-1876 499 175 32767 -1338 -19159
-1781 727 385 32767 2493 -22185
-1711 595 256 32767 7010 -26155
-1337 -1397 -9 27767 4342 -8366
-1631 -1757 -5 27838 3173 -7252
-1681 -2075 -24 28113 807 -5926
-1638 -2669 -66 28754 -1506 -4784
-1786 -2975 -58 29176 -2967 -4636
-2166 -3176 -37 29724 -4549 -5829
-2521 -3437 33 29900 -5133 -7247
-2583 -3884 155 29939 -5013 -9159
-2765 -4014 43 30400 -3955 -11209
-3161 -3868 -13 30933 -2841 -12943
-3261 -3619 -25 32068 215 -15383
-3345 -3402 -8 32767 4853 -17143
-3398 -3108 -205 32767 8591 -17622
-3459 -2649 -509 32767 17655 -16447
-3448 -2392 -628 32767 21454 -14479
-3273 -2004 -869 32767 22728 -9610
-3311 -1677 -1024 32767 19810 -5617
-3372 -1601 -1069 32767 11276 1072
-3258 -1625 -1122 32767 1487 8446
-3279 -1541 -1161 32767 -3791 13262
-3473 -1491 -1609 32767 -8314 19269
-4100 -1314 -3137 32767 -8450 21798
-4872 -1237 -4358 32767 -4092 22193
-5988 -1027 -6037 32767 4812 20347
-6009 -641 -6760 32767 9184 19676
-5927 -106 -6083 25781 11909 18196
-5029 840 -3462 -17920 16585 17020
-3996 1546 -2964 -32768 16626 17211
-3113 1880 -2785 -32768 17374 22006
-1115 2361 -2767 -32768 22186 29329
296 2007 -2143 -32768 32767 32767
950 1331 -4104 -32768 29653 -16454
183 635 789 -32768 32767 32767
206 31 2395 -32768 32767 32767
22 -329 3292 -32768 32767 32767
-141 -140 3135 -32768 30975 28809
110 -250 2929 -32768 17756 21565
509 -57 2517 -32768 11361 19149
720 221 2174 -32768 4483 18687
695 474 1644 -32028 -61 19486
537 536 1373 -23513 -7952 20983
124 534 1211 -20209 -13484 21434
-407 469 1189 -18728 -19816 20660
-809 406 1158 -20174 -21708 18264
-1282 290 899 -21822 -20217 16219
-1464 233 649 -23989 -14809 13511
-1601 105 295 -24985 -6908 11694
-1645 42 62 -24770 -955 10669
-2068 -51 -205 -23203 8045 8438
-2296 -205 -242 -21681 13646 6790
-2414 -306 -138 -19074 20426 4436
-2366 -351 -6 -16750 24635 2930
-2512 -485 117 -15329 25338 2205
-2523 -637 259 -13376 22247 1871
-2622 -807 251 -11865 17206 2175
-2614 -875 368 -9796 8725 3309
-2727 -980 538 -8111 3412 4347
-3121 -1168 708 -7242 1942 4637
-3057 -1316 989 -6628 3146 5593
-2882 -1308 1162 -6074 6757 6661
-2852 -1070 1134 -5469 8674 6723
-3238 -920 1079 -4194 9075 4645
-3792 -1023 1116 -3107 8027 1910
-4132 -1077 987 -563 5593 -3405
-4033 -1027 811 3034 4503 -7936
-3563 -974 649 5836 5496 -9864
-3407 -924 500 10219 8069 -11707
-3345 -881 333 14210 10500 -12853
-3280 -905 301 16355 11889 -13294
-3230 -954 315 18673 13122 -13550
-2979 -1111 357 20088 13299 -13001
-2502 -1059 360 20628 13046 -12055
-2201 -960 303 21287 11940 -10357
-1847 -863 219 21905 10016 -8769
-1689 -867 194 22311 8272 -7971
-1505 -950 218 22780 5233 -7063
-1279 -1101 261 23030 3372 -6622
-1233 -1134 232 23604 651 -6610
-1239 -1069 264 24221 -1880 -7603
-1305 -1059 305 24599 -3576 -8772
-1359 -1084 346 25085 -6436 -11226
-1529 -1023 330 25392 -8612 -13339
-1583 -893 364 25424 -11848 -16712
-1469 -767 484 25063 -13590 -18593
-1399 -782 558 24013 -15445 -20843
-1485 -827 718 22318 -17324 -22989
-1600 -884 841 20945 -18799 -24499
-1915 -822 859 18994 -20561 -26878
-1892 -595 859 18069 -20718 -27836
-1559 -521 770 18096 -18092 -26782
-1225 -365 795 20030 -10614 -23668
-1360 137 933 22278 -2254 -21629
-1770 452 997 27214 13045 -20246
-2293 692 1051 31379 22213 -20104
-2728 880 1133 32767 28034 -19993
-3211 1153 1137 32767 18831 -20000
-3671 1576 1434 32767 6359 -19638
-3764 1802 1523 32767 -10420 -17872
-4160 2236 1222 32767 -15569 -15246
-4964 2475 219 32767 -12714 -13207
-5441 2494 -588 32767 -3032 -9230
-5633 2334 -1610 32767 4101 -5461
-5533 2011 -2379 32767 10335 2378
-5294 1111 -2694 32767 11603 8590
-5167 617 -2953 32767 11870 18071
-4999 -195 -3027 32767 12552 26321
-5447 -1712 -3212 32767 14721 30022
-5861 -2601 -3750 32767 18839 31928
-6125 -3496 -3739 26279 23202 30326
-6174 -4514 -3418 7661 25577 26860
-6009 -5278 -3350 -5983 24383 24300
-6086 -5805 -3296 -28225 18772 20614
-6204 -6717 -3036 -32768 13902 19308
-6257 -7165 -2682 -32768 6750 19700
-6151 -7618 -2186 -32768 3314 21600
-5279 -8103 -2712 -32768 -7921 32767
-4831 -8152 -3831 -32768 -17324 32767
-5057 -8178 -4510 -32768 -32768 32767
-5260 -8824 -3957 -32768 -29566 32767
-5916 -7933 -4270 -32768 -17997 32767
-5243 -8339 -3441 -32768 -7145 32767
-4055 -8111 -2031 -32768 -3278 32767
-3170 -7897 -995 -25763 354 32767
-2311 -7313 991 -20377 3714 32767
-1750 -6802 2092 -18067 10060 32767
-903 -5982 2768 -17495 17452 32767
-280 -5356 2764 -15862 25122 32767
505 -4557 2842 -14480 29999 32767
1016 -3982 2719 -11644 32767 32767
1509 -3192 2420 -9058 32767 32767
1471 -2712 2217 -4308 31495 30532
1213 -2196 2171 -245 28712 17187
1061 -1997 2308 2035 25641 3873
991 -1835 2472 2349 24128 -4219
860 -1667 2454 1667 23105 -14832
488 -1513 2169 1210 22925 -20726
1 -1469 1806 1634 22398 -27971
-1131 -1555 1149 2744 21600 -32053
-2188 -1658 877 4669 21137 -32768
-3421 -1766 519 6341 22522 -32768
-4779 -237 -175 7113 11765 -11620
-4355 213 -97 8889 9056 -10295
-4016 660 -170 10663 6431 -9283
-3884 872 -289 14447 1117 -8002
-3663 1275 -192 17253 -2937 -7318
-3398 1521 168 20498 -7278 -6330
-2789 1591 976 21536 -7712 -5471
-2288 1547 1394 21719 -4933 -3542
-1592 1546 1608 21614 -521 -1421
-1277 1664 1332 22114 1813 -602
-1246 1652 1035 23833 3470 -933
-1255 1527 862 25250 3596 -2349
-1428 1475 724 27350 2847 -6356
-1441 1344 685 28804 906 -12176
-1550 1109 744 29193 -1241 -19394
-1663 949 823 28931 -2136 -24870
-1771 912 733 28279 -3952 -32768
-1580 750 649 27679 -6077 -32768
-1296 592 543 26826 -8649 -32768
-684 237 489 25918 -7872 -32768
-222 -432 604 24735 -5822 -32016
-168 -858 392 24299 -4873 -26013
-357 -793 356 23882 -3331 -17900
-768 -870 409 23407 -2169 -12139
-1231 -1322 344 23248 -2574 -9655
-1478 -1485 252 23368 -4871 -7728
-1644 -1606 268 23378 -7373 -7282
-1783 -1815 307 23331 -8567 -7549
-1701 -2013 336 23295 -9194 -7914
-1706 -2390 297 23527 -9652 -8535
-2233 -2902 379 23746 -9654 -9694
-2681 -3222 271 24703 -9019 -12655
-3159 -3497 96 25859 -7780 -15092
-3176 -3535 -84 28351 -4714 -18067
-3178 -3314 -50 30921 136 -19870
-3307 -3227 -49 32741 4119 -20374
-3387 -3269 9 32767 11446 -19995
-3622 -3220 27 32767 16537 -19141
-3550 -3002 -97 32767 23902 -16545
-3676 -2554 -278 32767 28070 -12725
-3683 -2075 -499 32767 26930 -9373
-3510 -1890 -557 32767 19657 -2781
-3259 -1770 -631 32767 8825 5263
-3220 -1776 -851 32767 1544 10881
-3195 -1488 -1045 32767 -5456 18488
-3584 -924 -1938 32767 -7065 22000
-4132 -656 -3098 32767 -7131 24037
-5233 -571 -5054 32767 -4748 22358
-6399 -807 -6083 32767 161 19649
-6640 -538 -5621 32767 11071 15023
-5935 595 -4164 15513 18717 12281
-5079 1525 -3466 -25625 23749 9326
-3261 2190 -3704 -32768 18754 10109
-1511 2531 -3435 -32768 12000 17895
-403 2636 -2791 -32768 20426 32316
952 2916 -848 -32768 31965 32767
-836 1745 -7228 -32768 32767 31640
867 404 1432 -32768 32767 32767
455 -363 2312 -32768 32767 32767
-726 -490 2217 -32768 22798 28724
-389 -721 2779 -32768 14915 22732
56 -656 2988 -32768 8087 18083
447 -234 2891 -32768 4968 17453
532 57 2694 -32768 257 18355
351 326 2143 -30956 -3705 19046
122 415 1782 -24553 -9737 18967
-333 441 1408 -20938 -13405 17129
-620 433 1161 -19962 -13624 15465
-745 376 956 -19658 -11864 13071
-866 208 590 -19830 -8811 11352
-1056 97 353 -20098 -6405 10493
-1183 77 250 -20648 -2133 9421
-1313 -27 75 -21021 2873 8396
-1709 -244 -1 -21129 6169 7282
-1879 -330 52 -21067 10065 5069
-2211 -292 -53 -20526 10793 3301
-2461 -314 17 -19371 9908 642
-2439 -370 102 -17925 9460 -653
-3748 -687 1144 1374 15322 6552
-3809 -710 1152 594 9815 4319
-3722 -749 985 649 5589 2598
-3581 -683 864 1483 -941 -2
-3420 -665 589 3462 -7145 -2554
-3163 -759 361 5293 -10471 -4069
-2858 -826 237 8318 -13120 -6086
-1618 -1172 165 23410 591 -26393
-1400 -1188 142 23890 341 -26213
-1229 -1074 129 24234 956 -25148
-1183 -987 172 24267 1620 -24159
-1102 -918 264 24196 2530 -22316
-1076 -851 254 24236 2939 -21011
-1114 -809 281 24522 2893 -19249
-1135 -740 303 24792 2122 -18166
-1214 -667 308 25243 -630 -16899
-1587 -650 343 25509 -3742 -16619
-1829 -661 563 25336 -9866 -16684
-1905 -718 776 24387 -15766 -16445
-1716 -707 903 23730 -18907 -14990
-1774 -555 929 24088 -16199 -13505
-2106 -176 1172 24843 -9966 -13264
-2426 131 1257 27376 4202 -14205
-2644 456 1454 30046 14532 -15022
-2868 812 1388 32767 25778 -15706
-3174 1061 1248 32767 25226 -15334
-3699 1488 1107 32767 18183 -14523
-4194 2053 822 32767 3303 -12856
-4321 2266 469 32767 -7979 -10055
-4638 2682 -202 32767 -9952 -7806
-4881 2991 -756 32767 -5850 -3810
-4928 3026 -1817 32767 1221 2357
-4307 2304 -2580 32767 4320 8480
-4097 1154 -3069 32767 6075 19062
-4534 -778 -3485 32767 7755 27255
-4765 -1859 -4171 32767 8604 30798
-4911 -2782 -4062 32767 9837 32767
-5438 -3898 -3969 31673 12467 31767
-5867 -4606 -4075 12751 19289 25865
-6571 -6406 -4431 -6713 23784 17457
-7471 -8027 -4777 -19482 23891 11437
-8241 -8892 -4371 -32768 21869 4128
-7618 -9109 -2482 -32768 19708 6140
-5760 -9352 -1213 -32768 13439 14875
-4194 -9347 -1200 -32768 -4694 32767
-3998 -8868 -1369 -32768 -27706 32767
-4972 -8076 -1979 -32768 -32768 16224
-7162 -7205 -3596 -32768 -32768 28188
-4918 -8023 -762 -32768 -32768 32767
-3689 -7482 -70 -32768 -13592 32767
-2115 -7016 3 -32768 4382 32767
-918 -6506 538 -32768 15869 32767
-386 -6121 1091 -23357 30683 32767
-47 -5249 2030 -18556 32767 32767
-135 -4523 2979 -18332 32767 32767
-155 -4002 3592 -19562 32767 32767
-197 -3617 3665 -21454 32767 32767
-175 -2966 3314 -21290 32767 32767
-21 -2482 2703 -19636 31343 27291
43 -2170 2441 -15936 26470 17563
341 -1959 2301 -12013 25339 9711
495 -1831 2212 -9410 25368 5579
618 -1612 1970 -5588 24512 684
608 -1480 1789 -3250 23202 -1967
508 -1426 1695 -363 20140 -5564
235 -1331 1589 1075 17642 -8030
-102 -1283 1499 2623 13670 -12424
-642 -1212 1378 3441 10305 -17555
-1386 -1104 1282 3607 9035 -21312
-1928 -1070 1107 3961 8878 -27045
-2498 -1053 728 4607 9730 -30163
-2777 -1080 464 6424 11601 -32725
-2896 -1278 76 8050 12886 -32178
-2891 -1290 -19 10268 15527 -28394
-3142 -949 -156 11394 17361 -24924
-3441 -861 -356 12789 18282 -19480
-3787 -950 -479 13586 16597 -14925
-4174 -984 -615 13974 14057 -13024
-4324 -873 -694 14385 9351 -11810
-4329 -590 -676 14502 4973 -12031
-4319 -375 -681 14655 2410 -12864
-4264 -70 -660 15144 -1488 -14327
-4020 80 -702 15789 -4365 -15074
-3932 160 -778 17418 -8656 -16047
-3714 238 -821 19606 -11952 -16797
-3647 349 -919 21379 -13010 -17557
-3613 482 -948 24320 -12338 -18939
-3331 620 -694 25900 -10251 -19456
-2998 613 -329 27058 -4832 -18693
-2343 462 177 27015 2602 -15994
-1813 493 464 26672 7848 -13653
-1588 566 524 26303 14600 -10232
-1416 634 597 26220 17413 -8352
-1345 537 514 26726 17580 -6311
-1387 494 319 28097 13017 -6375
-1834 728 38 29534 7103 -8403
-2088 653 -102 31909 -4613 -13940
-2090 406 -91 32767 -11950 -18330
-1822 428 -51 25919 10897 -10878
-1572 -1387 21 26140 10670 -7986
-1664 -1529 93 25912 10098 -6503
-1634 -1642 152 25071 8861 -4712
-1740 -2055 230 24322 7605 -3804
-1884 -2411 282 23261 5137 -3129
-2334 -2923 126 23088 3032 -3328
-2590 -3140 -72 23867 -811 -4400
-2723 -3290 -260 25371 -4735 -5529
-2735 -3306 -347 26534 -6720 -6130
-2843 -3314 -321 27947 -7826 -6996
-3076 -3348 -170 28512 -7539 -7657
-3232 -3268 -96 28851 -5691 -8556
-3378 -2897 -72 29017 -3128 -8965
-3331 -2593 -112 29526 2977 -8474
-3120 -2186 -221 30657 9977 -6160
-3035 -1876 -419 31718 13787 -3744
-3062 -1741 -593 32767 16377 838
-2905 -1600 -754 32767 15534 4651
-2804 -1460 -836 32767 10033 11022
-2863 -1302 -964 32767 3975 15015
-3003 -1201 -1037 32767 -5635 19799
-3162 -968 -1331 32767 -11745 23396
-3226 -858 -1927 32767 -13333 25030
-3848 -468 -3535 32767 -11241 25361
-4664 33 -5246 32767 -7373 24143
-4775 374 -5722 32767 1482 21813
-5073 594 -5869 32767 6643 19820
-5178 1334 -4563 15088 15088 14524
-4792 2043 -2452 -29454 23760 9238
-2928 2079 -2298 -32768 25834 9422
-1786 2256 -1698 -32768 28819 16201
23 2175 -1391 -32768 30452 24579
447 1710 -1341 -32768 28862 32767
2246 2137 2986 -32768 7753 -32768
283 953 2017 -32768 28508 32767
390 407 2412 -32768 31676 32767
-425 603 1201 -20070 -3913 13114
-807 554 1140 -20837 -7197 11562
-1088 489 1052 -22740 -9834 8900
-1620 332 839 -24681 -9479 5979
-1860 96 548 -25515 -7677 4546
-1959 -89 275 -25423 -3732 3439
-1911 -307 44 -24113 1598 3939
-1899 -462 78 -22870 5712 4891
-2011 -573 55 -20561 10750 6513
-2263 -652 205 -19057 12730 7350
-2342 -759 484 -17263 13309 8128
-2688 -785 533 -15321 9900 7969
-3002 -642 587 -13899 6403 7492
-3120 -635 755 -11938 3066 6842
-3102 -851 956 -10534 2956 6875
-3111 -920 1084 -8180 5434 7455
-3049 -908 1218 -5555 9899 8184
-3029 -877 1252 -3583 12761 8493
-3074 -867 1226 -282 15150 8422
-3030 -901 1198 3579 15793 7772
-2984 -705 1085 6337 15611 6927
-3002 -471 1086 10069 14543 4672
-3268 -283 1164 12530 12260 989
-3496 -360 1340 13337 10111 -1886
-3392 -463 1374 13789 6853 -5715
-2991 -485 1227 14093 4714 -8323
-2562 -440 967 14508 3895 -9392
-2289 -464 798 15477 3371 -10338
-2433 -602 591 16664 2521 -12291
-2771 -748 428 17381 1293 -14358
-2770 -837 422 17933 -954 -17615
-2435 -955 425 18024 -2176 -19279
-2087 -993 402 18052 -2825 -20618
-1593 -1034 240 18312 -2715 -20798
-1399 -1039 77 19359 -2379 -20688
-1444 -1079 -109 20948 -2507 -21174
-1538 -1211 -180 22068 -2648 -21863
-1498 -1254 -139 23543 -2242 -22946
-1424 -1210 -145 24484 -1527 -23578
-1414 -1152 -175 25800 -207 -24300
-1299 -1042 -76 26638 1339 -24312
-1186 -1084 193 26782 2419 -23890
-1268 -1166 276 26769 3878 -23367
-1656 -1046 221 26830 3650 -23358
-1903 -834 311 26734 488 -23548
-1948 -798 503 25863 -3584 -23016
-1823 -853 806 24973 -5502 -21774
-1658 -882 942 23894 -6299 -18430
-1640 -693 919 23723 -4959 -15789
-1667 -393 895 24645 518 -12013
-1904 -2 869 26052 6436 -10177
-2316 189 960 28942 16504 -9409
-2788 398 1349 32025 20909 -10213
-3236 613 1280 32767 16742 -11001
-3415 839 1180 32767 2270 -11835
-3485 1209 1124 32767 -11753 -11728
-3595 1750 830 32767 -16263 -11242
-3801 2223 456 32767 -14807 -10237
-4442 2687 -372 32767 -9782 -9410
-4909 2784 -991 32767 1321 -7510
-5197 2950 -1817 32767 8711 -5079
-5033 2833 -2229 32767 14133 1713
-4445 1674 -2833 32767 11868 12374
-4350 59 -3024 32767 9139 19932
-4625 -2224 -3424 32767 6284 28934
-4958 -3175 -3809 32767 3797 32022
-5219 -3861 -3586 32767 2799 31485
-5358 -4644 -3855 27177 6293 28705
-5823 -5826 -3910 8311 16725 21708
-6618 -7521 -4362 -4063 23499 15828
-6907 -8456 -4581 -22841 25145 8378
-6340 -9163 -3245 -32768 21587 6946
-5882 -8947 -1754 -32768 13072 11004
-4744 -8434 -518 -32768 3969 23656
-4017 -8475 -924 -32768 -2690 32767
-3843 -8270 -1069 -32768 -16860 32767
-4353 -7754 -1726 -32768 -31682 32767
-7051 -7438 1582 -32768 -30775 32767
-4461 -7231 -136 -32768 -22816 32767
-3464 -6838 920 -32768 -6911 32767
-2356 -6164 821 -32768 2217 32767
-1757 -5956 923 -32768 13168 32767
-1096 -5498 1436 -31452 22552 32767
-574 -4855 2099 -25876 27210 32767
-473 -4466 2407 -20248 29662 32767
-453 -3956 2804 -17270 27905 32767
-437 -3428 2858 -16183 25540 32767
-492 -3093 2819 -15227 21638 32767
-443 -2646 2579 -14399 19386 32767
-81 -2261 2307 -13836 19916 28092
173 -2049 2078 -12771 22889 20730
466 -1861 1712 -11051 26493 14407
610 -1714 1505 -9649 28969 10625
629 -1697 1495 -7654 32191 5141
484 -1612 1513 -6427 32767 1407
334 -1558 1570 -4895 32767 -4401
90 -1416 1686 -4187 30392 -8254
-380 -1280 1633 -3295 23732 -14008
-697 -1208 1550 -2577 16376 -19320
-1426 -1090 1329 -2103 12525 -22701
-1966 -1015 1077 -972 9223 -27204
-2605 -1102 601 1191 8525 -30224
-3148 -1280 156 3163 9704 -30987
-3452 -1268 23 6315 14417 -29853
-3392 -995 47 8178 18278 -27175
-3423 -734 -70 10807 20607 -21368
-3761 -490 -312 12903 17204 -15967
-4240 -452 -389 13863 13252 -13623
-4568 -416 -348 14541 7410 -12587
-4732 -204 -262 14483 3340 -13391
-4460 169 -119 14301 1720 -14133
-4293 407 -126 14509 -446 -15405
-4246 667 -362 16093 -4291 -16958
-4133 783 -608 17860 -7774 -17841
-3861 837 -572 20480 -12472 -18351
-3414 1002 -219 21630 -14159 -18176
-3094 1055 190 21956 -13764 -17312
-2700 970 681 21161 -11330 -15931
-2269 834 960 20416 -9475 -14713
-2094 787 955 19751 -7708 -12764
-1535 995 1098 19362 -6973 -10853
-1393 1241 1016 19715 -7043 -9763
-1253 1028 977 20389 -7712 -9759
-1239 663 857 22082 -8907 -11068
-1411 332 685 23579 -9143 -13062
-1426 201 613 25488 -5731 -17646
-1718 154 658 26881 223 -23814
-1679 45 419 27887 3204 -27369
-1514 -26 393 29336 6342 -30395
-1040 -287 340 30267 8483 -30600
-818 -469 376 31462 12795 -28948
-762 -683 377 32180 16151 -26070
-805 -882 386 32210 16181 -23896
-961 -1116 464 31481 13287 -20976
-1087 -1376 560 30512 10382 -19351
-1207 -1546 658 28131 5341 -17472
-1342 -1679 659 25090 194 -16045
-1453 -1713 662 22859 -2389 -15386
-1533 -1810 566 19865 -5142 -14615
-1515 -2027 405 17815 -6389 -13490
-1530 -2481 292 17071 -6685 -12525
-1781 -2843 177 17083 -7005 -11739
-2334 -3298 -31 18423 -7042 -12454
-2794 -3456 -141 19809 -6879 -13540
-2793 -3490 -174 22377 -6107 -14747
-2818 -3463 -266 24451 -5008 -15184
-2881 -3425 -330 28024 -2210 -15377
-2979 -3282 -326 31731 1868 -15219
-3209 -3031 -417 32767 5051 -15082
-3431 -2825 -461 32767 10718 -14995
-3588 -2525 -534 32767 14972 -14609
-3663 -2322 -618 32767 20888 -13006
-3639 -1946 -770 32767 23731 -9878
-3574 -1572 -997 32767 23168 -6955
-3576 -1404 -1114 32767 19671 -1797
-3540 -1287 -1341 32767 14511 3851
-3552 -1155 -1459 32767 10572 7572
-4064 -979 -1827 32767 4386 11591
-4482 -682 -3047 32767 1215 13373
-4836 -726 -3997 32767 -3174 14852
-5506 -712 -5205 32767 -6318 14949
-6013 -592 -5503 31979 -3836 14462
-6016 -198 -5254 10494 7263 16839
-5527 913 -5449 -8709 13107 19815
-5187 1927 -5359 -32768 14194 25058
-4042 2420 -4601 -32768 11486 30616
-3284 2443 -3509 -32768 13978 32767
-1344 2410 -1618 -32768 22573 32767
-344 2081 -523 -32768 -1062 32767
-1 232 1384 -32768 32767 32767
-2104 -1187 -502 -32768 32767 32767
-1780 -2285 642 -32768 32767 32767
-1631 -2282 1712 -32768 32767 32767
-1281 -1766 2066 -32768 15838 32645
-272 -1665 2554 -32768 6964 30369
2 -1226 2349 -32768 -972 29890
183 -747 1914 -32768 -3192 30214
66 -592 1421 -32557 -4015 29894
-151 -541 1144 -25915 -4762 27772
-403 -745 799 -22494 -5626 25746
-484 -868 631 -18800 -7048 22767
-470 -923 409 -17066 -7150 21189
-323 -898 171 -14980 -5678 19829
-338 -815 57 -13370 -2351 18813
-547 -794 -11 -12479 642 17882
-681 -865 31 -11476 5596 16006
-963 -946 161 -10828 10203 13199
-1274 -934 366 -10500 12635 10813
-1400 -947 493 -9804 14879 6834
-1616 -844 559 -8408 15365 2553
-1790 -722 671 -7396 15160 -457
-2045 -560 934 -6102 15645 -4656
-2038 -526 1196 -5254 16869 -6670
-2038 -516 1213 -3235 19036 -8398
-2203 -431 1314 -1630 20304 -9008
-2396 -342 1396 762 22269 -9773
-2856 -358 1510 3267 24539 -10996
-3330 -553 1412 5189 26137 -11962
-3636 -296 1449 7643 27579 -13222
-3787 -149 1496 8969 26240 -14072
-3904 -87 1567 9118 24126 -14317
-4011 -107 1549 8662 19330 -14555
-4035 -77 1299 8268 12557 -14492
-3882 -55 955 8331 7804 -14183
-3827 -141 743 8843 1068 -13657
-3884 -348 491 9408 -3151 -13547
-3791 -397 422 10206 -7839 -13614
-3457 -365 351 10715 -9060 -13572
-3042 -356 311 11819 -7762 -12928
-2406 -360 151 13769 -3992 -11597
-1820 -465 40 15534 -941 -10526
-1549 -638 -50 18742 3335 -9058
-1342 -849 -131 22579 6689 -8564
-1354 -965 -272 25370 7850 -8991
-1375 -1018 -296 29657 7722 -10581
-1405 -1059 -312 32767 5858 -12951
-1408 -1069 -259 32767 4086 -14790
-1625 -1168 -144 32767 911 -18198
-2036 -1252 -116 32767 -1717 -21094
-2297 -1116 12 32767 -5923 -26025
-2431 -973 99 32767 -9742 -30812
-2370 -880 229 32767 -11579 -32768
-1997 -914 342 29771 -12747 -32768
-1328 -1121 384 27208 -12785 -32620
-1246 -1143 397 23645 -12140 -28010
-1411 -1046 257 21126 -11821 -22246
-1389 -987 111 20172 -11675 -17746
-1459 -953 44 19839 -9760 -10842
-1694 -691 -105 20513 -6697 -6778
-1836 -515 -73 22375 448 -2033
-2047 -339 159 23737 5969 20
-2280 -180 336 25627 13137 1176
-2439 144 533 26776 15619 878
-2561 452 587 28604 14336 -796
-2634 891 712 30416 8107 -2974
-2765 1156 778 31647 2433 -4435
-2867 1342 796 32767 -5617 -6478
-3225 1738 465 32767 -8737 -8801
-3792 2199 86 32767 -7499 -10452
-4145 2410 -377 32767 -2240 -12048
-4454 2731 -948 32767 4258 -11242
-4587 2817 -1639 32767 5986 -8991
-4364 2667 -1972 32767 4532 -2518
-4026 1432 -2183 32767 3088 3658
-4395 -88 -2520 32767 2958 13269
-4624 -495 -2686 32767 6846 21171
-5178 -1665 -2985 32767 10247 24805
-5647 -2542 -3096 32767 18097 26765
-6087 -3776 -3533 30895 21708 25971
-6430 -4959 -3766 20703 18895 22702
-5785 -6469 -3831 11779 13610 21142
-5247 -7103 -3515 -6430 7068 20772
-5329 -7444 -2463 -30887 8436 20675
-5252 -7912 -1379 -32768 10399 21498
-5016 -8089 -1010 -32768 8891 24694
-4523 -8293 -1014 -32768 3951 28379
-4349 -7804 -1164 -32768 -4368 32767
-4203 -7566 -1402 -32768 -13155 32767
-4012 -7294 -1789 -32768 -19652 32767
-4513 -8608 -4056 -32768 -25851 -32768
-3860 -6654 -1599 -32768 -23946 32767
-2634 -6375 -5 -32768 -17270 32767
-2173 -5725 375 -32768 -2511 32767
-1525 -5282 786 -32768 11615 32767
-1309 -4759 1308 -32768 18460 32767
-1181 -4424 1724 -29241 24136 32767
-1062 -4107 2202 -25417 24701 32767
-1113 -3803 2221 -20291 20778 32767
-1174 -3382 2124 -15809 14992 32767
-1139 -3099 2070 -13530 12485 32767
-1043 -2871 2146 -11971 13016 32767
-848 -2555 2262 -12112 16182 32767
-644 -2459 2231 -12973 22680 30274
-382 -2298 2041 -13433 28658 23105
-94 -2093 1777 -12980 31940 18486
56 -1973 1634 -11369 32767 11973
269 -1782 1588 -9351 32767 6110
374 -1590 1620 -8025 32767 2586
371 -1455 1660 -6368 27023 -2286
191 -1304 1667 -4921 18955 -7040
-123 -1228 1512 -3393 10911 -11792
-584 -1175 1349 -2422 6631 -14994
-1089 -1132 1335 -1502 3127 -20326
-1880 -1025 1247 -975 3143 -24074
-2399 -981 1089 304 6247 -29353
-3158 -1102 876 2389 12634 -32768
-3648 -1104 723 4273 17870 -32768
-3575 -1030 674 7582 23837 -32768
-3751 -798 440 11231 23771 -31517
-4230 -602 132 14892 18317 -28487
-4550 -458 -102 17156 13278 -26802
-4722 -331 -215 20161 6764 -25017
-4837 -128 -192 22301 5055 -24070
-4843 0 84 22969 6130 -23721
-4689 103 320 22721 8526 -22970
-4170 403 742 21857 10264 -22128
-3651 650 932 20310 12263 -19821
-3018 974 1093 19009 12213 -17014
-2568 1108 1077 18600 10779 -15207
-2295 1054 1020 18670 6589 -12853
-1961 900 964 19430 266 -11194
-1735 787 844 20328 -4634 -10539
-1789 648 694 22231 -11618 -10709
-1693 397 659 24245 -17441 -11987
-1730 266 513 25833 -20262 -13566
-1701 76 189 28483 -21052 -16361
-1436 104 102 29976 -17855 -18174
-1227 186 355 31094 -6756 -20363
-1314 159 286 31825 1043 -21426
-1484 -191 39 32767 9751 -22571
-1422 -379 -171 32767 15488 -22596
-1221 -345 -114 32767 19211 -21555
-1124 -369 -21 32767 20083 -20417
-995 -590 178 32767 18612 -18280
-1007 -993 481 32767 16322 -16885
-1078 -1295 545 30819 10252 -15255
-1396 -1553 187 29048 4384 -14730
-1465 -1483 112 26359 -3833 -14287
-1390 -1650 124 23983 -8293 -13340
-1262 -2255 53 22900 -9583 -12118
-1332 -2528 17 22130 -10069 -10379
-1727 -2652 -72 22063 -9555 -9931
-2081 -2824 -190 22828 -8305 -10606
-2496 -3225 -265 24096 -7221 -11954
-2659 -3549 -138 25004 -6212 -12752
-2717 -3696 -121 26640 -4033 -13673
-2880 -3815 -114 27947 -2413 -14189
-2952 -3761 -51 29952 454 -14800
-2920 -3569 49 31848 3996 -14941
-2902 -3202 114 32767 6483 -14800
-2972 -2867 127 32767 9747 -14623
-3190 -2365 109 32767 12232 -14478
-3197 -2000 171 32767 14048 -14016
-3161 -1782 223 32767 16360 -12434
-3179 -1553 129 32767 16709 -10813
-3152 -1429 -27 32767 15370 -7497
-2987 -1279 -365 32767 13507 -4525
-2807 -1168 -594 32767 9862 827
-2952 -1050 -1018 32767 6160 6188
-2863 -1019 -1450 32767 3775 10020
-3074 -836 -1925 32767 742 14953
-3810 -488 -2761 32767 158 16745
-4216 -412 -3416 32767 2983 17822
-4803 -222 -5158 32767 6540 17437
-5568 -9 -6682 32767 7214 16283
-6035 -257 -7028 32767 11013 13909
-6268 61 -6553 20292 14377 11553
-6458 -85 -5002 -9664 19491 10632
-5443 -248 -3613 -32768 23058 13478
-3795 169 -3066 -32768 23126 19217
-2593 483 -2604 -32768 23337 32767
-985 345 -1847 -32768 25057 32767
-22 -1425 -3033 -32768 32767 -32768
-2226 -1227 -675 -32768 32767 32767
-1115 -1295 2158 -32768 31602 32767
-1152 -1463 2380 -32768 23449 32767
-673 -1134 2381 -32768 16390 32767
-81 -1066 2416 -32768 13438 32767
184 -1125 2209 -32768 11486 32767
394 -783 1980 -32768 11046 32767
437 -446 1672 -32768 9849 32767
358 -302 1503 -27550 6293 32767
122 -108 1393 -24353 2553 32767
-276 8 1378 -22240 -3839 32056
-580 -83 1315 -22167 -8029 27584
-973 -308 1141 -22524 -8811 24458
-1063 -389 945 -22818 -7268 20317
-1068 -456 633 -22560 -4765 18144
-1085 -537 469 -21270 385 15423
-1251 -667 281 -18842 6615 12475
-1532 -769 324 -16918 10990 10159
-1664 -835 412 -13908 16801 6516
-1816 -871 635 -11068 20918 3045
-1898 -820 806 -9314 22407 1002
-1991 -783 1013 -7467 22990 -1553
-1941 -816 1391 -6434 22054 -3011
-1924 -810 1468 -5653 20539 -3443
-1977 -737 1544 -4320 17519 -3771
-2147 -698 1583 -2677 14700 -4124
-2241 -748 1508 -1255 13301 -4433
-2352 -678 1521 824 12183 -5472
-2405 -342 1661 2135 11885 -7145
-2686 -309 1738 2658 11592 -8883
-2976 -475 1641 3722 10085 -12495
-3231 -532 1311 5344 7804 -16842
-3439 -456 1028 7068 5551 -21170
-3335 -495 856 8083 4611 -23326
-3261 -573 743 9406 4253 -25325
-1756 -961 138 18503 2260 -18010
-1856 -1006 133 19687 -2189 -19004
-1893 -1025 179 20208 -4562 -20058
-1823 -1005 208 20498 -6740 -21569
-1586 -881 266 20329 -6935 -22441
-1339 -793 340 20158 -6159 -22472
-1308 -796 356 20033 -4523 -22330
-1594 -837 251 20295 -3841 -22574
-1768 -849 275 20753 -3421 -23199
-1847 -834 309 21260 -3243 -23380
-1915 -899 439 21424 -3356 -23078
-1825 -878 619 21056 -3294 -21531
-1625 -820 883 20478 -2378 -18675
-1502 -868 977 20456 -1441 -16355
-1645 -833 997 21329 1004 -13883
-2279 -625 1047 22550 3923 -13737
-2553 -414 1160 25257 10385 -15037
-2652 -162 1176 29444 17761 -16583
-2701 -28 1269 32767 23862 -17189
-2750 111 1308 32767 25314 -16854
-2945 600 1434 32767 21753 -15829
-3536 1029 1453 32767 16426 -15266
-3958 1108 1311 32767 8424 -14480
-4260 1289 897 32767 4091 -12527
-4400 1490 192 32767 3637 -10186
-4465 1636 -243 32767 4910 -5201
-5060 1752 -980 32767 5501 -1851
-5695 1457 -1819 32767 5609 2775
-5810 865 -2291 32767 6590 8399
-5518 -279 -2824 32767 8145 13565
-5082 -1000 -3279 32767 10937 23268
-4975 -2156 -3812 32767 11893 29741
-5381 -3337 -4023 32767 12575 32767
-6490 -5272 -4234 32767 15477 32767
-7411 -7244 -4673 22352 19360 32767
-7618 -8679 -4977 1233 22881 32317
-8001 -9868 -4113 -17119 22051 29555
-7038 -10523 -2167 -32768 21346 28344
-6128 -10300 -1531 -32768 16802 32767
-4892 -9826 -1211 -32768 11416 32767
-4227 -9372 -966 -32768 -402 32767
-4300 -8641 -1614 -32768 -17037 32767
-5052 -10030 -9629 -32768 5189 27878
-4023 -7521 1665 -32768 -6167 32767
-2030 -6845 4101 -32768 -1357 32767
-2232 -5492 2990 -32768 366 32767
-1974 -5591 2274 -32768 6600 32767
-1803 -5260 1717 -32768 11491 32767
-1493 -5086 1999 -32768 18720 32767
-1313 -4800 2239 -27581 24597 32767
-1017 -4348 2402 -21785 26442 32767
-940 -4062 2307 -15333 26308 32767
-924 -3539 2151 -11630 23914 32767
-803 -3132 2170 -10844 21440 32767
-656 -2959 2161 -11385 17445 31145
-369 -2799 2010 -12573 14889 28884
-157 -2665 1647 -12942 14602 27382
-32 -2538 1339 -12164 16126 24772
138 -2463 997 -10955 17816 22753
123 -2425 896 -8704 20140 18859
50 -2345 1341 -6987 21026 15351
-174 -1981 938 -5664 20783 9334
-363 -1837 1028 -5000 18997 2050
-620 -1557 1108 -4955 17010 -3170
-844 -1385 1201 -5556 14128 -11125
-1178 -1174 1324 -6645 13082 -18766
-1692 -1032 1363 -7240 13879 -23747
-2168 -924 1276 -6989 17069 -31328
-2754 -770 1155 -5024 21304 -32768
-2989 -666 1084 -2809 23683 -32768
-3076 -675 1047 1637 24818 -32768
-3240 -748 959 6686 22542 -32768
-3763 -703 1030 9770 20402 -32768
-4220 -583 989 14019 18077 -32768
-4789 -193 955 16467 17472 -32768
-4885 2 1038 18885 17168 -32768
-4330 215 1370 19236 16522 -31745
-3594 399 1570 18654 15476 -27778
-3166 438 1561 17482 12731 -20800
-2708 395 1374 17022 10466 -16354
-2436 295 1064 17183 6443 -11092
-2256 233 874 18300 1363 -7782
-2174 96 544 19616 -2731 -6861
-2143 18 350 22218 -8936 -7298
-1998 -5 147 23993 -12305 -8465
-1923 35 159 26027 -14537 -11281
-1960 -69 196 27103 -12867 -15451
-2008 -387 152 27459 -9759 -18623
-1950 -527 152 27667 -2926 -23145
-1835 -403 72 28020 4741 -26664
-1695 -472 -57 28442 9492 -28134
-1576 -435 -40 29118 15505 -28589
-1307 -585 50 29615 19084 -27034
-1245 -774 98 29694 20018 -25218
-1103 -892 139 29224 18052 -21591
-1184 -971 115 28484 14586 -19196
-1147 -1049 211 26607 8449 -15807
-1195 -1184 198 25240 4626 -13921
-1335 -1244 142 23374 -76 -12131
-1384 -1515 33 22284 -3574 -10706
-1369 -2221 -61 22148 -5049 -9763
-2134 -2814 -305 24332 -6265 -10962
-2644 -3213 -499 26101 -6292 -13008
-2911 -3497 -451 28684 -5556 -16526
-3019 -3661 -394 30922 -2843 -19640
-3152 -3983 -342 32767 1580 -21531
-3102 -4045 -290 32767 5297 -21872
-2998 -3905 -265 32767 11678 -20948
-2734 -3519 -246 32767 16021 -19386
-2713 -3239 -243 32767 21684 -16577
-2846 -2976 -202 32767 25721 -13722
-2927 -2786 -151 32767 27333 -11934
-3100 -2346 -83 32767 27705 -9657
-3231 -2020 -11 32767 26585 -8228
-3193 -1942 -47 32767 22506 -5522
-3103 -1849 -310 32767 15468 -1804
-3084 -1732 -807 32767 9962 1243
-3114 -1655 -1257 32767 1638 6376
-3319 -1634 -2050 32767 -5681 11443
-4033 -1742 -3014 32767 -8739 14136
-4295 -1752 -3596 32767 -8051 18309
-4534 -1865 -5192 32767 -2850 23710
-5576 -2035 -6507 32767 4068 27240
-5961 -1887 -6525 32767 20996 32767
-5563 -1024 -5950 32767 29196 32767
-5006 -428 -5854 -3031 28682 32767
-4599 391 -6686 -32768 20247 32767
-4530 888 -6491 -32768 19660 32767
-3951 829 -5828 -32768 31120 32767
-2384 701 -2193 -32768 32767 32767
-991 616 135 -32768 32405 8364
454 -249 4039 -32768 32767 32767
456 42 2591 -32768 32767 32767
184 -1634 2011 -32768 32767 32767
-50 -1666 1830 -32768 32767 32767
-296 -823 2174 -32768 29541 28282
-185 -515 2754 -32768 22638 25486
-243 -190 2810 -32768 11028 24088
-451 183 2518 -32310 -320 24422
-588 288 1968 -27865 -6338 24961
-702 231 1644 -23724 -11840 25253
-1027 22 1168 -21739 -13177 24346
-1146 -206 832 -20995 -12065 23473
-1246 -528 441 -20238 -8106 22354
-1064 -818 77 -19154 -2921 22017
-896 -927 -296 -17894 319 21976
-919 -930 -359 -15947 4313 21248
-1054 -958 -277 -14778 6215 20055
-1174 -999 -150 -13394 8068 17261
-1275 -1011 88 -12200 9418 13709
-1476 -940 242 -11358 10102 11034
-1515 -883 402 -10355 12087 7212
-1690 -789 644 -9741 15405 3567
-1766 -656 889 -9531 18313 1489
-1820 -516 1271 -9758 22607 -885
-1894 -491 1460 -10213 24724 -2491
-2006 -490 1641 -10288 24816 -3168
-2291 -465 1728 -9593 23478 -4007
-2528 -569 1700 -7475 20631 -5055
-2879 -582 1381 -3501 16896 -6279
-3093 -379 1459 -884 15101 -7076
-3205 -280 1612 1857 13445 -8160
-3184 -153 1686 2953 12199 -8533
-3149 -75 1584 4268 9937 -8986
-3371 -141 1205 5269 7988 -9712
-3638 -353 835 7024 3789 -11612
-3734 -425 732 8270 -1326 -13986
-3658 -440 732 8525 -4030 -15521
-3429 -448 754 8248 -5540 -17140
-3027 -405 704 7818 -4204 -17942
-2680 -440 595 7805 -2546 -18160
-2418 -523 541 8231 323 -17971
-1918 -685 520 8793 2080 -17436
-1695 -768 489 10014 3017 -16480
-1567 -909 417 11674 947 -16183
-1829 -1079 313 12989 -2017 -16853
-1934 -1135 222 15217 -7880 -18892
-1857 -1072 181 16678 -11764 -20459
-1784 -1097 221 18496 -15800 -22636
-1443 -1256 299 19712 -15866 -23978
-1222 -1310 440 20138 -13155 -24509
-1018 -1283 566 20491 -5348 -24514
-937 -1228 792 20825 3304 -24259
-1105 -1232 895 21307 7083 -24447
-1134 -1227 1011 22357 8760 -25240
-1351 -886 1143 23079 7579 -26518
-1484 -808 1413 23492 2993 -28947
-1508 -1190 1884 23196 -3546 -30497
-1491 -1534 2179 23220 -7325 -30565
-1564 -1875 1875 25582 -10935 -29580
-2054 -1664 1370 28769 -10878 -29173
-2526 -1115 1329 32767 -3680 -29950
-2695 -694 1682 32767 6485 -30012
-2670 -489 1867 32767 22966 -27831
-2973 149 1954 32767 32459 -24057
-3393 392 1955 32767 32313 -20917
-3701 628 1970 32767 24891 -16001
-4147 1069 1452 32767 14348 -11398
-4615 1459 551 32767 8367 -8610
-4951 1760 -162 32767 3809 -4850
-5793 1892 -1573 32767 3750 -2849
-6585 1847 -2942 32767 7486 79
-6805 1502 -3618 32767 13222 4894
-6543 289 -4279 32767 16701 10236
-6079 -1055 -4395 32767 21308 21923
-5738 -3327 -5139 32767 18965 32767
-5731 -4749 -5633 32767 13398 32767
-6164 -6583 -5822 16716 7285 32767
-7333 -7548 -5747 -304 9615 32767
-8359 -8425 -5350 -27662 23162 32767
-9197 -10265 -4816 -32768 30344 28640
-7799 -10309 -3021 -32768 26505 26113
-6470 -9904 -1612 -32768 11716 30047
-5552 -9457 -864 -32768 -804 32767
-5225 -9456 -1413 -32768 -18989 32767
-8723 -9259 -2829 -32768 -19402 -6347
-5306 -8768 -111 -32768 -13221 32767
-4410 -8587 1316 -32768 -413 32767
-3798 -7614 1382 -32768 12290 32767
-3248 -7127 1018 -32768 18313 32767
-2623 -6595 1323 -32768 23604 32767
-1748 -6109 1782 -23847 22914 32767
-1574 -5868 2048 -14268 15270 32767
-1480 -5716 2653 -11106 6332 32767
-1310 -5300 3085 -12437 3963 32767
-866 -4529 3569 -17801 8750 32767
-459 -4085 3091 -21213 15313 32767
-272 -3885 2260 -22285 24472 32767
123 -3650 1086 -20027 29390 30108
371 -3369 832 -15013 32767 18838
767 -2872 933 -10356 32767 9059
900 -2359 1272 -7993 32767 3299
878 -2191 1436 -5456 32767 -4302
820 -1964 1492 -3636 32767 -10364
567 -1626 1548 -2970 31499 -13638
385 -1487 1640 -3012 22524 -17235
-31 -1357 1665 -3411 16966 -18907
-973 -1330 1455 -3650 10581 -21723
-1689 -1285 1311 -3217 9037 -25720
-2555 -1267 1105 -2355 11029 -28538
-2938 -1334 951 -26 16220 -31849
-3542 -1270 819 1975 19666 -32768
-3970 -1152 730 5558 23410 -32768
-4404 -1069 625 9581 23359 -32768
-4805 -1118 509 12147 20449 -32768
-5041 -1133 500 15202 14038 -32323
-5107 -873 607 16833 8392 -30743
-5009 -590 681 17315 6518 -29653
-4877 -396 697 17720 7543 -28006
-4636 -117 738 18134 10998 -26561
-4141 218 837 18311 13043 -25305
-3659 481 938 18317 14142 -22760
-2945 766 1176 17887 13364 -20650
-2596 823 1274 17050 10291 -17726
-2176 794 1228 16763 5368 -15530
-1960 701 1073 16993 1624 -14779
-2056 589 911 17966 -4088 -15456
-2175 245 727 19446 -9266 -17815
-2096 94 492 20541 -10651 -19827
-1905 158 447 21929 -10367 -22526
-1541 178 408 22753 -8076 -23809
-1377 78 240 24525 -2504 -24971
-1413 -154 27 26851 4012 -25583
-1275 -268 -86 28458 8219 -25452
-1194 -410 -18 30405 13577 -24418
-1118 -660 106 31543 17589 -22872
-1018 -830 251 31802 19338 -21719
-1113 -981 375 31263 19657 -20445
-1165 -1308 491 29785 16902 -19663
-1419 -1642 519 28358 13602 -19607
-1431 -1763 544 25604 7747 -19519
-1295 -1816 509 22605 2693 -18962
-1248 -2042 397 20773 105 -18236
-1161 -2232 252 18941 -2411 -16335
-1009 -2599 20 18555 -3195 -14491
-1128 -2883 -160 19469 -3385 -11898
-1559 -3385 -306 21686 -2320 -10557
-2040 -3844 -341 23578 -916 -10350
-2128 -4052 -323 26790 1791 -10217
-2317 -4102 -402 29277 3830 -10356
-2474 -4214 -416 32767 7219 -10790
-2683 -4417 -364 32767 11675 -11310
-2877 -4313 -262 32767 15449 -11688
-2925 -4071 -200 32767 21344 -12080
-2978 -3590 -103 32767 24413 -12108
-3019 -3286 -41 32767 26984 -11742
-3083 -2904 -29 32767 26575 -10758
-3186 -2627 -52 32767 24041 -9772
-3295 -2446 -159 32767 17309 -7962
-3340 -2294 -384 32767 10299 -4925
-3197 -2206 -524 32767 7175 -1918
-3061 -2081 -937 32767 5489 3713
-3168 -1832 -1745 32767 5159 10085
-3655 -1791 -2869 32767 3908 14200
-4131 -1927 -3914 32767 -132 19794
-4947 -2441 -5710 -32768 32767 32767
686 358 2627 -32768 32767 32767
-1140 -1287 2135 -32768 32767 32767
-2567 -2016 803 -32768 32767 32767
-2547 -1488 1546 -32768 11956 29365
-1378 -1257 2919 -32768 4151 25733
-868 -713 3068 -32768 -4049 25588
-414 -140 2693 -32768 -9477 27950
-488 -258 2056 -32768 -12939 28799
-726 -286 1753 -28054 -16368 26895
-1208 -603 1280 -25218 -16071 21855
-1321 -1397 468 -23443 -13963 18365
-1119 -1668 -13 -20281 -8552 15077
-760 -1829 -583 -17773 -4115 14341
-597 -1790 -756 -14209 2734 14542
-449 -1414 -626 -11994 9971 15084
-445 -1339 -403 -10857 16219 15128
-626 -1451 -123 -10506 18730 14562
-903 -1461 14 -10210 19788 12264
-1145 -1379 347 -10490 18962 8837
-1380 -1113 706 -10931 18171 6159
-1535 -934 851 -11573 17278 1905
-1659 -558 1210 -12399 18154 -1870
-1668 -222 1648 -12926 19485 -3653
-1734 -74 1740 -12784 20465 -4955
-1873 -11 1901 -10869 20663 -4893
-2180 111 2097 -9316 20772 -4552
-2574 157 2087 -6165 19852 -4523
-3096 -14 1948 -3516 18525 -4647
-3323 -56 1946 253 16717 -4630
-3716 24 1943 2146 15352 -4467
-3922 49 1900 3916 12649 -4014
-3964 143 1812 4550 10769 -3294
-3844 232 1588 4830 10039 -2816
-3762 229 1325 5718 8064 -2493
-3888 137 932 6722 5514 -3046
-3937 -30 849 8031 704 -4965
-3791 -124 825 8743 -3950 -7498
-3249 -150 799 8886 -6188 -8913
-2810 -165 809 8689 -7933 -10425
-2495 -402 758 8537 -8666 -11877
-2147 -831 615 8648 -8654 -12919
-1934 -1005 580 9067 -7413 -14834
-1644 -1201 531 9531 -6603 -16242
-1470 -1187 490 10625 -5173 -18594
-1296 -1138 364 12563 -3900 -21360
-1240 -1276 117 14522 -3333 -23380
-1182 -1465 67 18038 -2411 -26297
-1057 -1753 66 21657 -566 -28726
-1023 -1650 125 23781 1103 -30156
-1042 -1485 110 26315 2923 -31821
-975 -1454 225 27684 3589 -32476
-886 -1501 430 27915 3995 -32396
-951 -1632 621 27814 3814 -32089
-1039 -1608 928 27262 2723 -31884
-1178 -1527 1095 26148 -152 -31920
-1300 -1341 1282 25460 -2210 -32075
-1460 -1321 1274 25347 -4109 -32362
-1750 -1252 1225 26915 -2767 -32519
-2049 -1104 1142 29083 310 -32392
-2345 -1012 1081 32767 8048 -31533
-2609 -939 1335 32767 19188 -29328
-2939 -709 1648 32767 26489 -26992
-3371 -483 1561 32767 32456 -22794
-4132 -231 1304 32767 30302 -18062
-4796 -27 981 32767 25216 -14630
-5056 283 868 32767 17336 -9203
-5330 952 353 32767 12773 -4137
-5813 1482 -440 32767 11262 -1263
-5988 1493 -1266 32767 9999 3260
-6152 1533 -2560 32767 10109 8160
-6178 1346 -3343 32767 12890 11809
-6016 884 -3622 32767 21191 18995
-5308 -618 -3869 32767 25622 25488
-5042 -1996 -4465 32767 23273 32767
-4826 -3661 -4940 32767 16290 32767
-4734 -4977 -4928 23570 4806 32767
-5289 -6226 -5167 2002 422 32767
-6333 -7098 -5540 -13303 4370 32767
-7123 -7928 -5350 -32768 17413 32767
-7895 -8856 -5041 -32768 25399 32071
-8511 -9697 -4015 -32768 28644 19145
-6566 -10423 -2454 -32768 21915 16963
-4954 -10402 -2084 -32768 -1695 27838
-4424 -10332 -2637 -32768 -31383 25755
-4470 -9889 -2810 -32768 -32768 32767
-5290 -9506 -2901 -32768 -32768 32767
-5161 -9625 -3066 -32768 -32768 32767
-3262 -9251 -1940 -32768 -9824 32767
-1641 -8643 251 -26006 8636 32767
-1091 -7951 1465 -16083 26292 32767
-723 -6868 2807 -13264 32767 32767
-719 -6307 3460 -13059 32767 32767
-726 -5706 3387 -12487 32767 32767
-676 -4614 2909 -11347 32767 32767
-143 -3739 2626 -9157 32767 32767
503 -3370 2549 -7753 32767 26661
1118 -2717 2551 -7753 32767 20426
1195 -2021 2490 -8119 32767 16259
1068 -1755 2313 -8064 32767 9425
879 -1588 2073 -7265 31230 2453
670 -1466 1969 -6626 29118 -2138
453 -1380 1889 -5594 25574 -8864
6 -1292 1595 -4663 23260 -13156
-401 -1275 1355 -3056 20486 -19152
-1272 -1246 1104 -1728 19104 -24490
-2163 -1303 824 -870 18866 -27696
-2813 -1383 500 1048 19249 -31898
-3421 -1547 231 3150 21183 -32768
-3659 -1405 72 4428 22816 -32768
-3881 -1217 -51 6045 23321 -31612
-4137 -1036 -213 6750 21714 -28699
-4247 -990 -250 7065 17450 -23094
-4566 -1018 -272 6777 13510 -17766
-4898 -995 -248 6484 12203 -15086
-5089 -843 -176 6134 11455 -12862
-5242 -485 -175 6444 10154 -12404
-5121 -162 -193 7135 8648 -12393
-4913 12 -167 8834 5539 -12236
-4615 235 -191 10407 2985 -11925
-4360 330 -161 13250 -1249 -11183
-3920 430 52 15912 -4727 -10282
-3306 450 500 17081 -6038 -9430
-2755 486 834 17813 -6144 -7528
-2108 686 1105 17977 -5621 -6174
-1800 753 1139 18295 -5073 -4414
-1316 632 1127 18799 -4938 -3072
-1043 726 1114 19145 -4603 -3029
-1105 805 1046 19779 -4035 -4853
-1206 875 925 20626 -4414 -9092
-1329 1007 786 21235 -5579 -12812
-1251 821 817 21858 -4601 -19217
-1280 844 873 22090 -3494 -23363
-959 556 771 22974 -2462 -27264
-845 -130 461 25641 -264 -29591
-789 -264 207 28073 2013 -30332
-757 -218 57 32172 5962 -30174
-751 -283 11 32767 8249 -29241
-722 -540 38 32767 8883 -26637
-2793 -4805 -195 31935 3376 -9627
-3363 -5079 -275 32767 2353 -11726
-3822 -5183 -383 32767 1155 -14072
-3899 -5181 -404 32767 1711 -14824
-3863 -5042 -514 32767 6532 -13994
-3637 -4649 -666 32767 12122 -11861
-3364 -4185 -766 32767 19800 -6411
-3274 -3853 -922 32767 21320 459
-3672 -3464 -1158 32767 18846 4703
-3902 -3259 -1316 32767 12834 10028
-4261 -2749 -1630 32767 8656 12788
-4144 -2246 -1978 32767 3308 16904
-3968 -2165 -2839 32767 -4203 22449
-4037 -2052 -4673 32767 -11128 26628
-3814 -2221 -4810 32767 -17139 32767
-3960 -2248 -4914 20148 -15120 32767
-5056 -1119 -3777 -5261 -6852 32767
-5249 -116 -4502 -32768 3641 29971
-4267 1641 -6666 -32768 8134 24170
-3087 2624 -7228 -32768 16025 21393
-761 2974 -6348 -32768 29208 32742
3567 4079 -4188 -32768 32767 32767
5606 5943 -1942 -32768 32767 32767
5642 5113 2088 -32768 32767 32767
5063 2415 7831 -32768 32767 32767
-2249 1189 2361 -32768 32767 32767
-4321 1417 1645 -32768 29627 27937
-3856 539 2553 -32768 14100 12021
-2828 238 2906 -32768 4851 -481
-1701 348 2553 -23994 3984 -3033
-1125 268 2120 -18968 4091 -1910
-1170 311 1989 -15726 2118 -461
-1350 329 2047 -17084 -2053 -1331
-1919 148 1648 -18931 -6011 -3382
-2281 16 1133 -21098 -8914 -7381
-2543 -273 463 -21743 -6311 -9790
-2651 -530 95 -21583 1494 -12421
-2346 -757 -168 -21336 7038 -13100
-1733 -723 -160 -21310 14364 -12080
-1452 -655 -134 -21578 19213 -9041
-1023 -704 -86 -21834 20544 -6213
-623 -628 -123 -21995 19614 364
-611 -548 -181 -21722 17608 3172
-782 -562 -178 -20907 12894 6005
-897 -507 -272 -19231 7533 7322
-1417 -298 -389 -17588 4092 7004
-1770 -141 -382 -14667 213 5258
-2191 55 -399 -11201 -1045 3103
-2386 46 -247 -8590 -385 2142
-2433 43 -282 -4048 2492 2082
-2689 194 111 -1562 5515 2702
-2891 247 551 178 11617 4379
-3030 201 1131 292 16170 6142
-3213 135 1256 257 21241 8718
-3664 148 1077 836 22460 9759
-4035 31 941 2735 20816 10203
-4144 -97 1048 4407 13841 9989
-3991 -182 1408 4694 6474 9890
-3826 -151 1609 4000 -6017 9928
-3424 -79 1897 3048 -12521 10080
-3089 -48 2013 1630 -16914 10168
-2698 -149 1955 1267 -16961 9718
-2589 -257 1853 2033 -15945 7489
-2504 -488 1533 4550 -16250 2998
-2528 -724 1168 7181 -17661 -1288
-2679 -901 824 12091 -21203 -9540
-2627 -1007 559 17615 -24594 -18864
-2338 -1105 445 22410 -24486 -27678
-2135 -1259 552 24719 -22098 -32768
-1863 -1483 619 27161 -15801 -32768
-1286 -1947 874 28697 -6418 -32768
-1200 -2277 892 29711 341 -32768
-1336 -2206 703 31582 6793 -32768
-1409 -2115 565 32767 8766 -32768
-1231 -2047 674 32767 8325 -32768
-1130 -1974 803 32767 4188 -32600
-1032 -1934 1114 31988 -1982 -29087
-1165 -1910 1328 30432 -5628 -27111
-1375 -1877 1338 28509 -9757 -25372
-1809 -1813 1081 28231 -11404 -25045
-2235 -1716 784 30013 -11437 -25845
-2734 -1398 608 32180 -9314 -26910
-3009 -1090 579 32767 -4141 -28642
-3374 -495 814 32767 1168 -29437
-3584 -158 989 32767 4084 -28928
-3633 -8 996 32767 8145 -25999
-3952 175 1099 32767 11180 -22938
-4234 392 984 32767 15580 -17512
-4951 715 547 32767 17622 -13816
-5100 598 147 32767 18633 -7185
-5160 437 -910 32767 17671 -1765
-5053 840 -1529 32767 14884 6907
-5198 1754 -2381 32767 13279 11774
-5246 1997 -3131 32767 12379 17999
-5185 1778 -4172 32767 14093 23683
-5073 1219 -4360 32767 15457 27173
-4831 182 -5008 32767 19369 32066
-4231 -692 -5757 32767 19512 32767
-3337 -2576 -6245 31512 14729 32767
-3150 -4301 -5648 17999 9119 32767
-3955 -5277 -4364 -9707 680 32767
-4758 -6126 -3767 -32768 -5768 32767
-5463 -7159 -4234 -32768 -6234 26922
-5504 -7277 -5105 -32768 2475 19473
-5549 -8265 -5474 -32768 14554 18432
-4761 -9264 -5110 -32768 18792 23417
-4137 -9584 -4114 -32768 15689 32767
-4316 -11236 -3600 -32768 -5415 32767
-4493 -9583 256 -32768 -8903 32767
-5230 -10223 -649 -32768 -27829 32767
-4999 -9804 60 -32768 -32768 32767
-3966 -9595 349 -32768 -32768 32767
-1685 -8831 1120 -32768 -24136 32767
-117 -7745 2297 -32768 -10838 32767
466 -6927 2358 -31481 8477 32767
979 -6084 2241 -25383 21173 32767
953 -5784 2414 -17508 32767 32767
494 -5068 3105 -12724 32767 32767
-317 -3985 3653 -10796 32767 27001
-621 -3328 3879 -8395 32767 12059
-537 -2194 4031 -5870 32767 112
-487 -1106 3849 -4192 32767 -5029
-334 -614 3535 -1365 32767 -8394
-548 -43 2697 2531 24699 -8343
-1098 94 1691 5717 19814 -7257
-1672 28 1136 10656 17514 -5712
-2749 -29 467 14934 19759 -6006
-3725 -25 -11 17106 21943 -7117
-4042 31 -125 18726 25001 -8876
-4031 295 -198 18601 26886 -9549
-4038 509 -444 18087 26847 -9399
-3981 599 -587 16738 24988 -8291
-3672 765 -673 15477 22991 -6846
-3614 856 -728 13361 19720 -4650
-3498 885 -836 11575 17765 -2662
-3049 972 -874 10682 17409 -1278
-2838 1077 -849 9791 17124 3
-2813 1153 -868 9601 15841 -45
-2768 1190 -887 9866 10807 -1176
-2737 1322 -897 10657 2510 -3220
-2768 1376 -872 11320 -3722 -4893
-2745 1338 -776 12211 -11377 -7262
-2723 1305 -602 12636 -14071 -8587
-2776 1291 -517 13153 -14429 -9981
-2728 1145 -316 13557 -12215 -10442
-2788 939 -155 13769 -9974 -10530
-2777 1013 -130 14009 -6007 -10426
-2540 1200 106 13872 -4393 -9955
-2331 1232 257 13272 -5162 -8746
-1983 1242 524 12648 -9990 -7225
-1817 1162 620 12450 -14432 -6457
-1551 1083 859 11966 -20114 -6170
-1280 1036 1019 11538 -22081 -6599
-1167 937 1130 10542 -21577 -8265
-958 810 1370 8869 -17594 -10752
-764 677 1593 7874 -14208 -12646
-837 397 1081 8567 -10545 -16029
-865 -37 861 9876 -9158 -18531
-924 -67 608 12986 -8732 -22729
-1005 -27 397 16094 -8012 -27196
-1032 103 583 17430 -6295 -29967
-909 5 880 18150 -1997 -32715
-681 -353 1001 18241 1370 -32768
-475 -615 1153 17688 5500 -31219
-349 -1147 1163 17109 6623 -28630
-355 -1457 1329 15677 6085 -23812
-475 -1629 1396 14101 4720 -19336
-658 -2071 1125 13789 3186 -16791
-835 -2299 854 14890 -95 -14131
-1093 -2373 547 17519 -2623 -12807
-1225 -2618 340 20022 -3526 -12169
-1385 -3343 200 24363 -4530 -11393
-2001 -3956 217 27209 -5386 -11543
-2285 -4202 89 31395 -5903 -12459
-2598 -4194 94 32767 -5321 -13846
-2963 -4344 -110 32767 -4916 -14686
-3133 -4554 -166 32767 -3300 -15380
-3339 -4499 -351 32767 -1196 -15495
-3538 -4264 -516 32767 3934 -15520
-3784 -3819 -810 32767 8615 -15310
-3784 -3571 -972 32767 16371 -13735
-3779 -3310 -1119 32767 22913 -10522
-3855 -2917 -1455 32767 23364 -6034
-3982 -2527 -1643 32767 19700 -2479
-3909 -2350 -1605 32767 11018 4178
-3604 -2272 -1553 32767 4925 9555
-3257 -2206 -2341 32767 -3357 18532
-3533 -1964 -3311 32767 -12672 25496
-4769 -1757 -4182 32767 -19373 26916
-5617 -1564 -4152 26535 -17062 25309
-6442 -751 -4498 6143 -4606 21272
-6120 196 -5311 -9793 3228 18511
-5930 1009 -5699 -32768 6631 13743
-4693 2767 -5894 -32768 5549 12363
-3246 3071 -5754 -32768 8443 18420
-917 3344 -4314 -32768 19791 32767
1586 4029 -1917 -32768 32767 32767
3333 2862 -1091 -32768 32767 30526
4072 3110 3469 -32768 32767 32767
2354 1802 3762 -32768 32767 32767
-1000 205 2784 -32768 1215 32767
-2034 929 2719 -32768 -11489 31310
-1793 746 2379 -32768 -11022 17301
-546 331 2267 -32768 -2918 12893
-230 936 1993 -30295 6675 11196
-298 1060 1389 -22427 6012 12230
-420 866 1187 -14585 -3013 15627
-607 679 1000 -10446 -12614 19026
-1125 391 861 -9318 -16856 20086
-1420 178 780 -9633 -17256 20058
-1693 -38 702 -11615 -11382 18972
-1991 -378 428 -13238 -5988 17913
-2073 -524 209 -15166 2524 16170
-2104 -574 -29 -16065 8115 14799
-1905 -652 -194 -16689 15145 12739
-1862 -733 -118 -17032 18229 10574
-1635 -777 -15 -17202 16996 9461
-1437 -734 207 -17568 12231 8490
-1445 -777 380 -17842 7928 7946
-1462 -785 404 -17432 6174 7857
-1528 -747 594 -16599 7677 8009
-1617 -588 848 -16018 9989 8077
-1780 -534 1151 -15524 13910 7761
-1974 -621 1642 -15140 16026 7165
-2315 -382 1977 -13912 14664 6198
-2637 -90 2012 -12324 12508 5356
-2918 -81 2141 -9417 10251 3812
-3005 -135 2309 -5854 9535 3446
-2803 -283 2292 -892 9251 4721
-2773 -318 1901 3183 9721 5800
-2889 -153 1780 8777 11945 6557
-3048 22 1880 11356 13721 6345
-3084 52 1917 13334 14091 5402
-1896 -1533 53 12231 -9370 -19690
-1620 -1645 -70 15581 -4097 -19856
-1347 -1733 -171 18136 -963 -19984
-1279 -1765 -180 22184 2230 -20543
-1244 -1824 -135 25975 3747 -21775
-1318 -1928 -92 28291 4058 -23014
-1594 -1809 -116 31200 2540 -26108
-1866 -1551 57 32249 304 -28606
-1831 -1471 186 32604 -3174 -31910
-1566 -1426 354 31958 -5133 -32768
-1131 -1370 428 31285 -5497 -32768
-801 -1279 425 30367 -4735 -31345
-673 -1155 370 30023 -3627 -29233
-857 -1098 234 30268 -2866 -26449
-1240 -1019 114 30877 -4715 -24569
-1472 -776 208 31083 -6514 -23787
-1622 -595 295 30984 -7701 -23168
-1651 -259 356 30946 -6573 -22784
-1701 -24 416 31085 -2318 -22361
-2003 224 474 31730 2292 -22685
-2548 530 550 32419 3995 -23499
-2975 684 469 32767 3526 -25112
-3548 751 188 32767 2013 -25872
-3895 800 70 32767 701 -25691
-4327 735 -190 32767 861 -24356
-4458 475 -565 32767 1054 -20116
-4944 -249 -1554 32767 630 -14294
-5651 -718 -2482 32767 1643 -10317
-5910 -704 -2806 32767 7214 -4558
-6272 -764 -2768 32767 14167 -1050
-6185 -1138 -2850 32767 24052 4552
-5994 -1524 -3107 32767 26036 11080
-5561 -2628 -3493 32767 25431 15924
-5457 -3374 -3777 32767 25024 22438
-5614 -4543 -4011 27088 26013 25302
-5507 -5204 -4175 11744 28411 27910
-5432 -6330 -4127 -7750 26814 28365
-6326 -7877 -3578 -23969 22222 26881
-7158 -8750 -2739 -32768 13324 23181
-7068 -9036 -1349 -32768 8290 22837
-6336 -9065 -862 -32768 -223 29650
-5056 -9305 -826 -32768 -14023 32767
-4667 -9209 -1505 -32768 -28565 32767
-5282 -8805 -2476 -32768 -32768 32767
-6152 -8900 2848 -32768 -32768 32767
-4165 -9205 0 -32768 -26791 32767
-3124 -8651 715 -32768 -11135 32767
-2165 -8100 724 -32768 2014 32767
-1405 -7657 1351 -32768 10382 32767
-923 -7199 1983 -26773 20718 32767
-284 -6405 2779 -19269 25987 32767
168 -5746 3073 -15813 26090 32767
375 -5448 3079 -11581 23005 32767
700 -4752 2939 -9319 20848 32767
974 -3859 2661 -6812 19028 32767
1040 -3280 2295 -4567 19595 32767
1104 -2971 1639 -2722 20777 32767
1132 -2893 1326 175 23363 26308
1252 -2491 1219 1944 25229 13475
1246 -2118 1278 2183 25810 5268
1245 -1960 1256 1660 24890 -5804
1095 -1669 1267 804 22918 -12240
949 -1466 1295 -894 19133 -20265
612 -1265 1199 -2043 15665 -26565
-14 -1159 1021 -2183 14088 -29997
-540 -1184 922 -1224 13192 -32768
-1548 -1200 796 862 13260 -32768
-2525 -1332 831 2461 13761 -32768
-3141 -1432 877 4787 14806 -32768
-3998 -1376 1073 5911 15021 -32768
-4338 -1261 1094 7106 13912 -32768
-4803 -1219 1008 7789 12245 -32768
-4930 -1263 984 8855 10481 -32768
-5113 -1169 897 10367 10726 -32768
-5376 -1065 830 11643 11926 -30986
-5511 -964 817 13929 14229 -28805
-5523 -632 846 15942 15173 -27268
-5007 -242 1074 16781 15106 -25815
-4359 51 1236 17156 14167 -22174
-3317 492 1339 17161 12764 -18844
-2808 639 1183 17848 10287 -13979
-2409 693 973 18763 8152 -11435
-2215 622 816 20808 4507 -9044
-1942 558 671 22944 809 -8306
-1693 566 659 24746 -2646 -8776
-1487 475 672 25692 -4885 -9647
-1431 215 480 27162 -8317 -11990
-1223 79 284 28784 -11382 -14305
-1316 -74 365 29695 -12803 -17833
-1454 -217 73 30102 -10739 -20943
-1416 -220 514 28912 -1031 -26158
-1590 -83 468 27625 11011 -31110
-1618 10 -24 27673 16040 -32768
-1710 -65 -373 29076 17226 -32768
-1451 -421 -300 29989 16522 -32768
-1216 -744 -90 30759 16700 -32279
-1108 -960 -51 30811 16074 -27456
-1162 -1344 20 30100 11424 -21653
-1339 -1796 -276 29668 4008 -16028
-1353 -1849 -320 29357 -285 -12834
-1434 -1881 -423 29153 -4746 -9506
-1751 -2327 -547 29369 -6861 -8499
-2063 -2511 -647 30151 -8907 -9164
-2614 -2599 -708 30744 -9216 -10892
-2855 -2734 -669 31307 -7845 -14147
-2841 -3036 -563 31372 -4500 -16291
-2679 -3156 -450 31222 -1403 -16805
-2633 -3152 -411 31148 3828 -16530
-2696 -3084 -430 31418 8873 -15686
-2768 -2923 -395 31753 12312 -14892
-2751 -2779 -363 32358 17355 -13226
-2770 -2510 -304 32685 20138 -11948
-2867 -2203 -242 32740 22967 -10345
-3142 -1609 -44 32027 24270 -9345
-3122 -1425 30 30842 24156 -8020
-3030 -1073 -10 30014 21877 -6647
-2900 -877 -96 28770 14234 -3479
-2957 -727 -325 28101 7513 -975
-3193 -681 -530 27702 -1419 2443
-3626 -592 -931 28342 -6459 5081
-4089 -472 -1438 29531 -7041 6385
-4541 -358 -1861 32428 -4074 7645
-5008 -278 -2454 32767 12 8461
-5023 -220 -2822 32767 7825 11101
-4805 178 -3549 32767 12363 14071
-4520 522 -4234 32767 15045 20003
-4536 427 -5591 32767 8546 25115
-5338 -228 -5965 32767 2532 26456
-6049 -602 -5520 16363 -2163 25474
-6651 -1100 -4308 -5549 505 24386
-5786 -1267 -2986 -32768 12408 27445
-4357 -1241 -2666 -32768 20894 32767
-2671 -1083 -2091 -32768 22229 32767
-1247 -1273 -1341 -32768 20751 32767
-1076 -1550 -1250 -32768 19889 32767
-4932 -2687 -4356 -32768 17932 -19757
-1927 -2930 225 -32768 32767 32767
-1422 -3356 2494 -32768 32767 32767
-1163 -2942 2706 -32768 32767 32767
-921 -2628 2535 -32768 24777 32767
-402 -2246 2419 -32768 14438 32767
-103 -1895 2338 -32768 8657 32767
114 -1382 2091 -32768 1506 32767
144 -1486 1679 -32768 -3143 32767
104 -1646 1429 -26704 -10055 32767
47 -1664 1211 -21705 -13482 32767
-121 -1632 1105 -16414 -15422 32767
-446 -1658 902 -13150 -13488 32767
-927 -1700 574 -11501 -10085 32624
-1130 -1858 301 -8991 -3636 25415
-1226 -2086 245 -7380 1246 20724
-1250 -2109 351 -5445 8515 14160
-1279 -1977 755 -4408 14454 8394
-1266 -1698 1142 -4009 17405 4939
-1345 -1421 1379 -3564 19824 -118
-1579 -966 1735 -3372 20415 -3546
-1751 -698 2005 -3400 20808 -8378
-1842 -441 2437 -3781 21810 -11823
-1778 -276 2619 -3762 22771 -13100
-1766 -127 2527 -2673 23948 -13795
-1991 30 2290 -287 24654 -14112
-2349 49 2114 1805 24578 -14489
-2670 69 2106 4729 23072 -15674
-3114 207 2048 6096 20867 -16750
-3271 329 2022 6943 16861 -18358
-3288 317 2015 6647 13081 -19432
-3508 198 1775 6254 9959 -20172
-3732 81 1548 5885 4273 -21539
-3841 -182 1225 5996 -1289 -22531
-3734 -471 890 6522 -4315 -22751
-3507 -555 647 8059 -6887 -22375
-3049 -587 409 10229 -6608 -21357
-2521 -633 208 12048 -4908 -20451
-2465 -784 140 15031 -2041 -19888
-2495 -1165 -33 17146 -900 -20213
-2421 -1288 -26 19963 -370 -21288
-2336 -1366 -91 22033 -586 -22844
-2061 -1291 -37 22906 -679 -23725
-1789 -1276 -80 23711 -313 -24272
-1389 -1204 -43 23896 964 -23679
-1009 -1131 19 23756 2184 -22706
-868 -1119 75 23279 4254 -20891
-783 -1179 79 22968 5347 -19256
-856 -1301 74 22971 5174 -18523
-1044 -1072 -15 23415 3829 -18573
-1207 -824 98 23733 2841 -19349
-1357 -815 145 24290 853 -21406
-1535 -889 128 24867 -1320 -22842
-1527 -914 262 25535 -5082 -24413
-1491 -922 504 25387 -7093 -24955
-1511 -1016 606 25229 -6864 -24426
-1497 -1044 583 25624 -5231 -23521
-1544 -841 407 27317 -1134 -21696
-1815 -623 292 29104 2867 -20727
-2125 -467 452 32022 11712 -20478
-2538 -192 792 32767 18740 -20783
-2717 53 894 32767 26893 -21147
-2930 509 1052 32767 28476 -21016
-3226 717 1112 32767 23972 -20519
-3639 785 1220 32767 14601 -19294
-3825 1031 1192 32767 9576 -17863
-4014 1154 912 32767 6483 -14843
-4565 1099 108 32767 5880 -12392
-5024 1028 -505 32767 4569 -8157
-5346 1220 -972 32767 4815 -2745
-5431 1197 -1491 32767 5914 1631
-5659 896 -1980 32767 7005 8718
-5719 -28 -3118 32767 5683 13921
-5647 -1080 -4110 32767 2474 22189
-5404 -2033 -4334 32767 5275 31315
-5212 -3117 -4247 32767 17367 32767
-5706 -3764 -4422 32767 25474 32767
-6338 -5457 -4912 19474 32195 32767
-7206 -7385 -5279 6024 31542 32767
-7839 -8696 -4914 -20203 25254 29449
-8396 -9151 -3125 -32768 21487 22383
-7616 -9227 -2228 -32768 17182 17217
-5842 -9381 -1737 -32768 8370 23006
-4766 -9355 -2106 -32768 -1525 31577
-4464 -9127 -2629 -32768 -17641 32767
-4756 -8639 -3347 -32768 -25298 32767
-5297 -8220 -1271 -32768 -17257 32767
-4244 -8949 -275 -32768 -15897 32767
-3436 -7765 658 -32768 -11321 32767
-2948 -7398 526 -32768 -654 32767
-2019 -6758 1077 -32768 11582 32767
-1377 -5997 1479 -30776 16206 32767
-1185 -5657 1619 -19073 16064 32767
-1057 -5199 2086 -12696 10354 32767
-1226 -4519 2663 -11836 6920 32767
-1249 -4142 2948 -14661 7064 32767
-1083 -3669 2732 -18558 14075 32767
-461 -3456 1988 -19591 21159 32767
42 -3350 1362 -17516 32372 27301
406 -3092 804 -12930 32767 17872
785 -2738 992 -9935 32767 12345
977 -2367 1268 -6513 32767 5080
924 -2083 1482 -4567 32767 -1535
809 -1858 1649 -3377 25850 -7372
554 -1676 1527 -2491 18913 -10799
224 -1585 1355 -908 10208 -15667
-452 -1422 1244 51 6459 -18890
-1026 -1345 1194 1323 4573 -23944
-2108 -1318 1091 2756 6946 -29518
-3114 -1450 928 3954 9972 -32768
-3605 -1550 904 5761 14396 -32768
-4056 -1408 825 6918 16428 -32768
-4415 -1191 896 8166 18179 -32768
-4783 -1238 993 8902 16829 -32768
-5158 -1301 902 9381 14327 -32768
-5159 -1275 872 10098 11740 -32768
-5114 -957 926 10707 13685 -29661
-5124 -668 1012 11128 16953 -27232
-4982 -197 1079 11664 21451 -24175
-4486 341 1296 11660 22557 -22088
-3983 562 1373 11407 20515 -18130
-3265 642 1311 11571 15331 -13460
-2674 665 1067 12305 11271 -10486
-2426 673 906 14601 5401 -7244
-2215 717 471 17079 1684 -6134
-2097 736 264 21663 -2919 -6065
-1887 552 182 24659 -4923 -6826
-1641 392 117 28665 -5609 -8673
-1559 347 46 31970 -4609 -11138
-1560 308 -66 32767 -2883 -13956
-1395 283 -118 32767 -1551 -15539
-1309 253 -91 32767 88 -17454
-1349 124 127 32767 635 -18669
-1101 -3 177 32767 1707 -19532
-655 -232 292 32738 2808 -19354
-512 -353 424 30131 4218 -18477
-466 -618 452 27588 4111 -17536
-587 -877 304 26295 2936 -17168
-744 -1043 300 24655 5 -17225
-916 -1347 221 23547 -3883 -17831
-1238 -1597 108 23111 -6640 -18737
-1379 -1706 21 22701 -9171 -20568
-1410 -1739 -52 22435 -9185 -21634
-1344 -1786 -163 22165 -7467 -22228
-1300 -2119 -168 22292 -4114 -21334
-1506 -2776 -120 22566 -1196 -20455
-1836 -2915 -133 23214 3214 -20071
-2249 -2974 -94 24047 6576 -20396
-2803 -3611 -424 25323 7726 -20811
-2890 -4031 -448 27684 8521 -20954
-2983 -3919 -483 29203 9274 -20638
-2971 -3812 -411 30896 10763 -19593
-2898 -3738 -290 32030 12995 -17700
-2808 -3444 -240 32697 14595 -16197
-2839 -3206 -303 32767 15494 -14090
-2920 -2882 -326 32767 14842 -12976
-2960 -2645 -334 32767 12338 -11690
-2958 -2348 -291 32767 10252 -10944
-2902 -2190 -237 32767 7858 -9578
-2849 -1952 -232 32767 6808 -8086
-2913 -1758 -283 32767 6871 -7177
-2993 -1660 -392 32767 7904 -5870
-3049 -1645 -552 32767 8874 -4865
-3040 -1595 -748 32767 9051 -2772
-3098 -1409 -1157 32767 7595 -990
-3187 -1256 -1470 32767 4029 2065
-3555 -1039 -1926 32767 1996 4950
-3989 -866 -2394 32767 2711 6706
-4263 -686 -2873 32767 7170 9218
-4481 -286 -3831 32767 11264 11189
-4577 10 -4764 32767 14417 14604
-4765 557 -5750 32767 11938 18249
-5043 278 -5980 32767 9029 20903
-5649 -29 -5899 13783 7095 24249
-6306 -213 -4609 -8517 9519 26341
-6095 -191 -3328 -32768 16131 30931
-5632 -241 -2697 -32768 24450 32767
-3848 -90 -1755 -32768 29422 32767
-2446 -195 -1181 -32768 31285 32767
-1239 -512 -243 -32768 29542 32767
-2319 -1851 571 -32768 30088 32767
-2590 -2531 865 -32768 16652 32767
-2313 -2790 1448 -32768 8485 32767
-1485 -2465 2057 -32768 7726 32767
-906 -2415 2135 -32768 7763 32767
-151 -2130 2131 -32768 7684 32767
160 -1790 1999 -32768 7030 32767
273 -1713 1909 -32768 4941 32767
231 -1773 1508 -30976 1665 32767
235 -2028 1039 -26851 -588 32767
223 -1985 787 -21908 -3011 32767
119 -1791 408 -19309 -3844 32767
46 -1746 151 -16127 -3563 31713
-146 -1713 -126 -13523 -1193 27394
-465 -1754 -184 -12220 1464 24009
-798 -1789 50 -11245 6562 18390
-944 -1729 243 -11014 12019 12487
-1167 -1550 488 -10603 16652 6248
-1334 -1408 670 -10114 19276 2027
-1562 -1079 913 -8957 22363 -4078
-1906 -851 1268 -8193 24212 -7921
-2064 -567 1705 -7498 26987 -12516
-2043 -445 1929 -6909 28784 -14707
-2049 -445 2232 -6320 28318 -14318
-2203 -473 2368 -5762 26892 -13095
-2438 -416 2307 -3984 24681 -11265
-2972 -384 2063 -1990 23485 -10568
-3280 -408 2025 1318 21097 -10398
-3917 -341 1912 4230 16608 -11366
-4116 -140 1910 5516 13509 -12063
-4044 -12 1864 6750 10488 -12439
-3949 76 1671 7449 9692 -12400
-4007 13 1272 8924 9376 -12598
-3964 -34 1086 10678 9585 -12963
-3921 -102 820 12501 9245 -13620
-3780 -179 657 13551 8333 -14006
-3689 -239 594 14625 6259 -14530
-3339 -319 556 14997 4051 -14299
-2769 -351 549 14950 2765 -13498
-2506 -416 473 14968 699 -11815
-2020 -561 430 15067 -1502 -9595
-1614 -608 325 15448 -3577 -8189
-1408 -737 188 16799 -7594 -6564
-1232 -890 85 18801 -11716 -6200
-1185 -847 -9 20375 -13794 -6850
-1125 -934 -30 22631 -15267 -8989
-1139 -1078 -127 24468 -12645 -12616
-1298 -939 45 25187 -10007 -15626
-1258 -1113 42 26043 -6522 -19952
-1266 -1183 45 26815 -4210 -23770
-1344 -1072 41 27328 -3144 -26148
-1388 -1065 86 27874 -2408 -29242
-1475 -1145 162 28167 -2482 -30819
-1444 -1102 219 28432 -3362 -31809
-1266 -1045 312 28291 -4401 -30248
-1280 -1035 372 28119 -4803 -28418
-1276 -1001 427 27694 -4820 -24698
-1249 -883 507 27299 -3465 -20265
-1468 -733 525 27362 -1283 -17617
-1779 -543 550 28161 4481 -15268
-2251 -264 605 29373 10070 -14831
-2366 -97 718 32060 18147 -14733
-2501 283 834 32767 19655 -14709
