0 0 0 0 0 0
993 -433 -242 21644 26904 14508
1194 -502 -201 21621 28980 18786
1531 -546 -259 21678 32767 23178
1655 -620 -349 21545 32767 25760
1828 -719 -311 20330 32767 29366
1927 -808 -298 17965 32767 32457
2839 -1126 -312 15949 32767 32767
3289 -1437 -451 12843 32767 32767
3085 -1794 -459 10195 32767 32767
2649 -2515 -554 9604 26786 32767
2615 -3090 -693 11515 13114 27301
3556 -4096 -497 15317 4492 23311
4709 -4796 8 17778 4446 23264
5313 -4723 243 20328 8619 26734
5257 -3960 338 21205 10771 29654
4588 -3389 299 21709 10287 31742
3691 -2875 196 21933 6312 31617
3523 -2626 146 22111 3624 31594
3653 -2510 153 22598 1066 32648
3782 -2263 122 23178 115 32767
3770 -2106 178 24387 -366 32767
3494 -1797 326 25911 1742 32767
3178 -1483 470 27336 6626 32767
3067 -1133 490 28152 10709 32174
3108 -794 436 28835 15676 31411
3247 -630 335 29037 16806 31406
3552 -423 172 29205 15125 31714
3699 -98 -29 30173 10583 31911
3717 103 -57 32163 7866 30559
3640 369 -11 32767 8965 28350
3540 652 149 32767 14054 23092
3380 1179 499 32767 19728 16220
3427 1494 489 32767 21354 11699
3540 1795 460 32767 19627 6290
3750 2420 123 32767 14927 3184
4158 3402 -512 32767 12154 2615
4484 4207 -1048 32767 7071 2865
4769 5130 -1841 -12981 -32768 -32768
13082 -776 -2592 -16861 -32768 -32768
13218 -1656 -1946 -26082 -32768 -32768
12428 -3040 50 -32768 -32768 -32768
11674 -4045 1911 -32768 -32768 -32768
8767 -2017 2934 -32768 -32768 -32768
10141 -4823 4039 -32768 -32768 -32768
9784 -4828 2564 -32768 -32768 -32768
9709 -5198 2434 -32768 -32768 -32768
9011 -5786 2885 -32768 -32768 -32768
8000 -5817 3281 -32768 -32768 -32768
6742 -5967 3793 -32768 -32768 -32768
6204 -5897 3634 -32768 -31713 -32768
5417 -5559 3154 -32768 -23251 -32768
4454 -5016 2482 -32768 -19611 -32768
3663 -4792 2175 -24164 -16122 -32768
3168 -4553 1608 -17064 -14400 -32768
2897 -4454 1142 -6749 -18512 -32768
2269 -4284 647 1727 -29477 -30218
2019 -3936 522 6263 -32768 -20995
1969 -3794 583 12840 -32768 -11478
2159 -3639 592 18394 -32768 -7542
2241 -3247 699 28578 -32768 -4303
1915 -2715 1025 32767 -32768 -4970
1395 -1850 1824 32767 -32768 -7789
1132 -895 2686 32767 -32768 -9307
876 -392 3215 28483 -32768 -10606
284 160 3537 18746 -26340 -10771
356 610 3345 13305 -20232 -9341
670 818 3161 7556 -10838 -4748
972 1165 2714 4919 -5242 754
1030 1619 2125 4577 -5492 3908
1112 1965 1936 4828 -12171 7482
1242 2176 2018 4801 -21427 10320
1647 2392 2214 4641 -26342 12122
1792 2479 2355 4382 -30471 13527
1812 2338 2472 4193 -27721 12377
1891 1995 2709 3629 -21862 10787
1927 1830 2838 2572 -6851 8571
2715 1623 2447 2451 4908 8577
2993 1561 1960 2573 16174 10194
2854 1592 1551 3174 16696 11823
2472 1484 984 4075 13702 12752
2151 1386 622 6253 8163 14307
1945 1272 410 9113 3633 16245
1595 1058 223 11038 1171 17577
1409 910 137 13835 -1304 19378
1134 647 37 15745 -2134 20114
1023 366 31 18739 -2049 20458
936 3 81 21829 286 20590
948 -245 203 23846 3641 20832
1014 -395 283 26520 12536 21690
1277 -645 371 28163 24255 23501
1695 -1020 357 28499 31678 25470
2165 -1255 280 27819 32767 30060
3001 -1627 36 26230 32767 32767
3665 -1878 -217 24765 32767 32767
3814 -1969 -337 22292 32767 32767
3641 -2099 -547 21125 32767 32767
3276 -2314 -793 21050 32767 32767
3302 -2636 -873 23163 32767 32767
4212 -3060 -958 25365 31614 32767
4398 -2935 -954 28673 32435 32767
4713 -2749 -866 30241 32767 32767
4239 -1314 -233 32767 24122 32767
3683 -1231 -535 32767 19966 32767
3760 -1269 -624 32767 15105 32767
4162 -1298 -612 32767 7118 32767
4670 -1048 -376 32767 3098 32767
4547 -819 -228 32767 1760 32767
4292 -562 -58 32767 6475 32767
3788 -184 271 32767 12857 32767
3677 -111 377 32767 15921 31870
3741 -121 477 30014 17072 27173
4235 -319 662 27067 15494 24410
4710 -335 580 23217 11495 21647
4860 -206 470 21087 6324 19164
4247 -200 622 20503 4048 14206
3775 52 755 20606 6510 9660
3197 479 1144 20011 13060 2389
2819 927 1504 18861 16546 -1863
2656 1253 1565 16540 17978 -6312
2560 1658 1426 15139 17298 -7779
2650 1902 1104 14570 15535 -7569
2751 2019 512 15335 13641 -6342
2657 1959 208 17753 10232 -4293
2343 2011 -182 20615 8038 -3578
2193 1941 -198 21700 5799 -4298
2367 1831 -61 21034 -829 -5554
3043 1601 43 18126 -8468 -5462
3588 1325 0 15752 -13157 -4934
3885 1042 -343 13014 -18696 -4340
3804 872 -685 11865 -21618 -6065
3693 635 -823 10879 -22841 -8772
3799 477 -819 7856 -23051 -13768
11746 -5651 -1214 -32768 -32768 -32768
12114 -6357 -1451 -32768 -32768 -32768
12074 -6964 -1275 -32768 -32768 -32768
7107 -7582 1389 -32768 -32768 -32768
10070 -7180 1106 -32768 -32768 -32768
10824 -7211 3478 -32768 -13903 -32768
11103 -7397 1567 -32768 -9110 -32768
9978 -8386 -122 -32768 -16714 -32768
9507 -8576 111 -32768 -28034 -32768
8377 -8766 1590 -32768 -26296 -32768
6958 -8418 2691 -32768 -19989 -32768
6003 -8085 2654 -32768 -12714 -32768
5308 -7647 2107 -32768 -14966 -32768
5084 -7263 1696 -28810 -19432 -32768
4657 -7046 1410 -19074 -24961 -32768
-314 -1759 3823 3664 -32768 348
-104 -1368 3892 2739 -30112 5911
452 -937 3868 2177 -29450 9391
584 -736 3644 2305 -30455 13280
897 -356 3213 4532 -30574 16965
1759 137 2802 7254 -28981 20460
2132 500 2684 12171 -24631 26016
2696 798 2533 15390 -20736 29304
3121 916 2381 19711 -14595 32767
3791 1003 2088 23017 -9606 32767
3852 1018 1966 24552 -7719 32767
3861 1107 1829 26257 -7298 32767
3774 1459 1465 27506 -7896 32767
3715 1693 1181 29892 -8780 30156
3541 1998 963 32033 -9516 26249
3271 2159 901 32767 -9286 23324
2866 2034 943 32767 -6615 18611
2585 1836 984 32767 -1730 14177
2261 1530 974 31822 1890 11986
2185 1346 861 30126 6921 10364
501 -38 -41 24091 13632 6107
569 -157 -56 24221 14039 5084
717 -276 1 24454 16048 4753
901 -328 -7 24809 20214 5856
1403 -514 -35 25013 23874 7654
1605 -616 -55 24918 29026 11200
1806 -791 -78 24125 32275 14900
1979 -963 -76 23117 32767 17142
2127 -1097 -52 20985 31756 19756
2284 -1224 -91 18864 29287 21386
1942 -1625 -184 17431 26247 20540
1804 -2080 -193 17129 24547 18823
1898 -2526 -176 17404 23900 16616
2742 -3156 -124 17812 25447 16933
4249 -3899 127 17694 29642 21588
5236 -4101 224 16394 31908 30574
5993 -3866 247 15021 30321 32767
5956 -3565 88 13781 23685 32767
5122 -2961 -367 14445 17317 32767
4452 -2722 -553 17829 7071 32767
3945 -2507 -544 22732 -165 32767
4053 -2252 -313 27226 -1523 32767
4299 -2020 43 29207 689 32767
4363 -1876 287 29800 6323 32767
4385 -1548 565 27857 11420 32767
4463 -1126 610 25749 13241 32767
4506 -889 606 22302 13300 32767
4478 -552 370 20643 12086 32767
4325 -332 236 19637 10458 32767
3980 48 -57 20344 10492 32767
3711 234 -157 21544 11245 32767
3535 338 -188 23969 13729 28292
3568 561 -173 25724 16127 24372
3532 860 -154 28320 17833 19123
3316 1189 -29 30102 14805 13765
2983 1757 248 30926 11117 8372
2882 2202 361 31432 11517 5170
2868 2480 321 32741 15811 1422
3079 3090 -93 32767 18282 -901
3327 3950 -694 32767 14927 -1952
10392 1328 -2956 -4972 -32768 -32768
10674 523 -2021 -12937 -32768 -32768
10441 40 -1141 -24251 -32768 -32768
10192 -712 -192 -31745 -32768 -32768
10576 -1410 -33 -32768 -32768 -32768
11481 -2632 -40 -32768 -32768 -32768
807 -4891 2617 -31408 -32768 -32768
12952 -3640 4164 -32768 -32768 -32768
10910 -3677 5342 -32768 -32768 -32768
9556 -3330 5365 -32768 -32768 -32768
8225 -3395 4710 -32768 -32768 -32768
7680 -3858 3257 -32768 -32768 -32768
7408 -4267 2737 -32768 -32768 -32768
6182 -5039 2396 -32768 -30553 -32768
5313 -5076 2026 -32768 -25074 -32768
4128 -5079 1741 -32355 -25771 -32768
3115 -4982 1952 -27276 -29210 -32768
3285 -4794 1870 -20321 -29502 -32768
3971 -4473 1615 -15393 -27408 -32768
4147 -4557 1363 -6844 -25975 -32768
3513 -4368 659 3188 -31382 -29284
2197 -3990 277 13022 -32768 -21735
1740 -3664 501 18233 -32768 -19405
1403 -3335 1022 22240 -32768 -17976
1267 -2849 1752 22468 -32768 -17277
1223 -2665 2225 20527 -32768 -15304
1369 -2180 2492 18920 -32768 -12797
1445 -1798 2487 17200 -32530 -7614
1041 -936 2419 16150 -27755 -4647
488 -434 2483 13956 -23556 -2722
125 183 2502 12341 -21249 -2159
306 685 2574 9573 -17950 -359
757 1194 2635 7584 -16124 1604
877 1329 2588 4930 -14841 5487
1395 1750 2562 2912 -16072 10152
1910 2009 2540 2009 -17801 13492
2340 2109 2633 1009 -21171 18739
2799 2302 2613 888 -22923 21534
2667 2446 2441 2104 -23612 22609
2417 2558 2239 3436 -22963 21287
2262 2571 2179 5275 -21233 17441
2391 2692 1995 6381 -19708 14863
2608 2752 1825 7867 -16608 12239
2793 2593 1626 8671 -13905 11250
2751 2418 1488 9550 -8933 10341
2559 2118 1289 9944 -5536 10122
2350 1909 1184 10089 -861 9991
1840 1566 1099 9796 3394 9853
1357 1237 958 9631 6343 9912
1086 1001 861 9698 10619 10343
768 477 690 10045 14170 11442
751 251 583 10480 16127 12641
775 80 467 11414 18566 15047
865 -293 310 12508 20219 17911
969 -410 244 13444 21486 20316
1630 -759 -23 15524 25044 25385
2412 -950 -451 17469 28529 29770
2947 -975 -728 20949 32767 32767
3679 -856 -1050 24250 32767 32767
4034 -692 -1289 25833 32767 32767
3855 -752 -1406 27059 32767 32767
3425 -857 -1454 27574 32767 32767
2738 -1192 -1450 28012 32767 32767
2535 -1540 -1412 29573 32767 32767
2722 -1884 -1434 31353 32767 32767
3500 -2020 -1415 32767 32767 32767
3820 -1920 -1311 32767 32004 32767
3663 -1749 -1040 32767 29963 32767
3389 -1614 -929 32767 24253 32767
3285 -1617 -806 32767 16963 32767
3740 -1705 -767 32767 12658 32767
3921 -1662 -780 32767 7959 32767
4124 -1512 -637 32767 6304 32767
4163 -1359 -512 32767 5433 32767
3834 -1116 -323 32767 5591 32767
3318 -868 -250 32767 5693 32767
2853 -652 -156 32767 5466 32767
2837 -548 -67 32767 5088 29667
2939 -427 -65 32767 6015 27941
3086 -377 -36 32767 8263 27874
3072 -300 249 32767 10567 28396
3107 -174 390 32439 15643 30016
3187 202 606 27837 21210 31933
3177 376 864 24329 24119 32767
3284 456 883 19467 25853 32767
4027 409 831 16871 24772 32767
4214 422 850 14042 20596 32767
4418 424 841 13238 16063 32767
4445 702 584 14152 12723 32128
4167 834 838 16037 5440 26546
3697 684 1347 17291 2750 21540
3832 819 1712 18778 5438 14881
3852 936 1994 18901 13399 9996
3774 1173 2075 18483 19140 7427
3510 1699 1801 18092 23157 4081
3231 2092 1277 18331 22044 2197
4823 1211 -1827 15085 -25886 -19668
6339 -225 -1224 14 -27928 -12366
7399 -1451 -1392 -10337 -32394 -6443
7505 -2328 -2062 -20779 -32768 -3380
7653 -3674 -2773 -25375 -32768 -9375
8668 -4757 -2100 -29080 -32768 -16160
10178 -6006 -1119 -32768 -32768 -26560
11158 -7275 -905 -32768 -32768 -32768
11085 -8649 -1559 -32768 -32768 -32768
11053 -9100 -1891 -32768 -32768 -32768
12055 -9842 -1266 -32768 -32768 -32768
4716 -6620 3347 -25602 -32768 -32768
3664 -5953 3102 -22888 -32768 -32768
2975 -5581 2972 -17639 -32768 -32768
2356 -5096 2688 -13636 -32768 -32768
1927 -4859 2653 -8237 -32768 -32768
1299 -4423 2707 -4501 -32768 -32768
783 -3922 2811 -3288 -32768 -32768
466 -3592 2799 -2961 -32768 -32768
251 -3225 2710 -3232 -32768 -32768
320 -3110 2613 -2798 -32768 -29428
795 -2964 2104 1128 -32768 -20545
819 -2451 1796 6922 -32768 -11780
251 -1800 1973 10142 -31871 -7810
68 -1368 2299 12273 -27609 -4127
-116 -834 2729 11977 -23712 -2587
-25 -374 2998 9629 -17322 -522
103 -135 3027 7479 -13407 1083
244 -22 2953 4544 -8804 4010
637 24 2766 2999 -4706 8353
1232 119 2412 3150 -1897 12175
1483 201 2215 4734 1233 18172
1630 416 1877 6458 2011 21724
1621 878 1474 10050 1520 25937
1801 1101 1281 14236 -1010 29463
2226 1157 1169 16935 -3590 31455
2630 1080 1191 20492 -7365 32767
3426 981 1310 23087 -10647 32767
3591 1050 1593 24082 -12633 32767
3584 1199 1683 25102 -13534 32767
3549 1291 1547 26238 -10328 32767
3209 1212 1428 27033 -6139 32767
2977 1123 1322 28233 2624 30369
3049 972 1014 29471 11998 27433
3066 913 615 30678 18040 26180
2850 851 296 31305 19398 25948
2591 705 7 32201 18601 26127
2407 624 -152 32767 15747 26624
2059 535 -271 32767 13289 26925
1788 484 -306 32767 9670 26973
1347 429 -253 32767 7390 26243
1116 214 -138 32767 7282 25561
1136 4 -125 32767 9400 24901
1360 -265 -196 32450 11653 25133
1508 -378 -259 31853 14737 26304
2662 -1659 -252 24172 24352 32767
2617 -1869 -220 22457 26675 32767
2290 -1935 -230 19664 26498 32767
2438 -2421 -300 17470 23584 32476
2966 -2922 -437 16690 20971 31581
3090 -3215 -464 16235 16952 30036
3493 -4140 -196 15999 15278 29193
3741 -4616 89 14870 14286 28909
4355 -4776 385 13337 14228 31187
5003 -4555 255 12819 14227 32767
5068 -3942 45 13175 11870 32767
4780 -3537 -116 15341 6033 32767
4023 -2963 -345 19178 -1961 32767
3578 -2432 -378 22254 -7213 32767
3572 -2123 -139 25990 -11827 32767
3643 -1577 572 27577 -9189 32636
3738 -1292 855 27336 -4491 32056
3688 -989 1057 25323 3176 31363
3401 -593 1036 22971 8310 30074
3471 -220 870 21738 10430 28399
3564 179 696 22014 11302 26506
3426 439 709 23652 12425 21496
3167 846 862 25773 12327 14862
4275 4239 -1050 32767 -13042 -14077
5026 4531 -1252 32767 -16470 -17245
5922 4470 -1262 31197 -18526 -19156
6297 4227 -1183 19231 -23031 -24369
7155 3748 -1323 11589 -26660 -29717
7658 3183 -2085 3413 -32768 -32768
8721 -2484 4120 -32768 -32768 -32768
8560 -3013 4239 -32768 -32768 -32768
7605 -3241 3999 -32768 -32768 -32768
6532 -3414 3066 -32768 -32768 -32768
5940 -3609 2564 -32768 -32768 -32768
4899 -4352 2847 -32768 -32768 -32768
4381 -4303 3455 -32768 -32768 -32768
3799 -3970 3317 -30656 -31525 -32768
3454 -3845 2849 -27569 -25379 -32768
3388 -3813 1891 -23904 -23424 -32768
3350 -3974 719 -14664 -22879 -32768
2904 -3990 75 -3138 -29983 -29597
2111 -3584 -237 3756 -32768 -20618
1831 -3182 -121 12109 -32768 -11030
1438 -2752 187 18304 -32768 -6685
1382 -2506 920 21014 -32768 -5484
1652 -2356 1399 24069 -32768 -3058
1950 -1899 1783 26411 -32768 254
1623 -1294 2102 26699 -32768 1496
1354 -888 2249 24758 -28776 1176
403 24 2331 22202 -26360 -522
188 295 2332 17333 -24005 -4257
185 769 2454 11577 -21053 -6022
861 1013 2738 7526 -18029 -4876
1358 1235 2820 2067 -12893 -236
1746 1618 2721 -1663 -10309 5593
1962 1954 2362 -2640 -10549 9158
2023 2211 2297 -2736 -14137 12991
2070 2418 2276 -2127 -17534 14137
2074 2517 2301 -419 -22284 13430
2073 2448 2327 1507 -25009 10357
2201 2274 2487 2321 -24940 7839
2248 2175 2628 2437 -19718 4255
2290 2032 2511 2347 -11931 2551
2272 1978 2273 2411 2353 1691
2317 1750 1878 2589 13710 3327
2470 1482 1224 3075 18409 5703
2491 1362 800 4114 20589 10419
2375 1253 423 4663 18421 13847
1906 1297 119 5551 11361 18482
1546 1357 -109 7315 3414 22059
1139 1483 -409 9292 -1626 23896
855 1423 -600 13675 -8128 25427
566 1057 -703 17194 -10665 25683
514 984 -679 22470 -10132 25164
532 714 -530 26850 -4715 24289
823 509 -358 29021 765 24137
1151 435 -230 30910 9609 24968
1414 295 -72 31299 14785 25900
1588 99 -74 31013 21076 27859
1946 -17 -232 30051 25686 30501
2071 -37 -337 28949 28408 32767
1952 -140 -427 28297 29235 32767
1766 -409 -545 27783 29417 32767
1974 -734 -611 28003 28770 32570
2055 -830 -657 28954 27557 30956
2048 -1002 -601 29760 26747 29540
2052 -1131 -487 30422 26508 27192
1953 -1407 -187 30166 26695 25538
2052 -1642 132 28526 26321 23976
2468 -1840 311 25791 26016 24960
3316 -2072 481 23666 26340 27210
3557 -2154 468 21296 27147 30525
3200 -2261 31 21628 26978 31289
2901 -2317 -143 22920 25825 30695
2808 -2373 30 24799 24337 29054
2670 -2355 331 25693 24659 27396
3177 -2253 666 25518 24853 27362
3548 -2246 723 24107 24221 30917
4245 -1963 720 22578 22570 32767
4170 -1562 570 20390 17940 32767
3508 -1536 209 21161 11325 32767
2973 -1328 114 24333 10075 32767
2896 -1177 288 26461 11990 32767
3152 -1104 535 28344 17586 32767
4012 -936 1038 28146 22780 32767
4205 -694 1119 26592 23546 32767
4158 -519 1076 25324 21439 32767
4108 -287 1000 23993 16142 32767
3929 77 841 24065 12402 32767
3766 252 761 26045 9086 32767
3806 324 933 28095 9573 32767
4350 469 1030 31141 13921 32368
4544 923 1139 32654 15862 30207
4243 1303 1113 32767 13346 24981
3786 2126 1072 32767 8699 20675
3700 2831 1154 32767 1173 14664
3799 3127 1293 32502 -1303 10558
4020 3339 1270 31399 1943 8454
4041 3398 1048 30222 10215 4430
3798 3295 479 29532 12074 -2269
3608 3240 -356 29141 6551 -7605
3834 3049 -616 26679 -6468 -13899
4471 2579 -794 23620 -12457 -15787
5340 1860 -1194 18591 -14614 -14487
6136 843 -2021 14977 -16807 -11235
6284 116 -2558 12134 -28366 -10812
7377 -1091 -2687 8908 -32768 -11022
8215 -1956 -2397 318 -32768 -11656
9263 -3674 -2016 -11605 -32768 -14966
9402 -4266 -2036 -20663 -32768 -20081
9859 -5102 -1926 -32768 -32768 -30581
11069 -7371 -1338 -32768 -32768 -32768
11173 -8041 -1144 -32768 -32768 -32768
11280 -8462 -1201 -32768 -32768 -32768
11922 -8958 -1328 -32768 -32768 -32768
6911 -9439 2164 -32768 -32768 -32768
11407 -8516 1174 -32768 -32768 -32768
10970 -8854 2303 -32768 -32768 -32768
10479 -8444 1293 -32768 -32768 -32768
10151 -8228 798 -32768 -32768 -32768
9723 -8213 714 -32768 -32768 -32768
9290 -8262 1015 -32768 -32768 -32768
8584 -8037 1603 -32768 -32655 -32768
7237 -7408 2598 -32768 -27298 -32768
5740 -6563 2769 -32768 -20676 -32768
4965 -6110 2554 -32768 -17318 -32768
3872 -5451 2098 -29759 -17558 -32768
2949 -5185 1899 -20530 -20713 -32768
2597 -4942 1686 -11091 -24590 -32768
2076 -4566 1524 -5078 -27345 -32768
1632 -4203 1588 2514 -31152 -32768
630 -3448 2029 7793 -32768 -27974
235 -3016 2223 10284 -32768 -23898
-66 -2651 2340 13059 -31116 -19442
-112 -2233 2465 14399 -28133 -16595
29 -1872 2464 15728 -22943 -11345
62 -1613 2482 15965 -18441 -5183
150 -1259 2343 15830 -16278 -794
298 -944 2056 15766 -15236 5614
351 -744 1839 16380 -16183 11159
654 -262 1517 17631 -17087 16045
784 17 1434 18542 -17632 18885
870 200 1388 19634 -18095 22166
1247 341 1400 20035 -18100 24161
1660 514 1291 20558 -17411 26987
2003 581 1178 21484 -15999 29781
2506 647 1038 22394 -14605 31755
3094 691 987 24008 -11051 32767
3961 898 878 26028 -4890 32767
4583 1122 522 27689 -4 32767
4760 1271 260 30692 6839 32767
4899 1377 83 32767 11185 32767
4846 1422 -154 32767 12264 32767
4495 1287 -325 32767 11093 32767
4184 1216 -351 32767 6536 32767
3848 1219 -268 32767 632 28553
3805 1240 -244 32767 -1890 25139
3777 1308 -316 32767 -2601 21383
3743 1290 -379 32767 -1044 19136
3609 1233 -497 32767 1659 18072
3319 1194 -579 32767 3765 17711
3078 1126 -586 32767 6767 17366
2631 1000 -493 32767 9203 16724
2109 901 -353 32767 10563 15899
1743 810 -238 32767 11981 13943
1173 728 -75 32767 12683 11021
631 682 68 32767 12895 8663
355 645 136 28503 12953 4913
90 520 175 23357 13099 1387
-26 270 65 19194 13788 -1360
-32 208 -10 17052 14714 -2713
-12 138 -55 14545 16570 -4002
140 -43 -104 12832 18924 -3978
751 -377 -300 12326 21343 -2706
1200 -475 -465 12348 26326 1145
1777 -393 -703 12573 31658 6595
2119 -444 -735 12338 32767 10856
2486 -619 -739 10944 32767 17512
2729 -945 -660 7979 32767 22984
2533 -1600 -589 4198 32767 24027
1253 -2701 -358 263 32767 18254
1664 -3715 -94 -1877 32767 14012
2333 -4482 -101 -3355 29479 9909
3456 -5791 -68 -2743 29026 9650
4738 -6058 -208 -1295 28892 12376
5450 -5197 -553 2460 26474 19838
5124 -4255 -669 7000 18715 27131
3933 -3421 -537 10025 10359 30007
3306 -3046 -432 14823 -3616 31891
3072 -2439 -208 20050 -14394 32767
3994 640 856 32767 15217 20764
3972 943 1056 32767 19055 17974
3564 1331 1034 32767 22059 11987
2887 1723 983 32767 21928 6876
2716 1912 740 32767 21693 -366
2861 2299 308 32767 21858 -3751
3515 2683 -307 32767 22031 -5858
3674 3067 -955 32767 16662 -7495
3708 3816 -2057 32767 9673 -9907
3701 4041 -2249 32767 -126 -16325
3991 4568 -2430 32767 -6748 -23772
4516 5460 -2292 32767 -11625 -28992
5395 4807 -1591 26841 -16664 -31723
6579 4916 -2123 13478 -24929 -32768
7165 4551 -2340 5140 -32768 -32768
7892 3818 -2934 3402 -32768 -32768
8756 3134 -2947 4056 -32768 -32768
9378 2574 -2449 3680 -32768 -32768
10158 1883 -1252 1069 -32768 -32768
10411 1239 -503 -6270 -32768 -32768
11013 318 801 -16060 -32768 -32768
10147 -334 -556 -18694 -32768 -32768
10412 -1857 4835 -29712 -32768 -32768
9714 -1193 3873 -32768 -32768 -32768
8456 -1689 4799 -32768 -32768 -32768
7817 -1445 4863 -32768 -32768 -32768
7038 -1459 5145 -32768 -32768 -32768
6409 -1650 4262 -32768 -32768 -32768
5845 -2027 3449 -32768 -32768 -32768
4683 -2951 2443 -32768 -32768 -32768
3241 -3377 1711 -32768 -32768 -32768
1648 -3273 826 -32768 -32768 -32768
1039 -3094 901 -25073 -31649 -32768
1264 -3234 1367 -18933 -27770 -32768
1760 -3115 1373 -12787 -23837 -32768
2425 -3286 1325 -10047 -23223 -29187
3163 -3317 919 -4348 -22517 -13837
3358 -3128 170 1037 -24204 -4464
2972 -2937 -226 10930 -29705 4721
1943 -2191 -539 17991 -32768 6858
1366 -1860 -199 26763 -32768 3737
1033 -1522 407 30529 -32768 -3172
1008 -1110 1521 29523 -32768 -7359
1114 -828 2547 23618 -23076 -11086
1277 -560 2818 15313 -9630 -11052
1497 -146 2720 9952 -2362 -9251
1457 233 2291 3840 2608 -5634
948 676 1561 1398 1457 -3861
498 993 894 669 -4094 -2514
388 1169 664 2673 -10650 -1572
557 1460 709 4512 -14927 -420
706 1658 861 7113 -20360 2383
1153 2095 1171 8831 -24095 6906
1599 2435 1435 9419 -25129 10282
1893 2572 1594 9445 -25747 14982
2244 2748 1741 8988 -26370 17437
2462 2806 1738 8070 -26815 19415
2588 2698 1739 6976 -25969 19231
2833 2429 1869 5923 -24108 18274
3000 2230 1870 3988 -17846 15930
3023 2205 1715 2430 -8279 13056
2838 2153 1226 2119 -1094 11032
2721 2051 899 2622 8529 8650
2621 1857 541 3624 14411 7903
2298 1671 261 4516 16106 8072
2038 1560 121 5914 16152 8996
1790 1336 0 6891 15259 10134
1687 1102 -27 8309 13594 12426
1621 969 -65 10027 13072 14868
1457 771 -137 11340 13655 16396
1444 614 -162 13404 15767 18733
1471 491 -201 14766 17938 20408
1581 393 -226 16580 22376 23347
1741 237 -199 17846 27380 26517
1888 29 -231 18368 30644 28726
2209 -117 -273 18713 32767 32480
2670 -194 -345 18792 32767 32767
2968 -330 -515 19227 32767 32767
2603 -2101 -229 27259 28168 32767
2152 -2092 -238 27117 26659 32767
2427 -2184 -297 27205 23394 32200
3142 -2075 -360 27405 20408 32767
3823 -1837 -233 27048 17314 32767
3863 -1492 -51 26684 15074 32767
3608 -1301 -12 26707 13083 32767
3131 -1001 -40 27355 12779 32767
2826 -908 4 28817 12179 32767
2921 -656 354 30038 10953 32767
3264 -445 653 30316 10475 32767
3618 -61 1012 30230 11735 32767
3772 255 972 30971 13626 32767
3532 720 839 32169 12919 32767
3155 990 695 32767 8985 32767
2885 1463 740 32767 6922 32767
3183 1724 969 32767 8758 32767
4026 2223 1695 32767 12892 30877
4143 2500 1992 32767 18768 25736
4172 2790 1776 32767 18826 19335
5363 602 -1293 -4154 -5574 -7016
5990 -367 -2500 -8627 -11023 -10952
7385 -1603 -3448 -9030 -28159 -13150
9317 -3176 -3857 -7872 -32768 -12185
10114 -3949 -3156 -8899 -32768 -11321
9778 -4824 -991 -19970 -32768 -15258
9197 -5383 223 -32768 -32768 -25123
7973 -5628 -91 -32768 -32768 -32768
8000 -5784 -1239 -32768 -32768 -32768
9763 -6860 -2684 -32768 -32768 -32768
11140 -7726 -2975 -32768 -32768 -32768
11902 -8428 -2041 -32768 -32768 -32768
9648 -8367 -271 -32768 -32768 -32768
11400 -7776 2681 -32768 -32768 -32768
10378 -7654 3201 -32768 -12442 -32768
9219 -6954 793 -32768 984 -32768
8616 -6976 -531 -32768 -10464 -32768
8120 -7266 -250 -32768 -18567 -32768
7700 -7378 831 -32768 -21102 -32768
6619 -7023 1978 -32768 -22000 -32768
5426 -6376 2357 -32768 -25964 -32768
4653 -5787 2053 -31028 -32347 -32768
4180 -5444 2136 -23771 -32768 -32768
3442 -5001 2427 -18893 -32768 -32768
3008 -4783 2665 -12817 -32768 -32768
2338 -4402 2772 -9652 -32768 -32768
1912 -4138 2765 -5815 -32768 -32768
1370 -3713 2669 -2766 -32768 -32768
958 -3258 2565 -1470 -32768 -32768
781 -2989 2599 -842 -32768 -31069
936 -2959 2812 -499 -32768 -27029
1393 -2699 2501 2513 -31041 -17508
1381 -2336 2314 6573 -25130 -8197
807 -1971 2077 9236 -23456 -3883
517 -1598 1937 12782 -23292 290
439 -1058 1838 14712 -24340 2229
540 -726 1791 17090 -25980 4896
845 -274 1771 18575 -27139 7512
1219 80 1806 18923 -27638 9583
1523 356 1771 19062 -27061 13630
1997 814 1688 19139 -25313 18517
2348 950 1489 19647 -23882 22098
2793 1039 1201 21935 -21399 27710
3353 1183 795 24459 -19021 31124
3649 1299 600 29100 -13368 32767
3781 1517 445 32767 -5873 32767
3861 1633 459 32767 -878 32767
3835 1562 480 32767 5362 32767
3845 1412 475 32767 8379 32767
3904 1408 474 32767 10917 31526
3897 1610 235 32767 10773 29222
3822 2064 -133 32767 8526 26867
1249 1344 113 32767 10390 -1012
963 1231 166 32767 10984 -3598
583 1097 163 30280 11743 -5253
1255 -30 -483 13644 25671 4790
1415 -93 -497 11456 27311 8776
1571 -286 -505 8751 30666 11660
1508 -632 -338 5207 32767 12617
1508 -977 -193 2344 32767 11929
1595 -1445 -107 -1923 32767 8930
1556 -2285 95 -4526 32767 5837
1692 -2768 137 -7140 29754 1786
2498 -3380 65 -7676 27849 1204
3431 697 482 23929 17853 23783
3225 992 781 27578 25316 18132
6577 5203 -2158 32767 -26186 -27114
6827 4946 -1624 32659 -26469 -32768
6778 4540 -1450 15591 -23722 -32768
7731 3772 -1898 5484 -27550 -32768
8882 3147 -2448 -4267 -32768 -32768
10131 2090 -3077 -6850 -32768 -32768
10461 1315 -2954 -7014 -32768 -32768
10454 512 -1351 -10970 -32768 -32768
10356 -137 1032 -17449 -32768 -32768
10219 -477 2017 -30082 -32768 -32768
10362 -1019 2372 -32768 -32768 -32768
7070 -4036 604 -32768 -32768 -32768
8819 -1821 2843 -32768 -32768 -32768
10293 -1927 3204 -32768 -32768 -32768
9250 -2714 4405 -32768 -32768 -32768
8103 -2642 4615 -32768 -32768 -32768
7154 -2681 4220 -32768 -32768 -32768
6796 -2843 3631 -32768 -32768 -32768
5768 -3437 3088 -32768 -32768 -32768
4857 -3715 2684 -32768 -32768 -32768
3185 -4200 2131 -32768 -32768 -32768
2160 -4240 1826 -32768 -29412 -32768
1473 -4013 1484 -31152 -25284 -32768
1393 -3645 1071 -26881 -25072 -32768
2177 -3720 709 -18344 -23777 -32768
3085 -3957 411 -10937 -21310 -25506
3108 -3588 192 1201 -21048 -11300
2395 -3202 243 8193 -25583 -4627
1974 -2847 408 16121 -32768 782
1526 -2067 783 20092 -32768 1695
1383 -1885 908 24342 -32768 -578
1150 -1637 1686 25601 -32768 -4562
1522 -1204 2234 25683 -32768 -5655
1668 -807 2541 24567 -26727 -4829
1324 -449 2880 22602 -15451 -3912
1094 -73 2769 18329 -3290 -3020
755 465 2564 14696 -925 -3155
189 861 2292 9179 -4418 -4827
192 1421 1825 6536 -7493 -5711
495 1765 1597 4718 -9040 -4352
744 2022 1531 4612 -9725 -414
951 2630 1794 4636 -11899 2802
1219 2855 1871 4899 -16139 8082
1499 3010 2021 5291 -18545 11214
1543 3025 2045 6072 -21566 14154
1624 3042 1985 6961 -24097 14748
1684 3038 1915 7561 -25427 14039
1727 2969 1852 8248 -25448 11629
1947 2729 1833 8352 -23464 9741
2460 2335 1896 8035 -15871 8136
2906 2239 1648 8545 -2637 9444
2950 2178 1284 9031 5354 10951
2563 2043 1029 9374 11225 12190
2011 1797 654 9438 12040 12422
1703 1747 418 9503 11274 12649
1392 1682 219 9452 10041 13209
1311 1610 75 9484 8142 14990
1371 1527 -142 9867 6904 16823
1236 1393 -173 11153 5713 19150
1002 1175 -153 12711 9641 19551
806 804 -24 13459 15059 19049
857 655 52 13664 23665 18510
1089 502 81 13298 28148 18900
1230 400 62 12342 32767 20555
1599 121 -93 11382 32767 23893
2484 -108 -388 10994 32767 27531
2928 -41 -643 10770 32767 32767
2942 -63 -823 11396 32421 32767
2549 -221 -1085 12588 29737 32767
2070 -413 -1122 15248 25933 32767
1738 -522 -1068 18435 23671 32767
1889 -898 -943 21670 24185 32767
2778 -1174 -918 23611 26132 32767
3013 -1182 -922 25888 29539 32767
2877 -1340 -885 27120 30309 32263
2427 -1476 -793 27517 28877 31077
1989 -1601 -763 27851 24633 28354
1624 -1628 -653 28132 19168 25115
1660 -1682 -550 28342 15348 23174
2561 -1949 -245 28209 15479 23769
2906 -1977 -55 27391 19331 26539
3141 -1985 62 26569 23076 29073
3259 -1866 48 24958 28083 32767
3295 -1759 41 22834 29556 32767
3027 -1572 -5 21477 27944 32767
2705 -1529 -201 20769 22433 32767
3115 -1539 -250 21768 15672 32767
3948 -1224 -171 24054 10618 32767
3924 -1001 -78 25992 8958 32767
3704 -811 108 28486 8934 32767
3346 -443 422 29740 10459 32767
3162 -125 689 29501 10951 32767
3262 219 1211 27515 10255 32767
3871 506 1752 25562 10012 32767
4816 636 2036 23259 12908 32767
5037 844 1869 23316 20371 32767
4654 868 1549 25051 24659 32767
4301 946 1181 29937 24379 28771
3908 1083 952 32767 15918 18400
4036 1187 968 32767 9574 13314
4358 1712 957 32767 4295 9165
4619 2264 1299 32767 3240 8556
4546 2648 1556 32767 5954 8168
3887 3046 1511 32695 9106 6547
3209 3259 1152 27067 11125 1598
2930 3237 510 23913 10455 -2690
3367 2890 76 21218 7393 -7965
4426 2288 -314 20800 1339 -8431
5496 1453 -881 21491 -4170 -7242
5749 959 -1245 23166 -10186 -6818
5666 442 -1519 23348 -12932 -8465
5506 34 -1471 19935 -17451 -13018
5950 -629 -1485 15305 -21570 -16025
6504 -1464 -1684 7042 -30492 -19450
9637 -3912 -2423 1633 -32768 -19014
10347 -4510 -2575 -6434 -32768 -16700
10921 -5725 -2304 -17419 -32768 -21837
9150 -5746 -648 -28579 -32768 -31670
8558 -5770 398 -32768 -32768 -32768
9248 -6176 300 -32768 -32768 -32768
10886 -7258 -2010 -32768 -32768 -32768
11360 -7707 -2202 -32768 -32768 -32768
8067 -8215 -3983 -32768 -32768 -32768
12161 -7640 400 -32768 -32768 -32768
11897 -8854 3589 -32768 -32768 -32768
10619 -7464 4174 -32768 -32768 -32768
8670 -6393 3155 -32768 -27773 -32768
8140 -6470 2463 -32768 -29566 -32768
7789 -6729 2054 -32768 -27348 -32768
7038 -6786 2252 -32768 -19356 -32768
5065 -5985 2707 -32768 -14745 -32768
4240 -5363 2826 -32040 -16698 -32768
3298 -4614 2261 -26105 -17869 -32768
2723 -4386 1865 -16520 -19622 -32768
1914 -4132 1608 -8625 -22878 -32768
1380 -3871 1745 -5070 -24879 -32768
1199 -3549 1659 -585 -28002 -30579
908 -3427 1606 3783 -31759 -20366
552 -3104 1536 6585 -32768 -14788
386 -2807 1558 10237 -32768 -8043
175 -2255 1841 12579 -32768 -2956
165 -1936 2038 13409 -32768 -5
240 -1612 2158 14078 -32768 4442
480 -1076 2258 14381 -32768 7705
604 -765 2377 14552 -32768 12565
954 -330 2402 14669 -30972 16929
946 -94 2310 14824 -28443 18963
1057 156 2193 15091 -25439 21193
1640 463 1961 15387 -24024 23007
2600 605 1761 15946 -23027 26980
3322 708 1635 16871 -23802 32208
4027 872 1416 17971 -24166 32767
3476 1534 331 32767 -970 13890
3215 1367 192 32767 -360 13415
2963 1252 143 32767 3801 12865
2515 1050 146 32767 9704 12597
2139 821 81 32767 13157 12626
1886 698 4 32767 17013 12779
1448 481 -211 32767 18959 12732
1219 361 -334 32767 19266 12390
1020 224 -429 32767 18298 11370
734 119 -484 32767 15656 9925
506 102 -488 32767 13563 8819
375 87 -487 32767 11074 7078
231 57 -407 32036 9908 5443
226 -3 -336 31427 10035 4624
403 -139 -322 30588 11764 4144
582 -251 -335 29779 15187 4807
1179 -502 -474 29394 18382 6216
1786 -709 -634 28970 24186 9620
1984 -842 -604 27659 31130 13223
2133 -1110 -520 26004 32767 14953
1974 -1317 -529 22651 32767 15227
1814 -1754 -405 18783 32767 13300
2375 -2169 -532 16610 32767 12246
2946 -2417 -718 14448 32767 12272
3792 -3250 -676 12907 32767 13475
4085 -3896 -480 12156 32723 14488
4490 -3975 -519 12343 27285 17888
4902 -3740 -695 13491 24084 21114
4783 -3380 -746 16244 18635 25670
4239 -2781 -725 19842 12513 28468
3705 -2403 -626 22460 8474 29415
3567 -2164 -537 26156 4000 30585
3486 -1873 -323 28827 2541 31942
3566 -1773 -80 29383 2912 32767
3631 -1555 380 28212 4821 32767
3754 -1265 672 26466 6892 32767
3863 -1052 698 23666 10273 32767
3934 -813 626 22091 12000 32767
3993 -571 485 20609 13559 32767
3976 -361 364 20531 14252 32767
3731 -2 178 21305 13761 32767
3506 167 117 23475 11786 31318
3263 476 71 25497 10560 27622
3158 719 177 28375 10376 22275
2488 3047 -642 32767 13574 -7833
2787 3285 -694 32767 9444 -10138
9194 2061 -2118 -1830 -32768 -32768
9426 1366 -1593 -7462 -32768 -32768
9578 796 -1016 -16726 -32768 -32768
9781 -203 199 -24360 -32768 -32768
9541 -746 1190 -32768 -32768 -32768
47 -1235 3704 -32768 -32768 -32768
6412 -1436 6337 -32768 -32768 -32768
6220 -487 5146 -32768 -32768 -32768
6412 -859 3902 -32768 -32768 -32768
7517 -1001 3046 -32768 -32768 -32768
8528 -1285 2881 -32768 -32768 -32768
8008 -1637 3814 -30867 -32768 -32768
6883 -2034 4590 -32757 -32768 -32768
5780 -2472 4437 -32768 -32768 -32768
4038 -3109 3695 -32768 -32768 -32768
3338 -3703 2707 -32768 -29903 -32768
2810 -3909 1889 -28955 -23295 -32768
1700 -4378 857 -24293 -23289 -32768
1570 -4476 239 -16163 -27100 -32768
1700 -4351 -410 -10576 -32768 -24929
2060 -4311 -431 -2364 -32768 -10463
3099 -3868 -666 7771 -32768 3560
2934 -3501 -730 15387 -32768 9737
2623 -2995 -510 25943 -32768 12521
2068 -1861 989 30463 -32768 10849
1936 -1563 1467 31162 -32768 5586
1683 -880 2610 25377 -32768 53
1483 -239 3293 19005 -26185 -2923
1195 180 3333 8589 -12946 -6364
745 977 2901 2371 -7620 -8127
534 1230 2549 -5071 -4746 -9855
791 1431 2211 -9203 -4449 -8895
1269 1702 1827 -10251 -5625 -6624
1461 1860 1673 -9464 -9336 -1757
1748 2110 1367 -7225 -12586 1880
1895 2300 1394 -2732 -20082 6821
1996 2421 1629 312 -25505 9130
2092 2543 1814 4541 -30978 10634
2061 2798 2148 6681 -32093 10141
2063 2858 2243 8136 -30643 7976
2115 2944 2543 7084 -26983 5273
2229 2846 2652 5482 -23404 3713
2315 2818 2561 2812 -16069 2434
2370 2651 2233 1447 -10290 2265
2192 2454 1915 576 -1524 2413
2003 2040 1417 694 3778 2935
2077 1745 1186 1102 9471 5268
2133 1561 985 1377 11694 7553
2020 1313 758 1565 12834 11279
1773 1086 702 1521 12472 13420
1422 881 606 1989 11791 15556
993 599 370 2965 11984 16336
809 455 234 5138 12867 17118
616 265 49 8021 13510 17948
658 92 -142 10202 13616 18834
805 -53 -265 13781 13350 21004
1146 -253 -393 16263 13264 23031
1403 -346 -454 20008 14938 26970
1857 -479 -499 23276 19380 31828
2302 -403 -460 24902 23559 32767
2442 -339 -469 26354 30465 32767
2522 -454 -564 26819 32767 32767
2429 -705 -670 26944 32767 32767
2399 -913 -781 27161 32767 32767
2451 -1290 -969 27567 32767 32767
2771 -1443 -1070 28505 32767 32767
3171 -1507 -1065 29444 32767 32767
3349 -1604 -1062 30179 32767 32767
3238 -1618 -989 31446 32767 32767
2998 -1678 -863 32694 27992 32767
2639 -1867 -742 32767 23125 32767
3393 -836 -11 32767 4859 32767
3579 -635 346 32767 7094 32767
3714 -461 820 32767 15141 32767
3690 -141 1057 32767 23974 32767
3485 81 1002 30550 27289 32767
3248 367 981 26183 25476 32767
3561 493 910 23329 18849 32767
4313 593 844 23071 14904 32767
4590 700 839 25040 13448 32767
4670 813 840 28374 15593 31364
4624 1133 892 30380 16187 27600
4148 1304 963 32348 13288 19806
3922 1434 964 32767 9821 11357
4063 1542 945 32271 9528 5813
4717 1754 475 30919 8074 4537
4715 1955 178 29892 4326 4707
4499 2204 -134 28218 -1984 3786
3976 2791 -187 26481 -5300 2000
3768 2904 -180 22705 -6837 -2354
3641 2998 -124 17847 -7561 -7944
3960 2511 -698 14016 -11104 -12729
4189 2261 -930 12471 -15019 -14375
4654 1575 -1529 10799 -20352 -14738
4820 1245 -1999 7563 -23900 -13163
4772 987 -2133 3473 -26377 -11813
4605 473 -2471 -3972 -32466 -11282
5256 -469 -2677 -11164 -32768 -11114
6747 -1542 -2488 -18660 -32768 -7420
9246 -3522 -1684 -24998 -32768 -4258
10553 -4711 -1550 -32768 -32768 -3105
10938 -5615 -2264 -32768 -32768 -14283
10635 -5826 -2824 -32768 -32768 -28768
10898 -6927 -2465 -32768 -32768 -32768
11790 -8507 -2090 -32768 -32768 -32768
12274 -9122 -2089 -32768 -32768 -32768
4965 -3247 1898 -32768 -32768 -32768
11865 -8961 638 -32768 -32768 -32768
11430 -9760 2599 -32768 -32768 -32768
10470 -9200 1827 -32768 -1268 -32768
9150 -8657 970 -32768 -2467 -32768
8677 -8536 1269 -32768 -12516 -32768
8274 -8533 2034 -32768 -8961 -32768
7288 -8290 2332 -32768 -5713 -32768
6450 -7973 2407 -32768 -10431 -32768
5339 -7340 1815 -29450 -20822 -32768
5286 -6926 1471 -21572 -27335 -32768
240 -2553 3597 7115 -32768 -13943
216 -1714 3551 5831 -32768 -5252
335 -1335 3532 5581 -32768 143
566 -828 3389 6105 -32768 7370
711 -566 3242 7882 -32768 13053
903 18 2964 9616 -32768 15991
4011 1466 1174 26152 8752 24913
3942 1488 887 26947 11708 23721
3667 1497 487 28826 13748 21489
949 609 -11 30524 8261 9234
631 427 92 29342 10068 7669
484 320 129 27570 13166 5625
401 48 87 26582 15147 4715
389 -20 64 25455 17873 4065
530 -232 -21 24793 20410 4559
744 -390 -130 24534 21923 5404
755 -396 -149 24174 23830 7066
759 -422 -163 23853 25459 8841
954 -561 -258 23816 27645 11040
3215 -2844 -529 20084 12617 18352
4054 -3439 -317 20132 11505 20651
4903 -3713 -264 20933 14404 25341
4984 -3454 -323 21776 15638 28357
4483 -3206 -328 23259 14175 30552
3699 -2734 -365 25154 10037 30642
3509 -2475 -288 26385 7289 30727
3659 -2411 -180 27605 4930 32013
4069 -2349 103 27402 5314 32767
4213 -1988 393 26406 7296 32767
4064 -1551 505 24382 12130 32767
3852 -1361 589 22098 16853 32767
3628 -1056 558 20844 19304 32767
3570 -846 476 19734 20942 32767
3646 -645 321 19745 19852 32767
3840 -585 272 20433 18906 32767
4216 -449 229 22332 18235 32767
4425 -54 265 24931 18103 32767
4274 416 481 26855 18631 32767
3952 722 668 30160 22660 29267
3360 1173 653 32767 28134 21121
2880 1479 641 32767 28224 12276
2887 1695 546 32767 25519 7597
3012 1772 459 32767 21327 3363
3217 2229 72 32767 19364 2394
3324 2602 -160 32767 16712 2092
3185 3051 -713 32767 14586 1228
3060 3412 -1117 32767 9212 -2170
3216 3859 -1694 32767 876 -7874
3663 4053 -2025 32767 -8071 -13967
4980 4381 -1686 32767 -12982 -16395
5911 4540 -1472 24904 -19419 -19472
6795 4496 -1831 17156 -28732 -26522
7150 4277 -2767 15097 -32768 -32768
7749 3792 -2945 14306 -32768 -32768
8926 3363 -2493 11978 -32768 -32768
9759 2950 -2238 5543 -32768 -32768
10759 1693 -1444 -4102 -32768 -32768
10804 845 -427 -12605 -32768 -32768
10789 39 790 -27725 -32768 -32768
9484 -1045 3523 -32768 -32768 -32768
262 2478 4889 -32768 -32768 -32768
6834 -294 5575 -32768 -32768 -32768
7564 -351 4904 -32768 -32768 -32768
7860 -825 2512 -32768 -32768 -32768
8691 -1155 2136 -32768 -32768 -32768
9029 -1301 2927 -32768 -32768 -32768
8395 -1441 3845 -32768 -32768 -32768
7141 -1682 4432 -32768 -32768 -32768
5818 -2097 4230 -32768 -32768 -32768
4360 -2591 3242 -32768 -32768 -32768
3485 -3115 2119 -32768 -31397 -32768
2184 -3453 1104 -32520 -26305 -32768
1572 -3458 572 -25226 -26359 -32768
1187 -3415 -26 -20373 -28963 -32768
1294 -3543 -117 -13794 -32768 -25527
2130 -3501 -354 -6890 -32768 -11789
2169 -3472 -408 -2045 -32768 -3657
2110 -3194 -561 5888 -32768 4534
1918 -2866 -626 12014 -32768 6914
1792 -2537 -576 21394 -32768 6668
1717 -1867 250 26287 -32768 4823
1788 -1604 900 30112 -32768 1145
1853 -1332 1571 29450 -32768 -1840
1961 -793 2331 25117 -19847 -2911
1783 -237 2745 20617 -11784 -2938
1534 223 2953 11701 -5223 -2394
1140 897 3128 2006 -4565 -1521
736 1398 2654 -2843 -4860 -955
753 1566 2188 -6088 -5133 256
1059 1727 1621 -5097 -6724 2103
1278 1939 1462 -2564 -8451 3821
1598 2275 1496 2416 -12315 7195
1819 2563 1800 6669 -14758 9575
1984 2753 2142 8411 -15248 10185
2082 2868 2459 8607 -16173 10100
2407 2830 2874 7351 -16341 9851
2572 2661 2955 4381 -14738 9577
2715 2312 2868 1329 -10079 9257
2785 2036 2643 -838 -2298 8992
2839 1571 2197 -1705 3547 9028
2907 1276 1646 -1853 11809 10117
2929 1111 1242 -424 18500 12268
2500 976 613 1558 21559 13339
1988 785 291 5414 23146 13445
1332 481 10 8127 22431 12895
1202 350 -25 11621 20002 12924
1246 214 99 13639 17214 14577
1288 120 275 14245 15550 16487
1406 36 375 14707 14693 20161
1589 -121 391 15248 17054 24730
1716 -263 374 15971 23691 29300
1932 -541 343 16265 29803 32227
2373 -728 150 16320 32767 32767
2697 -765 -52 16010 32767 32767
3110 -721 -396 15920 32767 32767
3239 -754 -856 16940 32767 32767
3098 -872 -1163 20270 25238 32767
3244 -1128 -1314 25467 17863 32767
3527 -1259 -1296 29478 17120 32767
3625 -1307 -1194 32767 21715 32767
3467 -1417 -1013 32767 27733 32767
3324 -1529 -853 32767 29462 32767
3306 -1579 -720 32767 27060 32767
3046 -1546 -458 32767 23185 32767
3178 -1643 -225 32767 17171 32767
3694 -1773 14 32767 13919 32767
3807 -1822 222 30536 16147 32767
3622 -1894 320 28939 21536 32767
3404 -1939 165 27958 30806 32767
3107 -1782 -214 28625 32767 32767
3174 -1642 -583 29733 32767 32767
3595 -1444 -744 31688 25664 32767
3684 -1166 -695 32767 15276 32767
3625 -874 -498 32767 9083 32767
3427 -703 -164 32767 3475 32767
3266 -650 11 32767 5048 32767
3257 -613 359 32767 9607 32767
3591 -469 526 30651 17529 32767
4436 -296 718 27079 20738 32767
4702 33 685 24492 18329 32767
4667 229 758 20671 8654 32767
4521 450 892 18797 1167 32767
4545 514 919 18172 -4629 32767
2636 2330 45 24917 9300 5899
2297 2586 -81 25805 4823 4931
2012 3108 128 25088 -3398 1701
2350 3297 507 21279 -8837 -1031
7291 -1578 -1422 -13532 -32768 -14694
7846 -2347 -1603 -22657 -32768 -9951
7585 -3041 -2589 -25488 -32768 -11212
7721 -3717 -3141 -25928 -32768 -19448
9390 -4979 -2835 -28417 -32768 -28174
10949 -6119 -1794 -32768 -32768 -32768
11616 -6715 -1047 -32768 -32768 -32768
11531 -7317 -145 -32768 -32768 -32768
10668 -7648 -93 -32768 -32768 -32768
10414 -7871 -427 -32768 -32768 -32768
10017 -7285 -462 -32768 -32768 -32768
10286 -8020 673 -32768 -32768 -32768
11067 -9074 83 -32768 -32768 -32768
2864 -5793 790 -15069 -21560 -32768
2247 -5519 1233 -5093 -30175 -32768
1619 -5069 1910 -619 -32768 -32768
1204 -4759 2305 3379 -32768 -31324
573 -4175 2745 4547 -32768 -26253
117 -3598 3106 4723 -32157 -19798
64 -3170 3227 4571 -28227 -13686
67 -2630 3293 4755 -25633 -9805
178 -2243 3266 5517 -23382 -3847
529 -1727 3214 6173 -23491 453
733 -1399 3143 7533 -25650 6698
1041 -995 2902 10101 -29141 12171
1261 -408 2623 12571 -31721 15343
1496 31 2577 16422 -32768 19976
2064 526 2530 18884 -32768 22946
2516 918 2373 22533 -32768 26263
3104 1148 2138 24974 -32405 27716
3324 1171 2063 28359 -26248 28938
3856 1151 1807 31043 -18313 29280
3978 1230 1564 32767 -10302 28326
3788 1364 1262 32767 -5975 26761
3470 1632 911 32767 -2142 23392
3347 1811 664 32767 -1135 20029
3278 2074 270 32767 -543 17736
3149 2130 216 32767 918 16693
3003 2088 209 32767 5001 15424
2689 1884 244 32767 7781 14801
2493 1700 259 32767 10509 14335
2270 1476 253 30827 11850 14602
2052 1371 181 28526 12140 15007
1937 1335 130 25341 11504 15047
1464 1136 -28 23696 10539 14069
1192 937 -102 22052 8759 11397
906 751 -119 21169 7223 8333
746 607 -77 20866 6974 6426
651 489 11 20420 8384 3927
946 92 156 20046 10492 2957
1213 -64 127 19561 14895 3160
1349 -97 60 19423 19688 4791
1525 -37 -232 19902 23423 7189
1415 22 -385 20539 24569 8668
1213 80 -434 21478 24060 9988
1089 23 -316 21900 23035 10310
1302 -134 -283 22162 23020 10706
1584 -259 -289 22046 26035 11589
1800 -346 -245 21202 29470 12823
1931 -350 -247 19513 30663 14277
1845 -395 -201 17122 29392 14720
1409 -742 -140 15509 27547 13755
1610 -1193 -133 13746 24893 12238
2127 -1728 -46 12918 25732 12336
3505 -2419 -123 13132 29896 14373
4127 -2976 -158 13965 32767 18777
4449 -3383 -235 14405 32767 21726
4427 -3329 -242 14538 32767 25714
4496 -3213 -316 14508 26441 29658
4259 -2927 -416 14985 16976 31801
4177 -2751 -478 16983 4041 32767
4163 -2498 -465 19122 -1916 32767
4156 -2409 -478 23416 -6074 32767
4045 -2133 -260 27397 -5126 32767
3872 -1812 48 29899 952 32767
3632 -1521 369 30310 6105 32767
3492 -1434 564 29132 11422 32767
3535 -1302 602 27145 12750 32767
3741 -1233 550 25945 12893 32767
3352 1426 -229 32767 14581 12441
3497 2142 -369 32767 15435 9600
3588 2659 -554 32767 19010 5830
3682 3189 -1220 32767 15731 1193
3706 3621 -2052 32767 8066 -3034
3825 3792 -2491 32767 -3333 -10506
4536 4017 -2789 32767 -7689 -15033
5218 4144 -2895 31389 -12725 -19867
6333 4263 -3414 22185 -23779 -23431
7810 4112 -3797 13089 -32768 -27748
8710 3576 -3932 6073 -32768 -32768
9513 2810 -3475 1326 -32768 -32768
10101 2311 -2795 -8940 -32768 -32768
10218 1445 -1593 -17947 -32768 -32768
10171 292 -264 -32768 -32768 -32768
10113 -412 540 -32768 -32768 -32768
9730 -1144 1649 -32768 -32768 -32768
9488 -1405 2334 -32768 -32768 -32768
7847 -1354 4972 -32768 -32768 -32768
7879 -949 4819 -32768 -32768 -32768
7103 -1181 3367 -32768 -32768 -32768
6641 -1406 2844 -32768 -32768 -32768
6150 -1552 2901 -32768 -32768 -32768
5310 -1732 3295 -32768 -32768 -32768
5120 -1994 2764 -32768 -32768 -32768
4598 -2198 1634 -32768 -32768 -32768
4084 -2258 1210 -32768 -32768 -32768
3549 -2191 1263 -30446 -32768 -32768
3231 -2141 1434 -26617 -26579 -32768
2661 -1979 1743 -27467 -17149 -32768
2066 -1874 1865 -29718 -12837 -32768
2093 -2329 2087 -32768 -6680 -32768
3255 -2771 1487 -32768 -147 -32768
3838 -2890 733 -29312 8149 -25138
3751 -2871 -27 -19492 6460 -10873
2751 -2785 -844 -7257 -5137 -2414
1570 -2577 -1250 1457 -16486 -581
1087 -2349 -1231 13866 -32768 -1272
926 -1805 -728 20475 -32768 -2421
1038 -1317 290 26630 -32768 -3462
1096 -1025 1070 28021 -32768 -2826
1087 -589 2283 26416 -32768 -1463
1039 -177 3113 21487 -32768 1794
871 152 3300 15355 -20254 4769
611 603 3090 11479 -13966 5805
343 848 2710 7348 -11066 4789
-438 1144 2077 6234 -11876 2226
-425 1545 1698 6827 -13113 -910
1 2132 1566 8218 -13943 -1176
463 2483 1813 8787 -14639 -64
821 2812 1978 9188 -14519 2780
1153 3000 2122 8550 -13747 6674
1619 3137 2405 7355 -14432 9478
1956 3152 2459 5377 -16713 13150
2210 2981 2379 4001 -19074 14671
2149 2743 2392 3383 -19736 14079
2098 2589 2374 2753 -17105 10825
1898 2310 2239 2629 -12873 7029
1750 2028 2166 2319 -4594 139
2053 1632 2010 1853 1031 -3430
2484 1424 1829 1340 9538 -5009
2981 1386 1253 1947 17220 -2168
3136 1374 570 3013 19931 1360
2819 1269 -1 5201 18513 7272
2411 1177 -196 7302 11693 12137
1746 1036 -208 8361 5965 14507
1373 929 -101 9678 -737 17475
1333 889 63 10458 -2441 20127
1131 674 470 10401 -497 21192
1030 397 719 9674 7237 21816
1019 73 799 9181 14912 22119
1307 -209 652 8777 26869 23434
1646 -349 494 8506 32767 26800
2429 -487 136 8519 32767 30417
2972 -492 -162 9097 32767 32767
3240 -428 -596 10470 32767 32767
3123 -499 -914 11963 32767 32767
2915 -595 -1064 15180 31312 32767
2615 -828 -1179 19637 25440 32767
2691 -1046 -1151 22971 22144 32767
2268 -1919 -157 30936 14332 32767
2991 -1930 6 32066 17221 32760
3584 -1825 147 32607 23813 32767
4110 -1587 360 31972 26505 32767
4042 -1269 287 30556 26090 32767
3625 -1016 89 30068 22888 32767
3210 -788 -140 31141 16123 32767
2875 -526 -4 32505 12281 32767
3441 -196 527 32767 11260 32767
3768 249 1250 32767 14594 32767
3764 371 1504 32243 22788 32767
3679 668 1530 29861 26738 32767
3590 1334 1286 28782 25063 32767
3882 2147 1125 28335 17853 32767
4205 2705 1139 29770 11781 32767
4759 3463 1268 31773 12368 32767
4768 3821 1394 32767 17744 27203
4378 4280 1179 32767 17116 16652
4248 4298 489 32767 10339 9002
4815 4027 -126 32767 -2571 329
5520 3717 -562 32767 -10512 -2539
6088 3078 -1414 32767 -13486 -2584
6035 2699 -1771 30421 -14818 -3300
6241 1749 -2424 21628 -13621 -4947
6804 593 -3114 14009 -16982 -6189
7467 -293 -3445 781 -31422 -8806
8587 -2201 -3662 -12491 -32768 -13769
8797 -2966 -3451 -20628 -32768 -18720
8903 -3393 -3193 -31325 -32768 -28098
9141 -4361 -2329 -32768 -32768 -32768
9760 -5446 -1707 -32768 -32768 -32768
9785 -5938 -1715 -32768 -32768 -32768
9648 -6136 -1673 -32768 -32768 -32768
9626 -6381 -1697 -32768 -32768 -32768
9626 -6784 -2040 -32768 -32768 -32768
3619 -6697 -3133 -32768 -32768 -32768
9335 -6397 -2236 -32768 -32768 -32768
10681 -7183 1603 -32768 -32768 -32768
2686 -4298 1184 -26182 -19825 -32768
960 -1199 1217 11684 -32768 -1796
864 -948 1296 13211 -32593 -321
771 -718 1386 14457 -27000 1155
875 -486 1460 14609 -23453 2164
1019 -314 1492 14049 -19095 4072
1140 -243 1472 12990 -16130 6539
1409 6 1187 12487 -15064 8458
1554 65 1108 12143 -14873 11871
1918 209 968 12647 -15190 15501
2334 203 804 13550 -14903 18029
2708 304 784 15318 -13693 22250
2855 498 802 16587 -12705 24794
2844 577 755 18831 -11034 27751
2967 810 631 21531 -8674 30021
3315 1036 537 24470 -5244 32479
4138 1280 349 26612 -2194 32767
4816 1447 99 30533 4132 32767
3858 2040 615 32767 6506 1041
3665 1943 545 32767 14629 240
3270 1742 430 32204 18426 511
2841 1503 232 29671 22228 1699
2551 1348 97 27618 24271 3338
2066 1109 -86 26507 25205 4336
1727 972 -165 25208 26222 5350
1256 815 -306 24526 26423 5592
941 741 -366 23801 25833 5301
529 625 -458 23367 23892 4167
217 513 -481 23108 22055 3067
44 415 -500 22786 19084 1011
-183 272 -541 22672 17538 -608
-263 21 -554 22712 16545 -3104
-234 -203 -530 22747 17340 -5187
5 -537 -397 22677 19493 -5960
243 -769 -293 22459 26571 -6074
783 -1487 -308 22434 32767 -5465
961 -1750 -334 22464 32767 -3402
1751 -2779 -264 21344 32767 -283
2209 -3019 -161 19468 32767 2371
3296 -3012 -237 15750 32767 7281
3561 -3245 -284 12495 32767 9901
3744 -3598 -4 11189 32030 9771
3845 830 1500 18939 29221 32767
3637 862 1090 20581 30721 32767
2915 828 294 24161 29235 32767
2895 916 247 29615 25675 24987
3171 1582 415 30671 23868 18190
3432 2228 473 28325 24937 14655
3620 2627 281 21897 27390 10954
4088 3238 -1408 16641 28602 6878
4332 3504 -2688 15708 26456 2574
4890 3830 -4415 19132 14666 -4471
6204 4549 -6651 22629 -930 -8167
6637 4900 -7480 25100 -27888 -13098
6072 4920 -7556 21566 -32768 -20080
5031 4445 -7171 16515 -32768 -25851
3998 4113 -6315 5330 -32768 -32768
3706 3868 -5551 -8093 -32768 -32768
3795 3473 -3921 -17854 -32768 -32768
3978 3089 -2353 -32768 -32768 -32768
-2192 2758 2979 -32768 -32768 -32768
-288 1497 7936 -32768 -32768 -30246
1947 1564 5260 -32768 -21018 -29485
1290 1772 1923 -32768 -6938 -32768
1671 1693 282 -32768 -27244 -32768
4328 1430 851 -32768 -32768 -32768
4798 1547 1192 -20512 -32768 -32768
5400 2003 1846 -11924 -32768 -27765
5051 2002 2089 -10911 -32768 -23881
4318 1441 2204 -14162 -32768 -19584
3711 1032 2130 -20110 -32768 -16780
2741 452 1857 -24230 -32768 -15948
2050 -2 1483 -29292 -32768 -15630
1773 -254 1300 -32768 -32768 -15525
1446 -579 1115 -32768 -32768 -15423
1329 -735 996 -32768 -31525 -15380
966 -1002 821 -32768 -26801 -15874
711 -1179 733 -32768 -20615 -17494
448 -1309 627 -32768 -16126 -19346
360 -1361 394 -32768 -14124 -20339
327 -1307 60 -32598 -12298 -21353
402 -1378 -63 -29263 -11242 -21531
697 -1277 -325 -26215 -9558 -20935
816 -1173 -372 -20186 -5159 -18613
892 -920 -313 -13721 -1686 -15911
648 -525 -54 -7844 -512 -14057
521 -188 190 -4598 -1023 -13511
516 -32 625 -1197 -3308 -13048
826 73 1127 482 -4604 -12249
1262 173 1396 2921 -4660 -9177
1995 163 1357 5370 -4636 -5729
1949 404 1207 10268 -8225 -830
1283 1019 1129 13777 -12988 1056
1147 1122 1131 18637 -21355 1654
1221 1565 1698 21648 -28903 1276
1333 1643 1936 22184 -31963 1433
1709 2044 2566 21199 -31650 2507
1854 2287 3188 19393 -27685 3105
1913 2331 3424 15470 -16228 3305
2182 2300 3418 12630 -6721 3005
2257 2189 3201 8790 5122 1845
2638 1906 2510 6791 9339 1225
2775 1766 2194 4717 9417 1373
2790 1714 1888 3898 5837 2877
2859 1632 1480 4082 3757 4834
2867 1581 1301 4950 2118 8821
2513 1425 1115 6255 2378 12332
2267 1233 1008 7426 4499 13732
2177 1032 868 9546 10174 15039
2096 860 598 11047 14217 15619
1949 769 436 12949 18296 16225
1786 650 225 14344 19648 16907
1723 545 52 15010 19412 17722
1663 460 41 15338 17552 19424
1609 321 89 15086 15477 21602
1577 171 116 14969 14897 23184
1578 27 105 15133 17035 25327
1809 -319 133 15335 23520 27490
2037 -430 90 15383 29019 29236
2289 -471 -50 15287 32767 32433
2606 -528 -267 14981 32767 32767
2763 -613 -521 15059 32767 32767
2764 -775 -757 16094 32767 32767
2593 -960 -815 18383 26992 32767
2388 -1305 -729 20505 23675 32767
2420 -1583 -555 24030 23918 32767
2853 -2063 -307 27129 30378 32767
3667 -2498 169 27969 32767 32767
3991 -2779 533 27365 32767 32767
3580 2679 597 32767 17367 32767
9064 1291 -4612 32767 -32768 11901
8577 690 -3859 32767 -32768 1948
8341 -104 -2917 26517 -32768 -4646
8237 -561 -2798 4651 -31415 -11763
8794 -1730 -3663 -11030 -32768 -14863
9215 -2473 -4587 -29391 -32768 -18442
9304 -3511 -4955 -32768 -32768 -24432
9009 -4061 -4218 -32768 -32768 -30547
9014 -4954 -1097 -32768 -32768 -32768
8945 -5010 -662 -32768 -21628 -32768
8604 -4978 -716 -32768 16861 -32768
5267 -5203 -1656 -32768 -16692 -32768
8618 -4688 -3493 -32768 -32768 -32768
10376 -6818 -2492 -32768 -32768 -32768
10180 -7079 -1235 -32768 -32768 -32768
9588 -6784 52 -32768 -32768 -32768
8482 -6431 1685 -32768 -32768 -32768
7366 -6253 1931 -32768 -32768 -32768
6606 -6018 1731 -32768 -32768 -32768
5193 -5578 1998 -32768 -32768 -32768
4113 -4942 1875 -32768 -25581 -32768
3486 -4704 1612 -32768 -19689 -32768
3013 -4476 1625 -32768 -19298 -32768
2571 -4031 1903 -32768 -19154 -32768
2178 -3682 2146 -29187 -18745 -32768
1675 -3285 2132 -23702 -19173 -32768
1402 -2993 1892 -18091 -22932 -30344
1185 -2590 1579 -14434 -27518 -27023
1135 -2378 1415 -9015 -32768 -22598
1387 -2311 1228 -4818 -32768 -19145
1575 -2056 1232 2045 -32768 -13417
1443 -1715 1297 8374 -30656 -9477
1089 -1343 1486 11531 -28102 -8215
992 -1138 1647 14060 -25217 -7055
1135 -659 1900 14288 -22972 -5144
1358 -470 1980 13569 -21177 -3193
1473 -268 2034 11852 -17737 -105
1479 -51 2279 10355 -14166 1754
1549 141 2371 8297 -5155 4095
1550 399 2340 7314 2389 5094
1633 377 2244 6881 12944 6215
1766 453 1957 7319 18729 7760
2162 519 1777 7764 19144 9600
2405 612 1634 8899 16733 13435
2811 730 1352 10280 14511 16309
2429 847 1069 13486 11992 19254
2153 965 919 17499 10880 20896
2248 1186 799 20152 10236 22401
2522 1291 744 23689 8305 25885
3198 1466 580 25932 6134 28805
3076 1651 892 28232 3792 32027
3138 1595 1057 29078 8508 32767
3267 1496 1158 28810 13837 32767
3186 1467 1232 27129 18935 32543
2940 1350 1183 25007 19901 30539
2465 1020 908 23901 19665 28641
2415 896 740 22841 18567 26274
2583 761 467 22789 15872 26513
3084 654 -192 23393 12014 28347
3144 642 -808 24900 1309 31751
3039 621 -1065 26480 -12609 32767
2942 783 -1532 27815 -21994 32767
2546 941 -1745 29850 -32768 31361
1621 773 -1748 30780 -32768 22626
1120 792 -1529 30303 -32768 15572
1374 629 -1687 28570 -32768 7163
1819 222 -1977 24236 -32768 3583
2137 15 -1809 19378 -32768 4297
2306 118 -1842 14222 -32768 6793
1650 136 -2131 8303 -32768 11009
908 168 -2189 4847 -32768 12855
-182 437 -1909 3408 -32768 12694
-334 480 -1848 2153 -32768 11439
-547 496 -1944 1903 -32768 10553
-390 695 -1732 1531 -32768 11428
-232 865 -1485 1200 -32768 12789
-224 1025 -1234 678 -31204 15169
1325 2704 -2642 -3404 27001 32767
1277 2067 -2097 -8547 28540 32767
1575 2081 -2052 -17341 28763 32767
1798 2142 -2003 -26688 25391 32767
2104 2087 -2020 -32713 20977 32767
2370 1907 -1920 -32768 16029 32767
2886 1390 -1230 -32768 16323 32767
3193 1336 -817 -32768 22491 32767
3308 1253 -664 -32768 28340 32767
3575 1030 -1408 -32768 27739 32767
3613 974 -1710 -32768 20831 31995
3577 859 -2157 -32768 12931 27857
3779 672 -1630 -32768 11868 25404
4005 351 -1181 -32768 19686 21715
4568 -394 -942 -32768 26886 19025
4844 -811 -1149 -32768 31904 13976
4923 -1119 -2110 -27779 28393 10268
4616 -980 -2409 -19891 18539 3765
3400 -569 -2098 -15967 14412 -1875
3059 -570 -2079 -11643 11858 -10872
2978 -757 -2291 -6756 8405 -17172
3133 -1192 -2780 -2640 5880 -19093
-1385 -1761 -1516 2094 -253 -18467
1645 -947 -1460 2608 2733 -18468
1430 -808 -2303 4222 5267 -19039
953 -776 -2812 7956 7148 -19845
221 -598 -2842 10051 6853 -20440
-175 -446 -2627 12032 7517 -21890
-627 -280 -2268 13200 8964 -23581
-748 -338 -2283 14155 9441 -23981
-772 -529 -2269 15198 8310 -23087
-709 -811 -1779 15072 6930 -21671
-694 -835 -1611 13112 5451 -18774
-708 -787 -1060 9373 5261 -16149
-833 -666 -735 6412 5663 -15189
-1004 -370 -367 2142 6027 -15233
-1058 -59 -213 -195 5986 -16122
-1007 52 -231 -2465 5673 -18258
-823 192 -229 -3544 5661 -20787
-629 216 -215 -3698 5998 -22371
-242 179 -266 -3112 7011 -24026
120 162 -287 -2363 8111 -24265
719 246 -281 -761 10243 -23004
1439 445 -272 391 11848 -21008
1858 669 -204 1949 14376 -16805
2249 841 -173 2995 16000 -13769
2423 863 -268 4759 17416 -9361
2456 1121 -106 5665 17107 -6812
2503 1206 -50 6225 14202 -3085
2812 1627 326 5197 9005 1014
3095 2242 705 3852 5928 3520
3066 2445 647 2534 4697 5620
2913 2435 424 2601 6165 5714
2883 2584 409 2733 9770 5150
3068 2849 588 2314 12409 5106
3571 3040 810 1514 15686 5569
3876 3069 807 183 23093 6163
3688 2922 713 -558 28712 5381
3610 2656 496 -1153 30851 2648
3305 2505 301 -1124 25807 61
2808 2582 135 -191 12923 -4813
2699 2540 28 1065 4643 -8003
2756 2450 -78 3858 -1607 -11052
2715 2347 -12 5901 450 -11782
2586 2099 241 8392 12814 -11096
2764 1526 287 10183 30989 -8159
2934 1119 113 11111 32767 -4920
3037 803 -53 11781 32767 1059
3025 452 -161 11316 32767 5269
2753 280 -120 9250 32767 11059
2454 249 -107 6318 32767 15387
1857 231 -253 4771 32767 17050
1396 157 -432 3851 32767 17480
718 43 -637 4251 32767 16594
525 -29 -692 5838 32767 14761
674 -175 -620 7921 32767 13882
1150 -330 -592 9362 32767 14363
1654 -687 -46 13004 32319 28359
1508 -618 -49 13792 32767 27117
1023 -735 -135 14740 32767 24900
875 -847 -24 15688 32030 21015
1071 -849 330 15626 27588 19127
1121 -919 646 14432 20619 17401
3998 -640 3119 13474 20867 32767
4076 -550 3193 15802 24694 32767
4249 -321 3264 18486 26835 32767
4563 13 2929 20696 24636 32767
5071 571 2442 21981 21837 32767
5253 1117 2131 23530 17771 32767
5356 2195 1693 24453 17350 32767
5217 2872 1383 25729 18282 32767
4969 3635 792 27602 16863 32767
4826 4210 -172 29671 14457 32767
8442 -1637 -4356 -22275 -32768 -7514
8013 -2192 -3836 -28016 -32768 -15228
8631 -2866 -2372 -32768 -32768 -28324
9150 -3448 -1728 -32768 -32768 -32768
9784 -4341 -2040 -32768 -32768 -32768
10145 -5155 -2881 -32768 -32768 -32768
10702 -7231 -5010 -32768 -32768 -32768
8378 -5767 -497 -32768 -32768 -32768
10008 -6062 480 -32768 -32768 -32768
9749 -6181 2016 -32768 -32768 -32768
8404 -5593 1915 -32768 -19378 -32768
7779 -5269 1270 -32768 -16075 -32768
7115 -5269 1116 -32768 -20700 -32768
6605 -5370 1234 -32768 -21376 -32768
6089 -5468 1332 -32768 -16056 -32768
4768 -5469 1611 -32768 -15083 -32768
4159 -5149 1740 -32768 -17143 -32768
3621 -4923 1923 -27167 -19636 -32768
2985 -4149 1658 -22209 -20098 -32768
2406 -3902 1473 -13991 -22849 -32768
1473 -3462 1347 -6311 -29403 -32768
994 -3217 1473 -625 -32768 -32768
497 -2908 1752 1890 -32768 -30437
256 -2713 1902 4265 -32768 -25773
12 -2435 2190 5127 -32768 -22839
62 -2457 2287 5729 -32768 -17733
536 -2217 2232 7291 -32768 -10660
571 -1797 2282 8512 -32768 -5993
550 -1507 2367 10001 -32057 37
573 -861 2610 10303 -29742 3347
583 -708 2658 9643 -27344 7540
775 -286 2787 7951 -25847 11298
1178 -198 2793 6810 -24824 13772
1745 -11 2417 6916 -20731 18201
2186 336 2134 9757 -13627 23895
2553 664 1877 12535 -9361 27494
2914 832 1734 17117 -5599 32253
3375 1057 1542 20140 -4927 32767
3726 1305 1472 24107 -5985 32767
3917 1361 1429 26331 -7224 32767
3976 1368 1399 28973 -8926 32767
3958 1366 1305 31298 -9504 30633
3788 1421 1062 32767 -8747 27056
3678 1473 908 32767 -5325 21310
3507 1563 576 32767 -1700 17751
3242 1793 303 32767 3826 13482
591 509 219 32767 16800 4611
477 260 254 31149 18695 4172
444 97 246 27557 20489 4171
409 -134 190 25394 21529 4335
394 -259 135 22641 23147 4939
512 -433 -17 20754 25528 6214
2585 -1987 -549 16771 30923 21188
2668 -2334 -364 15648 23691 20248
3209 -2604 -172 14463 16917 20984
4212 -3145 19 14049 14939 22525
4499 -3541 96 14419 14517 24944
4849 -3557 42 15539 15173 26684
4861 -3196 -106 18474 16403 28830
4514 -2688 -157 20815 15751 29598
4260 -2422 -119 24359 12052 29962
4039 -2165 5 27452 7664 30168
4110 -2047 192 29536 4704 31261
4236 -1903 321 30232 4052 32529
4088 -1558 497 30517 6470 32767
3574 -1288 702 30134 10794 32767
3223 -1132 843 28435 19242 32767
2903 -837 936 25820 25633 31431
2837 -700 805 24148 27817 30257
2861 -699 671 22381 28535 28855
3204 -607 336 21995 27657 28705
3769 -575 117 22275 23737 30496
4417 -169 -88 22982 19805 32368
4449 -29 -134 25226 15676 32767
4039 387 -139 28174 14048 32131
3478 882 91 30093 14301 28702
2901 1069 404 32258 17814 20624
2776 1223 473 32767 21412 12194
3110 1607 302 32767 22168 8342
3834 2140 -269 32767 22510 7269
6007 2850 -1268 32767 21697 10162
8083 3309 -2231 32767 11722 16386
8182 3790 -3766 32767 -10517 7512
6938 4281 -4934 32767 -27729 -8806
7005 4668 -5103 32767 -32768 -32768
8028 4476 -4340 32767 -32768 -32768
9236 3487 -3135 12348 -32768 -32768
10235 2284 -2794 -10819 -32768 -32768
10485 611 -2630 -22236 -32768 -32768
10197 -905 -1860 -31832 -32768 -32768
10076 -2066 -441 -32768 -32768 -32768
10221 -2511 691 -32768 -32768 -32768
9009 -3796 1194 -32768 -32768 -32768
10289 -2360 3911 -32768 -32768 -32768
8700 -2663 6281 -32768 -32768 -32768
6933 -1725 4582 -32768 -32768 -32768
6404 -1857 4647 -32768 -32768 -32768
5293 -1672 4409 -32768 -32768 -32768
4733 -1473 3743 -32768 -32768 -32768
4180 -1333 2940 -32768 -32768 -32768
3712 -1515 2063 -32768 -32768 -32768
3682 -1668 1791 -31258 -32768 -32768
3486 -1868 1620 -23219 -32768 -32768
2838 -1926 1603 -20155 -32768 -30410
2182 -1964 1801 -19936 -32768 -26555
1052 -2012 2389 -22637 -32768 -25449
1082 -2199 2664 -28816 -13177 -23633
1563 -2458 2186 -32542 7678 -20027
2162 -2574 1196 -31635 16023 -16481
2765 -2665 -347 -25431 19590 -9753
3086 -2659 -1633 -18556 17715 -4490
3167 -2498 -2212 -5773 8004 2824
2357 -2202 -2598 8180 -7609 5948
1891 -1761 -2362 16828 -19519 6097
1922 -1338 -1913 27217 -32768 5123
2017 -571 -950 32767 -32768 3705
1903 236 215 32767 -32768 2564
1546 593 1036 30368 -32768 463
1215 1232 2145 25633 -32768 -454
1212 1585 2666 16477 -32768 252
1778 1981 3127 9856 -32042 2331
1972 2191 3028 782 -22204 7020
2057 2531 2720 -5515 -15649 11043
1899 3008 2211 -7891 -14085 12309
2134 3252 1963 -9138 -17079 12659
2395 3349 1855 -7630 -23335 11717
2756 3385 1841 -5458 -27087 10445
3061 3371 2157 -2394 -28548 7599
3278 3181 2456 -179 -21541 3119
3348 3018 2536 552 -14354 -329
3337 2901 2435 840 -5142 -5130
3064 2710 1981 1044 -408 -7968
2707 2591 1592 1934 6220 -11409
2077 2254 907 3395 12258 -13180
1951 1989 545 4730 15373 -13066
1863 1734 205 7025 17670 -10966
1740 1378 -167 9272 16822 -7127
1756 990 -502 10717 15073 -3845
1549 854 -666 12671 11242 1074
1060 764 -668 13489 8222 3921
747 682 -584 14048 3877 7369
441 536 -329 13587 1099 10191
358 410 -64 12904 438 11922
305 332 46 11621 1129 14134
147 99 202 10812 2598 15124
215 5 217 9772 6353 16484
515 -250 259 9227 12665 18109
882 -521 177 9198 18607 19484
1216 -703 96 9327 25329 21268
1448 -798 12 9682 32767 24417
1937 -1032 -227 10402 32767 28337
2242 -1148 -450 11061 32767 31354
2612 -1180 -740 11992 32767 32767
2892 -1303 -885 12498 32767 32767
3073 -1463 -1046 13909 32767 32767
3346 -1746 -1285 16461 32767 32767
3658 -1989 -1420 18570 32767 32767
3703 -1964 -1405 21996 32525 32767
3614 -1852 -1287 25875 24933 32767
3195 -1929 -1029 28829 20438 32767
3066 -1966 -903 32767 14875 32767
3144 -2156 -364 32767 11650 32767
4063 -2288 113 32767 13464 32767
4490 -2110 421 32767 17738 32767
4556 -1991 469 32767 26040 32767
4434 -1862 410 32767 30878 32767
4240 -1714 278 32767 30767 32767
4292 -1477 158 32767 26802 32767
4741 -1063 51 32767 22666 32767
4645 -670 266 32767 22233 32767
4650 -482 379 32767 26042 32767
4577 -33 554 32767 30090 32767
4129 374 542 32767 32767 32767
3779 602 449 32767 32767 32767
3991 943 248 32767 29475 32767
4345 1143 350 32767 24678 32767
4723 1540 392 32767 25370 31543
4956 1852 365 32767 29046 27895
5053 2487 -74 32767 30083 25209
4921 2900 -537 32767 24407 19577
4298 3221 -1001 32767 15295 14056
4095 3246 -1042 32767 1584 5064
4900 3203 -1068 32767 -1929 944
5054 3269 -831 32767 1651 -3102
5052 3358 -866 30302 4004 -4820
5262 3318 -1488 22374 -130 -6102
5446 2785 -3394 19448 -13059 -7681
6746 1774 -4718 18845 -27417 -7826
7570 1038 -4477 13536 -32768 -7211
8207 -17 -2815 -783 -32768 -7302
7943 -1236 -801 -14628 -32768 -8531
7362 -1879 -255 -32768 -32768 -14055
6678 -2363 -1437 -32768 -32768 -25439
7749 -3533 -3029 -32768 -32768 -32642
9183 -4769 -3383 -32768 -32768 -32768
10678 -6355 -2897 -32768 -32768 -32768
10749 -7026 -2075 -32768 -32768 -32768
9645 -7397 -334 -32768 -32768 -32768
8926 -7136 14 -32768 -32768 -32768
3792 -7354 -2894 -32768 -32768 -32768
7629 -6558 -1039 -32768 -32768 -32768
9302 -7438 -598 -32768 -32768 -32768
9691 -7482 -1205 -32768 -32768 -32768
9273 -7411 -898 -32768 -32768 -32768
8845 -7163 -440 -32768 -32768 -32768
8057 -6704 364 -32768 -25139 -32768
7173 -6174 365 -32768 -15852 -32768
6656 -5958 204 -32768 -11997 -32768
6059 -5758 305 -32768 -14928 -32768
5411 -5238 505 -32768 -16982 -32768
4996 -4819 477 -32768 -18372 -32768
4289 -4385 471 -30473 -18991 -32768
3828 -4120 495 -24214 -20260 -32768
2897 -3857 849 -15593 -23357 -32768
2631 -3577 919 -8194 -26326 -32768
2238 -3277 1140 -4389 -28837 -32768
1941 -3145 1377 -984 -32768 -32768
1666 -2976 1770 -104 -32768 -30027
1680 -2945 2024 250 -32768 -25112
1698 -2867 2007 1301 -32768 -19897
1669 -2663 1924 2611 -32768 -16399
1701 -2416 1897 5122 -32768 -11332
1556 -1947 1959 6809 -32768 -8309
1631 -1703 2087 8716 -32768 -3903
1705 -1259 2190 9611 -32768 -1079
1760 -980 2259 10403 -32768 2899
1633 -440 2328 10786 -32768 5271
1684 -50 2287 11746 -32768 9069
1982 517 2198 12722 -32768 11840
2152 847 2101 15043 -32768 15796
2453 1070 2070 16827 -32768 18096
3158 1171 2122 19380 -32768 21165
4020 1262 2298 20669 -32768 23208
4593 1249 2359 22214 -28542 26048
4767 1147 2076 24519 -12439 26897
4686 1152 1587 26402 262 26718
4938 1122 1185 28982 17014 26839
4745 1068 1053 30722 26112 26640
4410 1311 633 32198 25495 26955
4161 1505 335 32767 21561 27242
3952 1679 122 32767 13477 27729
3692 1770 4 32767 5643 28057
3352 1683 124 32767 2005 27756
3146 1643 215 32767 1427 26073
2759 1477 236 32767 7760 22826
2318 1289 294 32767 14357 20138
2091 1161 302 32767 24346 16340
1779 930 245 32767 29632 14192
1486 685 88 30518 32767 11638
1171 431 -123 28620 32767 9716
525 -548 -647 26602 15759 6590
832 -974 -641 26740 17858 6827
952 -1356 -654 26793 19746 6916
1174 -1831 -578 26562 21487 6990
1005 -2171 -486 25841 20734 6033
889 -2601 -472 25554 19641 5204
1868 -2981 -694 26291 19957 6490
3899 -3901 -937 28811 26026 13186
5219 -4416 -1024 31999 32767 24731
6377 -4103 -740 32767 32767 32767
6431 -3143 -769 32722 32767 32767
5641 -2490 -825 32132 29992 32767
4596 -1878 -605 32323 14174 32767
4420 -1591 -395 32767 -7029 32767
4600 -1436 230 32767 -9894 32767
4423 2510 411 28706 32767 4834
4975 3015 -193 32767 32767 523
5246 3953 -1353 32767 26894 -2576
5844 1894 -1445 -6556 -32768 -32360
5668 1355 -720 -17680 -32768 -32768
5386 757 477 -24057 -32768 -32768
5629 -282 2096 -32768 -32768 -32768
-1941 2047 1700 -32768 -32768 -32768
4723 1138 4385 -32768 -32768 -32768
5525 1865 4170 -32768 -32768 -32768
4868 1707 3379 -32768 -32768 -32768
4780 1342 2238 -32768 -32768 -32768
4674 852 2248 -32768 -32768 -32768
4286 554 2612 -32768 -32768 -32768
3793 163 3070 -32768 -32768 -32768
3567 -494 2763 -32768 -32768 -32768
3082 -799 2310 -32768 -32768 -30792
2212 -1188 1635 -32768 -32768 -26439
1730 -1573 1293 -32768 -32768 -20395
1434 -1746 901 -32768 -32768 -16813
816 -2026 209 -28071 -32768 -16896
1077 -2029 233 -24610 -32768 -17022
1567 -2121 585 -20074 -32768 -15596
1580 -1910 698 -16908 -32768 -14129
1421 -1862 866 -12505 -32768 -12870
1535 -1868 957 -8763 -16692 -11268
2099 -1579 726 -6284 -6867 -9139
2109 -1433 563 -3159 1084 -6155
1801 -1177 350 -618 583 -4790
1531 -922 207 934 -2697 -4644
1203 -653 397 2746 -9395 -5285
1026 -493 596 4466 -14054 -6315
1082 -121 867 5858 -14877 -6543
1309 50 1139 8354 -13248 -5614
1677 392 1108 10716 -10865 -3936
1808 690 1058 14512 -9597 -605
1639 925 1097 17307 -15372 1388
1126 1364 1196 18516 -21858 1355
1056 1886 1347 19458 -30753 708
1229 2139 1589 19123 -32768 1205
1519 2625 2128 17875 -31462 2394
1580 2836 2499 14243 -21369 4213
1622 2915 2733 11147 -12046 5229
2176 3074 2399 6744 -686 7089
2598 3067 1662 4734 2636 8236
2716 3048 1390 3872 1543 9395
3190 2759 556 4561 -2391 9986
3238 2585 399 6475 -11404 10338
3156 2451 310 8370 -19653 10021
3006 2203 331 9269 -21604 9660
2965 2077 346 9676 -17403 9104
2593 1713 525 8508 -7696 8099
2115 1429 585 7063 -124 7252
1841 1274 522 4697 10976 6064
1242 1030 226 3344 17138 5320
1124 964 151 1926 23581 4374
933 691 -37 1425 26758 4258
948 501 -256 1655 28114 4916
999 419 -540 2940 29362 6926
1120 430 -730 5339 29706 10360
1265 367 -797 7144 29788 13205
1357 212 -769 9502 30391 17772
1606 -25 -709 11514 31426 22628
1934 -109 -846 12940 32370 26101
2228 -180 -920 15032 32767 31811
2404 -155 -982 16806 31425 32767
2317 -279 -1093 18104 29064 32767
1993 -527 -1114 20352 24447 32767
1651 -817 -1040 23038 19368 32767
1726 -1001 -996 26128 15726 32767
2363 -1193 -829 28313 15525 32767
2357 -1330 -711 31230 19342 32767
2192 -1527 -564 32767 25154 31335
2020 -1594 -426 32767 27362 27644
1800 -1758 -185 32767 26159 25115
1622 -2070 286 31719 22544 21574
1721 -2202 663 29081 20685 19719
2906 -2530 1225 27434 22269 20619
3319 -2454 1156 26769 29226 24883
3586 -2314 1008 28784 32767 31014
3553 -1954 980 30822 32767 32767
3362 -1776 1142 32767 32767 32767
3389 -1397 1486 32767 32767 32767
3783 -1021 1742 32767 32767 32767
4154 -606 1931 32767 32314 32767
4173 422 2274 32767 30731 32767
3752 1504 2523 32767 32695 32767
3450 2087 2395 32767 32767 32767
3386 2634 1977 32767 32767 32767
3805 2743 1510 32767 32767 32767
4681 2435 904 32767 32767 32767
5194 2158 365 32767 29915 29845
5436 1938 -117 32767 25371 26272
5201 1526 -353 32767 21765 19534
5286 1354 -784 32767 18351 13661
5925 864 -2214 30976 9507 10328
6928 569 -3559 32767 -9700 9378
8788 594 -5523 32767 -23366 11461
8440 833 -5268 32708 -32768 12442
7878 815 -4192 15197 -32768 9542
6427 143 -1287 -14893 -32768 4732
5836 -48 -1447 -32768 -32768 -1096
6004 -779 -2893 -32768 -32768 -13863
7375 -1675 -3475 -32768 -32768 -22096
9398 -3185 -3968 -32768 -32768 -24169
9846 -4006 -3808 -32768 -32768 -27436
9376 -4447 -2680 -32768 -32768 -32768
8569 -4565 -1956 -32768 -32768 -32768
8815 -5139 -1940 -32768 -32768 -32768
8167 -5874 -1048 -32768 -32768 -32768
9609 -7020 -1085 -32768 -32768 -32768
9905 -7337 -1616 -32768 -32768 -32768
9843 -7678 -1504 -32768 -32768 -32768
9146 -7617 -1081 -32768 -28211 -32768
8438 -7378 -815 -32768 -14145 -32768
7295 -7092 -357 -32768 -11714 -32768
6348 -6948 53 -32768 -12439 -32768
5803 -6822 131 -32768 -13163 -32768
5044 -6163 -160 -32768 -17606 -32768
4563 -5781 -269 -32768 -22992 -32768
3931 -5257 -133 -29143 -31177 -32768
3578 -4970 169 -19750 -32768 -32768
2977 -4491 789 -15073 -32768 -32768
2436 -3990 1429 -10860 -32768 -32768
2161 -3694 1825 -9594 -32768 -32768
1877 -3350 2182 -9584 -32768 -31629
1764 -3167 2307 -9844 -32768 -28861
1813 -3080 2444 -9698 -32768 -26879
2149 -2888 2302 -7877 -32768 -22320
2461 -2674 2197 -4575 -32768 -16233
2620 -2271 2129 -2116 -30410 -11777
2431 -1930 2345 130 -26708 -6001
2066 -1448 2714 350 -25181 -2888
2124 -1193 2873 -389 -24292 1560
2209 -877 2858 -1072 -25154 5663
2370 -583 2663 -885 -26521 8326
2424 -129 2389 861 -29328 11937
2327 135 2336 3845 -32594 14544
2612 472 2465 7072 -32768 17310
3170 731 2530 9419 -32768 19256
3593 775 2441 13570 -31198 21838
4199 852 2284 16474 -25906 23104
4463 853 2173 20469 -14824 23816
4391 802 1794 22848 -6362 23239
4219 839 1595 25957 5052 21176
4044 868 1338 28951 11483 18682
3875 889 813 32767 12628 16838
3755 1127 221 32767 11460 16266
3650 1347 -48 32767 7736 16311
3460 1688 -326 32767 4573 16707
3299 1868 -504 32767 529 17385
3048 1983 -757 32767 -1307 17782
2652 1917 -885 32767 -1483 17658
2357 1833 -850 32767 -656 16958
1705 1646 -641 32767 1149 15404
1332 1522 -466 32767 2668 13840
754 1334 -128 32767 5232 10542
392 1161 108 32767 7430 6318
28 884 427 32767 8234 3377
-46 706 520 32767 9347 -500
44 404 491 32767 11068 -3084
200 114 289 29400 12488 -4005
256 -24 157 25361 14771 -4552
275 -164 14 23348 16051 -4565
296 -257 -58 21286 17712 -4167
407 -355 -239 20591 19992 -3461
487 -418 -401 20700 21688 -2843
556 -463 -492 21530 23963 -1580
981 -631 -672 22369 25399 -249
1231 -658 -724 23835 27740 2751
1516 -702 -754 24954 29463 6433
1684 -791 -738 25130 30578 10532
2138 -1068 -530 24252 31094 13422
2374 -1451 -347 21475 30090 16682
1604 -2684 380 18722 28092 16566
1426 -2932 532 14316 25255 13286
2426 -3136 373 11817 27150 12867
4354 -4591 574 10595 30768 14873
4953 -5186 754 9227 32767 18945
5485 -4816 368 10279 32767 23331
5041 -4173 -184 12669 29963 25119
4547 -3585 -358 17951 18314 26125
4162 -2853 -311 24060 6042 26797
4253 -2071 155 27760 934 27789
4184 -1652 544 31497 -809 29860
3990 -1154 1078 32623 3282 31791
3410 917 70 32312 32767 18263
3518 1274 -71 32767 30027 15271
3608 1462 -141 32767 26873 12527
3625 1892 -532 32767 24433 10665
3461 2196 -896 32767 19793 7120
3315 2647 -1723 32767 15403 2696
3465 3264 -2768 32767 10807 -292
3836 3943 -3360 32767 640 -4722
4134 4272 -3306 32767 -10849 -9717
4378 4599 -2675 31195 -15941 -13809
4446 4573 -2162 18328 -19198 -21479
4772 4377 -2093 7109 -21760 -29662
5821 4002 -2637 3008 -24928 -32768
6967 3704 -2988 1992 -32768 -32768
8393 3302 -3061 3318 -32768 -32768
8919 2844 -2870 6071 -32768 -32768
9198 2331 -1963 5478 -32768 -32768
9209 1902 -507 1436 -32768 -32768
9075 1361 725 -9782 -32768 -32768
9113 844 1173 -23848 -32768 -32768
9537 -53 1449 -32169 -32768 -32768
9607 -736 1603 -32768 -32768 -32768
3857 -1142 4686 -32768 -32768 -32768
8528 -1447 4234 -32768 -32768 -32768
7700 -1305 5532 -32768 -32768 -32768
6351 -797 5424 -32768 -32768 -32768
5502 -389 4593 -32768 -32768 -32768
5352 -519 3713 -32768 -32768 -32768
5111 -767 2946 -32768 -32768 -32768
4085 -1320 1897 -32768 -32768 -32768
3511 -1609 1520 -20686 -32768 -32768
3245 -1948 1827 -14813 -32768 -32768
3134 -2015 2021 -10581 -32768 -32768
2693 -2133 1942 -9991 -32768 -32768
2504 -2236 1760 -10618 -32768 -32768
2472 -2483 1473 -10456 -29493 -32768
2472 -2567 1191 -8370 -24098 -27002
2287 -2871 876 -4503 -21846 -17616
2336 -2766 458 -834 -21080 -11335
2037 -2622 224 5771 -22980 -4195
1461 -2350 44 10219 -26182 -1390
1180 -2071 163 15314 -32540 703
854 -1623 583 17622 -32768 1255
722 -1204 1278 17409 -32768 1526
763 -944 1764 15466 -32768 2666
819 -544 2186 13968 -32768 3990
869 -267 2332 11982 -24334 6160
798 138 2252 10395 -18255 7470
676 467 2021 9526 -17107 7488
422 1039 1574 9380 -19473 6232
386 1409 1431 10212 -23368 4979
611 1924 1460 10852 -24310 5129
1173 2372 1784 11158 -21950 7539
1461 2763 1843 10919 -18104 10219
1700 3314 1769 10109 -11831 14127
1868 3514 1658 8559 -9761 16479
2175 3558 1379 7039 -12869 17215
2447 3503 1169 6588 -16871 17163
2524 3432 1072 6613 -21588 15651
2468 3221 1031 6805 -19093 11909
2398 2857 1146 6274 -13855 8739
2310 2660 1224 4298 -3926 4089
1987 2374 1111 2634 3465 1459
1903 2112 883 520 14495 -759
2269 1705 449 -946 22438 761
2713 1522 53 -1692 24659 3684
2747 1523 -69 -3093 22877 9405
2394 1469 -104 -4154 19322 13092
1733 1365 -224 -5119 13542 17224
1338 1280 -385 -4320 9167 19518
878 1017 -667 -2698 6916 20224
595 868 -759 813 3848 20413
340 790 -787 3528 1990 20307
315 705 -717 7622 -80 20354
282 582 -613 11228 -1126 20423
228 356 -382 13206 -1234 20358
345 144 -254 15532 290 20649
757 -141 -149 17473 4539 21972
1168 -320 -126 18647 8843 23445
1429 -435 -151 20363 16804 26406
1820 -611 -297 22181 25119 30091
2094 -753 -469 23270 30144 32559
2096 -905 -537 24312 32767 32767
2057 -1417 -642 24772 32767 32767
1969 -1511 -686 25630 32767 32767
2018 -1848 -805 27108 32767 32767
2661 -2058 -934 28457 32767 32767
2962 -2032 -964 30732 31806 32767
3149 -1991 -963 32767 27391 32767
3223 -1901 -911 32767 23911 32767
3198 -1760 -778 32767 18509 32767
3152 -1693 -538 32767 14120 32767
3072 -1625 -228 32767 10993 32767
3082 -1625 219 32767 10109 32767
3571 -1609 754 32767 11405 32767
4052 -1400 982 32767 16007 32767
4107 -994 1212 32767 19990 32767
3911 -807 1337 32767 25485 32767
3538 -433 1349 32767 28240 32767
3255 -69 1461 32767 30917 32767
2849 562 1871 32767 31260 32767
3230 1009 2218 32767 30701 32767
4088 1685 2408 32767 30844 32767
4661 2068 2169 32767 31961 32767
4781 2550 1453 32767 31451 32362
4407 2437 821 32767 29171 29465
4061 2561 669 32767 21646 22077
3776 2378 593 32767 17242 15642
4048 2228 395 32767 14783 7374
5008 1815 297 32767 14716 4616
5533 1565 295 32767 14840 3907
5897 1352 136 31817 14923 6206
6103 1244 -498 25579 11908 8206
7012 379 -2828 21851 3169 9894
7300 29 -3526 22827 -19678 9773
7881 -638 -4840 26187 -32768 3973
7737 -907 -3880 23901 -32768 -3546
7518 -1081 -2449 8661 -32768 -15730
7154 -1538 -421 -15953 -32768 -24960
6844 -2272 -1029 -32768 -27878 -31010
6987 -2782 -2193 -32768 -30798 -32768
7348 -3380 -3211 -32768 -32768 -32768
8019 -4177 -3697 -32768 -32768 -32768
8560 -4632 -3312 -32768 -32768 -32768
9118 -5177 -2054 -32768 -32768 -32768
7805 -6976 -9806 -32768 -32768 -32768
7886 -4928 2802 -32768 -32768 -32768
8227 -4455 2940 -32768 -16302 -32768
7736 -4786 2174 -32768 4383 -32768
7941 -4808 56 -32768 6363 -32768
7536 -5317 -527 -32768 -4498 -32768
6995 -5608 99 -32768 -16956 -32768
6590 -5688 666 -32768 -23519 -32768
5724 -5665 1554 -32768 -24442 -32768
5500 -5612 1642 -32768 -23686 -32768
4896 -5291 1645 -32702 -22500 -32768
4280 -4824 1560 -29156 -22851 -32768
3872 -4509 1377 -23154 -25019 -32768
3442 -3942 923 -18599 -27641 -32768
3089 -3650 723 -12161 -32768 -32768
2564 -3274 667 -7525 -32768 -32768
2229 -2981 922 -6022 -32768 -32768
2224 -2933 1237 -5810 -32768 -32768
2334 -2944 1651 -6267 -32768 -32768
2583 -2853 2004 -5775 -32768 -26815
2552 -2712 2127 -4654 -32768 -21297
2007 -2623 2285 -2456 -32768 -15913
1491 -2337 2354 -1028 -32768 -14108
1254 -2116 2414 447 -31798 -13032
1192 -1832 2498 1076 -30492 -12345
1241 -1615 2539 1285 -29172 -11355
1349 -1375 2609 1339 -26153 -8497
1668 -1156 2720 1157 -22229 -3747
1773 -806 2753 1046 -19760 -68
1799 -580 2732 1168 -17459 5619
1772 -109 2660 1937 -16468 10659
1712 263 2589 2944 -16224 13545
1913 534 2522 5233 -17341 17777
2200 905 2411 7298 -19033 20165
2284 996 2324 11177 -21243 22273
2522 1065 2276 15260 -21641 22973
2985 1040 2308 17688 -20311 23305
3358 1085 2348 20694 -16044 24174
3650 1139 2301 22393 -11951 24764
3780 1211 2158 25007 -4015 25473
3799 1356 1628 27079 1860 25757
3774 1375 1496 30602 9800 25870
3672 1419 1035 32767 13450 25797
3529 1433 755 32767 15953 25462
3335 1489 339 32767 15269 24796
2977 1567 65 32767 13142 23993
2579 1485 -48 32767 8623 22229
2305 1397 -46 32767 3924 19978
2042 1276 31 32767 1569 18556
1954 1113 60 32767 647 16951
1751 922 114 32767 1907 16084
1653 865 126 32767 5599 14804
1315 691 154 32767 9705 13304
819 473 194 32767 11957 12119
551 404 215 32767 14248 10010
332 345 216 32767 15422 7599
354 24 120 31396 16581 5745
452 -116 -13 28686 18134 4824
484 -195 -201 27437 19176 4529
447 -232 -302 26331 20322 4268
381 -251 -424 25850 21012 4077
338 -281 -435 25579 21501 3999
577 -462 -380 25177 23668 4173
946 -663 -384 24869 29624 5343
1625 -1066 -498 24757 32767 6924
2237 -1385 -678 24418 32767 10462
2395 -1450 -597 22451 32767 14109
2822 -1810 -248 20093 32767 16493
3103 -1897 -212 16854 29126 19442
3697 -2052 -408 15602 24517 21630
4497 -3457 373 14879 23162 22487
4513 -3536 517 14034 21557 22118
4579 -3359 596 14855 20570 21080
4523 -3307 594 16338 19757 20338
4409 -2970 713 18862 17232 20042
4233 -2313 932 20439 16169 20541
4099 -1887 1123 22248 18075 21725
3676 -1483 1565 22754 23006 22163
3288 -1101 1754 22626 26333 22060
3239 -934 1817 22120 30578 22299
3467 -715 1721 22239 32767 23156
3753 -400 1353 23750 32767 24117
3768 -114 1132 25597 31510 24275
3509 116 877 28141 29502 23246
3208 376 665 32434 26785 19317
2871 798 804 32767 26253 15357
2910 961 911 32767 27899 8736
4749 4323 -4815 32767 -17710 -28674
5050 4462 -4905 32767 -32768 -26766
4746 4544 -4256 27759 -32768 -25118
4029 4313 -3237 16729 -32768 -24060
3620 4013 -2404 6505 -32768 -25286
3378 3504 -1576 1988 -32768 -26734
3533 3228 -993 -2403 -32768 -27503
3947 2883 47 -4835 -32768 -26473
4024 2506 669 -8926 -32768 -23468
4492 2113 1724 -14247 -32768 -20580
-2145 2721 4199 -14960 -32768 -20862
1995 2156 2270 -26125 -32768 -26864
3964 2668 5467 -32768 -32768 -30812
2659 2540 5501 -32768 -32768 -32768
2280 2556 4429 -32768 -28671 -32768
2995 2101 3451 -32768 -29494 -32768
3573 564 1842 -32768 -32768 -32768
3450 226 1568 -32768 -32768 -32768
2944 -298 1200 -21544 -32768 -32768
2610 -362 1426 -16071 -32768 -32768
2555 -476 1817 -13001 -32768 -32768
2613 -748 2102 -13261 -32768 -32768
2582 -885 2063 -15226 -32768 -29579
2002 -1273 1943 -18347 -32768 -26503
1478 -1479 1677 -20543 -32768 -24924
1136 -1717 1463 -23172 -32768 -22975
1078 -1801 1167 -23595 -27544 -20959
1179 -1929 688 -21518 -22417 -18855
1263 -1917 -19 -16992 -18855 -16950
1206 -1859 -185 -13198 -17386 -15922
1145 -1828 -270 -6889 -15085 -14353
1128 -1411 -422 78 -12730 -12518
1054 -1102 -258 4505 -11988 -11369
1101 -892 -79 10405 -12120 -9378
1353 -482 380 13347 -13233 -7782
1271 -65 849 15695 -17476 -5828
1040 182 1017 16546 -23326 -5022
906 591 1183 16648 -26492 -4394
1098 890 1376 15822 -29185 -2096
1479 1161 1986 14520 -30168 214
1471 1217 2124 11997 -30318 3461
1357 1441 2426 10483 -28025 5178
1405 1918 2416 9136 -20936 7285
1399 2194 2478 7739 -14981 8435
1321 2662 2537 5918 -12571 8318
1433 2810 2485 4147 -12439 7614
1837 2784 2481 3011 -13230 7468
2089 2788 2474 1328 -14638 7781
2375 2745 2461 -301 -12944 8132
2392 2564 2198 -1149 -9331 8079
2376 2473 1990 -1763 -684 8009
2290 2306 1552 -1224 10077 7920
2053 2035 1010 -168 17022 7903
1990 1769 686 1912 24848 8488
1825 1394 244 3446 27486 9347
1738 1134 56 5381 27847 11381
1682 772 -40 6326 24813 14187
1630 468 173 6153 21487 16324
1600 346 297 5275 17021 19750
1528 236 338 4858 15669 21805
1504 -50 246 5124 16574 24260
1657 -341 130 6499 20246 26435
1918 -565 60 7801 23689 28261
2262 -738 -2 9756 29258 32057
2640 -786 -154 11498 32767 32767
3188 -1014 -419 12565 32767 32767
3520 -1040 -624 14255 32767 32767
3822 -1119 -801 16392 32767 32767
4006 -1243 -962 18116 32767 32767
3904 -1370 -1093 21831 29683 32767
3565 -1672 -1158 27004 22489 32767
3473 -1857 -1064 30935 18750 32767
3875 -1829 -911 32767 16857 32767
4415 -1376 -536 32767 17819 32767
4399 -1278 -408 32767 19714 32767
4125 -951 -80 32767 19499 32767
3605 -613 208 32767 18001 32767
3274 -413 392 32767 15257 32767
2925 -264 763 32767 16228 32767
2840 -338 1095 32767 20743 32767
3342 -252 1109 32109 31730 32767
3706 -77 863 30708 32767 32767
3706 -23 843 28439 32767 32767
3693 184 662 26712 32767 32767
3329 637 416 26280 32767 32767
2984 921 328 26898 28216 32767
2728 1210 306 27859 22284 32767
2684 1804 614 29261 15999 31310
