0 0 0 0 0 0
4549 -3336 473 25339 -13485 32767
3451 -2964 401 27023 -22001 32767
2957 -2745 401 30593 -31135 32767
2674 -2405 626 32767 -31808 32767
2785 -2302 1148 32767 -23645 32767
2960 -2095 1771 32767 -13737 32767
3078 -1947 2043 30189 4148 32767
3076 -1564 2180 24598 19406 32767
3155 -1374 2060 19348 28168 32767
3162 -1299 1597 17203 29816 32767
3432 -1170 1184 16434 26504 32767
3734 -1023 1018 18646 19610 32767
4008 -954 918 23477 14658 32767
4153 -848 949 29456 14041 32767
4113 -475 1184 32765 14639 32767
10009 -2231 -2774 -32768 -32768 -32768
5361 -5983 1323 -32768 -32768 -32768
3691 -5412 1756 -32768 -32768 -32768
2990 -4901 2216 -32768 -32768 -32768
2294 -4130 2753 -32768 -32768 -32768
1936 -3651 2929 -32768 -32768 -32768
1134 -3043 3005 -31210 -32768 -26322
237 -2501 2745 -29749 -23879 -23602
-53 -2238 2312 -25973 -7372 -23077
568 -1988 1566 -19485 6430 -21367
1459 -1990 747 -10636 13697 -16933
2109 -2124 79 -4214 13749 -12915
2445 -2125 -181 4752 7193 -6140
2598 -1857 -288 12031 -4319 -609
2200 -1407 -98 15851 -13225 1315
1886 -1122 259 19529 -26548 1740
1568 -455 910 20648 -32768 1136
1434 276 1578 20045 -32768 819
1371 619 2019 17516 -32768 628
1396 921 2486 15169 -32768 717
1315 1126 2614 11639 -29034 703
1145 1279 2578 8465 -20399 -432
864 1572 2410 6583 -14976 -1580
991 1899 2136 4590 -7894 -2303
1212 2360 1854 3262 -2555 -1084
1430 2645 1587 2818 -22 643
1190 2805 1431 2598 1085 2744
701 2885 1124 2839 168 3414
461 2990 899 3836 -2737 3751
223 3098 605 5378 -5778 3660
166 3085 388 6699 -7088 3555
145 3006 263 8807 -7897 3279
209 2776 207 10098 -7998 3164
411 2486 231 11615 -7984 3415
569 2178 252 12796 -7632 4068
724 1570 380 13518 -7055 4975
897 1039 454 13885 -6418 5739
999 831 539 14190 -4882 7100
1101 587 592 14434 -3453 7945
1237 348 565 15351 -289 9199
1347 -22 489 16749 3561 10329
1483 -190 479 17670 5842 11179
1572 -253 535 18693 8455 12572
1674 -398 591 19513 10950 13737
1743 -682 676 20304 13713 14426
1969 -1052 802 20754 15886 14847
2135 -1263 900 21124 19777 15616
2367 -1450 995 20967 23626 16627
2368 -1407 1101 20492 25602 17164
2341 -1384 1138 19262 27239 17686
2438 -1355 1229 17529 27692 18424
2831 -1437 1282 16121 27636 19525
2980 -1525 1269 14075 27197 21706
2959 -1701 1184 12804 26398 23385
2680 -1968 967 13039 26221 23768
2697 -2066 738 15392 28133 24011
3117 -2050 649 18944 32569 25446
3670 -1989 950 21800 32767 28068
4226 -2381 1686 22498 32767 30185
5090 2806 1929 32767 32767 32767
4511 3461 954 32767 21812 32767
3972 3462 501 32767 18318 32767
3274 3497 154 32767 19917 32767
2989 3639 -549 32767 19385 31242
3128 3478 -945 32767 13486 13708
5348 2663 -1908 32767 5340 9224
8741 961 -3917 32767 -1909 15397
10081 131 -6283 32767 -15948 29424
9557 -454 -8820 32767 -32768 31993
7683 -1220 -8367 25304 -32768 23238
7774 -3310 -5511 -5062 -32768 4467
8588 -4567 -3912 -32768 -32768 -8739
9478 -5786 -4397 -32768 -32768 -20520
10539 -6710 -5650 -32768 -28803 -32768
10675 -7553 -5413 -32768 -20884 -32768
10461 -7680 -4540 -32768 -21635 -32768
11432 -8237 -3747 -32768 -32768 -32768
4504 -8286 3064 -32768 -14648 -32768
3577 -7237 2870 -32768 -12801 -32768
-373 -1598 2318 21496 -28241 -11213
-419 -1008 2280 21647 -26157 -7814
-362 -427 2052 21308 -24480 -5827
-340 -121 1888 20299 -22607 -3482
-79 292 1704 19388 -22175 -2101
61 491 1563 17931 -23095 24
414 616 1494 16898 -23248 3232
945 1003 1354 16665 -21829 5926
1318 1306 1348 16590 -18101 9903
1715 1638 1522 15972 -12192 13382
1599 1806 1456 15484 -3216 14129
1446 1753 1315 15206 2348 13527
1680 1806 1243 14506 6512 13053
2092 1708 1171 13718 6982 13823
2726 1440 982 13576 7783 15051
2888 1432 804 14426 11657 16586
2979 1338 613 16111 17566 17191
2991 1341 523 17407 21702 17274
3005 1436 477 19354 27030 17514
3223 1308 332 20706 29753 18159
3488 975 229 22651 31616 20359
3673 821 274 23658 29025 24261
3820 816 432 23608 25359 27495
3940 874 489 22670 20253 32767
4378 929 600 21157 18789 32767
4172 1003 587 20318 20041 32767
3595 861 501 19916 23619 32767
2591 533 466 20425 25985 32767
1867 261 480 21211 25782 32767
1533 153 474 22782 22412 27735
1333 45 371 24560 16844 22315
1257 -126 223 25754 13190 19773
1551 -278 137 27292 9658 18084
1965 -451 163 28109 9604 19612
2593 -565 236 28114 11502 22311
2766 -476 283 27114 16105 27590
2734 -176 332 25221 21011 32621
2235 -135 253 23826 23503 32767
1823 -317 182 22051 24909 32767
1201 -595 74 20783 22883 32767
1157 -845 51 20217 20257 32767
1369 -1049 62 19677 15509 32767
1842 -1276 113 19480 12623 32767
2146 -1248 113 19498 10826 32767
2197 -1230 50 20011 12333 32767
2035 -1241 66 20430 13923 32767
1835 -1295 106 20964 15821 32045
1513 -1442 196 21146 16210 30110
1571 -1654 413 20999 15503 27131
1976 -1845 571 20488 14628 25759
2677 -2182 914 19884 14462 25995
3041 -2392 1143 18817 15927 27784
3677 -2483 1148 18997 20633 31157
4214 -2154 895 20217 24797 32767
4595 -2094 802 23264 28777 32767
4583 -2169 732 25874 27282 32767
4189 -1903 649 31088 18609 32767
4217 2166 395 32767 19539 -1155
4636 2562 -753 32767 21927 -3629
4572 2879 -1805 32767 17595 -6623
4877 3217 -1971 32767 5918 -12557
5054 3471 -1631 32767 -5810 -21091
5509 3749 -1393 27220 -12593 -27325
6052 3835 -1747 16806 -22109 -32768
6201 3550 -2754 10573 -32768 -32768
6812 2882 -3480 8831 -32768 -32768
7301 2494 -3500 7311 -32768 -32768
7810 1754 -2412 2210 -32768 -32768
7221 1177 -493 -3723 -32768 -32768
5948 397 3005 -20145 -32768 -31110
4891 176 3894 -32768 -32768 -26585
2250 -410 4219 -32768 -32768 -27169
1439 -424 4280 -32768 -32768 -32293
-5623 -1628 -4076 -32768 -32768 -32768
-562 -1110 2644 -32768 -32768 -32768
1344 -587 2461 -21586 -32768 -32768
2320 258 2739 -13768 -32768 -32768
2639 998 2812 -13521 -32768 -32768
2548 1050 3476 -19573 -32768 -32768
2209 699 4707 -25221 -32768 -31756
1963 713 3956 -29299 -32768 -26148
776 454 3062 -31530 -32768 -24814
614 324 2537 -32768 -32768 -23858
965 411 2342 -32768 -31695 -20909
606 124 1242 -32768 -29948 -20147
291 -223 521 -27873 -31016 -21466
185 -785 623 -20035 -28969 -22182
827 -629 584 -14343 -21369 -20453
894 -597 770 -7229 -9273 -16291
814 -569 945 -4050 -4098 -13154
1076 -445 1046 -1653 -1758 -7387
1585 -165 932 -362 -6268 -768
2121 -29 843 591 -12707 3627
2506 -122 1356 1714 -24320 9904
2773 -200 1582 4046 -29287 16099
2992 139 1462 7153 -26770 19682
2612 409 1622 12089 -19520 22500
2139 649 1740 15544 -13203 21352
1639 976 2004 16337 -11180 18951
1416 1157 2175 15054 -13007 14319
1373 1501 2361 11248 -18927 10035
1469 1807 2395 7831 -23184 7943
1615 1915 2502 1735 -26909 6776
1988 2280 2331 -2048 -26505 7514
2199 2935 2094 -6479 -21713 9810
2067 3183 1894 -8967 -11253 10918
1571 2933 1576 -9635 -2213 9812
1270 2774 1406 -9981 9447 5967
1143 2668 1256 -10401 14522 1864
1052 2493 997 -10776 14628 -468
841 2474 687 -10658 12245 -3480
607 2463 158 -9410 9190 -5581
490 2256 -92 -8226 7409 -6241
759 2061 -188 -6171 5998 -5310
1086 1913 -184 -4008 6480 -1621
1735 1482 123 -3015 7726 2356
2055 1026 446 -2297 10267 9398
1907 863 533 -1933 13054 15142
1523 653 431 -1060 16161 18367
1246 484 295 5 18053 19178
845 248 192 2441 19970 18346
428 -132 147 5797 20497 15708
428 -677 247 8238 20013 14039
515 -1074 426 11705 18774 12830
1314 -1410 616 13903 19382 13783
1941 -1532 603 17449 24248 17415
2154 -1785 698 20264 30876 22371
2260 -2218 860 21757 32767 27311
2206 -2502 905 22158 32767 30190
2216 -2569 974 22054 32767 32767
2479 -2678 1214 21587 31207 32767
2660 -2718 1405 20848 27217 32767
2858 -2674 1522 20252 23898 32767
3049 -2526 1569 20141 22610 32767
2996 -2301 1416 20871 21437 32767
2745 -2016 1272 21997 19687 32767
2657 -1702 1300 22498 18146 32767
2738 -1377 1360 22755 15857 32767
2865 -1245 1456 22262 13966 32767
3335 -1166 1712 21476 13802 32767
3648 -1073 1873 19720 17087 32767
3934 -933 1949 17668 24199 32767
4169 -732 1902 16384 28380 32767
4078 -639 1783 15336 30744 32767
3899 -628 1630 15329 29635 32767
4029 -531 1501 16564 25432 32767
4383 -251 1407 18648 20297 32767
4825 21 1639 19828 18750 32767
4897 289 1805 20542 20302 32767
4866 876 2027 20392 22272 32767
4745 1278 1979 20513 24438 31009
4236 1664 1743 21949 23749 26081
3937 2052 1317 24904 21384 21405
5362 -35 -3142 27350 -15294 -1230
6382 -1071 -3115 23134 -32768 -8915
8337 -2264 -2762 13781 -32768 -10713
8578 -3105 -1894 3721 -32768 -12260
7868 -3300 -1472 -16236 -32768 -20070
7498 -3921 -1395 -29807 -32768 -27197
7998 -4589 -1737 -32768 -32768 -32768
9769 -5858 -2293 -32768 -32768 -32768
12102 -7126 -1959 -32768 -32768 -32768
12846 -7770 -967 -32768 -32768 -32768
12115 -8474 2250 -32768 -32768 -32768
7907 -10930 83 -32768 -32768 -32768
5244 -7734 2518 -32768 -26714 -32768
9521 -7058 3755 -32768 -17375 -32768
9916 -7421 2698 -32768 -14303 -32768
9738 -8178 1790 -32768 -15600 -32768
8781 -9280 1887 -32768 -19158 -32768
7945 -9648 2411 -32768 -28692 -32768
6698 -8934 2962 -32768 -32768 -32768
5731 -7578 2818 -32768 -32768 -32768
4866 -6762 2707 -32768 -32768 -32768
4017 -5809 2646 -30724 -32768 -32768
3096 -4911 2450 -23074 -32768 -32768
888 -1720 1951 7401 -21225 -14120
617 -1588 1852 9245 -16121 -10398
354 -1374 1775 10058 -14138 -8019
244 -1210 1788 9959 -14302 -6552
188 -1019 1900 9190 -14937 -3751
337 -775 1830 8893 -14552 -822
521 -459 1804 9064 -12302 5305
587 -48 1893 9254 -10640 9943
608 269 1973 9365 -9127 17140
816 608 2212 9112 -8616 21676
982 629 2423 8443 -8045 27633
1227 882 2322 8880 -6637 32767
2131 1403 2229 9877 -4172 32767
2756 1638 2112 12419 3291 32767
3657 1565 1862 14772 11283 32767
4208 1338 1660 18580 26126 32767
5038 1126 1685 20373 32767 32767
5848 1094 1609 21684 32767 32767
5813 1191 1455 22794 32767 32767
5081 1203 1118 26074 32767 32767
4304 1090 937 29787 25897 32767
4018 999 870 32767 8709 32767
3698 952 746 32767 -1612 32767
3161 996 662 32767 -12248 32096
2699 982 663 32767 -16108 25017
2154 818 690 32767 -15649 20694
1958 631 736 32767 -11573 15696
1679 389 737 32767 -5142 12331
1422 206 658 32767 2485 10401
1205 54 573 32767 7694 9766
1095 -68 512 32767 14867 9527
849 -192 414 32767 18807 9604
705 -284 350 32767 23171 9768
562 -515 284 32767 25262 9937
362 -675 170 32767 25573 9911
307 -717 100 32767 25253 9788
328 -825 65 32767 24978 9958
472 -952 1 32460 25118 10414
621 -1008 -48 30586 25880 11806
887 -1207 -3 29228 26497 13245
986 -1295 7 26939 27295 15875
1287 -1433 83 24152 28314 19216
1880 -1939 233 21906 28954 21973
1970 -2315 362 17970 28747 25444
1925 -2793 483 13872 27538 27810
2577 -3100 564 11324 26544 29684
2895 -3193 517 8366 24804 32344
3159 -3560 330 7173 22667 32767
3171 -4117 306 7208 20593 32767
3069 -4437 367 8529 16169 31129
3218 -4723 456 10176 12942 29436
3581 -4725 737 12526 10768 28525
4404 -4437 1205 13747 13483 30662
5141 -3526 1600 13643 16630 32767
5190 -2873 1650 12913 21095 32767
3614 421 2482 32767 20303 32767
3695 823 2553 32767 20645 32767
4255 1434 2258 32767 22342 32767
4470 1954 1350 32767 23158 32767
4419 2291 567 32767 20094 32767
4609 3135 -674 32767 13962 32767
4859 3626 -1449 32767 -275 30011
5716 3849 -2448 32767 -14219 24714
6503 3716 -3152 32767 -21103 20439
6967 3462 -3495 32767 -24746 12860
7605 2622 -3895 32767 -25802 3434
8002 1808 -4237 29144 -30964 -3781
8793 703 -5046 7078 -32768 -13717
9600 -260 -5749 -7401 -32768 -18148
10252 -955 -6008 -26341 -32768 -20677
11322 -2292 -5718 -32768 -32768 -20644
12088 -3368 -5012 -32768 -32768 -21263
11547 -4840 -3287 -32768 -32768 -28973
10427 -5453 -1901 -32768 -32768 -32768
9932 -5802 -1184 -32768 -32768 -32768
10243 -6333 -330 -32768 -32768 -32768
-659 -6735 -2823 -32768 -32768 -32768
8972 -7350 2216 -32768 -32768 -32768
9813 -7136 3793 -32768 -32768 -32768
8903 -7259 4215 -32768 -32768 -32768
8141 -7256 4169 -32768 -32768 -32768
7235 -7219 4633 -32768 -32768 -32768
6862 -6840 4365 -32768 -25309 -32768
5720 -6433 3649 -32768 -15734 -32768
4306 -6232 3106 -32768 -13671 -32768
3513 -6123 2772 -32718 -14146 -32768
2588 -6000 2288 -18130 -17607 -32768
1587 -5485 1952 -11491 -20317 -32768
910 -5182 1857 -5984 -23833 -32768
582 -5000 1942 -4150 -26719 -32768
1603 -5306 1697 -2165 -24436 -32768
2386 -4861 1170 4327 -18482 -12827
2264 -4378 609 12482 -18231 4074
1321 -3575 258 18141 -20945 10244
726 -2958 216 26055 -27925 12528
449 -2003 527 30058 -32768 11650
647 -1363 908 32767 -32768 10257
1068 -573 1827 30788 -32768 10996
1687 -126 2829 27086 -32768 13411
2133 268 3340 19607 -31150 19699
2055 3766 557 7486 -3472 4943
2071 3765 216 8920 -4838 5046
1852 3749 55 10819 -3028 5152
1491 3464 -133 12013 1371 4725
1135 2928 -203 12337 4336 4185
914 2599 -198 11986 7504 3214
765 2206 -158 10816 9219 2506
579 1801 -34 9599 9605 2094
515 1519 127 7102 9621 1692
667 1071 328 5286 9687 1985
904 825 382 2872 10453 3717
1370 557 361 1365 11482 7022
1607 252 270 1186 11674 9639
1687 109 125 2564 10727 13686
1579 11 35 4269 9590 15951
1408 -91 66 7492 8027 18131
1131 -325 275 11031 8267 18389
964 -796 487 13494 9937 17766
1114 -1206 736 16508 14074 17324
1544 -1564 1022 17912 17412 18034
1800 -1615 1092 19246 22572 20486
2130 -1651 1189 19885 27517 23519
2303 -1865 1136 20278 29885 25272
2325 -1988 1184 20533 30440 27059
2191 -1999 1204 20566 27803 27489
2082 -2065 1248 20642 25192 27161
2291 -2215 1397 20389 24542 27198
2352 -2286 1638 19069 24784 27825
2452 -2282 1539 17689 27157 29556
2882 -2141 1374 16864 29675 31674
3195 -2067 1310 15623 32063 32767
3615 -1942 1249 14921 31601 32767
3922 -1876 1254 14535 28642 32767
3995 -1709 1241 15497 25710 32767
4057 -1498 1371 16942 23676 32767
4106 -1232 1459 18012 22370 32767
4146 -1093 1393 20157 20443 32767
4158 -885 1168 21923 18972 32767
4172 -748 977 24879 16598 32767
4211 -635 797 27531 13766 32767
4048 -296 835 29567 11743 32767
3853 -87 962 30861 14470 32767
3408 193 1169 31105 19179 32767
3295 409 1318 30291 26526 32767
3281 778 1412 29195 28855 32767
3314 970 1406 27391 25895 32767
3413 1376 1404 25723 17114 32767
3666 2275 1263 25352 12518 31973
3802 2813 1078 26803 14881 29720
4071 3142 580 29325 21977 27302
4101 3309 205 32767 27927 22006
3782 3625 -233 32767 15564 14526
3730 3964 -548 32767 -1783 9163
4094 4114 -813 32767 -27650 2802
4707 3873 -1282 32767 -32768 -270
5831 2433 -1848 32767 -22889 493
6973 1741 -2252 32767 -4622 6605
7766 110 -3135 29785 -8533 9697
7751 -1108 -3577 14799 -32768 7949
8712 -2721 -3892 -1390 -32768 4389
8842 -4142 -2983 -13385 -32768 580
8398 -4728 -1904 -32768 -32768 -10941
8577 -5571 -731 -32768 -31539 -25989
9095 -6891 -1618 -32768 -29929 -32768
9216 -7481 -3038 -32768 -32768 -32768
10784 -8629 -4238 -32768 -32768 -32768
13331 -10348 -3950 -32768 -32768 -32768
13568 -11211 -2872 -32768 -32768 -32768
3746 -8752 -6447 -32768 -32768 -32768
10521 -11139 4228 -32768 -13223 -32768
10632 -9546 4198 -32768 29715 -32768
9549 -9136 2765 -32768 32212 -32768
8789 -9185 2100 -32768 21585 -32768
8360 -9427 1214 -32768 14954 -32768
8057 -10012 952 -32768 6001 -32768
6977 -9857 1147 -32768 -8927 -32768
5396 -8608 1433 -32768 -20091 -32768
4529 -7800 1136 -28800 -32350 -32768
3418 -7113 825 -22770 -32768 -32768
2863 -6578 690 -12133 -32768 -32768
2175 -5676 678 -1496 -32768 -32768
1705 -4823 846 4432 -32768 -32768
1564 -4314 1052 10365 -32768 -32768
1370 -3634 1538 11978 -32768 -32768
1111 -3452 2104 10990 -32768 -32768
1432 -3362 2163 9352 -32768 -32768
1989 -2762 2139 9157 -32768 -28267
2022 -2469 2195 9923 -32768 -18160
1545 -1972 2510 10575 -32768 -10307
1000 -1467 2639 10688 -32768 -6991
814 -1155 2706 10034 -32768 -3743
784 -916 2739 9153 -27474 -1928
1163 -712 2643 8000 -19745 1809
1376 -509 2532 7601 -13759 6825
1539 -288 2453 7630 -11045 10620
1765 -120 2464 7738 -8555 17105
2115 185 2515 7917 -7360 21508
2136 317 2456 8812 -5569 25264
2277 418 2483 10277 -5134 26559
2416 601 2379 11332 -5058 27697
2863 905 2337 13157 -3261 29940
3806 1028 2189 14822 -15 31578
4346 945 1946 18736 9130 32767
5544 819 1443 24303 21140 32767
6309 1092 930 28533 27996 32767
6262 1296 637 32767 32649 32767
5618 1342 354 32767 30676 32767
4914 1257 227 32767 21766 32767
4620 1195 122 32767 11094 32767
4187 1109 140 32767 5442 28641
3775 1017 218 32767 2433 21682
3174 814 478 32767 5925 14928
2648 538 726 32767 10067 11182
2386 414 810 32767 16561 7294
2036 139 805 32767 21799 5410
1737 -152 722 32767 25508 4992
1497 -371 558 31583 27130 5307
1336 -496 420 26661 28460 6264
1082 -648 187 23122 28707 7440
886 -755 -37 21574 28336 8296
801 -795 -170 20195 27254 9690
697 -830 -294 19624 25633 11197
678 -940 -354 19504 24317 12276
674 -1006 -401 19683 22196 14002
794 -1094 -333 19758 20205 16216
1009 -1166 -297 19850 19308 18076
1221 -1170 -282 20180 19163 21393
1232 -1262 -311 20538 19430 23440
1132 -1281 -331 21028 19802 25649
1042 -1448 -197 20820 19042 26775
826 -1695 -21 20364 17467 26711
766 -1882 121 19302 14090 25785
850 -2220 337 18461 11896 25031
1116 -2424 461 17276 9804 24675
1734 -2759 646 16255 10067 26023
2415 -3066 785 15714 11900 27686
2892 -3253 826 15161 16512 30717
3442 -3675 948 15304 21343 32767
3634 -4126 1039 16043 23901 32767
3880 -4287 1115 18052 24462 32767
4462 -4112 1507 19399 22348 32767
5109 -3558 1719 21778 19216 32767
5485 -3093 1913 24699 17973 32767
5820 -2426 2375 28089 18982 32767
5410 -1746 2690 30955 22653 32767
4885 -1322 2605 32767 29656 32767
4028 -780 2524 32767 30193 32767
3669 -556 2577 32767 28121 32767
3754 -191 2558 32767 25475 32767
3958 103 2549 32767 26159 30849
3886 334 2184 32767 27804 30259
3955 513 1817 31864 29164 30144
4230 918 990 30677 28664 30266
4525 1201 395 31648 26957 30018
5208 2051 -1139 32767 20687 28220
5357 2402 -1900 32767 8062 22963
5839 2766 -3080 32767 -199 17716
6684 2887 -3811 32767 -13146 9876
8637 3002 -4831 32767 -29317 3992
10369 2706 -5842 31316 -32768 -595
11042 1951 -6904 19365 -32768 -11995
11020 1156 -6942 726 -32768 -27971
11143 -126 -5868 -17130 -32768 -32768
10785 -1296 -4827 -32768 -32768 -32768
10347 -2356 -4130 -32768 -32768 -32768
9968 -4126 -2431 -32768 -32768 -32768
10242 -5426 144 -32768 -32768 -32768
4794 -3669 2395 -32768 -32768 -32768
9871 -6099 5418 -32768 -32768 -32768
9534 -5953 6045 -32768 -32768 -32768
8759 -5613 6395 -32768 -32768 -32768
7134 -5053 7026 -32768 -32768 -32768
5053 -4041 6783 -32768 -32768 -32768
3560 -3236 5863 -32768 -32768 -32768
2337 -2028 4741 -32768 -21270 -32768
2365 -1558 4201 -32768 -13639 -32768
2534 -1604 4096 -32768 -10807 -32768
2183 -1618 3732 -29745 -10867 -32768
1480 -1835 3072 -24636 -10497 -32768
1133 -1940 2629 -18824 -10449 -24638
847 -2048 1644 -11773 -10163 -18844
340 -2184 589 -5052 -10814 -17852
431 -2158 266 5631 -12608 -17092
737 -2144 297 11319 -13433 -15649
921 -2131 610 16108 -13794 -12146
946 -2133 824 16691 -13393 -7699
1158 -2067 929 15843 -11206 -3472
1195 -1992 925 13948 -7377 3839
990 -1652 490 14131 -6253 8076
611 -1419 -68 16348 -7782 8011
846 -1140 -166 21139 -9741 7295
1538 -687 297 24414 -8888 8367
1964 -323 1175 24616 -7254 9685
2210 28 1718 21836 -3123 12486
2469 434 2347 16594 1186 15673
2866 911 2385 13181 3173 17912
3052 1344 2129 9933 3478 20637
3111 1947 1650 9494 2422 21050
2724 2501 1419 10600 855 18037
2475 2828 1448 11447 618 12220
2239 3124 1750 10756 1168 8260
2097 3260 1907 7873 2891 3214
1671 3386 1903 5361 4619 415
1396 3364 1740 2067 8275 -2478
1252 3377 1128 868 12795 -3070
1053 2993 534 1138 15019 -2523
1000 2755 226 2320 17363 -317
930 2642 -120 3153 17974 1824
773 2590 -239 3913 16956 5083
562 2507 -361 4227 15379 6957
341 2389 -409 4871 12968 8747
200 2091 -372 5740 11126 9737
168 1700 -175 6344 10451 10127
245 1315 -14 7207 10664 10560
537 747 84 8556 12105 11557
1064 243 -82 10031 12975 12974
1356 -92 -181 12740 12625 15972
1574 -534 -118 14460 11046 18065
1629 -994 129 16632 7838 20801
1502 -1084 375 18215 6884 22476
1437 -1064 659 19078 9374 22991
1562 -1160 956 19744 17113 23432
1673 -1268 1103 19621 25738 23617
1951 -1680 1303 18542 31369 23948
2319 -2151 1508 17274 32724 24509
2720 -2378 1542 15208 32767 26293
3195 -2638 1461 13664 31375 28951
3509 -2495 1235 13115 29429 31020
3620 -2322 1034 13621 26233 32767
3491 -2281 743 16004 21989 32767
3185 -2266 798 17930 18190 32767
3000 -2192 871 20672 13286 32767
2786 -1945 917 22209 11797 32767
2683 -1907 972 23811 11924 32175
2546 -2040 1196 24214 15714 31020
3035 -1962 1151 24055 21174 31438
3607 -1870 1099 23048 30657 32767
4324 -1700 975 21426 32767 32767
4287 457 428 28482 22398 32767
4093 744 391 28249 18993 32767
3905 1324 186 28832 14175 32767
3586 2003 172 29501 11247 32767
3301 2521 303 30243 8870 31024
2837 3208 609 30253 9734 27024
2845 3693 642 29532 14336 20283
3246 3855 561 28052 18220 15168
4020 3896 171 27069 18202 13013
4454 3843 -343 25969 11228 10506
4431 3747 -616 25505 285 6628
4229 3484 -787 25505 -4072 2365
4100 3388 -677 24696 -5714 -5606
4199 3069 -519 23302 -4871 -10820
4387 2803 -827 21118 -3480 -16718
5242 1807 -1800 20112 -3982 -18129
6324 1096 -2844 19632 -11450 -15386
7274 -123 -3833 15890 -32220 -10905
8388 -1312 -3382 9246 -32768 -7869
9169 -2331 -2523 -7103 -32768 -4543
9820 -4087 -1679 -19951 -32768 -5109
10227 -5322 -1784 -32768 -32768 -13417
10353 -6828 -1889 -32768 -32768 -24855
11817 -8481 -1215 -32768 -32768 -32768
12160 -9465 -1065 -32768 -32768 -32768
12913 -9848 -1478 -32768 -32768 -32768
14441 -10899 -1738 -32768 -32768 -32768
6885 -10886 -3720 -32768 -32768 -32768
13754 -12274 2913 -32768 -32768 -32768
13436 -11559 4134 -32768 -32768 -32768
12563 -11104 4795 -32768 -32768 -32768
11432 -9832 3703 -32768 -5995 -32768
10670 -9300 2202 -32768 -3005 -32768
10137 -9268 1740 -32768 -4564 -32768
8580 -9378 1798 -32768 -6598 -32768
6852 -8456 2000 -32768 -10083 -32768
5655 -7602 1926 -30900 -19290 -32768
4304 -6557 1513 -22470 -25166 -32768
3312 -5902 1448 -7057 -32768 -32768
2497 -5201 1327 -381 -32768 -32768
1952 -4699 1282 7371 -32768 -32768
1475 -3984 1263 12986 -32768 -32768
944 -3450 1276 17168 -32768 -32768
687 -3094 1442 18982 -32768 -32768
876 -2785 1673 20327 -32768 -29748
1126 -2665 1869 20434 -32768 -23311
1418 -2404 2031 20389 -32768 -17521
1331 -1988 2040 20404 -32768 -8542
963 -1505 2085 20226 -32768 -3660
671 -1218 2013 19909 -32768 1308
282 -802 1902 19696 -30809 3176
94 -686 1931 19111 -28062 4953
209 -532 1843 18949 -25319 6693
434 -256 1807 19018 -18881 11511
918 119 1836 19067 -13577 16223
1208 238 1860 18767 -6563 24135
1566 335 1888 17602 -2903 31550
2078 552 1973 16321 -2270 32767
2548 776 2065 14219 -2191 32767
3394 1001 2102 13196 -1066 32767
3773 1091 1847 13758 4958 32767
4664 1188 1328 15717 12489 32767
5370 1302 1082 19996 27462 32767
6533 1439 785 24237 32767 32767
6646 1612 517 26832 32767 32767
6143 1551 460 30671 32767 32767
5337 1488 542 32767 23283 32767
5018 1394 424 32767 10743 32767
4828 1337 239 32767 -4113 32767
4537 1245 156 32767 -10414 30371
4102 1078 186 32767 -9051 25940
3810 982 259 32767 -1601 20553
3432 861 364 32767 4848 18175
2971 713 460 32767 13951 15948
2595 556 475 32767 20788 14405
2044 280 445 32767 24540 12838
1519 4 345 32767 25357 11641
1174 -104 255 32767 24604 9481
778 -210 118 32096 23198 7880
583 -287 45 29071 20411 5432
363 -403 -27 26849 17389 3210
277 -411 -162 25873 15770 2067
271 -403 -286 25048 13974 866
265 -427 -365 25087 13602 705
280 -479 -390 25423 13469 922
367 -586 -378 25893 13736 1761
473 -696 -366 26183 14232 2595
550 -794 -341 26522 15278 4316
3438 -4277 720 5448 17430 32767
4275 -1474 943 30063 6791 32767
4391 -1321 1104 30782 10900 32767
4569 -1007 1307 29891 17470 32767
4543 -864 1461 28620 22144 32767
4511 -511 1297 27506 27749 32767
4335 -93 925 27736 28227 32767
4074 -5 833 29432 23756 30423
4010 190 754 31616 20557 28768
4038 670 647 32767 20187 26364
3856 759 684 32767 23168 23052
3595 1288 583 32767 22961 20576
3533 1733 376 32767 17331 16916
3612 2309 -114 32767 12503 14785
4082 2693 -526 32767 7713 13139
4954 3289 -1193 32767 3832 12477
5247 3597 -1715 32767 -1220 10452
5158 3685 -2060 32767 -10317 2738
5582 3533 -2413 28926 -17124 -7797
6313 3247 -2935 20008 -20332 -14179
8300 2170 -3847 10988 -25986 -18605
9998 1243 -4625 -1133 -32768 -21583
10979 -174 -5312 -11852 -32768 -26256
10763 -1436 -4835 -20087 -32768 -32390
10432 -2115 -3775 -32768 -32768 -32768
10010 -3043 -1849 -32768 -32768 -32768
10365 -3628 -1283 -32768 -32768 -32768
10340 -4323 -1350 -32768 -32768 -32768
10591 -5894 -789 -32768 -32768 -32768
8887 -6165 1482 -32768 -32768 -32768
9145 -6568 3620 -32768 -32768 -32768
8727 -6573 5271 -32768 -32768 -32768
8312 -6135 4642 -32768 -32768 -32768
7079 -6062 3883 -32768 -32768 -32768
6364 -6049 3658 -32768 -32768 -32768
4936 -5655 3658 -32768 -32768 -32768
3701 -5177 3694 -32768 -32768 -32768
2593 -4021 3407 -32768 -32768 -32768
1568 -3911 2726 -32768 -32768 -26592
329 -3364 1871 -32768 -32768 -20428
-109 -2927 2073 -24860 -32768 -18720
9 -2621 2543 -16377 -21064 -16250
363 -2030 2905 -14268 -7227 -14484
555 -1837 2669 -13295 9121 -13010
1230 -1962 1775 -11915 14196 -12402
1817 -2088 804 -5782 13054 -11821
2406 -2206 -498 4770 3908 -12230
2737 -1985 -1133 12832 -3871 -12569
2897 -1866 -1203 24640 -14103 -11607
3120 -1531 -1033 31333 -18585 -9169
3052 -1203 -759 32767 -23104 -3035
2610 -718 -38 32767 -27405 3238
2208 -295 737 32767 -30023 7085
2053 105 1252 32767 -32361 12467
1888 637 1993 28770 -32768 15829
1862 983 2274 19276 -30700 20232
1756 1498 2605 13022 -26871 22098
1905 1758 2475 5582 -17485 23144
2030 1925 2153 1744 -5553 21863
2330 2100 1773 587 6213 18956
2534 2415 1490 503 12894 16526
2499 2680 1339 571 18293 12691
2497 3212 993 701 18082 10715
2530 3535 524 1496 13527 9011
2470 3540 219 3247 7135 8363
2197 3452 -129 4684 3012 8043
1901 3425 -241 6612 -2257 7341
1320 3430 -313 7982 -5432 6136
873 3347 -387 8607 -5890 5274
662 3163 -379 9151 -4318 4065
523 2768 -275 9196 -607 3505
1013 2237 -212 9181 5392 4843
1658 1828 -291 9352 9961 6798
1930 1649 -305 9704 15243 10382
1950 1369 -331 10200 17192 13262
1673 987 -333 10756 16687 14372
1439 722 -271 11725 13811 14519
1029 438 -86 12408 11192 13589
771 265 6 13654 7292 10864
705 20 203 15311 5654 7890
1042 -330 353 16751 7321 6355
1189 -538 370 19618 13727 4823
1447 -831 472 21576 19137 4563
1614 -1018 637 23495 26069 5229
1646 -1431 972 23840 30518 6151
1625 -1865 1375 23171 32456 6653
1780 -2051 1596 21601 32767 7721
2187 -2400 1720 20454 32767 9586
2690 -2722 1617 20503 32767 12360
2985 -2865 1465 20974 32767 14516
3073 -2984 1448 21485 32767 17696
2815 -2990 1511 21127 32767 19990
2689 -2856 1465 20593 32767 21394
2859 -2658 1354 19896 29832 24488
3184 -2402 1205 19422 28871 28760
4047 -472 527 26008 12028 32767
3763 -208 711 27942 12090 32767
3597 -3 829 29020 13414 32767
3387 261 876 28763 15190 32767
3486 448 887 27323 18083 32767
3602 642 839 25368 19470 32767
3683 798 721 24171 19855 32767
3631 949 657 22710 21030 32767
3242 1282 455 22251 22014 32405
2840 1572 354 22195 21495 28381
2332 2001 387 22248 19229 24550
2695 2244 258 22743 14072 19502
3140 2374 180 23824 8576 16644
3399 2468 -76 25025 5797 15410
3410 2466 -198 26950 3443 13366
3042 2449 -189 27612 2805 11248
2735 2444 -81 26773 3286 6546
2633 2250 43 24955 5419 2968
3179 2137 -104 21392 9750 -622
4244 1864 -374 18633 10434 -1408
4974 1665 -575 14048 3582 -844
5608 1531 -832 9925 -11361 -1013
5854 1019 -1259 8790 -20146 -2717
6162 418 -1816 10885 -27830 -7609
7481 -746 -2308 12969 -32496 -11501
8428 -1567 -2132 11455 -32768 -18566
9195 -2695 -1541 -877 -32768 -26584
9519 -3791 -546 -15988 -32768 -31159
9745 -4361 -343 -32768 -32768 -32768
10252 -5509 -1203 -32768 -32768 -32768
10623 -6463 -2049 -32768 -32768 -32768
11068 -7772 -2129 -32768 -32768 -32768
11552 -8514 -211 -32768 -32768 -32768
11632 -9972 -1516 -32768 -32768 -32768
10666 -8074 1280 -32768 -32768 -32768
11084 -8182 2645 -32768 -32768 -32768
11317 -7649 2334 -32768 -32768 -32768
10699 -8223 2126 -32768 -32768 -32768
9944 -8082 1755 -32768 -32768 -32768
9411 -8038 1995 -32768 -32768 -32768
8589 -7432 2435 -32768 -31808 -32768
6518 -6841 2615 -32768 -25944 -32768
4297 -5802 2177 -32768 -24826 -32768
3125 -5402 1850 -32768 -23552 -32768
2406 -4711 1278 -32768 -21720 -32768
1674 -4401 772 -28408 -21579 -32768
1250 -3917 480 -18468 -22131 -32768
568 -3305 217 -11859 -23406 -32768
232 -2978 180 -2674 -25965 -25912
384 -2597 332 4770 -28092 -19541
829 -2214 612 8426 -29488 -15002
953 -2004 761 12040 -32275 -8842
1103 -1679 892 13410 -32768 -5461
997 -1318 898 14561 -32768 -1898
943 -1053 909 15111 -32768 508
795 -705 972 15381 -32768 1639
725 -618 1092 15913 -32768 3470
1041 -309 1138 17237 -32768 7076
1437 1 1333 18271 -30605 10066
1592 122 1461 19368 -20771 14660
1949 331 1646 19402 -15253 17755
2097 458 1744 18148 -9979 21942
2326 673 1827 16806 -8266 24332
2480 789 1847 14950 -6620 26748
2522 774 1751 14157 -3966 27444
2656 1100 1615 14465 795 27636
3182 1403 1358 15373 5951 28211
3685 1421 1230 17134 15429 30321
4364 1267 1133 18679 23353 32767
4731 1120 1081 19366 26546 32767
4838 1208 994 20074 28385 32767
4715 1416 854 20519 27863 32767
4432 1525 750 21654 24607 32767
3931 1564 689 23318 18581 32767
3479 1600 689 24585 14331 32767
3132 1517 740 26473 9233 28978
2767 1262 794 27581 7029 25182
2631 1141 773 28886 5558 20086
2571 990 699 29665 6302 16748
2521 877 546 30029 7836 15542
2372 818 438 30196 10626 14675
1993 690 305 29960 12552 14190
1568 533 170 29710 13106 13847
1289 419 80 29337 13057 13233
955 230 -19 29098 12452 12694
686 59 -99 28811 11004 11828
590 -25 -145 28616 9538 11127
562 -169 -191 28535 8648 10874
557 -294 -235 28468 8472 10957
555 -415 -223 28406 8773 11222
544 -633 -167 28236 9281 11483
607 -802 -98 27738 10592 12148
779 -1140 64 26883 12783 13234
993 -1434 125 25892 16089 14890
1251 -1670 143 25169 18469 16304
1362 -1893 156 23820 20561 18549
1392 -2098 196 21833 19681 20545
1373 -2252 220 20358 18051 21599
1617 -2467 233 18145 15823 23709
2349 -2844 324 16778 14935 25975
2835 -3033 392 14929 14707 30448
3451 -3488 445 13980 16428 32767
3369 -3761 191 14294 17898 32767
3563 -3906 211 15431 19783 32767
3832 -3996 216 17222 20329 32767
4071 -3915 199 18809 18871 32767
4256 -3760 268 21204 12747 32767
4743 -3448 481 23170 4790 32767
5261 -3196 667 24492 893 32767
5311 -2993 756 26813 -2013 32767
4969 -2704 983 28412 -2107 32767
4630 -2499 1127 30635 1093 32767
4281 385 753 32767 16826 28809
4360 1000 531 32767 7160 27050
4732 1680 -135 32767 5083 25509
4884 1923 -645 32767 5773 21882
5000 2190 -1578 32767 1048 15553
5242 2263 -2464 32767 -6091 10131
5757 2284 -2941 32767 -16490 2429
6502 1983 -4144 32767 -21655 -1998
7662 1431 -5535 32767 -32515 -6618
8823 767 -6127 21121 -32768 -9198
10931 -380 -6275 5105 -32768 -10373
10957 -1112 -6008 -21963 -32768 -17442
10494 -2274 -5025 -32768 -32768 -29708
10266 -3326 -3906 -32768 -32768 -32768
10164 -4560 -2981 -32768 -32768 -32768
9899 -5548 -1883 -32768 -32768 -32768
11289 -7565 -2214 -32768 -32768 -32768
9586 -5879 1741 -32768 -32768 -32768
9227 -6076 4042 -32768 -32768 -32768
8704 -5944 3773 -32768 -32768 -32768
7851 -6108 3728 -32768 -32768 -32768
7419 -6039 4301 -32768 -32768 -32768
6392 -5495 5324 -32768 -32768 -32768
5603 -4928 5461 -32768 -32768 -32768
4344 -3937 5241 -32768 -32768 -32768
2626 -2924 5030 -32768 -32768 -31728
1235 -2347 4254 -32768 -26876 -31875
140 -1861 3076 -32768 -3371 -32768
715 -1904 2402 -32768 8593 -32768
1501 -2048 1825 -28364 10654 -32768
1597 -2078 1450 -19367 7988 -30941
1119 -2187 1195 -13598 1842 -26977
830 -2382 1307 -11631 -2195 -24829
1079 -2609 1352 -9487 -3012 -19307
1513 -2514 623 -5825 542 -14462
1239 -2547 -169 3654 4125 -8735
1051 -2382 -460 14806 1939 -5084
980 -2024 -468 24104 -4512 -2317
1160 -1671 -79 28257 -10206 -263
1366 -1449 295 31305 -19617 3717
1832 -1067 839 31662 -24842 7377
2077 -700 1159 30958 -29679 13770
2079 -129 1566 29574 -30301 19406
1958 519 1966 28231 -27755 22092
1918 921 2247 25132 -18979 24299
1904 1446 2536 20702 -5742 24372
2130 1724 2499 17439 2451 23474
2302 1802 2367 12549 8849 21381
2561 1994 2093 9635 8904 19717
2746 2262 1821 6239 4703 17406
2905 2841 1352 4849 798 15907
2681 3072 1107 4046 -4479 12595
2225 3229 988 3680 -5138 7815
1741 3288 976 3047 -2593 4229
1422 3398 976 1350 2832 -757
1142 3485 816 201 6799 -3247
1062 3390 624 -881 12459 -5496
970 3062 368 -1108 15175 -6137
827 2760 129 -918 16902 -6023
700 2660 -78 197 16371 -5072
489 2520 -322 1921 14196 -3514
421 2156 -411 3146 12126 -2124
521 1818 -360 4973 9221 673
890 1347 -270 6833 7874 4681
1277 913 -106 8105 7990 7776
1345 622 -37 10056 9077 12020
1223 207 65 11371 9865 14174
1130 33 135 13188 10831 16180
918 -332 179 14984 11299 16625
792 -793 502 15743 11283 16296
824 -1094 742 16405 12473 15628
1408 -1449 969 16907 15654 16090
1936 -1629 1181 17691 24461 18458
2466 -2286 1323 18607 32767 21836
2650 -2964 1391 18956 32767 24083
2554 -3041 1432 18669 32767 26660
2436 -2960 1385 18331 32767 28316
2534 -2888 1219 18593 32767 29336
2761 -2782 1194 19415 28419 31736
3160 -2556 1134 20737 24294 32767
3278 -2289 1230 21396 21835 32767
3246 -2153 1524 20981 19035 32767
3088 -1980 1678 20199 18345 32767
3031 -1861 1694 18888 18487 32767
3302 -1779 1687 18093 20501 32767
3817 -1594 1485 18031 22619 32767
4290 -1585 1377 18689 24919 32767
4777 -1431 1272 19809 25222 32767
5029 -1150 1357 20352 24967 32767
4936 -938 1357 21006 24308 32767
4414 -800 1384 21500 22935 32767
3887 -886 1378 22464 19551 32767
3754 -838 1311 23749 17356 32767
3776 -624 1193 24610 17940 32767
3972 -447 1127 25527 21097 31349
4296 -243 1053 25830 23922 32453
4249 3 1019 25757 24726 32767
4024 200 1043 25350 23692 32767
3972 3279 -800 32767 -13521 5096
5353 3533 -795 32767 -16297 6109
5926 3421 -884 32767 -12696 9603
5728 2572 -1869 32767 -8935 9682
5695 1637 -3106 32767 -9416 4523
6522 465 -4205 32767 -20596 -567
8393 -1192 -3689 21050 -32768 -6045
9492 -2359 -3227 -2302 -32768 -6101
9603 -4031 -2731 -28524 -32768 -6371
8385 -4755 -2574 -32768 -32768 -14919
8566 -5699 -1544 -32768 -32768 -23563
9760 -6671 -1562 -32768 -32768 -32768
10976 -8173 -3195 -32768 -32768 -32768
12267 -9517 -4252 -32768 -32768 -32768
12948 -10279 -3887 -32768 -32768 -32768
7500 -7018 3210 -32768 -32768 -32768
13037 -10058 1541 -32768 -32768 -32768
12109 -11301 3471 -32768 -19024 -32768
11930 -9359 2175 -32768 25399 -32768
10943 -9123 548 -32768 30117 -32768
10251 -9651 -86 -32768 17414 -32768
9006 -10471 306 -32768 6465 -32768
7396 -10159 1284 -32768 -4810 -32768
6086 -9268 1850 -32768 -11540 -32768
4333 -7730 1895 -32768 -15726 -32768
3664 -6897 1369 -29540 -21543 -32768
3070 -6178 658 -20119 -27708 -32768
2551 -5592 327 -13427 -32220 -32768
2244 -5128 305 -4088 -32768 -32768
2029 -4544 607 3453 -32768 -32768
2018 -4142 820 7779 -32768 -32768
1913 -3663 1162 13235 -32768 -32632
1808 -3286 1468 16094 -32768 -28670
1672 -3062 1614 19326 -32768 -24792
1653 -2691 1716 20994 -32768 -22605
1665 -2336 1833 22464 -32768 -18977
1559 -2003 2184 21970 -32768 -14561
1650 -1524 2490 20795 -32768 -10879
1715 -1226 2658 18074 -32768 -4632
1794 -831 2859 16082 -32768 -452
1704 -585 2838 13690 -27084 5034
1508 -240 2682 12646 -19464 9052
1467 -28 2572 12455 -14636 11432
1705 243 2466 12661 -9182 15644
1944 632 2253 13174 -6650 18900
2163 810 2181 14491 -3577 23840
2299 1013 1948 15847 -1638 26638
2599 1291 1736 18458 1197 30256
3173 1423 1593 21653 5681 32767
3963 1489 1246 24264 10607 32767
4815 1476 1129 27903 20498 32767
5344 1505 1208 29776 31206 32767
5532 1537 1389 29721 32767 32767
5145 1427 1432 28592 32767 32767
4013 1217 1387 27803 32767 32767
3234 871 1273 27914 30889 32767
3064 678 1119 28937 20867 32767
2795 588 869 30291 11577 29221
2592 443 647 31315 6291 26066
2161 330 514 31738 5083 24632
1884 258 449 31881 5830 23216
1768 66 269 31949 7722 22968
1743 -31 94 32382 11598 23508
1633 -172 -129 32767 15126 24697
1539 -383 -234 32767 16692 25664
1464 -504 -298 32767 17850 27105
1249 -588 -367 32767 17823 27824
971 -681 -420 32767 16828 28317
814 -756 -446 32767 15099 27995
612 -841 -442 32767 13597 27358
575 -894 -434 32767 11286 26208
627 -997 -418 32767 9786 25075
707 -1222 -423 32767 9287 24358
823 -1432 -374 32767 8802 23645
1136 -1773 -208 32767 8429 23661
1447 -1925 -36 32767 8853 24264
1682 -2070 93 31192 12050 25517
1793 -2294 234 29298 15075 26261
2035 -2427 384 25676 19974 27762
2554 -2840 637 22709 22460 29050
2580 -3232 805 17582 22217 30103
2811 -3683 942 12563 16262 30144
2804 -3670 789 10068 9792 29510
2890 -3728 590 8706 -9 28284
3201 -4012 452 9899 -6536 27557
3370 -3908 503 11672 -8245 27376
3573 -3653 557 14953 -6958 28095
4016 -3176 740 17953 -2227 30448
4353 -2690 951 19405 1676 32612
4429 -2410 991 21237 6487 32767
4051 -2023 981 22597 7750 32767
3721 -1816 933 25097 6176 32767
3316 -1452 1016 27627 4220 32598
3159 -1192 1123 29077 5391 30326
3142 -1087 1238 30446 10662 27023
3327 -873 1318 30853 14981 25482
3543 -640 1320 30889 18908 24691
3683 -334 1435 29966 16998 25216
3722 169 1636 29240 14666 25768
3869 513 1527 29453 14466 26536
3847 777 1422 31213 18177 26263
3672 1107 1078 32767 21526 25332
3672 1402 712 32767 24185 23585
3958 1855 158 32767 22497 22764
4192 2246 -296 32767 14421 21920
4594 2747 -1052 32767 6823 21185
4820 2977 -1487 32767 -7045 18757
5127 3173 -1866 32767 -15949 15674
5119 3208 -1898 32767 -23341 8379
4947 2915 -1708 32767 -22218 -915
5177 2477 -2037 30885 -17851 -7004
5720 1945 -2750 16154 -15141 -15006
7246 1072 -4149 7675 -21838 -18594
8864 227 -4997 -3198 -32768 -19027
10887 -1248 -5340 -14626 -32768 -16699
11128 -2647 -5339 -22515 -32768 -17845
10884 -3302 -4577 -32768 -32768 -24438
9599 -3991 -2389 -32768 -32768 -31592
8761 -4572 -1336 -32768 -32768 -32768
9059 -5201 -1141 -32768 -32768 -32768
9841 -6208 -1014 -32768 -32768 -32768
2817 -2595 1686 -32768 -32768 -32768
8260 -6434 3211 -32768 -32768 -32768
7406 -5725 4357 -32768 -32768 -32768
7061 -5872 2856 -32768 -32768 -32768
7289 -6135 2551 -32768 -32768 -32768
7470 -6496 3314 -32768 -32768 -32768
6927 -6428 4172 -32768 -32768 -32768
5551 -5853 4864 -32768 -32768 -32768
4046 -5351 5057 -32768 -32768 -32768
3318 -5232 4745 -32768 -32768 -32768
2639 -4914 3311 -32768 -29010 -32768
2205 -4815 2285 -32768 -27413 -32768
1487 -4688 1245 -30097 -28573 -32768
638 -4185 990 -23819 -28748 -32768
305 -3884 1127 -17355 -28253 -32768
514 -4069 1626 -14987 -26289 -32768
1177 -4012 1641 -10670 -19032 -21870
1718 -3894 1335 -6279 -13538 -13390
1837 -3512 925 2898 -7186 -2094
1269 -2806 390 13817 -5259 3634
809 -2135 188 20961 -7556 4761
731 -1722 332 29572 -15200 5073
978 -1174 950 32767 -20981 5912
1355 -755 1472 32767 -26783 9722
1986 -44 2259 31911 -28000 16013
2246 339 2761 28553 -26804 20482
2488 887 3225 22404 -23256 26086
2590 1284 3292 16238 -18515 29477
2604 1725 3066 12657 -15216 30329
2468 2144 2714 9123 -9665 29142
2113 2746 2188 7766 -2118 24630
1758 3075 1788 7645 3624 20051
1757 3263 1545 7746 10575 12688
1713 3454 1371 7549 12599 6120
1680 3673 996 7433 11660 2668
1643 3732 704 7551 8506 -837
1567 3681 308 8111 4458 -2574
1354 3443 -28 8790 1827 -3091
1210 3212 -190 10092 -1468 -3205
1007 2821 -273 10863 -3334 -2906
808 2331 -56 11371 -4718 -2016
833 1989 139 10888 -1009 -621
1003 1587 370 9343 7983 1455
1097 1312 546 7797 14628 2957
999 1125 596 5108 21922 4649
884 646 619 3380 24737 5309
797 374 569 1302 26522 5751
677 152 537 117 26190 5828
726 -5 421 155 25512 5939
781 -270 347 1529 24955 6319
1054 -604 346 4253 25411 8077
1688 -870 365 6607 26358 10457
1935 -1035 370 10710 28104 15129
2122 -1291 439 13438 28976 18378
1880 -1557 567 17134 28516 22095
1784 -1821 706 20153 25457 24277
1665 -1991 887 21614 22479 25226
1867 -2164 1072 23200 17551 26721
2215 -2219 1215 24006 14399 29448
2888 -2260 1584 23871 13954 32243
3122 -2275 1779 22951 15563 32767
3048 -2230 1799 21771 18377 32767
2663 -2272 1748 20903 19180 32767
2545 -2238 1642 19659 19680 32767
2924 -2060 1547 18501 20344 32767
3376 -1830 1522 17972 20640 32767
3681 -1866 1538 17843 21215 32767
3960 -1854 1605 18102 23265 32767
4216 -1660 1656 18066 25159 32767
4464 -1403 1672 17737 27673 32767
4785 -1145 1572 17490 28139 32767
4994 -907 1389 17657 26793 32767
4969 -757 1102 19351 22834 32767
4701 -600 691 22895 17335 32767
4283 -499 576 25715 13970 32767
4114 -420 700 29208 14037 32767
3965 -266 918 30306 17437 32767
3845 -141 1107 29600 22276 32767
4019 -7 1409 26436 23855 32767
3992 270 1509 23767 23729 32767
3853 380 1421 20486 22780 32767
3493 600 1079 19444 21033 30036
3095 881 829 19909 19291 27439
2878 1111 832 21572 17022 23257
2858 1411 877 22904 17086 20656
3169 1681 939 24416 17948 18350
3772 1930 969 25041 17461 18008
3984 1914 833 26406 14467 18044
3934 1835 280 29493 8677 17580
3588 1848 -296 32435 3847 16623
3458 1850 -566 32767 -1975 14548
3198 2035 -841 32767 -3080 12559
3189 2296 -841 32767 -2948 9487
3652 2563 -748 32767 -7755 8057
3972 2905 -899 32767 -16569 7210
4099 2587 -1421 28120 -32198 4799
4474 1584 -2863 25784 -32768 2427
4936 339 -3071 20340 -24941 -1348
5376 -634 -2573 5776 -18205 -3205
7240 -2087 -2062 -8793 -22263 -2015
8872 -3546 -2423 -29846 -32768 1668
10090 -5731 -4035 -32768 -32768 315
9777 -6852 -4005 -32768 -32768 -11565
9505 -8068 -1512 -32768 -32768 -24747
9639 -9016 306 -32768 -32768 -32768
10442 -9054 284 -32768 -29526 -32768
11973 -9220 -2407 -32768 -32768 -32768
13189 -10217 -3581 -32768 -32768 -32768
12076 -10307 -532 -32768 -32768 -32768
13574 -11106 2247 -32768 -32768 -32768
12316 -11702 3883 -32768 -32768 -32768
11040 -10022 3827 -32768 -31000 -32768
10657 -9007 2186 -32768 4511 -32768
10177 -9165 -347 -32768 -343 -32768
9170 -9229 -128 -32768 -16993 -32768
8054 -8970 1140 -32768 -20468 -32768
5978 -7816 2732 -32768 -18017 -32768
4614 -7095 2837 -32768 -15100 -32768
3606 -6265 2019 -32768 -18282 -32768
3232 -5683 1288 -25323 -21845 -32768
2742 -5220 1193 -10355 -27747 -32768
2349 -4713 1189 1663 -32768 -32768
1791 -4101 1233 9979 -32768 -32768
1362 -3568 1360 13636 -32768 -32258
1129 -3231 1460 15966 -32768 -25149
894 -2693 1578 16062 -32768 -19122
641 -2137 1500 15855 -32768 -16053
526 -1832 1411 15441 -32768 -13214
329 -1515 1508 14848 -32768 -11495
534 -1479 1546 14988 -32768 -8983
1069 -988 1506 16223 -32768 -2917
938 -559 1567 17291 -31157 1335
966 -303 1610 18655 -22344 7489
1052 121 1605 19505 -15401 13272
1287 317 1584 19635 -12313 16846
1609 402 1580 19183 -10553 22065
2074 709 1474 18836 -11043 25428
2532 945 1470 18475 -12493 30417
2914 1375 1475 18605 -12977 32767
3290 1637 1471 19687 -10147 32767
3928 1790 1329 22423 -740 32767
4397 1702 1123 24936 8802 32767
4672 1759 1097 28278 24064 32767
4766 1820 1149 29866 32767 32767
4545 1525 1270 29869 32767 32767
4342 1269 1262 29112 32767 30186
4014 1079 1192 28451 27436 26780
3755 1063 857 28631 20262 24742
3620 1041 583 29976 10532 22700
3374 1003 277 31213 5083 22168
3069 911 171 32764 -1226 22396
2863 826 127 32767 -4229 23190
2504 733 74 32767 -4191 23731
2211 690 48 32767 -2083 24198
1675 607 91 32767 1104 23763
1164 401 180 32767 3419 22911
979 153 228 31366 6990 21250
818 -221 248 29572 10561 19362
731 -490 264 28278 12923 18083
654 -521 211 26534 16684 16035
499 -509 80 25228 20325 13846
387 -596 -39 24709 22250 12442
350 -701 -124 24475 24376 10535
537 -1008 -213 24804 26305 9661
1099 -1435 -278 25247 27864 10156
1502 -1620 -397 25999 30178 12418
1528 -1506 -423 26319 31814 15274
1422 -1395 -450 26146 32231 17024
1216 -1404 -458 25513 31300 18602
913 -1632 -428 24724 28461 18785
1161 -2233 -268 24131 26316 18777
1963 -3153 45 23005 23412 19959
2473 -3554 228 21282 19896 22983
3169 -3471 379 19898 18015 25819
3449 -3364 274 18334 17234 30054
3294 -3339 122 17520 16074 32465
3010 -3616 209 17167 13460 32767
2973 -3854 366 16779 6814 32657
3374 -3934 574 16511 1766 32767
3773 -3712 664 16109 -3573 32767
4400 -3202 767 15815 -4877 32767
4383 -2782 744 15996 -4487 32767
4131 -2597 765 16760 -4221 32767
3691 -2348 707 18390 -4121 32767
3414 -2184 607 19932 -3571 32767
3303 -2113 600 22253 -2180 32767
3413 -2008 671 23363 -1022 32767
3525 -1819 772 23969 265 32767
3542 -1591 822 23340 286 32767
3594 -1216 767 22696 -40 32767
3564 -1040 696 21909 -504 32767
3659 -931 580 21926 -181 32767
3605 -823 553 22440 1358 32767
3535 -709 609 23412 6173 31885
3524 -500 756 23986 12743 29019
3589 -222 1014 23845 16013 27335
3628 18 1211 22729 16557 25044
3605 243 1316 21963 13292 23555
3754 914 1284 21651 7980 22392
3952 1395 1202 23003 272 21053
4058 2019 1189 25180 -1704 19916
4010 2401 1194 30069 4002 17033
4394 3046 908 32767 12084 15032
4691 3372 669 32767 20927 13014
5101 3478 104 32767 17540 11477
5300 3271 -653 32767 6825 9595
5338 3240 -1165 32767 -17984 3889
5627 3027 -1645 32767 -32768 -1831
5816 2645 -1749 32767 -32768 -11632
6732 2028 -2053 32767 -32768 -18245
7341 1365 -2112 32767 -32768 -20107
8592 201 -2656 17110 -32768 -18785
9823 -872 -3640 326 -32768 -15883
10548 -1653 -4216 -24272 -32768 -10432
10864 -3075 -4770 -32768 -32768 -10162
10419 -4929 -3973 -32768 -32768 -15206
10263 -6256 -2445 -32768 -32768 -27648
10370 -7623 -888 -32768 -32768 -32768
10217 -8271 -322 -32768 -32768 -32768
11225 -10635 -155 -32768 -32768 -32768
10294 -7423 3110 -32768 -32768 -32768
9639 -7848 3067 -32768 -32768 -32768
9463 -7728 2202 -32768 -30583 -32768
8919 -8431 1570 -32768 -32768 -32768
8568 -9070 1803 -32768 -32768 -32768
7919 -8787 2736 -32768 -32768 -32768
6712 -8377 3635 -32768 -32768 -32768
5503 -7516 4295 -32768 -32768 -32768
4558 -7272 4038 -32768 -32768 -32768
3550 -7222 3151 -32768 -25967 -32768
2986 -6540 1811 -32768 -20776 -32768
2430 -6104 1327 -31694 -16202 -32768
1678 -5932 1192 -24120 -15476 -32768
1408 -5769 1064 -13256 -16062 -32768
1160 -5267 1016 -6933 -18306 -32641
998 -4774 1094 303 -24304 -22618
1225 -4414 1248 4469 -26944 -15526
1475 -3692 1194 11585 -27479 -4407
1423 -2956 1221 18825 -27256 3817
1126 -2065 1544 22760 -27316 6888
912 -1507 1938 25832 -27688 8511
896 -769 2657 25683 -27859 8835
1041 -332 3019 22940 -27401 9686
1340 192 3390 19956 -26138 10864
1698 537 3464 14938 -22732 13934
2052 1109 3320 10485 -18960 17258
2074 1617 2991 8236 -16684 18761
2027 1839 2740 5937 -13500 19503
1849 2190 2424 4611 -10292 18198
1503 2488 2071 4270 -8079 16122
1334 2612 1848 4224 -5132 12098
1244 2738 1547 4408 -3369 8287
1090 2814 1206 4576 -2788 6155
1067 2788 1067 4593 -2606 4051
1057 2737 942 4267 -3018 3241
1139 2699 716 4278 -2966 3458
1180 2656 564 4894 -1949 4630
1125 2588 392 5837 -507 5598
1097 2421 206 7808 2502 7136
986 2132 99 9341 4631 7965
875 1907 111 11533 7289 8544
646 1542 210 12729 8407 8406
669 1315 298 14109 9380 8050
948 996 393 14832 9864 8210
1177 786 402 15876 10434 9339
1446 613 442 16470 10467 10605
1455 522 431 17177 9665 12698
1370 445 423 17919 8586 14120
1099 291 390 18541 8153 14413
955 195 383 19786 8554 13882
1057 -77 477 21389 10687 13049
1271 -557 478 22845 13041 12566
1477 -853 540 25177 17521 12389
1738 -1311 805 26216 20043 12839
1847 -1473 1073 26358 22419 14234
1956 -1570 1333 24957 24779 16123
2376 -1679 1434 23540 27265 17832
3029 -1964 1452 20943 31747 21420
3282 -2114 1447 18212 32767 25294
3172 -2293 1484 16157 32767 27533
2669 -2555 1160 16134 32767 27643
2653 -2647 1037 17744 29516 27250
2684 -2456 1058 19712 25046 27359
3296 -2266 1267 20569 23263 28467
3768 -2150 1441 20864 22988 31498
3962 -1994 1648 20413 22821 32767
3971 -1880 1678 19275 20802 32767
4017 -1505 1387 18989 18284 32767
3921 -1225 993 19557 16889 32767
3787 -1073 742 21498 15034 32767
3568 -908 558 24070 14243 32767
3317 -870 539 25649 15639 32767
3274 -892 603 27003 19907 32767
3556 -974 767 26991 22827 32767
3811 -1055 818 26111 26008 32767
4011 -1072 772 24924 26578 32767
4242 -1095 573 24466 24797 32767
4292 -979 430 24719 18295 32767
4017 -705 342 25482 12868 32767
3624 -528 559 26643 8643 32767
3529 -425 796 26547 11307 32767
3600 -231 1110 25024 17537 32767
3523 -119 1316 23557 21926 31083
3400 -56 1249 22025 27192 27448
3496 211 861 21967 28254 25529
3600 426 642 23102 24063 23673
3686 689 476 25099 13905 22711
3805 900 452 26758 6432 22307
3721 1094 420 29717 561 20799
3563 1300 229 32767 2669 17976
3471 1471 45 32767 6067 15678
3395 1720 -263 32767 9204 12520
3655 1910 -494 32767 7758 11089
3945 1965 -705 32767 -1073 9822
4430 1968 -701 32767 -10285 9004
4611 2116 -596 32767 -23255 6617
4897 2081 -1218 29252 -24568 2070
4883 1144 -2427 26120 -19477 -2780
5194 405 -3060 -32768 -32768 -32768
9290 -13472 -9179 -32768 -32768 -32768
13685 -10710 -783 -32768 -32768 -32768
13103 -11307 2258 -32768 -32768 -32768
12471 -11030 2764 -32768 -32768 -32768
12048 -10292 2644 -32768 -32768 -32768
11437 -9672 2051 -32768 -16899 -32768
10137 -9658 1689 -32768 -13185 -32768
8838 -9278 1922 -32768 -13445 -32768
6697 -8320 2513 -32768 -13179 -32768
4825 -6877 2323 -32768 -12363 -32768
3937 -6180 1836 -32768 -12394 -32768
3206 -5601 1046 -32768 -13919 -32768
2548 -5124 639 -30333 -16881 -32768
2084 -4693 341 -17299 -19988 -32768
1334 -3867 102 -8758 -24046 -32768
853 -3476 72 3038 -31615 -25598
555 -2999 437 9395 -32768 -22706
574 -2819 787 16194 -32768 -19793
764 -2479 1177 20423 -32768 -16315
898 -2097 1470 22241 -32768 -13318
851 -1867 1631 23736 -32768 -8337
732 -1372 1885 23917 -32768 -4929
630 -1108 2015 23238 -32768 -119
612 -684 2125 22457 -32768 2804
510 -361 2150 21287 -26668 6486
566 -67 2142 20840 -22317 8891
737 261 2103 20783 -15384 13370
993 688 2042 21300 -9072 18497
1222 755 1996 21784 -5691 22116
1598 967 1867 22288 -3308 25679
1860 1169 1776 22981 -2106 30497
2256 1402 1705 23407 -2349 32767
2469 1558 1573 24817 -2535 32767
3009 1689 1298 27619 -28 32767
3997 1507 1038 31489 5964 32767
4909 1303 735 32767 11613 32767
4975 1383 564 32767 20570 32767
4545 1416 670 32767 24223 32767
3817 1523 1032 32767 21417 32767
3580 1561 1130 32767 12914 28123
3391 1509 1000 32767 7574 24062
3205 1385 893 31015 2669 18967
2659 1093 944 27159 2564 14965
2323 716 1006 24260 5660 13272
2406 498 941 20243 14824 12525
2549 316 569 18340 22590 13001
2611 159 129 16739 32767 14705
2439 82 -77 16052 32767 16337
2055 -19 -259 15851 32767 16960
1733 -103 -358 15995 32767 16863
1224 -173 -493 16710 31836 15591
791 -220 -508 17318 26750 14279
524 -279 -476 18362 19346 12059
443 -371 -438 19467 13626 10082
466 -560 -404 20292 11255 9159
527 -678 -395 21697 9818 8431
599 -825 -342 23116 10499 8354
798 -1065 -258 23900 11961 8738
1031 -1251 -177 24674 15365 10228
1523 -1487 -68 24891 18222 11996
1867 -1577 -24 24635 22520 15719
2109 -1646 42 24058 24696 18307
2107 -1846 121 22552 25836 21379
1940 -2202 234 20642 24215 22788
1924 -2431 280 19482 21667 23144
2086 -2487 251 18161 16083 23984
2652 -2349 257 17537 12725 25147
2836 -2338 247 17027 9919 26964
3036 -2550 439 16652 9290 28088
3190 -2755 746 15367 9970 29855
3581 -2990 1063 14276 11082 31423
3926 -3019 1142 12660 12348 32767
4653 -2845 1220 11179 12349 32767
4925 -2396 1000 10791 11347 32767
4840 -2141 889 11275 7675 32767
4451 -1875 735 13763 1795 32767
3939 -1683 518 16763 -2306 32767
3792 -1615 545 22235 -6877 32767
3701 -1574 826 25573 -7319 32767
3710 -1492 1024 29116 -2309 32767
3734 -1143 1191 30526 7586 32767
3711 -820 1200 30320 14198 32767
3686 -702 1187 28716 20644 32767
3910 -658 1094 27287 21980 32767
4141 -629 994 25883 20551 32767
4265 -502 616 26931 17417 32767
3887 -123 673 28626 16045 32767
3416 -24 1076 31241 18307 32135
3439 398 1407 32767 22431 27999
3698 807 1497 32767 27113 23021
4380 1436 874 32767 24303 20890
5085 2225 -199 32767 17446 20909
5442 2781 -1095 32767 3462 21442
5248 3388 -1448 32767 -11668 18608
4792 3624 -1273 32767 -16833 13706
4639 3533 -1140 32767 -16335 3621
4901 2977 -1148 32767 -16164 -5980
6077 2246 -2354 32767 -19103 -10452
7240 1398 -3344 23951 -30088 -13361
9082 202 -4734 4739 -32768 -13515
10506 -922 -5110 -18919 -32768 -15610
10722 -1891 -4425 -32768 -32768 -20242
11045 -2323 -4290 -32768 -32768 -29770
10990 -3435 -4439 -32768 -32768 -32768
10680 -4714 -3541 -32768 -32768 -32768
10695 -5870 -1995 -32768 -32768 -32768
10621 -6334 457 -32768 -32768 -32768
8413 -5623 3611 -32768 -32768 -32768
8057 -5226 5549 -32768 -32768 -32768
7519 -5172 3777 -32768 -32019 -32768
7186 -5450 3050 -32768 -24376 -32768
6432 -6093 3344 -32768 -22135 -32768
4862 -5959 3570 -32768 -17488 -32768
4109 -5738 3530 -32768 -11926 -32768
4054 -4702 2619 -32768 -13154 -32768
3945 -4520 2095 -32768 -21763 -32768
3387 -4376 1682 -32768 -26256 -32768
2679 -4327 1481 -29701 -27922 -32768
2247 -4204 1255 -20324 -26388 -32768
1652 -3791 930 -14644 -25885 -32768
1205 -3477 801 -6998 -27029 -32768
884 -3133 841 -1591 -30345 -31812
788 -2938 986 681 -32768 -26597
930 -3110 1090 3629 -32768 -18708
1476 -2832 739 7063 -32768 -12715
1540 -2702 537 14765 -32768 -4920
1263 -2160 447 20564 -32018 -1587
1055 -1795 666 27751 -30851 404
905 -1264 1252 31511 -29538 152
973 -880 1856 32022 -28318 -297
1190 -702 2246 30012 -26325 -84
1639 -612 2806 27256 -24048 1124
2236 -613 2918 22926 -17178 5838
2925 -237 2813 19842 -7830 13038
3121 120 2636 18380 -1983 17821
3123 353 2498 16609 5130 23689
3004 715 2375 14775 9539 27221
2885 1135 2187 13553 10508 28471
2848 1549 2041 11769 9018 29165
2776 1844 1997 9871 4990 28393
2530 2269 1987 8603 2225 26716
2274 2340 1997 6667 -317 22265
1953 2256 1986 5407 -262 18374
1622 2351 1762 3742 1577 12163
1458 2529 1509 2670 4056 6843
1275 2645 1052 2505 5748 4171
1191 2593 815 2869 7952 1778
1283 2571 585 3908 10241 1516
1253 2554 448 4939 12540 2004
1193 2477 339 7032 17023 3099
918 2372 244 8518 20053 3621
664 2286 228 10472 23161 3656
412 2075 216 11499 24068 3405
404 1845 187 12803 23954 3233
558 1372 227 13604 22710 3766
696 846 414 13769 21588 4526
936 458 391 14133 20853 6508
1108 236 409 14840 21366 9560
1170 -100 414 15771 21672 12739
1118 -338 367 16569 21701 14678
1037 -447 324 17901 21484 17052
1044 -681 371 18681 21193 18401
1237 -945 502 19273 20991 20766
1630 -1419 840 18977 21391 24140
2073 -1832 974 18719 22337 26962
2347 -2070 1011 18809 24926 31524
2334 -2484 878 19528 27016 32767
2174 -2635 738 21578 29132 32767
2052 -2658 809 23588 28486 32767
2132 -2776 1170 24482 26793 32767
3092 -2991 1471 24716 27011 32767
3520 -3026 1594 24347 27034 32767
3589 -3062 2133 22088 22036 32767
3327 -2873 2299 20660 17262 32767
2563 -2555 2337 21105 13694 32767
2252 -2470 2280 23207 14501 32767
2639 -2220 2612 26788 21318 32767
3716 -1820 3212 28553 29605 32767
4310 -1634 3467 29477 32767 32767
4794 -805 3606 29200 32767 32767
4749 206 3561 29383 27285 32767
4665 2186 2921 31699 16948 32767
4754 4106 2617 32767 8218 32767
4281 4738 2682 32767 16419 32767
3368 5303 2606 32767 26655 32767
3221 5452 2359 32767 32767 22582
4029 5530 1366 32767 31818 14448
4903 5865 195 32767 20045 9877
5668 4877 -1216 32767 10991 10588
7052 3752 -2193 32767 -4106 17317
7489 2913 -2735 32767 -9850 24287
7019 1950 -3497 32767 -12367 25141
6545 1577 -4191 29181 -23036 18876
5668 609 -5696 24955 -32768 9888
5625 -75 -6685 16926 -32768 -5266
6773 -1895 -7899 5741 -32768 -13779
8594 -10719 -6441 -32768 -32768 -32768
9659 -10158 -4775 -32768 -32768 -32768
7899 -10084 -3167 -32768 -19670 -32768
6683 -9516 -2195 -32768 3979 -32768
5810 -8821 -1001 -32768 15732 -32768
5938 -8572 -360 -32768 24756 -32768
5819 -8474 564 -32768 25872 -32768
5286 -7975 1694 -32768 24224 -32768
4494 -7457 2126 -32768 19576 -32768
3247 -6869 2493 -32768 13423 -32768
2670 -6205 1951 -32768 1903 -32768
2322 -5174 576 -32768 -5281 -32768
2248 -4478 14 -29132 -15519 -32768
1991 -3413 -148 -11019 -25409 -32768
1413 -2538 -16 550 -30454 -32768
1098 -2049 220 15352 -32768 -32768
785 -1483 574 25995 -32768 -32768
770 -1077 910 30725 -32768 -32768
910 -812 1083 32767 -32768 -32768
1294 -526 1207 32767 -32768 -31801
1608 -268 1244 32767 -32768 -27284
1710 -107 1352 32767 -32768 -22608
2023 67 1591 32767 -32768 -18975
2057 301 1683 32549 -32768 -13233
1963 650 1589 30701 -32768 -7980
1857 905 1295 29853 -32768 -5138
1901 901 938 29356 -32604 -1600
1780 951 623 29222 -32768 -31
1813 1175 166 29244 -32768 1211
2386 1475 -342 30012 -32768 3441
2840 1567 -505 31221 -32768 6635
3395 1706 -544 31720 -32768 9164
3700 1907 -652 31985 -32768 13077
4121 2238 -867 31552 -32768 15679
4235 2440 -700 28701 -32768 19192
4036 2523 -469 25301 -32768 21093
3230 2342 -305 18547 -32768 22334
2442 2252 -282 10931 -32768 20971
1510 2214 -548 6052 -31222 19179
1231 2276 -1039 498 -15443 16669
1075 2504 -2100 -1367 -6512 15672
1140 2577 -2876 -881 349 15745
1394 2513 -3802 1232 -413 16972
1540 2429 -4120 5765 -6576 19687
1371 2364 -3881 9590 -13459 21502
881 2072 -3189 11007 -15889 21418
475 1765 -2647 11097 -16551 19241
89 1335 -1835 9779 -15481 16996
46 1135 -1363 6010 -12414 13947
34 1050 -911 2889 -9682 12237
29 960 -601 -2475 -5775 9932
48 784 -427 -7454 -2652 7838
53 731 -512 -9973 -1069 6480
104 733 -620 -12222 103 4698
132 652 -934 -12539 23 3682
89 515 -1208 -11090 -1387 1976
54 307 -1407 -9318 -3285 763
51 216 -1422 -6058 -7314 -1049
84 83 -1370 -3742 -10059 -2276
198 -57 -1534 257 -13798 -3985
247 -54 -1886 5422 -18729 -5600
177 187 -2357 11477 -23438 -7258
369 205 -2876 15903 -25349 -8018
378 314 -3193 22583 -25950 -8772
534 402 -3408 26415 -24097 -8742
751 358 -3284 29922 -18794 -7396
922 274 -2722 30052 -15506 -5703
922 146 -2236 26673 -12243 -2676
777 -282 -1747 20266 -10030 169
513 -771 -1410 14903 -8472 1848
453 -854 -1081 5871 -4951 4545
572 -676 -912 -2867 1549 8294
672 -267 -969 -7734 7642 10967
702 -70 -1191 -12276 17377 15041
704 163 -2018 -12972 25324 18490
658 175 -2363 -12285 27562 20487
656 75 -2561 -11349 26545 22614
828 92 -2503 -9862 21048 26594
1023 165 -2395 -8800 17023 31377
1232 521 -2198 -8498 17420 32767
1147 695 -2062 -9096 22586 32767
1252 630 -2052 -10390 30138 32767
1612 69 -2207 -12637 32767 32767
2325 -96 -1356 -18713 32767 32767
2592 155 -277 -28107 32767 32767
2844 292 305 -32768 32767 27950
3491 376 399 -32768 32767 18938
4674 251 -320 -30626 32767 10506
5340 -138 -1176 -18948 32767 5562
5056 -373 -788 3138 31392 -3340
4886 -283 -120 23485 21060 -15521
5030 -546 328 32767 11564 -28217
5679 -1022 304 32767 1544 -32768
6120 -1287 34 32767 -10281 -32768
6242 -1760 -172 32767 2006 -32768
4677 -1531 -35 32767 -12419 -32768
5651 -3116 -2541 27680 -6920 -32768
4102 -1971 -2050 24636 -4991 -32768
2316 -1817 -2260 23367 12871 -32768
2140 -1998 -2091 21679 31373 -32768
2793 -2835 -1710 19052 32767 -32768
3097 -3112 -1139 10766 32767 -32768
2775 -3302 -779 776 32767 -32768
2357 -3083 -1327 -2976 32767 -31141
1755 -2672 -3190 -1619 32767 -23767
1138 -2115 -4390 2466 32767 -18879
609 -1800 -4297 8225 24806 -12658
-62 -1364 -3367 10036 12817 -8620
-567 -942 -2388 9170 7704 -7013
-846 -651 -1952 6862 4211 -6327
-1114 -392 -1660 5366 3085 -6828
-1105 -76 -1500 5159 3228 -7292
-1022 102 -1395 6028 5977 -8094
-743 284 -1076 6962 9249 -8437
-427 385 -796 8161 16208 -8189
137 512 -237 8337 21921 -7260
593 615 180 6893 31016 -4525
1304 896 816 2978 32767 -710
1747 1242 1312 -899 32767 1816
2056 1479 1652 -8149 32767 4816
2088 1787 1771 -15116 32767 5697
2117 1848 1665 -18765 32767 5283
2041 1926 1661 -22514 32767 3624
1876 2082 1819 -24292 32767 1278
1793 2019 1787 -23815 32767 -5
1675 1828 1714 -20485 32767 -558
1677 1652 1414 -16604 32767 483
1117 1593 1281 -9747 32767 3130
646 1320 1211 -2908 32767 6001
139 989 1146 1268 32767 8000
118 799 1245 6208 19043 11701
539 393 1456 8458 9020 15278
1244 202 1813 10090 -2438 22360
1724 198 2066 10364 -7527 30491
2051 16 2025 11101 -6393 32767
2256 -246 1734 11941 -3178 32767
2342 -486 1540 13228 3262 32767
2698 -857 1282 13750 8116 32767
2859 -1062 1140 13499 13789 32767
3113 -1339 1099 11724 15449 32767
3361 -1416 1048 10085 15158 32767
3395 -1472 923 7938 14024 32767
3285 -1679 789 6443 11305 32767
3234 -1693 701 5818 8910 32767
3324 -1673 679 5297 7367 32767
3479 -1718 702 4738 10206 32767
3651 -1764 800 4001 13935 32767
3763 -1877 826 2362 19770 32767
3911 -1981 844 258 23341 32767
4191 -1882 721 -1466 24295 32767
4210 -1705 475 -1914 23738 32767
4146 -1680 415 -1602 20654 32767
3915 -1642 376 -846 17047 32767
3810 -1622 345 1180 10491 32767
3851 -1566 340 3816 4485 32767
4086 -1461 429 5445 1841 32767
4298 -1220 603 7489 218 32767
4321 -1086 719 8576 52 32767
4133 -771 782 10301 513 32767
3843 -604 753 11675 754 32767
3691 -554 745 13856 296 32767
3584 -444 765 15222 -508 32767
3607 -421 841 16866 -2237 32767
3579 -340 906 17890 -4145 32767
3473 -76 948 18319 -4828 32767
3338 69 901 19016 -4057 32767
2957 267 800 19572 -2979 32767
2723 374 757 20348 -1463 29503
2536 495 733 20769 -730 26665
2413 648 793 20829 269 22827
2235 952 955 20327 1490 20479
2195 1111 1095 18628 4180 17435
2183 1279 1284 17192 6311 15698
2214 1342 1292 15344 9644 13586
3322 1688 705 32083 -5816 -2385
3464 1837 962 30612 -13946 -4865
3647 1958 1380 25038 -20560 -8855
4305 2123 1234 20903 -18818 -10997
5144 1587 469 16816 -13332 -12907
5422 906 -388 16341 -16156 -15695
6355 37 -1597 16891 -24366 -17607
7679 -1029 -1895 14677 -32768 -19032
8617 -1645 -1779 5696 -32768 -18249
9468 -2889 -1360 -9692 -32768 -18325
9984 -4040 -1026 -28784 -32768 -21977
11533 -5624 -417 -32768 -32768 -25871
12834 -6660 -212 -32768 -32768 -32768
14216 -8216 -826 -32768 -32768 -32768
14612 -9842 -665 -32768 -32768 -32768
14999 -10831 -5 -32768 -32768 -32768
7560 -9034 -2014 -32768 -32768 -32768
14246 -11601 2382 -32768 -32768 -32768
13523 -11819 3948 -32768 -32768 -32768
13395 -11143 3812 -32768 -30292 -32768
12427 -11282 4150 -32768 -20162 -32768
10822 -11083 3738 -32768 -16942 -32768
9601 -10656 3325 -32768 -12702 -32768
7842 -9791 2890 -32768 -12589 -32768
6813 -8352 1639 -32768 -16005 -32768
5755 -7813 927 -31349 -21213 -32768
3622 -6490 164 -18277 -24819 -32768
3541 -6544 627 -11464 -30254 -32768
4002 -6344 549 -674 -32768 -32768
3086 -5930 -11 13378 -32768 -22121
1650 -5127 96 22521 -32768 -18330
1127 -4349 710 31640 -32768 -17826
1120 -3333 1886 32767 -32768 -17475
1314 -2639 2764 32743 -32768 -14255
1401 -1829 3869 27289 -32768 -8039
1499 -1080 4313 22736 -32768 -2702
1528 -754 4292 16281 -20649 5264
1548 -277 3940 12819 -15749 9932
1730 27 3494 9811 -13615 16081
2180 333 2828 9575 -14737 21376
3061 515 2253 10887 -15348 24690
3772 576 1870 15009 -13128 29753
4767 577 1483 18598 -9700 32767
4992 652 1325 24209 -4189 32767
4853 705 1232 27565 -3139 32767
4776 740 1142 31923 -7887 32767
4719 996 960 32767 -15178 32767
4816 1122 903 32767 -18745 32767
4663 1241 952 32767 -20607 32767
4362 1288 985 32767 -19115 32767
3970 1173 1035 32767 -13031 32767
3529 919 1025 32767 -7122 32767
3465 642 1009 32767 3646 32767
3651 263 879 32767 11793 32767
3441 126 751 32767 23349 32767
3030 -91 646 28502 32389 32767
2490 -221 370 25987 32767 32767
2245 -285 243 23022 32767 32767
2041 -331 148 20968 32767 29257
2009 -390 84 20110 32767 26199
2224 -547 125 19140 32767 23653
2507 -735 121 18540 32767 23263
2463 -703 151 17435 32767 23718
2259 -661 195 15801 32767 24648
1908 -579 143 14609 32767 25213
1651 -503 65 13005 32767 25652
1276 -417 -96 12228 32767 25594
956 -387 -229 11646 28382 25087
869 -442 -279 11574 23469 24564
1311 -783 -152 11558 19843 25455
1665 -960 -15 11444 18175 26684
1761 -958 67 10960 16327 28910
1913 -903 117 10661 15870 30336
1628 -914 -9 11189 15933 30857
1137 -1212 -310 12479 15708 29910
924 -1757 -471 16120 13191 27016
904 -2789 -806 21881 7173 23967
1990 -3507 -1110 26798 2630 23885
3097 -3993 -1409 32767 -849 27998
4104 -4314 -1907 32767 540 32767
4917 -4546 -2068 32767 2518 32767
5342 -4635 -1875 32767 4383 32767
5560 -4546 -1183 32767 3827 32767
5497 -4186 -639 32767 -144 32767
5184 -3504 45 32767 -8675 32767
4479 -2786 347 32767 -16535 32767
4117 -2310 539 32767 -30472 32767
3350 -1441 812 32767 -32768 32767
2970 -361 1627 32767 -32768 32767
3021 141 2538 32767 -32768 32767
3028 841 3461 32767 -26265 32767
3249 1225 3742 23031 -6633 32767
2919 1221 3549 4670 22980 32767
2512 872 2690 -8418 32767 32767
2739 575 2242 -13120 32767 31584
4085 231 1809 -14801 32767 24529
5141 147 1387 -12140 32767 17430
5593 113 1135 -4537 32767 14182
5851 470 890 2001 29819 13940
5729 828 856 11572 21460 15539
5409 1452 904 19494 12964 18053
4668 2163 1059 23500 7563 19029
3997 2389 1165 28065 2424 17833
3098 2656 1145 30623 2635 15223
2774 2696 934 32767 9467 9863
2736 2567 363 32767 16708 6164
3179 2515 -205 32767 23796 2275
3922 2281 -1105 32767 16119 -551
4582 2380 -2018 32767 3143 -2737
5268 2472 -2642 32767 -17775 -5746
6963 2158 -3198 32767 -28443 -6319
8484 1632 -3681 29922 -32162 -6135
8676 1108 -4165 13853 -32768 -9111
9441 302 -4857 -4150 -32768 -13824
10766 -559 -4854 -16005 -32768 -16293
8345 -7065 1844 -32768 -29631 -32768
7759 -7428 1711 -32768 -27905 -32768
6695 -7776 2530 -32768 -29176 -32768
6027 -7661 3209 -32768 -26596 -32768
5107 -7230 3895 -32768 -22366 -32768
3957 -6390 3731 -32768 -21173 -32768
3416 -5971 3257 -32768 -19357 -32768
2918 -5308 2113 -32768 -17716 -32768
2418 -5042 1384 -26175 -17595 -32768
1658 -4397 810 -17386 -21119 -32768
1699 -4366 725 -11994 -24488 -32768
2183 -4523 800 -4408 -30374 -32768
2619 -4487 953 564 -32768 -27625
2825 -4086 1000 5662 -32768 -17484
2728 -3662 1038 13807 -32768 -4322
2003 -2730 1104 19361 -32768 1336
1329 -1977 1463 25686 -32768 4093
829 -981 2430 27521 -32768 2611
814 -526 3142 25763 -32768 1165
1052 -19 4160 19403 -24570 31
1342 149 4594 14016 -18551 248
1541 342 4616 6031 -9046 1960
1851 784 4324 1808 -2971 3929
1899 1090 3840 -1363 3904 7154
1737 1646 3134 -1558 6054 9056
1492 2034 2734 119 6101 10849
1008 2633 2132 3219 4040 10939
764 2902 1788 5606 2130 10182
244 3176 1262 9226 -1467 7890
-149 3494 654 11656 -3967 6080
-294 3551 279 15131 -7529 3835
-387 3389 -149 17186 -9453 2885
-345 3152 -263 19560 -10983 2358
-138 2639 -272 20767 -10953 2942
206 2029 -127 20862 -10242 3978
453 1641 87 19630 -8608 6432
778 1083 501 17942 -7312 8660
1004 852 762 14563 -4927 12437
967 735 874 11464 -1616 15244
896 360 817 10072 1204 16411
832 4 724 9403 6128 16856
693 -412 506 10019 9772 16182
648 -636 400 12307 15253 14243
963 -955 392 15382 20363 12967
1735 -1283 575 17281 23842 13275
2154 -1670 725 19750 29327 14838
2333 -1807 813 21336 32767 17567
2492 -1747 921 21733 32767 19818
2446 -1717 949 21449 32767 23192
2385 -1766 1120 19895 32231 26299
2660 -1883 1447 18158 29810 28405
2756 -1866 1641 15234 27040 30962
2847 -1813 1892 13563 26593 31970
2670 -2013 1939 12571 27630 31673
2393 -2030 1754 13521 29293 30273
2736 -1833 1719 14408 30264 30320
3066 -1749 1732 15316 31784 32499
3834 -1783 1816 14931 32191 32767
4610 -1652 1878 13956 30928 32767
4966 -1423 1796 12436 27025 32767
5138 -949 1427 12539 22709 32767
4689 -732 951 14124 20778 32767
4176 -720 752 17908 19806 32767
3812 -700 738 21879 20402 32767
3568 -838 1014 23792 20529 32767
3836 -1057 1485 24205 18998 32767
4201 -930 1626 23442 17157 32767
4475 -338 1224 23326 16434 32767
4385 -90 966 24173 14361 32767
3947 60 921 25429 13205 32767
2989 191 1015 28466 16675 32767
2663 287 1670 29998 21506 32767
3410 200 2269 30049 30529 30414
4080 409 2484 29300 32767 28484
4733 812 2061 29109 32767 29161
5477 1495 1004 30671 32632 31670
5371 2123 372 32767 22146 32767
4825 2957 -410 32767 14442 32767
4324 3535 -818 32767 2072 29788
3861 3899 -734 32767 -6895 22971
4031 3880 -567 32767 -14656 11666
4609 3519 -342 32767 -11968 3805
5749 2572 -770 32767 -8392 2523
6632 2082 -1822 32767 -6662 5563
7857 898 -3768 32767 -12058 8192
8208 433 -4671 24031 -32768 7825
8070 -619 -4612 6313 -32768 1193
14247 -13525 -569 -32768 -32768 -32768
14715 -13502 -993 -32768 -32768 -32768
14487 -13210 -523 -32768 -1241 -32768
13213 -13296 917 -32768 1966 -32768
11963 -13387 1655 -32768 -4488 -32768
10801 -13665 1277 -32768 -5356 -32768
9477 -12426 1134 -32768 -11063 -32768
7676 -11339 1374 -30837 -27598 -32768
5439 -9806 1916 -23103 -32768 -32768
4565 -9487 2509 -14916 -32768 -32768
3739 -8556 2808 -8986 -32768 -32768
2584 -7739 2681 -5519 -32768 -32768
1645 -6409 2336 -173 -32768 -32768
1144 -5623 2061 4906 -32768 -32768
784 -4723 1948 7612 -32768 -32768
930 -4305 1932 10751 -32768 -32768
1192 -3638 2089 13992 -32768 -25527
1074 -2902 2010 16809 -32768 -19790
920 -2468 2091 21348 -32768 -12674
801 -1832 2244 24108 -32768 -8614
860 -1301 2449 26751 -32768 -2803
969 -811 2683 27501 -32768 1019
1085 -234 2814 27358 -25020 6327
1009 -72 2857 26484 -17754 10953
1536 294 2687 26158 -13318 15074
1930 863 2384 27061 -7004 22719
2497 1144 2215 28080 -3544 27962
2723 1201 2219 29599 521 32767
3223 1239 2017 31506 4970 32767
3432 1440 1465 32767 8236 32767
3664 1806 1128 32767 12255 32767
4889 2210 409 32767 15390 32767
6093 2184 -35 32767 20433 32767
7088 2113 -208 32767 21655 32767
6986 1935 -198 32767 19132 32767
5717 1670 -53 32767 14389 32767
4454 1560 91 32767 5127 29583
3996 1524 42 32767 1304 16032
3480 1332 53 32767 4596 7955
3125 1155 193 32767 15082 -1177
2603 889 411 32767 26237 -6217
2466 465 339 32767 32767 -7298
2474 242 182 29190 32767 -5936
2619 30 -130 26174 32767 -1694
2641 -96 -468 24855 32767 1939
2465 -168 -615 23503 32767 7399
2076 -213 -740 22659 32767 11914
1587 -188 -823 22355 32767 14878
1046 -168 -857 22475 32125 15899
716 -174 -864 23111 27496 16016
295 -209 -878 23819 24607 15438
148 -289 -829 25159 21145 14174
256 -545 -786 26739 19599 13383
388 -793 -788 27906 19666 13263
479 -900 -778 29280 20493 13682
638 -1019 -668 29916 21478 14819
715 -1172 -552 29792 21969 15733
742 -1614 -381 28964 21699 16915
715 -1903 -157 27801 20743 17552
855 -2039 123 24883 19332 18801
1081 -2113 360 21260 19184 20248
1334 -2258 542 18780 20456 21175
1487 -2432 659 15323 24737 22357
2343 -2904 848 11948 29683 24919
3009 -2785 700 10056 30742 27056
3043 -2725 534 8384 27386 29218
2646 -3106 394 8141 22729 29486
2497 -3340 398 8813 15155 29678
3149 -3197 698 9305 11762 32767
4655 -3040 1260 9028 13834 32767
5412 -2852 1451 8334 20632 32767
5648 -2669 1588 7699 23600 32767
5533 -2460 1586 7770 21318 32767
5400 -2274 1411 9726 13369 32767
5011 -2026 1120 14268 2082 32767
5053 -1906 1103 18080 -5824 32767
5100 -1713 1162 23855 -13591 32767
4769 -1150 1487 28043 -9650 32767
4013 -562 1907 29039 -572 32767
3507 -259 2123 27607 15394 32767
3047 42 2121 25529 23690 32767
3014 90 1962 22581 29806 29490
3276 124 1436 21628 29602 27656
3802 244 1086 22151 26845 28160
4100 477 1001 24426 21527 30370
4143 909 938 26986 19551 31521
4075 1320 869 32261 20294 31643
4160 2191 640 32767 21993 30336
4626 3027 238 32767 20267 29241
5123 3612 -247 32767 11037 26960
6038 4081 -767 32767 557 24625
6472 4222 -1303 32767 -15028 18162
6830 4177 -2105 32767 -24137 8099
7053 3834 -2623 32767 -23918 101
7585 3152 -2823 32767 -18510 -11327
10089 1417 -2869 32767 -25534 -17465
13168 -798 -3139 22944 -32768 -19625
14160 -2128 -4012 3177 -32768 -26537
13931 -3672 -4250 -20922 -32768 -32768
13486 -4818 -2328 -32768 -32768 -32768
13786 -5679 -1215 -32768 -32768 -32768
14287 -7209 -1480 -32768 -32768 -32768
15265 -8957 -1148 -32768 -32768 -32768
15921 -9878 180 -32768 -32768 -32768
14153 -9296 4771 -32768 -32768 -32768
15296 -8726 5989 -32768 -32768 -32768
13112 -8472 5853 -32768 -32768 -32768
10641 -7874 4849 -32768 -32768 -32768
9657 -7640 4847 -32768 -32768 -32768
8036 -7739 5487 -32768 -32768 -32768
6198 -7292 5258 -32768 -32768 -32768
5060 -6962 4172 -32768 -32768 -32768
2983 -6316 2223 -32768 -27874 -32768
2004 -6077 1334 -32768 -23514 -32768
1417 -5939 692 -29862 -15525 -32768
1184 -5819 539 -18368 -11179 -32768
1117 -5646 402 -5183 -11105 -28114
1093 -5327 540 2460 -16033 -17136
2026 -5087 573 6171 -16755 -8529
2307 -4576 289 13099 -15300 2239
1738 -3871 -290 19141 -16364 4212
1625 -2816 67 26876 -20642 1765
1707 -2200 804 28853 -23517 -1378
1982 -1366 2050 26589 -24003 -1717
2127 -1018 2695 20047 -23269 774
2415 -341 2855 15733 -21286 4262
2508 162 2960 10063 -18371 10406
2318 781 3162 5816 -14798 15031
1916 1498 3209 4010 -11838 16637
1662 1854 3183 2516 -7366 17146
1496 2262 3193 1582 -4093 16676
1585 2488 3049 1174 -2788 16083
1721 2601 2773 1350 -2228 15000
1759 2816 2213 2086 -3052 14164
1933 2994 1908 3647 -4937 13886
2188 3388 1398 5083 -4993 14348
2176 3491 1134 7378 -2945 14915
1839 3370 878 9247 -359 14091
1189 3295 575 10313 1022 12540
793 3263 361 11913 2465 9249
339 3066 146 12886 2934 6877
184 2784 182 13715 3436 3962
188 2257 324 13666 4752 2496
430 1704 530 13182 6423 2548
694 1407 601 12360 10223 4430
1086 1098 591 12083 13319 6458
1116 893 506 12399 17349 9474
1209 510 428 13354 19072 12540
1204 326 269 14333 18689 14522
1191 232 237 16104 16772 17050
1041 -10 214 17471 15505 18164
978 -278 272 19444 14175 19114
1018 -676 583 20263 13977 19584
1471 -1134 1016 20392 16063 21089
1828 -1278 1029 20361 22292 23795
2014 -1564 944 20419 29722 26513
2036 -1967 932 20106 32767 28075
1962 -2161 917 19175 32767 29599
1875 -2331 896 18260 31918 30230
2254 -2591 988 17696 29273 30864
2668 -2655 1057 16958 24920 32713
2926 -2616 1015 17224 21909 32767
2985 -2503 939 17991 20566 32767
2710 -2444 1027 19133 18471 32767
2648 -2616 1103 19870 17687 32767
2927 -2612 1154 20649 18695 32767
3733 -2566 1352 20491 22224 32767
4545 -2474 1515 19691 24524 32767
5010 -2091 1383 18551 25541 32767
4831 -1887 1203 18941 22528 32767
4497 -1666 1126 20111 19361 32767
4175 -1455 1102 23192 17475 32767
4072 -1374 1130 26507 21277 32767
4120 -1297 1240 27845 24739 32767
4239 -1224 1293 28137 27490 32767
4459 -1001 1245 26980 27666 32767
4676 -735 993 26164 26845 32767
4821 -510 737 25869 23810 32767
4601 -157 446 26569 20605 32767
4144 171 535 28296 17039 32767
3835 458 736 29410 17039 32767
3339 906 1153 29221 17284 32767
3411 1103 1478 27510 16914 32767
4221 1441 1397 26545 16208 32767
4585 1800 963 27428 13343 32680
4543 2331 260 31722 9493 30177
4060 2862 -218 32767 8121 26562
3938 3277 -461 32767 6633 18920
3686 3865 -712 32767 3800 12765
3581 4047 -867 32767 -5078 2736
3780 4090 -714 32767 -12882 -2924
4648 3675 -365 31982 -18714 -5938
5826 3325 -484 21207 -14758 -4031
6997 2525 -1736 15106 -4775 -230
6872 1992 -2803 13580 -7814 -1520
6526 1139 -3767 10512 -30104 -9802
7204 -148 -3147 5239 -32768 -15815
7841 -1055 -2668 -6975 -32768 -20647
8244 -2257 -2048 -21933 -32768 -22084
8269 -3436 -1642 -31685 -32768 -22590
8910 -4311 -1484 -32768 -32768 -21492
10277 -5905 -2498 -32768 -32768 -21523
12790 -8539 -3760 -32768 -32768 -23574
14702 -10221 -3809 -32768 -32768 -31641
14600 -11941 -2040 -32768 -32768 -32768
12312 -12634 2086 -32768 -32768 -32768
12633 -12134 3183 -32768 -21830 -32768
12607 -11441 2865 -32768 6507 -32768
12877 -11632 1488 -32768 13811 -32768
13003 -12851 -464 -32768 8684 -32768
12324 -13319 -66 -32768 3719 -32768
10871 -13363 1293 -32768 4800 -32768
8584 -13826 2574 -32768 6120 -32768
7524 -13741 2805 -32768 -3612 -32768
7287 -12320 1733 -32768 -14752 -32768
6475 -11160 1366 -18617 -32768 -32768
4414 -10082 1624 -6056 -32768 -32768
3260 -9292 1978 809 -32768 -32768
2228 -7905 2529 8745 -32768 -32768
1416 -6763 2758 12840 -32768 -32768
997 -6026 2705 18079 -32768 -32768
707 -5085 2902 19716 -32768 -32768
761 -4511 3149 19017 -32768 -32768
1109 -3815 3485 16628 -32768 -27565
1007 -3099 3590 14719 -32768 -17269
455 -2285 3573 14012 -32768 -12362
28 -1670 3584 13048 -32768 -8331
-196 -950 3644 12047 -32768 -6858
-203 -618 3623 10794 -25160 -5677
-77 -384 3527 8596 -13988 -3425
156 -148 3294 6511 -6813 69
430 -60 3124 5582 -3054 3795
1025 176 2856 5248 2440 11775
1416 416 2601 5998 5386 18241
1848 935 2195 8183 6360 27831
1808 1369 2030 9914 5058 32767
1965 1592 2052 12669 3325 32767
2119 1845 1940 14867 3638 32767
2364 1842 1844 18558 6222 32767
3007 1617 1720 22273 9730 32767
3545 1248 1681 24545 11571 32767
4003 1129 1681 27360 13649 32767
4720 1189 1541 29007 14962 32767
4830 1353 1411 31048 16992 32767
4345 1317 1321 32352 18154 32767
3696 1208 1306 32762 18485 30139
3361 1072 1298 32560 19086 26008
3089 873 1315 31776 19570 23809
2644 648 1217 29974 20996 21758
2374 455 964 28660 22308 21302
2186 297 756 26716 23101 21615
1773 229 469 25573 22547 22069
1514 188 303 24245 20581 22649
1165 52 63 23681 18045 22991
904 -42 -84 23665 16325 23100
789 -105 -59 23702 14325 23063
682 -234 -3 23916 14409 22977
697 -432 180 23855 15913 23043
818 -617 339 23248 20106 23729
1290 -927 507 22041 25492 25888
1595 -1164 505 20981 28453 27795
1634 -1220 402 19389 30848 30366
1546 -1341 237 18416 30701 31502
1303 -1400 132 17247 27891 31682
969 -1428 64 16777 24710 30810
805 -1520 60 16726 20695 28755
983 -1819 86 17128 19911 27597
1211 -2133 421 16880 23157 26732
1919 -2781 921 15191 31951 27525
2724 -3116 1044 13354 32767 28950
2918 -3115 976 10297 32767 30932
2958 -3044 582 8755 29588 31480
2515 -2974 164 9314 19296 30661
2342 -3046 51 12077 3173 29109
2429 -3086 122 15873 -7030 29070
2680 -3172 428 17783 -8313 30388
3326 -3442 1349 18397 -641 32767
4553 -3354 2006 17224 8318 32767
5251 -3017 2271 13221 17754 32767
5323 -2530 2124 9523 15690 32767
4723 -2181 1547 8994 8891 32767
4208 -1951 1208 11343 -4828 32767
4075 -1818 1209 15721 -13107 32767
3939 -1595 1348 18603 -11490 32767
3862 -1419 1555 21272 -1243 32767
3803 -1336 1675 20971 9782 32767
3888 -1228 1751 18125 15539 32767
4048 -1027 1714 15338 15518 32767
4125 -881 1642 11192 11254 32767
3942 -678 1379 9244 7310 32767
3729 -513 1121 8471 2182 32767
3333 -270 936 9824 800 32767
3059 -75 1033 11387 3668 32767
3055 164 1075 14079 11847 32767
3123 573 1132 16573 17070 31035
3348 904 1099 18314 15858 30086
3517 1070 928 21921 8339 29080
4026 1246 858 24997 2423 28957
4432 1477 1000 29694 -1496 29110
4727 1974 1151 32576 395 28754
4702 2497 1201 32767 3666 27093
4723 2996 1166 32767 2715 25215
4623 3426 846 32767 -3127 20478
4598 3680 322 32767 -7797 16052
4584 3694 27 32767 -14238 8076
4843 3428 -184 32767 -18060 79
5435 2953 -679 32767 -18176 -4397
5881 2534 -1144 32767 -18160 -9679
6965 1706 -1994 32767 -23453 -13815
7606 728 -2774 25828 -30544 -16945
8306 -74 -3261 12074 -32768 -20884
9606 -1537 -3747 -3651 -32768 -23886
11225 -3107 -3904 -19482 -32768 -26839
12662 -4628 -3294 -30268 -32768 -30479
12859 -5546 -2470 -32768 -32768 -32768
12840 -6416 -790 -32768 -32768 -32768
13106 -6985 -170 -32768 -32768 -32768
14347 -8359 -159 -32768 -32768 -32768
15781 -10041 36 -32768 -32768 -32768
11995 -9021 4006 -32768 -32768 -32768
15170 -9678 6021 -32768 -32768 -32768
13886 -10223 7787 -32768 -32768 -32768
11796 -8601 6584 -32768 -32768 -32768
10676 -8198 5896 -32768 -32768 -32768
9507 -8443 5578 -32768 -32768 -32768
7539 -8480 6167 -32768 -32768 -32768
6123 -7844 5544 -32768 -24124 -32768
4660 -7406 3569 -32768 -18180 -32768
3740 -7474 1969 -32768 -14931 -32768
2129 -7266 75 -27786 -15801 -32768
1416 -6967 -203 -10694 -19599 -32768
1818 -7172 426 -1481 -21481 -32768
2218 -6731 1089 8283 -21155 -20187
1628 -6357 1643 12237 -23334 -6335
1092 -5513 2162 12307 -24231 -610
1108 -4783 2130 12996 -21785 5173
610 -3760 1567 15587 -20504 5625
495 -2978 1579 20304 -19800 3850
941 -1888 2169 22013 -17780 3672
1190 -1295 2811 20688 -14872 5540
1436 -789 3329 17961 -12823 8260
1561 -105 3620 13483 -10495 13261
1547 555 3672 10528 -10393 16305
1506 977 3613 7167 -11676 19890
1412 1588 3525 5214 -12727 21465
1218 2008 3700 4370 -11793 20991
1182 2275 3682 4008 -6027 18820
1261 2805 3377 4305 -914 17103
1320 3138 2918 5284 4581 14618
1214 3223 2577 6373 4192 11920
1120 3182 1968 7234 1437 10265
1036 3094 1650 8261 -2905 8468
907 2981 1291 8640 -3934 8066
1046 3037 1105 8647 -1558 9553
1025 3102 1178 6874 3100 12578
832 3024 1385 4606 6688 14775
569 3159 1339 658 11917 17702
340 3295 1191 -2281 17382 18848
36 2864 861 -2873 22874 17368
99 2089 596 -2009 25448 15775
273 1793 459 513 26051 13849
589 1501 336 2645 24640 13396
698 1229 254 6112 20897 13864
783 920 334 8201 18009 14930
775 818 366 10768 14556 17328
563 635 632 11887 13259 18853
492 107 967 12851 14151 20845
547 -142 1034 13606 18739 23187
505 -586 1116 13711 22305 24493
451 -685 1159 12780 26383 25828
401 -891 1189 11652 27842 26258
436 -1130 1222 9852 28447 26483
523 -1547 1237 8840 27951 26778
803 -1793 1261 8848 27119 27280
1041 -2074 1428 9078 25727 28619
1320 -2397 1661 9067 24586 29705
1436 -2341 1758 8441 21688 31333
1399 -2577 1842 7257 18061 32538
1896 -2933 2161 5477 15194 32767
2468 -3060 2130 4962 14047 32767
2591 -3046 2098 5486 12415 32767
2563 -2999 2088 7023 10543 32767
2350 -2700 2108 8314 9888 32767
2290 -2679 2291 9569 11219 32767
2645 -2550 2577 9543 13640 32767
2919 -2460 2730 7989 17014 32767
3332 -2330 2867 5254 17966 32767
3943 -2111 2602 3876 17398 32767
4213 -1840 2034 4633 15920 32767
4114 -1643 1651 7910 12568 32767
3710 -1384 1446 11607 9829 32767
3556 -1174 1661 13176 9765 32767
3563 -1019 1794 13660 11780 32767
3633 -897 1921 12513 13224 32767
3667 -796 1801 11548 12479 32767
3683 -795 1759 10482 10451 32767
4037 -839 1756 10406 11129 32767
4601 -703 1616 11082 13006 32767
4804 -501 1511 13022 14904 32767
4604 -130 1309 15784 13342 32767
4057 263 1276 17806 10032 32767
3849 669 1314 20732 3850 32767
3875 892 1342 23411 730 32767
3805 1182 1474 24966 1624 32270
3750 1193 1517 26740 7547 27694
3724 1649 1457 27681 14476 23668
3867 2504 1183 27842 16117 21960
4370 3386 669 27879 11118 21473
4713 3857 276 28946 203 21877
5071 4094 -271 30580 -6491 21088
4974 4072 -379 32767 -12907 16044
4688 3916 -794 32767 -14291 10024
4831 4044 -1406 32767 -13958 -628
5543 3701 -2969 32491 -13435 -9598
7102 2465 -4239 27402 -17547 -12642
8313 1292 -4399 10786 -32768 -12570
9718 -710 -4345 -4170 -32768 -11443
9684 -1884 -4218 -26212 -32768 -14975
9262 -3102 -4252 -32768 -32768 -27247
10040 -4502 -4080 -32768 -32768 -32768
11229 -5554 -4058 -32768 -32768 -32768
13924 -7916 -4318 -32768 -32768 -32768
16765 -10654 -4122 -32768 -32768 -32768
17017 -12423 -2910 -32768 -32768 -32768
16303 -13085 -1207 -32768 -32768 -32768
18018 -16118 -1740 -32768 -32768 -32768
15904 -13943 4184 -32768 -30036 -32768
16662 -13915 3206 -32768 -15539 -32768
16439 -14563 1580 -32768 -2837 -32768
14706 -14645 1367 -32768 -2619 -32768
11938 -15047 2225 -32768 -2611 -32768
10438 -14541 2409 -32768 278 -32768
8270 -13600 2472 -30912 -8538 -32768
7208 -12089 1333 -19417 -19506 -32768
6180 -11308 937 -2720 -32768 -32768
4241 -9641 1374 7916 -32768 -32768
2616 -8330 2460 12586 -32768 -32768
1554 -7165 2588 15174 -32768 -32768
-809 13 2780 8991 -3753 -654
-377 253 2540 9794 -3763 1664
18 240 2522 11174 -3500 7178
902 487 2580 12174 -2721 12697
1370 573 2552 13982 -1356 22427
1665 989 2275 16361 378 31470
1847 1507 1935 18310 2451 32767
1854 1861 1727 21864 5567 32767
2215 2160 1617 25340 7541 32767
3172 2101 1578 27310 8951 32767
3756 1768 1630 29013 9844 32767
4512 1334 1826 28614 7773 32767
4842 1608 1636 27971 8333 32767
4165 1712 1102 28123 11410 32767
3295 1543 1005 28086 16504 32767
3113 1441 1019 26691 22363 31120
2980 1396 1074 24881 26447 28257
2754 1278 1295 20400 30483 25446
2229 890 1478 15220 32572 23501
1958 655 1298 12340 32767 22880
1739 637 1016 9879 32767 22286
1254 459 579 10037 32767 21566
1456 -22 459 11088 32767 21883
1895 -239 492 13023 32767 24740
2305 -201 533 14305 32767 29233
2152 -174 691 14368 31214 32767
1573 -295 740 14042 27316 32767
1164 -314 677 13811 21198 32767
771 -347 564 14278 17422 32653
803 -617 702 14573 17172 31578
959 -820 750 14933 19686 30674
1455 -1096 926 14679 22217 30972
1682 -1233 939 13848 25402 32075
1756 -1455 862 12768 25450 32767
1501 -1561 630 12221 23037 32767
1243 -1625 437 12001 16258 31596
924 -1673 202 5882 9776 27616
3284 -3418 1301 5005 7591 30587
3604 -3360 1391 4401 7769 32767
3953 -3185 1411 3401 8380 32767
4450 -2818 1495 2578 6643 32767
4655 -2659 1488 2658 3767 32767
4629 -2518 1335 4827 -1261 32767
4324 -2256 1079 9486 -4329 32767
4055 -2082 1159 12898 -4642 32767
4027 -1977 1391 16644 -2700 32767
4224 -1811 1746 17917 -192 32767
4372 -1669 1876 21043 15029 26285
4619 1245 1098 27422 8851 27667
5035 2105 626 32767 3855 29005
5069 2946 474 32767 1025 28726
4922 3296 447 32767 -3977 25621
4796 3767 122 32767 -10775 19788
4691 3990 -345 32767 -17212 11743
4764 3820 -690 32767 -19422 5955
5366 3634 -1613 32767 -18671 -1896
5958 3103 -2450 32767 -18055 -6889
6479 2455 -2918 31108 -23236 -14336
7920 1140 -3620 14914 -32768 -19436
10155 -582 -4269 3989 -32768 -20808
11245 -1498 -4568 -12690 -32768 -24132
11988 -2729 -4685 -24719 -32768 -29053
13406 -4006 -4043 -32768 -32768 -32768
13914 -4917 -3426 -32768 -32768 -32768
13803 -6396 -2870 -32768 -32768 -32768
13799 -7463 -2016 -32768 -32768 -32768
14637 -9041 -290 -32768 -32768 -32768
10355 -7308 2287 -32768 -32768 -32768
13597 -10251 3905 -32768 -32768 -32768
13906 -9963 3328 -32768 -32768 -32768
13424 -10401 2896 -32768 -32768 -32768
12611 -10587 3949 -32768 -32768 -32768
11203 -10221 5382 -32768 -32768 -32768
8751 -9139 5517 -32768 -32768 -32768
6754 -8613 5194 -32768 -32768 -32768
4486 -7189 4066 -32768 -25994 -32768
3067 -6176 2953 -32768 -11155 -32768
2403 -6112 2068 -32768 -3352 -32768
2052 -6148 494 -27656 -111 -32768
1858 -6361 -390 -3718 625 -32768
1667 -6328 -953 18560 -4525 -21605
1593 -5762 -210 28260 -11024 -14501
1538 -5340 790 32589 -18867 -6759
1614 -4578 2014 28279 -20915 -521
1791 -3721 2436 23930 -20181 3898
1798 -3071 2537 18208 -18621 9925
1352 -1991 2456 16313 -17078 11965
1157 -1143 2568 16323 -14872 12529
1315 -573 2833 17270 -12145 13564
1501 66 3406 17158 -8867 15906
1884 600 3669 16519 -6271 18349
2058 936 3740 14758 -3204 22440
2159 1305 3586 13303 -2569 24805
2082 1595 3394 11306 -3559 26998
1800 1920 2969 10340 -4493 27302
1768 2420 2382 10435 -3616 26917
1799 2829 1996 11522 -857 25895
1801 3219 1469 12893 1418 24294
1648 3345 1092 13660 2110 22855
1422 3372 847 14581 1870 19944
1071 3376 493 15207 413 16384
761 3472 247 15330 -820 13981
605 3568 96 15089 -1799 10614
378 3635 -18 14074 -1684 7619
154 3455 4 12986 -930 5869
167 3172 75 11024 1791 4087
455 2502 121 9847 4641 3714
653 2079 135 8569 9262 4144
763 1557 233 7568 12174 5146
848 1136 356 7006 12756 5940
838 916 380 6844 12228 6983
897 516 326 7542 11550 7586
1003 243 310 9626 10601 8961
1223 34 369 11442 10281 10470
1396 1 432 14181 11023 13917
1498 -5 580 16816 13859 17606
1294 -376 765 19213 17705 20191
1231 -1145 1101 20364 19912 21352
1246 -1497 1147 22162 22649 22380
1594 -1447 1148 24044 26542 24108
1998 -1527 1177 25417 30906 26458
2302 -1659 1349 25517 32767 28181
2343 -1774 1420 24559 32767 30205
2288 -1933 1498 23305 32767 31004
2481 -2120 1597 20715 30185 31915
2677 -2082 1555 18432 25434 32086
2801 -1873 1443 17458 22541 31838
2931 -1778 1412 16837 20243 30996
2637 -1698 1359 17164 20413 28470
2232 -1731 1303 17622 21237 26000
2126 -1736 1387 17737 22843 22792
2422 -1832 1565 16734 25992 22087
3109 -1772 1518 15834 29429 23477
3616 -1876 1541 14099 32767 27593
3966 -2100 1592 12742 32767 30807
4122 -1997 1553 10892 28763 32767
4273 -1739 1471 10101 23026 32767
4094 -1611 1318 10528 20128 32767
3945 -1539 1151 12729 17586 32767
3717 -1317 883 16445 16843 32767
3580 -1260 789 19113 16857 32767
3552 -1226 810 22334 16573 32767
3616 -985 862 24188 15340 32767
3731 -803 865 24800 13781 32767
3856 -595 802 25416 10660 32767
3883 -315 832 25763 9008 32767
3825 -139 982 25951 9978 32767
4819 3916 126 32767 11842 15632
5377 4099 -289 32767 6325 12646
5720 3830 -745 32767 -2841 6686
6135 3151 -2082 32767 -7309 1729
6503 2632 -3206 32767 -13182 -6299
7873 948 -3816 32767 -19607 -10454
9244 -194 -3423 23655 -32768 -13621
11024 -2535 -2639 -1391 -32768 -15262
12425 -4840 -2490 -28791 -32768 -20017
13040 -6540 -3677 -32768 -32768 -28085
13966 -8931 -3144 -32768 -32768 -32768
14021 -10410 -1944 -32768 -32768 -32768
14006 -11379 -568 -32768 -32768 -32768
15480 -12115 -815 -32768 -32768 -32768
10312 -13118 -250 -32768 -32768 -32768
17766 -13623 -1068 -32768 -32768 -32768
16507 -13756 2958 -32768 -32768 -32768
15078 -14152 4688 -32768 -32768 -32768
14563 -12620 3026 -32768 -19876 -32768
13229 -12532 1746 -32768 -22416 -32768
11748 -12457 2155 -32768 -28240 -32768
8763 -10916 3061 -32768 -24666 -32768
5973 -8999 2515 -32768 -23418 -32768
5055 -8122 1542 -32768 -24047 -32768
4250 -7647 1064 -21905 -30311 -32768
2902 -6540 905 -10408 -32768 -32768
1616 -5893 857 4344 -32768 -32768
838 -5233 911 15754 -32768 -31376
68 -4075 1417 23131 -32768 -26886
-325 -3309 1851 25535 -32768 -25207
-341 -2917 1926 26512 -20914 -22026
-304 -2378 1763 25434 -10697 -18208
92 -2034 1393 24308 -6991 -14784
321 -1781 1212 22279 -5759 -8404
469 -1397 1128 20502 -6798 -3586
583 -996 1188 17179 -9224 4185
600 -468 1403 14669 -10807 9016
550 -148 1567 11126 -13386 15020
587 380 1689 9484 -14324 18351
664 635 1682 8594 -12891 22594
921 906 1878 8652 -9934 25034
1288 1260 2030 9085 -2635 28137
1643 1523 1972 9924 6064 30795
2315 1835 1709 10930 10969 32701
2685 2020 1485 12998 14442 32767
3076 2397 1098 16258 14621 32767
3929 2678 673 21133 14215 32767
4566 2438 398 25019 14048 32767
4775 1973 242 32767 13774 32767
4349 1687 347 32767 11988 32767
3731 1704 544 32767 4379 32767
2900 1922 853 32767 -2603 31462
2571 2061 1028 32767 -10577 24399
2418 1929 1119 32767 -12321 18570
2130 1515 1312 30000 -10315 15621
1851 1086 1399 24320 -4051 12788
1833 811 1319 18904 4785 12212
1925 601 1000 16170 11255 12901
1730 534 512 13954 20133 14268
1494 379 208 13985 26016 14990
1232 166 -103 14917 27609 15126
915 12 -209 16978 26630 14633
726 -105 -172 19291 23488 13447
668 -299 -68 21329 20885 12366
901 -540 74 22484 20250 12224
1165 -637 15 24534 21381 13429
1449 -510 10 26496 24503 15772
1412 -571 44 27596 26686 17273
1240 -674 106 28648 28688 18710
952 -829 305 28556 29800 19025
1177 -1131 495 27890 30742 19252
1453 -1381 630 25917 32767 20172
1792 -1654 753 24160 32767 21033
1988 -1814 754 21378 32767 22803
1878 -1867 674 18711 32767 23930
1926 -2251 722 16220 32273 24782
2601 -2634 684 14845 28188 26100
2979 -2765 674 13086 19999 28902
3189 -2807 622 12475 14662 30514
3376 -3127 639 12847 9324 32220
3597 -3459 927 13651 8073 32767
4099 -3868 1511 13782 10575 32767
4950 -3585 1720 13171 18804 32767
5281 -3093 1643 12006 25140 32767
4858 -2681 1408 11492 24914 32767
4353 -2630 1231 11939 18710 32767
3901 -2650 1103 13560 9746 32767
4218 -2717 1141 14983 5528 32767
4608 -2589 1179 17339 5234 32767
5205 -2267 1275 18968 8605 32767
5316 -1909 1193 21662 15064 32767
4914 -1434 1187 24262 18433 32767
4484 -992 1291 25787 18218 32767
4347 -811 1393 28082 16579 32767
4725 -517 1452 30726 16977 32767
