0 0 0 0 0 0
2870 -1586 -1068 -32768 -21141 996
3052 -1543 -974 -32768 -20555 689
3221 -1508 -986 -32768 -20479 -25
3644 -1507 -1031 -32768 -22092 -273
4042 -1615 -1009 -32768 -25735 -289
4683 -1767 -814 -32768 -27919 -753
5228 -1971 -672 -32768 -27930 -1502
6027 -2144 -543 -32768 -25657 -3065
6602 -2306 -450 -32768 -22947 -4035
7569 -2299 -304 -32768 -16477 -4977
7778 -2250 -286 -32768 -8083 -6693
7666 -2043 -215 -32768 -1769 -11124
7244 -1785 9 -32768 -133 -15287
7248 -1712 599 -32768 -822 -19173
7375 -1953 1194 -32768 -3991 -23316
7700 -2275 1962 -32768 -5935 -25037
8563 -3117 3391 -32768 -3609 -25126
9677 -4525 4501 -25954 6090 -24573
10764 -6256 5304 -4988 21699 -24087
11145 -8014 5599 12221 32767 -24667
10878 -9048 5295 32767 32767 -28054
9604 -10117 4235 32767 32767 -32768
8980 -10591 3492 32767 32767 -32768
9025 -11131 2826 32767 32767 -32768
9133 -11676 2142 32767 32767 -32768
8879 -12215 923 32767 32767 -32768
5946 -11069 -3804 32767 32767 -32768
5802 -11812 -4847 32767 21366 -32768
6679 -11004 -2900 32767 14458 -32768
6549 -10933 -2854 32767 17987 -32768
4191 -9542 -4750 32767 21546 -32768
2208 -8153 -5569 32767 20283 -32768
1996 -7660 -5344 32767 16259 -32768
2115 -6690 -3847 32767 16807 -32768
2115 -6629 -3616 25981 22598 -32768
1148 -6052 -3409 19657 25439 -32768
786 -5924 -3473 14188 20567 -32768
-215 -5268 -3119 11071 8475 -30735
-251 -4893 -2447 8782 3389 -29820
73 -4350 -1380 4715 4954 -26751
167 -4031 -922 2586 10233 -23457
137 -3880 -885 1058 18689 -17038
32 -3415 -868 827 26041 -9715
-70 -3014 -798 666 30012 -5068
-399 -2297 -1005 584 32767 470
-662 -1761 -1405 918 32767 3268
-593 -1517 -1573 1414 28209 6609
-377 -1318 -1572 1032 22715 9832
265 -711 -1114 -921 19240 12876
679 -415 -908 -2418 18605 14577
1459 111 -938 -3177 19766 17347
2026 218 -1085 -2347 22140 19312
2821 224 -1349 -227 26596 22554
3441 240 -1360 565 30381 25457
4294 233 -1381 -62 32767 30620
4544 545 -1201 -2897 32767 32767
4555 701 -897 -5324 32767 32767
3767 979 -441 -12122 32439 17386
3507 887 -1051 -10948 28804 17257
3251 870 -1104 -10722 26574 17063
2800 1007 -810 -12131 25570 15992
2272 1132 -297 -14389 26229 14613
1825 1063 41 -18829 27463 11801
1532 910 62 -21727 27221 9780
1500 821 8 -24744 23596 7413
1412 393 -260 -25516 18611 6377
1346 215 -394 -24827 8952 5484
1269 107 -632 -20601 -1880 4779
1199 28 -641 -18071 -5534 4468
1184 30 -372 -15529 -7826 4101
1185 76 -126 -15376 -6260 3864
575 -805 -131 -22872 556 1615
585 -1123 113 -24440 -209 1069
758 -1429 172 -27675 75 28
1024 -1982 242 -31771 1171 -1129
1057 -2376 210 -32768 2640 -2160
1131 -2761 174 -32768 5006 -3744
1356 -3099 183 -32768 5126 -4388
1500 -3438 129 -32768 2938 -4762
1659 -3884 34 -32768 -1411 -4517
2271 -4489 -26 -32768 -7427 -3300
2770 -4783 -89 -32768 -11036 -2194
2818 -4834 -278 -32768 -14346 -1306
2857 -4717 -704 -32768 -16245 -1459
2876 -4575 -916 -32768 -19119 -2673
3099 -4319 -878 -32768 -21392 -3600
3392 -4108 -771 -32768 -23911 -4037
3655 -3853 -695 -32768 -24483 -3468
3865 -3349 -773 -32768 -25134 -3296
4009 -2887 -962 -32768 -28115 -4247
4303 -2357 -1018 -32768 -31737 -6333
4600 -2093 -821 -32768 -32768 -7991
4911 -1693 -366 -32768 -32768 -10501
5567 -1146 775 -32768 -32768 -12001
6733 -702 2440 -32768 -32768 -13697
8356 -770 4094 -32768 -32768 -14522
9671 -1002 5023 -32768 -22443 -15504
11672 -1535 6324 -32768 -3336 -16020
12389 -1978 8058 -16801 8515 -17211
12250 -1862 8682 3712 21284 -23413
11551 -1660 10126 19547 32767 -32768
10272 -1659 9204 30711 32767 -32768
9796 -1886 8465 32767 32767 -32768
8348 -3129 5680 32767 32767 -32768
6962 -4463 2444 32767 32767 -32768
5608 -5241 -1297 32767 32767 -32768
3610 -4014 -5863 32767 32767 -32768
-569 -1587 -3416 32767 -6582 -28152
-523 -1581 -2227 32767 -20871 -31371
-150 -1706 -1733 22699 -23781 -31490
1233 -2442 -683 12569 -10702 -23709
2134 -3084 -359 7485 -63 -15477
2459 -3461 -535 3028 11145 -2206
2296 -3438 -645 1739 18272 7375
1756 -3214 -653 1923 23024 10577
1410 -2997 -584 2640 31231 11533
931 -2677 -730 3752 32767 10083
492 -2364 -1121 4329 32767 9043
374 -2248 -1202 4097 32767 7874
345 -2144 -1246 2928 26975 7489
308 -1611 -1791 3237 19623 8162
290 -1197 -1950 4183 13804 8684
330 -883 -1923 5380 6127 8784
716 -449 -1873 5861 3383 8769
1171 -175 -1751 5267 3646 9458
1432 169 -1719 3303 7159 11078
1946 750 -1606 1621 10901 12359
2254 1008 -1622 -425 16492 14304
2318 1040 -1654 -1533 17652 15414
2571 796 -1674 -1746 13960 15541
3288 534 -1368 -1397 8154 16068
4240 80 -843 -624 8847 17441
4724 -237 -526 38 13152 18719
4981 -520 -222 847 21673 20442
5107 -1041 23 1397 28716 21915
5043 -1240 -76 1325 31864 23912
4854 -1162 -209 845 31460 25314
4163 -900 -249 -856 26810 25949
3374 -576 -155 -2684 22194 25092
3150 -455 -102 -5980 14929 22583
2475 -62 133 -9540 9596 19963
2261 132 273 -12132 8479 18665
2027 213 396 -16215 10493 17288
1645 282 422 -18880 12770 16937
1557 276 332 -21994 15705 16968
1358 182 -37 -23949 17290 17468
1093 185 -135 -25260 18171 17786
1011 187 -102 -27988 19844 17592
744 149 -34 -31510 21556 16014
531 78 -148 -32768 22372 14102
489 16 -241 -32768 22925 10064
552 -423 -732 -32768 21380 5920
680 -680 -891 -32768 18860 3746
844 -964 -1124 -32768 14103 1389
1061 -1353 -1390 -32768 10983 241
1177 -1495 -1506 -32768 7862 -1341
1300 -1641 -1540 -32768 6586 -3360
1454 -1829 -1506 -32768 6376 -4879
1638 -1750 -1764 -32768 5531 -6994
1849 -1695 -2460 -32768 3375 -8123
2183 -1756 -3034 -32768 -3807 -8622
2757 -1745 -3574 -32768 -11889 -7736
3162 -1734 -3602 -32768 -26491 -5526
3921 -1570 -3315 -32768 -32768 -3736
4463 -1566 -2974 -32768 -32768 -3330
5072 -1618 -2739 -32768 -32314 -4118
6033 -1957 -2732 -32768 -27873 -5381
6604 -1966 -2721 -32768 -21667 -8024
7072 -1982 -2849 -32768 -20532 -11853
11375 -10512 8643 32767 32767 -13816
8526 -9734 8175 32767 26317 -32768
8309 -9472 8138 32767 26673 -32768
8588 -10308 6886 32767 32767 -32768
8282 -11293 3864 32767 32767 -32768
7984 -11348 2824 32767 32767 -32768
4997 -9971 -2134 32767 30751 -32768
4895 -9378 -2446 32767 17598 -32768
5325 -9069 -1605 32767 16317 -32768
5092 -8201 -2204 32767 12590 -32768
4534 -7542 -3163 32767 8840 -32768
3907 -6637 -4574 32767 9082 -32768
3602 -5980 -4306 30775 8887 -32768
3278 -5834 -3685 25832 9567 -32768
2406 -6179 -3175 22521 11236 -32768
2134 -6016 -3266 20759 13341 -32768
991 -5152 -2661 19660 13953 -32768
716 -4925 -2343 15029 16047 -29442
95 -4274 -1642 8986 19534 -25387
-84 -3872 -1561 5694 21795 -23775
-157 -3677 -1545 2363 23644 -21926
-180 -3481 -1718 1362 23651 -20579
-175 -3369 -1777 1767 20016 -17357
-266 -3015 -1830 2743 16935 -14958
-222 -2572 -1551 3709 15500 -11418
-41 -2221 -1258 3149 17778 -7538
132 -2011 -1161 2072 20547 -4551
316 -1900 -1274 806 25143 286
584 -1710 -2041 876 24544 3548
681 -1612 -2122 1588 20413 8153
1193 -1320 -1901 1778 19224 10629
1421 -1278 -1782 1213 20754 14686
2484 -630 -1644 871 23351 20065
3077 -105 -1829 1423 24765 23837
3295 170 -2041 3804 26485 28829
3515 593 -2101 5938 25971 31357
3637 680 -2007 8027 23776 32767
4076 799 -1384 6994 24488 32767
4772 444 -775 4698 27509 32767
4891 372 -758 333 32767 32767
5178 397 -513 -2841 32767 32767
5277 467 -493 -6945 32767 32767
5150 534 -861 -8216 32767 32767
4683 558 -926 -7799 32767 32767
4125 689 -891 -6428 32767 28775
3302 725 -1066 -5336 30681 24278
3188 769 -1127 -4518 25576 18118
2810 911 -723 -5718 23380 15166
2520 980 -378 -10168 22938 12675
2406 969 -291 -16093 23306 12255
1996 788 -163 -19880 22817 12658
1085 -26 -218 -30667 22020 7140
896 -145 -565 -30433 15943 4970
840 -248 -677 -29590 10773 4310
778 -380 -447 -28454 2711 3889
779 -386 -202 -28931 1102 3507
774 -463 112 -31139 1097 1997
744 -658 178 -32768 2094 324
730 -817 68 -32768 4622 -2483
836 -1087 -56 -32768 5779 -4488
1065 -1596 -327 -32768 4364 -4935
3664 -4016 -1041 -32768 -23982 -7391
3646 -3848 -1037 -32768 -23995 -8473
3598 -3046 -1422 -32768 -24568 -9931
3544 -2804 -1517 -32768 -30747 -13111
3693 -2237 -1600 -32768 -32768 -15877
4325 -1633 -1433 -32768 -32768 -16321
4905 -1046 -1152 -32768 -32768 -14869
5099 -505 -827 -32768 -28816 -12145
4983 672 -268 -32768 -26025 -10308
4956 1249 213 -32768 -25465 -8095
5464 1559 1482 -32768 -26633 -6732
5813 1675 2003 -32768 -24023 -4101
7545 1829 4446 -32768 -18473 -2401
8715 1463 5305 -32768 -5966 -945
10543 611 5805 -20583 8651 -934
11696 -232 7145 -54 20043 -4208
12381 -921 8064 12332 29410 -9516
12287 -1695 8364 30580 32767 -24170
10811 -2018 8161 32767 32767 -32768
9894 -2511 7618 32767 32767 -32768
8737 -4188 4967 32767 32767 -32768
8447 -4791 3902 32767 32767 -32768
6489 -4359 98 32767 32767 -32768
5952 -5699 -4235 32767 32767 -32768
4579 -6027 -6185 32767 32767 -32768
4685 -5233 -5562 32767 32767 -32768
4411 -4477 -5210 32767 32767 -32768
3780 -4045 -5221 32767 32767 -32768
147 -4082 -958 8429 -19325 -18626
475 -3964 -134 3798 -15456 -16785
685 -4028 59 -1570 -4535 -12796
866 -3801 -123 -3384 2858 -9182
722 -3487 -484 -3832 11273 -3300
543 -3158 -667 -3265 17162 2141
366 -2676 -813 -3274 20612 5571
360 -2251 -832 -4510 26111 10333
351 -1767 -1045 -5690 29427 12908
459 -1243 -1493 -7116 31673 15988
666 -831 -1916 -7358 31386 17646
837 -420 -2085 -6945 28003 19385
857 -44 -2260 -5694 21776 19129
975 543 -2205 -4802 17155 17998
1184 816 -2052 -4194 13251 15734
1771 1057 -1629 -4670 12899 14706
2581 1195 -1551 -5352 15038 14732
3093 1050 -1675 -4496 17839 16325
3923 934 -1731 -2966 19374 18039
4410 663 -1914 701 21507 20547
4843 582 -1568 3674 20957 22697
4718 492 -1150 4338 21059 22967
4471 383 -329 2443 24555 21504
4422 198 76 -219 28352 20356
4548 47 127 -4809 32767 20455
4695 -141 -78 -8416 32767 23353
4504 -206 -284 -10125 27620 27222
413 222 -366 -31636 8122 14024
259 168 -537 -32115 3966 14582
261 166 -593 -32768 132 15247
287 5 -559 -32768 -556 15089
307 -157 -477 -32768 945 13850
336 -262 -508 -32768 3951 11789
279 -328 -609 -32768 5766 10225
492 -646 -1220 -32768 5914 8619
772 -1185 -1538 -32768 3301 8059
884 -1381 -1596 -32768 -3141 7340
1213 -1762 -1581 -32768 -8552 5528
1313 -1878 -1656 -32768 -10502 3445
1347 -1974 -1660 -32768 -11617 -436
1796 -2194 -1652 -32768 -12536 -3183
2061 -2371 -1720 -32768 -14799 -3970
2445 -2399 -1774 -32768 -16748 -3532
2699 -2447 -1799 -32768 -19729 -1862
2926 -2466 -1793 -32768 -23132 -76
3290 -2336 -1768 -32768 -24951 887
3857 -2247 -1692 -32768 -25899 2171
4260 -2201 -1675 -32768 -25063 2713
4739 -2244 -1637 -32768 -23834 3002
5420 -2339 -1518 -32768 -23226 2615
5548 -2380 -1422 -32768 -23287 1289
6440 -2332 -1390 -32768 -24744 606
7397 -1619 -1472 -32768 -24515 1107
7684 -1367 -1473 -32768 -16725 1952
8076 -676 -348 -32768 -7479 1021
7855 -494 410 -32768 6468 -3712
7375 -608 1020 -32768 9377 -8163
7382 -1135 1336 -32768 2525 -15091
7982 -2151 1868 -32768 -6199 -19136
9864 -4206 3615 -32768 -5926 -19510
11171 -5522 4499 -23918 6421 -15888
12340 -6648 5255 1136 27395 -10209
12434 -8310 6008 17676 32767 -10612
11189 -8965 5801 32767 32767 -22276
8173 -9767 4035 32767 32767 -32768
8029 -10144 3670 32767 32767 -32768
8934 -11085 3281 32767 32767 -32768
8864 -11749 2501 32767 32767 -32768
7743 -11909 554 32767 32767 -32768
6095 -10387 -921 32767 29484 -32768
6181 -10426 -620 32767 32044 -32768
5755 -9903 -3170 32767 32767 -32768
5538 -9070 -3785 32767 29188 -32768
5131 -8602 -4189 32767 18026 -32768
3251 -6999 -5038 32767 18666 -32768
2539 -6542 -5293 27493 21029 -32768
2232 -6352 -5332 21991 11983 -32768
2124 -5937 -4820 19184 7056 -32768
1822 -5851 -4324 16952 10205 -32768
1414 -5563 -3688 14906 18535 -32768
606 -5081 -3006 12846 22358 -26898
139 -4794 -2755 9751 25026 -19128
-247 -4320 -2624 8416 26038 -15514
-356 -3950 -2455 7236 27530 -11424
-681 -3314 -2259 6779 27127 -9568
-877 -3056 -2213 6141 21257 -8614
-932 -2750 -2133 5655 14006 -8718
-715 -2420 -1811 5095 10839 -8396
-231 -2163 -1500 3989 10591 -6203
97 -2045 -1339 3020 12905 -3546
683 -1972 -1176 1037 19199 2443
1197 -1776 -1423 -155 24235 7554
1383 -1632 -1677 -1120 28718 15414
1743 -1117 -1817 -1453 29126 22708
2062 -406 -1914 -308 26859 28348
2126 90 -1829 1161 25173 30313
2310 626 -1766 3906 24208 31114
2909 889 -1479 5469 23652 30997
3349 869 -1229 6573 23744 31102
3874 762 -986 6104 27112 32586
4589 598 -753 5023 30697 32767
5076 473 -777 2456 32767 32767
5340 557 -572 -1875 32767 32767
5253 658 -322 -5493 32767 32767
4873 606 -196 -10190 32767 32767
4405 451 -721 -10928 32767 30554
3828 411 -1082 -9190 30535 25939
3651 460 -1153 -5508 21242 19706
3513 565 -782 -3648 15261 15951
3311 740 -176 -4695 14458 14816
2976 909 239 -8942 17143 14596
2853 948 280 -14217 21776 14880
2193 918 -88 -16880 24131 14615
2047 899 -236 -18725 25015 13584
1601 689 -586 -18752 23993 12761
1477 621 -610 -17909 21162 11781
1417 529 -618 -17132 18207 11380
1450 436 -374 -17977 16587 11427
1409 451 -109 -19608 16576 11284
1287 411 3 -22904 17041 10195
929 -533 -33 -28610 1963 1074
1058 -847 -11 -29606 1970 306
1110 -958 -18 -31277 1985 -723
1197 -1346 -47 -32367 1855 -1301
1383 -1718 -86 -32768 1278 -1635
2957 -3237 -571 -32768 -25707 -2800
3362 -2909 -526 -32768 -27078 -1964
3560 -2678 -515 -32768 -25518 -1816
3772 -2172 -588 -32768 -20900 -3275
3870 -1687 -725 -32768 -19302 -4877
3917 -1570 -815 -32768 -20186 -7162
4075 -1151 -1063 -32768 -24813 -8465
4439 -761 -1035 -32768 -27791 -8641
4799 -380 -837 -32768 -29241 -8599
5470 200 -67 -32768 -26337 -8893
5654 741 400 -32768 -17954 -9482
5897 1081 692 -32768 -10829 -9670
6154 1644 1314 -32768 -9709 -9691
6513 1528 2022 -32768 -9539 -10045
8440 641 4696 -32768 -6661 -10522
9641 -221 6006 -32768 3297 -11849
10598 -1041 6881 -22249 15037 -14659
11809 -2655 7002 -4230 22847 -17207
12025 -3464 7293 26227 32767 -23906
11436 -3902 7934 32767 32767 -31467
3990 -4804 -5185 32767 25633 -32768
3400 -4297 -5029 32767 20989 -32768
753 -4091 -572 4609 11050 -9873
274 -3597 -802 2545 20227 -1019
-89 -3194 -1082 2029 23845 2773
-618 -2592 -1522 1848 25514 5615
-935 -2146 -1656 1180 23352 5999
-801 -1842 -1674 -1029 19398 6004
-446 -1638 -1664 -4037 18477 6412
-290 -1566 -1698 -5887 19657 7402
130 -1153 -1699 -8044 22390 10077
600 -636 -1953 -8597 23789 12153
699 -257 -2017 -8048 24897 14760
950 203 -1925 -6706 26273 16295
1216 471 -1890 -5471 27988 16903
1487 632 -2083 -2649 29785 17684
1855 1043 -1865 -948 29959 18149
2059 1235 -1718 635 30668 19090
2235 1296 -1550 707 30094 20549
2819 1157 -1255 -21 27736 22271
3169 918 -997 -2016 22860 24937
3641 473 -403 -3984 19520 26544
4252 -134 335 -7674 16188 28592
4757 -782 508 -9617 15548 29737
4881 -929 478 -10168 15904 30936
1547 103 381 -23425 15783 19241
1404 53 82 -26072 15834 17064
1343 25 -39 -27423 15493 16361
1250 -19 -82 -29504 14987 15737
1086 -89 -144 -31690 14560 15148
1046 -179 -224 -32768 13911 14545
954 -353 -209 -32768 12067 12690
948 -491 -280 -32768 10065 9733
1074 -702 -367 -32768 8601 7675
1161 -858 -489 -32768 6121 4651
1190 -1013 -616 -32768 3759 1799
1193 -1156 -736 -32768 2157 291
1331 -1225 -744 -32768 555 -669
1385 -1272 -711 -32768 -782 -1373
1495 -1340 -673 -32768 -1064 -1288
1694 -1446 -643 -32768 -1204 -948
1774 -1501 -670 -32768 -1637 -151
1845 -1468 -669 -32768 -2095 135
4184 -1220 -503 -32768 -25884 4338
4700 -1310 -433 -32768 -24235 2325
5078 -1553 -462 -32768 -23341 -29
5625 -1952 -670 -32768 -24935 -3392
6231 -2264 -750 -32768 -28872 -4671
7145 -2504 -697 -32768 -28876 -4461
7839 -2291 -392 -32768 -21787 -4254
7777 -2015 -59 -32768 -8796 -6568
7467 -1653 231 -32768 -1353 -9682
6772 -1086 530 -32768 3526 -15655
6377 -714 1135 -32768 2658 -19476
6385 -807 1727 -32768 -1767 -23768
6697 -1252 2279 -32768 -4559 -25485
7465 -1957 2831 -32768 -3361 -24427
9891 -4356 3770 -23062 6428 -20013
11247 -5798 4192 -8657 18342 -16005
12353 -7515 4479 16166 32767 -11855
11338 -9695 4605 32621 32767 -14059
9531 -10162 4034 32767 32767 -28276
7839 -10529 3395 32767 32767 -32768
8052 -10938 3148 32767 32767 -32768
9150 -12168 2462 32767 32767 -32768
9228 -12846 1408 32767 32767 -32768
7384 -11090 -2158 32767 32767 -32768
5748 -12649 -4300 32767 32767 -32768
5956 -11937 -4122 32767 25687 -32768
6099 -11123 -3002 32767 18378 -32768
5192 -10316 -3732 32767 16598 -32768
3499 -9163 -5021 32767 13872 -32768
2655 -8238 -5330 32767 14116 -32768
2083 -7241 -4456 32767 15296 -32768
1770 -6921 -3530 31759 17777 -32768
1377 -6621 -3295 21373 17886 -32768
527 -5919 -3244 16601 13965 -32768
-39 -5299 -2912 11972 6917 -32709
-114 -4965 -2447 9592 5615 -31092
45 -4537 -1935 5908 8661 -27820
61 -3935 -1191 3367 12601 -24878
-63 -3579 -1089 328 18560 -19679
-559 -3143 -1418 -335 20265 -16321
-728 -2972 -1520 364 17865 -12037
-1164 -2273 -1539 1017 14092 -8351
-1011 -1934 -1296 564 12166 -5788
-839 -1833 -1257 -918 12264 -568
-226 -1440 -1213 -2412 16207 5655
-75 -1384 -1238 -3158 20584 9914
443 -1098 -1307 -3934 28013 16528
935 -580 -1341 -4244 32207 20697
1040 220 -1613 -3873 32767 25392
1128 603 -1685 -3134 29585 27595
1949 799 -1337 -2960 25357 28000
2262 775 -1206 -3697 22870 28080
3420 420 -856 -5700 25503 28690
4546 22 -764 -7445 28906 30019
5429 -40 -647 -10651 32767 32767
6062 -176 -308 -14322 32767 32767
5980 -23 -125 -16173 32767 32767
5819 77 -236 -16809 32767 32767
4988 -129 -535 -15370 32767 30685
4728 -157 -611 -13735 32767 27001
4502 -45 -600 -11055 29553 22350
4316 240 -730 -8889 22753 19543
4169 558 -609 -8941 19181 18185
1255 392 -241 -27428 7825 6318
1190 264 -190 -27887 4887 5501
1038 175 -225 -27626 2964 5016
1010 173 -254 -26430 746 4489
789 202 -244 -25509 191 3998
730 203 -204 -24598 591 3040
625 205 -91 -24424 1739 2379
543 150 69 -25088 4621 1577
512 37 165 -26853 7615 1071
504 -141 169 -28829 9566 880
509 -317 125 -29823 9683 700
415 -796 -71 -30463 7753 49
420 -1049 -142 -30249 4239 -809
458 -1465 -144 -30050 1955 -1376
585 -1762 -61 -30561 -764 -1925
952 -2355 137 -31713 -2111 -2130
1088 -2762 235 -32768 -2447 -2661
1592 -3218 366 -32768 -613 -2831
1908 -3445 379 -32768 708 -2489
2098 -3735 315 -32768 298 -2330
2253 -4031 15 -32768 -4100 -2326
2391 -4291 -388 -32768 -10229 -2602
2471 -4438 -622 -32768 -21395 -3316
2724 -4421 -785 -32768 -27785 -3681
3289 -4145 -739 -32768 -31900 -4161
3571 -4010 -610 -32768 -31121 -4414
4002 -3509 -619 -32768 -27117 -4350
4002 -3257 -751 -32768 -23805 -4171
3976 -2930 -912 -32768 -23589 -4526
3958 -2204 -1046 -32768 -24582 -5189
4085 -1533 -764 -32768 -26211 -6929
4212 -995 -442 -32768 -26909 -9376
4392 -565 -87 -32768 -28305 -12037
4667 -230 346 -32768 -29930 -13418
5345 170 1188 -32768 -31417 -14136
8608 -4884 4915 32767 32767 -32768
6891 -6479 -252 32767 32767 -32768
6336 -6566 -1428 32767 32767 -32768
3548 -5045 -5387 32767 32767 -32768
3329 -5305 -5870 32767 32767 -32768
4047 -4026 -5728 32767 32767 -32768
3803 -3630 -5386 32767 23282 -32768
3349 -2987 -4999 32767 18261 -32768
2748 -2388 -4429 32767 24659 -32768
2569 -2011 -3765 32767 31574 -32768
2406 -2233 -3325 32347 32767 -32768
2379 -2423 -2971 25876 32767 -32768
1993 -2600 -2651 21532 32375 -27483
781 -2803 -2478 19928 25957 -24195
341 -3065 -2432 18484 8967 -20898
326 -3356 -1903 16979 -873 -18999
867 -3589 -1033 12785 -5777 -15397
1331 -3689 -269 6694 -826 -10160
1513 -3583 58 2595 6077 -6302
1527 -3523 -12 -2077 17949 -937
1435 -3368 -425 -3663 24691 1976
1314 -3119 -755 -3823 30950 5683
1145 -2808 -1046 -2504 32367 8503
803 -2379 -1374 -1327 28322 9635
2768 875 -1862 2218 19936 19594
3199 391 -1781 3189 21262 21942
3565 -81 -1757 3915 20467 22868
3930 -520 -1670 5402 16200 23668
4055 -860 -1341 6511 13331 23710
4214 -892 -779 7158 13099 23851
4755 -997 -329 5291 17326 25967
5129 -897 -124 906 23173 30600
5219 -636 -28 -5236 29545 32767
5093 -567 11 -9885 32474 32767
4025 -189 -90 -16078 32656 32767
2943 73 -224 -18990 29693 32767
2362 247 -218 -21746 22548 26929
1910 293 -72 -24256 15338 20339
1407 385 276 -27502 11829 15808
1118 487 325 -29891 11091 14210
1034 502 300 -32768 11272 13573
669 451 34 -32768 11683 13782
477 388 -192 -32768 12126 14335
427 332 -268 -32768 -4356 -202
1561 -1786 -734 -32768 -4714 -1268
1783 -1887 -755 -32768 -4924 -1450
1841 -1933 -820 -32768 -4911 -1720
1854 -2029 -822 -32768 -5000 -1924
1927 -2110 -852 -32768 -5432 -2141
2136 -2276 -860 -32768 -6464 -2202
2188 -2336 -856 -32768 -7803 -2248
2368 -2399 -788 -32768 -10590 -2298
2654 -2479 -660 -32768 -12359 -2162
2741 -2455 -630 -32768 -14761 -1566
3185 -2433 -595 -32768 -16394 -942
3456 -2496 -497 -32768 -19824 89
3956 -2740 -430 -32768 -21878 726
4100 -2797 -401 -32768 -22973 1376
4574 -2747 -457 -32768 -23619 1725
4793 -2707 -420 -32540 -24065 2207
5441 -2457 -231 -29945 -21773 2603
5432 -1944 -242 -27954 -18527 2253
5339 -1617 -254 -24546 -14270 650
5285 -1338 -307 -21406 -13119 -2059
5330 -837 -106 -20051 -13046 -4433
5361 -712 2 -19612 -11822 -8343
5414 -402 143 -20029 -9270 -12286
5408 -111 241 -20419 -8280 -14398
5451 238 331 -20956 -6702 -16756
5596 307 141 -20890 -5146 -17875
5688 273 -77 -19833 -5747 -19120
5808 196 -84 -19095 -9753 -20607
6557 -589 926 -20683 -8197 -21672
7746 -1601 1914 -23466 -2144 -20301
9201 -3339 2755 -26215 12500 -14273
12114 -6282 3512 -18247 30109 -5965
12178 -8406 2945 -3952 32767 -4246
11539 -8942 2836 25777 32767 -15421
7799 -9675 2809 32767 32767 -30388
7295 -9795 2856 32767 32767 -32768
8268 -10975 2864 32767 32767 -32768
8804 -11777 1814 32767 32767 -32768
8422 -12369 408 32767 32767 -32768
5518 -10972 -4586 32767 30823 -32768
6145 -11321 -3583 32767 32767 -32768
5287 -11255 -3813 32767 26651 -32768
4867 -11075 -3437 32767 13138 -32768
3885 -10199 -4338 32767 -752 -32768
3005 -9365 -4817 32767 -2363 -32768
2238 -8192 -4351 32767 4143 -32768
1959 -7655 -3569 32767 16029 -32768
1545 -7407 -3045 28920 25588 -32768
904 -6826 -3255 16927 32767 -32768
243 -6260 -3708 9974 28896 -32768
-633 -5387 -3789 7016 16768 -32768
-966 -4903 -3473 4052 3787 -32768
-848 -4010 -2206 1598 3820 -32146
1139 -1169 -1137 -1731 28395 17513
1583 -168 -1232 -2461 32767 21176
1572 96 -1293 -2934 32767 24431
1831 683 -1424 -2985 32086 25628
2188 732 -1282 -3428 25759 26333
3459 503 -981 -3936 22948 26686
4304 223 -1035 -4105 22945 28346
5007 73 -1079 -3878 26296 31016
5658 183 -1103 -3969 28925 32662
5805 265 -1070 -5026 32174 32767
5703 436 -726 -6701 32767 32767
5456 423 -497 -9736 32640 29801
4816 481 -518 -11799 30667 24082
4384 472 -598 -12345 27361 17792
4370 550 -1012 -11259 24935 14928
4228 652 -1253 -8747 21821 12986
3914 969 -1251 -7595 20961 12682
3746 1047 -1207 -7281 21696 12603
3412 1088 -1367 -7733 23796 13036
2937 1058 -1600 -8127 24812 13421
2570 1157 -1498 -9604 24902 13120
1929 1310 -1179 -11519 24039 11966
1273 1280 -788 -16255 21511 8349
960 1268 -509 -22547 18814 3362
798 1170 -207 -26923 17044 443
829 997 -90 -32768 12475 -2102
841 563 -85 -32768 5100 -2719
809 296 -206 -32768 -101 -2501
827 70 -371 -32768 -8073 -1281
742 -103 -418 -32768 -12783 -238
723 -169 -392 -32377 -16991 949
756 -300 -244 -29358 -17300 1744
772 -398 71 -27905 -15422 1938
892 -414 248 -26873 -9504 2177
981 -518 363 -27053 -1724 2637
1411 -2668 389 -32768 531 4566
1380 -2805 341 -32768 -4074 5460
1530 -3276 95 -32768 -8342 5780
1631 -3472 -39 -32768 -14812 6209
1882 -3595 -121 -32768 -18056 6863
1976 -3563 -103 -32768 -20194 8280
2165 -3586 7 -32768 -19913 9029
2339 -3514 149 -32768 -19860 10372
2580 -3401 133 -32768 -19116 11484
2661 -3324 35 -32768 -18801 12997
2688 -3286 -163 -32768 -19554 13496
2922 -3043 -312 -32768 -20199 13160
3065 -2997 -349 -32768 -20838 11353
3662 -2781 -265 -32768 -20778 9427
4088 -2733 -279 -32768 -21079 8706
4564 -2547 -433 -32768 -22469 7802
4768 -2367 -477 -32768 -23276 6383
4905 -2072 -463 -32768 -21702 2260
4977 -1552 -343 -32768 -19379 -1377
5049 -881 -217 -32768 -16814 -6260
5002 -493 -176 -32768 -16581 -8760
5002 -129 -65 -32768 -17870 -11394
5482 696 591 -32768 -18750 -12490
5704 868 843 -32768 -18031 -13604
7041 1373 2505 -32768 -15876 -14174
7493 1357 3090 -32768 -9063 -15370
9247 1144 4868 -32538 2186 -16755
11584 -112 6169 -21178 12899 -18231
11841 -395 6826 2019 30248 -23933
11636 -798 7340 19077 32767 -29636
10854 -1165 7902 32767 32767 -32768
9083 -1813 7462 32767 32767 -32768
7800 -2704 5671 32767 32767 -32768
6154 -4205 1915 32767 32767 -32768
5556 -4981 -214 32767 32767 -32768
3987 -3846 -3125 32767 32767 -32768
4096 -3982 -3713 32767 32767 -32768
1151 -3090 -1657 26157 16606 -21066
855 -3202 -1577 22213 10833 -21695
594 -3758 -1294 18921 6273 -21160
726 -3876 -1009 12919 519 -17772
855 -3822 -572 6262 -1631 -12793
720 -3668 -438 2731 55 -10067
543 -3401 -545 116 4765 -7013
525 -3191 -796 202 7998 -5097
524 -3061 -905 1771 11777 -1874
605 -2854 -927 3364 15269 2256
814 -2425 -929 3907 17934 5271
846 -2289 -934 3630 22204 9395
794 -1722 -1063 2484 25533 12156
720 -1226 -1217 1516 26554 13003
705 -934 -1375 535 26667 13104
760 -526 -1569 472 25819 12802
808 -417 -1649 1076 23176 12456
1193 -87 -1745 1513 19091 12958
1531 192 -1542 743 13955 12844
1849 375 -1424 -654 9667 11605
2697 263 -1566 -1088 7999 11061
3076 169 -1636 -265 6822 12120
4333 -120 -1700 1916 7729 15016
4791 156 -1505 3359 9638 17406
4987 289 -911 3843 15427 20021
4981 223 -327 2666 20290 20988
5055 256 -71 -1917 28684 22890
1717 608 205 -20683 18694 16861
1432 580 50 -23659 18577 15354
1036 513 -302 -26511 16944 13953
736 442 -608 -27691 13825 13456
456 348 -517 -28459 11728 13316
367 311 -445 -30472 9732 12561
223 200 -302 -32768 8859 11053
172 38 -294 -32768 8400 9658
135 -340 -388 -32768 7173 6169
214 -551 -503 -32768 5305 3958
1920 -1930 -1198 -32768 -3247 2093
2059 -1835 -1166 -32768 -3306 2014
2029 -1790 -1198 -32768 -4261 1188
2165 -1759 -1252 -32768 -7902 167
2393 -1770 -1375 -32768 -11039 -255
2718 -1879 -1588 -32768 -17367 -452
3203 -1701 -1690 -32768 -22422 28
3409 -1617 -1705 -32768 -28308 1567
4274 -1558 -1414 -32768 -31817 2604
4822 -1451 -1093 -32768 -32768 3533
5532 -1412 -773 -32768 -30967 3457
5824 -1483 -590 -32768 -25603 1749
6239 -1480 -600 -32768 -22040 -938
7269 -1560 -1037 -32768 -18560 -3341
7674 -1654 -960 -32768 -15629 -4147
8675 -2134 -572 -32768 -8418 -5708
8876 -2346 70 -32768 -3120 -8290
8420 -2365 666 -32768 4664 -15113
7978 -2676 1472 -32768 5419 -20910
8262 -3433 2063 -32768 654 -27209
9023 -4448 3305 -32768 -2512 -28560
10168 -5907 4446 -24111 7673 -26619
10555 -6375 4773 -7190 21509 -24149
10912 -7828 5764 18542 32767 -21853
10130 -8632 5290 32767 32767 -23893
8536 -9635 3624 32767 32767 -32768
7828 -10016 2738 32767 32767 -32768
7554 -10228 2458 32767 32767 -32768
7807 -10662 1678 32767 32767 -32768
7762 -11124 372 32767 32767 -32768
6816 -10154 -3930 32767 32767 -32768
6213 -9924 -4730 32767 23041 -32768
6033 -8890 -3228 32767 16689 -32768
5143 -8608 -3500 32767 16640 -32768
3381 -7565 -4603 32767 18055 -32768
2318 -6592 -4845 32767 17724 -32768
2051 -6069 -3905 32767 17413 -32768
1768 -5860 -3367 32767 22069 -32768
1272 -5639 -3073 21670 28370 -32768
1060 -5416 -3077 16118 30559 -32768
741 -5202 -3149 10989 28518 -30371
36 -4663 -3134 8683 21198 -27217
-209 -4131 -2657 7519 13933 -26100
-170 -3749 -2179 5453 7953 -24386
-38 -3516 -1630 2738 8916 -21541
138 -3159 -1202 1130 13147 -17321
102 -2923 -1191 1072 15580 -14060
-11 -2509 -1138 1973 18535 -9010
-131 -2154 -1141 2866 20224 -5798
-151 -2013 -1117 4027 22485 -1451
-143 -1721 -1084 4453 24840 2708
3561 337 -995 -169 23837 32767
3831 349 -869 -769 18776 32767
4010 352 -990 -650 17496 32149
4314 358 -824 -2032 22523 30578
4998 263 -196 -4807 27403 30816
5087 339 -69 -10973 32767 31983
5144 523 -98 -14650 32767 32334
4998 530 -513 -16491 28650 30570
4627 582 -878 -14382 22590 25982
4037 510 -608 -12200 20503 21703
3964 466 -495 -9908 21867 15590
4144 243 -542 -9127 24186 13357
4148 223 -593 -9176 26533 13082
3869 289 -496 -11159 27531 14186
3188 520 -364 -13017 28245 14372
2633 620 -307 -15569 27809 13049
1678 708 -511 -16796 23762 10504
1419 580 -686 -16675 19234 8948
760 -53 -333 -25655 13322 2080
722 -182 -256 -25598 10098 535
737 -355 -282 -25457 7607 -513
778 -549 -285 -25408 6152 -908
719 -681 -145 -25990 4015 -1446
644 -854 -3 -26896 3206 -1908
622 -1019 85 -28906 2697 -3009
698 -1413 109 -31333 2845 -4110
846 -1730 77 -32768 2645 -4531
1018 -2278 -50 -32768 1404 -4639
1163 -2567 -101 -32768 303 -4347
1357 -3028 -23 -32768 -1644 -3673
1378 -3258 92 -32768 -3276 -3285
1536 -3530 292 -32768 -3972 -3176
1646 -3697 256 -32768 -5110 -3235
1716 -3816 153 -32768 -6560 -3389
1869 -3881 -86 -32768 -10005 -3309
1992 -3824 -319 -32768 -13229 -2989
2085 -3768 -318 -32768 -17774 -1784
2471 -3528 -164 -32768 -20001 -37
2662 -3339 -28 -32768 -20610 1102
2923 -2970 -3 -32768 -19581 2198
3114 -2682 -160 -32768 -19408 1936
3362 -2354 -380 -32768 -21154 946
3423 -2284 -447 -32768 -24956 -1868
3722 -1876 -598 -32768 -27212 -4210
4272 -1433 -604 -32768 -28384 -7141
4801 -1049 -521 -32768 -27108 -8569
5130 -757 -520 -32768 -23166 -9771
5276 -321 -489 -32768 -19369 -10940
5308 6 -306 -32768 -17716 -11910
5343 458 11 -32768 -14158 -13517
5517 1105 1124 -32768 -11944 -14669
5913 1397 2368 -32768 -11625 -14936
6280 1382 3294 -32768 -10137 -16106
6931 1165 4167 -32768 -7195 -17368
8503 258 5155 -32768 524 -18805
9975 -670 5702 -22384 8335 -18429
11923 -1783 6457 906 23229 -16401
11829 -2450 7969 20313 32767 -20385
10834 -2826 8139 31193 32767 -29226
10162 -3086 7519 32767 32767 -32768
9096 -4230 5097 32767 32767 -32768
8609 -5578 2927 32767 32767 -32768
8581 -6317 1605 32767 32767 -32768
7173 -6273 -3505 32767 32767 -32768
5785 -7368 -5439 32767 32767 -32768
5228 -5948 -5425 32767 32767 -32768
5474 -5955 -4973 32767 32767 -32768
5580 -5474 -5095 32767 32767 -32768
4811 -4953 -5425 32767 32767 -32768
3630 -4347 -5376 32767 32767 -32768
2959 -3913 -5180 32767 32767 -32768
2136 -3509 -4765 32767 25560 -32768
1343 -3329 -3880 32767 12102 -32768
1043 -3339 -3531 32767 -6241 -32768
634 -3387 -2335 23887 -11620 -32768
658 -3472 -2067 18155 -9848 -32768
944 -3882 -1428 11000 -3368 -27395
1126 -4175 -1018 7450 2233 -20775
962 -4049 -817 4094 11722 -10554
533 -3873 -723 2519 21108 -2154
373 -3750 -687 1986 25698 2090
-227 -3206 -864 1954 30061 6393
-493 -2883 -1006 2012 30008 7958
-677 -2621 -1077 1269 25864 8608
-442 -2225 -1053 255 23181 8539
-117 -2098 -1000 -1953 19105 8354
420 -1862 -1037 -3935 16684 8527
965 -1440 -1115 -4692 16443 9058
1433 -1073 -1298 -4849 18151 10779
1569 -858 -1370 -3513 19905 13057
1990 -94 -1490 -1768 22250 14916
2278 124 -1489 -1263 24685 15775
2878 471 -1386 -1924 27038 17121
3254 602 -1546 -2542 27356 17624
3370 634 -1619 -2482 25670 17503
4009 597 -1649 -2061 23333 17464
4900 216 -1182 -2368 18038 17599
5092 -140 -475 -3361 13153 16986
2389 718 -524 -15952 32767 32767
1975 639 -584 -17163 28446 27959
1777 566 -545 -19340 19041 20314
1828 610 -131 -23430 12188 16146
1873 532 210 -26822 9319 15162
1811 497 250 -31851 7874 15023
1547 481 216 -32768 7707 15267
1444 438 173 -32768 7561 15049
1095 213 68 -32768 7421 14096
810 -20 -64 -32768 6385 10762
642 -251 -175 -32768 4500 7814
591 -373 -167 -32768 3302 5770
600 -507 -96 -32768 1703 2898
645 -716 -19 -32768 569 1165
703 -810 -22 -32768 -1151 -1123
782 -959 -201 -32768 -2873 -3246
789 -1036 -279 -32768 -3744 -5322
1026 -1111 -399 -32768 -4098 -6281
2121 -1310 -751 -32768 -9364 -3181
2278 -1164 -1032 -32768 -12217 -3150
2427 -1097 -1135 -32768 -18234 -1704
2917 -853 -1355 -32768 -25358 975
3409 -738 -1238 -32768 -28636 2344
3882 -535 -985 -32768 -29464 2470
4527 -765 -850 -32768 -28285 1189
4999 -997 -781 -32768 -26154 -1950
5703 -1335 -875 -32768 -23795 -5701
6222 -1658 -1023 -32768 -22032 -7942
6908 -2246 -1260 -32768 -20083 -10488
7519 -2504 -1210 -32768 -17656 -11678
7774 -2595 -1081 -32768 -14050 -12067
7800 -2485 -779 -32768 -6565 -13588
7552 -2242 -221 -32768 -1861 -15604
7233 -2086 561 -32768 1432 -19443
7118 -2127 1280 -32768 1244 -22137
7136 -2527 2092 -32768 -2515 -25691
8425 -3816 3737 -32768 -2077 -27022
9986 -5218 4815 -19134 6437 -26716
10426 -5761 5004 8718 28507 -25400
10796 -7882 5066 28442 32767 -25080
9650 -8334 4906 32767 32767 -29612
7661 -8455 3921 32767 32767 -32768
7091 -8732 2468 32767 32767 -32768
7400 -9070 1404 32767 32767 -32768
7746 -9484 202 32767 32767 -32768
5271 -8939 -4803 32767 32767 -32768
5044 -8346 -5072 32767 27298 -32768
5358 -7711 -3509 32767 23832 -32768
4726 -7386 -3598 32767 23120 -32768
3697 -6564 -4550 32767 17369 -32768
2140 -5492 -5416 32767 13378 -32768
1823 -4790 -4708 32767 10643 -32768
2053 -4713 -3690 29722 13171 -32768
2010 -4823 -3219 21167 16112 -32768
1850 -4738 -3126 12735 20384 -32768
1255 -4303 -2632 10048 22398 -32768
977 -4129 -2380 8762 23182 -30642
439 -3769 -1978 8620 21211 -27661
197 -3444 -1596 8120 17081 -23503
-73 -3000 -1045 7032 15867 -19993
-157 -2785 -828 6308 16578 -17527
-260 -2527 -830 5957 18273 -13494
-395 -2252 -896 5996 19059 -10753
2682 165 -1242 -2716 30709 27971
3029 373 -1263 -2062 29745 29777
3232 555 -1266 -980 28287 30228
3551 534 -1129 -713 27896 28786
4194 472 -987 -1726 28457 28213
4878 524 -723 -3052 28657 28581
5230 422 -759 -4871 28601 29236
5076 443 -760 -5944 27222 28276
4780 592 -611 -6774 24306 24743
4199 1003 -282 -7327 21693 21142
3984 1035 -540 -6597 17789 15576
4043 750 -1115 -4564 15951 12846
4039 581 -1122 -1527 15408 10952
3959 577 -1058 -633 17746 10847
3430 708 -634 -2731 21832 10932
2815 806 -307 -5366 24844 10813
2305 833 -249 -9982 27878 10348
1813 815 -340 -14275 26808 9216
1655 764 -378 -16538 23739 7794
1199 584 -480 -18837 17975 5008
1105 365 -469 -19665 14228 3172
1104 311 -441 -20186 9977 1271
1137 140 -335 -20297 8250 616
1216 -22 -150 -20567 6486 616
1204 -95 -79 -20645 5945 1267
1128 -116 -62 -20364 6386 1590
1016 -150 -94 -19261 7925 1619
913 -168 -235 -17419 9859 1188
740 -137 -215 -16241 11230 734
713 -96 -86 -15742 12047 379
646 -186 -20 -16809 11267 498
605 -310 -33 -18180 9656 712
619 -415 -90 -20667 5662 1172
570 -652 -213 -22250 2889 1257
584 -710 -215 -24388 173 1123
1498 -3271 -18 -32768 -10068 -737
1595 -3287 -33 -32768 -13767 -507
1861 -3466 -139 -32768 -19688 33
2241 -3593 -221 -32768 -23542 685
2576 -3629 -288 -32768 -27554 2332
3012 -3421 -275 -32768 -28990 3551
3250 -3224 -104 -32768 -30818 4710
3470 -2913 -3 -32768 -31285 5030
3761 -2442 -81 -32768 -31510 4457
4029 -1936 -311 -32768 -31401 3236
4148 -1798 -376 -32768 -30118 604
4934 -1373 -449 -32768 -29816 -626
5339 -1095 -514 -32768 -31281 -1005
5617 -906 -553 -32768 -32291 -1038
5976 -380 -355 -32768 -30972 -1414
6065 256 0 -32768 -25277 -3223
5952 988 200 -32768 -18567 -6247
5792 1496 282 -32768 -16476 -8365
5597 1980 454 -32768 -15988 -11215
5673 2167 777 -32768 -15616 -12903
6168 2229 1633 -32768 -12206 -13045
6687 2120 2310 -32768 -3446 -11689
7996 935 3408 -32768 3514 -9940
8404 598 3686 -32768 12778 -6191
10188 -1217 5190 -19838 19285 -2430
11035 -1810 5606 -5993 23625 -1848
11390 -3558 5790 19788 30826 -9710
10970 -4901 6557 32767 32767 -21091
10873 -4749 6822 32767 32767 -32768
10466 -5360 6551 32767 32767 -32768
10047 -6357 5130 32767 32767 -32768
9045 -7956 2145 32767 32767 -32768
6758 -9792 1015 32767 32767 -32768
5003 -9843 -5745 32767 32767 -32768
5452 -8643 -4945 32767 32767 -32768
7132 -8780 -4480 32767 32767 -32768
7117 -7873 -5587 32767 32767 -32768
5961 -7185 -6231 32767 32767 -32768
4707 -6352 -6492 32767 22097 -32768
2981 -4860 -5595 32767 7292 -32768
1833 -4382 -4223 32767 2843 -32768
1117 -4498 -3411 32767 -1169 -32768
391 -5164 -2922 25814 -3399 -32768
367 -5328 -2823 17147 -6480 -32768
856 -6005 -2314 12127 -6972 -30007
809 -6000 -1852 10071 -3797 -20233
750 -5753 -1511 7591 5660 -7832
639 -5421 -1181 4099 17075 1146
218 -4778 -980 1457 24136 5014
-365 -3918 -1403 -1076 30640 8014
-981 -3047 -1822 -1624 29766 8329
-1117 -2762 -1873 -1920 23086 7339
-1084 -1789 -1863 -2031 17397 6430
-577 -1237 -1828 -1881 15780 6846
3502 863 -1310 3591 31707 21161
3916 484 -938 3033 29803 20892
4155 272 -690 1802 24709 20420
4442 -164 -327 647 18842 20193
4787 -467 -138 397 17876 20374
4991 -630 -56 411 21425 21574
5405 -661 300 -584 27752 24531
5355 -515 367 -1903 32550 26759
5003 -380 398 -5697 32767 29111
3903 84 340 -7866 32767 29123
3336 184 281 -11068 32767 27490
2593 318 323 -13227 29387 25413
2417 379 345 -16251 16551 21846
2001 423 562 -19065 6583 18676
1854 439 644 -20769 3749 17034
1835 462 669 -23341 3483 15579
1647 470 611 -24939 5431 15057
1535 503 513 -26910 10318 14696
1403 506 402 -28164 13592 14589
1101 408 250 -30933 18521 14107
935 341 263 -32768 19444 13642
869 161 206 -32768 19498 12242
842 -23 -10 -32768 19028 10884
814 -65 -93 -32768 15339 8310
891 -362 -428 -32768 8748 5440
843 -530 -564 -32768 3247 1931
1581 -1131 -669 -32768 -7908 -4873
1730 -1303 -676 -32768 -8966 -3971
1954 -1437 -477 -32768 -8897 -3142
2220 -1515 -334 -32768 -8325 -1425
2413 -1616 -310 -32768 -7956 639
2704 -1587 -536 -32768 -8571 2190
2856 -1408 -727 -32768 -11867 3951
2931 -1246 -967 -32768 -15022 4186
3024 -1199 -961 -32768 -17217 2933
3183 -1283 -1041 -32768 -18079 452
3580 -1318 -891 -32768 -21566 -1561
4018 -1508 -756 -32768 -25447 -2908
4692 -1774 -595 -32768 -28255 -3688
4944 -1872 -663 -32768 -31166 -4115
5657 -2131 -1009 -32768 -31600 -3924
6422 -2049 -965 -29838 -29064 -2916
7052 -1965 -643 -28786 -19480 -2117
7164 -1878 -488 -29566 -11358 -2611
6910 -1553 -457 -31978 -2186 -5765
6499 -1306 -494 -32768 -1221 -12262
5788 -921 -510 -32768 -4611 -17814
5650 -634 -247 -32768 -10801 -25043
5942 -680 309 -32768 -11637 -27993
6925 -1633 999 -32768 -7932 -28102
7707 -2472 1703 -32768 -1024 -23080
8747 -3757 3484 -32768 4992 -18555
9141 -4917 5189 -23334 19622 -14400
8983 -5959 5804 -12501 28321 -15097
8584 -7634 5360 13269 29875 -20572
8921 -8887 4818 32767 28113 -26105
9164 -9122 4850 32767 32767 -32768
9921 -10155 4400 32767 32767 -32768
8513 -10757 2420 32767 32767 -32768
7766 -11020 913 32767 32767 -32768
7854 -11182 -639 32767 10896 -32768
5922 -9542 -4370 32767 32767 -32768
8017 -10367 -1427 32767 32767 -32768
6610 -10153 -4716 32767 32767 -32768
5701 -8523 -5045 32767 28378 -32768
4750 -7499 -5235 32767 17369 -32768
3745 -6679 -5285 32767 13380 -32768
2939 -5860 -4473 32767 12929 -32768
2868 -6126 -3911 30570 10708 -32768
2433 -6322 -3705 23773 7015 -32768
1836 -5899 -3448 20205 8141 -32768
1050 -5337 -2514 17647 11465 -32768
768 -5095 -2067 13393 18341 -32768
192 -4613 -1997 10108 22826 -27896
-299 -4112 -2165 8538 20421 -23006
-799 -3631 -2144 6003 12202 -17459
-1271 -3081 -1911 4327 8537 -14983
-1287 -2787 -1754 2112 7781 -11186
-799 -2358 -1401 876 10078 -7637
-289 -2154 -1353 -683 18863 2972
30 -1772 -1407 -820 24321 9187
83 -1639 -1425 -828 32608 17882
412 -960 -1453 -968 32767 23158
665 -324 -1468 -1268 32767 29807
864 197 -1438 -1368 32767 32767
1255 721 -1384 -1025 32767 32767
1670 786 -1330 -673 32418 32767
2297 737 -1133 -343 24270 32767
3041 519 -881 -1215 19934 32287
4790 -135 -359 -2798 21321 31227
5632 -155 -32 -6885 27541 31930
6154 -85 119 -10092 32220 32767
6372 -120 193 -14152 32767 32767
5781 -84 267 -16079 32767 30198
5284 -153 186 -15616 32767 26325
5100 -147 -184 -11551 32767 21242
5008 -115 -850 -5799 32767 18617
4608 150 -666 -3364 29302 17645
4244 432 -217 -3656 22897 15989
3492 845 331 -7860 19492 12966
3057 976 453 -11473 18474 10359
2653 1091 368 -16258 17477 6801
2564 1074 49 -18082 16843 5308
2461 976 -498 -18507 15814 4568
2322 969 -737 -17272 14979 4907
2011 921 -794 -16295 15101 5430
1655 900 -619 -16289 15669 5646
1291 886 -338 -17609 16641 5438
1139 828 -168 -20147 17473 4600
949 684 -114 -21837 17483 3742
846 567 -229 -23734 15183 2213
813 438 -361 -24271 12160 1194
800 272 -493 -24050 6882 -181
793 176 -532 -23522 3642 -894
1176 -1838 195 -32768 348 -806
1286 -2271 235 -32768 4 -835
1325 -2406 224 -32768 -1060 -849
1403 -2960 226 -32768 -1887 -1064
1660 -3272 373 -32768 -2748 -955
1868 -3481 432 -32768 -4645 -258
2038 -3784 407 -32768 -5863 321
2105 -3905 365 -32768 -8497 903
2130 -3867 283 -32768 -10741 996
4732 -1299 -412 -32768 -28967 -6195
4821 -1131 -434 -32768 -29807 -8697
5061 -304 106 -32768 -32070 -12536
5504 254 1067 -32768 -32768 -14717
6081 558 2088 -32768 -32768 -16574
6703 695 3203 -32768 -32202 -17009
8332 893 4419 -32768 -19384 -15644
10383 470 5178 -28873 -937 -11278
11457 146 6354 -16139 11360 -8699
10649 343 7129 5168 30233 -16030
8814 -528 6757 14490 32767 -28704
8067 -454 6244 29754 32767 -32768
7846 -1045 5873 32767 32767 -32768
7916 -1708 5294 32767 32767 -32768
7646 -3181 3181 32767 32767 -32768
6668 -4131 -267 32767 32767 -32768
4104 -2608 -4272 32767 32767 -32768
3263 -2203 -4827 26656 11633 -32768
985 -2395 -2169 21378 15131 -30202
1123 -2749 -1666 16453 20954 -25792
1281 -3164 -1293 13509 24381 -22060
1300 -3218 -1216 9985 27368 -15636
1325 -2936 -1232 8491 28001 -10872
1330 -2877 -1315 7696 27580 -3893
1316 -2767 -1392 8030 27115 2067
1233 -2378 -1174 8096 27848 5092
1193 -2222 -1072 7204 31322 8042
1190 -1989 -1048 5166 32767 9785
1332 -1504 -1035 3124 32767 10785
1332 -1199 -1256 -221 32767 11719
1160 -828 -1562 -2115 32767 11596
953 -338 -2111 -3278 29350 9843
805 -27 -2353 -1440 18377 5802
1014 464 -2402 611 11608 2558
1327 763 -2324 3317 5968 -1193
1987 989 -2080 4233 3871 -2097
2577 1101 -1932 3650 3826 -95
3063 1251 -1787 2874 5632 2354
3266 1373 -1679 1760 11430 6603
3273 1413 -1497 511 18394 10250
3390 1429 -1392 -398 22042 12590
3582 1492 -1234 -2062 25388 16393
3767 1213 -1065 -3048 26805 18703
3701 1133 -1021 -4095 27668 21289
3508 842 -745 -5431 23952 24106
3561 540 -672 -6320 20181 25939
3583 460 -651 -7747 13594 28983
3485 248 -496 -8966 8943 31718
3304 146 -348 -9744 7522 32767
3029 62 -161 -11411 6929 32767
2312 -144 219 -12859 7537 32233
2155 -182 288 -15405 9538 29767
1654 -248 387 -18147 11589 26713
935 -147 534 -20213 12734 24386
786 -122 550 -23766 14905 20715
328 -177 494 -27544 17609 17341
211 -224 375 -29802 19199 15602
102 -317 163 -32639 19544 13963
72 -377 53 -32768 16997 13435
12 -603 -186 -32768 14152 13353
120 -809 -365 -32768 8649 13691
247 -891 -390 -32768 3292 13957
778 -1366 -473 -32768 243 13934
877 -1472 -458 -32768 -3905 13148
1094 -1589 -515 -32768 -6076 11094
1163 -1513 -498 -32768 -5843 9050
1389 -1507 -555 -32768 -3647 5475
1653 -1562 -643 -32768 -1893 3159
1944 -1699 -730 -32768 -187 418
2234 -1775 -851 -32768 70 -902
2498 -1621 -946 -32768 -3163 -862
2629 -1442 -1091 -32768 -6675 -685
2595 -1358 -1188 -32768 -11971 -1460
2623 -1045 -1431 -32768 -18291 -3920
2831 -1054 -1468 -32768 -21460 -5838
3048 -983 -1527 -32768 -25141 -8415
3945 -1182 -1398 -32768 -30563 -9212
4718 -1384 -1209 -32768 -32768 -8490
4997 -1425 -1132 -32768 -32768 -6393
5986 -1627 -865 -32768 -30162 -4437
6411 -1791 -766 -32768 -26484 -3995
6580 -1948 -620 -32768 -21970 -6054
6730 -1444 -302 -32768 -20854 -8930
6954 -1339 -191 -32768 -20284 -12929
7724 -1492 308 -32768 -17073 -15665
8340 -1824 1061 -32768 -13097 -16812
8646 -2005 2230 -32768 -7198 -17839
8672 -2582 3120 -32768 -2097 -18903
9002 -3506 3440 -32768 -698 -18968
9691 -4552 3758 -18401 5251 -16766
10763 -5619 5246 -2853 15175 -14697
11184 -6884 6417 17188 32767 -13806
9863 -7752 5489 32767 32767 -19814
8471 -8273 4335 32767 32767 -28798
7803 -8674 3611 32767 32767 -32768
7812 -9315 3386 32767 32767 -32768
7630 -9792 2547 32767 32767 -32768
6868 -10279 491 32767 32767 -32768
4820 -7940 -534 32767 32767 -32768
3869 -9411 -4012 32767 18842 -32768
4027 -8361 -3688 32767 970 -32768
4752 -7398 -1831 32767 3487 -32768
4023 -6604 -2628 32767 14685 -32768
3177 -6270 -3209 32767 19692 -32768
2423 -5841 -3369 32767 19654 -32768
2069 -5544 -2896 29309 20088 -32768
1782 -5252 -2652 23398 22646 -32768
1365 -4685 -2492 19915 24890 -32768
1189 -4531 -2536 16110 24659 -32768
819 -4247 -2524 13402 18427 -29604
645 -3669 -2344 12107 14730 -27164
579 -3260 -2056 10242 13615 -24535
590 -2878 -1698 8902 15862 -23089
764 -2594 -1530 6694 20868 -20303
956 -2559 -1566 5295 24125 -17768
1125 -2459 -1661 3965 27642 -12943
1357 -2297 -1696 3377 29131 -9261
1427 -2261 -1662 1959 30858 -3921
1526 -1937 -1796 421 32767 217
1457 -1682 -1881 -548 32767 1943
1480 -1505 -2087 -1381 32767 3321
1695 -1225 -2448 -1529 31164 4111
2117 -1061 -2592 -11973 23162 26778
3933 2204 -1553 -19175 26545 28482
3673 2240 -1312 -23446 30065 28261
3516 2188 -1275 -28167 32767 25757
3048 1988 -1285 -29733 32767 21903
2611 1886 -1451 -28769 32724 19507
2188 1709 -1681 -24628 22219 16555
1988 1482 -1625 -20915 13676 15169
1982 1402 -1572 -15364 3118 14067
1971 1240 -1246 -11750 -1860 13606
1694 1214 -303 -11570 -3022 12905
1614 1157 -84 -14697 -959 10513
1281 1034 344 -18197 3012 8236
1158 983 403 -23826 9592 4922
1027 686 76 -26706 12313 3285
974 589 -192 -28433 12179 2245
915 537 -482 -26989 7942 2896
850 259 -999 -24582 4069 4114
872 109 -1010 -20558 -1862 6684
931 -19 -904 -18071 -6692 9710
969 -194 -347 -17953 -8127 11337
960 -372 -94 -20262 -6241 12396
929 -505 99 -24582 -376 11947
895 -722 231 -28040 4638 11105
864 -889 166 -32768 11075 9243
668 -1355 -226 -32768 12502 7861
643 -1468 -374 -32768 9081 6121
543 -1851 -932 -32768 880 5030
591 -2178 -978 -32768 -4969 4428
626 -2255 -945 -32768 -10853 3583
884 -2420 -688 -32768 -11037 2915
1183 -2590 -342 -32768 -8998 2863
1504 -2701 -265 -32768 -5383 3865
1679 -2749 -367 -32768 -4573 6353
1939 -2773 -635 -32768 -7165 8547
1985 -2841 -1048 -32768 -15175 11209
2116 -2905 -1421 -32768 -22298 11971
2381 -3016 -1444 -32768 -30015 11467
3208 -3351 -1076 -32768 -32003 10488
3417 -3381 -919 -32768 -32479 8749
4154 -3256 -543 -32768 -30296 7109
4594 -3026 -497 -32768 -28119 5380
4962 -2710 -780 -32768 -26700 2237
5072 -2619 -917 -32768 -28196 -871
5700 -2143 -1184 -32768 -32749 -3376
3625 -3436 -5611 13755 -759 -24351
661 -3808 -1460 9033 -4110 -20671
1179 -3892 -1030 6525 -780 -16091
1277 -3869 -960 4384 8155 -7703
1253 -3618 -728 3664 14647 -2429
1023 -3385 -740 3100 24363 3359
767 -3116 -876 3485 31809 6803
577 -2800 -971 3813 32767 8288
252 -2240 -1216 4126 32767 9840
66 -1973 -1345 4047 32767 10349
2603 752 -2069 8424 21251 17549
2626 916 -1947 10155 18751 15983
2739 831 -1717 10051 16513 12392
3455 494 -1329 8164 15070 10950
4160 234 -1205 4190 12617 12132
5055 5 -865 207 13966 14959
5088 -200 -508 -1940 18764 15947
5147 -209 -326 -4438 28262 17160
5224 -535 -279 -5999 32767 18578
4840 -458 -245 -9708 32767 22967
4658 -426 -264 -12670 32767 25370
3572 -296 -466 -14282 32767 25597
2556 -64 -568 -15983 27197 23689
2232 32 -547 -17740 18980 19801
1261 257 -304 -20706 13240 15830
780 319 -210 -23265 10802 13907
659 309 -433 -26678 8471 13114
503 272 -738 -28864 7257 14534
422 237 -827 -30441 6528 16964
267 314 -726 -31661 6978 18382
216 310 -660 -32768 9504 18799
269 210 -552 -32768 11749 17884
416 32 -527 -32768 13475 15122
597 -298 -588 -32768 12961 12483
733 -545 -765 -32768 9891 8058
1006 -928 -1119 -32768 3724 3961
1087 -1042 -1195 -32768 -1720 1635
1477 -1447 -1233 -32768 -8566 -881
1870 -1605 -961 -32768 -10790 -2153
2121 -1732 -834 -32768 -10583 -3997
2332 -1816 -828 -32768 -8700 -5210
2423 -1816 -954 -32768 -5590 -6769
2320 -1672 -1310 -32768 -5839 -7922
2373 -1710 -1644 -32768 -9007 -8192
2465 -1749 -1685 -32768 -17919 -7764
2994 -1586 -1664 -32768 -26463 -7160
3241 -1212 -1652 -32768 -30030 -7630
3357 -1108 -1678 -32768 -31486 -8824
4060 -848 -1757 -32768 -30303 -7983
5212 -1129 -1639 -32768 -30058 -5786
5998 -1577 -1541 -32768 -28372 -2678
5979 -1420 -1355 -32768 -26997 -2376
5958 -1146 -1338 -32768 -26207 -4632
6369 -971 -1087 -32768 -24614 -6633
7169 -807 -385 -32768 -21841 -6894
7578 -737 34 -32768 -16119 -6748
7885 -841 806 -32768 -10518 -7966
7793 -1077 1849 -32768 -8048 -10505
7657 -1436 2460 -32768 -7196 -15079
8415 -2793 3116 -32768 -8272 -15121
11152 -5646 4550 -26585 -5601 -11085
12022 -6411 5040 -4449 11561 -1038
13322 -7832 6675 16009 32767 3131
11742 -9106 6204 30583 32767 -2952
9013 -9855 4671 32767 32767 -24712
8448 -10150 4461 32767 31722 -32768
8154 -10451 4665 32767 31921 -32768
7778 -11066 3117 32767 32767 -32768
7051 -11423 1069 32767 32767 -32768
4074 -9992 -4459 32767 7729 -32768
5061 -9988 -1925 32767 17906 -32768
4339 -8802 -3751 32767 23324 -32768
4497 -8481 -3582 32767 17069 -32768
3018 -7103 -4111 32767 15097 -32768
2451 -6393 -3825 32767 17892 -32768
2043 -6092 -3656 25233 23512 -32768
1109 -6000 -4386 19137 22145 -32768
957 -6060 -4527 13544 10922 -32768
914 -5699 -4264 12674 1516 -32768
679 -5258 -3858 13875 2436 -32768
275 -4603 -2436 14648 11206 -32768
-19 -4137 -1784 13530 17380 -27289
-227 -3992 -1726 10898 21772 -20135
-922 -3431 -1964 9708 21965 -17455
-942 -3301 -1969 8750 19407 -14696
-792 -2789 -1872 8131 18266 -12957
-746 -2610 -1773 6531 15262 -10762
-408 -2451 -1782 5303 13094 -8291
91 -2275 -1720 5582 13724 -4548
717 -2153 -1509 6062 16767 -1156
1123 -2061 -1448 6206 25085 5323
1338 -1840 -1520 5170 31491 12143
1343 -1163 -1877 4162 32586 15547
1359 -751 -2018 3347 29220 17908
1448 -462 -2176 3873 25513 18011
1979 -55 -2392 6571 20966 17982
2558 103 -2431 9760 19413 19655
3342 299 -2125 10772 20615 21419
4195 140 -1840 10117 27507 24697
4729 -21 -1641 6817 32767 28059
5103 65 -1197 2967 32767 30025
5227 216 -923 -4011 32767 32065
5127 285 -746 -9696 32767 31577
4900 411 -817 -11155 32767 29975
4483 228 -1421 -8465 32767 26007
3992 218 -1629 -2326 28784 20992
3861 228 -1362 4365 18422 15520
3925 540 -970 5517 16602 13878
3833 810 -559 4130 17593 13693
3622 931 -409 -351 21819 13796
3075 1220 -282 -6650 27467 13794
2602 1346 -281 -11366 30491 13420
2164 1402 -337 -17939 32767 11739
1631 1432 -590 -21263 32767 10099
1504 1357 -1045 -22977 29184 7689
1473 1128 -1613 -20933 18576 6666
1378 987 -1672 -18068 9107 5885
1145 762 -1033 -17358 5407 5062
1127 770 -551 -19420 3360 3785
1079 691 -25 -24168 5220 2630
1158 378 86 -27692 7548 2080
1080 147 -23 -31900 10342 1404
1051 109 -99 -32768 10154 1024
972 79 -424 -32768 2402 1373
4967 -1763 -798 -32768 -26703 -7855
5364 -987 -400 -32768 -26624 -11530
5453 -613 -287 -32768 -25687 -13734
5507 -18 -30 -32768 -25952 -16454
5562 640 567 -32768 -26314 -17813
5835 1048 1525 -32768 -27800 -18775
6514 1191 2710 -32768 -25761 -18996
7705 1044 4653 -32768 -18554 -19656
9484 421 6023 -32768 -2615 -20347
10686 -309 6372 -20575 9592 -20510
11964 -1081 7221 3380 27317 -21383
11717 -1543 7890 24170 32767 -27014
10670 -1895 7751 32767 32767 -32768
9618 -2291 6788 32767 32767 -32768
8094 -3201 4373 32767 32767 -32768
1230 -1820 -4196 32767 25059 -32768
1443 -1899 -3374 32767 30459 -32768
1656 -2222 -2367 32767 32767 -31498
1516 -2549 -2160 24802 32767 -24975
1316 -2889 -2110 18685 32767 -18962
546 -3036 -2254 16287 26025 -16342
29 -3157 -2053 14303 13167 -14575
288 -2903 -1516 13352 8194 -13223
439 -2892 -1238 10369 5284 -9666
808 -2859 -613 6262 8020 -5105
980 -2656 -405 3990 11678 -2039
1036 -2540 -451 1972 17797 1998
1230 -2334 -662 1362 23536 5247
1302 -2140 -840 1214 26340 6957
1446 -1947 -945 552 28538 9132
1381 -1648 -1046 -983 28053 9732
1130 -1015 -1523 -1804 26114 9027
1099 -850 -1838 -1771 20022 6489
1248 -476 -2198 -260 12808 3811
1589 -118 -2090 720 9011 2739
1810 -55 -1854 832 6686 2193
2277 286 -1571 220 8065 2879
2433 385 -1485 -940 13516 5941
2837 467 -1434 -835 19792 10760
3288 759 -1785 612 22775 14452
3350 797 -1895 4185 26142 19716
3768 747 -1974 6288 27813 23204
4016 760 -1746 6677 28188 27827
4183 657 -1095 2656 27038 30039
4113 484 -352 -1833 25992 29665
4029 118 152 -8860 23304 27125
3788 -293 37 -12703 18286 23381
3558 -737 -217 -12038 9984 20116
3357 -749 -270 -9983 4838 18694
3070 -663 103 -7586 389 17701
2741 -448 708 -8528 2183 17889
2432 -262 992 -10951 6135 18325
2071 -137 1120 -15811 13011 18889
1422 56 999 -32768 7908 14622
516 -894 -357 -32768 9644 11496
871 -1334 -498 -32768 9848 8776
1055 -1420 -702 -32768 9186 7295
1115 -1445 -770 -32768 6508 5690
1324 -1704 -926 -32768 3912 4843
1493 -1742 -943 -32768 136 3818
1779 -1775 -866 -32768 -1482 2874
2040 -1834 -776 -32768 -822 2073
2119 -1860 -807 -32768 -31170 883
5390 -1808 -1227 -32768 -29581 2348
6240 -1797 -1101 -32768 -24975 2994
6636 -1985 -875 -32768 -21294 1632
6691 -2231 -636 -32768 -17780 -3573
7188 -2556 -797 -32768 -15529 -7872
7440 -2603 -842 -32768 -12688 -12979
8381 -2725 -583 -32768 -10745 -15039
8614 -2791 -132 -32768 -5899 -16745
8292 -2816 839 -32768 -2719 -18487
8234 -2860 1201 -32768 165 -22167
8252 -3301 2491 -32768 658 -25509
8692 -4248 3572 -32768 15 -26496
9700 -5886 4320 -26913 4214 -25485
10484 -6721 5032 -8023 13338 -23565
11320 -8331 6048 20233 32767 -22041
10762 -9638 5152 32767 32767 -25070
9480 -10136 4010 32767 32767 -31890
7899 -10201 2993 32767 32767 -32768
6709 -9983 1877 32767 32767 -32768
6868 -10275 1139 32767 32767 -32768
7753 -12203 1168 32767 30119 -32768
5866 -9100 -3973 32767 32767 -32768
4416 -9653 -4478 32767 20754 -32768
4160 -8683 -3950 32767 14663 -32768
4141 -8124 -3224 32767 8199 -32768
2521 -6618 -3866 32767 9045 -32768
1583 -5917 -4118 32767 12180 -32768
1296 -5320 -3893 32767 12534 -32768
1608 -5185 -3203 28563 12744 -32768
1685 -5164 -3057 17338 15207 -32768
1547 -4634 -2451 9280 21050 -32768
1403 -4335 -2175 6090 26318 -32768
1186 -4155 -1992 3842 32767 -28711
808 -3861 -1850 3507 32767 -23002
322 -3476 -1957 3848 32278 -19248
-208 -3183 -1813 3552 21405 -15680
-453 -2625 -1284 3033 16574 -14276
-372 -2558 -1161 2072 14823 -12441
148 -2416 -1026 1202 16411 -9836
583 -2359 -1126 740 18516 -7370
758 -2330 -1299 442 21271 -2912
928 -2268 -1510 497 22146 152
1079 -2178 -1616 767 22697 4956
1191 -1914 -1673 1032 21878 9427
1135 -1573 -1541 771 20994 11737
1255 -1067 -1354 250 20661 14964
1860 -463 -1392 413 21447 17082
2318 -186 -1428 1364 24276 20559
2765 31 -1487 2293 27593 23148
3363 146 -1501 3469 32767 26990
4003 252 -1458 3626 32767 31192
4205 316 -1400 2793 32767 32767
4257 256 -1143 16 32767 32767
4186 55 -994 -3391 32767 32767
4155 -206 -997 -5059 31837 32767
4239 -224 -1019 -5720 18253 29583
4381 -79 -847 -4933 10927 25870
4460 183 -376 -4463 12746 22300
4435 134 -266 -4615 17221 20368
4392 89 -316 -5376 24531 18831
3943 215 -418 -6402 28165 18466
3786 235 -422 -8620 31520 18291
3307 346 -660 -10762 32718 18505
2928 433 -670 -12214 32409 18598
2608 462 -542 -14906 31309 17533
2257 518 -389 -18092 28945 14721
1787 547 -317 -19793 26462 12170
1451 471 -370 -21134 19945 8005
1163 306 -394 -21334 14626 5652
1138 240 -375 -21125 8570 3319
1288 40 -307 -20996 5342 2792
1046 -992 -195 -32555 11636 2038
1007 -1130 -199 -32768 7349 1170
998 -1611 -137 -32768 1148 -206
2847 -3947 -550 -32768 -24780 441
2960 -3868 -570 -32768 -21644 104
3371 -3528 -702 -32768 -20247 -40
3526 -3403 -826 -32768 -21141 -467
3679 -3213 -987 -32768 -25234 -1601
3887 -2818 -1162 -32768 -30239 -3996
4115 -2244 -1071 -32768 -32768 -7511
4442 -1581 -653 -32768 -32395 -11247
4987 -966 222 -32768 -30792 -12935
5544 -665 1085 -32768 -30832 -13352
7069 -587 2783 -32768 -29666 -12292
9481 -787 4296 -32768 -18060 -9822
11418 -1227 5513 -32768 -6581 -8960
12037 -1575 6415 -22746 9061 -11329
12067 -1512 8406 3308 20226 -19561
11656 -1240 9829 16907 29464 -29277
10810 -1215 10155 32767 32767 -32768
9190 -2047 8202 32767 32767 -32768
8053 -3099 6247 32767 32767 -32768
6044 -4926 1567 32767 32767 -32768
5119 -3523 -2767 32767 32767 -32768
2440 -4785 -5607 32767 32767 -32768
2851 -3461 -5327 32767 32767 -32768
3340 -3490 -4870 32767 32767 -32768
3591 -3222 -4942 32767 32767 -32768
3337 -2619 -4783 32767 32767 -32768
2920 -2121 -4480 32767 32767 -32768
2872 -1895 -4159 32767 32767 -29656
2439 -1684 -3963 32767 32767 -22517
1143 -1628 -3529 32767 17328 -20277
278 -1560 -2714 32767 -397 -23223
283 -1786 -2026 28491 -14774 -29653
657 -2189 -1355 22456 -14310 -31617
1329 -3207 -549 18027 -9346 -28833
1486 -3593 -358 11164 572 -19961
1582 -3708 -219 6962 7181 -12486
1423 -3663 -240 2340 16308 -2208
955 -3392 -462 874 21970 2635
720 -3128 -655 867 28987 7204
613 -2929 -779 1430 32767 9832
587 -2594 -800 1233 32767 11015
552 -2377 -1030 655 32767 12037
442 -2033 -1390 231 30009 11949
573 -1820 -1513 -263 20727 10840
882 -1464 -1450 -369 16134 9829
956 -1371 -1406 -594 12249 8139
1199 -911 -1236 -1165 11138 6721
1535 -412 -1363 -1421 10290 6241
1923 -175 -1504 -1006 8826 7045
2218 -8 -1540 61 8545 9113
1420 111 -341 -32768 8765 -2649
1118 -1560 -691 -32768 7385 -3299
1148 -1521 -673 -32768 5557 -2964
1148 -1585 -654 -32768 2946 -2266
1184 -1676 -602 -32768 959 -2147
1192 -1734 -580 -32768 17 -2690
1280 -1920 -564 -32768 -1258 -4200
1369 -2083 -599 -32768 -2162 -5373
1434 -2126 -609 -32768 -3908 -6800
1691 -2195 -633 -32768 -6612 -7348
2085 -2306 -695 -32768 -9571 -6949
2274 -2248 -762 -32768 -11777 -6345
2463 -2246 -804 -32768 -14699 -5556
2709 -2219 -888 -32768 -16454 -5289
2959 -2014 -1014 -32768 -20133 -5073
3239 -1843 -993 -32768 -22537 -4945
3419 -1890 -838 -32768 -23979 -5250
3875 -1865 -634 -32768 -24618 -5430
4611 -2381 -901 -32768 -27085 -5098
5508 -2693 -1136 -32768 -32768 -3468
6229 -2581 -1168 -31535 -32768 -1555
6752 -2094 -662 -29690 -26391 -693
6929 -1659 -344 -29669 -19274 -792
6924 -1192 -200 -30179 -11462 -2621
6550 -566 -318 -30154 -10056 -7106
6509 -441 -167 -30322 -10874 -10669
6651 -150 371 -31891 -10440 -15398
6901 -265 813 -32768 -8101 -17903
7177 -569 1216 -32768 -3584 -20029
7862 -1604 2058 -32768 512 -20554
8259 -2351 2581 -32768 3942 -20434
8841 -3336 3251 -26128 11345 -19227
10430 -6096 4109 -15287 18677 -17560
11362 -7645 4440 6205 32767 -14537
11232 -9304 4631 21568 32767 -14797
10135 -10139 4044 32767 32767 -23018
8231 -10772 2722 32767 32767 -32768
7721 -11144 2146 32767 32767 -32768
7929 -11616 1675 32767 32767 -32768
7990 -12020 472 32767 32767 -32768
7527 -12200 -879 32767 32767 -32768
4429 -10586 -6532 32767 30720 -32768
6421 -10730 -1778 32767 32767 -32768
5410 -10489 -3811 32767 32767 -32768
5252 -10203 -4158 32767 26883 -32768
3761 -8270 -5339 32767 17978 -32768
2759 -7842 -5497 32767 18626 -32768
2596 -7617 -5447 32767 14277 -32768
2118 -7247 -5542 28652 8562 -32768
1368 -6346 -4423 25327 8180 -32768
1098 -6147 -4057 19153 12287 -32768
213 -5556 -3388 15024 16236 -32768
-160 -5286 -3198 9886 20173 -27253
-408 -4567 -2689 6150 22600 -20147
-455 -4175 -2376 4276 24463 -15780
-789 -3803 -2344 2793 24201 -11760
-1163 -3202 -2346 2775 18602 -9972
-1183 -2762 -2222 3273 14651 -9371
-1008 -2528 -1941 3488 12416 -7935
-310 -2271 -1440 2722 15587 -4086
113 -2152 -1266 1931 19841 325
570 -1917 -1343 1108 26493 8786
823 -1313 -1577 1786 27351 17010
1153 -723 -1957 3630 26532 21282
1292 -538 -1982 7565 24602 25182
1937 -80 -2165 11434 25392 27322
3073 218 -2026 12580 26478 28459
3495 304 -1908 11594 28443 29870
3985 190 -1887 9825 29735 30561
4803 109 -1806 6502 30834 31609
5302 -93 -1893 3505 32767 32130
5649 -90 -1511 -297 32767 32049
5722 193 -1183 -3136 32767 31580
5462 372 -1186 -6406 32767 29745
5353 417 -1243 -6913 32767 26543
5023 570 -1685 -5720 32767 24352
4842 694 -1630 -3561 32767 21466
4424 1046 -1306 -3287 32767 19251
4010 1206 -1000 -4776 32767 17755
3393 1301 -470 -9391 32767 15331
2889 1506 -123 -15539 31841 12972
2173 1588 -192 -20793 28458 10156
1913 1485 -486 -22768 23954 8249
1765 1325 -897 -22606 15517 6254
1538 1219 -1282 -21053 10278 5487
1361 1113 -1349 -18469 4441 4793
1218 856 -850 -17942 2257 4821
1193 773 -711 -19138 1617 5760
1195 633 -290 -21999 4276 7361
1122 534 -146 -24417 6925 8261
1082 502 -73 -27782 10748 9157
891 478 -185 -29266 12385 9154
775 357 -307 -29840 12541 8188
679 269 -494 -28495 9989 6698
608 80 -524 -26011 5954 5120
659 -5 -448 -24459 3365 4407
728 -102 -281 -23287 657 4085
869 -357 37 -32768 -1534 2826
1361 -3258 600 -32768 -1936 3397
1560 -3583 618 -32768 -2094 4299
1682 -3786 569 -32768 -2648 4796
1731 -3770 280 -32768 -3526 5299
1726 -3664 48 -32768 -4034 5361
1674 -3587 -88 -32768 -5697 4949
1726 -3370 -133 -32768 -8698 4809
1819 -3307 -279 -32768 -10714 4850
1944 -3179 -346 -32768 -13897 5122
2375 -3002 -452 -32768 -15400 5436
2598 -2916 -470 -32768 -16313 5743
3088 -2787 -443 -32768 -17600 5640
3422 -2672 -485 -32768 -18161 5353
3982 -2468 -650 -32768 -18121 4541
4351 -2275 -751 -32768 -18593 3271
4387 -2151 -805 -32768 -19060 -762
4373 -1654 -885 -32768 -19016 -7241
4391 -1115 -793 -32768 -19910 -11690
4788 -727 -649 -32768 -23296 -16577
5313 -304 -359 -32768 -24437 -18562
5882 357 226 -32768 -22175 -18514
6026 577 498 -32768 -16757 -17375
6738 1163 2141 -32768 -14778 -16177
6974 1180 2668 -32768 -13092 -14861
8264 996 4337 -32768 -2329 -14521
10795 -165 6000 -24115 15911 -15282
11547 -771 6457 -7739 26803 -17165
11616 -1408 6815 18436 32767 -24085
10367 -2477 7199 32767 32767 -32768
9707 -3018 6697 32767 32767 -32768
7930 -4443 4118 32767 32767 -32768
7171 -5182 2343 32767 32767 -32768
6419 -5876 -589 32767 32767 -32768
2700 -4154 -2045 32767 32767 -32768
4658 -4509 -3523 32767 32767 -32768
2276 -2919 -1368 22426 6401 -25620
1732 -3307 -913 18218 11772 -22236
1288 -3878 -629 15346 14377 -19817
1276 -3970 -492 10688 16760 -14655
1198 -3955 -442 5932 18251 -8792
794 -3659 -542 3470 18419 -5420
579 -3426 -764 1957 16661 -1411
414 -3087 -947 2490 12548 1267
423 -2960 -998 3352 10736 2658
568 -2495 -879 3883 9485 4053
604 -2333 -803 3506 10566 5811
659 -1921 -728 2090 15525 7138
745 -1509 -832 994 19550 7974
872 -1144 -1216 -44 25389 9406
1119 -586 -1755 4 28076 10874
1267 -168 -2138 1316 29015 13782
1323 392 -2346 2490 27517 15368
1373 591 -2325 3278 24228 15897
4226 474 -151 -9428 32767 11980
3861 826 -319 -8735 32767 13758
3570 1033 -376 -9497 32767 19178
3386 1024 -425 -12256 28961 26432
2997 706 -585 -14399 21868 31180
2703 619 -651 -17167 14180 32767
2226 512 -589 -18821 12012 32767
2018 180 -455 -21308 12203 32767
1883 14 -535 -23103 14159 32767
1744 262 -602 -23885 14597 32767
1738 279 -463 -25433 12846 31994
1616 140 -58 -28872 10477 28641
1433 -58 35 -31786 9724 25484
1293 -89 49 -32768 8806 20066
1196 -137 -51 -32768 7210 16647
1129 -341 -277 -32768 3096 12178
1064 -580 -474 -32768 -2098 8691
1057 -746 -496 -32768 -5491 6705
1125 -1071 -326 -32768 -8949 3870
1164 -1255 -115 -32768 -9300 804
1175 -1413 -33 -32768 -7574 -1336
1219 -1570 -48 -32768 -4078 -4101
1387 -1770 -63 -32768 -2548 -5324
1450 -1895 -199 -32768 -1888 -6362
1405 -1968 -490 -32768 -1787 -6823
1445 -1971 -600 -32768 -2215 -6750
1495 -1964 -802 -32768 -4739 -5887
1546 -1907 -693 -32768 -6605 -5105
1639 -1787 -528 -32768 -7930 -3909
1654 -1755 -485 -32768 -8023 -3289
1811 -1637 -461 -32768 -7521 -3306
1840 -1651 -502 -32768 -6192 -3573
1907 -1590 -685 -32768 -6819 -3684
2054 -1339 -981 -32768 -8908 -3454
2080 -1265 -1066 -32768 -12657 -3204
2092 -1034 -1237 -25015 -9414 -330
7463 -1589 -490 -27174 -2968 -3019
6886 -578 -178 -30520 1773 -8837
6670 -359 -55 -32548 3216 -13558
6900 -275 170 -32768 5412 -19120
7030 -322 1102 -32768 7321 -21661
7032 -424 1516 -32768 10475 -24641
6894 -1486 2982 -32768 11539 -26499
6906 -1847 3238 -32768 9815 -28332
7754 -3194 3632 -25865 9426 -25836
9175 -6035 3247 -8059 13338 -21794
10310 -7417 3339 22897 24636 -13443
10980 -9679 4102 32767 32767 -9732
9874 -10352 3795 32767 32767 -14897
7043 -10562 2174 32767 32767 -26624
5683 -10310 1592 32767 32767 -32768
5967 -10488 1810 32767 28269 -32768
6726 -10843 1711 32767 22633 -32768
4655 -11393 -2540 32767 20417 -32768
5782 -10812 -2029 32767 26349 -32768
5437 -10340 -2947 32767 29356 -32768
4428 -9042 -3701 32767 22625 -32768
4151 -8511 -3883 32767 10374 -32768
2818 -7035 -4422 32767 6743 -32768
2157 -6121 -4577 32767 5782 -32768
2067 -5842 -4385 24917 4944 -32768
1853 -5610 -3934 20304 6345 -32768
1508 -5431 -3691 16565 10169 -32768
1227 -5138 -3414 15680 13866 -32768
656 -4736 -2835 15265 16454 -27014
280 -4345 -2230 13726 20686 -20268
128 -4077 -2038 12047 25029 -15924
-178 -3704 -2108 11022 25989 -14375
-503 -3225 -2066 8724 23239 -14123
-590 -2902 -1967 5945 18506 -15182
-530 -2641 -1863 4343 16012 -15567
-385 -2450 -1752 2782 14683 -14431
-71 -2208 -1557 1846 16905 -11087
345 -2087 -1393 1291 19753 -7900
471 -2068 -1363 275 24603 -2169
757 -1890 -1367 -1165 27272 3484
1095 -1604 -1225 -2296 27709 6629
1194 -1437 -1224 -3386 28260 10502
1442 -871 -1288 -3017 28000 13126
1746 -344 -1411 -1791 27515 14639
2026 364 -1599 1048 25732 17112
2281 711 -1572 2915 24026 19053
2912 926 -1392 4582 21923 22193
3349 951 -1265 4765 21562 24183
3757 903 -1250 4286 23688 26691
4283 592 -1628 3726 28087 28875
4504 429 -1716 3215 31918 30843
4987 725 -1710 1260 32767 32767
5298 1007 -1327 -1332 32767 32767
5114 1041 -783 -6765 32767 32767
4328 1216 -542 -12099 32767 29843
3677 1302 -487 -15485 32767 19735
3032 1043 -396 -16405 32767 13095
2893 932 -413 -16269 28590 6473
2927 841 -372 -15628 20689 4975
2900 900 -327 -14472 10490 6238
2758 985 -302 -13722 5809 9340
2679 1065 -523 -13235 5290 11848
2508 1003 -704 -12944 7617 15268
2283 1047 -547 -14716 14081 16837
1885 1016 -263 -18442 22592 15776
1544 1084 -109 -21438 26968 14024
1350 917 -64 -25304 28744 10629
1124 584 -403 -26550 25544 8754
1010 151 -749 -26264 14296 7419
975 -118 -855 -25001 5444 7380
996 -197 -749 -22914 -4534 7959
1024 -213 -278 -22648 -8679 8343
1055 -119 172 -24762 -6881 8155
1022 -135 245 -26649 -3337 7569
1007 -245 80 -28631 2091 6789
1011 -358 -102 -29106 5199 6584
966 -701 -339 -28967 5827 6622
937 -769 -385 -28474 3920 6579
779 -936 -424 -28325 523 5939
777 -1128 -244 -29567 -1889 4779
881 -1277 10 -32550 -2078 3495
1037 -1570 111 -32768 -1387 2659
1139 -1883 1 -32768 -1007 1663
1323 -2370 -246 -32768 -1836 1423
1472 -2822 -314 -32768 -3657 1587
1657 -3188 -133 -32768 -5345 2336
1782 -3436 35 -32768 -6339 2828
1804 -3520 54 -32768 -8353 2749
3455 -1437 -653 -32768 -18206 -7204
3964 -1147 -610 -32768 -19625 -8956
4332 -859 -551 -32768 -21515 -10686
4737 -273 -414 -32768 -22920 -11713
4976 168 -224 -32768 -22632 -12431
5220 515 55 -32768 -19373 -14051
5745 1134 799 -32768 -14794 -15699
6126 1262 1325 -32768 -12667 -16230
6422 1474 2112 -32768 -11257 -16529
7458 1400 4248 -32768 -8539 -16998
9138 582 5789 -32768 -339 -17199
11295 -660 6630 -22297 10036 -16912
11902 -1397 7356 3797 29435 -17833
11290 -2090 8227 20690 32767 -21996
10906 -2360 8292 32767 32767 -32768
9687 -3226 7167 32767 32767 -32768
8535 -4373 4629 32767 32767 -32768
8309 -4737 3930 32767 32767 -32768
7890 -5813 1301 32767 32767 -32768
5427 -5603 -4882 32767 32767 -32768
4399 -5648 -5889 32767 32767 -32768
4896 -4670 -4945 32767 32767 -32768
5140 -4571 -4659 32767 32767 -32768
4643 -4262 -4948 32767 32767 -32768
2921 -3375 -5359 32767 32767 -32768
2226 -2789 -4939 32767 29758 -32768
1977 -2414 -3728 32767 26064 -32768
2436 -2901 -2659 32767 26530 -32768
229 -3676 -1067 -2603 24311 -2818
94 -3309 -1315 -662 22306 889
-205 -2564 -1600 1030 18227 4946
-253 -1968 -1484 1263 15727 7155
-66 -1637 -1383 175 15384 9522
339 -1229 -1169 -2217 19326 11102
500 -959 -1114 -4039 23561 11585
772 -563 -1196 -5939 29733 12397
1025 -205 -1466 -5640 32733 14029
1305 214 -1662 -3990 32767 15201
1569 533 -1655 -2596 32767 15217
1836 626 -1758 39 32541 15130
2601 691 -1821 2010 28552 15680
2848 724 -1804 5110 20439 17911
3738 1121 -1387 6453 14799 20508
4341 978 -719 5577 13449 21101
3271 176 325 -6727 18877 25581
2609 419 257 -8275 16370 22847
2245 590 272 -11968 12983 18439
1757 688 310 -17008 11556 14378
1297 784 394 -20955 11653 11993
1071 735 395 -27124 13303 9164
888 629 349 -32606 15620 7504
637 497 71 -32768 16251 7118
580 438 -57 -32768 -5040 -2439
1591 -1392 -332 -32768 -8543 -5592
1703 -1404 -443 -32768 -10350 -7818
1920 -1377 -374 -32768 -10615 -10445
2070 -1407 -245 -32768 -7389 -11998
2194 -1402 -66 -32768 -3121 -12089
2276 -1302 -178 -32768 -1402 -11193
2085 -1232 -362 -32768 -2804 -9386
1991 -1315 -435 -32768 -6268 -8147
1961 -1242 -304 -32768 -11803 -6496
2021 -1245 -140 -32768 -14010 -5776
2065 -1253 -117 -32768 -15424 -4987
2261 -1271 -219 -32768 -16146 -4426
2321 -1285 -284 -32768 -17989 -2943
2589 -1202 -351 -32768 -20246 -1623
2779 -1084 -453 -32768 -23632 390
2993 -1025 -451 -32082 -26432 1415
3448 -1213 -274 -30284 -28518 988
3690 -960 -123 -29548 -28155 -375
4068 -834 -63 -29172 -27442 -2756
4549 -968 -245 -28689 -28249 -3466
5157 -997 -676 -26269 -30861 -3177
5486 -892 -812 -22449 -29719 -2655
5600 -251 -445 -20388 -25607 -3147
5669 53 -319 -18990 -18481 -4305
5542 605 -160 -19521 -14638 -6038
5633 680 -62 -20676 -13419 -7427
5956 637 10 -23136 -11477 -9277
6376 623 309 -25343 -9726 -10762
6554 524 638 -29398 -5032 -13782
6729 188 1096 -32024 -2066 -16086
6983 -285 1369 -32768 -396 -18738
7726 -1732 2075 -32334 2576 -19475
8615 -3004 2333 -27658 6443 -17802
9779 -4402 2636 -15146 16783 -11066
11524 -6333 3094 -3884 27440 -5343
11706 -8015 3520 14654 32767 -2122
10219 -9195 3010 28027 32767 -6036
9280 -9488 2738 32767 32767 -21775
7202 -10047 2168 32767 32767 -32768
7165 -10179 2172 32767 32767 -32768
7754 -11180 1922 32767 32767 -32768
9249 -9123 3498 32767 32767 -32768
6954 -10307 -1962 32767 32767 -32768
3892 -11877 -4896 32767 8303 -32768
4408 -10229 -3127 32767 -4308 -32768
4468 -10094 -1599 32767 -969 -32768
3242 -9239 -3322 32767 4693 -32768
2342 -8662 -4375 32767 6645 -32768
1760 -7775 -4010 32767 6500 -32768
1722 -7610 -3745 32767 11231 -32768
1091 -6966 -3380 28185 15746 -32768
824 -6737 -3368 17754 17758 -32768
-245 -5611 -3445 11920 16349 -32768
-570 -5244 -3201 9847 15787 -32768
-654 -4669 -2621 7480 17093 -31416
-790 -4146 -2277 5782 18367 -26457
-914 -3824 -2162 5402 18407 -23236
-1014 -3565 -2140 5744 18234 -18584
-918 -3117 -1850 5956 18230 -15150
-879 -2872 -1690 6466 19342 -10071
-610 -2672 -1626 7230 20626 -6719
-347 -2520 -1604 8595 23605 -1575
369 -2367 -1436 9181 27522 3260
758 -2222 -1516 9075 30935 5884
866 -2140 -1575 8249 31626 9600
1289 -1529 -1790 7350 26054 12328
1609 -936 -1666 6831 19758 13152
1959 -613 -1575 6642 18323 13252
2439 -378 -1494 6323 20608 14239
3830 -307 -1412 5655 24953 17200
4393 -313 -1434 4763 29748 20947
5355 -191 -1378 3746 32767 23366
5641 -189 -1414 1487 32767 25972
5650 -69 -1468 -1460 32767 26346
5444 335 -1414 -3631 32767 25468
5329 595 -1267 -7064 32767 23222
4940 624 -943 -9253 32767 21102
4834 608 -854 -12284 32767 17575
4625 765 -577 -14187 32767 15595
4425 790 -547 -16223 32767 13714
1486 1191 -523 -30563 13058 -3013
1295 990 -543 -31136 8815 -4222
1143 819 -741 -30361 6269 -4152
1123 727 -751 -28195 2830 -3078
1062 535 -599 -25996 -262 -1174
988 443 -504 -24904 -1597 212
882 358 -299 -24059 -1899 2049
743 337 -124 -24004 -1332 2731
700 335 -71 -24971 1259 2591
541 222 62 -25712 2893 1964
461 79 69 -26821 4980 235
459 -38 18 -26954 5027 -512
542 -307 -44 -26646 3573 -1030
664 -626 -59 -26336 1886 -1009
703 -753 -57 -25911 -853 -646
819 -1148 -69 -25447 -2846 -419
931 -1646 70 -25414 -3467 -540
956 -2040 164 -26251 -3471 -1343
994 -2428 294 -28762 -2713 -2622
1267 -3024 464 -32768 -1446 -3174
