4538 -5076 584 -1587 16060 32767
4490 -5101 -250 7082 12346 32767
4801 -4703 -401 14876 11538 32767
5475 -3904 227 25979 12163 32767
5698 -2900 1374 31413 13294 32767
5449 -2149 2140 32767 17037 32767
5115 -1340 2792 32767 21789 32767
4756 -873 2829 32767 27440 32767
4267 -608 2493 32767 29429 32021
4114 -312 2119 32767 30955 28472
4209 -124 2006 32767 32517 23873
4662 150 1942 32767 32767 22283
4931 278 1854 32767 32538 21732
5148 661 1196 32767 30582 21738
5431 839 350 32767 25447 21795
6482 1152 -1371 32767 20263 22057
7343 1400 -2976 32767 12049 20472
8203 1573 -5620 32767 3666 15734
8790 1580 -7067 32767 -19168 2198
8979 1251 -8056 32767 -32768 -16183
9054 478 -7598 32767 -32768 -26365
9680 -143 -7692 -1334 -32768 -32284
10360 -1089 -8243 -32768 -32768 -29164
10168 -2358 -7110 -32768 -32768 -25377
9411 -3213 -4929 -32768 -32768 -23642
7965 -4211 -1612 -32768 -32768 -32768
7240 -4628 -549 -32768 -32768 -32768
8386 -5188 426 -32768 -32768 -32768
10112 -4408 1058 -32768 -32768 -32768
9453 -5514 3879 -32768 -32768 -32768
8782 -5661 3556 -32768 -32768 -32768
8736 -5569 2812 -32768 -32768 -32768
8138 -5852 3548 -32768 -32768 -32768
6284 -5600 5908 -32768 -32768 -32768
5707 -5069 6522 -32768 -32768 -31834
4063 -4265 5936 -32768 -32768 -22211
1797 -2893 5025 -32768 -32768 -21166
1266 -2221 4579 -32768 -30400 -22231
797 -1668 3943 -32768 -18297 -24424
653 -1339 3191 -32768 -11602 -25182
683 -1328 2737 -28969 -6318 -23933
1271 -1614 1909 -23891 -3592 -20617
1342 -1837 1444 -15802 -2377 -14585
1046 -1894 817 -10229 -3584 -11381
903 -1853 481 -1474 -6297 -8128
645 -1691 8 7650 -9785 -7419
692 -1557 -160 13278 -11476 -7589
988 -1496 -83 20302 -10917 -6211
1505 -1468 12 24187 -8455 -3841
1550 -1350 221 27936 -5908 -164
1554 -1223 421 28361 -6492 2379
1662 -949 661 27228 -8323 3545
1767 -727 706 24897 -11819 4854
1967 -410 509 23627 -14600 5718
2293 -181 455 23569 -15326 6383
2702 45 371 24976 -12023 9000
2912 503 480 26023 -8694 11043
2900 763 661 25986 -5491 13164
2957 1296 976 24320 -4806 14138
2981 1736 1137 19787 -5304 15308
2992 2282 1138 16312 -6370 15454
2935 2870 760 12384 -7896 13953
2912 3044 560 10401 -5741 10467
2961 3231 675 8947 -1779 7997
2852 3324 900 5378 6036 4422
2609 3355 1048 2236 11129 2265
2361 3354 919 -2141 16381 -899
2019 3162 557 -4907 19125 -3129
1847 2964 190 -5592 20422 -3329
1665 2791 -59 -4878 21760 -2353
1492 2352 -462 -3179 22184 -1361
1435 1864 -779 658 22076 600
1399 1621 -804 4273 21088 3382
1262 1253 -647 5818 19974 5332
1083 1000 -513 7069 17566 7545
958 637 -496 8126 16074 9001
959 320 -356 8729 16110 10035
1012 126 -317 9749 18201 11838
1051 -228 -237 10865 21245 13511
1106 -562 -309 11960 23477 14404
1086 -862 -309 13974 26052 15126
1235 -1164 -306 16044 27296 16044
1327 -1512 -296 17873 26020 16791
1454 -1858 -221 18938 24017 17233
1564 -2160 -151 20806 21151 18191
1915 -2576 -145 22468 20192 19511
2160 -2822 -126 25194 19489 22676
2364 -3038 -86 27650 17767 26015
2467 -3174 -83 29342 15671 27829
2517 -3219 22 31952 11568 29299
2738 -3130 165 32767 8194 29948
3024 -2783 636 32767 7125 30597
3059 -2525 978 32767 8613 31467
3007 -2181 1351 32767 13731 31525
3062 -1842 1453 32767 18418 31390
3179 -1608 1360 32553 24589 31574
3619 -1318 1025 32635 25721 32767
4282 -1103 599 32767 23121 32767
4621 -772 170 32767 15364 32767
4521 -454 -7 32767 8030 32767
4091 -103 391 32767 7448 32767
3908 37 952 32767 14963 28035
3751 174 1471 32767 22368 24644
3695 242 1507 29734 31088 20589
3853 377 1104 26422 32767 18473
4503 449 540 26011 32767 18963
5048 624 94 27005 28579 20253
5209 915 -141 30094 20039 21724
4942 1408 -398 32767 14269 20979
4438 1675 -89 32767 11567 15810
4147 1922 853 32767 17302 11047
4074 1980 1263 32767 30355 4624
4110 2076 773 32540 32767 605
4264 2263 -114 30944 32280 -81
4239 2539 -577 28744 20550 1095
3981 3003 -1101 27916 12526 2136
3929 3297 -1533 28955 3298 2502
3309 3507 -1549 30782 1203 -2198
3046 3256 -1574 31569 4039 -7420
3342 2714 -2027 31027 5017 -14168
4536 1316 -3143 29064 878 -15299
5712 181 -4085 23664 -12274 -9737
7669 -1651 -5283 14826 -32768 1069
8562 -3341 -5743 7312 -32768 6992
8441 -4350 -4998 -8943 -32768 7892
7593 -5132 -3330 -23885 -32768 2376
8074 -5580 -2854 -32768 -32768 -9400
10689 -7794 -3417 -32768 -32768 -20085
12158 -9451 -4303 -32768 -32768 -27827
11699 -9717 -2756 -32768 -32768 -32768
11328 -9208 543 -32768 -19506 -32768
11642 -8318 14 -32768 -5538 -32768
10112 -8024 -1634 -32768 -13129 -32768
11402 -8726 475 -32768 -21575 -32768
11236 -9306 414 -32768 -24472 -32768
10518 -9928 -160 -32768 -30388 -32768
10418 -10336 337 -32768 -32768 -32768
10006 -10588 1383 -32768 -32768 -32768
8527 -10201 2555 -32768 -32768 -32768
6519 -9420 3219 -32768 -32768 -32768
5353 -8902 3512 -32768 -32768 -32768
4359 -8065 3384 -32768 -32768 -32768
3513 -7159 2398 -32768 -32768 -32768
2695 -6585 1971 -24492 -32768 -32768
1858 -5610 1819 -13343 -32768 -32768
1438 -4632 1941 -7845 -32768 -32768
1324 -4048 2079 -2254 -32768 -32768
1100 -3210 2134 1888 -32768 -28584
880 -2604 1857 4822 -32768 -24239
718 -2232 1682 9016 -32768 -19062
392 -1851 1708 10757 -28949 -16719
229 -1631 1771 11438 -25763 -14050
178 -1354 1671 11059 -24550 -10866
227 -1130 1440 10602 -24519 -8154
290 -999 1186 11396 -24761 -2809
336 -797 843 12636 -25245 937
441 -600 587 16140 -26084 6979
511 -229 293 19482 -26796 10978
623 0 218 24797 -27975 16749
938 269 373 27776 -28742 20579
1262 466 592 30777 -28926 26206
1762 742 883 32046 -27955 29508
2103 958 938 32767 -24465 32767
2547 1257 951 32767 -17103 32767
3121 1271 1205 32767 -10395 32767
3778 1183 1291 32767 -546 32430
4946 1125 1018 32767 6306 32683
5987 1136 442 32767 8257 32767
6231 1296 -303 32767 7014 31101
6032 1421 -642 32767 1299 24452
5658 1636 -729 32767 -2135 18449
5441 1649 -457 32767 -2530 9644
5015 1575 67 32767 3568 2168
4491 1336 484 32767 9578 -1872
4192 1174 529 32767 18162 -6224
3709 936 324 30640 23799 -9140
3300 732 -3 29417 26212 -10205
3059 657 -143 28562 28146 -10408
2632 501 -282 28187 28507 -9603
2228 345 -316 27818 27992 -8503
1973 237 -332 26851 26398 -6051
1615 108 -272 25214 24442 -2901
1314 -12 -254 23966 23266 -744
1075 -87 -295 22562 21393 1813
635 -188 -446 22206 19882 2724
404 -246 -547 22531 17628 3120
234 -328 -600 23425 15784 3124
191 -434 -544 24453 14485 3222
224 -641 -461 25096 14123 3457
277 -795 -445 25939 14247 4416
502 -915 -387 26436 15236 6386
696 -1130 -263 26438 16217 7936
644 -1316 -134 26019 17426 9709
645 -1689 74 25074 18664 10610
461 -1897 307 24155 20581 10497
465 -2004 506 22171 25420 9816
821 -2306 717 20433 28738 9804
1356 -2587 879 16766 32370 11807
2609 -3022 1124 12291 32767 16955
3458 -3416 1016 9882 32767 21532
4466 -3942 897 8129 32767 28584
4748 -4055 579 10137 31154 32767
4705 -4023 -90 14509 27909 32767
4558 -3940 -418 24742 21563 32767
5003 -3606 40 32767 18005 32767
5598 -2822 1002 32767 18604 32767
5651 -2280 1638 32767 20849 32767
5295 -1595 2084 32767 22304 32767
4825 -1270 1956 32767 24316 32767
4246 -1035 1823 32767 27902 32767
4233 -869 1569 32767 31359 32767
4306 -769 1364 32767 32767 30191
4564 -577 959 32767 31941 28205
4768 -271 860 32767 29401 27387
4893 -33 666 32767 26212 26724
4817 276 378 32767 24005 25948
4623 490 194 32767 23498 22934
4174 768 -189 32767 24804 17898
4277 1076 -855 32767 25696 14693
4669 1303 -1510 32767 23673 11902
5620 1609 -2802 32767 18665 11715
5969 1775 -3829 32767 6826 11749
6261 1937 -5435 32767 -2430 10035
6422 1909 -5925 32767 -15700 3397
6517 1496 -6227 31789 -26660 -7429
7150 981 -6754 20262 -32768 -14640
7849 691 -6695 -3101 -32768 -21833
8938 205 -6528 -21833 -32768 -23006
9305 -334 -6104 -32768 -32768 -20471
8946 -1391 -4778 -32768 -32768 -17390
7264 -2579 -2680 -32768 -32768 -19277
6013 -3255 -1399 -32768 -32768 -30876
3620 -6169 -6722 -32768 -32768 -32768
5894 -4038 253 -32768 -32768 -32768
6016 -3456 1631 -32768 -32768 -32768
6180 -4453 236 -32768 -32768 -32768
6658 -5151 -332 -32768 -32768 -32768
7500 -6648 2162 -32768 -32768 -32768
6457 -6279 4602 -32768 -32768 -32768
5670 -5563 5525 -32768 -32768 -32768
3934 -4412 5259 -32768 -32768 -26632
2718 -3225 4360 -32768 -32768 -18695
2298 -2473 3952 -32768 -32768 -7286
1746 -1842 3618 -32768 -32768 2019
1239 -1058 3000 -32768 -32768 5078
102 -943 2401 -32768 -26902 -280
-549 -526 1816 -32255 -19160 -7043
-270 -374 1434 -28715 -8509 -15048
164 -392 938 -24948 -1793 -19744
402 -434 553 -21898 312 -21419
623 -450 384 -18101 1745 -22780
1170 -646 76 -12479 3748 -20111
1633 -613 -244 -7709 5086 -16205
1951 -472 -377 -101 5685 -9361
2084 -337 -579 5291 5596 -4977
2266 -157 -545 13016 4340 627
2283 90 -309 17418 2663 2941
2288 202 -147 22745 -693 4413
2747 491 434 24873 -3446 4900
2917 644 850 26129 -8236 4796
3181 848 1290 25596 -12551 4326
3621 1137 1621 24403 -14587 4478
3781 1384 1735 21703 -16412 5368
3839 1905 1793 19454 -16306 6170
3471 2314 1750 15944 -14435 6547
3076 2473 1708 12386 -11447 4957
2487 2576 1690 9964 -8691 2987
2224 2562 1671 6287 -2466 -446
1942 2462 1618 3820 2467 -2634
1670 2366 1648 -144 9110 -5729
1107 2137 1629 -3737 13519 -8581
789 2025 1330 -5336 15765 -9954
779 1887 1153 -6560 18618 -10481
1288 1573 895 -6365 22513 -8262
1867 1282 620 -5310 25984 -5573
1914 1030 276 -1929 30955 -743
2101 737 -15 2152 32767 4894
2059 416 -162 4681 32767 8589
1883 83 -245 8270 32767 13185
1505 -359 -406 10558 32767 15449
1518 -601 -396 13656 30848 18712
2178 -872 -435 16481 30327 23631
2826 -908 -537 18132 30896 27781
2857 -979 -498 19941 30315 32767
2697 -1127 -519 20847 28721 32767
2471 -1310 -527 22153 24955 32767
1991 -1426 -600 24176 20287 32767
1947 -1803 -539 26867 18815 32767
2726 -2227 -417 28765 20725 32767
3021 -2227 -376 31218 26273 32767
3429 -2348 -310 32475 30293 32767
3484 -2433 -378 32767 32767 32767
3119 -2229 -412 32767 30620 32767
2921 -2034 -518 32767 25311 32767
2986 -1803 -404 32767 20889 32767
2902 -1577 -200 32767 14336 32767
2740 -1263 198 32767 11288 32381
2628 -1178 457 32767 10598 29787
2642 -1011 751 32767 15267 28102
2667 -845 893 32767 21018 27539
2641 -639 989 32767 29725 27262
2684 -577 999 32767 32767 27612
3038 -552 1072 29292 32767 29037
3414 -391 1367 24617 27756 31231
3980 -67 1573 21420 22877 32767
4230 308 1651 17550 18630 32767
4183 703 1628 16225 18807 32767
3850 931 1499 16725 22037 32767
3713 1244 1576 18892 27831 28651
3849 1414 1628 20518 31588 24509
4275 1711 1682 22447 31495 19822
4807 1896 1757 23428 27676 17865
4879 1984 1527 25532 20525 15766
4759 2628 1065 27527 17296 14730
4608 3050 808 30756 18180 12932
4049 3180 693 32219 20365 11020
3557 3282 458 32767 21849 7390
3353 3231 -268 32767 18401 2989
3430 3004 -994 32767 11361 620
3866 2369 -1996 -32768 -32768 2884
8127 -4766 -1855 -32768 -32768 -8816
9165 -5882 -884 -32768 -32768 -21630
9157 -6603 -691 -32768 -32768 -31852
8506 -6602 -1338 -32768 -32768 -32768
8429 -6566 -2811 -32768 -30900 -32768
9895 -9964 -5373 -32768 -30109 -32768
4610 -5709 1231 -32768 -32768 -32768
4095 -5209 1350 -32768 -32768 -32768
3162 -4534 1387 -32768 -32768 -32768
2453 -3848 1310 -32334 -32768 -32768
2044 -3423 1186 -27908 -32768 -32768
1505 -2840 913 -24620 -32768 -32768
1141 -2323 761 -19752 -32768 -32768
943 -2147 874 -15536 -32768 -32768
1128 -1968 1033 -11712 -32768 -31918
1586 -1914 1043 -8897 -32768 -28791
1862 -1876 1058 -4318 -31002 -22679
2197 -1727 1094 243 -26876 -16400
1967 -1473 1043 3214 -23555 -13373
1605 -1353 948 7577 -19567 -11223
1323 -1110 867 11379 -18015 -10283
1401 -992 868 13655 -18136 -9190
1607 -807 884 16762 -19159 -5779
2062 -445 1041 19216 -19927 -615
2401 -273 1230 20626 -19392 3156
2546 -289 1396 22234 -17230 8404
2611 -142 1696 22748 -14766 12564
2684 64 1897 22545 -13351 14690
2700 208 1975 21836 -11406 16887
2873 347 1908 21565 -9607 18059
3216 490 1684 22470 -5069 20206
4071 821 1193 24228 -320 22400
4701 999 839 28483 8869 26766
5315 1266 503 31792 15159 29907
5553 1416 418 32767 23232 32767
5332 1613 443 32767 27488 32767
4732 1473 530 32767 27295 32767
4241 1210 495 32767 23057 32767
3931 1105 383 32767 16296 30198
3466 1019 135 32767 10115 26210
2933 960 -62 32767 7401 23571
2547 910 -114 32767 5824 19900
2001 780 -144 32767 6439 17823
1674 681 -142 32767 9289 15390
1261 534 -125 32767 12849 13768
967 341 -126 32767 16067 12834
843 48 -133 32767 17671 12626
795 -134 -141 32767 19255 12938
807 -382 -151 32767 20461 13930
973 -615 -177 32767 21374 15066
1078 -701 -185 32767 23222 17256
1130 -800 -138 32767 25480 19423
1053 -1075 -169 32767 26817 20443
962 -1315 -174 32767 27755 21233
1042 -1804 -141 31575 26659 21694
1156 -2329 -107 30011 24741 21916
1231 -2683 -105 27829 21342 21994
1595 -3114 -273 26823 19825 22337
1800 -3239 -313 25646 19736 23341
2002 -3390 -283 24862 20916 24215
2225 -3960 -40 23262 23426 25536
2448 -4561 160 21185 25318 27095
3559 -5266 265 19812 26518 29415
4288 -5398 155 18326 28138 32767
5230 -5353 -113 17813 27974 32767
5105 -4890 -523 18467 24907 32767
4679 -4332 -818 21490 15435 32767
4000 -3512 -1034 26359 2593 32767
3592 -2966 -946 29706 -6279 32767
3259 -2293 -568 32767 -16503 32767
3244 -1846 124 32767 -19088 32767
3187 -1538 630 32767 -14818 32078
3160 -1065 1257 30226 -4183 28223
3138 -604 1635 26485 2968 26044
2958 -463 1696 20711 10947 22537
2728 -491 1396 17856 14436 19866
2717 -458 1019 15848 17294 15893
2897 -390 723 16669 18273 12994
3173 -375 372 18607 18019 11916
3369 -356 186 23185 15874 11502
3569 -95 -187 27292 13314 12049
3677 566 -482 32767 8439 13870
3607 987 -551 32767 3011 15768
3403 1566 -568 32767 -393 16504
3406 1911 -381 32767 -3473 16938
3528 2479 43 32767 -3237 16742
3588 2667 194 32767 29 14987
3444 2614 392 32767 2118 12418
3363 2487 397 32767 1829 6761
3438 2260 78 32767 -733 2343
3770 2119 -122 32767 -6064 -3644
4106 1906 -476 32767 -8522 -7114
4703 1659 -975 32767 -10359 -10587
5076 1585 -1348 31012 -12944 -12188
5677 1132 -1968 27118 -21083 -12951
6335 687 -2288 22919 -31449 -13169
7346 -256 -2532 11743 -32768 -14230
8097 -965 -2762 245 -32768 -14937
9076 -1472 -2249 -26076 -32768 -12778
9384 -2128 -1243 -32768 -32768 -10778
8901 -2523 -1469 -32768 -32768 -11787
7869 -3211 -1857 -32768 -32768 -20612
6694 -3849 -1222 -32768 -32768 -31345
6122 -3952 -437 -32768 -32768 -32768
-11 -2332 -6207 -32768 -32768 -32768
6407 -3972 227 -32768 -32768 -32768
6944 -4307 -1056 -32768 -32768 -32768
6770 -5362 -1761 -32768 -32768 -32768
6740 -6119 -775 -32768 -32768 -32768
7211 -6868 1114 -32768 -32768 -32768
7224 -6428 532 -32768 -32768 -32768
5071 -6800 991 -32768 -32768 -32768
2505 -5979 2116 -32768 -32768 -32768
1633 -4654 3456 -32768 -32768 -32768
3231 1166 1475 19551 -32768 5973
3463 1470 1659 17196 -32768 6305
3494 1642 1678 13736 -32768 6541
3304 1839 1680 11461 -32768 6351
3072 1972 1680 7821 -27469 5391
2691 2133 1635 4164 -20820 3782
2396 2181 1465 1962 -16404 2545
2300 2116 1310 -681 -9644 894
2291 1915 1038 -2174 -2483 -204
2091 1799 670 -2415 2347 -834
1844 1782 446 -1893 8622 -1702
1509 1711 200 -1101 11784 -2181
1289 1474 0 547 15296 -2504
1135 1288 -101 2739 17155 -2474
953 968 -249 4488 17269 -2224
977 731 -331 7468 16509 -1031
1203 416 -465 10791 16229 1648
1685 130 -590 13178 17214 4552
2022 4 -654 16743 20804 10410
2301 1 -675 19698 25883 17348
2497 69 -622 21160 29309 22214
2407 110 -663 22781 32767 28754
2220 -11 -750 23790 32767 32236
1901 -174 -889 25771 32767 32767
1391 -611 -916 27994 32767 32767
1211 -1123 -788 29526 31933 32767
1374 -1310 -623 31682 28624 32767
1999 -1433 -433 32767 28217 31906
2321 -1564 -414 32767 30379 30857
2525 -1570 -405 32767 32683 30030
2640 -1547 -452 32767 31637 29266
2290 -1546 -381 32767 28068 28260
1998 -1625 -237 32767 19489 25926
2048 -1979 176 32767 10040 24141
2260 -1991 387 32767 5234 23990
2878 -1728 558 32767 3244 25677
3222 -1449 519 32767 6397 28540
3220 -1134 431 32767 9000 30476
3036 -949 503 32767 10773 32369
2734 -819 710 32767 9980 32718
2661 -650 986 32767 8950 32368
2786 -524 1109 30874 8841 31669
2884 -486 1218 29500 10853 30885
2912 -443 1329 27522 16854 29055
3137 -334 1581 26052 21957 27811
3225 -232 1731 23687 28839 26501
3505 147 1674 21958 32242 26221
3740 641 1461 21648 31866 26257
3957 758 1362 22829 28580 26181
4121 895 1415 25767 24729 25412
4035 1101 1438 28645 23753 24220
3827 1299 1414 32767 26146 21081
3360 1446 1455 32767 29790 17970
3077 1405 1393 32767 32767 12702
3221 1421 1041 32767 32049 9469
3287 1569 459 32767 25158 8393
3344 1718 229 32767 13240 8206
3987 1669 102 32767 9287 9647
4062 1779 10 32767 9910 12010
3680 1570 -558 32767 8817 10264
3408 911 -1845 32767 79 4677
3946 434 -3111 32767 -10956 599
5186 -290 -3739 32767 -16897 933
6038 -774 -3902 23361 -27946 6227
6990 -1305 -4120 2176 -32768 13544
6710 -1814 -4437 -13105 -32768 15257
6297 -2293 -4443 -32768 -32768 9927
6420 -2968 -3452 -32768 15107 -32768
2387 -4949 -152 -24604 -32768 -32768
1881 -4396 -230 -20382 -32768 -32768
1311 -3688 -206 -15789 -32768 -32768
1270 -3213 -228 -12117 -32768 -32768
1443 -2814 -247 -5583 -32768 -32768
1758 -2294 18 -1275 -32768 -32768
1721 -1989 362 4455 -32768 -28841
1753 -1763 580 8882 -32768 -25265
1691 -1394 926 10893 -32768 -23350
1592 -1287 1034 13083 -32768 -20790
1776 -1131 1075 14346 -32768 -18562
1889 -876 1147 15796 -32768 -14270
1998 -582 1234 16521 -32482 -11054
2102 -387 1306 17398 -31113 -6094
1976 -240 1378 17908 -29432 -1744
1940 -55 1421 18136 -27738 790
2000 96 1359 18776 -24387 4248
2277 341 1236 19367 -21881 6447
2425 542 1363 19720 -18426 9426
2561 678 1602 19446 -16332 11118
2774 725 1738 18395 -12662 13680
3167 838 1868 16781 -7357 16760
3588 1119 1905 15564 -2275 19198
3839 1300 1816 13816 7771 23335
3994 1599 1704 12691 15198 26046
4028 1807 1660 10826 25752 29644
4223 1808 1450 9800 32344 31744
4652 1641 1172 8855 32767 32767
4911 1646 934 8437 32767 32767
4773 1525 812 8287 32767 32767
4256 1155 783 8239 32767 32767
3867 666 737 8309 32767 32767
3629 424 644 8691 32767 32767
3267 191 442 9234 32767 32767
2865 -20 153 10658 32767 32767
2600 -110 -16 12821 24360 32767
2273 -233 -225 14607 18461 32767
2191 -312 -270 17436 10385 32767
2275 -406 -261 19272 6096 32767
2263 -390 -261 21751 1557 32767
2107 -284 -236 23197 -466 32767
1982 -212 -231 25122 -1961 32767
1728 -132 -224 26216 -2016 32767
1541 -126 -221 27522 -945 32767
1303 -179 -235 28492 1267 32767
1171 -305 -296 28978 2932 32767
1123 -383 -226 29101 5043 32767
1288 -561 -97 28516 6220 32767
1364 -898 -3 27762 6563 32767
1304 -1104 86 26015 5978 32767
1140 -1293 166 24564 5011 32767
1105 -1437 49 22531 3500 30513
1204 -1568 -5 20899 3060 27836
1425 -1790 37 19822 3494 26493
1531 -1917 101 18156 4690 25026
1631 -2247 83 17030 6140 23987
1733 -2830 63 16699 6803 23530
1968 -3191 85 16531 6952 23704
2489 -3595 248 16370 6586 24757
2969 -3892 306 16123 5985 28150
3737 -4164 369 15840 5039 32767
4535 -3978 473 15504 3706 32767
4929 -3642 709 14060 292 32767
5197 -2932 1245 12384 -2780 32767
4622 -2465 1482 9989 -8717 32767
3137 -2077 1472 9640 -13693 32767
2347 -2161 1002 12819 -21216 32767
2346 -2065 960 18549 -25298 32767
2547 -1562 1108 22449 -25623 32767
2690 -1219 1163 27991 -23088 32767
2813 -913 1072 32767 -18645 32767
2876 -803 988 32767 -16203 30472
3016 -464 855 32767 -14413 28562
3187 -283 722 32767 -11337 27179
3455 -60 703 32767 -8185 27039
3476 104 748 32767 -812 27119
3493 391 713 32767 5791 27096
3472 562 698 32767 16015 26588
3432 795 559 32767 20919 25924
3510 842 305 32767 22452 24507
3653 999 -134 32767 18880 23241
3718 1231 -658 32767 8359 20159
3892 1637 -1422 32767 -454 17224
4155 1902 -1719 32767 -13863 12208
4918 2096 -1937 32767 -24680 7660
5498 2046 -1965 32767 -28795 4800
6103 1567 -2159 32767 -30994 1318
6274 1424 -2373 32767 -32768 -6098
6453 1098 -2425 27247 -32768 -15132
7404 89 -2575 12906 -32768 -20208
8404 -423 -2918 -9630 -32768 -24157
9681 -1302 -3916 -23047 -32768 -24570
10313 -1854 -4384 -32768 -32768 -23984
10559 -2884 -3709 -32768 -32768 -24297
10262 -3973 -1796 -32768 -32768 -25068
9659 -4590 -551 -32768 -32768 -28092
8262 -5842 154 -32768 -32768 -32768
7421 -6546 411 -32768 -32768 -32768
-846 -7669 -6902 -32768 -32768 -32768
7563 -6964 1559 -32768 -32768 -32768
7868 -6994 393 -32768 -32768 -32768
7712 -7302 -535 -32768 -32768 -32768
7001 -7793 -47 -32768 -32768 -32768
6390 -7885 1299 -32768 -32768 -32768
5780 -7219 2625 -32768 -32768 -32768
4906 -6095 3229 -32768 -32768 -32768
4111 -5435 3430 -32768 -32768 -32768
3023 -4718 3708 -32768 -32768 -26955
1973 -4011 3490 -32768 -32768 -22283
1482 -3435 3060 -32768 -32768 -17888
695 -2847 2200 -32768 -32022 -17113
632 -2533 1506 -32768 -22996 -17150
877 -2263 568 -32768 -13388 -17818
1006 -2027 62 -31504 -7195 -18760
1088 -1929 -75 -20744 1126 -20671
1176 -1843 -102 -14467 5524 -21989
1244 -1653 -156 -6089 9652 -23494
1332 -1336 -299 1773 9390 -24287
1356 -1209 -367 6745 6613 -24097
1590 -987 -312 13290 -930 -22085
1931 -627 -35 16753 -7087 -19640
2119 -328 185 20463 -15785 -14811
2527 196 668 21895 -19797 -11079
2632 499 1091 22260 -22089 -5431
2874 784 1619 20784 -20908 291
3195 1111 2077 18988 -18182 4112
3252 1328 2240 15333 -11706 9278
3116 1614 2234 12645 -6719 12100
2906 1847 2239 8173 93 14742
2275 2174 2298 3496 6506 14679
1515 2583 2117 972 11733 12932
1049 2855 1916 -1059 22583 7828
510 2944 1469 -990 31550 3314
219 2785 1371 767 32767 -4225
2 2209 1134 3008 32767 -8871
-998 1906 966 7849 32767 -15407
-807 1774 734 14002 32767 -17683
1608 1528 -931 19697 32767 -13269
2388 1700 -655 25565 32767 -756
1032 1483 1643 23708 32767 6424
1164 1131 2308 17050 32767 18271
2569 866 30 14280 32767 28815
1102 1256 -2384 7102 31944 32767
3110 3432 4371 -7740 6179 32767
2241 4082 3230 -21263 -19856 32767
1744 3058 803 -22987 -31534 32767
494 1669 -282 -19372 -30760 32767
-611 278 -622 -8206 -20630 32767
-1190 -521 -813 4914 -8593 32767
-972 301 -468 12125 -830 32767
-267 58 93 19486 9786 25737
357 -493 420 23392 20846 19724
1239 -1103 940 24086 27495 18870
1751 -1304 1204 22816 32767 21132
2185 -1585 1406 21092 32767 23795
2114 -1969 1401 18196 32767 27421
1718 -2625 1506 16421 31840 28834
1279 -3265 1762 14084 25309 29387
1422 -3382 1882 12374 20873 29987
1547 -3716 1810 12643 18606 31482
1989 -4040 1518 14009 18839 32767
2275 -3769 1362 16823 18773 32767
2283 -3374 1276 18543 16490 32767
2261 -2809 1482 20066 10327 32767
2151 -2389 1583 20823 5373 32767
2058 -2058 1732 21694 -419 32767
1982 -1614 2023 21762 -1766 32767
1921 -1420 2317 20330 -510 32767
2027 -1100 2501 17739 2356 32767
2134 -1124 2558 15750 5156 32767
2314 -1217 2497 12782 8778 32767
2439 -1325 2282 10213 9958 32767
2515 -1277 2008 8904 9965 32767
2609 -1246 1843 7801 9887 32767
2801 -1343 1749 7095 10295 32767
3394 -1440 1861 6670 11498 32767
3714 -1507 1927 6181 13396 32767
3983 -1526 2007 6195 13776 32767
4023 -1411 1892 7976 13056 32767
3615 -1095 1620 10570 11460 32767
3323 -826 1536 16131 6787 32767
3008 -467 1426 20605 2202 32767
3160 -444 1368 27867 -4539 28824
3638 -248 1470 32236 -8690 26590
3778 -96 1788 32767 -12738 24582
3782 243 2171 32767 -8752 22668
3503 747 2238 32767 -2149 20814
3242 1012 2019 32767 10224 16841
3050 1308 1474 32767 17197 13975
3240 1565 1050 32767 22274 11088
3803 1957 418 32767 21531 10537
4030 2316 45 32767 13141 10806
4409 2458 -646 32767 -1022 10808
4653 2399 -1366 32767 -11808 10008
4825 2148 -2093 32767 -30569 6283
4666 1734 -2133 32767 -32768 1816
4890 651 -1839 32767 -32768 -4884
6152 -997 -996 29284 -32768 -6670
7075 -2342 -399 12113 -32768 -3907
8884 -4204 133 -2397 -32768 767
9942 -5593 605 -28464 -32768 6863
10245 -7081 -309 -32768 -32768 3171
10293 -8617 -733 -32768 -32768 -6182
10106 -10799 221 -32768 -32768 -28820
8519 -11748 885 -32768 -32768 -32768
7322 -11403 1157 -32768 -32768 -32768
8744 -10869 376 -32768 -30750 -32768
11345 -12411 -2133 -32768 -18312 -32768
13305 -12641 -4335 -32768 -32768 -32768
12236 -14136 -4094 -32768 -32768 -32768
10586 -14284 -3036 -32768 -32768 -32768
9332 -13401 -541 -32768 -32768 -32768
9202 -11942 -450 -32768 -27632 -32768
8651 -11219 -564 -32768 -11474 -32768
6507 -10714 -386 -32768 -7894 -32768
5375 -9913 576 -32768 -7815 -32768
4048 -8363 1995 -32768 -7941 -32768
2853 -6956 2616 -32768 -9076 -32768
2300 -6051 2431 -32768 -10850 -32768
1868 -4836 1865 -23267 -13837 -32768
1289 -4029 1266 -16854 -16978 -32768
925 -3576 1092 -9032 -22802 -32768
832 -2896 937 -5018 -26195 -32768
985 -2437 859 -380 -29555 -32768
1258 -2056 916 1820 -31522 -27925
1264 -1906 889 4323 -32768 -19125
1232 -1787 859 6187 -32768 -11844
1074 -1508 773 7281 -32768 -8037
951 -1306 666 8959 -32768 -3911
734 -1043 504 10730 -32768 -1557
688 -746 355 11910 -32768 -626
992 -547 285 13691 -32768 801
1242 -494 288 15345 -32768 2596
1583 -512 368 16323 -32768 4033
1724 -507 438 17446 -32768 6370
1899 -376 537 17999 -32768 8072
2144 -270 627 18508 -32768 11418
2849 -295 869 18514 -28385 14787
3690 -317 1023 18165 -21096 21939
5017 -112 -398 32767 32082 32767
4387 -403 100 32767 23850 32767
3883 -670 646 32767 20655 32767
3928 -740 787 32767 21398 32767
3776 -807 851 32767 23905 32767
3452 -807 878 32767 23969 31902
3004 -723 752 32767 22608 28771
2685 -620 570 32767 18885 24275
2217 -409 275 32767 15584 21394
1870 -277 85 32767 9502 17185
1384 -80 -184 32767 2233 12934
1001 155 -382 32767 -2568 10181
804 295 -488 32767 -9015 6291
567 477 -620 32767 -14586 2673
442 642 -682 32767 -17568 443
375 738 -688 32767 -20800 -2745
305 798 -724 32767 -22597 -5791
282 659 -812 32767 -23022 -7709
363 439 -859 32767 -22460 -10068
718 7 -833 32767 -20320 -10995
993 -226 -618 32767 -18019 -10766
1189 -361 -435 32767 -12112 -9159
1672 -624 -93 32767 -5944 -7012
1972 -842 241 32767 6102 -2092
2131 -1305 877 32767 13978 1945
1880 -1324 1490 32767 23045 8114
1669 -1438 1840 32767 29114 13620
1548 -1744 2404 32767 32045 16835
1608 -1864 2552 29555 32767 21075
2044 -2126 2839 19491 32767 23915
2735 -2340 3168 3332 32767 29015
3207 -2441 3384 -13368 32767 32767
4297 -2738 3487 -28911 32767 32767
5435 -2782 3111 -32768 32767 32767
5560 -2667 2314 -32768 32767 32767
5342 -3003 429 -32768 32028 32767
4512 -3668 40 -31854 26031 32767
3807 -2952 30 -22120 19220 32767
2787 -2087 -539 -1410 10041 32767
2672 -1650 -217 13483 5349 32767
2847 -1268 200 32767 -1248 31632
3249 -1257 915 32767 -4719 30224
3375 -1166 1470 32767 -6773 30797
3409 -812 1982 32767 -1462 32767
3509 -520 2063 32767 6087 32767
3452 -400 2041 32767 19840 32767
3166 -378 1680 32767 28539 32767
3258 -372 1246 32767 32767 32767
3589 -252 518 32767 32767 32767
3811 -24 -267 32767 24785 32767
4320 423 -1337 32767 12141 32767
4873 815 -1874 32767 -11409 32767
6016 881 -2406 32767 -25694 29975
6778 789 -2885 32767 -32768 21507
8190 574 -3684 32767 -32768 11673
9016 -5 -3959 32767 -32768 3574
9945 -1118 -3596 25650 -32768 -10233
11050 -2071 -2870 -1933 -32768 -17994
11302 -2659 -2606 -32768 -32768 -25875
11149 -3393 -3683 -32768 -32768 -31849
9741 -4814 -3906 -32768 -32768 -32768
8668 -5805 -2622 -32768 -32768 -32768
6760 -6511 463 -32768 -32768 -32768
5931 -7604 3949 -32768 -32768 -32768
6860 -5826 817 -32768 -32768 -32768
7663 -5659 1511 -32768 -32768 -32768
7424 -6251 305 -32768 -32626 -32768
6564 -7003 474 -32768 -32768 -32768
5164 -7195 2233 -32768 -32768 -32768
4501 -7199 3784 -32768 -29728 -32768
3850 -6257 4913 -32768 -24956 -32768
3575 -5223 4774 -32768 -23195 -32768
2705 -4295 4208 -32768 -23545 -32768
1685 -3654 3558 -32768 -25665 -32768
1369 -3312 3063 -32194 -27874 -32768
1267 -2796 2286 -26746 -27584 -32768
1109 -2654 1738 -18732 -25966 -32768
766 -2403 1082 -11289 -23702 -32768
355 -2249 775 -7170 -22340 -32768
291 -2221 769 -3137 -21487 -32768
323 -2150 717 -1208 -21778 -31691
561 -1981 505 -317 -21347 -29168
579 -1747 353 973 -20520 -24887
534 -1459 171 1895 -20150 -21906
596 -1260 45 3709 -19370 -17096
658 -918 21 5754 -18326 -12499
539 -677 75 7300 -17286 -10115
528 -603 -18 10513 -14391 -7163
729 -302 15 12802 -11938 -5085
1021 -67 215 15519 -8627 -1147
1646 296 456 16786 -6654 2145
1979 492 590 18124 -3166 7270
2508 688 902 18755 2113 11823
2635 843 1019 19030 5874 13925
2822 920 1218 19098 9096 15506
3104 1058 1565 18367 11732 17374
3077 1117 1772 16939 9369 18158
3212 1438 2054 15717 5300 18408
3428 1757 2203 13500 -874 18902
3339 1999 2453 11218 -5463 17992
3054 2159 2518 9309 -7557 15356
2823 2282 2447 8225 -6620 13053
2454 2238 2405 6618 -2376 9211
2197 2128 2324 5028 3993 5472
1710 1990 2039 3735 10599 2017
1298 1776 1632 3200 14148 144
1109 1584 1418 2757 17672 -1587
901 1299 1168 2616 18692 -1948
977 1089 1011 2885 19179 -780
1459 690 743 4148 20271 3016
1732 393 342 6525 21697 8607
1730 277 35 8444 22205 12708
1628 187 -54 11162 21997 18625
1382 53 -104 12767 21277 22080
1179 -66 -120 14973 19744 26149
1021 -254 -169 16381 19068 28306
1382 -541 -85 18185 19879 31885
1540 -702 -133 19751 22437 32767
1915 -885 -124 20549 24971 32767
2271 -1126 -134 21183 29101 32767
2252 -1214 -167 21351 31846 32767
2159 -1442 -161 21235 32767 32767
2429 -1943 -98 21194 32767 32767
2731 -2242 -104 21553 32767 32767
2861 -2539 -144 22376 32767 32767
2984 -2748 -103 23043 32767 32767
2888 -2913 -59 24266 32767 32767
2583 -2943 5 25725 32767 32767
2225 -2727 7 26921 27780 32767
1869 -2521 75 28099 20533 32767
1644 -2559 207 29637 8540 32767
2120 -2596 605 30285 -567 32767
2779 -2594 943 30140 -3725 32767
3043 -2441 1077 29415 -5631 32767
3022 -2012 1202 28739 -5538 32767
2889 -1814 1213 27748 -3262 32767
2685 -1744 1383 26085 -293 32767
2714 -1668 1657 24289 1508 32767
2976 -1657 1836 20624 4538 32767
3361 -1552 1905 17941 6902 32767
3660 -1466 1854 14319 10412 32767
3823 -1309 1703 11845 12213 32767
3899 -1283 1588 11169 12406 32767
4126 -1291 1511 11498 12085 32767
4565 -1381 1626 12285 12043 32767
4645 -1379 1619 14361 11587 32767
4522 -1331 1578 16318 10299 32767
4608 -1244 1606 19537 6296 32767
4820 -928 1693 21553 2579 32767
4938 -608 1751 24229 -3902 31117
4820 -146 1812 26743 -9061 27210
4292 215 1810 28545 -8845 23637
3927 439 1757 31140 -2626 16783
3444 825 1610 32600 3108 11695
3217 1002 1522 32767 10029 4616
3071 1341 1315 32767 11705 753
3154 1607 1097 32767 9469 -3264
3310 1950 732 32767 5945 -4910
3444 2157 413 32767 965 -6425
4028 2272 -80 32767 -1655 -5981
4823 2037 -666 32767 -3385 -4375
5319 1749 -1307 32767 -8406 -1013
5934 1223 -2992 32767 -15036 271
5941 598 -3643 32767 -32768 -2582
5907 -1070 -3033 32767 -32768 -8061
6713 -2380 -2113 19070 -32768 -15437
8377 -3975 -653 -8392 -32768 -15982
9219 -5980 -276 -28535 -32768 -15130
9237 -6953 -1555 -32768 -32768 -17737
9427 -7725 -1810 -32768 -32768 -25846
9587 -10506 -763 -32768 -32768 -32768
9698 -11200 -757 -32768 -32768 -32768
9512 -11520 -311 -32768 -32768 -32768
9913 -11557 -164 -32768 -32768 -32768
11107 -11872 -367 -32768 -32768 -32768
3267 -7050 3589 -32768 -32768 -32768
11028 -12300 721 -32768 -32768 -32768
10393 -12155 856 -32768 -32768 -32768
10044 -11855 790 -32768 -32768 -32768
9368 -11351 614 -32768 -26742 -32768
9071 -10537 215 -32768 -19225 -32768
8511 -10280 150 -32768 -12342 -32768
6829 -9957 546 -32768 -13587 -32768
5075 -8874 1131 -32768 -17221 -32768
4068 -7871 1395 -32768 -23183 -32768
2851 -6865 1598 -32768 -25120 -32768
2393 -6564 1527 -32768 -25610 -32768
1849 -5844 1242 -32768 -25548 -32768
1380 -5329 1004 -24914 -25849 -32768
713 -4396 824 -19317 -26679 -32768
364 -3602 896 -11417 -27973 -32768
290 -3161 1102 -5324 -29320 -29969
314 -2730 1347 -2222 -29700 -26527
425 -2623 1386 2441 -27542 -21251
702 -2266 1286 6063 -24932 -17150
772 -2059 1225 11867 -21322 -10897
784 -1835 1129 15765 -19166 -7038
788 -1528 1131 20985 -17005 -1796
808 -1325 1171 24882 -16816 2833
831 -1011 1227 27550 -18302 6765
975 -804 1249 28720 -19625 9042
955 -674 1268 29806 -21477 11586
1134 -524 1400 29954 -22186 13000
1395 -392 1465 29553 -22075 15587
2136 -78 1498 28831 -19354 19406
2873 205 1512 28301 -16410 22441
3528 510 1597 27318 -9726 27709
4109 1159 1342 27104 -3008 31110
4456 1777 993 27493 10407 32767
4810 1983 759 28329 25015 32767
5316 2154 424 28924 32767 32767
5724 2337 386 28699 32767 32767
5796 2368 446 27625 32376 32767
5414 2520 514 26761 27984 32767
4845 1818 694 25545 20264 32767
4118 1781 902 24181 10552 28394
3685 1928 760 23823 6644 23254
3385 1842 536 24085 6345 16897
3117 1778 480 24453 8742 12712
2766 1526 386 24696 10564 11162
2545 1328 288 25203 13052 10520
2207 1056 135 25909 14537 11309
1832 750 -21 26545 14720 12285
1589 518 -90 27656 14103 14012
1290 176 -161 28477 13413 15130
1091 -30 -192 29749 12341 16555
823 -310 -245 31116 11533 17555
714 -548 -315 32114 11322 18128
692 -691 -354 32767 11577 18997
648 -897 -387 32767 11965 19532
651 -1036 -392 32767 12766 20310
650 -1203 -393 32767 13429 20849
644 -1279 -324 32767 14492 21536
668 -1337 -250 32767 15671 22347
823 -1482 -100 32767 17045 23562
1053 -1762 72 32767 18000 24614
1159 -1905 137 32767 19516 26391
1330 -2098 232 32767 20600 28302
1418 -2296 416 31252 20429 29513
1581 -2392 525 27439 19339 31493
2037 -2617 748 24464 18958 32767
2312 -2749 835 19798 19051 32767
2480 -2881 844 16860 18880 32767
2541 -3025 847 13041 17641 32767
2806 -3416 799 27696 -6639 32767
3148 -1533 387 29833 -15739 32767
2981 -1174 534 30770 -20120 32767
2910 -938 673 31448 -22497 29098
2867 -772 770 31455 -18965 25010
2697 -626 817 31310 -13353 22044
2694 -647 811 31066 -1867 17878
2860 -583 633 31076 5965 15665
2830 -476 484 31396 14683 12834
2734 -387 299 32160 17889 10348
2740 -352 190 32767 16990 8924
2794 -282 100 32767 13149 7082
2993 -191 -100 32767 10483 6102
3020 -108 -190 32767 8267 4434
3028 87 -421 32767 8900 2820
3348 245 -653 32767 10550 2483
3812 435 -939 32767 13223 3943
4207 683 -1301 32767 13374 5487
4773 975 -1895 32767 10103 6993
5118 1136 -2197 32767 -3945 7840
5532 1296 -2233 32767 -21786 5440
6192 989 -867 32767 -29116 2932
5072 246 -246 32767 -32768 -6858
6040 329 -100 17972 -32768 -12996
6966 45 124 -15055 -32768 -18744
7446 -917 -261 -32768 -32768 -21509
8047 -1626 -1242 -32768 -32768 -23891
8269 -2647 -903 -32768 -32768 -26233
7803 -3162 -127 -32768 -32768 -29038
6512 -3487 1320 -32768 -32768 -32768
5506 -3310 2268 -32768 -32768 -32768
3734 -3119 2693 -32768 -32768 -32768
2605 -3025 2517 -32768 -32768 -32768
-7303 -442 5916 -32768 -32768 -32768
1393 -2251 2514 -32768 -1156 -32768
1996 -1741 1555 -32768 27569 -32768
5246 -2388 -2469 -32768 2879 -32768
3194 -4237 -3081 -32768 -31400 -32768
1138 -5869 -1246 -32768 -32768 -32768
833 -5314 1141 -32768 -32768 -32768
971 -4480 2188 -32768 -32768 -32768
1469 -3233 3109 -32768 -30397 -32768
1962 -2400 2974 -32768 -19061 -30566
2090 -1879 2646 -32768 -6553 -24531
1899 -1251 2119 -32768 -1573 -22822
1630 -1096 1805 -32768 1015 -23118
1273 -983 1455 -31558 -1664 -24909
1214 -776 1220 -30691 -4286 -25997
1193 -673 993 -28720 -6185 -27304
1218 -533 755 -25925 -5352 -27997
1152 -403 702 -23845 -3909 -28197
1231 -379 687 -20466 -1026 -27659
1479 -358 742 -18171 927 -26631
1528 -293 702 -14412 3253 -24362
1786 -179 581 -11577 4404 -22184
1976 -26 598 -7034 5888 -18151
1969 140 533 -1822 7235 -14203
1936 193 602 1781 8056 -11933
1911 239 899 6273 9068 -9198
1895 154 1550 9090 10097 -7711
1455 68 2097 10288 11088 -7928
1354 -17 2310 11458 13192 -8972
1115 -40 2721 11726 14626 -9934
700 20 3054 11355 15813 -12053
349 81 3151 11188 16680 -13454
229 5 3119 12030 19300 -14877
511 -275 2556 14074 23447 -14298
-379 -31 2241 18601 30831 -13087
788 422 1676 23096 32767 -6659
327 654 1393 26033 32767 -2112
-406 979 1145 28924 32767 2779
-1111 1529 1613 28127 32767 6058
142 2114 1724 25395 32767 14480
-702 2005 -1872 17499 15179 24758
856 2361 4837 1217 -12531 32767
1763 1655 3250 -13924 -30249 32767
1437 1697 1271 -16413 -29316 32767
1234 1983 1336 -17323 -25873 32767
-206 1531 1340 -16459 -22256 32767
-483 1137 857 -11905 -14521 32767
-670 166 604 -5387 -2481 32767
-58 -575 692 -1002 7439 32767
115 -665 781 4746 20910 32767
623 -710 706 7843 28098 32767
752 -867 905 10631 32767 32767
705 -1461 697 11592 31141 32767
1165 -1223 981 11680 26071 32767
1989 -1307 1018 11484 25184 32767
2361 -1582 1243 10505 27568 32767
2426 -1632 1445 8822 28667 32767
2146 -1855 1740 7672 26388 32767
1827 -2162 1841 7273 18105 32767
1805 -2415 1538 9589 7991 32767
1724 -2253 1399 11936 865 32767
1702 -2140 1548 15318 -9251 32767
1679 -1955 1665 17488 -14644 32767
1691 -1791 1811 20212 -20647 32767
1636 -1437 1832 21543 -25504 32767
1172 -1105 2311 22027 -32768 32767
1555 -800 2216 22559 -32768 32767
1901 -766 2203 23332 -24833 32767
1883 -592 2272 23238 -15880 32767
1681 -347 2160 22287 -3206 32767
1603 -273 2154 20494 5313 32767
1657 -382 2057 19245 10534 32767
1914 -403 1879 17465 20352 32767
2073 -435 1663 15768 29323 32767
2055 -535 1558 14290 32082 32767
2199 -491 1604 10828 31348 32767
2691 -562 1763 7729 27720 31979
3001 -601 1944 2483 20670 31323
3394 -427 1985 -890 16347 31509
3709 -129 1978 -3452 13569 31898
3585 70 1600 -4160 12359 32059
3384 164 1303 -2871 12209 31900
3425 13 1355 301 12448 31460
3315 31 1400 4400 13892 30125
3147 -29 1344 7492 14719 28397
3172 -17 1415 12110 14388 24641
2780 -156 1366 17220 10423 19233
2811 -307 1349 20772 6267 15782
2771 -214 1294 26057 -1779 11091
2624 -74 1280 29047 -8015 8324
2352 72 1404 31882 -15118 4397
2045 284 1490 32767 -15185 1854
1865 452 1493 32767 -8684 -1642
1892 601 1505 32767 -2700 -3206
1952 590 1410 31744 4985 -4111
2341 509 1004 30989 8032 -3518
2762 380 588 30648 8840 -654
3291 37 44 30915 6933 2034
3637 -341 -112 31160 3989 4908
4165 -629 -202 30750 -2089 9127
4810 -790 -360 29086 -13965 11336
4720 -1160 -84 26398 -26466 10121
4711 -1599 120 19730 -32768 4827
5527 -2329 250 13433 -32768 645
6274 -2637 154 1614 -32768 -5092
7756 -3813 282 -8289 -32768 -8138
8688 -4718 1134 -29890 -32768 -12225
9218 -5759 1774 -32768 -32768 -16992
8550 -6231 2222 -32768 -32768 -30614
7271 -6442 2146 -32768 -32768 -32768
6225 -6441 1299 -32768 -32768 -32768
3247 -7765 -1621 -32768 -32768 -32768
6240 -7031 2050 -32768 -21493 -32768
7484 -6231 897 -32768 -8490 -32768
8427 -6425 137 -32768 -7614 -32768
7835 -7135 747 -32768 -25031 -32768
6242 -7579 1692 -32768 -32768 -32768
5791 -7440 1472 -32768 -32768 -32768
5847 -6781 -334 -32768 -32768 -32768
5547 -6152 -680 -32768 -32768 -32768
4509 -5387 -170 -32768 -32768 -32768
3609 -5155 272 -32768 -32768 -32768
2524 -5059 953 -32768 -32768 -32768
1557 -4257 1390 -32768 -32768 -32768
1227 -3592 1497 -32768 -32768 -32768
837 -2531 1542 -32768 -29503 -32286
489 -1822 1258 -32768 -10711 -31460
553 -1584 898 -32768 2656 -29898
802 -2594 113 -28276 -2839 -19862
-189 -2148 862 -14620 846 -4678
-599 -1601 1265 -6776 15362 870
-567 -1102 1028 -2588 24973 952
-218 -739 521 4659 30299 20
339 -582 -320 10752 25101 30
534 -647 -676 20613 9092 1408
515 -561 -670 29080 -9793 2846
389 -419 -340 32767 -20917 3009
382 -370 -132 32767 -32501 2248
592 -391 167 32767 -32768 1516
866 -426 368 32767 -32768 1183
1360 -501 735 32767 -32768 2328
1914 -448 1140 32767 -32768 4202
2309 -417 1460 32767 -32694 8585
3116 -464 1883 32767 -26416 12700
3517 -625 1939 32767 -10111 19971
4090 -687 1548 32401 4830 25537
4578 -603 1355 31555 30360 32767
4565 -403 1194 29751 32767 32767
4253 -561 1169 28020 32767 32767
3866 -755 936 26714 32767 32767
3796 -693 600 27269 32767 32767
3836 -510 532 29612 25731 32767
3597 -372 570 32767 15022 32767
3334 -310 637 32767 9131 32767
2968 -209 734 32767 1767 32767
2643 -50 763 32767 -2543 32767
2430 11 723 32767 -8058 32767
2187 108 643 32767 -11840 32767
1856 201 519 32767 -13087 32767
1582 247 413 32767 -13073 29662
1183 308 298 32767 -12055 26493
882 343 188 32767 -9759 22115
738 322 68 32767 -7506 18472
674 240 -85 32767 -6262 16692
720 88 -108 32767 -4611 15185
1087 -283 -137 32767 -1722 15656
1459 -566 -98 32767 1403 16960
1677 -691 1 32767 7362 20083
1728 -764 188 32767 11227 22479
1442 -655 305 32767 15370 25529
1294 -590 371 32767 17671 27621
1224 -655 469 32767 19020 29139
1421 -894 659 32767 19978 30027
1608 -1062 868 28704 21960 31365
1672 -1207 1044 23718 23361 31817
1599 -1209 1094 15774 24755 31343
1442 -1327 1014 10717 24766 30127
1390 -1533 963 4006 23032 27296
1470 -1928 923 -1332 19817 24250
1671 -2366 906 -4061 17306 22465
1805 -2602 812 -6436 13666 20445
2051 -3143 779 -6961 9916 19557
2349 -3847 723 -6278 6842 19639
2700 -4220 777 -4281 1189 21389
3452 -4468 995 -2065 -4029 25777
4107 -4203 1366 -1037 -6502 29826
4171 -3868 1614 -244 -9965 32767
3637 -3273 1750 497 -12493 32767
3089 -3031 1722 2613 -15834 32767
2654 -2757 1579 5050 -16709 32767
2452 -2548 1426 10219 -15573 32767
2163 -2201 1397 14343 -12776 32767
2101 -1856 1444 21105 -3441 32043
2208 -1689 1541 27650 10412 31140
2540 -1410 1631 31427 19305 31633
3596 975 459 32767 -506 18972
4560 1187 -376 32767 -2337 13358
5460 1259 -1179 32767 -8528 7884
6720 1016 -2316 32767 -20236 4425
7721 542 -3398 32767 -31569 2092
7959 217 -3879 32767 -32768 -3461
8312 -307 -3905 28455 -32768 -7753
8881 -796 -3414 2564 -32768 -10664
9693 -1620 -2113 -19542 -32768 -9200
9708 -2287 -1663 -32768 -32768 -5215
8882 -3353 -1071 -32768 -32768 -6199
7698 -4080 -150 -32768 -32768 -11349
6654 -4597 443 -32768 -32768 -26165
5337 -5105 1283 -32768 -32768 -32768
-1445 -4230 -2264 -32768 -32768 -32768
4230 -4119 3557 -32768 -32768 -32768
5258 -3837 4747 -32768 -32768 -32768
5490 -3427 4139 -32768 -16064 -32768
5658 -3633 2180 -32768 -9128 -32768
5505 -4197 1264 -32768 -17406 -32768
3619 -4911 1516 -32768 -32768 -32768
2219 -5332 2778 -32768 -32768 -32768
1819 -4759 3091 -32768 -32768 -32768
1243 -3845 3487 -32768 -32768 -32768
686 -3169 3712 -32768 -32768 -32768
150 -2409 3818 -32768 -32768 -31653
8 -1874 3598 -30966 -19801 -27860
-77 -1176 2894 -28104 -6296 -25542
-28 -885 1974 -25944 353 -24499
61 -926 1472 -22213 6457 -23111
248 -1019 950 -19635 8399 -21592
706 -948 640 -15877 10022 -17499
1004 -891 524 -12437 10736 -11789
1309 -954 400 -10204 10342 -7829
1376 -1057 256 -6426 8950 -2513
1561 -973 7 -3301 8252 488
1475 -958 -156 2646 7926 3357
1443 -969 -364 7258 7496 4415
1414 -873 -314 13962 4958 5212
1458 -738 -70 17904 1858 5388
1436 -703 148 22732 -3996 5171
1526 -608 686 24768 -8315 5042
1677 -481 1083 25795 -14555 5327
1777 -75 1634 25207 -17602 5587
1998 205 2043 23255 -20226 6536
2188 449 2281 20287 -21517 8542
2437 864 2369 18275 -21781 10326
2603 1112 2348 15721 -20906 13182
2732 1506 2345 14246 -19714 14885
2691 1732 2337 12474 -17303 16229
2427 1936 2251 11553 -15444 15877
2246 2085 2169 10431 -13149 13874
1987 2241 2056 9148 -11281 10490
1637 2461 1851 8241 -9686 7522
1405 2617 1575 7207 -6850 2603
1164 2795 1081 6895 -5441 -529
1073 2787 753 6973 -4571 -4157
1094 2551 420 7470 -4486 -5809
1284 2161 289 7752 -4260 -5608
1450 1928 166 8413 -2940 -3155
1689 1830 -132 9612 -593 1414
1736 1787 -386 10699 1123 5029
1666 1710 -530 12868 2867 10015
1392 1498 -652 14571 2891 12403
1194 1224 -667 17502 1546 14105
1056 641 -594 19525 154 14243
1142 205 -418 22256 -2000 13884
1249 -15 -243 24110 -3037 13824
1353 -222 -36 24852 -2588 14032
1375 -369 161 24996 -173 14648
1411 -625 416 24532 2263 15239
1524 -766 482 23638 6805 16453
1673 -949 320 23470 9990 17150
1598 -1264 113 24226 13671 17317
1585 -1360 136 25160 15758 16890
1569 -1400 293 25564 16475 16389
1515 -1536 483 25608 17836 14925
1365 -1859 720 25399 19923 12610
1412 -2223 952 25231 22401 11050
1808 -2438 902 25773 28782 10222
2495 -2681 708 27858 32767 11618
2797 -2739 876 29315 32767 13192
2844 -2641 1156 30918 32767 15640
2785 -2431 1385 32529 32767 17779
2756 -2037 1774 32767 32767 19143
2849 -1810 2068 32767 32767 21868
3422 -1253 2310 32767 32767 24848
3646 -783 2566 32767 32767 30290
3799 153 2957 32767 32767 32767
3486 974 3284 32767 32767 32767
2902 2303 3309 32767 32767 32767
2990 3600 2877 32767 32767 31087
3129 4180 2448 32767 32767 27743
3176 4615 1778 32767 29108 24625
3447 4654 1110 32767 16743 23093
3695 4764 517 32767 3314 20991
3756 4442 -128 32767 1963 18714
3726 3831 -412 32767 7017 14105
4423 2395 -1107 32767 8923 10756
5383 492 -2382 32767 -1068 5397
5918 -668 -3341 26060 -23665 504
6213 -2378 -4101 19970 -32768 -2393
5921 -3329 -4196 8145 -26491 -7335
6273 -4482 -4606 -7651 -3772 -10275
7220 -5025 -5490 -27968 3335 -10633
7826 -4789 -6035 -32768 -5466 -10523
7667 -5289 -6151 -32768 -25477 -13639
6493 -5910 -6016 -32768 -32768 -20289
4427 -5810 -4421 -32768 -32768 -32768
-3724 -5060 -3013 -32768 -32768 -32768
4164 -5522 -3101 -32768 -27364 -32768
5514 -4807 -2176 -32768 -17164 -32768
5978 -4625 -3033 -32768 -7546 -32768
6239 -4338 -3098 -32768 -3348 -32768
6055 -4615 -2680 -32768 -484 -32768
5325 -4998 -1581 -32768 -243 -32768
4785 -5029 -535 -32768 431 -32768
4677 -5069 119 -32768 564 -32768
4285 -5348 1074 -30569 -3253 -32768
3424 -5389 1997 -29290 -7599 -32768
2936 -5200 2539 -30363 -14068 -32768
2392 -4561 2907 -32768 -18283 -32768
2031 -3950 2800 -32768 -19868 -32768
1721 -3383 2728 -32768 -19520 -32768
1250 -3051 2523 -32768 -16598 -32768
604 -2547 1939 -32103 -14174 -32768
433 -2115 1488 -24790 -12038 -32768
440 -1510 814 -18388 -12181 -31489
455 -1194 517 -7879 -14526 -28277
382 -848 201 2611 -18597 -24684
274 -562 55 9050 -22449 -22498
253 -395 34 17383 -29436 -19584
398 -245 76 21909 -32768 -17727
566 -91 168 26817 -32768 -14792
750 204 383 29558 -32768 -11818
911 515 593 30356 -32768 -9795
1133 678 732 30407 -32768 -6260
1467 907 895 29975 -32768 -3591
1664 1103 970 29052 -32768 536
1792 1426 952 28226 -32768 3948
1584 1578 707 28017 -32358 5422
1615 1619 537 28030 -22219 7030
1836 1680 350 27919 -16145 7915
2187 1797 261 27249 -8818 9619
2669 1874 142 26508 -4562 10824
2786 1849 30 25025 1352 11921
2957 1856 -19 23600 4820 12230
3040 1906 36 20609 9959 11921
3324 1895 23 16849 15227 11150
3487 1992 -5 14133 18513 10140
3546 2028 -82 10451 23359 8021
3657 2085 -254 8559 26499 6563
3770 2156 -403 6946 30726 4916
3903 2278 -605 6614 32767 4394
4003 2292 -582 6509 32767 4774
4189 2168 -401 6290 32767 6622
4174 2063 -157 5907 32767 8247
3919 2025 -32 4991 32767 10166
3326 1848 101 4312 32767 10792
2726 1523 216 3399 32767 11038
2372 1264 293 2561 32767 10916
1866 952 350 2090 32767 10694
1581 807 367 1565 28765 10288
1154 590 318 1403 23083 9733
830 513 189 1586 19427 9389
655 503 94 2200 14115 9004
414 438 -51 3346 9432 8572
177 312 -186 4432 6792 8193
60 213 -273 6542 3669 7636
-20 21 -376 8195 2083 7398
-15 -230 -461 10980 381 7307
53 -455 -486 13998 -570 7677
268 -857 -502 16104 -673 8386
474 -1145 -477 19240 -401 10414
929 -1396 -377 21891 1198 13908
1313 -1356 -203 23134 3601 16872
1506 -1383 -53 24147 8574 21609
1424 -1425 51 24181 13651 25521
1263 -1479 225 23562 16618 27446
1391 -1598 357 21931 20008 30096
1679 -1870 518 20414 20982 31924
1775 -1934 629 17640 19996 32767
1828 -1845 911 15495 18292 32767
1956 -1696 990 12878 16162 32767
2003 -1633 849 12301 15829 32767
2128 -1868 1015 12600 17350 32767
2422 -2169 1447 13385 20989 32767
3156 -2250 1809 14020 24555 32767
3431 -2342 1898 15558 29579 32767
3578 -2335 1865 17174 30649 32767
3642 -2207 1868 20415 27852 32767
3716 -2158 1939 23288 24299 32767
3898 -2168 2221 28175 19141 32767
3909 -2038 2344 32767 17838 32767
3606 -1622 2218 32767 18515 32767
3126 -1332 2163 32767 18822 32767
2389 -1000 2231 32767 20433 32767
2470 -819 2287 32767 23020 32767
2668 -719 2377 32767 25647 32767
2885 -605 2254 32767 26164 32767
2860 -513 2118 32767 25417 32282
3096 -386 1890 32767 24940 29360
3970 -339 1682 32767 25457 28212
4567 -121 1352 32767 23207 27680
5466 302 305 32767 18895 27487
6484 329 -698 32767 6893 27413
8308 592 -2540 32767 -7710 26246
9518 1030 -4081 32767 -32768 18812
9289 380 -4288 32767 -32768 2467
8543 516 -4277 16082 -32768 -10130
8290 550 -3849 -19330 -32768 -23214
6802 668 -3877 -32768 -32768 -29560
5851 884 -4581 -32768 -32768 -32768
5114 742 -4876 -32768 -32768 -32768
4699 378 -4173 -32768 -32768 -32768
3699 -258 -2074 -32768 -32768 -32768
-1988 286 1591 -32768 -32768 -32768
2270 -754 3541 -32768 -32768 -32768
1902 150 3283 -32768 -32768 -32768
2594 -198 2533 -32768 -26912 -32768
4322 -479 1436 -32768 -28565 -32768
4348 -1146 2321 -32768 -32768 -32768
4089 -1836 2044 -32768 -32768 -32768
4127 -1913 2225 -32768 -32768 -32768
3650 -1909 2503 -30442 -32768 -32028
3196 -1783 2619 -16737 -32768 -14830
2346 -1429 2842 -9757 -32768 -3589
1492 -1056 3216 -8585 -32768 647
1082 -859 3258 -10744 -25361 3612
630 -735 2962 -15371 -7709 3629
162 -628 2353 -19883 6876 290
-122 -605 1618 -22189 13086 -3294
-129 -596 1263 -24840 15462 -9256
46 -650 802 -26424 12554 -14155
403 -668 557 -27077 9861 -16224
623 -749 540 -27114 6947 -16925
1136 -735 163 -24559 7428 -14098
1543 -677 -20 -21752 8748 -10872
1532 -707 -14 -16522 10310 -5904
1357 -603 -61 -10426 10880 -1701
1230 -416 256 -6688 10402 550
1147 -389 442 -1485 8121 3038
1696 2049 2632 18080 -11298 8617
1666 2136 2543 17955 -7715 9013
1650 2253 2419 17308 -6370 7779
1615 2308 2316 16597 -6179 6172
1521 2241 2217 15270 -6415 2773
1500 2109 2014 14376 -6483 123
1447 2067 1805 13146 -5546 -4108
1302 1962 1518 11919 -3223 -8335
1279 1886 1249 11021 -904 -10648
1432 1817 1092 9604 3735 -12414
1997 1633 935 8678 7463 -11910
2374 1523 785 7588 13489 -8742
2846 1429 491 7332 19734 -3082
3017 1212 280 7529 23179 1436
2853 951 245 7955 25399 7862
2451 367 388 8007 23908 12664
2221 -228 626 7828 21740 15270
2412 -511 784 7375 19058 19566
2676 -570 641 7498 18632 22675
2780 -608 533 8358 19669 27027
2540 -748 240 9597 20192 29174
2007 -1053 99 12281 18901 30641
1820 -1345 100 15362 15034 30656
1622 -1795 398 17116 11973 30285
1685 -1991 559 19402 10040 30073
2089 -2253 591 21496 14128 31140
2290 -2543 777 22423 19575 32236
2256 -2641 822 23197 28500 32767
2321 -2826 1095 22776 32767 32767
2154 -2886 1214 22139 32767 32767
2101 -2844 1470 20585 32767 32767
2228 -2638 1880 18974 30237 32767
2664 -2204 2080 18798 30984 32767
2825 -1720 1923 21367 32767 32767
2808 -1426 1868 24874 32767 32767
2401 -679 1728 31952 32767 32767
2044 -66 1813 32767 29647 32767
2113 1268 1748 32767 25621 32767
2601 2007 1680 32767 19581 32767
3732 2481 1337 32767 17452 32767
4108 2671 1168 32767 17957 32767
4091 2817 856 32767 19477 32767
3869 3111 733 32767 19080 31931
3537 3217 175 32767 18927 24075
3579 2883 -358 26997 21856 12536
4746 2110 -1436 25026 23513 7695
5490 1751 -2091 23982 17200 5269
6898 1013 -2571 21822 4211 7636
7957 621 -3156 19117 -5359 10181
8192 405 -3524 13404 -21683 10967
7891 127 -4185 9245 -32768 7515
7756 -198 -4287 1110 -32768 -2523
8253 -1252 -3668 -7319 -32768 -9805
8773 -2025 -3226 -24219 -32768 -18006
9559 -3372 -2768 -32768 -32768 -21788
9263 -3878 -2879 -32768 -32768 -29312
8555 -3999 -2892 -32768 -32768 -32768
8042 -4332 -2544 -32768 -32768 -32768
8065 -4838 -2023 -32768 -32768 -32768
2136 -2599 -1941 -32768 -27524 -32768
4098 -5846 1205 -32768 -32768 -32768
6728 -5618 1264 -32768 -24189 -32768
6342 -5393 1452 -32768 -11488 -32768
5978 -5261 1508 -32768 -2434 -32768
5247 -4992 1332 -32768 -3905 -32768
4830 -4953 1076 -32768 -9010 -32768
4434 -5036 947 -32768 -13048 -32768
4184 -5090 1334 -27215 -21732 -32768
3740 -4983 1702 -24546 -31921 -32768
3479 -4263 1539 -23352 -32768 -32768
2913 -3761 1228 -22464 -32768 -32768
2515 -3477 973 -20708 -32768 -32768
2026 -2979 728 -19431 -32768 -32768
1701 -2668 715 -18003 -32768 -32004
1307 -2287 799 -17497 -32768 -29579
1122 -2094 907 -17221 -32768 -26712
1174 -2019 1173 -17169 -32768 -24503
1473 -1987 1259 -16464 -32768 -19358
1782 -1828 1423 -14991 -32768 -13197
1812 -1706 1444 -13534 -32307 -9746
1648 -1578 1341 -10258 -25829 -6765
1304 -1353 1229 -7602 -22000 -6404
1079 -1250 1221 -3426 -17912 -7458
986 -1192 1361 -942 -16880 -8355
1007 -1168 1486 1913 -17612 -8634
1330 -1063 1726 3631 -18750 -6611
1639 -892 1842 4517 -19074 -4076
1756 -757 2017 5231 -19624 653
1809 -752 2181 6398 -19196 5489
1899 -687 2249 7655 -18048 8611
1980 -474 2357 9853 -15445 13040
2069 -283 2509 12240 -12084 16970
2053 -49 2533 13906 -9446 19066
2094 187 2550 16260 -5214 21647
2417 397 2594 17974 -1377 24122
2943 618 2490 18942 1540 25897
3361 702 2333 20830 7633 28929
4156 679 1994 22663 12825 31235
4548 642 1744 26131 20383 32767
4789 688 1545 28405 23433 32767
4817 762 1454 31133 22974 32767
4673 805 1443 32758 18860 32767
4525 839 1252 32767 16206 32767
4277 858 1046 32767 13097 32767
3620 713 803 32767 10869 32767
3227 562 677 32767 7432 32767
2842 408 500 32767 6361 32767
2453 323 303 32767 8714 31446
2123 187 169 32767 11167 29570
2007 56 92 32767 14514 27525
1795 -92 -19 32767 15825 26650
1665 -215 -59 32767 16018 25690
1375 -333 -111 32767 14071 24688
1176 -408 -156 32767 12369 24028
1034 -469 -189 32767 9952 22914
878 -622 -192 31260 7943 21759
796 -782 -157 29986 6840 21067
742 -844 -156 28212 5559 20215
700 -903 -168 26814 5147 19616
714 -1035 -196 26089 5319 19427
776 -1224 -156 25025 6231 19399
852 -1387 -132 24282 7531 19494
986 -1588 -110 23196 10748 20009
1259 -1947 -98 22187 14459 21068
1259 -2145 -107 21415 16461 21595
1153 -2275 -115 20262 17916 21647
1205 -2624 -61 19109 17825 21335
1623 -2981 11 18378 17668 21530
1800 -3162 94 17189 16672 22128
2032 -3236 106 16667 16217 22710
2370 -3727 141 16379 15586 23609
2166 -4271 349 16269 13423 23467
2424 -4670 632 15629 8155 23820
3262 -4767 936 14688 3803 26354
3970 -4205 981 14199 2310 29220
4358 -3759 1073 13486 1203 32767
4579 -3141 1217 13141 233 32767
4381 -2756 1238 13930 -1936 32767
3759 -2440 1303 16770 -4809 32767
3951 61 685 32767 27340 32767
4049 318 476 32767 22368 32767
4094 410 314 32767 12074 32767
3846 654 -37 32767 -1762 29425
4431 1111 -877 32767 -11812 24394
4897 1383 -1351 32767 -26373 15129
5702 1431 -1953 32767 -31431 8937
6133 1192 -2226 32767 -28971 891
6838 822 -3002 32767 -26258 -3066
7328 209 -3380 23257 -32768 -7892
8666 -607 -4474 377 -32768 -11042
9843 -2353 -4982 -24314 -32768 -13043
10013 -3148 -4673 -32768 -32768 -16296
9116 -4051 -3923 -32768 -32768 -21468
8451 -4539 -3378 -32768 -32768 -32385
7194 -5147 -1897 -32768 -32768 -32768
6892 -5639 -610 -32768 -32768 -32768
7280 -5912 -18 -32768 -32768 -32768
4158 -5813 -1534 -32768 -32768 -32768
6920 -6516 2395 -32768 -32768 -32768
7344 -6615 4038 -32768 -32768 -32768
6569 -6478 5389 -32768 -32768 -32768
5327 -6158 6438 -32768 -32768 -32768
4992 -5610 6355 -32768 -32768 -32768
4537 -4257 5022 -32768 -32768 -32768
3254 -3249 3846 -32768 -31358 -32768
1687 -2508 3613 -32768 -27911 -32768
994 -1989 3674 -32768 -23491 -32768
925 -1654 3723 -32768 -16391 -32768
590 -1252 3448 -32768 -10844 -32768
305 -1096 2761 -30705 -2297 -28183
414 -1210 1989 -28054 339 -24734
465 -1225 1396 -22223 2920 -19890
245 -1289 535 -13434 2453 -17450
259 -1281 176 -6748 792 -16487
460 -1258 -64 2880 -2804 -15418
549 -1278 -67 8118 -6242 -14827
782 -1293 83 13633 -12095 -13677
1146 -1244 276 15807 -15414 -12235
1385 -1213 478 17018 -19445 -8713
1675 -1053 661 17052 -21112 -5457
1843 -891 670 17160 -21536 26
1833 -583 690 17433 -21289 3087
1613 -409 748 17673 -21820 5693
1572 75 991 17297 -22817 6663
1609 356 1101 16007 -23655 7444
1737 772 1319 13860 -22912 7793
1695 1143 1594 11967 -21667 7745
1914 1305 1681 8897 -18262 8519
2249 1607 1666 6106 -13322 10621
2721 1942 1619 4402 -9905 12689
2869 2170 1494 2374 -5347 15568
2708 2415 1261 1214 -1515 16426
2379 2522 1122 577 403 15634
2125 2596 1059 -184 2206 12688
1672 2658 929 -583 2497 9830
1400 2722 773 -1013 1674 5305
1316 2737 607 -691 756 1620
1319 2756 260 221 508 -4
1651 2531 -62 3667 1869 -86
1966 2289 -387 6211 3228 1459
2066 2150 -542 10516 4989 5002
1975 1819 -571 14565 5599 8801
1727 1383 -480 16857 5176 10891
1525 1197 -368 19222 4079 13203
1271 1017 -214 20594 3201 14573
1222 876 -116 21144 3465 15153
1144 644 -103 22064 5705 15444
1158 383 -138 22777 8096 15435
1177 217 -66 23686 12067 15256
1066 -130 6 24604 16450 14543
1165 -376 63 25015 18236 14159
1165 -545 69 25652 20157 13195
1393 -794 141 26088 21231 12562
1680 -1039 157 27032 22632 12180
2095 -1372 159 28021 22647 12671
2091 -1538 308 28451 21195 13022
2068 -1568 363 28831 17732 13308
2012 -1746 512 29086 15786 13237
2067 -1983 717 29534 14240 12651
2098 -2104 879 29835 14931 11734
2285 -2304 1040 30182 17441 11073
2369 -2567 1397 30477 24220 9910
2632 -2799 1747 29415 31435 10039
2924 -2848 2133 27826 32767 11136
3009 -2691 2278 24823 32767 13843
3182 -2198 2308 22761 32767 17855
3450 -1594 2281 22847 32767 21468
3506 -1276 2321 25452 32767 27406
3440 -745 2453 29821 32767 32767
3286 -243 2613 32307 32767 32767
3061 444 2776 32767 32767 32767
3080 1347 3027 32767 32767 32767
3409 1995 2896 32767 32767 32767
3632 2778 2503 32767 32767 32767
3363 3222 2164 32767 32767 32767
3036 3382 1858 32767 32767 32767
3161 3140 1299 32767 32767 31719
4209 2554 812 32767 32767 26774
6111 1998 -65 32767 32767 27111
7216 1730 -607 32767 22378 31987
8090 1560 -1361 31285 6869 32767
7978 1475 -2330 31707 -6652 32767
7661 751 -4291 32767 -30116 22743
7755 25 -5271 32767 -32768 12977
7905 -754 -4800 32175 -32768 -480
8040 -1834 -3551 16066 -32768 -6366
8734 -3262 -2380 -18547 -32768 -8141
9459 -4147 -2749 -32768 -32768 -6320
9241 -5070 -4781 -32768 -32768 -15864
8471 -5856 -5062 -32768 -32768 -29652
8857 -6392 -3912 -32768 -32768 -32768
9181 -7114 -1610 -32768 -32768 -32768
10477 -8357 -1409 -32768 -32768 -32768
8271 -7701 -808 -32768 -8895 -32768
9087 -7783 -1057 -32768 -8171 -32768
8979 -7975 -1718 -32768 -14299 -32768
8758 -8498 -1423 -32768 -18047 -32768
8032 -8771 -588 -32768 -20256 -32768
6625 -8696 492 -32768 -13088 -32768
5237 -8553 751 -32768 -6722 -32768
4633 -8375 747 -32768 -4259 -32768
3802 -7507 1194 -32768 -8922 -32768
3190 -6776 1478 -31270 -21676 -32768
2412 -5718 1499 -26688 -32768 -32768
2023 -5367 1443 -23697 -32768 -32768
1504 -4724 1361 -19042 -32768 -32768
1195 -3986 1335 -15345 -32768 -32768
987 -3462 1241 -8297 -32768 -32768
802 -2724 1250 -941 -32768 -32768
704 -2154 1534 3120 -32768 -29359
680 -1849 1684 7691 -32768 -24463
677 -1524 1949 9432 -32768 -21536
662 -1404 2110 10120 -27452 -17842
716 -1294 2245 9587 -22026 -15634
777 -1161 2062 8529 -15109 -12245
739 -1081 1851 7955 -10554 -9183
2920 860 1705 13600 -4765 18797
2943 970 1600 14487 2764 21047
3251 1309 1361 15538 7831 22774
3551 1534 1199 17722 14739 26282
4070 1685 1103 19303 18616 29158
4349 1814 1139 21420 24397 32767
4453 1912 1150 23011 29765 32767
4319 1831 1273 23376 31793 32767
4081 1673 1461 22647 30951 32767
3663 1549 1614 21202 26617 32767
3417 1440 1515 20473 23698 32767
3186 1296 1410 19870 19605 31714
2783 1048 1235 19638 16439 29971
2542 918 1097 19458 11549 28069
2122 733 832 19855 8113 26684
1629 582 555 20488 7052 25620
1257 458 365 22054 7001 23521
874 223 120 24119 8011 21352
741 10 -112 25743 8813 20354
733 -111 -269 28398 9881 19721
786 -320 -453 31151 10317 20129
895 -566 -585 32767 10300 20903
1008 -762 -661 32767 10173 22710
1096 -998 -780 32767 10104 24944
1172 -1179 -808 32767 10271 26511
1158 -1248 -742 32767 10483 28731
1202 -1374 -568 32767 10538 30152
1226 -1498 -433 32767 10317 32124
1253 -1655 -260 32767 10129 32767
1338 -1783 -108 32767 10968 32767
1533 -1984 4 32767 12773 32767
1785 -2270 193 32767 16577 32767
2024 -2552 392 32767 20453 32767
2193 -2897 560 31902 21944 32767
2365 -2948 629 27530 21868 32767
2622 -3056 467 24343 19365 32767
2574 -3231 311 23182 15630 32767
2711 -3365 370 22251 7354 32767
3165 -3787 719 21598 -1222 32532
3852 -4081 932 21574 -4531 32429
4204 -3853 885 22494 -4019 32767
4334 -3457 813 23361 -1610 32767
4130 -2760 858 23980 625 32427
3788 -2307 926 23853 294 31058
3176 -1813 1048 23330 -1121 28871
2889 -1529 1131 21992 -3741 24946
2679 -1226 1174 20722 -3925 21042
2639 -1040 1153 20320 -1723 18724
3466 494 310 31125 15089 16628
3422 940 239 32767 15426 17781
3453 1192 135 32767 14403 19192
3494 1454 26 32767 11855 20050
3726 1493 101 32767 9288 20249
3813 1419 225 32767 5101 18999
4086 1335 251 32767 583 15427
3877 1372 76 32767 -3839 11105
3762 1384 51 32767 -10830 1674
3560 1210 129 32767 -13143 -6192
3946 1011 7 28283 -13151 -16499
5114 500 -500 23513 -13895 -20701
6100 170 -929 15447 -20999 -22294
7333 -351 -1659 9641 -30744 -21174
7299 -679 -1953 -713 -32768 -21203
7689 -1412 -2398 -14966 -32768 -22619
8329 -2013 -2114 -28731 -32768 -23091
8240 -2207 -2000 -32768 -32768 -24076
7499 -2815 -1739 -32768 -32768 -25893
6741 -3193 -1533 -32768 -32768 -32312
5192 -3681 -882 -32768 -32768 -32768
4571 -4064 -9 -32768 -32768 -32768
4847 -4018 230 -32768 -32768 -32768
-4131 -2621 -1218 -32768 -32768 -32768
4422 -4631 714 -32768 -32768 -32768
5211 -4801 1915 -32768 -32768 -32768
4552 -4963 3471 -32768 -32768 -32768
3602 -4816 3971 -32768 -32768 -32768
2524 -4262 3989 -32768 -32768 -32768
2045 -3814 3800 -32768 -32768 -32768
1820 -3094 3274 -32768 -32768 -32768
1853 -2556 2994 -32768 -32768 -32768
1858 -2240 2735 -32768 -32768 -32768
1455 -1956 2320 -32768 -32768 -32768
1175 -1863 2150 -32768 -31692 -29895
880 -1590 1904 -32768 -28877 -27291
783 -1418 1737 -30259 -24203 -24013
575 -1288 1470 -27459 -21681 -22621
477 -1222 1311 -23322 -17714 -21207
567 -1158 1328 -19085 -11846 -19107
921 -1160 1238 -15839 -7048 -16905
1130 -1204 1089 -9927 -707 -13171
1272 -1115 726 -5155 1759 -11143
1260 -1050 537 2427 1179 -9431
1280 -908 439 9320 -4011 -8615
1535 -824 523 14943 -10648 -7095
1865 -482 710 17825 -14707 -5219
2032 -186 941 20490 -19794 -1208
2202 219 1284 21188 -22580 1872
2319 521 1482 20714 -25791 6440
2380 1058 1767 19491 -27855 9174
2559 1418 1959 16428 -30383 13002
2892 1747 2130 13041 -30233 16189
2995 1913 2094 11138 -28292 17535
2804 2057 2030 8933 -23845 17538
2385 2201 1932 7749 -20236 16086
2067 2210 1891 5940 -13750 11909
1626 2194 1812 4645 -9079 8149
1458 2168 1726 2814 -2109 2426
1656 2080 1506 1776 2608 -525
1812 1963 1318 848 9690 -3274
2019 1745 1002 718 14087 -3998
2007 1572 685 1248 19372 -3795
1915 1452 521 2259 22039 -2546
1747 1279 339 3590 22535 -507
1614 1028 153 4673 22023 1192
1485 843 38 6617 20205 4101
1245 611 -90 8011 18693 6015
1198 392 -112 10230 17452 9001
1464 -9 -132 12484 18882 13052
2044 -253 -294 14191 21372 16850
2373 -320 -397 16690 25886 24054
2523 -382 -455 18080 28043 29243
2457 -477 -470 19685 28705 32767
2169 -682 -450 21144 27447 32767
1766 -1039 -457 22242 26053 32767
1450 -1252 -451 24218 23186 32767
1230 -1510 -366 25629 21255 32767
1273 -1747 -325 28282 19200 32767
1639 -2139 -360 31878 18907 32767
1735 -2233 -395 32767 18875 32767
1681 -2277 -183 32767 18266 32767
1678 -2318 47 32767 16265 32767
2033 -2334 418 32767 14784 32553
2367 -2227 580 32767 13727 32373
2460 -1935 744 32767 13606 32638
2483 -1805 888 32767 13344 32767
2667 -1739 1118 32721 13368 32767
3030 -1723 1231 29736 16546 32767
3276 -1605 1391 28196 21935 32767
3298 -1511 1505 26171 32767 32767
3243 -1356 1595 24909 32767 32767
3184 -1172 1579 23401 32767 32767
3479 -1041 1486 22711 32767 32044
3783 -844 1414 22244 31884 32110
3935 -653 1382 22315 23339 32767
3879 -259 1423 22601 19651 32767
3847 66 1468 23159 18037 32767
3736 537 1602 23652 19430 32767
3596 725 1700 24421 23310 32767
3456 978 1767 25014 25199 32767
3701 1008 1827 25818 24274 31695
3922 1036 1765 27102 20063 29714
4248 1069 1597 28371 16649 28619
4460 1133 1408 30893 13014 26641
4231 1414 1284 32427 11369 24155
3859 1565 1252 32767 9957 17773
3452 1876 1112 32767 9914 12356
3327 2098 966 32767 9064 4169
3366 2338 856 30541 6210 -279
3554 2491 607 25488 1796 -4197
3797 2590 209 21682 567 -4866
3919 2524 -216 16294 534 -3180
4284 2287 -1327 13768 -1611 70
4672 1833 -2365 14836 -8954 1445
5242 1090 -3473 17988 -31860 917
5758 610 -3449 18235 -32768 -1287
5950 -27 -2743 11670 -32768 -6148
6490 -1251 -1737 -2523 -32768 -9398
6885 -2610 -1569 -13535 -32768 -10369
7115 -3288 -2054 -28163 -32768 -11572
7422 -4114 -2908 -32768 -32768 -12931
8080 -4816 -3093 -32768 -32768 -15436
8654 -6173 -2543 -32768 -32768 -20631
9166 -7632 -1936 -32768 -32768 -25914
8904 -8210 -1424 -32768 -32768 -32768
8703 -8442 -832 -32768 -32768 -32768
8791 -8434 -451 -32768 -16963 -32768
2496 -7505 5177 -32768 -29615 -32768
8305 -8009 1421 -32768 -2962 -32768
8552 -8081 1987 -32768 15508 -32768
8785 -7728 1620 -32768 30910 -32768
8272 -7405 1225 -32768 29198 -32768
7456 -7396 914 -32768 17585 -32768
6199 -7388 647 -32768 2079 -32768
5078 -7600 893 -26919 -10149 -32768
4524 -7603 1211 -17163 -27605 -32768
3997 -7068 1902 -14425 -32768 -32768
3044 -5956 2653 -16417 -32768 -32768
2544 -5395 2600 -18423 -32768 -32768
1632 -4465 2135 -17950 -32768 -32768
1253 -4119 1820 -14782 -32768 -32768
774 -3456 1491 -11885 -32768 -32768
480 -3023 1410 -7661 -32768 -32768
233 -2451 1508 -5390 -32768 -31669
298 -2191 1688 -2990 -32768 -29050
462 -2078 1819 -1092 -32768 -24681
665 -1881 1887 254 -32768 -20847
726 -1788 1912 2607 -30786 -14922
710 -1623 1847 4351 -25987 -11480
676 -1501 1842 6651 -19999 -7410
658 -1328 1754 8596 -15749 -4508
694 -1028 1615 9634 -14257 -2748
792 -785 1648 10482 -14974 599
1087 -687 1794 10493 -17483 5045
1389 -483 1871 10403 -18311 8433
1468 -262 1958 10129 -18034 13393
1485 128 2200 9343 -16352 17182
1582 259 2314 8920 -14391 18874
1820 220 2335 8674 -9278 21051
2392 200 2301 9192 -1362 23940
3177 244 2289 9749 4209 26619
3513 362 2224 11110 10500 30895
4148 613 2085 12355 13078 32767
4780 782 2066 14372 16796 32767
5054 914 2086 15928 20666 32767
4936 1167 2144 16526 21734 32767
4610 1183 2148 17383 20009 32767
3994 1025 2056 19046 15661 32767
3538 860 1854 20735 12477 31968
3355 798 1665 23891 8212 27068
3249 645 1319 27238 4760 23875
3026 560 942 29457 2854 22673
2617 452 616 32477 432 21711
2155 378 348 32767 -1398 21234
1864 318 199 32767 -2200 20881
1494 203 11 32767 -2088 20751
1287 139 -105 32767 -1064 20669
1016 44 -204 32767 534 20698
812 -74 -280 32767 1816 20746
720 -217 -301 32767 3762 20926
642 -446 -306 32767 4989 21121
606 -651 -290 32767 6611 21530
594 -764 -281 32767 8283 22047
665 -947 -242 32767 9761 22487
643 -1076 -191 32767 12638 22902
614 -1289 -80 32767 14821 22994
667 -1473 29 32767 18433 23008
783 -1938 225 32767 20656 23002
850 -2220 325 32767 23025 23015
1101 -2603 501 32767 24297 23204
1367 -2865 595 29959 26301 24004
2071 -3314 760 26850 28340 25298
2746 -3612 635 22844 32720 28827
3280 -3771 438 19624 32767 32767
3572 -4006 321 17923 32767 32767
3572 -4194 268 16361 31565 32767
3512 -4515 323 16063 24440 32767
3561 -4608 395 16566 10256 32767
3765 -4296 429 17952 -2366 32767
3960 -3716 559 19035 -7380 32767
3794 -3386 784 19955 -10374 32767
3553 -2985 1163 19833 -10362 32767
3483 -2704 1339 18772 -7475 31179
3285 -2259 1453 17361 -1924 28232
3018 -1859 1495 16481 2009 26013
2853 -1553 1544 15392 6444 22492
2686 -1209 1620 15120 10044 19029
2670 -1015 1613 15586 12877 17201
2772 -742 1573 17473 17425 15527
2915 -494 1348 19787 19995 14957
2970 -438 1202 24478 21938 14614
2939 -323 1021 27997 21414 14564
2862 -178 979 32767 18516 14572
2970 52 947 32767 15623 14973
3106 164 952 32767 10765 16485
3254 425 883 32767 7577 18738
3335 725 546 32767 7422 20319
3652 1013 230 32767 9505 23279
4276 1698 -696 32767 11381 25564
5061 2064 -1650 32767 8040 28646
5499 2331 -2342 32767 -10528 28307
6230 2805 -3199 32767 -30571 24868
6630 2567 -3229 32767 -32768 14732
7088 2095 -3281 32767 -32768 6424
7765 1637 -3380 19430 -32768 -2211
8435 -454 -2937 -11242 -32768 -8034
8752 -1934 -4034 -30788 -32768 -13382
9163 -2818 -4673 -32768 -32768 -23417
9473 -3854 -4594 -32768 -32768 -32768
9147 -4695 -3772 -32768 -32768 -32768
8922 -5037 -3180 -32768 -32768 -32768
7993 -5727 -2602 -32768 -32768 -32768
4696 -6811 -3986 -32768 -32768 -32768
5215 -6334 -608 -32768 -32768 -32768
5643 -6163 1563 -32768 -32768 -32768
5711 -5613 1041 -32768 -20020 -32768
6271 -5621 -227 -32768 -10275 -32768
6051 -6301 -480 -32768 -13246 -32768
5210 -6457 310 -32768 -23129 -32768
4051 -6584 1822 -32768 -29034 -32768
3549 -5768 2550 -32768 -32768 -32768
3029 -5080 2694 -32768 -31272 -32768
2374 -4180 2713 -32768 -28165 -32768
1891 -3797 2528 -32768 -22974 -32768
1180 -3323 2020 -32768 -20397 -32768
828 -3136 1545 -32768 -17620 -32768
575 -2869 839 -32768 -16336 -30569
475 -2772 525 -30046 -15337 -27862
500 -2566 386 -23588 -15008 -25890
993 -2796 448 -19242 -14059 -23799
1466 -2622 302 -11656 -10640 -18183
1745 -2344 195 -6081 -7451 -13913
1581 -2097 194 2206 -2904 -9092
1102 -1752 209 7506 -638 -7441
791 -1383 318 14553 -281 -6474
719 -1111 436 19827 -4317 -5753
990 -858 702 22324 -8356 -4494
1296 -598 1004 24057 -15698 -827
1729 -171 1503 23575 -22938 4428
2134 184 2020 21445 -27781 10172
2493 521 2397 19527 -29215 13773
2722 801 2544 16440 -28706 18320
2858 1129 2553 13729 -25143 21040
2763 1425 2391 12311 -21638 21497
2577 1600 2309 10518 -15978 19902
2389 1753 2229 8726 -11090 16213
2133 1743 2195 6686 -8467 10918
1964 1851 2095 5218 -7865 7123
1954 1911 1971 2983 -7429 1959
1908 1904 1747 1626 -7173 -810
1877 1920 1585 -85 -6188 -3752
1821 1889 1311 -862 -4780 -4933
1765 1836 1137 -1469 -1796 -5649
1845 1640 913 -1494 848 -5377
1852 1498 781 -1012 5431 -4040
1674 1299 637 -191 9439 -2462
1379 1113 513 453 11149 -1389
1362 924 417 1686 12349 734
1399 615 249 3360 12683 3725
1461 383 70 4627 12694 6248
1538 256 -11 6864 13250 10766
1674 31 -151 8526 14213 14236
1694 -71 -224 11045 16309 19717
1834 -191 -363 12838 17962 23634
1896 -270 -417 15377 20099 29695
1895 -364 -466 17587 21408 32767
1953 -570 -406 18855 21930 32767
1988 -791 -358 20318 21855 32767
1861 -985 -321 21417 20845 32767
1870 -1159 -245 21962 20314 32767
1844 -1315 -255 22875 20254 32767
1831 -1498 -257 24149 21072 32767
1994 -1955 -189 25543 21897 32767
2298 -2147 -75 26326 22169 32767
2353 -2125 13 27121 22233 32767
2483 -2075 46 27682 22277 32767
2350 -1974 -5 29081 21075 32767
2094 -1846 71 30791 15730 32767
2223 -1999 446 31727 9733 32767
2142 -2193 740 32727 -3728 32767
2140 -2029 1060 32767 -14443 32767
2473 -1724 1106 32767 -26545 32767
3017 -1551 1153 32767 -29822 32767
3174 -1395 1250 32767 -29266 32767
3318 -1156 1391 32767 -26762 32767
3444 -987 1381 32767 -21208 32767
3327 -695 1264 32767 -16832 32767
3068 -499 1214 32767 -9982 32767
2696 -280 1249 32767 -2915 32767
2538 -74 1410 32767 2380 31005
2565 85 1515 32767 10641 28321
2829 390 1584 32767 15699 26990
3206 536 1556 32642 22400 26294
3941 660 1369 31281 25860 26669
4176 883 1235 30706 27865 27216
4171 1256 1092 31281 27295 26495
4154 1496 1088 32767 23917 23467
4360 1808 989 32767 17667 19202
4660 1831 720 32767 12539 16031
4762 1767 463 32767 3148 10671
4398 1638 273 32767 -4697 6094
3985 1607 139 32767 -15050 -2914
3694 1656 -82 32767 -18897 -9429
3696 1697 -245 32767 -18885 -17636
3845 1426 -512 32767 -15317 -21205
4053 973 -851 32767 -6582 -22790
4458 91 -1268 30590 -1874 -21417
5615 -754 -1692 18692 -1891 -15433
6435 -1432 -2072 5511 -13645 -6622
7447 -2622 -2624 -6387 -32768 1427
7933 -3710 -2981 -13137 -32768 4452
7636 -4309 -2804 -23471 -32768 2310
6835 -5141 -1808 -32768 -32768 -7520
6419 -5994 -875 -32768 -32768 -16397
6287 -6570 -708 -32768 -32768 -31475
6605 -7323 -1148 -32768 -30409 -32768
7376 -7814 -1686 -32768 -31276 -32768
7789 -8055 -1758 -32768 -32768 -32768
7930 -8253 -1464 -32768 -32768 -32768
451 -5298 991 -32768 -32768 -32768
6314 -8527 700 -32768 -29305 -32768
6657 -7649 1122 -32768 -17867 -32768
6669 -7476 1233 -32768 -13388 -32768
6739 -7257 1150 -32768 -17483 -32768
6249 -6912 946 -32768 -21498 -32768
5706 -6673 747 -32768 -24012 -32768
5205 -6227 538 -32768 -22254 -32768
4806 -5981 671 -32768 -21127 -32768
4034 -5464 1012 -32768 -20743 -32768
3279 -4912 1219 -32768 -20934 -32768
2848 -4572 1338 -31514 -22121 -32768
2239 -3957 1302 -28190 -24180 -32768
1716 -3273 1174 -26642 -25698 -32768
1401 -2873 1069 -24902 -27777 -32768
1051 -2462 1072 -24281 -29021 -32768
988 -2389 1063 -23554 -29932 -32768
1269 -2287 1119 -22934 -29363 -30888
1567 -2140 1164 -21496 -27296 -23480
1707 -1883 1311 -20309 -25716 -18205
1551 -1720 1299 -17782 -23051 -11538
1441 -1617 1262 -14341 -19813 -7237
1225 -1549 1257 -11770 -17316 -5758
1130 -1537 1201 -7251 -12887 -5110
1057 -1409 1135 -3845 -9817 -5252
1048 -1327 1132 1121 -7057 -5592
1074 -1304 1279 3796 -7250 -5502
1196 -1342 1353 6837 -10038 -4366
1335 -1336 1459 9042 -14185 -2035
1577 -1273 1654 10246 -16854 105
1677 -1217 1720 11993 -20278 4012
1723 -1003 1886 13558 -22360 8030
1722 -831 1949 14654 -22653 10589
1734 -713 1990 16295 -21702 14340
1775 -540 2072 17352 -20286 18267
2230 -356 2410 17278 -19119 21332
2488 -250 2367 17202 -16533 25858
2913 -79 2073 17791 -14295 28681
3252 -26 1877 19777 -10401 32767
3830 147 1620 21864 -7195 32767
4486 413 1242 26196 -273 32767
4946 643 934 31863 9064 32767
5236 948 620 32767 15496 32767
5261 1017 533 32767 23362 32767
5193 887 541 32767 26150 32767
5010 726 594 32767 25488 32767
4571 488 642 32767 19496 32767
4046 372 662 32767 13172 32767
3727 302 589 32767 1164 32767
3320 234 394 32767 -7389 32767
3055 222 246 32767 -18453 32767
2621 210 24 32767 -25031 27261
2109 227 -80 32767 -26578 23316
1779 198 -65 32767 -24506 15452
1142 1 12 32767 -22000 11548
775 -175 23 32767 -17379 6098
591 -298 -6 32767 -12449 1322
396 -453 -58 32767 -9384 -1427
311 -522 -102 32767 -5249 -4864
194 -614 -163 32767 -1529 -7543
126 -716 -231 32767 829 -9022
88 -790 -273 32767 4181 -10822
105 -852 -304 32767 7516 -12093
177 -994 -345 32767 9783 -12544
286 -1127 -360 32767 13224 -12483
561 -1334 -351 32767 15505 -11757
848 -1547 -291 32767 19192 -9337
1232 -1923 -167 32767 21712 -6978
1380 -2122 -11 32767 24913 -2843
1541 -2405 363 32767 26454 1822
1631 -2575 670 32767 26169 4935
1674 -2763 1199 32767 25084 7951
1837 -2966 1524 25319 22624 12754
2467 -3206 1998 14394 20882 19064
3638 -3461 2454 6300 20799 24713
4275 -3613 2649 -6092 20962 32767
4765 -3533 2312 -13266 20759 32767
4835 -3278 1758 -20280 20394 32767
4711 -3034 987 -22204 19637 32767
4362 -2991 635 -20762 17022 32767
3575 -2794 473 -17294 12849 32767
3037 -2713 639 -9454 2453 32767
2589 -2318 681 -2687 -4296 32767
2613 -1831 748 8477 -9114 31720
2793 -1340 1080 18134 -8352 21228
2881 -947 1545 22758 -6074 15102
2954 -789 1654 27597 -387 8367
3083 -500 1593 31341 7044 4891
3174 -355 1454 32767 13350 4167
3200 -328 1255 32767 25434 4554
3295 -341 1018 32767 32767 6104
3252 -418 735 32767 32767 7491
3222 -504 620 32767 32767 9997
3298 -628 374 32767 32767 11930
3248 -506 121 32767 28081 14300
3193 -283 -157 32767 17784 15123
3229 -207 -273 32767 3397 14707
3620 -102 -362 32767 -4474 13329
4016 -39 -430 32767 -13139 10399
4603 63 -429 32767 -15841 7902
4696 140 -777 32767 -16439 2346
5189 302 -1261 32767 -16253 -4153
6242 178 -1357 32767 -18019 -8463
6428 68 -1275 24717 -27100 -16166
6709 -102 -1369 11457 -32768 -21503
7290 28 -1694 -9123 -32768 -27260
7300 -73 -1904 -29165 -32768 -30579
7223 -252 -1680 -32768 -32768 -31013
6148 -408 -1018 -32768 -32768 -31256
5191 -475 64 -32768 -32768 -31911
4217 -667 1134 -32768 -32768 -32042
3462 -871 1676 -32768 -32768 -32768
2854 -1251 2657 -32768 -32768 -32768
-1682 -968 4065 -32768 -32768 -32768
74 -208 2198 -32768 -32768 -32768
1784 10 1801 -32768 -4774 -32768
3911 -345 370 -32768 -411 -32768
3583 -1552 975 -32768 -25419 -32768
2487 -2495 1532 -32768 -32768 -32768
2265 -2421 1949 -32768 -32768 -32768
1888 -2109 2705 -26536 -32768 -32768
1722 -1613 2912 -25137 -32768 -31396
1663 -1241 2785 -25012 -32768 -22344
1610 -643 2367 -25624 -32768 -15498
1457 -325 1945 -26081 -32768 -12433
1222 -233 1768 -27009 -25424 -10307
996 -246 1497 -27976 -16842 -10180
913 -192 1286 -28563 -11991 -10618
859 -128 1118 -29057 -6224 -11540
766 -108 857 -28949 -3479 -12267
721 -120 742 -28004 -712 -13126
743 -84 577 -26710 476 -13350
775 -51 408 -23582 1608 -13258
759 -42 300 -20987 1585 -12897
780 -22 265 -16564 104 -11545
1061 109 262 -13441 -1460 -9995
1114 195 215 -8157 -3657 -7696
1256 176 222 -2423 -5122 -5529
1404 214 360 1345 -5909 -4254
1471 252 578 6090 -7014 -2741
1519 235 942 8629 -7366 -2120
1486 216 1144 11486 -6960 -1872
1648 230 1538 12686 -5946 -1728
1725 301 1780 13448 -3621 -1632
1721 417 2065 13378 -2062 -1694
1688 514 2224 12596 15 -2062
1647 655 2333 11916 1568 -2458
1715 777 2431 10944 4765 -3082
1612 842 2394 10512 8864 -4251
1408 1025 2324 10554 11855 -5196
1402 1188 2250 11252 17033 -6200
1189 1392 2369 11555 21078 -6891
822 1448 2293 12154 25750 -8418
415 1433 1925 12996 27926 -9588
-12 1481 1761 14858 31314 -11358
99 1457 1537 16316 32767 -11576
921 1111 1246 18610 32767 -10304
790 698 993 20232 32767 -6445
-90 479 931 21279 32767 -4899
-749 459 844 20968 32767 -3969
-753 1626 1166 18749 32307 -1389
-14 2826 -2448 20730 28376 4974
776 2254 230 14355 13126 12662
2336 2585 3274 -3575 -8785 27155
2834 1825 3653 -17798 -17616 32767
1994 1141 2217 -23592 -22231 32767
516 303 284 -23103 -32768 32767
943 -660 296 -16656 -32768 32767
1571 -924 -82 -9487 -32463 32767
1606 -695 75 2115 -7227 32767
1273 -464 -54 12049 8981 32767
355 -1290 596 16951 10415 32767
557 -1781 629 23728 9276 29595
1126 -1504 532 27595 10605 24071
1579 -1115 676 30353 14930 20859
2416 -718 1373 27934 16104 24677
2709 -1257 1554 25261 17027 28512
2583 -1471 1282 22787 16426 31853
2437 -1270 1192 19440 11424 32767
2172 -1415 1080 17957 6968 32767
2158 -1344 878 18602 5633 32767
1989 -1325 754 20233 4736 32767
1862 -1291 702 23549 3183 32767
1831 -1089 732 26627 1598 32767
1862 -1035 1046 27680 937 32762
1921 -898 1286 27431 1426 31949
2114 -761 1544 26072 3789 32367
2337 -690 1559 25421 5583 32767
2564 -683 1646 25429 8178 32767
2945 -686 1809 26073 10696 32767
3063 -528 1948 27019 14688 32767
3144 -205 2190 27312 16650 32767
3066 126 2255 27199 17970 32767
2902 787 2441 26667 18053 31322
2834 1259 2602 25372 18776 27635
2753 2008 2678 24804 20510 25074
2756 2357 2499 26060 25945 21121
2702 2341 2023 28809 31320 18289
2948 2053 1884 32767 32767 15410
3708 1715 1763 32767 32767 15228
3959 1629 1539 32767 32767 16644
4493 1396 974 32767 32767 18462
4708 1168 633 32767 24975 21211
4805 1059 142 32767 18556 22425
4914 869 29 32767 9904 22988
5010 565 -69 32767 3724 22311
5209 424 -181 32767 -5824 19565
5298 -273 -620 32382 -14904 15303
5929 -1153 -1767 28242 -20589 12454
6088 -1762 -2703 24526 -32768 7430
6586 -2727 -3185 18563 -32768 3106
6919 -3664 -2149 10192 -32768 728
6873 -4106 -1105 -10033 -32768 -2775
7127 -4616 207 -27016 -32768 -4864
7403 -5105 488 -32768 -32768 -8787
8055 -6092 -217 -32768 -32768 -16433
7039 -6913 -840 -32768 -32768 -27329
6080 -7273 -386 -32768 -32768 -32768
5832 -7178 940 -32768 -24148 -32768
6490 -6897 1075 -32768 -8930 -32768
863 -4691 -568 -32768 -24208 -32768
8160 -7920 -863 -32768 -20859 -32768
8316 -8094 -1329 -32768 -32768 -32768
7310 -8697 -353 -32768 -32768 -32768
7048 -8641 779 -32768 -32768 -32768
6317 -7832 2174 -32768 -32768 -32768
5400 -7186 2256 -32768 -19167 -32768
4175 -6460 1922 -32768 -11342 -32768
3780 -6051 1842 -32768 -9438 -32768
3448 -5651 2372 -32768 -9417 -32768
2799 -5266 2969 -31163 -10607 -32768
2360 -4834 3133 -26972 -12210 -32768
1804 -4295 2885 -24140 -14252 -32768
1534 -3997 2460 -18811 -18344 -32768
1225 -3523 1895 -14747 -21605 -32768
1025 -3176 1677 -9043 -26836 -32768
781 -2582 1438 -4210 -31172 -32768
554 -2102 1383 -1558 -32768 -32768
436 -1859 1520 1508 -32768 -29498
439 -1505 1498 3469 -32768 -25547
573 -1295 1488 6607 -32768 -18716
613 -1064 1504 8679 -32768 -14056
599 -945 1463 11831 -32768 -7677
553 -765 1511 14480 -30437 -2619
379 -528 1479 15898 -28359 -59
309 -369 1471 17237 -25846 3090
479 -244 1588 17137 -24594 6556
983 -79 1705 16471 -24571 9537
1270 -72 1668 16023 -25396 14427
1483 52 1365 16813 -25213 17182
1592 162 1211 19360 -24513 20072
1456 270 1201 21962 -23527 21087
1711 536 1392 22941 -22863 21625
1982 788 1567 22923 -21640 22721
2587 1145 1801 22073 -19104 23907
3132 1407 1845 20237 -10328 26172
3487 1464 1849 18954 -2514 27127
3460 1402 1447 18165 9599 26628
3416 1357 1269 18000 21708 24097
3769 1356 1153 17556 28981 22405
4030 1365 1178 15904 32767 20674
4371 1344 1337 13939 32767 20116
4736 1311 1696 9821 32767 20291
4427 1513 1496 5697 32767 20400
4155 1608 1192 4069 32767 20059
3603 1598 833 3536 32767 18815
3415 1563 642 4627 29340 18522
3192 1566 412 6495 21967 19697
2726 1340 94 8191 16462 20706
2499 1288 27 10539 8125 22551
2025 1141 -25 12272 74 24060
1566 975 9 12837 -4746 24729
1283 911 69 12831 -10899 25255
827 601 169 12315 -15508 24620
460 462 174 11972 -17263 23588
346 383 218 11232 -18002 21875
234 205 331 10642 -17092 20688
200 86 314 10034 -13455 19017
212 39 260 9845 -8107 17767
342 -7 112 10063 -4142 17441
582 -78 -47 11072 2588 18202
871 -137 -305 12863 9631 20302
918 -159 -464 14183 13630 21910
901 -187 -552 16295 18791 24135
756 -247 -730 18443 23121 25581
691 -427 -798 19759 25556 26149
745 -648 -784 21431 29238 26701
898 -1191 -818 22398 31844 26876
1032 -1597 -736 23019 32767 27110
1407 -2033 -398 22532 32767 27534
1631 -2327 -224 20881 32767 28588
1850 -2791 -39 19063 32767 30002
2191 -3385 173 17795 32767 31326
2435 -4088 529 14632 30720 32767
3342 -4492 1504 10820 23731 32767
4074 -4026 2282 3106 11468 32767
4297 -3704 2494 -4198 -2676 32767
4136 -3337 2411 -7101 -13078 32767
3859 -3009 2138 -6538 -30372 32767
3571 -2772 1361 1598 -32768 32767
3261 -2816 745 10308 -32768 32767
3083 -2577 849 24152 -32768 32767
2943 -1644 1148 32767 -32768 32767
2559 -1203 1434 32767 -32768 32767
2264 -1078 1736 32767 -26064 28096
2192 -888 2228 32767 -8950 26245
2112 -891 2204 32767 17697 25371
2164 -997 1846 32767 32767 25700
2563 -996 1144 32767 32767 26478
2900 -943 798 32767 32767 28225
3427 -716 555 32767 29318 29529
3550 -531 591 32767 17431 30435
3461 -177 853 32767 11737 30072
3335 76 983 32767 9792 27867
3229 426 1074 32767 12626 23929
3382 594 775 32767 15299 20513
3942 614 236 32767 15139 15644
5171 612 -662 32767 9950 13565
6079 675 -1423 32767 -1740 12541
7317 1232 -3005 32767 -15699 12075
7670 1344 -4081 32767 -28083 9843
8079 1290 -4026 32767 -32768 4479
8902 950 -2916 26766 -32768 766
9332 909 -2091 -346 -32768 -3055
9294 180 -1497 -20552 -32768 -5390
8575 -332 -1264 -32768 -32768 -12561
7194 -769 -681 -32768 -32768 -24535
6075 -1337 86 -32768 -32768 -32768
5525 -1726 428 -32768 -32768 -32768
5445 -2101 758 -32768 -32768 -32768
-5914 -111 -1016 -32768 -32768 -32768
3198 -2483 2338 -32768 -32768 -32768
4965 -2438 2572 -32768 -32768 -32768
4473 -2976 3141 -32768 -32768 -32768
4042 -3263 3536 -32768 -32768 -32768
3721 -3257 3664 -32768 -32768 -32768
2171 -3187 3591 -32768 -32768 -32768
2142 -2946 3063 -32768 -32768 -32768
2505 -2597 2667 -32768 -24638 -32768
2523 -2336 2266 -32768 -18693 -32768
2184 -2232 2231 -32768 -16604 -32768
1649 -1920 2164 -29919 -18277 -32768
1322 -1886 2134 -21591 -23307 -32768
1094 -1636 2109 -17948 -26998 -30313
1080 -1469 1976 -13747 -30524 -21493
848 -1262 1700 -9865 -31540 -14501
682 -1050 1537 -7255 -30667 -11219
516 -910 1369 -2500 -27239 -8859
384 -752 1100 1297 -23290 -8600
456 -679 1041 6982 -15692 -8991
674 -834 1021 10318 -11103 -9406
1121 -582 962 14287 -5332 -9445
1373 -572 1008 16494 -1741 -8593
1662 -526 1001 17190 -1614 -7610
1768 -403 988 17196 -4974 -5636
1716 -7 1055 16608 -8933 -4422
1518 333 1024 15654 -15627 -2853
1459 886 893 15365 -19292 -1601
1428 1185 946 14766 -24142 577
1409 1431 1155 13436 -28142 2931
1314 1654 1259 12280 -29808 4375
1261 1776 1352 10220 -30592 6197
1000 1889 1410 9060 -29996 6928
940 1865 1468 7697 -27014 7867
915 1905 1460 7068 -23386 8638
1050 1836 1486 6165 -16014 10352
1103 1630 1484 5319 -7934 11936
1011 1276 1393 4863 -2929 12493
952 1070 1268 4587 3671 12470
1005 808 1101 4664 9153 12132
1036 617 1008 4749 12096 11920
1033 424 994 4847 15618 11661
1018 218 913 5019 17364 11725
1084 84 829 5592 19922 12376
1365 -157 577 6940 23167 14399
2024 -313 317 8952 27590 18718
2522 -341 107 10468 30251 22615
2665 -408 51 12616 32130 28839
2545 -522 -147 14939 31172 32767
2400 -641 -278 16625 29402 32767
2297 -719 -274 19038 26062 32767
2569 -880 -80 20497 24390 32767
2679 -961 -42 22753 23608 32767
2852 -1029 75 25075 24714 32767
2687 -1109 56 26723 25570 32767
2625 -1258 131 29175 25569 32767
2445 -1571 249 31616 22980 32767
2625 -1800 551 32767 20652 32767
2924 -1940 788 32767 17084 32767
3130 -2068 1083 32767 14734 32767
3261 -2134 1219 32767 11664 32767
3318 -2094 1222 32767 9556 32767
3404 -1973 1212 32767 8943 32767
3622 -1765 1326 32767 8986 32767
3527 -1663 1418 32767 8943 32767
3286 -1588 1460 32767 8333 32767
2872 -1230 1414 32767 8160 32767
2836 -1251 1509 32767 9356 32767
2648 -952 1453 32767 11847 32767
2946 -696 1392 32474 14932 32767
3200 -579 1396 30556 20533 32767
3620 -471 1359 29112 24040 32767
3851 -395 1294 27160 28402 32767
3937 -282 1081 26113 30453 32767
3860 -90 918 25054 31469 32767
3618 216 628 24837 30370 32767
3389 331 423 25385 25703 32767
3211 584 279 26123 21550 32469
3018 526 400 26726 13336 28667
2584 713 518 26859 7807 25308
2778 633 754 18290 2730 -9729
3125 473 404 18576 3853 -11056
3298 371 112 19348 2929 -11508
3317 225 -146 19815 1269 -11289
3549 339 -506 20051 -2983 -10025
3582 195 -683 19783 -7380 -9520
3434 -74 -670 18095 -15001 -10458
3807 -462 -567 13701 -20062 -12365
4448 -903 -302 9178 -21802 -13903
5043 -1324 -255 1240 -26473 -16577
5674 -1971 -333 -4389 -32224 -18971
6381 -2259 -586 -12237 -32768 -22001
7301 -3207 -805 -17106 -32768 -23639
7714 -3735 -542 -25960 -32768 -25977
8188 -4397 -54 -32768 -32768 -28769
8816 -5123 418 -32768 -32768 -30846
9025 -5520 594 -32768 -32768 -32768
9210 -6185 883 -32768 -32768 -32768
9122 -6563 1438 -32768 -32768 -32768
8978 -6438 1640 -32768 -32768 -32768
4645 -5769 2346 -32768 -32768 -32768
8261 -5816 3240 -32768 -32768 -32768
8048 -5886 3565 -32768 -32768 -32768
7392 -5496 3555 -32768 -25209 -32768
6877 -5381 3456 -32768 -17051 -32768
6168 -5340 2813 -32768 -14870 -32768
5775 -5162 2149 -32768 -12273 -32768
5233 -4628 1429 -32768 -12345 -32768
4807 -4301 1178 -32592 -17470 -32768
4092 -3904 1062 -25234 -22653 -32768
3683 -3579 979 -16590 -28823 -32768
835 -1305 1107 -2959 -24590 -16363
566 -1193 1075 -733 -18648 -17940
345 -1165 1176 149 -15857 -18775
436 -1104 1257 733 -12876 -18517
552 -1007 1306 653 -10806 -16091
796 -956 1399 461 -9812 -13192
916 -1021 1344 430 -9053 -7564
920 -750 1428 714 -9959 -1255
839 -711 1577 1045 -11173 2903
820 -637 1659 2198 -13165 9080
851 -402 1752 3832 -14160 15751
1158 37 2112 4737 -13889 20523
1211 370 2264 6205 -12456 26962
1128 704 2363 8043 -10973 31774
1438 974 2506 9216 -9665 32767
1833 1074 2731 10241 -6420 32767
2564 995 3053 10429 -2862 32767
3101 930 3103 10758 5136 32767
3710 945 2980 11302 11534 32767
4132 956 2869 12372 22482 32767
4429 873 2815 13522 32351 32767
4316 767 2637 14406 32767 32767
4268 784 2462 16062 32767 32767
4093 681 2230 17429 32767 32767
3939 512 2082 19820 32600 32767
3573 245 1794 22685 22656 32767
3340 124 1457 24817 15645 32767
3137 109 1155 28430 6646 32767
2753 145 783 30894 2327 32767
2431 195 557 32767 -1774 32767
1875 227 276 32767 -3213 32767
1535 225 106 32767 -3987 32767
1160 183 -70 32767 -3553 32767
971 44 -138 32767 -2823 32767
1014 -115 -108 32767 -826 32449
1235 -370 -33 32767 2217 31778
1195 -461 -21 32767 5309 31471
1017 -489 2 32767 7221 31156
1004 -579 54 32767 9560 30613
974 -733 128 32767 10693 30176
945 -786 141 32767 11922 29313
882 -785 117 32767 12535 28554
824 -821 77 32767 13154 27101
1140 -1150 204 32767 13846 26448
1448 -1486 279 31918 15567 26275
1948 -1995 399 27025 18384 26978
2305 -2298 490 24237 19326 27825
2362 -2534 563 19945 18751 28069
2066 -2903 444 17522 16744 27050
1907 -3090 352 14813 11892 24395
2168 -3351 575 12379 6874 21866
2654 -4010 983 10797 4723 20733
3025 -4326 1166 8692 3610 20176
3232 -4193 1152 7555 3402 20300
3284 -3745 1102 6030 3643 21051
3405 -3112 1065 5007 3737 21947
3350 -2773 1090 3688 2539 23087
3175 -2470 1244 3007 1501 23394
2977 -2329 1337 2766 1213 22842
2836 -2035 1457 3371 2395 22062
2649 -1811 1511 5666 6645 20092
2436 -1531 1504 9913 13472 17744
2566 -1420 1499 15754 20484 16750
2910 -1023 1383 20251 23231 17227
3002 -649 1293 27401 23255 19009
2911 -400 1272 32212 21341 20472
2938 -177 1299 32767 19428 22243
3003 291 1052 32767 20161 25131
2977 359 1144 32767 24345 27324
2962 457 1079 32767 25863 28154
2922 611 980 32767 24598 27765
2820 579 941 32767 22227 26072
3042 668 934 32767 18263 22634
3605 888 875 32767 16015 19878
3711 776 699 32767 11828 13857
4448 806 -80 32767 8786 9515
5663 815 -1143 32767 5045 3094
6315 899 -1885 32767 -2287 -4737
6732 1278 -2858 32767 -18404 -15672
7233 1463 -3175 32767 -31889 -23310
7560 1543 -2761 30841 -32768 -32768
7527 1881 -2328 10543 -32768 -32768
7635 1870 -1329 -4890 -32768 -32768
6753 1414 -1186 -24479 -32768 -32768
6003 1013 -1117 -32768 -32768 -32768
4849 488 17 -32768 -32768 -32768
3966 46 1254 -32768 -32768 -32768
3358 181 1988 -32768 -32768 -32768
-4790 -728 671 -32768 -32768 -32768
1264 289 5185 -32768 -32768 -32768
1383 235 6669 -32768 -32768 -32768
-42 -101 6838 -32768 -32768 -32768
-329 445 3986 -32768 -32768 -32768
945 1333 2505 -32768 -19940 -32768
2653 1165 238 -32768 -13094 -32768
3214 -585 -1547 -27557 -32768 -32768
3510 494 1592 -2851 -32768 -32768
2833 240 3244 3916 -30618 -30927
2778 250 3062 8191 -32621 -18750
2132 124 2729 8642 -32768 -12787
1848 42 2427 7385 -32768 -5505
1718 15 2174 5419 -32768 -862
1564 76 2055 1778 -32768 4530
914 -62 1618 -33 -32768 5669
219 -261 1166 -1596 -32768 3563
-43 -278 981 -2747 -29575 -1149
-306 -240 859 -3689 -24377 -4905
-299 -221 786 -5189 -16200 -10282
-187 -222 706 -6422 -7799 -14577
231 -227 629 -6908 -2385 -16384
594 -234 571 -6963 5438 -17216
1099 -248 446 -5950 12281 -15697
1585 -158 473 -4991 15944 -13502
1824 -99 532 -3415 19720 -8964
1982 77 565 -1452 20712 -4174
1909 100 611 53 20067 -1492
1826 100 730 2351 17657 1276
1566 41 979 3766 15079 2293
1478 23 1202 5385 9514 3305
1441 90 1558 6110 4949 4075
1505 424 1873 6779 -1667 5462
1585 683 2139 7282 -4800 6924
1322 1077 2030 9240 -3571 6952
1000 1290 2094 10837 -2096 6253
855 1488 2244 12294 -1832 4915
800 1722 2367 12434 -3141 4276
808 1960 2493 11462 -6182 4010
841 2021 2545 10126 -8350 4318
985 2046 2551 7436 -11177 5689
1161 2149 2399 4774 -12916 7615
1019 2243 2071 3529 -13113 8432
709 2194 1776 2874 -11562 7902
463 1939 1546 2992 -9422 6720
497 1736 1496 3327 -4782 4762
755 1418 1410 3478 -914 3774
1002 1183 1372 3468 5529 3435
1648 813 1307 3234 10078 4433
2172 577 1272 2661 16190 8287
2668 328 1067 2521 20369 14211
2954 107 662 3532 22981 21120
2910 -180 375 4722 23767 25632
2815 -397 335 6600 23500 31697
2956 -715 397 7725 23346 32767
3176 -869 459 9119 25262 32767
3562 -967 457 10489 29818 32767
3452 -1104 343 11569 32699 32767
3143 -1262 313 13314 32767 32767
2473 -1389 166 15788 29816 32767
2078 -1503 52 17948 25245 32767
1937 -1456 -86 22157 19353 32767
2054 -1403 -158 26670 17566 32767
2398 -1411 14 29189 18424 32767
2621 -1456 251 31613 21048 32767
2868 -1446 502 32309 22652 32767
2818 -1319 612 32405 24157 32767
2465 -1079 653 31969 24917 32767
2183 -940 675 30789 25887 32767
1823 -818 767 29589 26396 32767
1615 -834 809 27742 26791 32767
1491 -947 1012 26409 26447 32767
1972 -1109 1357 23378 25194 32613
2982 -872 1845 20647 24268 32603
3365 -500 2084 16341 23418 32767
3370 203 2179 14147 23488 32767
2965 779 2294 12345 24346 32689
2068 1461 2465 12309 25832 29152
1801 1624 2486 14081 28423 22359
2320 2009 2545 17023 26974 17529
2895 2373 2419 19327 22598 16032
3338 2373 2105 24033 18594 16412
4081 2584 1480 27831 19506 18662
4625 2708 887 32767 20326 24058
4924 2923 384 32767 12944 29640
5648 3305 -111 32767 1894 32767
6162 3469 -225 32767 -16615 32767
6603 3098 -372 31291 -26301 31008
6283 2117 -1361 30525 -28179 23680
5976 1331 -2207 31826 -29373 7522
6264 328 -3163 32046 -29643 -3309
6695 -390 -2982 24528 -32768 -14985
7263 -1532 -2290 13444 -32768 -18622
7600 -2148 -2147 -7641 -32768 -18018
7665 -3213 -2424 -21417 -32768 -15647
7862 -4109 -2689 -32768 -32768 -11751
8203 -5115 -2750 -32768 -32768 -13117
7914 -5916 -2169 -32768 -32768 -19878
8159 -6366 -1586 -32768 -32768 -32768
8870 -6765 -775 -32768 -32768 -32768
9494 -7036 -312 -32768 -32768 -32768
-268 -5216 1465 -32768 -32768 -32768
9455 -7215 1526 -32768 -32768 -32768
9272 -7254 930 -32768 -25745 -32768
8825 -7209 689 -32768 -17424 -32768
7908 -7138 1252 -32768 -16535 -32768
6944 -6999 1616 -32768 -15719 -32768
5644 -7124 1773 -32768 -14021 -32768
4786 -7277 1765 -32768 -13249 -32768
3890 -6922 1923 -32768 -17189 -32768
3093 -6074 2150 -27373 -22184 -32768
2417 -5467 2100 -20341 -29388 -32768
1612 -4813 1953 -14554 -32768 -32768
1018 -4173 2067 -11959 -32768 -32768
791 -3692 2085 -9585 -32768 -32768
642 -3013 1889 -8212 -32768 -30110
