-1843 -194 769 10057 -1471 -12622
-1837 -234 739 9894 -2241 -12541
-1803 -267 758 9683 -2892 -12353
-1785 -311 783 9563 -2785 -12198
-1694 -423 821 9570 -2399 -11989
-1631 -553 846 9813 -1962 -11720
-1563 -589 873 10353 -2669 -11689
-1534 -581 873 10894 -3847 -11952
-1479 -605 879 11990 -5862 -12763
-1390 -687 950 13184 -7442 -13747
-1284 -898 1126 13907 -7966 -14509
-1269 -1074 1268 14750 -8665 -15875
-1191 -1203 1436 15129 -8378 -16858
-1188 -1088 1571 15407 -5012 -19085
-1329 -1373 1597 16223 -4146 -21847
-1524 -1682 1392 17252 -5622 -23885
-1582 -1619 1424 18642 -6911 -27042
-1643 -1660 1459 19389 -6662 -28976
-1744 -1736 1382 20604 -5233 -31460
-3080 -861 -321 8864 15278 -8315
-3068 -712 -517 1431 4622 -3633
-3106 -552 -696 -2706 -1477 -1750
-3124 -450 -771 -7421 -7043 -236
-3099 -340 -836 -10469 -7850 386
-3022 -271 -841 -11685 -6464 544
-2932 -243 -827 -12444 -3122 677
-2808 -199 -799 -12354 -180 813
-2696 -213 -718 -12035 1143 986
-2622 -249 -644 -11552 2078 1605
-2526 -292 -507 -11393 2105 2303
-2477 -347 -414 -11667 1888 3647
-2422 -399 -219 -12633 1828 5154
-2432 -427 -173 -13556 1838 6041
-2440 -472 -129 -15120 1946 7254
-2411 -538 -73 -16211 2183 7897
-2402 -559 -62 -17729 2648 8741
-2376 -638 -41 -18584 2781 9226
-2330 -701 -28 -19664 2622 9968
-2287 -756 -9 -20223 2157 10502
-2266 -794 1 -20938 1279 11348
-2244 -866 31 -21409 851 12008
-2291 -913 45 -22225 711 12918
-2318 -992 63 -23187 1716 13985
-2303 -1083 72 -23973 3054 14790
-2296 -1165 61 -25251 5562 15911
-2292 -1162 -11 -26133 7099 16568
-2309 -1190 -91 -27419 8794 17292
-2315 -1279 -141 -28267 9792 17559
-2296 -1296 -155 -29584 11430 17483
-2357 -1263 -267 -30868 13593 16651
-2416 -1260 -365 -32121 17488 15083
-2377 -1225 -431 -32768 21004 13758
-2365 -1259 -502 -32768 26815 11485
-2263 -1325 -502 -32768 32345 9063
-2099 -1291 -522 -32768 32767 7578
-1971 -1251 -589 -32768 32767 5777
-1782 -1184 -661 -32768 32767 4925
-1680 -1129 -698 -32768 32756 4170
-1526 -1033 -725 -32768 28375 3892
-1447 -928 -723 -32768 25354 3783
-1454 -900 -741 -32768 21152 3411
-1492 -866 -738 -32768 17582 2593
-1462 -787 -789 -31873 15711 1921
-1509 -570 -754 -30280 14754 461
-1501 -574 -872 -28900 14158 -618
-1488 -567 -915 -26585 13112 -2167
-1439 -472 -900 -25139 12677 -3067
-1421 -490 -915 -23019 12511 -4211
-1410 -458 -937 -21176 13093 -5262
-1358 -387 -946 -20156 13823 -5869
-1348 -348 -957 -18959 15215 -6783
-1305 -286 -1039 -18015 16915 -7561
-1278 -278 -1063 -17549 18391 -8131
-1255 -277 -1042 -17231 21238 -9004
-1272 -308 -1034 -17253 23485 -9750
-1259 -277 -998 -17548 26596 -11075
-1273 -212 -1049 -17870 28866 -12654
-1270 -130 -1160 -18022 29767 -13774
-1252 -38 -1292 -17897 29875 -15375
-1216 94 -1432 -17547 29020 -16186
-1071 233 -1565 -16811 27040 -16756
-870 284 -1647 -16192 25899 -16766
-760 310 -1645 -15268 25098 -16643
-519 521 -1709 -14085 24049 -16641
-310 847 -1825 -12626 22723 -17135
-214 3730 -1604 -14854 -13647 -32768
-608 3564 -1695 -24274 -31935 -32768
-1349 3030 -1868 -29239 -32768 -32768
-1907 2657 -1802 -32768 -32768 -32610
-2682 1945 -1601 -32768 -32768 -29612
-4438 -2489 20 32767 -32768 9055
-4107 -3243 -466 32767 -30985 15636
-4110 -3700 -445 32767 -7162 28190
-4504 -4575 -324 32767 22501 32767
-5040 -5065 472 32767 28759 32767
-4896 -5248 433 32767 15237 32767
-4104 -5362 -200 32767 -5059 32767
-3801 -5264 -1220 29804 -7651 32767
-3697 -5012 -1505 23022 -1336 32767
-3450 -4737 -1523 18031 -315 32767
-2712 -4294 -1164 10267 -4264 32767
-2114 -3813 -1145 5922 -7380 32767
-1963 -3550 -1283 1035 -10628 31711
-1776 -3180 -1466 -1412 -11306 26462
-1595 -3010 -1493 -4332 -10971 19647
-1425 -2793 -1434 -6463 -12124 13394
-1381 -2468 -1594 -7036 -15096 9220
-1259 -2289 -1722 -6610 -20062 3793
-977 -1981 -1926 -5611 -22160 1160
-751 -1778 -2018 -3548 -22406 -1152
-450 -1444 -1984 -1813 -20454 -1874
-352 -1107 -1916 -978 -19279 -1875
-331 -570 -1881 -44 -18652 -1859
-300 -940 -1585 -499 -21418 -1816
-430 -577 -1403 -1373 -24804 -1994
-467 -193 -1276 -3311 -31413 -2389
-473 47 -1170 -4660 -32768 -2258
-1537 1746 63 3474 -28368 -24829
-1633 2468 47 6464 -20151 -29723
-1395 2388 166 8880 -14814 -31600
-1450 2077 207 13117 -6319 -32768
-1785 1999 499 17241 972 -32768
-1785 2075 539 19708 4571 -32636
-2157 2037 529 22915 6967 -31541
-2394 1962 552 24461 6924 -30445
-2472 1934 671 25232 5510 -28217
-2473 1829 811 24739 3458 -26388
-2419 1594 883 22708 -1973 -23258
-2309 1436 898 19586 -8053 -19801
-1993 1168 1047 15946 -12536 -16039
-2002 964 1032 13713 -14607 -13974
-2148 833 928 11435 -17322 -12514
-2415 655 820 10560 -18283 -12772
-2694 492 752 10114 -18175 -14832
-2761 398 727 10535 -16919 -17618
-2584 160 718 11743 -14064 -19570
-2313 -97 670 12971 -11148 -20159
-2105 -298 632 15174 -6093 -20032
-1761 -474 606 17525 -1253 -18977
-1452 -697 610 19052 1085 -18047
-1317 -905 623 21123 2015 -16869
-1230 -1197 650 22352 503 -16587
-1232 -1399 721 23842 -4380 -17077
-1327 -1549 780 24585 -10540 -19321
-1463 -1733 923 24494 -14126 -21506
-1445 -1900 1046 23541 -16463 -24799
-1284 -2257 1357 22572 -15449 -26760
-1241 -2366 1378 21667 -11375 -29073
-1191 -2666 1359 22136 -6128 -31020
-1164 -3000 1508 23117 -2729 -32280
-1224 -3200 1659 25269 544 -32768
-1530 -3277 1759 27076 242 -32768
-1766 -3284 1850 30108 -2431 -32768
-1854 -3248 1973 32767 -3306 -32768
-1997 -3178 2010 32767 -2714 -32768
-2182 -3135 1931 32767 -2095 -32768
-2496 -2997 1848 32767 -2253 -32768
-2709 -2887 1817 32767 -3050 -32768
-3010 -2726 1740 32767 -3487 -32768
-3158 -2547 1658 32767 -3020 -31625
-3268 -2449 1582 32767 -1367 -26714
-3541 -2293 1368 32767 -271 -23578
-3756 -2137 1202 32767 1047 -19599
-3987 -2032 1035 32767 1573 -17396
-4259 -1797 641 32767 1348 -14355
-4478 -1538 153 32767 979 -12216
-4533 -1486 -70 32767 458 -8549
-4623 -1376 -587 32767 137 -5779
-4698 -1495 -816 32767 275 -1843
-5018 -1339 -1268 32767 238 -143
-5238 -1076 -1631 32767 696 699
-5558 -802 -2403 29382 2438 539
-5722 -771 -3142 21969 7333 790
-6095 -805 -4419 15878 12559 2276
-6435 -950 -5031 11065 15678 4033
-6987 -1351 -5486 293 18034 8600
-7706 -2534 -5397 -14979 17994 16280
-12339 -13220 5168 -32768 32767 32767
-11068 -13989 6233 -32768 32767 32767
-9325 -13356 7128 -32768 32767 32767
3394 -4488 2492 -3317 16424 -1275
3114 -3807 2433 -2563 13291 -11413
2367 -2776 2249 -2469 10825 -16944
1750 -2085 2157 -3262 8066 -24450
673 -1142 2104 -4343 8138 -29178
40 -580 2084 -6270 10888 -32768
-895 -120 2136 -7253 13287 -32768
-1596 7 2179 -7441 15167 -32768
-2624 -57 2184 -6651 14423 -32768
-3134 68 2104 -4701 10470 -32768
-3283 303 2197 -3316 8101 -32768
-3102 437 2303 -2791 8834 -32768
-2998 172 2215 -1658 11230 -30474
-3027 11 1822 -234 12139 -28423
-3020 -48 1483 2844 12157 -26953
-2946 -104 1137 5139 11791 -26917
-2819 -84 1063 7854 10761 -27822
-2709 -34 1032 9214 9024 -29540
-2485 89 1021 9263 8509 -30983
-2269 367 1002 8721 8780 -31745
-1993 532 1035 7155 7704 -31917
-1826 541 987 5360 4507 -30808
-1796 650 814 4437 1786 -29892
-1707 685 746 3500 -2558 -28133
-1653 705 535 3392 -7198 -26251
-1683 942 414 3905 -10263 -25289
-1894 1179 382 4568 -10185 -25453
-2020 1293 378 6039 -6691 -26427
-2153 1226 355 7500 -3776 -27039
-2105 1166 359 10380 -67 -26817
-1878 1141 363 12577 1495 -25627
-1723 1080 395 15994 2314 -22669
-1663 940 437 19251 1555 -19503
-1714 899 476 21193 1118 -18112
-2052 734 532 23751 968 -17759
-2429 489 583 25248 504 -18582
-2655 225 652 27069 -1365 -20678
-2817 -272 810 27848 -3345 -22150
-2745 -628 983 27950 -6273 -23724
-2469 -1135 1264 26952 -7725 -24070
-2114 -1547 1432 26168 -7109 -23833
-1981 -1744 1434 25549 -4672 -23725
-1901 -2040 1332 25879 -3123 -24209
-2085 -2312 1326 27088 -2782 -26253
-2142 -2872 1320 28207 -3266 -28099
-1760 -1833 1467 21034 4234 -32768
-1778 -1608 1293 19020 -2 -32768
-1620 -1548 1245 16762 -3774 -32768
-1552 -1638 1099 16298 -4200 -32768
-1690 -1944 1010 17769 -2414 -32768
-2144 -2346 749 20380 -567 -32768
-2442 -2432 631 25813 2641 -32285
-2768 -2371 670 29566 5220 -31651
-2855 -2335 807 32767 10204 -30418
-2787 -2267 980 32767 13684 -28779
-2721 -2235 1069 32767 17527 -24819
-2729 -2139 1024 32767 18566 -19771
-2780 -2076 989 32767 18051 -16111
-2911 -2017 848 32767 15722 -10670
-3301 -1991 693 32767 14038 -7595
-3584 -1997 564 32767 12827 -4056
-3981 -1891 384 32767 13899 -2295
-4266 -1657 288 32767 18114 -442
-4414 -1159 139 32767 21676 905
-4389 -830 33 32767 24721 4011
-4380 -484 -93 32767 21857 6698
-14287 -5605 -3703 -32768 32767 32767
-15269 -7463 -2827 -32768 32767 32767
-13996 -9133 -2430 -32768 32767 32767
-13159 -10426 -1735 -32768 32767 32767
-12747 -12666 483 -32768 32767 32767
-9100 -11810 6470 -32768 32767 32767
-12915 -13502 6136 -32768 32767 32767
-10833 -12370 7457 -32768 32767 32767
-7852 -11867 8021 -32768 32767 32767
-8089 -10964 8019 -32768 32767 32767
-7460 -9959 8179 -32768 32767 32767
-5475 -9481 7412 -32768 32767 32767
-3921 -9571 6437 -22046 23190 32767
-2704 -9014 4768 -10463 6406 32767
-1890 -9256 4335 -8923 4563 32767
-723 -8924 3582 -12220 10656 32696
466 -8091 1998 -13767 15920 25033
1740 -6680 766 -12599 22340 17978
2401 -5813 610 -9800 26694 15469
2419 -4807 623 -7744 26260 13340
2028 -4272 781 -4393 21193 6876
1408 -3512 1089 -1552 14743 -2267
834 -2798 1434 -563 11983 -8682
215 -2158 1799 -945 11645 -17498
-160 -1876 2050 -2904 14279 -23415
-531 -1330 2262 -4780 17650 -25345
-570 -693 2250 -5236 19804 -24593
-875 -109 2173 -4722 20580 -23102
-1455 444 2377 -4391 18902 -22744
-2039 673 2584 -4655 13851 -23987
-3807 242 2213 -5780 7475 -16449
-3582 305 2163 -2891 7363 -16597
-3109 580 2274 -1153 9252 -17132
-2758 808 2225 36 11266 -18473
-2615 953 2061 957 11398 -19869
-2456 917 1704 2626 8277 -22091
-2345 1004 1367 4240 4336 -24351
-2225 1056 1221 4910 2694 -25625
-2053 947 1304 4829 2768 -26885
-2041 998 1323 3846 3671 -27651
-2149 979 1192 3117 3215 -28101
-2220 877 1071 2600 506 -28533
-2173 803 800 2846 -2505 -28341
-2050 729 573 4148 -7340 -26959
-1671 572 347 6091 -10299 -24123
-1241 400 331 7394 -10420 -21657
-999 294 320 9350 -9083 -17762
-771 121 227 10576 -4915 -15466
140 -1154 1186 14062 -3078 -13853
136 -1293 1138 16369 -4213 -15780
150 -1523 1113 19821 -3996 -18504
-32 -1809 1076 22547 -3066 -20892
-1397 -3074 2873 21209 8164 -32768
-1647 -3067 2694 23054 9271 -32768
-1637 -2939 2458 25955 9810 -32768
-1644 -2816 2337 31807 10795 -32768
-1714 -2755 2170 32767 11502 -32768
-1920 -2910 2058 32767 12775 -32768
-2384 -3328 1943 32767 13795 -32768
-4951 -2903 -131 32767 10522 3721
-5201 -2369 -672 32767 8410 5121
-5271 -1938 -1147 32767 3917 4855
-5343 -1626 -1515 32767 -843 3916
-5510 -1449 -1742 25396 -4540 1590
-6212 -1911 -2330 19409 -1580 -253
-6823 -2683 -3154 11536 7480 -1513
-8050 -3773 -4792 5213 14127 2021
-8810 -4783 -5787 -495 17345 8775
-10899 -6925 -5842 -19378 16520 25068
-13497 -9291 -3461 -32768 22120 32767
-14738 -10783 -2471 -32768 32767 32767
-6446 -13660 8385 -32768 29007 32767
-4676 -13399 7323 -28274 28682 32767
-2958 -13384 6148 -18571 24284 32767
-795 -13001 4613 -14482 20527 32767
1130 -12167 3222 -13452 21796 32767
2288 -11726 2296 -11700 28651 32767
3895 -9999 1606 -9987 31630 32330
4354 -8246 1488 -8577 28713 20367
4357 -6995 1528 -5859 21523 3193
4443 -5331 1639 -2696 15593 -9593
3926 -3921 1737 -258 11711 -18840
2706 -2817 1624 1355 9368 -27382
1119 -1955 1203 2373 8957 -32768
-5575 672 2019 -5898 3727 -32768
-5673 606 1891 -3309 1706 -32768
-5513 525 1768 654 332 -32768
-5247 415 1561 3888 2600 -32768
-4962 438 1507 5186 5938 -32768
-4677 452 1544 5436 10694 -30756
-4107 416 1576 4792 12121 -28244
-3773 404 1529 3371 11419 -24869
-1619 728 691 10501 8997 -14913
-1580 701 676 10155 6593 -13423
-1576 679 629 9408 1666 -11394
-1544 699 637 8798 -1427 -10224
-1507 688 633 7969 -4623 -8768
-1443 681 505 7665 -5898 -7606
-1479 692 439 7826 -5631 -7170
-1508 673 347 8693 -4545 -6731
-1561 650 198 9728 -3664 -6440
-1562 563 120 11754 -2433 -5758
-1456 486 24 13255 -2036 -5013
-1525 430 -48 15424 -1724 -4050
-1527 238 161 16832 -24 -3116
-1612 -37 228 17570 1333 -2685
-1746 -286 239 18805 2252 -2880
-2090 -670 287 20303 1463 -4538
-2454 -1110 218 21653 96 -6466
-2659 -1229 209 23855 -1081 -10323
-2787 -1306 359 25337 115 -14506
-2646 -1397 608 25473 2477 -17594
-2418 -1428 866 24558 4394 -18731
-2004 -1494 1294 22362 6599 -19202
-1620 -1684 1345 20799 6443 -18828
-1341 -1952 1328 20608 5717 -18706
-1067 -2580 1356 21550 4897 -19006
-978 -2942 1362 23930 5107 -20503
-940 -3397 1201 26304 5680 -22433
-958 -3594 1051 30750 7836 -26694
-933 -3746 970 32767 11881 -31990
-916 -3611 1104 32767 14333 -32768
-858 -3427 1298 32767 15408 -32768
-700 -3102 1605 32767 13467 -32768
-638 -2859 1875 32767 7044 -32768
-603 -2669 2223 29088 -948 -32768
-704 -2608 2257 26035 -5242 -32768
-865 -2774 2121 23936 -8780 -32768
-1378 -3332 1631 25268 -8737 -32768
-2208 -3584 990 31829 -4941 -32768
-2845 -3512 586 32767 2491 -32768
-3599 -3197 392 32767 9299 -32768
-3826 -3132 559 32767 20075 -32768
-4156 -3188 852 32767 28098 -32768
-4339 -3009 1171 32767 30742 -32058
-4440 -2585 1199 32767 26584 -22360
-4469 -2233 1034 32767 17215 -16057
-4555 -2372 559 32767 412 -8514
-5114 -2241 -200 32767 -8667 -6179
-6510 -2173 -1577 32767 -5940 -7471
-7309 -2351 -2320 32767 9668 -9139
-8106 -2470 -3068 32767 24027 -5201
-8697 -2716 -3660 32767 25220 1091
-10196 -3410 -4286 25147 15972 17423
-11647 -4175 -4421 9119 16639 26421
-14696 -5949 -4724 -13866 30105 32767
-16418 -7185 -4751 -29317 32767 32767
-15820 -7744 -4696 -32768 32767 32767
-15073 -8262 -4870 -32768 32767 32767
-14529 -9842 -4503 -32768 32767 32767
-14077 -11202 -3058 -32768 32767 32767
-10861 -12959 411 -32768 32767 32767
-1071 -9759 2134 -6685 23422 32767
371 -8868 1418 -424 27213 32767
1379 -7886 833 3020 30777 32767
1646 -7035 664 7094 32767 21532
1718 -5724 603 9234 31891 13311
1665 -4824 597 11664 26002 1916
1688 -3658 704 12335 21768 -4087
1648 -2980 838 11465 17048 -10211
1410 -2274 1040 9825 15297 -12822
1051 -1965 1096 6540 14372 -15968
2 -1532 1092 4337 14568 -18469
-499 -1275 1013 1908 14741 -22843
-838 -1088 1023 536 13924 -25833
-1031 -765 1095 -63 12619 -26160
-1209 -650 1118 -471 10221 -25116
-1679 -417 1179 -485 9100 -24077
-2019 -66 1347 -785 10287 -23582
-2317 63 1584 -1525 11655 -24022
-2844 127 1849 -3110 12912 -25465
-3135 158 2080 -4630 12899 -26864
-3316 274 2179 -5116 11731 -27594
-3593 406 2266 -5046 8638 -28931
-4103 511 2542 -4671 6172 -29820
-4174 554 2673 -4432 3132 -30582
-1234 -848 286 7983 -11041 -24061
-1160 -984 80 13031 -8991 -25563
-1030 -1044 82 18082 -3497 -26368
-753 -1225 -7 21425 420 -25934
-490 -1285 53 25813 6233 -23569
-66 -1400 387 28326 11898 -19608
226 -1580 710 28925 14808 -16883
195 -1640 830 28813 16486 -14240
-10 -1653 949 28345 15464 -13982
-235 -1633 1137 27148 10669 -15734
-271 -1687 1253 25768 3119 -19170
-218 -2139 1350 25174 -3942 -23167
-238 -2658 1285 25824 -6864 -25888
-354 -3319 1036 28397 -6946 -30022
-2741 -3464 1707 32767 4116 -32768
-3166 -3349 1618 32767 9124 -32768
-3620 -3228 1797 32767 14782 -32768
-4032 -2881 1758 32767 16844 -32768
-4111 -2786 1694 32767 18134 -31779
-4211 -2944 1573 32767 18353 -26640
-4697 -3024 1331 32767 18323 -19381
-4908 -2976 1049 32767 17604 -14596
-4962 -2804 517 32767 13433 -7465
-5311 -2699 43 32767 9261 -3490
-5560 -2732 -76 32767 3718 425
-6047 -2550 -354 32767 593 1293
-6221 -2359 -387 32767 -1728 659
-6321 -2087 -655 32767 -135 -407
-6387 -1882 -1046 27415 6686 -2121
-6601 -2097 -1950 23648 12400 -2533
-6580 -2548 -2662 19962 16276 -759
-7549 -4208 -3656 17429 15047 1742
-8494 -5538 -4080 9657 12248 7983
-11293 -7966 -4300 -5522 18159 17966
-12104 -8661 -4212 -20257 25367 27526
-13921 -11244 -3072 -32768 32767 32767
-13953 -13460 -2694 -32768 32767 32767
-14077 -15746 -2460 -32768 32767 32767
-14345 -16626 -1603 -32768 32767 32767
-14548 -17729 1469 -32768 32767 32767
-14424 -18446 3594 -32768 32767 32767
-13219 -18819 8471 -32768 32767 32767
-12798 -18968 9031 -32768 32767 32767
-11708 -19369 8769 -32768 32767 32767
-9877 -17660 9185 -32768 32767 32767
-7714 -16503 9542 -32768 32767 32767
-4910 -14704 8812 -32768 32767 32767
-2271 -14711 8118 -24653 26476 32767
-200 -14274 7328 -15796 19066 32767
2345 -13106 5671 -12036 22109 32767
3343 -12500 3931 -6628 29125 32767
4782 -11049 2718 -3863 29374 31996
6053 -9367 2059 -3279 26435 18565
6386 -8076 1697 -2921 22765 3277
5869 -6214 1324 -2154 17612 -8178
4739 -4667 1289 -1918 10165 -17391
3279 -3373 1145 -2161 5580 -22800
2208 -2824 1023 -2781 2215 -30143
385 -2058 649 -2603 2523 -32768
-1170 -1392 447 -2104 5240 -32768
-2330 -800 491 -1416 10785 -32768
-3085 -335 520 -1624 10848 -32768
-3904 383 678 -3220 6523 -32768
-4530 690 888 -5450 5030 -32768
-5009 910 1094 -7294 7217 -31223
-5453 857 1384 -8082 8168 -30264
-5463 788 1610 -8462 7278 -29270
-5282 789 1804 -8008 5723 -28741
-5264 645 1794 -6173 4115 -28837
-5237 371 1874 -3843 3976 -29866
-2462 406 1464 -434 7598 -18394
-1495 301 862 13142 -1415 -15302
-1507 291 750 12006 -2448 -14088
-1534 301 605 11327 -2282 -12871
-1597 358 384 11942 -995 -12429
-1598 421 145 13571 225 -12306
-1579 437 122 14838 1005 -12122
-1496 491 40 16779 2022 -11230
-1393 442 4 17993 2663 -10208
-1421 447 -60 19682 2904 -8660
-1473 140 30 20776 2714 -7282
-1514 -147 218 20875 2963 -6709
-845 -3974 1070 26854 12830 -31837
-869 -4149 911 28979 12476 -32768
-897 -4156 904 30885 10794 -32768
-903 -3903 1069 30286 10181 -32768
-903 -3326 1260 28760 10574 -32768
-4226 -2989 1074 32767 24648 -32768
-4186 -2491 1407 32767 29802 -26092
-4189 -2117 1693 32767 29932 -18921
-4517 -1869 1534 32767 22838 -9226
-5063 -1478 1016 32767 10840 -2825
-5533 -1380 506 32767 3512 -428
-5906 -1068 228 32767 -930 639
-6466 -1149 -166 32767 4693 1017
-7146 -1675 -1084 32767 10937 1881
-7713 -1649 -2132 32767 16128 4412
-8213 -1570 -3223 32767 12989 9702
-9427 -2772 -4143 32153 4742 15784
-12853 -19886 9293 -32768 32767 32767
-15511 -20430 5850 -32768 32033 32767
-14430 -21098 6122 -32768 32767 32767
-11294 -19319 7420 -32768 32767 32767
-7648 -17596 8047 -32768 32767 32767
-5785 -16668 7058 -32768 32767 32767
-3378 -14298 5030 -19729 32767 32767
-1573 -13130 3215 -6769 32767 32767
-130 -11821 2273 -271 32767 32767
1038 -10858 1812 7464 32394 32767
2712 -8944 1623 13029 32767 18457
3330 -7237 1681 15577 32767 11317
3254 -6249 1698 17616 29145 1541
2801 -4700 1729 17282 22805 -5449
2298 -3507 1800 13787 12020 -15943
1924 -2809 1688 8167 5978 -24612
1195 -1942 1461 4429 5014 -28672
603 -1533 1344 -83 5358 -32113
-159 -1128 1285 -2592 6312 -32178
-923 -592 1267 -3077 6330 -30970
-1414 -340 1338 -2620 4821 -28563
-2385 -373 1495 -1298 2334 -27437
-3231 -210 1770 -369 2136 -27576
-3431 -68 2022 438 5427 -27364
-3606 274 2325 23 10026 -26254
-3566 367 2517 -866 11393 -25086
-3543 650 2536 -2230 9136 -23235
-3330 716 2591 -3051 6991 -21915
-3129 805 2730 -4402 6781 -20229
-2881 910 2973 -5199 8655 -19573
-2840 934 3005 -5465 11152 -19762
-2874 992 2950 -4807 11366 -20705
-2828 931 2824 -2611 9512 -22472
-2893 848 2601 359 6701 -24661
-2986 852 2373 2261 5171 -26151
-2927 816 2282 4272 3668 -27596
-2839 775 2280 4549 3073 -28001
-2879 556 2389 3618 3303 -27935
-2885 401 2354 1397 3716 -27491
-2580 383 2224 -1008 4454 -26689
-2332 283 1898 -2114 3955 -25820
-1934 233 1737 -3203 761 -23986
-1822 479 1387 -3634 -4231 -22809
-1483 463 1333 -3856 -7603 -21958
-1427 268 1317 -4091 -10442 -21377
-1545 -28 1267 -4088 -9974 -21812
-1702 -189 1195 -3521 -7889 -23994
-1932 -346 910 -1524 -6903 -27334
-1983 -490 569 697 -5531 -29522
-1775 -524 488 4877 -1296 -31379
-1548 -597 251 8261 1650 -31558
-1353 -690 169 13570 4551 -30118
-996 -805 247 16747 5093 -28065
-810 -812 339 20499 5680 -24541
-604 -849 405 23013 5721 -21578
-439 -929 474 23993 5931 -20181
-378 -1072 539 24484 7157 -19283
-329 -1174 622 24253 8394 -19815
-286 -1320 660 23934 8395 -20669
-219 -1379 790 23201 7644 -22482
-184 -1543 971 22658 6670 -23904
-125 -1722 1047 22395 4697 -25917
33 -2014 1127 23186 3754 -27504
45 -2480 1078 24585 4170 -28567
-85 -2840 971 28124 6519 -30646
-358 -3233 847 32767 10049 -32768
-577 -3481 822 32767 12020 -32768
-666 -3515 804 32767 12887 -32768
-785 -3526 760 32767 11847 -32768
-1009 -3478 830 32767 8682 -32768
-1440 -3309 1079 32767 5807 -32768
-1874 -3120 1641 32767 5297 -32768
-3831 -3458 1101 32767 18273 -17545
-4011 -3430 1033 32767 16769 -15623
-3943 -3382 1020 32767 14594 -12223
-3891 -3112 800 32767 12536 -8523
-3943 -2594 609 32767 11961 -6146
-3999 -2324 601 31200 13583 -2702
-4107 -2023 631 29757 15583 -486
-4181 -1870 630 27337 17429 2760
-4213 -1505 462 25253 13948 6033
-5615 -1770 -2018 5983 6493 15308
-6445 -2627 -2916 22 5472 15066
-7566 -4551 -4063 -5351 5298 17113
-9830 -7422 -4167 -17143 8509 24526
-12154 -9678 -3368 -32768 18147 32767
-14670 -12332 -1936 -32768 25925 32767
-14572 -13487 -2257 -32768 31678 32767
-14043 -15304 -2491 -32768 32767 32767
-14464 -16441 -1913 -32768 32767 32767
-14615 -17890 823 -32768 32767 32767
-13533 -18948 3916 -32768 32767 32767
-11101 -19775 8404 -32768 32767 32767
-11347 -19480 8312 -32768 32767 32767
-10010 -18631 6953 -32768 32657 32767
-8052 -17595 7444 -32768 24542 32767
-4902 -16142 8114 -32768 18811 32767
-3480 -15482 7816 -21063 14150 32767
-944 -15081 6072 -12431 18845 32767
1570 -13456 4912 -9708 27649 32767
2995 -12557 3703 -5707 32767 32767
4865 -10722 2429 -2348 32767 32767
5751 -9363 2274 1441 32636 32551
6120 -7649 2079 2759 25055 22129
5891 -6547 1986 2151 15302 6586
4917 -5106 1848 -974 10967 -9266
4149 -4123 1631 -3324 10154 -18917
3091 -2800 1174 -5284 10603 -29092
2086 -2119 1018 -5414 10938 -32252
1126 -1943 1003 -4485 7879 -32768
-264 -1484 1088 -3252 4875 -32768
-1563 -880 1227 -2772 4534 -32768
-2370 -438 1248 -2525 5256 -32768
-3274 105 1219 -2553 6189 -32768
-3803 130 1286 -3157 6664 -32768
-4644 -47 1556 -3987 5586 -32768
-5072 -96 1721 -5344 3822 -32768
-5268 -186 1930 -5884 4439 -32768
-5255 -102 1996 -5912 6121 -32768
-5215 31 1980 -5453 5746 -32768
-5131 -3 1957 -4757 3682 -32768
-5042 -124 1988 -4581 2366 -32768
-4850 -263 2035 -4830 2272 -32768
-4626 -238 2021 -5333 2866 -32768
-4393 -205 1931 -5443 3564 -32768
-4273 -257 1817 -4825 4470 -32768
-3989 -317 1556 -3705 4926 -32768
-3514 -285 1384 -1201 5976 -32768
-3290 -304 1225 1807 6758 -32768
-3120 -223 1097 3676 7313 -31915
-3075 -215 1061 5773 8442 -30925
-3014 -247 1074 6424 9373 -30442
-2797 -86 1136 6227 10181 -29318
-2591 -10 1167 5055 9650 -27353
-2370 64 1069 4267 8456 -25695
-2186 76 965 3611 6572 -23142
-2122 107 812 3698 5551 -21790
-2120 221 551 4629 4074 -20108
-1957 266 452 5392 3421 -18803
-1792 321 480 6057 3530 -16258
-1514 349 593 6100 4205 -14388
-1413 411 595 6304 4974 -12069
-1405 493 442 6832 4932 -11269
-1440 515 384 8328 4495 -11321
-1524 565 276 10454 3893 -12385
-1628 517 130 12125 3335 -13265
-1617 477 80 14643 3006 -13989
-1539 365 91 17528 3831 -13167
-1548 200 180 18553 4675 -12074
-1529 16 308 19359 6505 -9778
-1489 -384 507 19682 8047 -7313
-1234 -2812 1411 18027 17842 -19143
-1087 -2880 1321 18111 18752 -20757
-847 -2899 1141 19503 17979 -22539
-632 -3094 1057 20731 16986 -23848
-640 -3196 989 22489 15090 -26463
-742 -3217 1020 23082 13699 -30082
-811 -3113 1249 22345 13551 -32768
-887 -2828 1414 19647 13924 -32768
-917 -2298 1489 17338 13724 -32768
-751 -2101 1509 13282 11748 -32768
-3078 -2513 1528 32767 26664 -27137
-3194 -2522 1606 32767 26203 -22999
-3437 -2542 1670 32767 25070 -15652
-3758 -2676 1585 32767 22144 -7796
-4142 -2673 1366 32767 19227 -3280
-4788 -2675 1179 32767 12786 1786
-5397 -2374 850 32767 7462 3892
-5624 -2061 669 32767 3006 6290
-5992 -1721 220 32767 3847 7708
-6491 -1597 -340 32767 9113 9094
-7511 -1399 -1770 32767 13929 10305
-8197 -1653 -2769 32767 15308 12830
-9229 -2743 -3875 32767 13599 20197
-11426 -4673 -4617 23640 12217 26489
-13330 -6198 -4523 535 17698 32767
-15628 -7862 -4589 -25772 32767 32767
-15985 -8233 -4948 -32768 32767 32767
-14901 -8925 -5615 -32768 32767 32767
-7707 -11565 8324 -32768 21078 32767
-5783 -10474 6527 -31766 17547 32767
-3999 -10359 4252 -22558 17464 32767
-1872 -10207 2721 -11068 18394 32767
-703 -9692 2062 -3085 22838 32767
369 -8893 1363 2507 29038 32767
1198 -7759 1240 4821 31012 32767
1780 -6567 1547 5790 29881 30442
1982 -5535 1589 5213 26223 17243
2265 -4236 1518 4636 23107 8801
2455 -3113 1357 3766 17973 -1901
-1591 279 1849 -593 5691 -28083
-2204 254 1994 -729 5346 -28145
-2610 309 2120 -1320 5180 -29211
-3036 343 2529 -3350 5986 -30471
-3345 381 3031 -5674 6188 -31087
-3447 545 3244 -9619 5534 -31347
-3497 697 3437 -12862 5152 -30691
-3432 771 3386 -14060 4946 -29728
-3376 736 3319 -14269 4507 -27887
-3418 547 3136 -13439 4317 -26783
-3382 333 2986 -11051 4951 -25501
-3254 294 2815 -9042 6398 -24826
-3038 264 2663 -5979 10176 -24149
-2941 301 2615 -3355 14156 -24100
-2770 431 2459 -1988 15430 -24293
-2600 419 2287 -365 13777 -24566
-2423 429 2160 744 8466 -24381
-2225 414 1790 1522 3810 -24101
-2084 420 1490 2792 -2333 -23467
-1902 304 1069 3947 -5674 -22796
-1803 168 852 4355 -6210 -22468
-1796 -29 797 4274 -5136 -22288
-1896 -232 765 3597 -3293 -22657
-1968 -451 748 2952 -1758 -23453
-1986 -586 697 2892 -1021 -24161
-2084 -604 655 3649 -943 -25674
-2109 -685 458 4846 -1821 -26431
-1905 -686 410 7157 -2532 -26032
-1543 -650 347 8924 -1851 -24723
-1294 -610 318 11593 1653 -21669
-968 -507 326 13813 6538 -18068
-663 -376 346 14898 9015 -15739
-242 -1706 987 26231 7062 -27611
-414 -1959 1152 28682 7493 -29942
-529 -2272 1275 29741 6522 -30862
-611 -2538 1266 30586 4317 -31375
-826 -2689 1232 30184 2235 -31558
-1138 -2546 1305 28841 1363 -31753
-1259 -2524 1575 24796 2482 -32073
-1594 -2721 2128 19190 6353 -32768
-1928 -2788 2386 15977 9498 -32768
-2029 -2766 2224 14423 12556 -32768
-1902 -2548 1778 15921 13504 -32768
-1696 -2366 1545 21065 14362 -32768
-1436 -2177 1190 28364 15367 -32216
-1362 -2176 1096 32767 16490 -29484
-1526 -2554 1147 32767 18286 -25329
-1888 -3198 1349 32767 18851 -23114
-2382 -3473 1523 32767 18132 -21841
-3025 -3635 1652 32767 16897 -22059
-4389 -1796 653 30606 10040 4343
-4360 -1295 279 28339 3569 8104
-4390 -1191 150 27116 -434 9474
-4748 -817 -375 25369 -5410 8945
-5091 -603 -880 24099 -7196 7411
-5350 -575 -1339 22053 -5767 4736
-5942 -1157 -2367 20659 -2297 3491
-6514 -1820 -3233 18631 4539 3259
-7545 -3360 -4918 16550 7457 5233
-8784 -5565 -5763 7746 5401 13549
-10268 -7366 -5742 -11706 4870 28073
-13556 -10522 -4259 -30242 13253 32767
-14764 -12008 -3550 -32768 32597 32767
-14194 -14280 -3446 -32768 32767 32767
-13803 -15934 -2702 -32768 32767 32767
-13878 -16781 -1338 -32768 32767 32767
-13442 -17558 2004 -32768 32767 32767
-12360 -18472 3742 -32768 32767 32767
-10765 -18541 9471 -32768 32767 32767
-11243 -18651 8071 -32768 32767 32767
-10626 -18640 6822 -32768 32767 32767
-8476 -16443 7434 -32768 32767 32767
-6677 -15326 7747 -32768 32767 32767
-4750 -13992 6710 -31623 32767 32767
-3116 -13798 5961 -16842 24926 32767
-1070 -13099 4868 -8220 19312 32767
629 -11666 4488 -6678 23200 32767
1738 -10890 3624 -5682 32767 32767
3223 -9254 2653 -4794 32767 32767
3902 -7995 2368 -3848 32364 26713
4640 -6338 2209 -3878 22379 13070
4766 -4722 1983 -4171 16234 5743
4514 -3878 1680 -3968 9790 -3268
3883 -2936 1215 -3226 7853 -8420
2849 -2283 1035 -2125 7214 -16198
1969 -1915 1038 -2063 6720 -24923
888 -1250 1101 -2719 6666 -30502
276 -756 1107 -4015 6610 -32768
-424 -232 885 -4342 4914 -32768
-1494 42 712 -3950 3408 -32768
-2392 -20 914 -3831 3291 -32768
-3316 -286 1264 -4375 4139 -32768
-4585 -230 1588 -5485 4362 -32768
-4973 -255 1950 -6238 4463 -32768
-4998 -375 2080 -6689 5269 -32768
-5033 -246 1997 -6218 5677 -32768
-5093 -52 1912 -4792 4258 -32768
-4985 -117 1857 -3527 1100 -32768
-4841 -211 1820 -2966 -239 -32768
-4725 -381 1759 -2067 968 -32768
-4517 -426 1737 -1133 5037 -32768
-4142 -438 1896 -685 8465 -32768
-3900 -450 1823 504 12434 -32768
-3673 -472 1524 1981 13502 -32768
-3552 -501 1211 5003 12069 -32768
-3441 -457 991 8150 7772 -32768
-3194 -382 832 9754 5424 -32251
-2993 -405 890 10725 4932 -30860
-2856 -399 956 10166 7405 -28972
-2647 -250 929 9432 9185 -27626
-1849 466 348 9712 7623 -10773
-1900 525 273 11029 7135 -11051
-1886 534 258 13352 4176 -10962
-1697 631 231 14928 1855 -10174
-1574 671 255 16975 370 -8041
-1408 397 414 18411 2945 -5222
-1484 151 576 19078 5882 -3728
-1708 -107 554 20253 8724 -3131
-1990 -686 632 21708 9268 -4185
-2059 -1195 566 23047 8529 -5376
-2068 -1392 549 25462 6733 -7586
-829 -3243 1022 20713 17426 -28184
-773 -3212 932 21540 17105 -29578
-764 -3061 945 22759 15874 -32106
-745 -2870 982 23418 14708 -32768
-657 -2545 1094 23378 13729 -32768
-491 -2355 1234 22491 11973 -32768
-254 -2185 1440 21224 9926 -32768
-201 -2222 1530 20833 8479 -30899
-330 -2403 1489 22094 6939 -28649
-927 -2839 1383 24514 6853 -28483
-1480 -3068 1241 30309 7894 -30446
-2291 -3172 1204 32767 9739 -32607
-2772 -3101 1327 32767 14417 -32768
-3430 -2867 1319 32767 19380 -32768
-4016 -2550 1247 32767 21772 -32768
-4313 -2412 1347 32767 23425 -28433
-4709 -2434 1823 32767 22254 -21908
-4898 -2093 1842 32767 16464 -10537
-5320 -1552 1544 32767 11709 -3778
-5966 -1180 1018 32767 4477 1829
-6856 -1005 -88 32767 -1008 3037
-7794 -1653 -1810 32767 -2540 2807
-8831 -2082 -3510 32767 -2945 2437
-10317 -2415 -4446 32767 -1144 5038
-11457 -3379 -4402 32767 7537 16686
-14759 -6025 -4662 19400 16894 27322
-16953 -7528 -5245 -7978 31532 32767
-17334 -8146 -6139 -32768 32767 32767
-16346 -7796 -6477 -32768 32767 32767
-14754 -8401 -6412 -32768 32767 32767
-13566 -10440 -4851 -32768 32767 32767
-12439 -11970 -2410 -32768 32767 32767
-9947 -13395 4421 -32768 32767 32767
-11534 -15299 5418 -32768 32767 32767
-11909 -14349 4219 -32768 32767 32767
-11601 -14911 4192 -32768 32767 32767
-11104 -14097 4747 -32768 32767 32767
-8659 -12826 6323 -32768 24607 32767
-5072 -10902 4866 -27051 18941 32767
-4073 -10378 3702 -18216 22350 32767
-2597 -10005 2128 -7879 26037 32767
-774 -9251 1460 -3139 26299 32767
301 -8667 1052 2825 27224 32767
1100 -7551 740 6435 29746 32767
1273 -6801 835 10239 32767 24047
1491 -5426 1304 11104 32767 17298
1605 -4666 1632 10100 26243 6903
1723 -3422 1822 7932 18372 -2607
1727 -2486 1655 6618 15354 -8078
1575 -1992 1485 5164 13180 -14690
1246 -1411 1353 4298 12059 -17899
850 -1192 1357 2917 10185 -21558
-84 -941 1415 1592 7959 -25494
-609 -794 1501 956 6207 -27612
-979 -559 1607 159 4827 -28862
-1205 -262 1658 -16796 6781 -31260
-3406 580 3225 -16305 8995 -29884
-3595 192 2918 -14578 9148 -28867
-3716 10 2675 -10339 7152 -27435
-3637 -41 2774 -7290 7217 -26604
-3411 117 2757 -2958 10275 -25680
-3271 178 2700 714 14197 -25190
-3150 314 2630 2521 15430 -25136
-3023 338 2368 4782 13397 -24925
-2716 254 2033 6445 8522 -24031
-2297 87 1663 7266 4918 -23194
-2183 100 1304 8334 -391 -22650
-1979 219 911 8737 -4035 -22789
-1632 151 752 7993 -5654 -22731
-1470 104 670 6248 -7286 -22673
-1528 -124 697 4849 -7929 -23022
-1677 -412 720 3149 -8257 -24279
-1861 -605 600 2774 -8475 -26007
-1907 -647 371 4034 -8128 -27284
-1722 -654 201 5601 -7015 -27371
-1476 -587 194 8368 -3832 -25881
-1112 -535 224 11213 481 -22855
-787 -551 307 13845 4260 -19372
-613 -562 375 15382 5149 -17353
-574 -558 408 17324 4366 -15526
-543 -441 425 18820 2967 -15336
-398 -498 505 19625 2509 -15754
-255 -583 595 20473 2918 -16636
-20 -785 798 20819 3763 -17244
89 -942 930 21223 5809 -18224
275 -1285 1241 21778 9293 -19326
338 -1670 1321 22742 11738 -20392
247 -1972 1288 25512 13607 -22811
54 -2441 1357 29051 13568 -25822
21 -2864 1713 31262 13294 -27799
-31 -3006 1912 32767 13142 -30575
-127 -3202 2117 32767 13010 -32424
-282 -3332 2148 32767 11455 -32768
-705 -3319 2299 32767 8704 -32768
-1005 -3296 2562 32767 4388 -32768
-1504 -3608 3155 32767 3026 -32768
-2272 -3879 3269 32767 4143 -32768
-2730 -3750 2974 32767 9031 -32768
-2826 -3486 2398 32767 13833 -32768
-2684 -3042 1936 32767 20894 -32768
-2670 -2849 1688 32767 23490 -32768
-2984 -2628 1476 32767 21849 -26491
-3429 -2700 1385 32767 15860 -18026
-4344 -2997 1092 32767 9081 -12974
-5374 -3170 1023 32767 7150 -11689
-5688 -3175 921 32767 9397 -10204
-5562 -3275 628 32767 11532 -8032
-5450 -3164 375 32767 9723 -3475
-5564 -2864 -66 32767 1641 275
-15049 -12834 -3215 -32768 32767 32767
-14137 -14080 -3854 -32768 32767 32767
-13507 -14769 -1958 -32768 32767 32767
-12903 -15018 -33 -32768 32767 32767
-9839 -17458 4056 -32768 32767 32767
-10715 -16354 5960 -32768 32767 32767
-10750 -17606 7492 -32768 32767 32767
-10199 -16355 7522 -32768 32767 32767
-8275 -15057 8072 -32768 31773 32767
-5491 -13226 7651 -32768 28832 32767
-3241 -12724 6068 -31132 28179 32767
-1704 -12217 5257 -13996 24612 32767
-38 -11572 4854 -6558 19348 32767
1430 -10506 4133 -5141 17863 32767
2173 -9570 3389 -4065 21030 32767
3313 -8188 2274 -2692 24903 29751
3829 -7036 1845 -92 27106 15363
4320 -5476 1671 1101 24922 8201
4367 -4526 1719 1549 17856 325
3898 -3368 1528 998 8717 -6201
3071 -2513 1114 490 3909 -10483
2415 -2082 794 -406 898 -16981
1459 -1602 507 -1640 2436 -23272
560 -1054 426 -2517 4622 -27160
-331 -454 484 -3673 7846 -32254
-854 -127 466 -4069 7365 -32768
-1618 335 320 -3863 4082 -32768
-2287 427 424 -4095 -914 -32768
-3330 209 670 -5340 -1501 -32768
-4173 -20 1125 -6568 1326 -32768
-4413 5 1352 -8139 6417 -32768
-4461 73 1593 -8662 9531 -32768
-4558 -91 1722 -8208 10318 -32768
-4718 -300 1665 -5893 8951 -32768
-5165 -170 1453 -3459 7274 -32768
-5231 41 1527 -8 6346 -32768
-5056 156 1623 1844 5734 -32768
-4744 108 1812 1608 4076 -32768
-4481 -67 1830 732 2796 -32768
-4338 -41 1734 -645 1814 -32768
-3956 -106 1496 -1070 2239 -32768
-3664 -83 1313 -720 3999 -30132
-3336 -41 1091 400 6093 -26014
-3068 -26 1012 1570 8478 -23927
-2963 18 966 2579 9945 -23519
-2763 109 886 3425 9733 -23739
-2401 70 857 3884 8518 -23547
-2162 68 886 4226 4830 -22492
-1287 356 385 13174 4780 -10213
-1373 312 260 14989 4397 -10661
-1482 302 193 17740 3734 -11831
-1689 104 216 20481 3659 -13478
-1791 -121 310 21250 4102 -13968
-1792 -362 434 21663 5160 -13801
-1811 -889 541 21741 6382 -13058
-1881 -1528 603 21883 7304 -12547
-1881 -1989 663 22413 9347 -12112
-1858 -2650 806 23192 12210 -12445
-1638 -3226 988 23740 14128 -12915
-1463 -3632 1144 24382 16434 -14128
-1253 -4268 1453 24632 17463 -15598
-1136 -4559 1580 25125 17962 -19048
-1020 -4757 1612 26587 17196 -24093
-950 -4495 1441 28264 16505 -28117
-865 -4142 1338 31341 16003 -32768
-544 -3760 1431 32767 16341 -32768
-441 -3423 1647 32767 16740 -32768
-486 -2753 1936 32767 15796 -32768
-598 -2362 2174 32125 12986 -32768
-868 -2190 2466 30824 9812 -32768
-1529 -2588 2506 31321 8093 -32768
-2231 -3011 2342 32767 7435 -32768
-3171 -3533 1889 32767 8502 -32768
-3761 -3649 1520 32767 11707 -32552
-4556 -3573 1147 32767 14203 -29459
-4948 -3487 1162 32767 16799 -23438
-15520 -6802 -6488 -14183 32767 32767
-14520 -5894 -6583 -32768 32767 32767
-13001 -6763 -6176 -32768 32767 32767
-11235 -7928 -5016 -32768 32767 32767
-9648 -8443 -3414 -32768 32767 32767
-7017 -7985 3068 -32768 32767 32767
-7947 -8687 3220 -32768 32767 32767
-8438 -8114 4333 -32768 32767 32767
-8475 -8279 4466 -32768 32767 32767
-8775 -8496 4430 -32768 21367 32767
-7777 -8454 5235 -32768 13946 32767
-6146 -7242 5978 -32768 16423 32767
-4228 -6602 4795 -28846 17955 32767
-3302 -6989 3257 -19250 16284 32767
-2113 -7269 888 -7212 19040 32767
-911 -6996 -31 -471 23218 32767
-295 -6746 -176 5982 28414 32767
88 -6475 1 7449 29628 28033
111 -5702 522 5647 27961 20788
235 -5089 711 1430 24319 9491
508 -4148 705 -1268 21135 -258
623 -3478 654 -1684 19764 -5468
735 -2501 846 -1171 18634 -10504
828 -1851 1175 -464 17989 -11916
670 -1534 1341 1001 16418 -13049
289 -1072 1506 2122 15218 -13949
12 -915 1622 3916 12755 -15980
-562 -592 1708 5557 8747 -19005
-1071 -333 1794 6253 6121 -21089
-1346 -64 1821 6623 3387 -23549
-1501 260 1932 5984 2729 -24235
-1428 645 2064 5021 3220 -23521
-1229 948 2157 3152 4832 -21052
-1355 1333 2308 1931 5251 -19583
-1586 1160 2301 976 3969 -18868
-2111 971 2318 793 3173 -19975
-2660 1137 2341 739 2982 -23925
-2880 1234 2452 167 3532 -28698
-3055 1321 2687 -793 3528 -31335
-3213 1057 3062 -3236 3483 -32768
-3262 799 3174 -5891 3751 -32768
-3368 509 3142 -7521 3781 -32768
-3346 370 3026 -7800 3143 -32610
-3193 288 2869 -6864 1545 -30386
-2871 276 2518 -4415 1237 -28036
-2815 294 2357 -1622 2398 -27041
-2629 340 1850 3700 4729 -26339
-2369 372 1472 7239 5436 -26169
-2194 355 1304 11072 4503 -25829
-1896 320 1302 12014 3204 -25488
-1736 357 1351 10670 372 -24951
-1475 335 1376 8453 -2463 -24646
-1368 260 1302 4652 -6911 -24518
-1225 37 1072 2688 -8894 -24654
-1146 -167 851 1811 -8974 -25300
-1139 -409 557 3446 -7247 -26694
-1172 -557 366 5616 -6649 -27872
-1326 -852 306 9411 -6536 -29708
-1294 -1354 461 12654 -5596 -30626
-1208 -1490 573 14013 -3988 -30721
-905 -1540 793 14782 -1182 -30140
-731 -1593 917 14242 1467 -28990
-386 -1543 1011 13725 3108 -27894
-81 -1594 1126 13299 5045 -26215
72 -1804 1189 13948 5445 -24955
134 -2132 1206 15201 3853 -24668
141 -2259 1197 17967 365 -25301
205 -2444 1239 21380 -505 -26713
310 -2662 1196 24071 1172 -27833
277 -2967 1066 29034 5432 -29711
-72 -3425 970 32430 8401 -31476
-363 -3475 1074 32767 11222 -32768
-649 -3356 1316 32767 11466 -32768
-769 -3225 1598 32767 11193 -32768
-847 -3293 1725 32767 11657 -32768
-1076 -3198 1717 32156 12565 -32768
-1243 -3068 1685 30686 13999 -32768
-1449 -3000 1628 30739 15580 -32768
-1661 -3087 1654 31653 16786 -32768
-2075 -3139 1608 32767 18210 -32768
-2345 -2959 1430 32767 18991 -32768
-2521 -2825 1293 32767 20364 -32768
-2732 -2909 1322 32767 22119 -31500
-3097 -2978 1276 32767 22212 -28152
-3311 -3169 1261 32767 20261 -22845
-3732 -3495 1257 32767 17100 -18054
-4155 -3673 1266 21423 5428 6048
-4581 -1566 -716 15798 9603 6739
-5203 -1369 -2064 13662 11440 6802
-5726 -1647 -2879 10473 9048 7477
-6576 -2667 -3830 4304 3700 11524
-8085 -4143 -4679 -2104 2746 16451
-9643 -5745 -4821 -16166 7217 27609
-11845 -8023 -4733 -28940 13076 32767
-12918 -9598 -4111 -32768 26669 32767
-14009 -12077 -3472 -32768 32767 32767
-13934 -13395 -3641 -32768 32767 32767
-12931 -14411 -2672 -32768 32767 32767
-12133 -14755 -107 -32768 32767 32767
-12161 -17284 -1763 -32768 32767 32767
-9694 -16270 8399 -32768 32767 32767
-10942 -15863 6609 -32768 32767 32767
-10480 -16187 6741 -32768 32767 32767
-9624 -15095 8038 -32768 32767 32767
-7288 -13441 8761 -32768 32767 32767
-5110 -12688 7401 -32677 30635 32767
-3511 -12515 6426 -17843 26672 32767
-1612 -12718 5052 -9542 24217 32767
195 -11450 4815 -9479 25576 32767
1334 -10753 4055 -11856 29101 32767
3178 -9375 2916 -12756 30861 32767
4036 -8206 2471 -12786 29821 25825
4789 -6565 2393 -12021 26787 13853
5012 -4847 2223 -10722 22063 7681
4323 -3612 2129 -7609 11123 -1323
3805 -3017 2003 -4160 2348 -9903
2800 -2324 1813 -8953 1602 -32768
-5091 -408 1900 -9595 1291 -32768
-5141 -364 1830 -8754 1334 -32768
-5282 -288 1632 -7276 1218 -32768
-5261 -208 1601 -4932 1279 -32768
-4821 135 1771 -3760 3460 -32768
-4536 31 1796 -3605 5298 -32768
-4351 9 1806 -3746 6691 -32768
-3932 161 1804 -3916 6731 -32768
-3545 97 1656 -3426 5877 -31672
-3167 -63 1326 -1730 5094 -28378
-3010 -56 996 -24 5245 -26895
-2863 -60 817 2649 6347 -25431
-2646 -62 697 4085 7346 -24801
-2480 -99 706 4930 8971 -23951
-2247 -33 748 4161 10447 -23165
-2104 60 801 2948 11027 -22754
-2023 100 819 821 11116 -22366
-1934 152 763 -788 9471 -21963
-1863 163 705 -1345 6739 -21504
-1845 140 632 -1211 353 -20258
-1786 172 632 -759 -3729 -19136
-1765 197 682 265 -7081 -17339
-1685 193 742 1209 -6919 -16138
-1647 210 752 3141 -3716 -14806
-1823 200 604 6057 1410 -14800
-1813 210 627 9530 5921 -15254
-2064 396 327 12355 7185 -16007
-2143 418 263 16550 7545 -16935
-2042 174 418 19802 7388 -16805
-2130 -182 546 22075 6629 -16207
-2202 -649 665 23077 6085 -15712
-2233 -1061 783 23701 6340 -15071
-2218 -1652 943 23626 7307 -14939
-2171 -1950 969 23190 8871 -15121
-2041 -2367 1010 22779 9650 -15667
-1840 -2729 967 22310 10601 -16977
-1676 -2931 899 22273 12169 -18770
-1414 -3154 824 22516 13676 -20176
-1279 -3319 789 23206 16251 -22565
-1051 -3649 783 24237 19085 -25271
-939 -3592 761 24983 20388 -27465
-920 -3328 753 25763 20426 -31339
-886 -2761 874 25778 19192 -32768
-762 -2394 1029 24684 16373 -32768
-492 -2014 1291 23290 14243 -32768
-307 -1850 1435 20727 10921 -32768
-157 -1822 1528 19322 8842 -32768
-322 -2209 1480 19057 7561 -32768
-638 -2553 1402 22005 8705 -31324
-1416 -2868 1151 25974 10140 -31324
-2021 -2825 1042 32767 12810 -32768
-2931 -2664 1265 32767 16893 -32768
-3235 -2661 1437 32767 19802 -32768
-3358 -2679 1572 32767 23545 -32076
-3581 -2583 1667 32767 25318 -28023
-4319 -1896 1746 32767 24019 -12439
-4494 -1773 1614 32767 15964 -5321
-4716 -1568 1196 32767 5314 -447
-5233 -1264 405 32767 1115 1140
-5818 -1419 -187 32767 4335 1599
-6975 -1698 -1316 32767 14118 1929
-7606 -1769 -2423 32767 16498 3693
-8344 -2001 -3498 32767 10141 9511
-9656 -2897 -4985 32767 1109 14847
-11204 -4105 -5466 22117 -3183 23812
-14734 -6026 -5415 6917 5296 30098
-16661 -7356 -4744 -18849 30741 32767
-16697 -8173 -5007 -32768 32767 32767
-14943 -8525 -5331 -32768 32767 32767
-6008 -11952 7154 -32768 25340 32767
-3943 -10587 5527 -29923 18974 32767
-2825 -9774 4187 -19840 17938 32767
-1428 -9320 2734 -8339 20380 32767
-267 -8815 1569 -2277 22754 32767
366 -8317 1074 5538 26933 32767
1092 -7430 793 9655 29609 31441
1392 -6866 992 12917 31750 21502
1528 -5649 1230 13315 29441 14454
1533 -4731 1293 12542 22767 3474
1692 -3622 1297 10936 18477 -5734
1764 -2684 1254 9543 17291 -10271
1672 -2202 1264 7491 15139 -14998
1292 -1547 1172 6539 12544 -17351
747 -1075 1288 5344 8771 -20519
224 -865 1435 3949 6549 -23970
-567 -822 1751 2007 6322 -26791
-1120 -702 2117 -802 6802 -27857
-1307 17 2050 -2444 6088 -27535
-1524 480 2077 -4320 5490 -26797
-1993 759 2206 -5839 6143 -26956
-2396 726 2431 -7395 4931 -27808
-2820 707 2508 -8337 626 -28614
-3089 629 2605 -9572 -6726 -30220
-3465 643 2851 -10489 -7342 -32639
-3692 497 2894 -10638 -3920 -32768
-3605 418 2925 -10246 3616 -32768
-3430 277 2975 -9431 9110 -32768
-3449 184 2991 -8872 10539 -31928
-3391 107 2971 -7753 10499 -29413
-3184 67 2762 -5642 9625 -27013
-3087 175 2448 -3510 8863 -26156
-3065 197 1976 849 7348 -26261
-3025 224 1673 5847 5311 -27436
-2907 291 1309 8909 3657 -28370
-2785 282 1171 12096 1553 -29208
-2450 292 1029 13076 629 -29156
-2212 312 976 12637 -214 -28063
-1733 276 1053 11104 -633 -26742
-1545 193 1094 7665 -1567 -24859
-1425 43 1146 4022 -3408 -24122
-1482 -178 1003 2243 -5679 -24538
-1558 -331 855 1169 -10487 -26308
-1627 -561 641 1835 -15892 -28530
-1432 -849 497 2888 -18447 -29421
-1272 -1027 437 5185 -16597 -30381
-930 -1236 249 8404 -10517 -30148
-650 -1294 258 10872 -4378 -29118
-323 -1296 377 14118 6597 -26650
-56 -1336 436 16108 13399 -24931
75 -1397 490 18719 20865 -22925
218 -1579 733 20628 22643 -21985
162 -1785 994 21536 19621 -22264
98 -1839 1074 22806 10480 -23835
203 -2040 1274 24222 1845 -26065
226 -2472 1216 25774 -1097 -27848
68 -2852 1010 29629 -809 -31426
-475 -3231 726 32767 3777 -32768
-1024 -3196 753 32767 8005 -32768
-1256 -3084 876 32767 13544 -32768
-1508 -3027 1137 32767 15815 -32768
-1631 -2794 1412 32767 16630 -32768
-1529 -2540 1613 32767 15567 -32768
-1442 -2249 1822 29553 14171 -32768
-1595 -2165 1916 25174 11523 -32768
-2112 -2145 1898 23473 10542 -32768
-2451 -2329 1914 32767 17262 -3853
-4875 -3425 1274 32767 17788 -1173
-4930 -3504 1197 32767 19323 2728
-4994 -3521 1034 32767 19879 4812
-5033 -3362 919 32767 16199 6400
-5064 -2143 683 32767 9688 6159
-5019 -1334 343 23589 -6260 4629
-4963 -595 -608 19419 -7639 5085
-5225 -809 -1565 16928 986 7177
-12755 -16533 -272 -32768 32767 32767
-12933 -17023 2172 -32768 32767 32767
-11137 -17450 7947 -32768 32767 32767
-11337 -18201 7653 -32768 32767 32767
-10503 -17579 8190 -32768 32767 32767
-8787 -16080 8791 -32768 32767 32767
-7438 -14527 8953 -32768 22309 32767
-4779 -12879 8491 -32768 26086 32767
-3535 -12521 7527 -18025 30638 32767
-1700 -13046 6099 -9426 23129 32767
133 -12292 5532 -8598 18632 32767
1401 -11663 4608 -9594 21443 32767
3135 -10665 2622 -8964 26649 32767
4028 -9513 2048 -7911 32489 32767
5075 -7883 1887 -7852 31064 21379
4984 -6043 1874 -7772 26239 12533
4733 -5028 1827 -6627 17167 -326
3967 -3689 1553 -5019 10692 -8145
3420 -3101 1473 -2812 4451 -17866
2295 -2365 1488 -1981 3349 -26158
771 -1543 1490 -2242 4276 -31873
-5975 -143 1902 -3676 9705 -32768
-5604 -74 1845 -1854 5518 -32768
-5350 -129 1743 139 1034 -32768
-4978 -299 1594 1007 1261 -32768
-4766 -119 1522 1472 4637 -32768
-4503 -87 1574 436 7366 -32768
-3960 -86 1602 -1415 7359 -31032
-3394 57 1395 -2755 5317 -28311
-3005 149 1167 -3065 4040 -26744
-2859 181 1023 4908 1608 -17811
-1708 473 555 4957 8 -15208
-2049 -253 447 16792 3910 -10451
-2078 -729 474 18259 5138 -10936
-2144 -1270 539 19263 5628 -11278
-2116 -1611 686 20427 6575 -11837
-1977 -2012 868 20959 7290 -12296
-1774 -2288 931 21581 7880 -13117
-1535 -2523 975 22129 8711 -14058
-1262 -2805 1020 22550 10388 -15499
-1112 -3041 1023 22828 11776 -16890
-1051 -3195 1008 23412 13802 -19982
-1041 -3363 868 24576 15218 -24272
-1025 -3444 734 25544 15633 -27526
-1011 -3370 724 26482 15348 -32748
-1021 -2928 827 25870 14132 -32768
-965 -2348 1039 24405 13490 -32768
-793 -2095 1204 21138 13076 -32768
-471 -1979 1381 18808 13012 -32768
-230 -2068 1534 15846 12171 -32768
-242 -2021 1500 14640 8743 -32768
-491 -2141 1456 16093 4387 -32768
-1157 -2399 1151 19010 2522 -32768
-1745 -2583 980 26185 4241 -32768
-2671 -2743 956 32767 11880 -32768
-3238 -2875 1080 32767 18921 -32768
-3727 -2848 1331 32767 29501 -32768
-3688 -2707 1547 32767 32767 -32768
-3733 -2427 1881 32767 32767 -26263
-3936 -2260 2000 32767 27582 -14713
-4446 -2318 1882 32767 18371 -4156
-4904 -2208 1529 32767 15368 1231
-5349 -1875 1182 32767 13895 5930
-15409 -7799 -5613 -32768 32767 32767
-14411 -8039 -5990 -32768 32767 32767
-13281 -9405 -4793 -32768 32767 32767
-12641 -11323 -1513 -32768 32767 32767
-12328 -12445 447 -32768 32767 32767
-10308 -12102 5915 -32768 32767 32767
-10616 -13421 5913 -32768 32767 32767
-10217 -13811 5359 -32768 32767 32767
-9997 -13145 5402 -32768 32767 32767
-8713 -11936 6055 -32768 32767 32767
-7043 -11135 6328 -32768 21736 32767
-4515 -10264 5448 -32768 16178 32767
-3080 -9319 3770 -23365 18151 32767
-2291 -8986 2833 -12109 23683 32767
-848 -8574 1906 -6600 27275 32767
120 -7972 1442 -94 30977 32767
1014 -7106 1129 3298 31317 32767
1334 -6543 1088 6913 28577 28966
1493 -5467 1228 8202 24198 17931
1433 -4340 1270 7749 20739 6443
1429 -3408 1315 6819 19215 -295
1449 -2840 1334 4920 16596 -7836
1333 -2100 1303 3847 14259 -11308
1113 -1690 1229 3033 10937 -15139
634 -1243 1239 2785 9638 -17125
71 -937 1473 2263 8844 -19646
-409 -939 1640 1677 6043 -22000
-1016 -696 1719 1609 3389 -23622
-1175 -437 1798 1701 1638 -25477
-3392 465 2827 -9193 7149 -32768
-3379 264 2729 -9673 5412 -32768
-3348 96 2487 -9360 3966 -30206
-3204 116 2420 -8727 5482 -28313
-3150 89 2358 -7261 10539 -26224
-3212 55 2304 -6208 14151 -25845
-3288 41 2310 -4911 17192 -26537
-3204 -15 2206 -3447 15063 -27590
-3205 -25 1789 -480 8617 -28793
-2915 127 1311 3315 2512 -29377
-2706 176 1171 5565 278 -29117
-2499 204 1056 7945 -986 -27729
-2137 277 1023 8640 -1123 -25234
-1846 260 1089 8369 -1210 -23199
-1546 14 1184 7405 -1016 -20883
-1597 -262 1052 6945 -764 -20652
-1730 -230 863 7230 -1261 -22704
-1869 -360 533 8216 -2312 -25013
-1836 -553 466 10201 -4023 -28466
-1658 -792 382 12392 -5249 -30685
-1418 -921 390 13878 -5177 -30744
-1177 -1049 420 15973 -3564 -29004
-948 -1052 389 17978 -1166 -26296
-750 -904 326 19169 344 -24399
-571 -929 392 20413 2883 -21603
-302 -1043 423 21033 4716 -19999
-168 -1039 406 21887 6697 -18248
83 -1166 509 22495 7693 -17315
239 -1435 774 22572 7176 -17442
163 -1482 868 22583 4551 -19522
186 -1709 1064 22927 2780 -23295
185 -2197 959 23971 2805 -26269
136 -2575 782 27117 4630 -30846
-39 -2959 673 29718 6866 -32768
-92 -2996 734 32767 10693 -32768
-204 -3028 1055 32767 12863 -32768
-322 -3150 1302 32767 14311 -32768
-644 -3319 1584 32767 12787 -32768
-1143 -3070 1893 32767 10846 -32768
-1454 -2978 2135 29661 7693 -32768
-1775 -2997 2399 26833 6377 -32768
-2306 -2978 2470 24782 6197 -32768
-2615 -2961 2350 24594 8572 -32768
-2969 -2865 1948 28596 12967 -32768
-3154 -2625 1687 32743 16983 -32768
-3131 -2536 1621 32767 23802 -32768
-3147 -2451 1614 32767 27434 -32768
-3231 -2493 1611 32767 28776 -24631
-3480 -2553 1419 32767 26493 -17914
-3876 -2613 1302 32767 21059 -9625
-4597 -2721 1203 32767 17621 -4259
-7211 -3364 -3417 18938 14317 6506
-7782 -4438 -4573 16158 17614 11925
-8991 -6617 -5217 11037 17349 19660
-10959 -9067 -4347 -6477 18429 32767
-12198 -10482 -3438 -32768 27822 32767
-12925 -12245 -2361 -32768 32767 32767
-12814 -13401 -2123 -32768 32767 32767
-12850 -15063 -1318 -32768 32767 32767
-12336 -15878 169 -32768 32767 32767
-12121 -16687 -467 -32768 32767 32767
-9624 -16269 8141 -32768 32767 32767
-11111 -16127 6409 -32768 32767 32767
-9966 -17189 6811 -32768 32767 32767
-8681 -15247 7775 -32768 32767 32767
-6141 -13646 8194 -32768 32767 32767
-4286 -12705 7140 -32768 32767 32767
-2952 -12099 6477 -27005 30544 32767
3158 -2764 1131 -5094 7764 -9607
2454 -2017 749 -3900 3631 -14795
1641 -1577 480 -2288 3279 -19705
626 -1379 439 -1391 5486 -23121
-83 -1157 588 -894 10299 -28443
-1067 -741 854 -1316 12390 -32216
-1696 -115 770 -1833 13356 -32768
-2611 396 614 -1781 14857 -32768
-3697 346 644 -1627 15931 -32768
-4694 -28 856 -1805 14791 -32768
-5026 -201 1110 -2899 9533 -32768
-5049 -524 1427 -3909 4998 -32768
-5087 -560 1492 -4633 346 -32768
-5145 -494 1127 -2898 1227 -32768
-5217 -491 1037 -519 4842 -32768
-5501 -495 835 3470 11115 -32768
-5569 -345 943 5412 13135 -32768
-5644 -103 1026 6640 11292 -32768
-5378 -126 1197 5369 6650 -32768
-4801 -63 1413 3421 4427 -32768
-4348 2 1400 353 3160 -32768
-3546 106 1044 -817 3607 -32239
-3411 127 931 -590 5493 -27086
-3161 139 699 598 7102 -24547
-3068 155 607 3128 9826 -22409
-2920 158 545 5710 11293 -21629
-2762 157 568 7016 11021 -21151
-2556 121 659 7897 9185 -19874
-2238 32 849 7648 7436 -18542
-2095 27 851 6543 4154 -16314
-1964 87 809 5237 1317 -14188
-1922 153 740 4196 -330 -12571
-1868 213 633 3600 -1330 -11585
-1949 306 567 3501 -1789 -11280
-1800 337 659 3462 -2166 -10169
-1569 390 586 3692 -2797 -8907
-1474 503 507 4632 -3750 -6566
-1285 605 466 5522 -3568 -4770
-1167 574 453 7465 -2289 -2057
-1209 503 288 10931 -1670 -475
-1462 422 -72 15829 1078 -842
-1629 431 -43 18967 4256 -1897
-1719 274 7 22939 8568 -4054
-1119 -3042 713 24794 11841 -13878
-1078 -3252 730 25460 16973 -16807
-1038 -3352 711 26307 20719 -20981
-1002 -3362 649 26861 21488 -24289
-1045 -3252 595 27411 19262 -29950
-1080 -3086 615 26946 14258 -32768
-1108 -2669 765 24624 8886 -32768
-2050 -2643 170 29458 13280 -32768
-2185 -2673 270 32767 21156 -32768
-2394 -2725 629 32767 26609 -32768
-2562 -2758 808 32767 32017 -32552
-2812 -2739 1112 32767 32767 -29530
-3048 -2738 1250 32767 30744 -24189
-3461 -2839 1416 32767 25369 -18625
-4060 -2960 1418 32767 22996 -15222
-4607 -2973 1420 32767 23293 -10763
-5227 -3306 1484 32767 25489 -7509
-5582 -3214 1346 32767 29397 -1434
-5796 -2863 1286 32767 30921 6859
-6016 -1964 894 32767 27854 13126
-6371 -1731 269 32767 15084 21363
-7695 -1653 -1344 32767 -51 24909
-9828 -2293 -3092 32767 -2041 25748
-8109 -10068 3577 -32768 32767 32767
-8306 -10004 4153 -32768 32767 32767
-9199 -10380 3936 -32768 32767 32767
-9386 -10012 3921 -32768 27126 32767
-8054 -9043 5166 -32768 19038 32767
-6299 -7849 5462 -32768 19059 32767
-4729 -7382 4175 -32768 17568 32767
-3816 -7287 3024 -22611 17155 32767
-2700 -7228 1734 -15424 20333 32767
-1954 -7019 1161 -7186 26510 32767
-893 -6585 825 -2430 29977 32767
-81 -6014 739 -909 30018 32767
201 -5497 786 -346 28123 29056
450 -4627 896 -635 25979 22189
545 -3964 952 -1147 22980 11621
726 -3092 1007 -1316 21224 5545
907 -2540 1077 -1402 18733 -304
1109 -1899 1246 -1496 16363 -2544
1016 -1528 1334 -1445 14932 -3304
628 -1171 1454 -1170 13570 -5198
211 -955 1488 -723 12988 -7580
-354 -687 1560 13 12139 -11871
-678 -426 1748 273 11372 -14324
-720 -365 1937 166 9761 -16514
-1090 -89 1939 195 7538 -17994
-1138 316 1907 341 6663 -18289
-1194 530 1951 263 6470 -18165
-1517 631 2014 -463 7078 -18645
-1907 639 2216 -1277 7438 -19449
-2208 730 2147 -1986 4935 -21389
-2690 926 2212 -2328 2557 -23934
-3000 929 2444 -2713 2763 -25452
-3263 822 2655 -3833 4770 -27212
-3573 564 2859 -5221 7117 -27865
-3683 169 2851 -5872 8093 -27502
-3610 123 2670 -5713 8630 -25598
-3445 353 2463 -4877 9333 -24101
-3354 390 2355 -2642 11869 -22418
-3269 448 2234 -857 13975 -21867
-3201 506 2086 1919 15191 -21650
-3017 508 1794 3711 14202 -21611
-2865 482 1632 6012 9733 -21501
-2822 458 1241 8032 3337 -22011
-2767 501 1026 8865 464 -22744
-1313 -627 156 11478 -11622 -27344
-1036 -745 193 12829 -10309 -26552
-869 -889 273 14797 -6798 -24788
-703 -915 348 16488 -2837 -23046
-494 -913 383 17465 -585 -22000
-310 -951 461 18506 1808 -20870
-138 -1006 584 19124 2981 -20588
0 -1065 740 19343 2825 -20973
60 -1138 855 19401 1263 -22199
209 -1336 1123 19262 -206 -23318
325 -1676 1163 19593 -1823 -25446
281 -2030 1039 21589 -2150 -28253
44 -2554 757 23998 -1414 -30748
-148 -2741 634 28616 1113 -32768
-316 -2984 701 32767 5004 -32768
-353 -3192 972 32767 7724 -32768
-335 -3291 1203 32767 10636 -32768
-425 -3313 1513 32767 11449 -32768
-727 -3263 1987 32767 11649 -32768
-1178 -3242 2295 32767 10808 -32768
-1859 -3367 2743 32767 10041 -32768
-2643 -3659 2971 31836 8719 -32768
-3136 -3706 2816 32517 7480 -32768
-4719 -3922 1198 32767 10999 -3923
-4787 -3951 946 32767 10848 -1956
-5013 -3834 454 32767 12011 -1003
-5186 -3716 57 32767 12879 -356
-5360 -3240 -356 32767 11906 -344
-5208 -2603 -425 32767 8386 302
-4881 -1879 -617 26079 3600 2625
-4862 -1503 -1048 21151 1507 4640
-5432 -1942 -2230 17500 1572 6153
-6255 -2634 -3321 15082 6118 6723
-7373 -4043 -4832 13884 11718 7117
-8113 -4766 -5396 6440 17960 11032
-9217 -6672 -5014 -13096 18549 22488
-11678 -9253 -3798 -31805 19401 32767
-12728 -10488 -3414 -32768 29119 32767
-12836 -12250 -3502 -32768 32767 32767
-12167 -13575 -3189 -32768 32767 32767
-11914 -14268 -2111 -32768 32767 32767
-11800 -14977 781 -32768 32767 32767
-11270 -16810 1054 -32768 32767 32767
-9406 -15279 6698 -32768 32767 32767
-9738 -15318 7106 -32768 32767 32767
-9864 -15407 7189 -32768 32767 32767
-8268 -14072 8402 -32768 28547 32767
-5807 -12433 8542 -32768 20206 32767
-4388 -11480 7772 -32768 20818 32767
-2292 -11199 6222 -23752 21436 32767
-855 -11141 5279 -13141 20277 32767
1016 -10476 4390 -7941 19910 32767
2252 -9387 3650 -6469 21153 32767
2835 -8588 2862 -4391 23136 32767
3692 -7178 2112 -3219 24041 32767
3993 -6229 1817 -2379 23960 24100
4243 -5006 1598 -2573 22479 16010
4252 -4265 1546 -3554 17371 5972
3855 -3102 1262 -4172 11773 144
3487 -2724 1268 -5174 5989 -7597
2762 -2105 1164 -5746 4875 -12320
-4800 -270 2173 -8238 8513 -32768
-4815 -129 2114 -7092 8676 -32768
-4853 163 1988 -4188 8382 -32768
-5000 372 1718 -1758 7567 -32768
-5177 409 1600 1467 5860 -32768
-5257 411 1711 2997 5708 -32768
-5155 266 1744 3078 6143 -32768
-4956 243 1755 2344 7088 -32768
-4394 209 1602 1798 7628 -32768
-3941 143 1373 2029 7321 -28959
-3567 275 908 3016 6249 -25076
-3490 254 609 5217 5157 -21447
-3451 206 549 7282 6144 -20344
-3295 298 523 8103 7850 -20424
-3045 386 536 8136 10129 -20468
-2566 436 601 7328 10700 -19977
-2253 423 622 5342 10433 -18482
-1866 430 620 3895 9710 -17275
-1734 450 543 2252 7094 -15856
-1591 520 382 1720 4504 -15216
-1483 593 336 1532 1064 -14533
-1325 647 336 1664 -591 -14056
-1184 625 467 1838 -1141 -12894
-1036 629 541 2338 -50 -11501
-968 657 548 3081 1092 -10673
-1082 719 412 5155 2423 -10121
-1165 733 334 8393 2843 -10253
-1302 679 288 10880 2879 -10491
-1309 628 286 14626 2227 -10317
-1374 549 221 16991 1192 -9894
-1500 436 210 20012 19 -9194
-1676 81 289 22120 858 -8684
-1917 -222 381 22982 2396 -8715
-2083 -406 399 23739 4123 -9510
-2314 -1147 478 24054 4333 -10859
-2335 -1326 522 24139 3850 -11899
-2355 -1804 663 24195 2644 -13590
-2349 -2284 745 24501 572 -15357
-2193 -2700 864 24659 -188 -16534
-2079 -2845 1060 24255 1885 -18711
-1908 -2919 1132 23840 6074 -21318
-1756 -2955 1055 23938 9003 -23202
-1475 -3024 949 24561 13458 -25953
-1160 -3084 889 25252 15946 -27646
-1055 -3134 747 26878 17628 -30218
-974 -3165 571 28817 16491 -32768
-983 -3091 479 29863 14247 -32768
-1109 -2846 490 30016 10277 -32768
-1305 -2668 862 28628 8575 -32768
-1399 -2450 1110 24543 7611 -32768
-1453 -2004 1323 21173 7375 -32768
-1417 -1832 1394 16304 7103 -32768
-1282 -1712 1457 12891 6231 -32768
-1238 -1749 1347 12060 4799 -32768
-1295 -2005 1151 12546 3567 -32768
-1448 -2185 1018 16044 3821 -32768
-1871 -2392 804 22564 6984 -29745
-2546 -2452 636 28080 10425 -28647
-2858 -2429 582 32767 16983 -27138
-3026 -2429 685 32767 21865 -25311
-3030 -2456 774 32767 27665 -20680
-3182 -2379 812 32767 29932 -14854
-3412 -2210 910 32767 29637 -10779
-3667 -2232 953 32767 26458 -4883
-4018 -2448 932 32767 23188 -920
-11685 -3527 -4242 -841 10312 32767
-13833 -5253 -5203 -22678 22159 32767
-14414 -6140 -6085 -32768 30358 32767
-13764 -6414 -6199 -32768 32767 32767
-12409 -7245 -5668 -32768 32767 32767
-11460 -8361 -4783 -32768 32767 32767
-9873 -10015 -2400 -32768 32767 32767
-8117 -10055 4528 -32768 32767 32767
-8531 -10115 3494 -32768 32767 32767
-8380 -10124 4075 -32768 32767 32767
-9153 -10681 3733 -32768 32767 32767
-9520 -10440 4092 -32768 22686 32767
-8570 -9852 4996 -32768 12791 32767
-6696 -8472 5961 -32768 17910 32767
-5006 -7911 4911 -32768 19275 32767
-4333 -7472 3669 -27075 19502 32767
-2890 -7240 2161 -17882 21909 32767
-1982 -6991 1414 -5796 28173 32767
-1028 -6568 1089 1639 32767 32767
-455 -6202 1122 4012 32585 32767
-136 -5839 1229 4757 29670 32767
239 -4909 1264 4312 28460 27617
565 -4349 1252 3598 28165 16137
872 -3461 1130 3593 27345 9265
1150 -2901 1137 4061 24303 1886
1489 -2234 1313 4138 19491 -1739
1422 -1658 1372 3970 15920 -3258
1206 -1347 1345 3569 12010 -5916
617 -1012 1407 3016 10991 -8394
181 -963 1519 1742 10356 -13252
-609 -651 1598 589 8369 -18890
-931 -528 1810 -124 7034 -21605
-1087 -401 1960 -1161 5874 -23575
-1031 83 2043 -1888 4609 -22736
-1130 478 2110 -2268 3111 -21528
-1399 647 2112 -2610 1248 -20815
-1853 742 2154 -2899 2230 -22495
-2462 871 2263 -3448 3923 -24982
-2813 957 2460 -5443 6301 -29241
-3084 948 2878 -7583 6576 -31302
-3248 718 3022 -10921 4141 -32727
-3519 506 2997 -12908 1983 -32768
-3544 453 2834 -13062 2511 -32347
-3315 351 2670 -11727 6618 -30665
-3280 286 2534 -10108 10436 -29598
-3315 205 2518 -7256 14509 -28428
-3273 29 2377 -3905 13638 -27609
-1934 -355 865 7381 -4606 -26844
-1971 -433 832 6216 -6209 -28438
-1963 -495 733 5491 -8139 -30639
-1748 -631 490 5980 -8991 -31394
-1529 -668 327 8061 -9208 -31058
-1161 -782 152 11175 -7790 -28982
-873 -915 180 13362 -5940 -27059
-716 -975 227 16508 -2180 -23986
-374 -2475 680 30767 5391 -28099
-587 -2656 770 32767 8482 -32768
-629 -2746 917 32767 11112 -32768
-600 -2963 1119 32767 11783 -32768
-591 -3097 1336 32767 10502 -32768
-771 -2957 1667 32767 9266 -32768
-967 -2962 1967 30739 7752 -32768
-1496 -3051 2264 26493 7165 -32768
-1943 -2949 2183 21967 7670 -32768
-2090 -2821 1970 21433 9669 -32768
-2166 -2751 1404 24947 11589 -32768
-2074 -2801 1262 28766 12871 -32768
-1998 -2948 1194 32767 14491 -32768
-2140 -3482 1084 32767 15026 -31976
-2467 -3911 1128 32767 15681 -27081
-3092 -4167 1201 32767 16710 -24521
-3532 -4327 1201 32767 18687 -21756
-3962 -4589 1392 32767 20147 -19314
-4084 -4493 1493 32767 19272 -16029
-3896 -4261 1412 32767 17672 -12957
-3782 -4017 1338 32767 15218 -7739
-3766 -3698 1102 32767 13272 -4339
-3865 -3232 650 32767 11442 -226
-3983 -2913 437 32767 11522 1584
-4186 -2470 154 32767 12035 3300
-4255 -2221 29 31712 11207 3936
-4373 -2011 -28 28597 6076 4110
-12313 -9622 -3376 -32768 32767 32767
-12240 -11513 -2775 -32768 32767 32767
-11759 -12882 -2431 -32768 32767 32767
-11061 -14428 -1506 -32768 32767 32767
-10461 -15227 287 -32768 32767 32767
-11589 -16714 404 -32768 32767 32767
-9247 -15255 3936 -32768 32767 32767
-9092 -15493 4945 -32768 32767 32767
-9400 -14598 5538 -32768 32767 32767
-8425 -13715 6035 -32768 21105 32767
-5906 -12446 5892 -32768 10442 32767
-4306 -11980 4954 -32768 8450 32767
-2417 -11132 3877 -20987 16132 32767
-986 -10649 3428 -13763 20963 32767
-134 -10135 3356 -8785 24398 32767
1272 -8895 3112 -6847 26017 32767
2260 -7331 2451 -5274 26315 32767
2782 -6418 2142 -2608 25259 29032
3276 -5063 1893 -482 21345 17730
3449 -3852 1706 299 16658 11263
3368 -3100 1607 390 9658 2740
2741 -1973 1364 -580 5772 -5002
2156 -1440 1196 -1395 5073 -10501
1525 -964 1041 -2392 5967 -18868
866 -348 912 -3018 9306 -25568
216 151 914 -3226 11419 -29115
-372 408 917 -3202 10728 -32768
-1189 545 1030 -3021 8214 -32768
-2015 569 1212 -2858 4774 -32768
-2771 473 1408 -3295 3979 -32768
-3863 372 1880 -3991 3726 -32768
-4082 123 2093 -5237 1222 -32768
-4194 -70 2155 -5533 -438 -32768
-4405 53 2037 -4222 504 -32768
-4842 171 1774 -2130 3053 -32768
-4964 167 1629 1758 7424 -32768
-4867 136 1555 4865 9812 -32768
-4698 -28 1568 5949 8968 -32768
-4546 -203 1530 6278 5347 -32768
-4168 -183 1387 5901 3286 -30716
-3783 30 1125 5674 3889 -27541
-3586 66 958 5582 6883 -24275
-3336 90 838 5504 9177 -23142
-3157 89 843 4987 11513 -22391
-2854 -23 820 4573 11855 -22215
-2698 -15 685 4547 10763 -22424
-2470 17 581 4903 9722 -22646
-2285 -4 527 5790 7981 -22529
-2004 35 485 6703 6357 -21687
-1813 96 408 7307 5206 -20818
-1758 88 348 8060 3490 -19355
-1716 152 288 8333 2597 -18472
-1683 243 297 8343 2013 -17299
-1562 345 326 8102 1828 -16430
-1694 492 82 20509 5851 -9117
-1826 251 285 20890 5341 -9342
-2041 -275 438 21011 2232 -9938
-2162 -835 498 21227 -1789 -10733
-2431 -1769 604 21884 -3772 -11983
-2537 -2066 594 22723 -3499 -13305
-2533 -2294 631 24197 -218 -15627
-2414 -2439 728 25207 5243 -18090
-2114 -2619 987 25295 9365 -19568
-1836 -2778 1125 24797 14402 -21312
-1482 -2849 1114 24366 16223 -23058
-1300 -2926 1024 24403 15754 -24572
-1205 -3012 894 25110 13241 -27236
-1117 -3092 752 25893 11392 -29314
-1083 -3124 634 27285 9561 -32675
-1052 -3140 531 28295 10196 -32768
-1064 -3020 627 28229 11985 -32768
-1140 -2802 702 26841 14484 -32768
-1080 -2446 900 24930 15288 -32768
-961 -2253 1071 21123 15267 -32768
-795 -1996 1181 17339 12764 -32768
-734 -1874 1150 15528 9618 -32768
-737 -1903 1031 14424 5004 -32768
-957 -2095 903 15014 3409 -32768
-1213 -2205 797 18154 4608 -31261
-1614 -2474 656 23813 10156 -30255
-2072 -2548 556 31101 17276 -30208
-2351 -2499 566 32767 21369 -29871
-2502 -2465 604 32767 24859 -28240
-2687 -2481 744 32767 25267 -26220
-2747 -2499 794 32767 24034 -21754
-2890 -2419 861 32767 22441 -16017
-3096 -2422 902 32767 21387 -11934
-3335 -2413 841 32767 19794 -6395
-3856 -2392 769 32767 18897 -3393
-4061 -2408 705 32767 18402 975
-4359 -2378 507 32767 18548 3965
-4610 -2286 410 32767 19183 8360
-4781 -2131 274 32767 17466 12119
-5158 -1596 -5 32767 13198 13820
-5638 -1161 -380 32767 3338 14991
-6043 -982 -869 32767 -3239 15354
-7299 -1319 -2091 32767 -3790 15773
-8334 -1662 -3196 29851 -2423 18872
-10933 -3124 -4266 17916 1802 27482
-12299 -4117 -4287 5871 8462 32767
-13648 -4784 -4484 -15169 22185 32767
-14554 -5683 -5360 -28061 32767 32767
-14302 -6356 -5642 -32768 32767 32767
-12756 -7627 -4799 -32768 32767 32767
-5711 -9089 4933 -32768 24282 32767
-4283 -8419 3497 -32768 24099 32767
-3144 -8285 2895 -21401 25146 32767
-1968 -7757 2208 -13849 24877 32767
-1365 -7375 1898 -6091 23412 32767
-643 -6752 1516 -1260 24170 32767
148 -6032 1173 943 26113 32032
675 -5509 1078 2980 27179 22583
1020 -4583 976 4177 22904 14266
1262 -3609 1025 4513 19706 9520
1353 -3063 1116 4180 17139 3895
1273 -2428 1238 3532 16298 795
1030 -1873 1336 2454 15282 -3798
830 -1534 1351 1818 14340 -8449
513 -1098 1458 1550 14059 -11298
-2979 562 2438 -7899 346 -26670
-3644 496 2591 -8295 844 -30210
-3872 439 2830 -9374 1341 -32768
-3890 366 2846 -10412 1220 -32768
-3549 84 2694 -10209 3067 -29024
-3368 44 2620 -8430 8693 -24612
-3427 10 2158 -6281 12710 -22756
-3506 -84 1994 -2620 16412 -22153
-3380 -10 1946 307 16925 -23319
-3212 16 1826 2440 14713 -24850
-595 -463 456 21448 8592 -11927
-441 -555 627 21610 8503 -11569
-393 -569 748 21286 7334 -12169
-537 -2337 1146 32767 8015 -29294
-540 -2392 1269 32767 8270 -29481
-584 -2439 1413 32615 8231 -29705
-862 -2704 1737 30447 8140 -30230
-1153 -2931 1981 26506 8412 -32198
-1544 -3069 2019 23714 8640 -32768
-1769 -2971 1729 23410 9045 -32768
-1688 -2936 1580 25215 11103 -32768
-1476 -2911 1398 29163 14144 -32768
-1359 -2999 1269 32605 15621 -32768
-1369 -3450 1170 32767 16609 -31593
-1629 -3840 1204 32767 16200 -29012
-2462 -4281 1277 32767 13996 -27092
-3121 -4730 1318 32767 12853 -26684
-3344 -4782 1346 32767 13192 -26177
-3461 -4703 1347 32767 13972 -25201
-3373 -4496 1280 32767 14238 -22294
-3176 -3968 1133 32767 13003 -18107
-3044 -3470 1053 32767 11439 -15143
-3129 -3131 907 32767 8339 -11501
-3350 -2618 753 32767 6921 -9868
-3576 -2343 628 32767 6519 -8402
-3876 -2021 455 31709 7146 -7660
-3942 -1838 374 30059 8081 -5876
-3970 -1430 146 28397 7302 -2828
-3943 -1246 -55 26636 4710 1100
-4150 -1144 -292 25554 2540 3465
-4296 -1152 -417 23711 138 6095
-4512 -1093 -507 21938 -503 7170
-4661 -934 -626 18444 -156 8114
-4956 -857 -1127 15047 1284 8718
-5183 -972 -1588 12969 2820 9423
-5583 -1577 -2135 10291 4018 10686
-6225 -2033 -3337 6734 4701 13522
-6926 -3799 -3578 -390 1404 18118
-8492 -5617 -5436 -5052 3811 22962
-10158 -7353 -5226 -18364 13287 32767
-12862 -10455 -2738 -32768 29574 32767
-8367 -15897 6570 -32768 32767 32767
-6672 -14858 6882 -32768 32767 32767
-4647 -13778 6294 -32768 29428 32767
-2328 -12771 4974 -20213 20260 32767
-1396 -11796 4509 -11119 19345 32767
270 -11006 4155 -8389 24354 32767
1609 -9723 3442 -7928 27107 32767
2441 -8834 2988 -7489 28968 32767
3499 -7171 2420 -7050 28584 31946
4014 -5615 2093 -6302 25977 18991
4313 -4829 1994 -5190 22072 8633
4015 -3462 1728 -4430 17491 2314
3556 -2721 1779 -4281 11585 -6686
3070 -2077 1691 -4520 7727 -15517
2321 -1320 1415 -4288 6703 -20942
1656 -898 1241 -3183 7225 -28853
624 -422 1053 -1648 8906 -32768
-548 -178 1069 -733 9036 -32768
-1500 -157 1143 -201 6661 -32768
-2912 -234 1385 -857 3182 -32768
-4024 -95 1580 -1714 1676 -32768
-4401 -22 1731 -2984 2448 -32768
-4749 -369 1942 -3486 4971 -32768
-5024 -351 2040 -3302 10241 -32768
-5343 -225 2022 -2439 12334 -32768
-5426 -212 1929 -391 10461 -32768
-5336 82 1858 1424 6546 -32768
-5168 37 1788 2380 5085 -32768
-5186 -156 1748 3519 4788 -32768
-5057 -232 1676 4182 5439 -32768
-4550 -203 1517 5177 6757 -32768
-4187 -226 1409 6153 7830 -29723
-1542 164 288 7558 5473 -15173
-1460 212 258 7876 3716 -14352
-1400 594 -32 13200 703 -9809
-1500 495 -90 15714 2212 -9566
-1716 469 -86 18861 5138 -9494
-1901 348 16 20261 7103 -9345
-2000 190 144 21230 8906 -8799
-2237 -163 347 21164 8515 -8344
-2550 -709 491 20553 5535 -7894
-2690 -1116 532 20014 1872 -7898
-2867 -1395 456 20093 302 -8297
-2898 -1457 414 20727 331 -9359
-2787 -1676 509 21512 2392 -10234
-2487 -1973 709 21855 4347 -10541
-2291 -2064 799 21971 7178 -11014
-1949 -2326 942 21631 9687 -11582
-1532 -2539 1066 21110 12536 -12491
-1190 -2619 1062 20934 14269 -13587
-1054 -2659 986 21371 15902 -16311
-1002 -2707 823 22139 16173 -18929
-992 -2741 739 23803 15341 -23966
-992 -2848 647 25504 13532 -29740
-964 -2886 719 26135 12294 -32768
-959 -2817 864 25703 10995 -32768
-919 -2736 1239 23490 10642 -32768
-907 -2689 1317 21239 10815 -32768
-891 -2177 1469 18652 10642 -32768
-866 -2053 1478 14937 8874 -32768
-831 -1921 1520 12928 7008 -32768
-832 -1989 1511 11719 5330 -32768
-917 -2255 1445 12630 5968 -32768
-1173 -2412 1254 17323 8317 -32768
-1653 -2536 883 25459 11600 -32768
-2122 -2489 804 31831 15111 -32768
-2430 -2482 900 32767 21566 -32047
-4651 -2094 174 32767 6915 8339
-5093 -1908 -326 32767 8430 10026
-6027 -1406 -1620 32767 13102 9556
-7407 -1133 -3024 32767 12884 9050
-8382 -1700 -3610 32767 6844 12242
-10449 -3269 -4049 24096 3786 18659
-12499 -4565 -4212 -73 11036 32767
-15126 -6433 -5048 -23841 28078 32767
-15813 -7010 -6270 -32768 32767 32767
-15298 -7156 -6490 -32768 32767 32767
-13898 -7812 -5938 -32768 32767 32767
-13126 -9146 -4493 -32768 32767 32767
-12127 -11261 -1437 -32768 32767 32767
-2699 -8416 2532 -18542 30457 32767
-1349 -7840 1548 -10174 32767 32767
-756 -7313 1337 -152 32767 32767
-143 -6680 1141 7135 30331 32767
324 -5880 1342 9991 28220 32767
593 -5336 1499 11177 29071 24318
755 -4437 1575 10758 29351 16846
771 -3823 1411 10264 25738 6035
958 -3068 1267 9940 20651 -2211
1169 -2344 1196 9094 16004 -6646
1178 -1793 1078 8381 13123 -8107
969 -1431 998 7373 10276 -10193
573 -1030 973 6763 9865 -11925
-2470 1070 2256 -11858 9885 -26726
-2954 1125 2175 -12687 5702 -26828
-3285 1057 2219 -12574 652 -27142
-3482 1031 2598 -12204 480 -27258
-3520 951 2798 -11327 3330 -27001
-3537 647 2912 -10013 7103 -26098
-3499 493 2912 -8836 9324 -25172
-3487 413 2806 -6303 11636 -23954
-3514 395 2545 -2964 12999 -23595
-3481 381 2262 -554 13574 -23754
-3415 349 2077 2885 13704 -24101
-3270 204 1808 4798 13277 -24149
-3141 115 1686 6877 11752 -23952
-2878 79 1345 8133 8561 -23548
-2657 67 1221 8248 4534 -22689
-2318 79 1076 7652 2234 -21890
-2082 121 999 6029 -296 -20396
-1714 112 856 4927 -1124 -19341
-1477 -19 809 3621 -1202 -17994
-1320 -279 720 3318 -1175 -17647
-1323 -421 543 4201 -2126 -18344
-1326 -494 350 5529 -3595 -19526
-1309 -558 268 8131 -6330 -21870
-1241 -618 192 10885 -8282 -24299
-1026 -629 214 12527 -8336 -25464
-796 -746 266 14687 -6621 -25978
-505 -973 309 16684 -3120 -25552
-415 -927 311 17861 -806 -25286
-330 -942 253 19460 1010 -24928
-193 -995 279 20682 1304 -24264
65 -1130 412 21222 1328 -23669
156 -1348 498 21780 1320 -23107
167 -1594 662 22083 889 -23661
140 -1627 819 22136 498 -24678
302 -1709 1047 21953 891 -26641
386 -1947 1030 22915 2409 -28947
350 -2619 637 26620 4320 -31887
40 -3353 303 30272 5439 -32768
-309 -3593 218 32767 6424 -32768
-618 -3750 345 32767 7370 -32768
-2734 -3375 1139 29685 11602 -32768
-2693 -3364 1117 32767 22115 -32768
-4373 -3356 688 32767 21027 4400
-4414 -3248 603 32767 20632 6926
-4350 -2985 506 32767 17371 8152
-4187 -2424 522 29651 7718 9284
-4102 -1794 564 25234 470 9492
-4129 -1569 295 19402 -4082 9438
-4336 -1519 -650 17534 -122 9563
-4920 -1979 -1534 16890 11908 9324
-5553 -2232 -2069 15207 19986 7600
-6626 -3164 -3323 12679 20044 7109
-7456 -5033 -4430 5078 16108 11955
-8317 -6376 -5142 -7916 16190 24392
-10646 -9050 -4647 -21989 22205 32767
-12602 -10945 -3125 -32768 32767 32767
-14375 -13210 -1793 -32768 32767 32767
-13394 -14554 -2035 -32768 32767 32767
-12755 -15200 -1287 -32768 32767 32767
-12907 -16298 413 -32768 32767 32767
-13058 -17203 1916 -32768 32767 32767
-10739 -18105 7624 -32768 32767 32767
-10931 -19490 7032 -32768 32767 32767
-10386 -19585 5970 -32768 28291 32767
-7314 -17598 5672 -32768 30128 32767
-5234 -16408 5887 -32768 31022 32767
-2940 -15273 5471 -32768 23290 32767
-784 -13685 4367 -29092 17661 32767
-1 -12450 3987 -13025 14432 32767
1085 -11137 3479 -5928 17272 32767
1770 -10185 3157 209 27011 32767
2814 -8097 2482 2415 32297 32767
3034 -7548 2396 4032 32767 28505
3517 -5909 2240 3950 28653 16649
3540 -4442 2030 3297 23196 9807
3342 -3345 1773 1798 15014 1641
3075 -2755 1534 186 9964 -4113
2750 -2270 1311 -706 8741 -7111
2033 -1714 1011 -1561 9020 -11396
1460 -1430 898 -1892 9923 -14520
412 -747 908 -2420 11529 -19753
-78 -360 917 -2794 11975 -25572
-953 19 878 -2731 11695 -29721
-1590 130 913 -2464 11860 -32768
-2574 -55 1064 -2172 11684 -32768
-3261 -147 1151 -1685 9529 -32768
-3966 -74 1412 -1618 8314 -32768
-4260 -107 1676 -1639 9009 -32768
-4508 -94 1787 -1325 10963 -32768
-5106 -3 1654 -210 11105 -32768
-5335 -146 1637 588 10264 -32768
-5492 -311 1577 1451 7769 -32768
-5465 -414 1566 1556 5954 -32768
-5160 -484 1706 843 4575 -32768
-4974 -436 1769 -33 4983 -32768
-4724 -387 1689 -809 6620 -32768
-4221 -266 1420 -550 7758 -32768
-3931 -211 1224 997 8993 -29197
-3655 -187 971 2609 9173 -26983
-3507 -160 836 5254 8374 -25057
-3302 -70 739 7336 7425 -24181
-3118 -26 723 8150 7266 -23711
-2784 57 772 8236 7402 -22664
-2386 181 822 7648 7214 -21613
-2129 201 802 6352 6071 -19570
-1892 245 686 5234 4465 -17673
-1724 260 521 4874 3228 -16659
-1643 265 454 4793 528 -15335
-1574 308 342 5062 -1619 -14772
-1555 432 329 5538 -3254 -14185
-1373 451 527 5482 -2825 -13709
-1379 441 603 5009 -1082 -12861
-1325 437 658 4552 188 -11553
-1224 329 675 4593 431 -10348
-1189 242 595 5802 178 -8413
-1223 215 369 7485 314 -7391
-1281 183 287 10911 1808 -6650
-1468 41 160 14799 4223 -7051
-1754 98 107 17301 5757 -7930
-1915 50 147 20380 7422 -9439
-1996 -367 329 21800 8118 -9994
-2007 -630 461 22884 8457 -10080
-2116 -1014 562 23319 7108 -9777
-2209 -1456 591 23547 5740 -9531
-2261 -1768 603 24096 4491 -9471
-2408 -2030 619 24935 4555 -10450
-2493 -2116 686 25397 5240 -11615
-2356 -2397 890 25630 7119 -13387
-2192 -2619 1037 25197 10431 -15124
-1999 -2658 1120 24606 14047 -17186
-1635 -2527 1160 24175 16044 -18451
-1294 -2575 1197 23610 17661 -19702
-873 -2684 1139 23480 17561 -20716
-648 -2634 974 23692 16944 -21808
-647 -2591 855 24315 15585 -24633
-744 -2447 686 24746 14286 -27342
-1346 -2692 847 19813 1568 -32768
-1964 -2730 707 25949 6666 -32768
-2533 -2754 868 32767 17077 -32768
-2791 -2798 1077 32767 27194 -32768
-3042 -2849 1400 32767 32191 -32768
-3138 -3010 1609 32767 32767 -29680
-3262 -2920 1689 32767 32767 -21545
-3687 -2780 1660 32767 32767 -15989
-4083 -3001 1643 32767 24400 -9072
-4616 -2931 1431 32767 13418 -4617
-4816 -2706 1139 32767 9555 -2352
-4869 -2432 806 32767 10064 1226
-5184 -2186 68 32767 12665 3961
-5640 -2080 -732 32767 15908 7654
-6925 -2095 -2162 32767 13099 10301
-8409 -2597 -3339 32767 8176 13012
-9667 -3507 -3857 30613 3439 22019
-12908 -6077 -4026 17161 6481 31135
-15086 -7871 -4303 -5325 19984 32767
-15230 -7733 -5269 -30424 32767 32767
-14087 -7111 -5636 -32768 32767 32767
-13293 -7526 -5916 -32768 32767 32767
-11584 -9010 -5360 -32768 32767 32767
-10451 -10339 -4086 -32768 32767 32767
-9297 -13005 122 -32768 32767 32767
-11102 -11602 2018 -32768 32767 32767
-11254 -12554 4520 -32768 32767 32767
-11519 -12890 4540 -32768 32767 32767
-11824 -12691 4307 -32768 23787 32767
-9613 -11587 5642 -32768 25947 32767
-7704 -10293 6191 -32768 32767 32767
-5321 -9153 5167 -32768 32043 32767
-3989 -8615 4046 -32768 26812 32767
-2228 -7860 2436 -21539 24219 32767
230 -2182 926 4113 9958 -13404
-140 -1825 907 2635 10877 -15327
-322 -1481 869 1463 13007 -16934
-528 -1061 925 1064 14607 -17528
-1042 -759 1188 736 14834 -18056
-1391 -654 1450 -184 13066 -19058
-1726 -66 1700 -755 8392 -19561
-1678 179 1808 -716 5977 -19271
-1586 512 1858 -362 5853 -18146
-1547 1052 2026 -375 8475 -17207
-1694 1137 2178 -777 9635 -17103
-2042 1054 2263 -1237 7844 -17962
-2504 1160 2231 -1249 4734 -19286
-2801 336 1876 2109 5181 -22671
-2591 313 1703 3160 3718 -22945
-2236 404 1443 4095 3141 -23272
-2042 398 1245 5740 2365 -24131
-1878 419 1072 6821 2013 -25144
-1786 359 893 8156 105 -26931
-1562 225 775 8787 -2683 -28317
-1181 -1637 478 13450 -6918 -32768
-1018 -1735 521 16297 -1452 -32768
-855 -1774 613 17996 2285 -31567
-734 -1755 672 20093 6741 -29291
-601 -1778 717 21594 9464 -27052
-409 -1888 821 22136 10837 -25749
-320 -1973 955 22134 11863 -24383
-238 -1988 1165 21713 11389 -24028
-134 -2031 1291 20996 9480 -24026
-54 -2406 1238 21489 6482 -24876
-191 -2833 1029 22696 4117 -26134
-418 -3016 891 25538 1178 -29346
-634 -3361 810 28739 1431 -32768
-550 -3778 925 30738 4373 -32768
-543 -3820 968 32767 11562 -32768
-577 -3576 1005 32767 17948 -32768
-690 -3328 1376 32767 21037 -32768
-889 -3223 1678 32767 22351 -32768
-1456 -3062 2113 32767 18391 -32768
-2156 -2966 2294 32767 13946 -32768
-2573 -3003 2374 32767 8307 -32768
-3107 -2953 2279 32767 7221 -32768
-3229 -2883 2005 32767 10127 -32768
-3136 -2938 1880 32767 20256 -32768
-3140 -3333 1789 32767 29066 -30591
-3194 -3542 1720 32767 32767 -19164
-4063 -3554 1404 32767 32627 -9617
-4466 -3976 1182 32767 25188 -4638
-4586 -4252 1121 32767 13331 180
-5094 -4070 995 32767 4574 1217
-5093 -4069 941 32767 2916 1148
-5185 -4071 616 32767 5358 455
-5524 -3707 -282 32767 7892 -445
-5777 -3259 -1073 32767 11538 -2211
-6270 -2664 -2301 31128 13672 -3119
-6669 -2808 -3041 23976 13842 -2152
-7422 -3402 -4635 18260 11086 1558
-7895 -4045 -5528 7456 7592 13475
-9434 -5728 -6129 -2400 5497 24043
-10771 -7106 -5886 -22569 6414 32767
-9962 -16278 8737 -32768 25021 32767
-7150 -14507 8126 -32768 8279 32767
-5426 -13843 7045 -32768 17659 32767
4204 -4183 1565 -1616 17962 -7086
3854 -3335 1427 -2171 11690 -15627
3108 -2315 1235 -2313 8278 -20155
2542 -1832 1143 -2170 5040 -25354
1369 -1343 1056 -1729 4017 -28613
-216 -866 1110 -1058 5369 -32768
-1135 -721 1169 -1190 6920 -32768
-2443 -3 1224 -1977 5456 -32768
-3136 215 1300 -4020 1835 -32768
-3876 240 1413 -5558 610 -32768
-4310 155 1504 -7246 2253 -32768
-4741 -389 1727 -7657 3943 -32768
-5034 -633 1713 -6807 2909 -32768
-5383 -561 1589 -4338 1006 -32768
-5626 -381 1444 -2099 1858 -32768
-5799 -355 1335 1305 4706 -32768
-5593 -465 1462 2918 6087 -32768
-5338 -584 1490 3957 6161 -32768
-5042 -557 1433 4026 6232 -32768
-4870 -452 1352 3583 7655 -32768
-4456 -398 1233 3158 8952 -32768
-4069 -276 1110 2750 9692 -31659
-3527 -151 923 2574 8882 -28361
-3126 32 884 2417 8379 -26620
-2920 62 852 2359 7853 -24866
-2759 65 788 2573 7783 -24368
-2611 125 785 3149 8533 -24132
-2387 200 684 3711 8895 -24121
-2255 269 643 4662 8777 -24069
-2035 317 646 5496 7818 -23740
-1837 336 626 5885 6353 -23288
-1747 352 590 6376 2665 -22115
-1332 221 338 16203 3488 -12069
-1326 45 321 18339 4075 -11588
-1427 -161 362 21381 5949 -11419
-1599 -432 396 23169 7290 -11726
-1710 -646 424 25357 7922 -12595
-1854 -1177 527 26410 7492 -13341
-2006 -1536 633 27174 6456 -14785
-2233 -2146 876 26761 6231 -16601
-2351 -2549 1071 25500 6586 -18453
-2391 -2914 1245 24332 6864 -19536
-2275 -3173 1335 22502 7644 -20430
-2025 -3334 1420 21387 8852 -20600
-1846 -3444 1392 20260 11304 -20426
-1645 -3593 1272 20046 12611 -20288
-1530 -3665 1177 20213 13484 -20300
-1300 -3780 1133 20523 14112 -20545
-1111 -3740 1120 20679 14729 -21036
-1035 -3549 1060 20810 15978 -22492
-895 -3190 1052 20538 17782 -24680
-797 -2601 1078 20031 18763 -26565
-776 -2079 1017 19227 18435 -29664
-567 -1768 1031 18660 17548 -31161
-212 -1864 1025 17998 15002 -31482
-123 -1777 1043 17402 10804 -30139
-2602 -2537 1145 32767 25244 -18862
-2871 -2682 1187 32767 23067 -13897
-3535 -2887 1118 32767 19990 -10929
-3931 -3070 1090 32767 14454 -6997
-4384 -3242 1065 32767 10946 -4401
-4861 -3083 987 32767 7574 -645
-4943 -3030 959 32767 7255 4386
-5009 -2984 360 32767 7418 8443
-5565 -2974 -270 32767 7411 12722
-6511 -2854 -1609 32767 5807 14386
-7164 -2714 -2735 32767 2776 14857
