0 0 0 0 0 0
-3454 -3310 1211 32767 2194 -30438
-3656 -2968 1108 32767 6807 -24195
-4141 -2421 884 32767 7983 -19575
-4687 -1828 563 32767 5917 -17590
-4985 -1506 373 32767 -386 -15853
-5644 -811 -215 32767 -4972 -15869
-6137 -69 -736 32767 -10711 -17115
-6388 -202 -1408 32767 -13288 -16878
-6578 -717 -2156 32767 -14656 -13942
-7082 -1640 -3707 32767 -11089 -8977
-7804 -2811 -5141 32767 -5939 -5146
-8383 -3679 -6088 32767 546 1249
-9737 -5870 -7270 30770 2274 5663
-10949 -7258 -7695 10003 5459 13723
-13488 -8764 -7607 -20345 19228 25582
-15709 -10513 -5457 -32768 32767 32767
-16233 -12516 -4898 -32768 32767 32767
-15577 -14921 -5322 -32768 32767 32767
-15456 -16635 -2903 -32768 32767 32767
-15899 -17612 -371 -32768 32767 32767
-16489 -19257 3057 -32768 32767 32767
-14760 -20746 8712 -32768 32767 32767
-16072 -21247 7470 -32768 32767 32767
-16252 -22045 7186 -32768 32767 32767
-15421 -21379 8743 -32768 32767 32767
-12488 -19144 10263 -32768 31652 32767
-10146 -17217 10220 -32768 25476 32767
-6714 -15031 8638 -22953 32767 32767
-3624 -13776 6943 -13344 32767 32767
-1966 -12982 6302 -4406 32767 32767
366 -11614 5261 878 32767 32767
1759 -10785 4609 10233 30861 32767
3595 -9603 4458 14857 21956 32767
4195 -8460 4022 14135 16250 23604
4089 -6867 3701 8920 13660 -52
3994 -6017 2977 4692 10733 -22931
3845 -4744 1819 3898 9414 -32768
3520 -4043 1337 5202 7612 -32768
1602 -3385 1148 6593 3321 -32768
143 -3146 1215 6998 -860 -32768
-1588 -2668 1196 6673 -6754 -32768
-2534 -2128 1299 5868 -7761 -32768
-2954 -1758 1346 4587 -4151 -32768
-3346 -1223 1318 4320 121 -32768
-3614 -904 1262 5343 5198 -32768
-4101 -444 1213 7339 5257 -32768
-4313 -282 1195 8594 2473 -32768
-4535 -13 1216 9853 -1889 -32768
-4549 -22 1106 10427 -2827 -32768
-4514 -29 1023 11411 -618 -32768
-4574 199 843 12690 3941 -32768
-4333 432 861 13398 7026 -32768
-4177 608 878 13940 9319 -32168
-4025 611 895 13900 8364 -31267
-3924 528 943 13220 3839 -29815
-3682 598 1076 12222 125 -28621
-3395 389 870 12331 -4096 -27717
-3444 194 651 13785 -8645 -26811
-2847 367 938 14735 -8195 -25699
-2669 274 1001 16260 -6952 -23521
-2421 157 839 17595 -6481 -22176
-2049 202 1038 19301 -4712 -20618
-1928 98 1061 20702 -3257 -19934
-1840 -65 1149 21526 -2490 -20311
-1909 -196 1159 22605 -2760 -22315
-2073 -551 1292 23205 -4901 -25528
-2117 -878 1383 23396 -7089 -27668
-1895 -1055 1318 23702 -10047 -30008
-1682 -1121 1271 24312 -10396 -31255
-1517 -1339 1073 26025 -8272 -31275
-1288 -1616 873 27886 -5730 -30647
-1181 -1815 809 31473 -911 -29193
-1195 -2199 799 32767 2004 -28252
-1268 -2496 814 32767 3545 -27225
-1376 -2760 980 32767 2854 -26985
-1593 -3081 1148 32767 417 -27897
-1821 -3438 1251 32767 -2560 -29956
-1863 -3458 1230 32767 -3689 -31651
-1923 -3477 1190 32767 -3756 -32768
-1968 -3717 1155 32767 -1667 -32768
-2070 -3842 1034 32767 233 -32768
-2171 -3812 967 32767 2436 -32768
-2229 -3748 950 32767 3244 -32768
-2288 -3656 932 32767 3353 -32768
-2486 -3453 875 32767 2376 -32768
-2568 -3298 805 32767 1442 -32768
-2604 -3245 766 32767 523 -31359
-2685 -3174 670 32767 410 -29893
-2712 -3054 563 32767 569 -27449
-2721 -2909 429 32767 512 -24942
-2765 -2708 254 32767 -89 -23408
-2831 -2517 200 32767 -1377 -21692
-2937 -2167 33 32527 -1650 -20441
-2951 -1934 38 31369 -486 -19546
-2905 -1595 94 30010 817 -18395
-2872 -1196 120 27692 1983 -16182
-2862 -967 109 25493 1683 -13514
-2949 -728 66 24261 511 -11688
-3104 -551 -14 23113 -1114 -9229
-3297 -413 -91 22926 -241 -7005
-3378 -297 -90 23144 1916 -5447
-3422 -224 -106 23789 6155 -2811
-3487 -114 -127 24242 9038 -819
-3439 -21 -160 24887 12258 2763
-3455 -33 -309 25820 12736 6315
-3679 36 -553 26524 11258 7970
-3883 249 -579 26265 3907 8459
-4027 192 -106 22345 -5443 7043
-3981 357 55 18227 -7792 5911
-4113 541 -369 12799 -3463 4583
-4696 342 -1538 10574 5313 3546
-5001 278 -2375 10531 9623 2927
-5551 -661 -3469 10371 10854 3752
-6373 -2610 -4790 9240 8093 6138
-7259 -4292 -5650 3786 2927 12298
-9195 -6922 -6550 -4159 1314 18072
-11072 -8789 -6419 -26394 6689 30720
-14805 -12022 -3708 -32768 32767 32767
-16934 -14925 -2492 -32768 32767 32767
-16101 -16437 -3262 -32768 32767 32767
-15073 -17610 -2185 -32768 32767 32767
-15842 -18512 1561 -32768 32767 32767
-17232 -20039 3356 -32768 32767 32767
-16466 -22453 9511 -32768 32767 32767
-16220 -23664 7059 -32768 18636 32767
-14913 -24799 6576 -32768 18526 32767
-11292 -23070 7366 -32768 29574 32767
-6850 -20090 8524 -32768 27850 32767
-4730 -18735 7621 -32768 18655 32767
-1718 -16057 6368 -32768 19524 32767
-167 -13725 5775 -21001 32375 32767
1373 -11887 4747 -6401 32767 32767
2528 -9823 4301 504 32767 32767
2871 -8607 4198 7273 32767 32767
2819 -7094 3891 10151 32767 27080
2620 -6066 3661 12420 26878 15387
2369 -4711 3450 12112 25236 3701
2145 -3551 3331 10859 25544 -3182
1908 -2847 3133 8760 23605 -11650
1431 -2053 2790 7402 17543 -17833
792 -1434 2377 6973 12059 -20734
388 -1096 2170 6380 4317 -22997
-303 -943 1908 5940 226 -23569
-1225 -691 1719 5047 -4298 -25023
-1690 -450 1693 3150 -4716 -27344
-2145 -115 1688 632 -1238 -29527
-2397 205 1678 -778 2284 -30497
-2569 271 1603 -1489 5938 -31166
-2910 371 1357 -227 5118 -30953
-3036 412 1197 1344 2026 -30027
-3188 341 1106 4003 -4403 -27883
-3379 85 1020 5620 -7487 -26293
-3581 162 872 7670 -7438 -24200
-3558 320 834 9011 -2782 -22133
-3362 451 832 9462 1634 -20441
-3227 466 804 9712 7317 -17709
-3040 533 868 9465 10277 -15346
-2878 526 982 9152 10237 -14211
-2753 439 1014 8885 7065 -13131
-2680 440 978 8916 4135 -13206
-2665 482 914 9585 -3089 -14172
-2456 295 877 10579 -7470 -15522
-2104 497 1077 11148 -7231 -16368
-1924 504 999 12648 -4413 -17356
-1569 379 926 14056 -2063 -17632
-1371 364 910 16446 846 -17567
-1121 302 921 18847 1557 -17173
-1019 114 1004 20259 720 -17079
-1051 -29 1071 21996 -1796 -17668
-1213 -463 1034 23245 -7337 -19001
-1303 -674 1297 23462 -10653 -20383
-1309 -739 1304 23395 -15012 -22673
-1261 -1137 1196 23382 -16794 -24237
-1175 -1352 1106 23826 -16843 -26194
-961 -1563 983 25085 -13512 -27818
-831 -1798 837 27271 -9004 -29337
-1060 -2110 792 29047 -6700 -30544
-1526 -2547 957 31433 -5397 -32768
-1847 -2890 1113 32647 -7261 -32768
-2146 -3124 1276 32567 -11063 -32768
-2127 -3094 1192 32064 -13647 -32768
-2024 -3081 1142 31085 -15254 -32768
-2067 -3119 998 30585 -12683 -32768
-2401 -3477 981 30723 -8668 -32768
-2630 -3748 1063 31504 -1991 -32768
-2605 -3820 971 32438 395 -32768
-3098 -3693 778 32767 -783 -32768
-3009 -3695 857 32767 -2069 -32768
-2959 -3690 948 32767 -1250 -32768
-3103 -3580 686 32767 1959 -32768
-3077 -3467 697 32767 8082 -32768
-2899 -3467 745 32767 13738 -32768
-2941 -3347 624 32767 15816 -31929
-2951 -3004 519 32767 16035 -27401
-3006 -2737 400 32767 14368 -24979
-3014 -2469 368 32767 9636 -22239
-3033 -1985 385 32767 5737 -20820
-3068 -1744 495 32767 974 -19125
-3226 -1470 608 32273 -270 -18187
-3409 -1198 678 29206 1771 -16844
-3494 -1094 639 27248 6150 -14789
-3595 -876 554 26761 8639 -12968
-3624 -725 561 26962 10030 -9639
-3681 -471 496 28129 7995 -5747
-3684 -280 384 29433 6127 -2886
-3731 -287 301 32346 5507 1116
-3871 -185 -25 32767 6670 3284
-4002 -57 -257 32767 7549 5297
-4113 132 -141 32767 1685 5748
-4092 178 246 32767 -4475 5246
-4369 255 -246 27934 -9935 3171
-5149 -476 -2114 25769 -7565 1455
-5887 -1289 -3724 26053 2776 247
-7277 -3578 -5905 25954 7066 1675
-8768 -6016 -6849 17460 4119 9793
-10213 -7448 -6814 -6171 3334 25976
-13402 -9713 -5776 -29030 17156 32767
-16927 -12510 -3908 -32768 32767 32767
-16850 -14476 -3748 -32768 32767 32767
-14962 -16333 -3610 -32768 32767 32767
-14384 -17530 -2064 -32768 32767 32767
-15678 -19115 1559 -32768 32767 32767
-16598 -19448 7671 -32768 32767 32767
-16303 -21559 8695 -32768 32767 32767
-15840 -22249 6777 -32768 32767 32767
-13656 -22052 6669 -32768 32767 32767
-11825 -20380 7576 -32768 26022 32767
-7941 -17336 8413 -32768 24308 32767
-5436 -16039 7845 -32768 26475 32767
-2838 -13955 6747 -32657 30275 32767
-1169 -11603 6130 -22884 32198 32767
-288 -10738 5449 -11533 31782 32767
898 -9188 4376 -2043 31909 32767
1991 -7833 3565 3337 31208 32767
2745 -6296 3129 9496 27568 23892
2947 -5484 2977 12329 21819 15548
2806 -4386 2973 10687 17473 5648
2309 -3519 2691 8476 16219 -2277
1945 -2851 2323 5973 16135 -14623
1609 -2042 1877 5136 15712 -23944
1198 -1361 1621 5240 13974 -27817
838 -1046 1492 5900 8586 -30660
122 -874 1381 6482 4203 -31267
-563 -990 1326 6833 -1507 -31815
-1517 -987 1282 5657 -3825 -32768
-2352 -615 1378 3848 -3004 -32768
-2709 -336 1422 704 1161 -32768
-2916 6 1300 -841 4222 -32768
-3013 113 1239 -1836 6113 -32768
-3128 164 1122 -1427 2506 -32768
-3163 144 975 -490 -2172 -31917
-3217 -17 887 1661 -8647 -29011
-3357 -157 959 3169 -10202 -27668
-3441 -131 1012 5032 -7107 -26693
-3508 84 1109 6015 199 -26406
-3413 120 1250 6213 5025 -26236
-3379 162 1362 6062 9292 -26096
-3367 260 1251 6537 8334 -26027
-3199 252 1144 7346 5180 -25612
-3076 162 1028 9054 -1955 -24246
-2762 70 1062 10274 -6196 -22966
-2571 11 1044 12308 -9115 -20943
-2380 40 990 14500 -7137 -19484
-2205 99 915 16069 -4075 -18913
-2074 141 865 18421 1029 -18597
-1956 158 982 19981 4916 -18847
-1944 74 1094 20630 5987 -19432
-1977 -34 1179 21098 4666 -20916
-1908 -315 1196 21485 52 -22487
-1793 -530 1058 21910 -3830 -23405
-1622 -603 1042 22604 -7995 -24325
-1384 -780 1026 23188 -8740 -24534
-1246 -939 871 24739 -7251 -24607
-1191 -990 750 27036 -4532 -24548
-1162 -1203 740 28619 -3227 -24569
-1232 -1456 759 30827 -2563 -25065
-1386 -1833 841 32444 -3162 -26271
-1683 -2073 993 32767 -4812 -28390
-1847 -2320 998 32767 -6357 -29864
-1836 -2333 942 32767 -7609 -31571
-1810 -2285 889 32767 -7299 -32343
-1826 -2395 816 32767 -5650 -32768
-2020 -2717 872 32767 -2413 -32768
-2351 -2983 888 32767 1448 -32768
-2443 -3034 826 32767 4143 -32768
-2492 -2980 821 32767 8059 -32768
-2470 -2875 777 32767 9486 -32768
-2377 -2835 787 32767 9033 -32768
-2231 -2821 780 32767 6120 -31781
-2192 -2794 768 32767 3838 -30118
-2242 -2850 766 32767 1234 -27726
-2393 -2829 756 32767 763 -26477
-2489 -1549 501 26561 1699 -14063
-2604 -1410 465 26004 2272 -12593
-2641 -1322 453 25333 1825 -10465
-2727 -1085 454 24662 660 -8524
-2797 -799 524 24117 220 -7325
-2880 -614 549 23450 380 -5740
-2942 -463 554 23233 797 -4576
-2951 -438 539 23370 1622 -2581
-3007 -336 444 23877 2425 -1138
-3029 -301 361 25297 5144 1164
-3031 -247 332 26455 8158 2818
-3047 -147 252 28542 11917 5126
-3175 -189 149 29793 12489 6315
-3251 -105 29 30396 6727 7167
-3487 99 276 28731 -1569 6649
-3396 -40 671 22752 -11838 5539
-3310 -133 484 18395 -13324 5232
-3412 -155 14 13899 -5722 5002
-3798 -63 -1015 12424 4692 4055
-4387 -533 -2085 12577 8727 3099
-4873 -1375 -2971 13394 8839 2917
-6028 -3889 -4411 12644 3310 5676
-7797 -6612 -5670 5350 -894 13376
-10920 -9294 -5389 -7327 3470 21911
-14231 -11251 -3484 -32768 31765 32767
-15418 -13113 -3103 -32768 32767 32767
-14523 -14328 -3790 -32768 32767 32767
-13509 -16154 -3401 -32768 32767 32767
-14014 -18136 -837 -32768 32767 32767
-15025 -19062 2086 -32768 32767 32767
-14872 -19393 8645 -32768 32767 32767
-17000 -21444 8426 -32768 32767 32767
-16637 -21760 6451 -32768 32767 32767
-14720 -20002 7119 -32768 28365 32767
-12356 -17461 8141 -32768 30372 32767
-9630 -16029 9020 -32768 32767 32767
-5962 -14225 9084 -32768 32767 32767
-2841 -11917 7998 -32768 19983 32767
-1172 -10713 6823 -31722 17982 32767
566 -9240 4864 -17136 21637 32767
1782 -8151 3350 -8312 21903 31649
2458 -7427 3053 909 17674 15356
2749 -6271 2554 6620 13605 3882
2554 -5131 1948 9129 12462 -1585
2233 -4552 1821 10221 12502 -8061
1667 -3650 1902 9316 13190 -12130
1133 -3120 1823 7348 13567 -18782
421 -2449 1654 6356 13799 -25177
-310 -1834 1506 6479 13105 -29105
-608 -1403 1444 7470 9785 -32768
-845 -839 1358 8709 5524 -32768
-1092 -679 1350 9184 3790 -32768
-1557 -506 1385 9301 2606 -32768
-2176 -180 1230 9199 1083 -32768
-2427 -69 1140 8799 -1202 -32768
-2744 131 1207 8026 -1766 -32768
-2907 139 1236 6590 -1919 -32768
-3152 221 1054 5872 -3126 -32768
-3458 287 840 5896 -4217 -32768
-3502 285 802 6184 -5427 -32768
-3558 181 753 6337 -5881 -32768
-3578 123 711 6587 -4714 -30591
-3566 95 793 6642 -83 -27720
-3493 79 870 6757 3666 -25677
-3468 160 871 7450 7370 -22998
-3367 134 931 8151 7324 -21485
-3301 132 845 9559 2612 -19864
-3210 186 808 11135 -3103 -19010
-2794 53 1035 11868 -5816 -18362
-2629 11 1041 12962 -7952 -17657
-2325 -74 1111 13919 -8002 -17150
-1974 -33 1268 14471 -7626 -16895
-1870 -1 1195 15805 -6944 -17221
-1623 -128 1046 17968 -6848 -18170
-1396 -214 986 19641 -6840 -19123
-1512 -201 1032 22163 -6621 -21621
-1556 -657 1049 23691 -7716 -23810
-1767 -887 1145 25512 -9609 -28091
-1816 -1093 1261 26696 -10381 -32209
-1610 -1281 1169 27448 -9943 -32768
-1371 -1338 983 29012 -7604 -32768
-1070 -1381 913 31399 -4164 -32768
-1072 -1691 628 32767 -251 -32768
-1218 -2062 643 32767 1506 -32768
-1421 -2314 654 32767 780 -32726
-1608 -2677 748 32767 -1896 -31806
-1711 -2875 863 32767 -3391 -31384
-1875 -2962 918 32767 -3494 -31612
-2138 -3142 886 32767 -3644 -32768
-2486 -3374 888 32767 -4325 -32768
-2597 -3588 868 32767 -4639 -32768
-2613 -3627 826 32767 -3824 -32768
-2715 -3435 784 32767 -1219 -32768
-2714 -3362 812 32767 1109 -32768
-2677 -3313 765 32767 4876 -32768
-2668 -3194 745 32767 8506 -32768
-2681 -3111 642 32767 9533 -32768
-2619 -3104 564 32767 8439 -31982
-2600 -2998 557 32767 5852 -28651
-2559 -2767 583 32767 4114 -26475
-2630 -2582 648 32767 2444 -23625
-2738 -2522 691 32752 2392 -21556
-2883 -2250 701 31665 2838 -20570
-2972 -2031 630 30051 2822 -19311
-2993 -1581 564 28938 2469 -18440
-3067 -1207 511 27353 1065 -17001
-3205 -803 426 26479 -566 -15709
-3329 -690 425 25608 -2602 -12985
-3425 -703 420 25457 -1593 -9508
-3565 -589 316 26089 3550 -5846
-3663 -344 192 26908 7804 -3556
-3858 -115 -54 28584 13010 -437
-3907 -127 -173 29874 14834 1509
-3967 25 -456 31944 12549 4116
-4245 560 -640 31973 2773 4877
-4389 1042 -513 29813 -4776 4100
-4636 1041 -585 25310 -9297 1965
-5188 596 -1895 23669 -6424 552
-5532 -5 -3111 23878 1045 110
-6108 -988 -4389 24129 3045 1879
-6858 -3511 -5900 20396 -1681 8963
-8842 -6483 -6732 12575 -7380 15813
-10818 -8350 -6606 -10256 -2678 29458
-14393 -10672 -4665 -32768 19768 32767
-16266 -12079 -3563 -32768 32767 32767
-15066 -15480 -4083 -32768 32767 32767
-14001 -16523 -3971 -32768 32767 32767
-14011 -17825 -1418 -32768 32767 32767
-14694 -18250 1089 -32768 32767 32767
-14441 -17592 5902 -32768 32767 32767
-14512 -20149 9116 -32768 32767 32767
-14505 -20108 7195 -32768 32767 32767
-13001 -20554 6671 -32768 23685 32767
-10466 -18264 8482 -32768 19755 32767
-7830 -16855 8918 -32768 19308 32767
-4644 -15098 7857 -32768 19527 32767
-1617 -13007 6513 -32768 22345 32767
-78 -11427 5543 -30129 32634 32767
1226 -9672 4493 -17628 32767 32767
1588 -8815 4016 -9831 32767 32767
2141 -7427 3689 612 27585 32767
2314 -6127 3566 5848 25100 27986
2138 -5419 3446 10364 25810 16601
2058 -4054 3258 11469 26180 8814
2193 -3250 3095 11357 24691 -709
2140 -2341 2764 10320 18618 -7743
1781 -1664 2441 9388 13326 -11595
1315 -1246 2184 7845 7004 -16287
881 -1055 2049 6405 5221 -20359
88 -837 1837 5500 5814 -23229
-630 -478 1752 4008 7823 -29037
-1166 -296 1665 3525 7061 -31175
-1734 -127 1534 3160 3488 -32768
-2024 -76 1499 2763 -854 -32768
-2444 -8 1364 2594 -4308 -32768
-2640 175 1246 2622 -4817 -32768
-2926 129 1246 3032 -2770 -30608
-3390 -331 1312 3743 -1668 -29178
-3616 -219 1165 5871 -2051 -27516
-3537 29 1061 8637 -1728 -25674
-3299 184 1013 10380 -701 -24268
-3201 321 1050 12161 1818 -22427
-3125 220 1184 12708 3164 -21349
-3079 -65 1145 13128 3253 -20208
-3023 -21 1140 13269 2662 -20020
-2947 59 1085 13515 1708 -20448
-2757 45 1027 13663 922 -20999
-2451 44 1086 13631 -104 -21141
-2254 26 1057 13781 -3682 -21133
-2002 75 983 14137 -6764 -21146
-1839 42 929 15255 -10751 -21349
-1612 -99 952 16928 -12364 -21805
-1433 -392 1012 18136 -11741 -22347
-1391 -427 1023 20113 -9212 -23898
-1431 -381 933 22323 -7218 -26252
-1600 -564 885 23961 -6705 -28187
-1787 -734 888 26298 -7015 -31483
-2000 -986 850 28415 -8555 -32768
-1989 -1235 901 29570 -9315 -32768
-2048 -1453 970 30816 -8760 -32768
-2276 -1730 985 31747 -7132 -32768
-2329 -1905 764 32620 -6172 -32768
-2122 -1972 785 32767 -3967 -32768
-2008 -2085 641 32767 -1356 -32283
-1975 -2255 545 32767 178 -30114
-2065 -2398 571 32767 1629 -27436
-2239 -2593 610 32767 1694 -26294
-2323 -2595 679 32767 251 -25498
-2508 -2732 804 32767 -2455 -26026
-2701 -2831 915 32767 -3904 -26939
-2664 -2699 909 32767 -4051 -28226
-2502 -2652 762 32767 -2744 -28669
-2411 -2573 637 32767 162 -28710
-2423 -2434 485 32767 2152 -28305
-2449 -2529 447 32767 2449 -27413
-2534 -2490 428 32767 1875 -26861
-2735 -2346 436 32767 529 -26113
-2760 -2279 448 32767 -255 -25345
-2757 -2208 477 32545 -1090 -23819
-2840 -2135 445 31001 -2045 -22286
-2859 -2037 387 30025 -2414 -21256
-2821 -1952 328 28782 -2096 -19472
-2749 -1790 261 28058 -1611 -18182
-2706 -1659 187 27235 -1109 -16185
-2620 -1480 190 26251 -245 -14208
-2553 -1287 233 25427 446 -12983
-2501 -1189 236 23948 1192 -11222
-2425 -1048 304 22806 1529 -10173
-2395 -930 342 20967 1942 -8884
-2409 -760 372 19786 2098 -8227
-2409 -716 341 18424 2184 -7323
-2361 -576 296 17567 1985 -6325
-2392 -417 244 17133 1818 -5694
-2438 -271 288 16286 1731 -4746
-2457 -110 392 14962 1620 -3600
-2502 24 469 13999 1644 -2660
-2536 95 461 12845 2300 -1073
-2579 156 462 12425 3511 78
-2587 198 502 12251 5826 1892
-2636 217 477 12463 6277 3152
-2659 252 397 13436 4585 5056
-5862 -2251 -4480 6805 2532 2749
-7070 -4777 -5287 1500 -2133 11642
-9687 -7638 -5124 -8555 -4892 20219
-12537 -9463 -4110 -32768 10453 32767
-15470 -10950 -2912 -32768 32767 32767
-15510 -12747 -3165 -32768 32767 32767
-14368 -14615 -2987 -32768 32767 32767
-14205 -15994 -1579 -32768 32767 32767
-14577 -16771 432 -32768 32767 32767
-17119 -17789 3167 -32768 32767 32767
-15869 -19018 7920 -32768 32767 32767
-16810 -20530 5679 -32768 32767 32767
-14457 -20845 6630 -32768 32767 32767
-12325 -19278 8113 -32768 25978 32767
-8424 -17037 8195 -32768 29410 32767
-4591 -15662 7087 -32768 29463 32767
-2486 -14238 6557 -32768 23954 32767
-334 -11461 5812 -32768 24024 32767
1281 -9478 4504 -23910 26627 32767
2211 -8161 3967 -11842 29498 32767
3108 -6711 3460 -4960 29550 27615
3255 -5835 3153 4095 26166 16077
2917 -4821 2685 11495 20412 5836
2229 -3943 2363 14997 17307 -801
1879 -3424 2255 17337 16239 -9352
1238 -2766 2230 16100 16856 -16554
480 -2179 2140 14194 16944 -20805
77 -1713 1910 11298 16726 -24979
-71 -1498 1754 9736 13916 -26320
-497 -979 1377 10013 9361 -26674
-796 -680 1290 11386 1259 -27218
-1257 -427 1346 12178 -4089 -28587
-1747 -323 1445 11585 -5538 -30485
-2342 -204 1533 9351 -6048 -32768
-2687 -90 1415 7486 -5835 -32768
-2870 21 1286 5049 -4911 -32768
-2996 165 1027 3695 -3744 -32768
-2994 215 902 3309 -2954 -32768
-3023 217 840 3366 -1829 -30763
-3124 128 766 3879 -1173 -28384
-3222 77 742 4911 -567 -25631
-3329 123 729 5481 -664 -24379
-3364 114 725 6038 -1060 -23137
-3365 23 794 6326 -690 -22557
-3332 128 774 7204 545 -21928
-2959 339 838 7832 153 -20933
-2762 309 765 8412 -696 -20087
-2646 323 763 9413 -2397 -18814
-2531 452 842 10379 -4031 -18129
-2407 489 865 11098 -5020 -17924
-2383 460 816 12509 -6641 -18113
-2292 413 799 13431 -7804 -18604
-2447 379 763 14615 -8047 -19868
-2190 341 986 15173 -4598 -20479
-1977 289 966 15516 -1891 -20411
-1895 246 835 16292 564 -19704
-1617 204 921 16753 861 -18701
-1574 67 917 17578 -696 -17111
-1589 -252 998 18864 -4358 -16203
-1736 -521 867 20164 -7129 -16209
-1724 -700 920 22196 -8754 -16869
-1769 -861 961 23500 -7792 -17720
-1690 -1052 938 25598 -4583 -19032
-1526 -1244 907 27843 -1082 -19726
-1404 -1314 871 30243 1049 -19716
-1208 -1505 896 31783 1425 -19384
-1134 -1716 936 32767 1582 -18907
-1208 -1866 945 32767 1315 -19290
-1485 -2098 992 32767 -177 -20837
-1750 -2368 1091 32767 -1691 -22426
-1814 -2368 1108 32767 -4418 -25096
-1904 -2393 1190 32767 -6392 -27619
-1915 -2495 1171 32767 -7172 -28886
-2061 -2713 1125 32767 -7036 -30455
-2309 -2790 1050 32767 -6001 -31454
-2382 -2820 976 32767 -3302 -32348
-2456 -2852 861 32767 -794 -32542
-2495 -2769 807 32767 2885 -32247
-2486 -2636 799 32767 5276 -31077
-2502 -2592 920 32767 5888 -29921
-2556 -2654 984 32767 4835 -27974
-2734 -2659 894 32767 2781 -26809
-2892 -2601 814 32465 -826 -25572
-2996 -2479 729 30650 -1531 -5317
-3445 -556 396 30059 -893 -3936
-3530 -447 265 30253 1345 -2062
-3705 -374 -3 31914 4265 -894
-3831 -282 -365 32767 5074 -466
-3955 -31 -511 32767 -553 -498
-3792 355 -233 31667 -11562 -549
-3905 372 -495 28736 -16788 -513
-4619 243 -1844 25726 -16209 -1086
-5575 -506 -3233 26022 -9123 -3326
-7406 -2717 -5445 26661 -6602 -4107
-8489 -4598 -6332 22050 -8706 1770
-10215 -7070 -6872 12503 -8836 12217
-11946 -8353 -6578 -12938 9038 32767
-15167 -10338 -5191 -32768 32767 32767
-16377 -11933 -4694 -32768 32767 32767
-15043 -14450 -4051 -32768 32767 32767
-13936 -15618 -3621 -32768 32767 32767
-13497 -16897 -521 -32768 32767 32767
-14808 -18061 2546 -32768 32767 32767
-13944 -17561 8476 -32768 32767 32767
-14695 -20189 7581 -32768 32767 32767
-14039 -20874 5603 -32768 32767 32767
-12707 -20079 6699 -32768 32767 32767
-9789 -17378 7483 -32768 30312 32767
-6214 -14944 6691 -32768 31590 32767
-4158 -13731 6121 -32768 32767 32767
-2007 -12039 6042 -29464 29618 32767
-759 -9751 5756 -20966 24537 32767
338 -8449 4706 -10375 21567 32767
1136 -7557 3929 -951 23870 29961
2064 -6316 3206 6058 24523 17786
2404 -5067 2677 9242 22344 11774
2319 -4370 2410 11757 16243 3399
1918 -3409 2299 11434 11406 -5045
1478 -2757 2176 10278 10009 -10237
1092 -2297 2053 8052 9333 -17689
644 -1739 1843 6855 9479 -21911
450 -1366 1698 5901 10633 -26165
48 -1021 1572 5922 10423 -28835
-546 -636 1310 6694 8090 -30627
-1074 -262 1180 8536 4047 -32768
-1413 -130 1122 10137 894 -32768
-1896 96 1316 10439 -1308 -32768
-2368 -92 1260 10005 -6022 -32768
-3006 67 1239 9312 -7518 -32768
-3260 96 1084 8333 -4751 -32768
-3406 95 914 8293 1326 -32768
-3577 161 807 8398 6184 -30812
-3495 173 801 8358 6327 -28658
-3389 217 711 8240 1946 -24926
-3281 269 725 8022 -2652 -21574
-3169 318 725 7937 -3755 -19956
-3141 242 767 7582 -2428 -18540
-2989 74 1054 6025 1550 -18031
-2842 93 1218 4569 3793 -18155
-2856 11 997 3706 4182 -19662
-2945 175 707 4215 2654 -21413
-2814 240 772 5591 -678 -23965
-2506 255 722 7737 -5594 -25138
-2118 194 668 9540 -8355 -24987
-1939 141 620 12746 -9582 -23872
-1746 89 618 14977 -8515 -22883
-1733 0 690 17936 -4958 -21598
-1797 -189 810 19378 -2316 -21190
-1924 -246 888 20839 65 -21393
-2030 -314 1084 21164 353 -21993
-2125 -574 1143 21175 -562 -22451
-2078 -652 1162 21166 -2680 -22826
-1954 -652 1028 21840 -4451 -22685
-1719 -690 905 23207 -4839 -21725
-1676 -1191 778 27639 -3435 -20027
-1667 -1471 899 29530 -1877 -20000
-1891 -1693 851 31319 -2465 -21244
-2050 -1657 723 32393 -4078 -22515
-2095 -1770 820 32767 -5759 -24510
-2048 -2115 782 32767 -5584 -25863
-2001 -2163 726 32767 -4322 -26371
-1983 -2235 787 32767 -1108 -26576
-1935 -2554 765 32767 1106 -26202
-1902 -2768 787 32767 4458 -25367
-1974 -2678 807 32767 7045 -25012
-2030 -2601 796 32767 7168 -24937
-2053 -2775 940 32767 4719 -24733
-2093 -2876 1008 32767 729 -24657
-2141 -2970 1118 32767 -1458 -24729
-2269 -2878 1036 32767 -2729 -25234
-2368 -2832 1007 32767 -1490 -26028
-2501 -2842 996 32767 133 -26484
-2573 -2825 1017 32767 2411 -26816
-2675 -2677 979 32767 3192 -26609
-2656 -2503 898 32767 3336 -25826
-2575 -2360 897 32767 4259 -23304
-2511 -2187 832 32767 5694 -19556
-2539 -1934 690 32767 5669 -16686
-2649 -1788 589 32767 3159 -12682
-2874 -1547 525 32767 -962 -9672
-3168 -1322 615 32767 -3136 -8473
-3405 -1215 606 32767 -4240 -7463
-3599 -988 431 32767 -3069 -6890
-3675 -824 199 32767 843 -5732
-3711 -866 -161 32767 3714 -4655
-3809 -758 -505 32767 3777 -3138
-3880 -525 -541 32767 -3970 -1874
-3668 -628 22 32767 -10310 -998
-3741 -577 75 29397 -15399 -118
-4217 -607 -1047 25324 -14934 -338
-4791 -1071 -2279 23495 -7610 -1783
-5600 -2107 -4064 24635 600 -2260
-6243 -3155 -4933 23868 1401 -285
-7237 -5031 -5692 16021 -3290 8301
-9473 -7159 -6020 5147 -4885 17261
-12090 -8879 -5426 -21064 11700 32550
-15188 -10901 -4086 -32768 32767 32767
-14733 -12134 -3543 -32768 32767 32767
-13330 -12980 -3406 -32768 32767 32767
-12168 -14532 -2846 -32768 32767 32767
-12306 -15763 -1446 -32768 32767 32767
-13774 -16438 -2512 -32768 32767 32767
-13578 -17092 8565 -32768 32767 32767
-14371 -17118 6708 -32768 32767 32767
-13762 -17244 4970 -32768 32767 32767
-12715 -15580 6423 -32768 32767 32767
-11455 -14372 7772 -32768 25067 32767
-8716 -12182 8300 -32768 28567 32767
-5419 -11003 7172 -32768 32624 32767
-3458 -10290 6360 -32768 30557 32767
-1097 -9501 4757 -23163 23286 32767
390 -8418 3428 -15644 21418 32767
1228 -7943 2804 -5719 19527 27003
2104 -6930 2753 -841 15653 11395
2434 -5856 2959 -477 13535 2904
2518 -4991 2822 -1191 12960 -6656
2317 -3805 2231 -622 13580 -11185
1710 -2842 1822 2243 13652 -16521
1238 -2296 1732 5764 11149 -20897
493 -1808 1699 7544 8642 -23492
-93 -1575 1748 8029 5926 -27886
-917 -1070 1789 6075 4979 -32768
-1369 -755 1592 4375 5292 -32768
-1613 -490 1438 2100 6514 -32768
-1937 -162 1381 1206 7024 -32768
-2165 23 1089 2066 4323 -32768
-2403 390 896 3642 1272 -32768
-2651 279 867 6424 -2085 -32768
-2843 -51 965 8440 -1035 -30830
-3245 73 921 9320 697 -30108
-3360 133 823 10166 1486 -29355
-3257 218 898 10137 1984 -28269
-2964 147 977 13929 6238 -21437
-2847 236 903 13273 4636 -20638
-2523 226 880 12982 2209 -19706
-2337 204 831 12940 -1402 -17985
-2028 129 804 13400 -3770 -16041
-1776 108 739 14225 -5305 -14989
-1633 123 687 16361 -7652 -13823
-1447 -54 698 18216 -8305 -13489
-1449 -311 690 21372 -7647 -13894
-1512 -489 685 24518 -5853 -15538
-1673 -720 768 26971 -3552 -18280
-1881 -935 892 28037 -2691 -20422
-1872 -1123 934 28951 -3323 -23308
-1785 -1236 923 29573 -5545 -25037
-1602 -1395 844 30324 -8166 -25514
-1476 -1692 735 31089 -9267 -25238
-1553 -1942 733 32407 -9435 -24811
-1634 -2227 682 32767 -7935 -24398
-1656 -2535 736 32767 -6040 -24154
-1832 -2612 765 32767 -3725 -24699
-2010 -2664 735 32767 -2972 -25957
-2074 -2903 867 32767 -3009 -27314
-2058 -2997 858 32767 -2734 -28122
-2094 -2928 788 32767 -1480 -29172
-2142 -2996 782 32767 198 -29658
-2206 -3364 801 32767 1279 -29633
-2342 -3407 845 32767 2801 -29775
-2602 -3277 845 32767 2933 -30422
-2769 -3223 759 32767 2152 -30901
-2782 -3129 728 32767 789 -31213
-2747 -2962 633 32767 -94 -30982
-2706 -2846 530 32767 -995 -30030
-2633 -2637 423 32767 -1221 -28345
-2623 -2461 323 32767 -1207 -26920
-2685 -2300 291 32767 -808 -24722
-2743 -2105 299 27466 7724 -2694
-3949 -85 -54 28334 9305 581
-4013 22 -161 22083 1522 5395
-8214 -6254 -6269 10779 -4206 11710
-12266 -9257 -5558 -5824 -2901 18504
-14527 -10403 -4533 -32768 26684 32767
-15060 -12407 -4541 -32768 32767 32767
-13960 -14683 -4458 -32768 32767 32767
-14083 -16715 -2235 -32768 32767 32767
-14369 -17487 153 -32768 32767 32767
-14941 -18345 3308 -32768 32767 32767
-14338 -18738 8154 -32768 32767 32767
-15179 -19311 7362 -32768 32767 32767
-15448 -19989 5182 -32768 32767 32767
-14168 -18576 6882 -32768 32767 32767
-12162 -17343 8369 -32768 32767 32767
-8691 -14587 8683 -32768 32767 32767
-5314 -13172 7818 -32768 32303 32767
-3180 -12279 7167 -32768 29967 32767
-547 -10473 6068 -32056 30878 32767
465 -9428 5153 -20556 32767 32767
1443 -8222 3834 -8703 30075 28977
2756 -6832 3588 -2608 25467 17184
3317 -5346 3091 4004 17025 4241
3329 -4500 2658 8759 11761 -4226
2686 -3486 2249 10562 10337 -8547
2046 -3047 2169 10464 9109 -15008
944 -2446 2009 7802 7525 -21789
277 -1890 1795 5398 7784 -25458
-74 -1708 1721 2073 9021 -29929
-936 -1217 1406 942 8985 -32768
-1178 -919 1265 889 8350 -32768
-1422 -398 1208 1357 7491 -32768
-1829 -226 1546 1262 6604 -32768
-2225 -118 1485 1725 1199 -32768
-2682 139 1226 2730 -3490 -32768
-2827 137 1057 4931 -6776 -32768
-3089 84 972 7086 -5443 -32768
-3330 -204 1032 8444 -1168 -32694
-3343 80 998 8927 1494 -31462
-3246 280 1063 9018 4383 -28918
-3115 271 1081 8849 5481 -27015
-3123 271 1048 8654 6335 -24634
-3103 241 1045 8357 7046 -22862
-2924 145 1065 8353 7008 -21855
-2902 42 936 9448 4416 -21121
-2873 -25 792 10882 2816 -21410
-2892 137 718 13449 1977 -22907
-2900 200 666 15743 2646 -24794
-2736 182 854 16575 3655 -25582
-2560 161 1048 16594 3615 -25329
-2378 -66 1223 15835 504 -23783
-2301 -174 1096 15639 -2065 -22576
-2268 -152 946 16423 -4751 -21181
-2136 -227 746 18329 -5294 -20157
-2036 -265 671 20609 -4521 -19759
-1953 -241 727 21959 -3641 -19811
-1835 -286 782 23531 -2126 -19926
-1762 -451 855 24288 -1165 -20109
-1768 -658 842 25295 -875 -20564
-1693 -902 834 26040 -2467 -20928
-1606 -991 846 26379 -4094 -21184
-1641 -1125 793 27127 -6336 -21863
-1643 -1314 718 28117 -7557 -22724
-1705 -1467 680 28925 -7633 -23411
-1728 -1615 649 30267 -6959 -24410
-1777 -1829 607 31773 -5435 -25115
-1839 -2115 650 32626 -4121 -25286
-1844 -2290 618 32767 -2446 -25259
-1972 -2449 579 32767 -1517 -25212
-1980 -2573 594 32767 -1060 -25073
-2003 -2659 657 32767 158 -24981
-2088 -2796 701 32767 1124 -25091
-2085 -2821 630 32767 2388 -25302
-1982 -2852 583 32767 3808 -25238
-2063 -2818 543 32767 4548 -25315
-2151 -2793 634 32767 5177 -25729
-2268 -2888 787 32767 5200 -26050
-2276 -2918 731 32767 4027 -26103
-2276 -2907 718 32767 2723 -25744
-2320 -2898 723 32767 2347 -25375
-2450 -2940 787 32767 2512 -24890
-2644 -2895 810 32767 2977 -24749
-2714 -2813 798 32767 3525 -24494
-2869 -2635 702 32767 3487 -24166
-2890 -2502 684 32767 3084 -22937
-2911 -2233 658 32767 2379 -20786
-2891 -1815 608 32767 1685 -18837
-2860 -1597 558 32767 160 -15225
-3073 -1242 457 32767 -561 -12953
-3227 -1005 352 32767 -846 -10060
-3408 -717 242 32767 -763 -8304
-3529 -537 152 32767 -257 -5897
-3659 -225 8 32767 435 -4356
-3784 -49 -107 32767 2759 -2115
-3904 70 -234 32767 5934 35
-4139 311 -675 32767 6721 1977
-4461 665 -1233 32767 3652 2783
-4537 999 -1078 32767 -5910 3015
-4738 952 -1184 29965 -12243 2598
-5109 580 -1848 25808 -13455 1289
-5857 -647 -3746 25922 -4819 332
-6774 -2828 -5795 27208 885 1145
-7547 -4465 -6688 24415 2234 6399
-8914 -7456 -6751 15256 484 13835
-10743 -8960 -6015 -12520 4941 29360
-14282 -10938 -4533 -32768 20274 32767
-15424 -12418 -4089 -32768 32767 32767
-14210 -15213 -4319 -32768 32767 32767
-13501 -15948 -3761 -32768 32767 32767
-13473 -17092 -1013 -32768 32767 32767
-14060 -17989 1330 -32768 32767 32767
-16859 -19199 -391 -32768 32767 32767
-14096 -19033 8500 -32768 32767 32767
-14173 -18571 7707 -32768 32767 32767
-14147 -19056 5280 -32768 32767 32767
-12509 -17506 7323 -32768 32767 32767
-9633 -15151 8577 -32768 27149 32767
-7477 -13818 8217 -32768 23700 32767
-4399 -12433 7390 -32768 24217 32767
-1947 -11084 6379 -32768 25333 32767
-576 -10123 5607 -23746 28463 32767
619 -8818 4219 -13513 29913 32767
1783 -7305 3336 -6572 29394 30451
2545 -6336 3069 2159 27402 20681
3283 -5026 2926 7997 23697 15352
2886 -4076 2792 10417 19861 10832
2447 -3482 2752 11834 13571 1157
1901 -2684 2530 10945 9519 -9778
1512 -2133 2347 9182 8439 -16356
1240 -1761 2143 5839 8233 -24207
749 -1411 1792 3943 9183 -28175
275 -1114 1506 2697 10804 -32768
-244 -830 1406 2589 10573 -32768
-662 -627 1333 3078 5518 -32768
-1298 -232 1380 3322 763 -32768
-1653 -249 1360 3634 -4416 -32768
-2376 -289 1281 3975 -5554 -32768
-2856 -95 1186 4546 -4491 -32768
-3250 -191 1157 4631 -1974 -32768
-3381 -273 1275 4116 -682 -32768
-3339 -199 1344 2993 -614 -32768
-3261 -76 1268 2405 -1244 -32297
-3244 178 1134 2341 -2058 -29816
-3223 167 1100 2942 -2460 -28503
-3228 56 1061 4943 -2973 -27213
-3193 -209 1105 6635 -2267 -26785
-3159 -316 1198 9238 539 -26490
-3071 -363 1039 11341 2427 -26265
-2938 -242 897 14745 4523 -25747
-2787 -202 917 17649 5931 -24940
-2674 -114 952 19551 6431 -24222
-2594 -82 1000 20202 6013 -23903
-2447 -105 1147 20163 4090 -23651
-2320 -174 1249 19732 2146 -23780
-2188 -203 1343 18932 -865 -24110
-2055 -357 1161 19035 -3528 -24713
-1945 -475 1011 19579 -4784 -25215
-1826 -583 831 21263 -5428 -25859
-1802 -654 745 23705 -4827 -26384
-1895 -844 725 26333 -3966 -27055
-1931 -1037 713 28868 -3299 -27535
-1952 -1113 725 30400 -2905 -27696
-1861 -1236 751 32353 -2315 -27239
-1759 -1549 783 32767 -1730 -26568
-1885 -1729 779 32767 -1183 -25972
-2066 -1987 729 32767 -1461 -25769
-2007 -2183 732 32767 -1769 -25516
-1992 -2275 627 32767 -2661 -24850
-1982 -2357 531 32767 -3795 -24153
-1955 -2569 555 32767 -3687 -23690
-2045 -2767 630 32767 -1433 -23707
-2200 -2681 556 32767 1371 -24485
-2261 -2697 501 32767 2740 -25098
-2273 -2811 561 32767 4005 -25748
-2180 -2876 614 32767 4378 -25762
-2186 -2868 676 32767 4144 -25619
-2256 -2912 716 32767 2739 -25486
-2443 -3011 720 32767 1345 -25541
-2563 -3019 702 32767 189 -25903
-2805 -3000 716 32767 1122 -26370
-2950 -2861 681 32767 2521 -26496
-3026 -2704 695 32767 4241 -26091
-3022 -2544 643 32767 4453 -25149
-2986 -2424 638 32742 3482 -22605
-2910 -2097 601 32550 2209 -20332
-2954 -1881 541 32580 138 -16519
-3200 -1631 453 32708 -332 -14126
-3352 -1436 365 32767 812 -10884
-3581 -1146 232 32767 2736 -8084
-3898 -790 10 32767 3769 -6542
-3968 -704 -63 32767 5471 -3999
-4093 -497 -271 32767 6523 -1448
-4359 -97 -619 32767 4676 -103
-4553 492 -677 32767 -4118 926
-4464 703 -291 32767 -11131 1487
-4510 432 -514 28916 -16730 2689
-4933 -148 -2054 28443 -13957 3626
-5610 -837 -4144 31359 -8441 3639
-6356 -2373 -5465 32767 -943 4210
-6878 -3914 -6074 30118 -5044 8153
-8065 -6098 -6618 19629 -10621 13015
-9535 -7508 -6862 -5403 -9351 24499
-12655 -9416 -6313 -32768 18543 32767
-14855 -11451 -4885 -32768 32767 32767
-14524 -13392 -4441 -32768 32767 32767
-13371 -15262 -3117 -32768 32767 32767
-13130 -16334 -471 -32768 32767 32767
-13502 -16700 1362 -32768 32767 32767
-16809 -18534 -2429 -32768 32767 32767
-12209 -17178 8207 -32768 32767 32767
-10642 -17555 7434 -32768 23832 32767
-8752 -15811 7820 -32768 11334 32767
-5095 -14028 6972 -32768 12175 32767
-3118 -12999 6149 -32768 15992 32767
-1170 -11634 5587 -30245 21582 32767
-187 -10017 5369 -22393 24763 32767
236 -8698 4674 -13019 25929 32767
719 -7920 4212 -4554 26889 32767
1440 -6327 3691 2232 27932 24458
2138 -4915 3478 5155 28603 18407
2391 -4074 3377 7359 27490 10986
2335 -3026 3153 8053 24115 6034
2178 -2174 2723 9142 17145 -1526
2080 -1748 2435 10332 12048 -7849
1666 -1493 2188 10439 8128 -13842
1018 -1082 2015 9741 5222 -18561
712 -903 1915 8053 2774 -25538
157 -700 1724 6885 3128 -29553
-344 -635 1730 5024 5502 -32768
-924 -581 1844 3688 6145 -32768
-1345 -563 1643 2863 3181 -32768
-1861 -129 1301 3679 -211 -32768
-2234 -93 1171 4644 -673 -32768
-2602 -193 1149 5939 452 -32768
-3075 -224 1214 6180 1281 -32768
-3090 -192 1339 5556 893 -31272
-3116 -295 1130 6037 -2221 -28178
-3272 -170 832 7424 -3605 -26631
-3217 50 724 10247 -2415 -25098
-3094 48 760 12921 275 -23726
-2882 24 876 14161 713 -22719
-2818 -23 992 14971 -1234 -21470
-2698 -271 1131 14965 -2891 -21075
-2886 -249 1151 14384 -4273 -22058
-3012 -116 1037 13942 -4604 -24732
-2989 -181 991 13772 -4390 -26519
-2873 -279 971 13623 -4144 -27945
-2620 -375 924 13765 -4351 -27511
-2393 -400 923 14318 -4898 -25879
-2174 -505 841 15178 -5031 -24454
-2036 -565 793 17202 -4790 -22370
-1818 -701 717 19903 -4100 -20762
-1583 -920 767 22630 -2681 -19968
-1536 -1015 886 24185 -1815 -20206
-1703 -1124 813 26743 -2073 -22111
-2032 -1412 665 29328 -3890 -25706
-2118 -1568 773 30662 -4944 -28230
-2036 -1746 841 31996 -5794 -30980
-1790 -2009 888 32767 -5588 -31798
-1647 -2166 803 32767 -4737 -31534
-1619 -2282 795 32767 -2445 -30439
-1723 -2543 769 32767 -185 -29455
-1990 -2690 644 32767 416 -29206
-2098 -2848 634 32767 690 -29169
-2100 -3148 694 32767 1236 -28961
-2095 -3344 779 32767 1770 -28724
-2102 -3440 817 32767 2735 -28369
-2145 -3473 882 32767 3594 -28294
-2231 -3404 903 32767 4974 -28428
-2296 -3361 949 32767 6690 -28582
-2337 -3428 1025 32767 7649 -28470
-2460 -3408 1008 32767 7528 -28159
-2545 -3237 933 32767 5773 -27326
-2612 -3020 844 32767 4288 -26463
-2641 -2880 728 32767 2149 -24539
-2742 -2528 571 32767 727 -22160
-2899 -2362 529 32767 160 -20533
-3202 -2158 540 32767 -298 -18259
-3660 -1730 454 32767 -470 -17080
-3972 -1421 406 32767 -189 -15504
-4365 -1056 220 32767 1196 -13739
-4578 -782 -35 32767 2433 -11996
-4621 -608 -272 32767 3024 -8134
-4696 -483 -769 32767 1951 -4858
-4792 -391 -1095 32767 -2470 -43
-5063 -224 -1372 32767 -7304 2091
-5212 -376 -1505 32767 -12309 3197
-5618 -710 -2239 32767 -11679 2620
-6198 -1966 -3874 32767 -6269 1190
-6921 -3083 -5158 32767 -5407 949
-8077 -5581 -6305 32358 -7863 3258
-9409 -7306 -6763 13656 -12661 12947
-12311 -9397 -5940 -8024 -4898 24091
-15337 -11392 -4873 -32768 31328 32767
-15333 -12733 -5379 -32768 32767 32767
-13762 -15011 -5118 -32768 32767 32767
-13138 -16818 -2434 -32768 32767 32767
-13707 -17614 -231 -32768 32767 32767
-15126 -19272 2093 -32768 32767 32767
-14181 -19581 8202 -32768 32767 32767
-15059 -19402 7175 -32768 32767 32767
-14810 -20281 4885 -32768 32767 32767
-13371 -18924 6843 -32768 32767 32767
-11157 -17248 7804 -32768 27795 32767
-7740 -14914 7683 -32768 26599 32767
-4612 -13179 6728 -32768 25605 32767
-2768 -11843 5977 -32768 27210 32767
-869 -10197 4958 -22373 29145 32767
499 -8853 4101 -15633 30237 32767
1329 -7964 3578 -5892 31098 32529
2469 -6578 3197 2923 28672 20965
2922 -5494 3222 8518 22975 12904
2672 -4337 3311 9945 19040 7043
2285 -3745 3244 9594 15282 -3365
1743 -2943 2916 8707 14453 -10580
1415 -2525 2641 7767 13797 -20537
894 -1906 2156 8031 11000 -28404
529 -1399 1856 8535 8562 -31724
250 -1200 1761 8944 6012 -32768
-153 -1131 1731 9108 1347 -32768
-1049 -952 1544 9110 -2390 -32768
-1710 -592 1353 9384 -5598 -32768
-2005 -473 1226 9822 -4600 -32768
-2559 -371 1275 9726 -2823 -32768
-2713 -468 1376 8701 -1477 -32768
-2984 -490 1247 7667 -2406 -32768
-3141 -416 1058 7410 -2622 -32768
-3192 -451 911 7958 -1309 -32768
-3302 -421 750 8987 947 -32768
-3295 -373 813 9257 1923 -32768
-3051 -432 952 9287 1424 -31392
-3044 -459 973 9588 585 -30790
-3024 -356 993 10577 -266 -30821
-2928 -481 1071 12015 -2570 -31161
-2857 -661 1038 13165 -5517 -31328
-2782 -732 1006 14884 -10388 -31342
-2619 -919 1111 16304 -12948 -31002
-2483 -1308 1181 17353 -11492 -30760
-2436 -1233 1120 19449 -5091 -30921
-2262 -1029 1063 21922 2444 -31140
-2104 -1178 1117 23542 6115 -31139
-2022 -1246 1123 25966 8119 -30823
-1905 -1291 1032 27666 6955 -30485
-1799 -1572 974 30386 2754 -29956
-1838 -1793 928 32767 -2250 -29907
-2040 -2083 967 32767 -4710 -30417
-2122 -2478 890 32767 -6118 -31486
-2162 -2623 853 32767 -4558 -32665
-2320 -2588 715 32767 -2543 -32768
-2373 -2590 649 32767 339 -32768
-2315 -2716 585 32767 1567 -32768
-2284 -2841 563 32767 2391 -32768
-2298 -3084 536 32767 2188 -31056
-2337 -3212 542 32767 1614 -29710
-2438 -3267 613 32767 607 -28254
-2595 -3373 558 32767 -255 -27680
-2656 -3321 429 32767 -344 -27615
-2721 -3265 336 32767 89 -27901
-2722 -3177 292 32767 612 -28027
-2707 -3052 261 32767 1524 -27955
-2635 -2904 223 32767 2778 -27193
-2545 -2691 202 32767 3764 -26332
-2521 -2570 207 32767 5006 -24700
-2501 -2524 186 32767 5360 -23446
-2517 -2426 152 32767 5126 -21537
-2555 -2201 169 32355 4096 -19837
-2582 -2144 238 31269 3148 -18760
-2637 -2019 247 29657 1925 -17533
-2798 -1750 222 28560 1583 -16903
-2827 -1609 245 26969 2531 -15808
-2784 -1371 353 25847 4106 -14661
-2769 -1155 350 24382 6153 -12235
-2744 -878 318 23721 6806 -10338
-2840 -685 335 23005 6995 -7609
-3021 -389 425 22308 6560 -5446
-3123 -318 483 21951 5648 -4095
-3183 -211 457 21796 4538 -2634
-3263 -34 344 22230 3375 -471
-3278 88 218 22914 3628 1082
-3333 114 135 24489 5273 3395
-3513 130 -25 26723 7412 5162
-3673 167 -254 28301 7580 5962
-3746 247 -346 28875 4311 7066
-3628 399 33 26831 -553 7695
-3595 345 207 20905 -8935 8010
-3733 73 -235 17067 -12001 7679
-4008 -301 -1209 15127 -10062 6644
-4517 -1120 -2923 16495 -4732 5881
-5058 -1866 -4020 19515 1801 5076
-6145 -3776 -5218 19378 1607 5600
-7121 -5551 -5751 11763 -5783 11057
-9688 -8154 -5706 -9061 -5036 23322
-12076 -9861 -4516 -31139 12994 32767
-15065 -12226 -3157 -32768 32767 32767
-14456 -14385 -3562 -32768 32767 32767
-13107 -15354 -3097 -32768 32767 32767
-12489 -16583 -1248 -32768 32767 32767
-13793 -17792 1709 -32768 32767 32767
-12726 -18693 8273 -32768 32767 32767
-14954 -18917 7760 -32768 32767 32767
-14542 -19556 5358 -32768 32767 32767
-13530 -19688 5547 -32768 32767 32767
-12126 -17297 7238 -32768 27986 32767
-9049 -14862 7752 -32768 26562 32767
-6845 -13730 7202 -32768 28545 32767
-3892 -12073 6543 -32768 27409 32767
-2307 -10791 6334 -32768 25772 32767
-649 -9169 5528 -23122 22816 32767
476 -7966 4370 -15751 21588 32767
1282 -7106 3750 -5336 21672 25489
2444 -5904 3168 627 21922 18587
2719 -5092 2952 7162 20855 11656
2549 -4102 2735 9708 18661 7330
2257 -3556 2668 10900 15706 -174
1782 -2796 2452 10014 14717 -8776
1281 -2123 2179 8498 15725 -17419
793 -1662 1891 7745 17296 -22487
472 -1302 1685 7466 18918 -28498
71 -950 1528 7683 17945 -31083
-252 -795 1349 8340 11543 -32768
-854 -533 1193 8659 5832 -32768
-1268 -397 1211 8242 -937 -32768
-1803 -303 1139 7687 -3152 -32768
-2102 -187 1024 6974 -3164 -32768
-2547 -205 1016 6646 -1671 -32768
-2940 -341 883 6961 -1564 -32768
-3040 -322 746 8192 -2667 -32768
-3226 -306 686 9094 -3491 -32768
-3294 -435 725 10145 -4485 -32768
-3365 -435 708 10810 -4820 -32768
-3330 -278 708 11671 -4268 -32768
-3186 -177 779 12041 -2433 -32768
-3136 -223 964 11814 -779 -32227
-3138 -238 1054 11231 1536 -30944
-3029 -270 1017 11205 2530 -29814
-2947 -322 936 12024 2882 -27773
-2981 -468 851 12957 2209 -26563
-2888 -647 780 14595 -304 -24996
-2789 -672 868 15917 -3193 -23623
-2694 -575 910 16871 -5247 -22842
-2546 -516 994 17311 -5270 -22417
-2415 -534 1024 18225 -2854 -22116
-2304 -669 871 19394 -484 -22008
-2214 -761 776 21818 3013 -21824
-2088 -844 730 23624 4661 -21709
-2036 -926 710 26076 4838 -21560
-1963 -1071 717 27881 1870 -21481
-1956 -1136 745 28663 -820 -21631
-1945 -1234 759 29216 -4481 -21985
-1931 -1531 783 29344 -6269 -22451
-1938 -1741 759 29334 -6297 -22844
-1891 -1802 658 29601 -4891 -23320
-1795 -1946 566 30294 -2244 -23342
-1684 -2169 529 31081 -106 -22989
-1652 -2334 454 32767 3412 -22281
-1704 -2425 359 32767 6279 -22052
-1942 -2665 455 32767 7027 -22277
-2004 -2876 472 32767 6552 -22766
-2062 -2868 493 32767 5655 -23378
-2016 -2772 528 32767 5192 -23625
-1979 -2775 504 32767 4693 -23632
-2022 -2809 488 32767 4917 -23459
-2050 -2832 392 32767 5259 -23262
-2063 -2818 349 32767 5628 -23020
-2229 -2829 366 32767 4887 -23080
-2325 -2846 395 32767 3693 -23196
-2365 -2806 427 32767 1811 -23318
-2364 -2695 444 32767 1076 -23208
-2423 -2622 484 32767 1099 -22710
-2553 -2523 483 32767 1789 -22216
-2628 -2424 485 32767 3668 -21091
-2771 -2298 548 32590 6269 -19623
-2830 -2196 569 32233 7746 -18477
-2961 -1896 550 32015 8303 -17249
-3152 -1666 488 31853 6591 -15520
-3343 -1300 448 31806 4307 -14191
-3435 -1026 385 31962 1507 -11632
-3538 -594 298 32433 1632 -8419
-3622 -261 157 32767 2952 -5817
-3708 -192 85 32767 5493 -1494
-3763 -192 -27 32767 7562 2733
-4032 -46 -501 32767 7703 4649
-4241 224 -626 32767 3498 5817
-4228 689 -391 32767 -2398 5888
-4140 684 -370 32767 -11161 5653
-4341 -18 -1252 32402 -14084 5243
-4668 -422 -2471 31720 -12587 3854
-5460 -1677 -4766 32767 -7552 2393
-6507 -3541 -6487 32767 -5121 2508
-7373 -5282 -6915 22538 -6702 7094
-9387 -7908 -6829 7312 -9413 14029
-11465 -9499 -6320 -24360 336 29207
-14519 -11556 -5472 -32768 20781 32767
-14877 -13105 -4678 -32768 32767 32767
-13751 -15430 -4070 -32768 32767 32767
-13465 -16567 -2915 -32768 32767 32767
-13542 -17574 -345 -32768 32767 32767
-13893 -18907 1688 -32768 32767 32767
-16168 -18447 6284 -32768 32767 32767
-15492 -18953 6177 -32768 32767 32767
-15419 -19883 5521 -32768 32767 32767
-14744 -19161 6483 -32768 32767 32767
-12182 -17148 8917 -32768 32767 32767
-9951 -15413 9096 -32768 32767 32767
-6734 -13230 8121 -32768 32767 32767
-4749 -12277 7537 -32768 32767 32767
-1873 -10867 6437 -32768 29651 32767
-506 -9639 5854 -24798 22209 32767
725 -8629 4555 -14057 19740 32767
1754 -7699 4003 -8774 21118 28009
2369 -6984 3570 -3045 23334 11452
2975 -5732 3104 867 23431 110
3161 -4441 2787 2704 22794 -5102
2968 -3664 2589 4819 21113 -11183
2370 -2830 2212 7052 17153 -16845
1451 -2200 1900 8537 13962 -21213
852 -1872 1811 10005 9776 -28014
72 -1520 1722 10255 7557 -32147
-448 -1208 1655 9702 4868 -32768
-1035 -918 1522 8300 3159 -32768
-1459 -627 1476 7208 2334 -32768
-1898 -484 1324 6042 -1223 -32768
-2426 -89 1149 5676 -4273 -32768
-2692 44 1117 5556 -6781 -32768
-2902 -83 1067 6231 -6352 -32768
-3106 -200 956 7120 -5016 -32768
-3224 -208 904 8823 -2316 -32768
-3350 -179 789 10721 969 -30319
-3396 68 791 11731 3389 -29042
-3387 310 815 12567 5911 -27774
-3274 388 1001 12483 6142 -27065
-3227 308 1108 11776 3715 -26109
-3122 161 1108 11166 -1210 -25066
-3063 7 1119 10970 -4410 -24423
-3032 -133 1122 11167 -7520 -23581
-2932 -221 1087 12080 -7630 -22945
-2828 -236 1040 13112 -6423 -22631
-2768 -236 1009 15141 -3676 -22417
-2605 -275 1010 17338 -424 -22166
-2406 -375 1030 18724 1483 -21983
-2235 -461 1018 20715 2767 -21513
-2012 -491 904 21980 2199 -21227
-1900 -591 916 23410 -756 -21340
-1921 -636 916 24206 -4013 -22080
-1777 -927 1154 24185 -5566 -22624
-1788 -1106 1128 24082 -7714 -23705
-1805 -1143 1056 24065 -9530 -25017
-1642 -1259 906 24305 -10401 -25563
-1535 -1446 765 25448 -10797 -25861
-1480 -1667 580 27536 -8535 -25634
-1464 -1935 601 29090 -6090 -25434
-1594 -2154 621 31392 -2858 -25665
-1843 -2414 768 32542 -1355 -26296
-1948 -2546 788 32767 -243 -27579
-1898 -2598 758 32767 489 -28649
-1784 -2542 680 32767 1274 -29028
-1801 -2584 631 32767 2444 -29278
-1850 -2868 738 32767 3509 -29302
-2028 -3026 778 32767 3729 -29397
-2182 -3120 856 32767 3236 -30006
-2225 -3262 939 32767 2929 -30414
-2242 -3158 889 32767 3381 -30977
-2268 -3000 765 32767 4725 -31167
-2271 -3085 735 32767 6038 -30836
-2330 -3177 782 32767 7785 -29889
-2459 -3050 758 32767 8459 -29079
-2607 -2988 801 32767 8584 -27812
-2767 -3102 857 32767 7830 -26682
-2845 -3017 850 32767 5424 -24492
-2900 -2695 755 32767 3460 -22841
-2898 -2510 675 32767 1091 -19670
-2928 -2259 609 32767 582 -16098
-3163 -1951 495 32767 1414 -13206
-3503 -1612 316 32767 2395 -11788
-3643 -1476 297 32767 3834 -9854
-3866 -1317 166 32767 3950 -8526
-3954 -1094 41 32767 3792 -6150
-3964 -726 -96 32767 4112 -4134
-3941 -571 -246 32767 5441 -603
-3958 -450 -566 32767 5965 1845
-3974 -347 -768 32767 3113 4775
-4135 -73 -833 32767 -4959 5408
-4215 -27 -863 31030 -10858 4451
-4573 -119 -1339 27459 -14381 1446
-4807 -328 -1986 26119 -10696 -464
-5358 -945 -3397 26131 -203 -1683
-6114 -2233 -5070 26551 5652 -735
-6776 -3550 -5808 23133 5519 4294
-8430 -6226 -6379 15374 -679 10531
-10368 -8233 -6192 -7390 -4163 25160
-12866 -10042 -4981 -32768 20851 32767
-14358 -11867 -4397 -32768 32767 32767
-14034 -13162 -4347 -32768 32767 32767
-13429 -15492 -3029 -32768 32767 32767
-13133 -16434 -1276 -32768 32767 32767
-13157 -17580 1895 -32768 32767 32767
-12410 -17050 6520 -32768 32767 32767
-13680 -18808 7012 -32768 32767 32767
-13264 -20054 5569 -32768 32767 32767
-11644 -19644 6583 -32768 25620 32767
-9625 -18215 7183 -32768 18509 32767
-5374 -16617 6869 -32768 22094 32767
-2394 -14229 6117 -32768 25874 32767
-715 -12781 5290 -32768 29832 32767
923 -10171 4776 -31823 32767 32767
1593 -8851 4510 -21357 32767 32767
2094 -7347 3962 -6449 29363 32767
2225 -5824 3777 2084 24079 26411
2204 -5119 3711 11200 22853 15113
1846 -4100 3585 14472 24279 8038
1498 -3414 3483 16313 24779 -2381
1194 -2565 3115 16551 22609 -10196
1116 -2211 2909 16180 19454 -13194
701 -1637 2503 14654 11589 -16523
315 -926 2340 12824 7401 -18727
59 -657 2128 9982 5176 -21662
-371 -389 1812 8486 5753 -23154
-610 -349 1625 7685 5606 -24356
-1275 -415 1292 8188 1012 -26037
-1807 -210 1221 8437 -1725 -27640
-2036 -107 1167 8281 -2863 -29643
-2301 -21 1142 7824 -2033 -30360
-2497 48 1191 6729 -1286 -29635
-2608 -109 1121 6132 -2526 -27945
-2754 -378 989 5977 -5355 -25230
-2990 -211 830 6321 -5658 -24237
-3227 -65 642 7355 -3114 -24081
-3310 -29 645 8058 1424 -24479
-3217 4 837 7806 3780 -24377
-3107 -84 959 6736 3877 -23335
-2979 -250 838 6035 745 -22035
-2864 -171 785 5938 -1528 -21380
-2728 -188 872 6056 -4409 -20773
-2669 -142 867 6566 -6738 -20797
-2639 -44 847 7246 -7725 -21226
-2593 -94 817 8943 -8391 -22352
-2507 -205 828 11208 -7567 -23336
-2348 -319 742 13033 -6200 -23779
-2242 -345 643 16136 -3636 -24067
-2114 -317 604 18976 -1878 -24007
-1907 -300 741 20393 -1378 -23685
-1701 -321 808 21674 -1361 -22477
-1450 -413 885 22485 -2106 -21019
-1382 -597 905 22975 -3094 -20375
-1370 -804 921 23731 -4493 -20296
-1582 -1111 936 24207 -5159 -21097
-1700 -1277 904 25013 -5876 -23283
-1809 -1381 778 26185 -5999 -26049
-1724 -1546 739 27083 -5391 -27611
-1644 -1690 767 28429 -3437 -29113
-1532 -1921 856 29287 -1940 -29506
-1532 -2153 870 30611 -781 -29570
-1642 -2489 871 31912 -1740 -29691
-1761 -2624 759 32767 -2965 -29919
-1761 -2657 634 32767 -4048 -30183
-1753 -2734 626 32767 -3500 -30228
-1736 -2835 637 32767 -1147 -30020
-1775 -3043 596 32767 778 -29806
-1881 -3201 671 32767 3735 -29814
-2126 -3378 765 32767 5606 -30542
-2383 -3449 766 32767 5321 -31683
-2452 -3395 795 32767 4474 -32331
-2458 -3301 838 32767 3425 -32768
-2420 -3259 889 32767 3165 -32450
-2554 -3222 901 32767 3127 -32051
-2680 -3209 900 32767 3812 -31234
-2795 -3145 931 32767 5523 -29950
-2898 -3002 866 32767 6310 -28820
-2926 -2855 752 32767 6471 -26364
-2852 -2564 687 32767 6185 -24149
-2823 -2382 597 32767 4943 -20207
-2949 -2094 449 32767 3419 -16496
-3076 -1957 450 32767 3000 -14499
-3295 -1717 385 32767 3312 -12177
-3458 -1418 329 32767 4184 -10941
-3477 -1233 296 32767 5885 -8991
-3529 -969 197 32767 6651 -7471
-3467 -807 194 32767 6950 -4598
-3480 -722 39 32767 6254 -1402
-3518 -633 -219 32767 6304 475
-3746 -480 -536 32767 4497 1766
-3991 -90 -703 32767 1126 1582
-4026 122 -547 31265 -4639 630
-3949 -177 -749 26889 -7608 314
-4427 -280 -1787 24615 -6374 -89
-4975 -879 -2903 23699 -472 -761
-5976 -2387 -4728 23987 2984 -170
-6954 -4136 -5747 20942 -88 4861
-8584 -6878 -6004 12838 -4148 12758
-10557 -8467 -5541 -11372 -962 29830
-13252 -10105 -4672 -32768 24519 32767
-14364 -11867 -4286 -32768 32767 32767
-13683 -13367 -4448 -32768 32767 32767
-12834 -15322 -3450 -32768 32767 32767
-12472 -16462 -1947 -32768 32767 32767
-12780 -17248 1518 -32768 32767 32767
-11529 -17510 6706 -32768 32767 32767
-13269 -17954 7198 -32768 32767 32767
-13078 -18298 6413 -32768 32767 32767
-12732 -18235 5617 -32768 32767 32767
-11712 -17117 6447 -32768 18683 32767
-8499 -14746 7535 -32768 22895 32767
-4948 -13193 6891 -32768 26460 32767
-3136 -12265 6306 -32768 24931 32767
-895 -10568 5332 -32768 22595 32767
455 -8766 4391 -28280 23685 32767
1115 -7843 3683 -15439 26910 32767
2011 -6561 3119 -4379 27921 24849
2435 -5484 3054 3458 25621 15357
2194 -4419 2952 6920 23002 9447
1909 -3740 2881 9578 19484 391
1310 -2955 2775 9973 17408 -5820
1030 -2406 2632 9468 14440 -14087
820 -1740 2336 8853 13357 -18045
542 -1431 2267 7569 12871 -21965
14 -1242 2059 7175 9957 -24351
-433 -858 1674 7975 6671 -25481
-586 -662 1451 10206 2584 -26320
-949 -169 1254 12258 569 -27104
-1386 -1 1326 12556 435 -27964
-2024 -379 1591 11518 185 -29247
-2458 -151 1656 8263 -2052 -32091
-2541 -240 1494 6051 -3298 -32768
-2547 -255 1224 4076 -3337 -32768
-2767 2 884 3509 -2087 -32768
-2893 -9 903 2741 1500 -32768
-2914 -138 1044 2152 2714 -31402
-3027 -403 814 15790 -1913 -25031
-2410 -561 917 18795 579 -24865
-2208 -520 983 20653 1099 -24816
-2044 -465 972 23398 365 -24795
-1757 -538 946 26141 -1590 -24622
-1499 -715 770 28021 -3613 -24432
-1336 -788 713 30522 -6322 -24145
-1148 -980 738 32129 -7592 -24164
-1229 -1159 827 32623 -7915 -25000
-1777 -1593 869 32767 -7542 -27979
-2047 -1889 922 32767 -6119 -30623
-2168 -2079 904 32767 -3230 -32768
-2096 -2186 814 32767 -1500 -32768
-1833 -2516 698 32767 88 -32768
-1731 -2631 600 32767 495 -32768
-1657 -2687 528 32767 653 -32768
-1722 -2924 536 32767 656 -31907
-1806 -3214 566 32767 468 -30362
-2050 -3554 665 32767 -225 -30144
-2346 -3616 680 32767 -1236 -30761
-2446 -3638 626 32767 -2887 -31954
-2432 -3568 632 32767 -3013 -32768
-2580 -3441 624 32767 -2134 -32768
-2743 -3412 465 32767 -421 -32768
-2765 -3411 403 32767 2158 -32768
-2900 -3176 362 32767 4172 -32768
-2966 -2973 314 32767 5989 -31724
-2978 -2756 295 32767 5910 -30622
-2902 -2631 273 32767 3984 -28173
-2789 -2484 222 32767 2005 -26206
-2809 -2338 121 31233 -587 -23377
-2858 -2197 36 30000 -991 -20837
-2895 -2126 -7 29399 -42 -19355
-2960 -1999 -43 28671 2188 -17447
-2925 -1812 -49 28066 3618 -16133
-2858 -1647 -68 26838 5142 -13880
-2673 -1442 -8 25706 5691 -12085
-2625 -1355 15 23729 5310 -9524
-2552 -1170 11 21643 4020 -7369
-2532 -1024 30 20190 3379 -6253
-2478 -821 55 18089 3343 -4871
-2444 -701 98 16757 4130 -4102
-2415 -545 161 14996 5833 -3178
-2335 -374 225 14087 6739 -2563
-2269 -232 216 13126 6638 -1415
-2263 -63 229 12708 5568 -578
-2307 35 374 11860 3480 710
-2379 85 455 10783 1850 1830
-2438 138 492 10100 1495 2599
-2517 176 496 9696 2200 3429
-2588 184 580 9457 4710 4669
-2671 125 573 10078 7008 5834
-2846 72 506 11097 8206 6255
-3101 207 449 12490 9296 6361
-3243 275 310 15015 8851 6157
-3450 552 244 16119 6246 5935
-3526 702 457 15172 -510 5917
-3468 811 798 12637 -4629 6450
-3673 702 483 8104 -6892 7368
-4083 660 -205 6034 -4945 7101
-4416 71 -1908 8424 -2463 7012
-4882 -717 -3161 11211 -3982 7682
-5821 -2735 -4690 12071 -10028 10025
-7706 -5554 -5384 7292 -14039 13437
-9399 -7725 -5325 -11105 -9661 25440
-13397 -10644 -3308 -32005 11344 32767
-15486 -11930 -2641 -32768 32767 32767
-14324 -14195 -3927 -32768 32767 32767
-12637 -15157 -4057 -32768 32767 32767
-12753 -15892 -2650 -32768 32767 32767
-14053 -17025 960 -32768 32767 32767
-14059 -16911 6894 -32768 32767 32767
-14819 -19127 7798 -32768 32767 32767
-14819 -19639 5268 -32768 32767 32767
-14038 -19168 5794 -32768 32767 32767
-11764 -16945 7110 -32768 32767 32767
-8307 -14853 7329 -32768 32767 32767
-6410 -13834 7136 -32768 32767 32767
-3696 -12241 6620 -32768 29759 32767
-1850 -11007 6294 -32768 19365 32767
63 -9293 5212 -24946 19933 32767
937 -8140 3828 -17311 21757 32767
1682 -7288 3433 -7663 22385 24531
2738 -6000 2980 -68 20300 14431
2987 -4830 2754 3758 18429 9886
2726 -4216 2560 7600 14165 2962
1997 -3423 2313 9016 10870 -2617
1546 -2895 2234 8981 8055 -11891
1090 -2238 2116 6919 9013 -20147
587 -1681 1950 5227 10867 -24596
290 -1364 1845 3262 13837 -29135
-176 -919 1632 2997 15012 -31211
-530 -705 1476 3685 13787 -31797
-1145 -578 1388 4749 10388 -32008
-1540 -455 1258 6464 1827 -32175
-2034 -182 1132 7538 -4853 -32530
-2359 -119 1090 7795 -6016 -32768
-2725 -10 1026 7540 -3877 -32768
-2896 7 1040 7163 -1648 -32761
-2960 8 1007 6551 868 -31855
-2955 4 1025 6266 1337 -31002
-2976 47 978 6415 -286 -29651
-2920 -5 1069 6755 -2525 -28153
-2896 -71 1204 6993 -3223 -27372
-2891 -117 1277 7570 -2543 -26891
-2981 -269 1328 8769 -1148 -27358
-3063 -330 1163 10186 -850 -27968
-2923 -355 1243 12398 -400 -28669
-2696 -546 1292 14702 -180 -28695
-2545 -655 1213 17164 -549 -28292
-2276 -729 1182 18670 -1075 -27744
-2106 -764 1143 20593 -2132 -26709
-1806 -868 1218 21514 -2302 -25946
-1695 -923 1160 22873 -1721 -25265
-1565 -987 1044 24570 -1082 -25237
-1577 -1300 924 25925 -1363 -25710
-1798 -1642 844 28220 -3655 -27768
-2116 -1924 740 29548 -6153 -29939
-2317 -1981 749 30590 -9619 -32768
-2437 -2209 894 30411 -10488 -32768
-2315 -2191 907 29883 -7927 -32768
-2230 -2149 872 29805 -4874 -32768
-2147 -2372 695 30697 573 -32768
-2841 -3203 312 32767 4405 -29142
-2756 -2982 249 32767 6613 -28809
-2654 -2874 326 32767 9438 -27683
-2585 -2852 307 32767 10471 -25905
-2484 -2780 281 32767 10000 -24571
-2513 -2705 208 32767 7373 -22853
-2567 -2616 134 32767 4454 -21593
-2621 -2580 149 32767 3565 -21007
-2662 -2328 142 32767 3528 -20374
-2666 -2157 137 32767 4486 -19128
-2653 -1894 250 32767 5526 -18130
-2691 -1687 372 32243 6226 -16458
-2802 -1458 536 30869 5376 -15312
-2917 -1320 543 28829 2733 -13602
-3097 -1172 496 27808 1347 -12449
-3152 -1070 413 27223 1157 -10231
-3258 -817 311 27710 2893 -7347
-3390 -769 221 29328 5375 -4293
-3529 -790 104 30990 7591 -2375
-3723 -736 -70 32767 10218 -173
-3917 -313 -172 32767 9247 686
-3899 86 78 32767 2477 1555
-3600 327 672 29530 -7511 2458
-3849 401 82 26873 -13938 2410
-4365 197 -1115 27238 -16200 642
-5273 -529 -3328 30244 -12772 -984
-6097 -1614 -4561 32767 -8301 -1944
-7804 -4084 -6001 29647 -10054 3232
-10209 -7240 -5742 18104 -9712 11681
-13256 -9819 -4196 -15963 9560 29702
-15819 -10882 -3707 -32768 32767 32767
-15476 -11592 -5088 -32768 32767 32767
-13075 -14115 -5432 -32768 32767 32767
-12807 -15452 -4175 -32768 32767 32767
-13332 -17255 -884 -32768 32767 32767
-13574 -17945 1506 -32768 32767 32767
-13163 -17780 6825 -32768 32767 32767
-13660 -18405 6769 -32768 32767 32767
-13847 -19015 4638 -32768 32767 32767
-13275 -18593 5226 -32768 32767 32767
-12102 -17034 6532 -32768 32767 32767
-8832 -14345 7396 -32768 32767 32767
-5564 -12614 6615 -32768 32767 32767
-3068 -10866 5985 -32768 31739 32767
-1358 -9408 5261 -22838 20485 32767
-436 -8529 4514 -11791 16337 32767
903 -7535 3463 -3188 19790 32767
1916 -6565 3047 498 21787 23356
2211 -5903 2890 3607 20901 11378
2330 -4751 2636 4845 18904 4444
2226 -3978 2415 6381 16321 -4423
1947 -3110 2161 7352 15237 -9219
1545 -2546 1983 8774 12663 -15884
935 -1891 1859 9259 10463 -19962
501 -1596 1839 8925 7482 -25550
-155 -1361 1792 7676 5148 -30629
-810 -946 1539 6618 3638 -32768
-1147 -707 1428 6119 3537 -32768
-1534 -379 1279 5937 2872 -32768
-2002 -28 1056 6273 1275 -32768
-2252 103 904 7461 -1931 -32768
-2609 237 725 8516 -3747 -32768
-2822 340 591 10286 -4927 -32768
-3180 133 564 11099 -4906 -32709
-3261 -86 664 10811 -3472 -29338
-3460 6 912 8502 -1358 -26910
-3522 2 955 6604 126 -25881
-3467 108 925 4344 3010 -25039
-3356 238 877 3546 5140 -24788
-3199 262 875 3472 6438 -24349
-2975 333 894 4018 5047 -23981
-2875 382 872 5748 261 -23470
-2682 336 890 7265 -3532 -23060
-2538 85 997 9557 -7461 -22374
-2489 20 1005 11914 -8479 -22037
-2412 -51 977 14196 -7097 -22145
-2426 -172 958 15614 -5629 -22511
-2414 -211 986 17335 -3411 -23389
-2256 -278 1137 17988 -2084 -23843
-2084 -393 1215 18368 -721 -24134
-2007 -445 1236 18471 -377 -24314
-1938 -460 1347 18444 -755 -24571
-1994 -641 1288 18914 -2466 -25418
-2054 -846 1104 20460 -5145 -26386
-1917 -990 874 22063 -6613 -26777
-1791 -1079 759 24945 -7481 -26760
-1697 -1206 641 27976 -6659 -26303
-1717 -1407 597 29898 -5402 -25992
-1713 -1540 620 32252 -2944 -25489
-1784 -1796 741 32767 -1570 -25290
-1861 -1975 746 32767 -940 -25227
-1869 -2217 796 32767 -1505 -25286
-1922 -2381 829 32767 -2994 -25787
-2010 -2430 798 32767 -4419 -26861
-1931 -2582 765 32767 -4464 -27501
-1920 -2666 742 32767 -2721 -28288
-1952 -2762 660 32767 -839 -28739
-1953 -2926 693 32767 2043 -29032
-2063 -3310 715 32767 3832 -29204
-2257 -3338 641 32767 5696 -30042
-2363 -3163 573 32767 5733 -30638
-2271 -3182 630 32767 5099 -30495
-2268 -3147 693 32767 3377 -29921
-2354 -3000 702 32767 1927 -29424
-2406 -2972 692 32767 177 -28465
-2445 -2987 728 32767 -271 -27633
-2582 -2916 737 32767 14 -26623
-2780 -2701 694 32767 635 -26122
-2853 -2595 624 32767 1666 -25218
-2967 -2381 509 32654 3157 -23980
-3020 -2223 402 32446 4644 -22763
-2997 -2047 297 32671 6849 -20128
-3031 -1883 235 32767 7400 -17964
-3113 -1668 201 32767 5965 -14591
-3153 -1521 174 32767 4203 -12273
-3254 -1423 256 32767 2367 -8935
-3332 -1215 274 32216 2294 -6915
-3353 -1005 257 31211 3988 -4134
-3355 -762 157 30713 5666 -2356
-3267 -665 87 30495 7645 416
-3322 -496 -233 30956 7660 1935
-3356 -353 -288 31438 5043 3515
-3284 -220 -180 30905 1173 4222
-3259 -47 9 27822 -6429 4499
-3261 33 162 22923 -11840 4147
-3366 66 10 19726 -11457 3453
-3759 12 -804 17185 -5694 1451
-4134 -145 -1664 17215 -530 10
-4758 -929 -3222 18911 2908 -870
-5976 -2739 -4872 19580 181 -53
-7213 -4222 -5720 15460 -5689 4828
-8845 -5992 -5987 6254 -5977 12237
-11773 -8926 -4951 -21584 9674 31070
-14135 -10416 -3518 -32768 32767 32767
-14743 -11630 -3676 -32768 32767 32767
-13360 -13681 -4242 -32768 32767 32767
-12604 -14954 -3680 -32768 32767 32767
-12357 -16014 -542 -32768 32767 32767
-13138 -16473 1731 -32768 32767 32767
-13143 -16571 5747 -32768 32767 32767
-13748 -18121 5830 -32768 32767 32767
-13500 -17802 4724 -32768 32767 32767
-12819 -16217 5443 -32768 32300 32767
-10164 -14075 6616 -32768 32767 32767
-7668 -13165 6521 -32768 32767 32767
-4578 -11866 6134 -32768 32767 32767
-2840 -11233 6001 -32768 26687 32767
-1475 -9494 5400 -32768 21785 32767
-152 -8472 4065 -25443 22260 32767
865 -7793 3358 -14414 21994 28562
1904 -6633 2824 -5725 17678 12466
2259 -5444 2554 -1564 14500 4239
2330 -4724 2387 3219 12767 -3968
1930 -3740 2015 7228 13410 -9542
1192 -2916 1941 9101 14432 -13077
557 -2540 1975 10598 14754 -19087
-194 -1849 1777 11757 13432 -25178
-432 -1439 1619 12641 12811 -28272
-690 -859 1496 13462 12156 -31268
-1102 -586 1591 13514 10985 -32430
-1528 -386 1421 14050 7129 -32768
-1907 -155 1204 15680 4562 -32768
-2344 159 866 17256 4289 -32768
-2906 291 870 19032 3968 -32768
-3368 -287 1051 18082 -1496 -32768
-3294 -141 1253 15397 -6578 -31261
-3162 114 1256 9953 -10565 -28297
-3080 14 1083 6770 -9302 -26622
-3124 65 854 3997 -4343 -25460
-3015 14 601 3485 -1311 -25096
-2958 61 488 4143 235 -25223
-2880 66 535 5366 -1054 -25846
-2774 54 616 6222 -2686 -26526
-2663 64 660 7478 -5798 -27249
-2528 -227 772 8169 -7305 -27516
-2545 -408 916 8910 -7416 -27979
-2542 -454 1037 9911 -5835 -28459
-2505 -564 1106 10906 -4526 -28694
-2492 -702 1144 12948 -3343 -28798
-2382 -832 1050 14802 -3508 -28671
-2295 -843 974 18220 -5073 -28231
-2121 -872 896 20684 -6592 -27863
-1996 -923 842 24312 -8489 -27200
-1732 -1044 889 27466 -8569 -26438
-1534 -1157 908 29264 -7502 -26025
-1514 -1283 861 31781 -5413 -26081
-1561 -1641 842 32767 -4173 -26649
-1572 -1860 883 32767 -2779 -28293
-1892 -2058 856 32767 -3146 -30241
-2209 -2290 774 32767 -6186 -32768
-2321 -2530 793 32767 -10229 -32768
-2352 -2782 802 32767 -11952 -32768
-2265 -3057 682 32767 -12098 -32768
-2200 -3211 794 32767 -8403 -32768
-2152 -3501 677 32767 -2553 -32768
-2077 -3631 551 32767 1973 -32768
-2182 -3553 484 32767 8006 -32768
-2389 -3589 421 32767 10421 -32709
-2560 -3790 495 32767 11292 -31727
-2706 -3880 513 32767 9896 -31231
-2708 -3789 508 32767 6461 -30436
-2617 -3677 681 32767 4758 -29755
-2573 -3587 695 32767 3336 -28646
-2589 -3285 589 32767 2999 -28096
-2632 -3211 507 32767 3266 -27398
-2609 -3089 326 32767 3515 -26870
-2610 -2979 229 32767 3844 -25829
-2604 -2768 202 32767 4110 -24450
-2638 -2539 233 32767 4030 -23411
-2643 -2463 249 32767 3397 -21373
-2537 -2331 364 32767 2528 -18872
-2566 -2109 309 31491 1555 -17291
-2624 -1973 266 29423 208 -15383
-2745 -1854 201 28193 -39 -14420
-2788 -1751 115 26961 641 -13230
-2864 -1521 6 26218 1795 -12004
-2871 -1291 -60 25769 2411 -11096
-2858 -1077 -36 24728 2859 -9532
-2951 -745 -10 23689 2673 -8421
-2944 -541 15 21735 2540 -6323
-2908 -324 36 20408 2886 -4584
-2928 -235 59 18591 4139 -1794
-2930 -193 127 17015 4896 1206
-3051 -119 53 16475 4277 3011
-3003 -38 -1 16698 3894 5702
-3152 -41 -94 17593 5450 7069
-3296 -59 -214 20239 9980 8001
-3670 43 -580 22385 12119 7667
-3788 410 -415 22546 8485 6119
-3777 678 342 16928 -1903 4557
-3585 633 487 11811 -7992 4142
-3752 274 -571 7188 -11269 3743
-4559 -358 -2789 7996 -7935 3024
-5351 -1180 -4207 12947 1928 2012
-6554 -3242 -5565 13987 6909 5537
-8602 -6219 -5654 7743 3448 11798
-11238 -8603 -5164 -14630 2803 26413
-14953 -10993 -3806 -32768 20335 32767
-15706 -11854 -3787 -32768 32767 32767
-13940 -13628 -3780 -32768 32767 32767
-13278 -15058 -3517 -32768 32767 32767
-13347 -17359 -1583 -32768 32767 32767
-13663 -18480 780 -32768 32767 32767
-15638 -17587 -1834 -32768 32767 32767
-16466 -17980 4198 -32768 32767 32767
-15012 -18921 6088 -32768 32767 32767
-14318 -18627 5773 -32768 32767 32767
-13139 -17393 7263 -32768 13645 32767
-10285 -14966 9134 -32768 24021 32767
-7129 -13063 8220 -32768 32767 32767
-3862 -12083 6980 -32768 32767 32767
-1837 -11193 6163 -32768 30118 32767
186 -9612 5142 -28638 30376 32767
979 -8619 4418 -17327 32767 32767
1760 -7225 3630 -9937 32767 32767
2364 -6373 3497 -1049 31263 23492
2732 -5547 3677 3947 26916 14338
2394 -4158 3470 6440 17469 4275
2106 -3108 3108 7339 12573 -2221
1902 -2558 2838 7865 10228 -10569
1427 -1929 2447 7906 9950 -15295
1078 -1572 2298 7596 8909 -20989
675 -1163 2069 7360 7769 -23361
327 -1007 1990 6762 6533 -25506
-331 -1244 2002 5700 2981 -28358
-1214 -476 1647 5048 -988 -31986
-1376 -259 1573 4377 -3234 -32768
-1519 -110 1349 4462 -2559 -32768
-1684 171 1085 4808 -661 -32768
-1826 164 1068 5089 1468 -32768
-2067 -50 1001 5207 520 -32768
-2431 -184 803 5818 -3362 -32768
-2737 -168 796 6576 -5093 -32768
-3216 -97 831 7112 -4568 -32768
-3412 33 893 7745 -2702 -32462
-3477 -44 974 8074 -803 -30798
-3454 -162 965 8345 572 -29683
-3389 -45 937 9066 2359 -28095
-3267 -86 913 10001 2596 -26541
-3201 -147 928 10621 2195 -25670
-3156 -130 923 11480 1530 -24930
-3133 -155 998 11902 852 -24809
-3094 -233 1083 12392 -502 -25174
-2978 -203 1093 12787 -1542 -25530
-2842 -139 1039 13711 -3170 -25738
-2532 -154 921 15167 -4524 -25159
-2175 -234 831 17137 -5083 -23757
-1916 -295 753 18679 -5156 -22557
-1703 -420 721 20942 -5069 -21188
-1687 -743 918 21932 -4865 -21078
-2049 -800 847 23176 -5134 -22828
-2180 -922 899 23887 -5097 -25395
-1995 -1295 909 24228 -5378 -26748
-1986 -1420 722 25278 -6270 -28446
-1720 -1457 725 26521 -5154 -29295
-1469 -1606 661 27603 -3822 -29313
-1466 -1821 718 29386 -1824 -29201
-1535 -2167 649 30802 -1218 -29206
-1590 -2366 571 32767 -1662 -29481
-1774 -2736 598 32767 -2756 -30313
-1833 -3000 597 32767 -3251 -30828
-1763 -3324 625 32767 -2007 -31185
-1686 -3287 628 32767 136 -31239
-1748 -3335 644 32767 3724 -31344
-1922 -3555 786 32767 6551 -31866
-2177 -3658 832 32767 7093 -32535
-2330 -3819 836 32767 5715 -32768
-2502 -3807 808 32767 3649 -32768
-2582 -3748 775 32767 379 -32768
-2567 -3721 784 32767 -687 -32768
-2502 -3610 792 32767 645 -32768
-2530 -3393 700 32767 2803 -32768
-2567 -3292 580 32767 5134 -32718
-2626 -3159 455 32767 5145 -31358
-2702 -3174 421 32767 3471 -29216
-2777 -2868 352 32767 1991 -27875
-2875 -2599 319 32767 260 -26039
-2893 -2431 301 32767 -519 -24621
-2886 -2280 233 32767 -902 -22204
-2916 -2062 185 32220 -518 -20626
-2956 -1830 99 30577 499 -18187
-3013 -1613 24 29447 1055 -16570
-3118 -1432 7 27613 916 -14340
-3125 -1239 -34 25758 -55 -11951
-3072 -970 -84 24567 -450 -10232
-3071 -795 -86 22839 411 -7535
-3141 -552 -80 21151 2912 -5144
-3250 -335 -50 20126 5131 -3871
-3250 -210 -37 18764 8455 -2034
-3203 -63 -13 18026 9880 -595
-3166 29 -55 17289 9765 2093
-3165 177 -176 17350 8124 4995
-3254 183 -286 17901 7659 6623
-3494 99 -374 18654 7934 7658
-3855 373 -462 19289 7103 7843
-4078 732 -333 17465 3254 5942
-4476 1193 -367 13786 32 2663
-4725 1159 -932 12258 95 1059
-5166 -96 -2706 13383 -213 1146
-6248 -2075 -4838 15362 -2202 3437
-7096 -3667 -5608 13710 -2684 11789
-9023 -6230 -5647 6208 -1656 20474
-11052 -8060 -5365 -15844 7246 32767
-14484 -10901 -3473 -32768 25598 32767
-15533 -12064 -3038 -32768 32767 32767
-14374 -14498 -3301 -32768 32767 32767
-13327 -15798 -2846 -32768 32767 32767
-13243 -16388 -1234 -32768 32767 32767
-14330 -17501 1648 -32768 32767 32767
-13302 -18243 3515 -32768 32767 32767
-15089 -18653 5793 -32768 32767 32767
-15336 -19834 5990 -32768 32767 32767
-15270 -19938 5947 -32768 32767 32767
-13194 -17882 7283 -32768 19797 32767
-9990 -15362 8165 -32768 24961 32767
-7882 -13998 7780 -32768 32767 32767
-5639 -13015 7128 -32768 32767 32767
-3185 -11145 6821 -30909 29182 32767
-1199 -10314 6323 -24004 24630 32767
1052 -9176 4790 -17656 26916 32767
1894 -8288 4072 -7853 30398 32767
2856 -7106 3767 -3021 30764 28218
3239 -6238 3712 801 27012 12863
3359 -4882 3297 2095 22166 3297
3288 -3971 2835 4139 15491 -8617
3088 -2947 2197 6431 11950 -16135
2813 -2447 1959 7621 10324 -19211
1808 -1930 1806 8568 6555 -23441
503 -1792 1646 8701 3735 -26462
-149 -1673 1624 7877 1943 -30942
-1052 -1241 1558 6010 2712 -32768
-1329 -744 1660 4544 4141 -32768
-1579 -450 1659 3126 5169 -32768
-1933 -57 1533 3043 5139 -32768
-2271 216 1396 3968 4377 -32768
-2731 330 1259 4961 2157 -32768
-2910 150 978 6673 -4589 -32768
-3002 114 932 7886 -10147 -31096
-3041 72 939 8255 -10684 -28632
-3046 119 1032 8057 -7203 -25741
-3084 306 1087 7587 -2936 -24319
-3071 447 1114 7320 -1189 -24119
-2999 473 1174 6928 74 -24386
-2823 325 1150 6890 -174 -24528
-2660 207 1089 7436 -2120 -24469
-2497 -23 1111 7965 -4214 -24403
-2503 -147 1049 8936 -7532 -24813
-2440 -206 1040 9716 -8825 -25711
-2369 -203 1247 9845 -7979 -26465
-2270 -303 1377 9641 -5101 -27484
-2177 -471 1581 9463 -2100 -28515
-2102 -572 1618 9722 -924 -29179
-1846 -753 1662 10783 -3313 -30240
-1882 -922 1389 12054 -6857 -31098
-1607 -1084 1544 13923 -11326 -31762
-1545 -1413 1314 16880 -12962 -32768
-1828 -1606 942 19635 -11971 -32768
-1921 -1735 900 23930 -7101 -32768
-1968 -1898 855 26720 -2927 -32768
-1928 -1945 854 30466 2025 -32768
-1738 -1988 826 32767 4301 -32768
-1614 -2251 922 32767 4287 -32768
-1583 -2515 957 32767 2691 -32768
-1648 -2957 908 32767 1177 -32768
-1975 -3369 891 32767 -169 -32768
-2308 -3769 1110 32767 622 -32768
-2650 -3715 881 32767 1339 -32768
-2710 -3651 741 32767 2881 -32768
-2723 -3711 656 32767 4435 -32768
-2857 -3791 649 32767 6617 -32768
-2897 -2657 135 32767 5894 -22623
-2852 -2347 71 32767 5865 -20875
-2785 -2233 69 32767 5479 -19325
-2693 -2027 95 32190 4717 -17586
-2713 -1807 56 30176 2705 -15055
-2707 -1781 69 28003 1113 -12748
-2797 -1445 14 26497 814 -11557
-2829 -1231 -60 24413 1516 -10170
-2793 -1008 -11 22357 3458 -8728
-2743 -760 23 21076 4884 -7642
-2744 -653 59 19411 5998 -5746
-2713 -521 108 18508 5817 -4322
-2722 -444 115 17478 4365 -2090
-2776 -314 119 17052 3336 -686
-2799 -246 105 17062 3381 1531
-2856 -130 22 17586 4785 2881
-3042 -161 -79 19242 9065 4424
-3207 -195 -195 21503 12974 5100
-3459 16 -334 22552 12524 5033
-3595 170 -126 21166 5206 4327
-3439 238 460 17963 -1182 4059
-3472 94 567 12073 -7566 3915
-3950 275 -487 9179 -8467 3083
-4585 -482 -2181 9783 -5895 2639
-5371 -1655 -3364 12569 -4249 3361
-6635 -3714 -4713 13179 -4444 6082
-7746 -5442 -5173 8029 -3138 15928
-10379 -8509 -4913 -9767 11744 31972
-13719 -10547 -2870 -30928 32767 32767
-14647 -11886 -2669 -32768 32767 32767
-13276 -13720 -2833 -32768 32767 32767
-12165 -14667 -2737 -32768 32767 32767
-11911 -15730 -1550 -32768 32767 32767
-12496 -17329 1441 -32768 32767 32767
-13269 -18126 3064 -32768 32767 32767
-12397 -18212 7428 -32768 32767 32767
-12305 -18225 7047 -32768 32767 32767
-12557 -18192 5448 -32768 32767 32767
-11477 -17224 5823 -32768 32767 32767
-9562 -14930 7145 -32768 32128 32767
-7958 -13274 7350 -32768 24234 32767
-5189 -11471 6695 -32768 25689 32767
-2984 -10284 5876 -32768 27911 32767
-1720 -9431 5385 -25933 25388 32767
-250 -8387 4642 -20132 19739 32767
418 -7644 4072 -12665 13535 32767
1510 -6779 3132 -6462 15979 30714
2239 -5820 2490 -1478 20864 18967
2738 -4697 2210 1438 21782 12462
2870 -4052 2195 4760 19274 4522
2662 -3236 2187 6195 15881 -467
2291 -2758 2191 7368 9782 -8906
1523 -2212 2006 7975 6122 -15320
844 -1755 1851 8457 3580 -24680
365 -1631 1834 8269 4460 -32045
-486 -1447 1778 8208 5308 -32768
-971 -1234 1592 9205 4670 -32768
-1397 -1027 1422 10417 3424 -32768
-1821 -596 1240 12244 2134 -32768
-2307 -369 1261 12919 2451 -32768
-2556 -412 1307 12436 2653 -32768
-3000 -204 1327 11264 1777 -32768
-3161 -62 1272 9039 661 -32085
-3390 17 1074 7518 2025 -30523
-3594 2 855 7119 4275 -29994
-3659 32 810 6812 7000 -29401
-3565 93 897 6491 6599 -28602
-3519 181 861 6395 4086 -27771
-3415 339 852 6767 -342 -26607
-3290 457 842 7581 -2899 -25636
-3263 384 904 8148 -3578 -25170
-3197 293 974 8667 -3620 -24528
-3148 166 981 8939 -3734 -24138
-3132 -4 930 9323 -4236 -23795
-3104 51 824 9715 -4063 -23846
-3036 90 754 10418 -3169 -23938
-2796 87 805 10691 -2795 -23658
-2641 101 889 10595 -3161 -22516
-2354 84 1014 10315 -4015 -20771
-2176 -17 964 10491 -5017 -19511
-2049 -77 810 11888 -7174 -17719
-1824 -212 576 13632 -8345 -16633
-1679 -309 546 16810 -8596 -15379
-1452 -451 586 20448 -7194 -15122
-1636 -619 521 22970 -5794 -15881
-1804 -747 598 26161 -4181 -18244
-1876 -921 762 27692 -3744 -20171
-1875 -1078 730 29320 -3614 -22756
-1697 -1339 820 30028 -3147 -24298
-1581 -1468 830 30280 -2225 -24806
-1427 -1545 792 30545 -1009 -24960
-1405 -1652 774 31260 632 -24858
-1395 -1965 605 32767 1277 -24337
-1265 -2381 569 32767 1758 -23772
-1311 -2632 545 32767 2385 -23652
-1625 -2693 386 32767 1983 -24547
-1764 -2732 423 32767 944 -26767
-1849 -3121 684 32767 800 -29007
-1982 -3416 778 32767 484 -30439
-2109 -3307 791 32767 -851 -32557
-2133 -3248 871 32767 -1478 -32768
-2159 -3388 1020 32767 -936 -32768
-2182 -3619 1093 32767 720 -32768
-2446 -3495 923 32767 1281 -32768
-2626 -3232 701 32767 1353 -32768
-2708 -3074 562 32767 2136 -32768
-2753 -2924 552 32767 2876 -32768
-2833 -2761 563 32767 3290 -31576
-2884 -2624 674 32767 3113 -29795
-2906 -2568 719 32767 2306 -26144
-3118 -2226 649 32767 1591 -23580
-3300 -2040 558 32767 506 -20117
-3560 -1879 516 32767 -334 -17925
-3646 -1760 446 32767 -1585 -14637
-3710 -1508 328 32767 -1652 -11180
-3748 -1188 251 32767 -188 -8939
-3762 -884 188 32767 4660 -5836
-3833 -594 65 32767 8920 -3984
-3884 -456 -58 32767 14537 -1720
-4240 -22 -493 32767 14303 -1117
-4559 778 -711 32767 2784 -2097
-4633 1460 -605 32767 -7411 -3470
-4674 898 -1005 32767 -14477 -4832
-5402 -170 -2826 32343 -12157 -5483
-6191 -1406 -4533 32518 -7984 -4539
-6690 -2953 -5273 29559 -4136 690
-8121 -5746 -5906 23091 -4442 6770
-9848 -7826 -6046 4569 859 19203
-13694 -10552 -5032 -14508 14859 29281
-14774 -10892 -4954 -32768 32767 32767
-13976 -14056 -4887 -32768 32767 32767
-13367 -15290 -4226 -32768 32767 32767
-13096 -16004 -3198 -32768 32767 32767
-12804 -17108 -563 -32768 32767 32767
-13266 -17933 2725 -32768 32767 32767
-12487 -17073 7533 -32768 32767 32767
-13431 -18192 7316 -32768 32767 32767
-13562 -18451 5804 -32768 32767 32767
-12858 -17977 6534 -32768 32767 32767
-12123 -16344 7264 -32768 23884 32767
-9328 -14154 7964 -32768 30811 32767
-6375 -12502 7231 -32768 32767 32767
-4849 -11823 6655 -32768 32300 32767
-2256 -10613 6063 -23786 30545 32767
-416 -9489 5103 -18606 28974 32767
266 -8752 4365 -11030 25886 32767
1400 -7636 3460 -4616 25111 31535
2531 -6543 3257 -2075 24957 21081
2889 -5663 2958 466 21896 7338
3199 -4388 2593 1593 19258 -274
3178 -3619 2421 2675 15778 -9361
2705 -2758 2231 3151 13336 -14561
2156 -2299 2124 4018 10103 -22334
1209 -1860 1934 4746 8841 -27226
578 -1793 1890 5836 8501 -32768
-570 -1424 1767 6389 7789 -32768
-1100 -1147 1735 6874 5467 -32768
-1616 -671 1692 6862 3704 -32768
-1914 -292 1644 6438 2273 -32768
-2474 -48 1615 5901 1115 -32768
-3148 -36 1274 6165 -1331 -32768
-3427 103 1086 7460 -5336 -32768
-3544 209 970 8455 -5798 -32768
-3610 259 935 9851 -3053 -30720
-3691 265 980 10504 1483 -27467
-3662 189 1083 10260 4078 -25430
-3481 -129 1199 9639 5387 -23529
-3481 105 1107 8736 5080 -22131
-3388 301 946 8542 4077 -22054
-3328 167 843 8824 3603 -22361
-3261 94 824 9320 3350 -22657
-3051 25 922 9453 3612 -22405
-2836 -20 1084 9207 3115 -21115
-2634 -201 886 10373 -1163 -19932
-2754 14 465 12435 -4234 -20370
-2856 114 267 16538 -7262 -22575
-2809 -89 237 20592 -8860 -25000
-2648 74 211 22896 -8828 -26416
-2407 436 13 26486 -7245 -27863
-2229 812 -456 29404 -5463 -28473
-2411 671 -612 32767 -2098 -28416
-2535 -123 -400 32767 920 -27002
-2514 -717 -22 32767 6897 -22642
-2787 -2095 1426 32767 12160 -17241
-2606 -1955 2304 28878 13080 -13655
-2329 -1315 2439 20951 9532 -9385
-1614 -906 2202 15970 2534 -5678
-689 -937 2156 14588 -190 -3476
-86 -1070 2213 14789 179 -947
511 -1520 2296 16100 1564 -320
570 -1899 2190 20129 2429 -1863
517 -2383 1821 24330 751 -4259
464 -3071 1400 32193 -5757 -9070
253 -3360 1009 32767 -15777 -15798
-199 -3643 526 32767 -23588 -25128
-962 -4004 338 32767 -24624 -32664
-1724 -4245 232 32767 -21736 -32768
-2664 -4619 120 32767 -17241 -32768
-3316 -5184 241 32767 -14208 -32768
-3582 -5389 304 32767 -11179 -32768
-3707 -5442 277 32767 -10437 -32768
-3946 -5408 164 32767 -10359 -32768
-4614 -5268 -213 32767 -10298 -32768
-5435 -5354 -452 32767 -8511 -32768
-5959 -5290 -607 32767 -2944 -32768
-6229 -4605 -770 32767 2353 -32768
-5971 -4011 -737 32767 9569 -32768
-5266 -3003 -416 32767 11962 -27673
-4879 -2399 -176 32767 9559 -17357
-4571 -1769 -57 28669 564 -8651
-3473 261 -247 21725 -5106 16238
-3573 281 -352 20391 -4510 14761
-3710 408 -514 18362 1532 11799
-13558 -15584 -3689 -32768 32767 32767
-14192 -16968 -1807 -32768 32767 32767
-12411 -17181 3859 -32768 32767 32767
-15281 -20734 6716 -32768 32767 32767
-15115 -20609 6954 -32768 32767 32767
-13501 -21194 7184 -32768 30445 32767
-11819 -19611 7646 -32768 21100 32767
-9717 -17899 8413 -32768 28613 32767
-6511 -15538 8211 -32768 32767 32767
-3815 -13414 6797 -32768 32767 32767
-2187 -11658 6171 -27486 32767 32767
0 -10602 5303 -13767 32767 32767
882 -9201 4370 -5807 32767 32767
1466 -8408 4029 3395 31570 32767
2371 -7023 3629 8566 30259 24265
2878 -5981 3530 9591 29741 16718
2909 -5096 3340 9558 26314 6123
2766 -3954 2883 9815 21558 -3631
2480 -3057 2565 10125 19063 -9245
2062 -2619 2435 10088 14153 -17007
1058 -2124 2189 9196 7860 -25778
357 -1514 1915 8182 5308 -31462
-31 -1232 1717 6585 5255 -32768
-905 -968 1496 5586 6939 -32768
-1264 -800 1352 4612 9630 -32768
-1550 -628 1080 4977 9997 -32768
-2202 -315 885 5923 9298 -32768
-2578 -136 870 7937 9468 -32768
-3118 -56 645 9801 10718 -32768
-3542 -75 381 11428 3182 -22956
-3425 -86 354 12821 -1694 -21049
-3243 51 394 14921 -5648 -19925
-3010 35 310 17746 -8046 -19290
-2799 -42 335 19679 -8516 -19195
-2661 -86 460 21836 -7446 -19386
-2490 -164 714 22644 -6325 -19591
-2317 -256 845 23040 -5393 -19666
-1966 -366 1049 22889 -6093 -19338
-1645 -446 1129 22814 -7910 -19084
-1519 -604 1109 23061 -12513 -19033
-1421 -898 1088 23428 -15864 -19353
-1391 -1091 835 24909 -20392 -20501
-1436 -1223 686 26874 -22583 -22810
-1499 -1432 572 28242 -22357 -24851
-1468 -1755 656 29773 -19731 -27989
-1570 -2042 793 30463 -14912 -31344
-1725 -2274 898 30660 -9966 -32768
-1568 -2613 760 30990 -7541 -32768
-1503 -2737 752 31951 -3395 -32768
-1337 -3092 628 32767 992 -32768
-1568 -3116 171 32767 3692 -32768
-1743 -3115 153 32767 6358 -32768
-2006 -3416 88 32767 7503 -32768
-2052 -3583 581 32767 8110 -32768
-2050 -3673 717 32767 8622 -32768
-2051 -3671 821 32767 8520 -32768
-2093 -3680 927 32767 7968 -32768
-2312 -3678 914 32767 6439 -32768
-2621 -3659 860 32767 4951 -32768
-2795 -3624 844 32767 2458 -32768
-2913 -3554 839 32767 605 -32768
-3094 -3263 724 32767 -136 -32768
-3208 -3048 669 32767 65 -31932
-3297 -2910 701 32767 917 -30432
-3363 -2770 724 32767 2414 -27186
-3470 -2458 704 32767 2939 -24629
-3543 -2276 683 32767 3901 -20585
-3652 -1799 562 32767 4933 -17930
-3749 -1511 465 32767 7349 -14254
-3852 -1176 400 32767 8370 -11930
-4026 -925 217 32767 8042 -8811
-4051 -754 149 32767 8419 -6660
-3939 -869 196 32767 11189 -2852
-4058 -677 -305 32767 11315 -624
-4328 -376 -793 32767 3927 965
-4439 -210 -963 32767 -4289 1003
-4484 -383 -873 32767 -11468 433
-4718 -188 -1487 32767 -9820 -679
-5352 -1008 -2914 31764 -4754 -1158
-6052 -1985 -4120 30071 4056 -896
-7550 -4285 -5790 25839 4480 2678
-9205 -6702 -6264 17298 1414 8825
-10696 -8456 -5800 -8727 3160 25356
-13531 -10417 -4101 -32768 29727 32767
-15042 -12325 -4070 -32768 32767 32767
-14228 -13954 -4204 -32768 32767 32767
-12482 -15681 -2905 -32768 32767 32767
-12320 -17028 -758 -32768 32767 32767
-13263 -17840 1081 -32768 32767 32767
-13325 -18100 7871 -32768 32767 32767
-12795 -18516 8547 -32768 32767 32767
-12714 -18589 6163 -32768 32767 32767
-12336 -18580 5996 -32768 32767 32767
-11169 -17295 7010 -32768 26915 32767
-8151 -14856 8017 -32768 28375 32767
-5428 -13208 7329 -32768 29063 32767
-3957 -12085 6397 -32768 28184 32767
-1738 -10927 5372 -27422 29639 32767
-153 -9708 4707 -20020 31397 32767
609 -8959 4306 -10173 32411 32767
1445 -7744 3802 -1373 29658 32767
2135 -6451 3782 2648 26757 27732
2401 -5468 3707 5420 23369 15597
2560 -4301 3359 5910 21921 8016
2291 -3266 2871 5834 18620 -3173
2071 -2668 2511 5837 13502 -13075
1752 -2011 2194 5772 8947 -20576
1235 -1525 1977 5606 6871 -24605
751 -1257 1850 5041 5490 -29993
25 -1003 1731 4458 5907 -32768
-589 -903 1823 3355 7201 -32768
-1569 -780 1606 3407 6307 -32768
-2009 -582 1448 4875 3301 -32768
-2339 -314 1255 6473 1654 -32768
-2628 -137 1123 9040 293 -32768
-3186 -325 1249 10304 4 -32768
-3417 -528 1213 11649 -2608 -32768
-3457 -383 1095 12331 -5168 -32768
-3337 -280 1140 12831 -5887 -28514
-3441 -115 1181 12909 -3682 -25407
-3788 -182 1160 12929 1712 -23044
-3812 -323 1156 12963 6021 -22537
-3674 -325 1112 13079 6786 -22650
-3457 -49 989 13504 5120 -23257
-3233 -57 949 14057 1744 -23230
-2808 -140 931 14352 -1423 -22567
-2506 -98 843 14699 -7531 -21161
-2329 -112 862 14943 -12512 -19866
-2134 -295 930 15158 -13808 -19500
-2040 -349 974 15698 -13042 -20029
-1944 -523 979 16265 -11427 -21056
-1783 -680 1115 16950 -8159 -22809
-1648 -906 1212 18272 -5713 -24948
-1771 -1070 950 20025 -4932 -26658
-1892 -1194 737 23914 -4503 -29571
-1833 -1397 625 28259 -3947 -31832
-1662 -1519 652 30996 -3383 -32598
-1574 -1602 674 32767 -2677 -32633
-1508 -1866 767 32767 -2519 -32221
-1547 -2131 829 32767 -2719 -31509
-1570 -2640 919 32767 -2896 -31166
-1619 -2886 970 32767 -3079 -31266
-1764 -3010 745 32767 -3256 -32257
-1812 -3183 607 32767 -3166 -32768
-1936 -3422 576 32767 -2712 -32768
-2107 -3670 643 32767 -1992 -32768
-2167 -3845 706 32767 -381 -32768
-2231 -4134 805 32767 317 -32768
-2469 -4039 744 32767 425 -32768
-2835 -3958 617 32767 1265 -32768
-2910 -3653 463 32767 1972 -32768
-2968 -3523 445 32767 2425 -32768
-3080 -3308 372 32767 2189 -32768
-3185 -3158 398 32767 1754 -32768
-3225 -2933 449 32767 1626 -31631
-3264 -2734 421 32767 1306 -28214
-3428 -2412 313 32767 796 -24590
-3651 -2126 217 32767 632 -22264
-3777 -1914 162 32767 -192 -18892
-3901 -1682 27 32767 -1360 -16595
-3985 -1600 -18 32767 -2688 -13141
-4145 -1312 -119 32767 -2252 -11007
-4190 -1136 -167 32767 1233 -7729
-4116 -1035 -151 32767 7542 -4021
-4073 -868 -328 32767 11808 -1502
-4063 -763 -491 32767 15509 1881
-3987 -368 -717 32767 13900 3629
-3871 -126 -708 32767 5287 5366
-3641 -211 -383 31733 -1550 6127
-3670 -377 -335 27058 -7733 6652
-3766 -378 -643 22218 -6952 6113
-4116 -803 -1588 20031 -3376 5249
-4398 -1307 -2475 18794 2526 4043
-5075 -2616 -3766 18209 4138 3763
-5621 -3668 -4404 14070 774 5780
-7273 -5799 -5123 7547 -2477 9318
-9430 -7654 -4956 -10118 6751 18018
-13042 -10452 -3790 -32768 32767 32260
-13363 -11607 -3336 -32768 32767 32767
-12441 -12607 -3248 -32768 32767 32767
-12131 -14219 -2847 -32768 32767 32767
-12120 -15576 -1896 -32768 32767 32767
-12298 -17322 757 -32768 32767 32767
-11905 -15895 5464 -32768 32767 32767
-12485 -17532 7158 -32768 32767 32767
-12827 -17559 6948 -32768 32767 32767
-12803 -17352 5691 -32768 32767 32767
-11676 -16407 5748 -32768 30721 32767
-10797 -15222 6451 -32768 15900 32767
-8557 -13206 7227 -32768 22385 32767
-5794 -11627 6385 -32768 25637 32767
-4055 -10849 5323 -32768 25112 32767
-1903 -9803 4441 -32768 24298 32767
-592 -8669 3405 -23796 23768 32767
-136 -7822 3078 -14515 25350 32767
736 -6673 2622 -8961 27550 32767
1343 -5954 2478 -1687 30001 26065
1779 -4774 2565 3106 29100 16839
1834 -3665 2629 4796 27844 10908
1794 -3012 2556 5731 27083 2462
1684 -2300 2434 5719 27105 -5391
1139 -1697 2008 6245 26094 -13658
704 -1227 1808 6666 25397 -18616
459 -1014 1763 7020 24499 -24217
-63 -1032 1752 6893 22302 -28242
-484 -974 1664 6787 19839 -30805
-1123 -854 1451 6777 15625 -32768
-1543 -874 1199 6892 13042 -32768
-1732 -893 1005 7291 9339 -32768
-2202 -869 622 8119 6293 -32768
-2509 -915 436 8686 5249 -32768
-2734 -961 355 9283 4824 -32768
-3130 -1141 327 9425 4676 -32768
-3360 -1410 293 9257 4696 -32768
-3674 -1306 228 8610 4730 -32768
-3868 -1108 127 7971 4418 -32768
-4133 -1094 17 6775 4469 -32768
-4102 -1054 22 5906 5225 -32768
-4078 -1035 5 4725 6223 -32768
-4001 -1043 -37 4110 6172 -32768
-3929 -993 -55 3240 4983 -32768
-3979 -855 -160 2771 3746 -32768
-3991 -761 -217 2467 2152 -32768
-4031 -716 -250 2325 1643 -32768
-4024 -735 -171 1954 2462 -30405
-3885 -809 86 957 4907 -27678
-3822 -627 124 161 5876 -26016
-3793 -483 36 -738 4881 -23765
-3693 -396 32 -1323 3066 -21467
-3519 -348 32 -1441 2000 -19641
-3372 -200 -6 -1019 671 -16869
-3282 -113 -17 -326 85 -14982
-3155 -100 -44 1398 70 -11867
-2980 -56 -106 3746 390 -8517
-2786 -8 -169 5440 597 -6240
-2660 24 -193 7942 1050 -2984
-2493 67 -190 9366 1281 -1058
-2480 97 -222 11121 1079 1198
-2423 116 -224 12013 676 2340
-2384 105 -222 12865 -65 3667
-2389 44 -207 13303 -519 4569
-2325 -78 -178 13421 -580 5126
-2309 -103 -166 13316 -488 5913
-2248 -122 -142 12911 -271 6772
-2185 -119 -107 12539 -57 7416
-2140 -108 -86 11891 188 8389
-2048 -111 -29 11457 315 9148
-1981 -156 32 10898 496 10439
-1888 -258 94 10833 683 11799
-1810 -287 100 11218 724 12665
-1699 -302 83 12498 632 13920
